2010-02-15 00:04:33,12,29,18.3,78,-3.4,1006.4,0.0,0.0,10,701.7,0
2010-02-15 00:16:33,12,29,18.2,79,-3.4,1006.4,0.0,0.0,10,701.7,0
2010-02-15 00:28:33,12,29,18.0,79,-3.4,1006.3,0.3,1.0,2,701.7,0
2010-02-15 00:40:33,12,29,17.9,79,-3.4,1006.3,0.0,0.0,12,701.7,0
2010-02-15 00:52:33,12,29,17.8,79,-3.5,1006.1,0.0,0.0,10,701.7,0
2010-02-15 01:04:33,12,29,17.7,79,-3.5,1006.1,0.0,0.3,0,701.7,0
2010-02-15 01:16:33,12,29,17.6,79,-3.5,1005.9,0.0,0.0,0,701.7,0
2010-02-15 01:28:33,12,29,17.5,79,-3.5,1005.9,0.0,0.0,10,701.7,0
2010-02-15 01:40:33,12,30,17.4,79,-3.5,1005.8,0.0,0.7,10,701.7,0
2010-02-15 01:52:33,12,29,17.3,79,-3.5,1005.7,0.0,0.0,4,701.7,0
2010-02-15 02:04:33,12,29,17.2,79,-3.6,1005.8,0.0,0.0,4,701.7,0
2010-02-15 02:16:33,12,29,17.1,80,-3.5,1005.5,0.0,0.0,6,701.7,0
2010-02-15 02:28:33,12,29,17.0,80,-3.6,1005.5,0.0,0.0,4,701.7,0
2010-02-15 02:40:33,12,30,16.9,80,-3.6,1005.4,0.0,0.0,4,701.7,0
2010-02-15 02:52:33,12,30,16.9,80,-3.6,1005.3,0.0,0.0,4,701.7,0
2010-02-15 03:04:33,12,30,16.8,80,-3.6,1005.4,0.0,0.0,4,701.7,0
2010-02-15 03:16:33,12,30,16.7,80,-3.7,1005.5,0.0,0.0,4,701.7,0
2010-02-15 03:28:33,12,30,16.6,80,-3.7,1005.1,0.0,0.0,4,701.7,0
2010-02-15 03:40:33,12,30,16.5,80,-3.7,1005.3,0.0,0.0,4,701.7,0
2010-02-15 03:52:33,12,30,16.5,80,-3.7,1005.1,0.0,0.0,4,701.7,0
2010-02-15 04:04:33,12,30,16.4,80,-3.7,1005.2,0.0,0.0,4,701.7,0
2010-02-15 04:16:33,12,30,16.3,80,-3.7,1005.2,0.0,0.0,4,701.7,0
2010-02-15 04:28:33,12,30,16.3,80,-3.7,1005.2,0.0,0.0,4,701.7,0
2010-02-15 04:40:33,12,30,16.2,81,-3.7,1005.1,0.0,0.0,4,701.7,0
2010-02-15 04:52:33,12,30,16.2,81,-3.7,1004.9,0.0,0.7,12,701.7,0
2010-02-15 05:04:33,12,30,16.1,81,-3.7,1004.9,0.0,0.3,8,701.7,0
2010-02-15 05:16:33,12,30,16.1,81,-3.7,1004.9,0.0,0.0,8,701.7,0
2010-02-15 05:28:33,12,30,16.0,81,-3.7,1005.0,0.0,0.0,10,701.7,0
2010-02-15 05:40:33,12,30,16.1,81,-3.7,1004.9,0.0,0.0,10,701.7,0
2010-02-15 05:52:33,12,30,16.1,81,-3.8,1004.8,0.0,0.0,2,701.7,0
2010-02-15 06:04:33,12,30,16.3,81,-3.7,1005.0,0.0,0.0,10,701.7,0
2010-02-15 06:16:33,12,30,16.4,81,-3.8,1004.8,0.0,0.0,10,701.7,0
2010-02-15 06:28:33,12,30,16.5,81,-3.7,1004.9,0.0,0.0,10,701.7,0
2010-02-15 06:40:33,12,30,16.7,81,-3.7,1005.0,0.0,0.0,6,701.7,0
2010-02-15 06:52:33,12,30,16.9,81,-3.7,1005.0,0.0,0.0,10,701.7,0
2010-02-15 07:04:33,12,30,17.0,81,-3.6,1004.8,0.0,0.0,0,701.7,0
2010-02-15 07:16:33,12,30,17.1,81,-3.4,1004.7,0.0,0.0,2,701.7,0
2010-02-15 07:28:33,12,30,17.3,81,-3.1,1004.8,0.0,0.0,10,701.7,0
2010-02-15 07:40:33,12,30,17.4,81,-2.8,1004.8,0.0,0.0,10,701.7,0
2010-02-15 07:52:33,12,29,17.5,81,-2.5,1004.8,0.0,0.0,10,701.7,0
2010-02-15 08:04:33,12,30,17.7,81,-2.3,1004.8,0.0,0.3,12,701.7,0
2010-02-15 08:16:33,12,30,17.8,80,-1.9,1004.8,0.0,0.3,14,701.7,0
2010-02-15 08:28:33,12,31,18.1,79,-1.5,1004.9,0,0.7,12,701.7,0
2010-02-15 08:40:33,12,31,18.3,79,-1.1,1004.7,0,0.3,10,701.7,0
2010-02-15 08:52:33,12,31,18.7,78,-0.5,1004.8,0.3,1.0,10,701.7,0
2010-02-15 09:04:33,12,31,19.0,77,-0.3,1004.8,0,0.7,10,701.7,0
2010-02-15 09:16:33,12,30,19.4,76,0,1004.6,0,0.7,8,701.7,0
2010-02-15 09:28:33,12,30,19.7,75,0.1,1004.7,0,0.7,8,701.7,0
2010-02-15 09:40:33,12,29,19.9,75,0.5,1004.6,0,0.3,10,701.7,0
2010-02-15 09:52:33,12,29,20.0,73,0.8,1004.5,0.3,0.7,10,701.7,0
2010-02-15 10:04:33,12,28,20.0,73,1.1,1004.5,0,0.3,0,701.7,0
2010-02-15 10:16:33,12,28,19.9,72,1.5,1004.5,0,1.0,10,701.7,0
2010-02-15 10:28:33,12,28,19.8,71,1.5,1004.5,0,0.7,8,701.7,0
2010-02-15 10:40:33,12,28,19.7,70,0.8,1004.5,0.3,1.0,8,701.7,0
2010-02-15 10:52:33,12,28,19.6,70,0.8,1004.4,0.3,1.0,8,701.7,0
2010-02-15 11:04:33,12,28,19.4,70,1.0,1004.2,0.3,1.0,10,701.7,0
2010-02-15 11:16:33,12,28,19.2,69,0.9,1004.1,0.3,0.7,10,701.7,0
2010-02-15 11:28:33,12,28,19.1,70,1.1,1003.9,0.3,1.0,10,701.7,0
2010-02-15 11:40:33,12,28,19.1,69,0.8,1003.8,0,0.7,8,701.7,0
2010-02-15 11:52:33,12,30,19.2,69,1.2,1003.9,0.3,0.7,10,701.7,0
2010-02-15 12:04:33,12,30,19.4,69,1.4,1003.8,0,0.3,8,701.7,0
2010-02-15 12:16:33,12,29,19.7,68,2.0,1003.7,0.3,1.0,6,701.7,0
2010-02-15 12:28:33,12,29,19.7,68,1.9,1003.7,0.7,1.4,10,702.0,0
2010-02-15 12:40:33,12,29,19.7,67,1.7,1003.6,0,0,6,702.0,0
2010-02-15 12:52:33,12,28,19.7,67,1.4,1003.5,0,0.3,12,702.0,0
2010-02-15 13:04:33,12,29,19.6,68,1.5,1003.6,0,0.7,12,702.0,0
2010-02-15 13:16:33,12,28,19.6,67,1.6,1003.5,0.3,0.7,10,702.0,0
2010-02-15 13:28:33,12,28,19.5,67,1.6,1003.4,0,0.3,6,702.0,0
2010-02-15 13:40:33,12,28,19.5,67,1.2,1003.3,0.3,1.0,4,702.0,0
2010-02-15 13:52:33,12,29,19.4,67,0.8,1003.3,0.7,1.4,12,702.0,0
2010-02-15 14:04:33,12,29,19.4,67,0.8,1003.1,0.7,1.4,8,702.0,0
2010-02-15 14:16:33,12,29,19.3,67,1.0,1002.9,0.7,1.4,8,702.0,0
2010-02-15 14:28:33,12,29,19.3,67,1.1,1003.0,0.3,0.7,6,702.0,0
2010-02-15 14:40:33,12,29,19.3,67,0.9,1003.0,0,0.7,10,702.0,0
2010-02-15 14:52:33,12,29,19.2,66,0.7,1002.8,0.3,0.7,12,702.0,0
2010-02-15 15:04:33,12,29,19.2,67,0.8,1002.7,0,0.3,10,702.0,0
2010-02-15 15:16:33,12,29,19.3,66,1.2,1002.6,0,0,4,702.0,0
2010-02-15 15:28:33,12,32,19.4,64,0.7,1002.5,0.3,1.0,3,702.0,0
2010-02-15 15:40:33,12,33,19.6,66,0.4,1002.5,0.7,1.4,10,702.0,0
2010-02-15 15:52:33,12,32,19.8,66,0.2,1002.3,0,0.7,8,702.0,0
2010-02-15 16:04:33,12,32,20.1,66,0,1002.4,0,1.0,10,702.0,0
2010-02-15 16:16:33,12,31,20.3,67,-0.6,1002.2,0,0.3,10,702.0,0
2010-02-15 16:28:33,12,31,20.5,68,-1.1,1002.2,0,0,8,702.0,0
2010-02-15 16:40:33,12,30,20.7,69,-1.7,1002.4,0,0,8,702.0,0
2010-02-15 16:52:33,12,30,20.8,69,-2.5,1002.3,0,0,8,702.0,0
2010-02-15 17:04:33,12,30,21.0,70,-3.0,1002.3,0,0,8,702.0,0
2010-02-15 17:16:33,12,30,21.1,72,-3.6,1002.3,0,0,6,702.0,0
2010-02-15 17:28:33,12,30,21.3,73,-4.0,1002.2,0,0,6,702.0,0
2010-02-15 17:40:33,12,30,21.4,73,-4.5,1002.2,0,0,6,702.0,0
2010-02-15 17:52:33,12,29,21.4,73,-5.0,1002.1,0,0,6,702.0,0
2010-02-15 18:04:33,12,29,21.5,75,-5.2,1002.1,0,0,6,702.0,0
2010-02-15 18:16:33,12,29,21.5,76,-5.0,1002.1,0,0,6,702.0,0
2010-02-15 18:28:33,12,28,21.3,77,-4.6,1002.0,0,0,4,702.0,0
2010-02-15 18:40:33,12,28,21.2,77,-4.3,1001.9,0,0,0,702.0,0
2010-02-15 18:52:33,12,28,21.0,77,-4.1,1001.9,0,0,10,702.0,0
2010-02-15 19:04:33,12,28,20.8,77,-3.9,1001.8,0,0,8,702.0,0
2010-02-15 19:16:33,12,28,20.6,78,-3.7,1001.8,0,0,10,702.0,0
2010-02-15 19:28:33,12,28,20.4,78,-3.5,1001.7,0,0,2,702.0,0
2010-02-15 19:40:33,12,28,20.3,78,-3.5,1001.7,0,0,2,702.0,0
2010-02-15 19:52:33,12,28,20.1,78,-3.6,1001.8,0,0.3,2,702.0,0
2010-02-15 20:04:33,12,28,20.0,79,-3.5,1001.6,0,0,2,702.0,0
2010-02-15 20:16:33,12,28,19.9,79,-3.4,1001.6,0,0,0,702.0,0
2010-02-15 20:28:33,12,28,19.8,79,-3.4,1001.7,0,0,0,702.0,0
2010-02-15 20:40:33,12,28,19.7,79,-3.4,1001.6,0,0,10,702.0,0
2010-02-15 20:52:33,12,28,19.7,79,-3.4,1001.8,0,0,12,702.0,0
2010-02-15 21:04:33,12,28,19.6,79,-3.4,1001.7,0,0,12,702.0,0
2010-02-15 21:16:33,12,29,19.6,79,-3.4,1001.9,0,0,8,702.0,0
2010-02-15 21:28:33,12,29,19.5,80,-3.3,1001.5,0,0.7,14,702.0,0
2010-02-15 21:40:33,12,29,19.5,80,-3.3,1001.7,0,0,8,702.0,0
2010-02-15 21:52:33,12,29,19.4,80,-3.3,1001.6,0,0,8,702.0,0
2010-02-15 22:04:33,12,28,19.3,80,-3.2,1001.6,0,0,8,702.0,0
2010-02-15 22:16:33,12,28,19.2,80,-3.2,1001.7,0,0,12,702.0,0
2010-02-15 22:28:33,12,28,19.1,80,-3.1,1001.5,0,0,8,702.0,0
2010-02-15 22:40:33,12,28,19.1,80,-2.9,1001.5,0,0,4,702.0,0
2010-02-15 22:52:33,12,28,18.9,80,-2.8,1001.5,0,0.3,6,702.0,0
2010-02-15 23:04:33,12,28,18.8,80,-2.7,1001.4,0,0,6,702.0,0
2010-02-15 23:16:33,12,28,18.7,80,-2.6,1001.4,0,0,4,702.0,0
2010-02-15 23:28:33,12,28,18.6,80,-2.5,1001.4,0,0.3,8,702.0,0
2010-02-15 23:40:33,12,28,18.5,80,-2.3,1001.3,0,0.7,4,702.0,0
2010-02-15 23:52:33,12,28,18.4,79,-2.3,1001.3,0,0,6,702.0,0
