2010-02-09 00:04:19,12,27,18.3,79,-5.5,1004.1,0,0,0,701.4,0
2010-02-09 00:16:19,12,28,18.2,79,-5.5,1004.0,0,0.7,0,701.4,0
2010-02-09 00:28:19,12,28,18.0,79,-5.5,1003.9,0,0,0,701.4,0
2010-02-09 00:40:19,12,28,17.9,79,-5.6,1003.9,0,0.3,2,701.4,0
2010-02-09 00:52:19,12,27,17.7,79,-5.6,1003.8,0,0,2,701.4,0
2010-02-09 01:04:19,12,27,17.6,79,-5.7,1003.7,0,0,2,701.4,0
2010-02-09 01:16:19,12,27,17.5,79,-5.8,1003.7,0,0,2,701.4,0
2010-02-09 01:28:19,12,28,17.3,79,-5.9,1003.6,0,0,2,701.4,0
2010-02-09 01:40:19,12,28,17.2,80,-5.9,1003.6,0,0.3,2,701.4,0
2010-02-09 01:52:19,12,28,17.1,80,-5.9,1003.5,0,0,2,701.4,0
2010-02-09 02:04:19,12,28,17.0,80,-5.9,1003.5,0,0,2,701.4,0
2010-02-09 02:16:19,12,28,16.9,80,-6.1,1003.3,0,0,2,701.4,0
2010-02-09 02:28:19,12,28,16.8,80,-6.2,1003.3,0,0.3,2,701.4,0
2010-02-09 02:40:19,12,28,16.7,80,-6.4,1003.3,0.3,0.7,2,701.4,0
2010-02-09 02:52:19,12,28,16.6,80,-6.5,1003.1,0,0.7,2,701.4,0
2010-02-09 03:04:19,12,28,16.5,81,-6.6,1003.1,0,0.3,2,701.4,0
2010-02-09 03:16:19,12,28,16.4,81,-6.8,1003.2,0,0,2,701.4,0
2010-02-09 03:28:19,12,28,16.3,81,-7.0,1003.0,0,0,2,701.4,0
2010-02-09 03:40:19,12,28,16.3,81,-7.3,1003.1,0,0,2,701.4,0
2010-02-09 03:52:19,12,28,16.2,81,-7.5,1003.0,0,0.7,2,701.4,0
2010-02-09 04:04:19,12,28,16.2,81,-7.6,1003.0,0,0.7,2,701.4,0
2010-02-09 04:16:19,12,28,16.1,82,-7.6,1002.9,0.3,1.0,2,701.4,0
2010-02-09 04:28:19,12,28,16.0,82,-7.4,1002.9,0,0.7,0,701.4,0
2010-02-09 04:40:19,12,28,16.0,83,-7.1,1002.9,0,0.7,2,701.4,0
2010-02-09 04:52:19,12,28,15.9,83,-6.9,1002.7,0,0,0,701.4,0
2010-02-09 05:04:19,12,28,15.9,83,-6.8,1002.9,0.3,0.7,1,701.4,0
2010-02-09 05:16:19,12,28,15.8,83,-6.7,1002.9,0,0,0,701.4,0
2010-02-09 05:28:19,12,28,15.8,83,-6.6,1002.7,0,0,2,701.4,0
2010-02-09 05:40:19,12,28,15.9,83,-6.5,1002.7,0,0,2,701.4,0
2010-02-09 05:52:19,12,28,15.9,82,-6.5,1002.7,0,0,2,701.4,0
2010-02-09 06:04:19,12,28,16.1,83,-6.5,1002.7,0,0,2,701.4,0
2010-02-09 06:16:19,12,28,16.2,82,-6.5,1002.7,0.3,0.7,2,701.4,0
2010-02-09 06:28:19,12,28,16.4,83,-6.5,1002.7,0,0,0,701.4,0
2010-02-09 06:40:19,12,28,16.6,83,-6.5,1002.7,1.0,1.4,0,701.4,0
2010-02-09 06:52:19,12,28,16.7,83,-6.4,1002.8,0,0.7,2,701.4,0
2010-02-09 07:04:19,12,28,16.9,83,-6.2,1002.8,0,1.0,12,701.4,0
2010-02-09 07:16:19,12,28,17.0,83,-6.0,1002.7,0,0.7,2,701.4,0
2010-02-09 07:28:19,12,28,17.1,83,-5.7,1002.6,0,0.7,0,701.4,0
2010-02-09 07:40:19,12,28,17.2,82,-5.5,1002.8,0,0,4,701.4,0
2010-02-09 07:52:19,12,28,17.3,82,-5.2,1002.7,0,0.7,4,701.4,0
2010-02-09 08:04:19,12,28,17.4,82,-5.0,1002.8,0.3,1.4,4,701.4,0
2010-02-09 08:16:19,12,28,17.6,81,-4.1,1002.7,0,0.7,4,701.4,0
2010-02-09 08:28:19,12,28,17.7,79,-3.6,1002.6,0.7,1.4,8,701.4,0
2010-02-09 08:40:19,12,28,17.7,77,-2.9,1002.7,0,1.0,2,701.4,0
2010-02-09 08:52:19,12,28,17.8,75,-2.5,1002.7,0.3,1.0,2,701.4,0
2010-02-09 09:04:19,12,28,17.9,72,-2.8,1002.7,1.0,1.4,4,701.4,0
2010-02-09 09:16:19,12,28,18.0,69,-3.1,1002.8,2.4,3.7,4,701.4,0
2010-02-09 09:28:19,12,29,18.1,67,-2.8,1002.8,2.4,3.7,4,701.4,0
2010-02-09 09:40:19,12,29,18.3,65,-2.8,1002.8,1.4,3.4,8,701.4,0
2010-02-09 09:52:19,12,28,18.4,65,-2.7,1002.8,0.7,1.4,2,701.4,0
2010-02-09 10:04:19,12,28,18.6,65,-2.3,1002.7,1.0,2.4,4,701.4,0
2010-02-09 10:16:19,12,28,18.8,64,-2.1,1002.8,1.0,3.1,2,701.4,0
2010-02-09 10:28:19,12,28,18.9,64,-2.4,1002.8,2.0,4.1,4,701.4,0
2010-02-09 10:40:19,12,28,19.0,65,-2.7,1002.6,0.7,1.7,10,701.4,0
2010-02-09 10:52:19,12,27,19.1,65,-2.6,1002.3,1.0,2.0,6,701.4,0
2010-02-09 11:04:19,12,27,19.2,66,-2.9,1002.3,1.0,2.0,6,701.4,0
2010-02-09 11:16:19,12,28,19.2,67,-3.2,1002.1,0.7,1.4,6,701.4,0
2010-02-09 11:28:19,12,27,19.3,67,-3.1,1002.1,0.3,1.4,2,701.4,0
2010-02-09 11:40:19,12,28,19.4,67,-3.2,1002.1,0.3,0.7,0,701.4,0
2010-02-09 11:52:19,12,28,19.6,67,-2.9,1001.9,0.7,1.4,4,701.4,0
2010-02-09 12:04:19,12,28,19.8,67,-2.5,1001.8,1.0,2.0,6,701.4,0
2010-02-09 12:16:19,12,27,19.8,66,-1.7,1001.8,0.7,1.7,4,701.4,0
2010-02-09 12:28:19,12,27,19.7,64,-1.6,1001.7,1.0,2.4,8,701.4,0
2010-02-09 12:40:19,12,27,19.7,63,-1.8,1001.7,1.0,2.4,2,701.4,0
2010-02-09 12:52:19,12,27,19.6,63,-2.2,1001.6,1.4,2.7,4,701.4,0
2010-02-09 13:04:19,12,27,19.6,63,-2.1,1001.4,0.7,1.7,6,701.4,0
2010-02-09 13:16:19,12,27,19.5,63,-1.5,1001.3,1.0,1.7,0,701.4,0
2010-02-09 13:28:19,12,27,19.5,61,-1.0,1001.2,0.7,1.4,4,701.4,0
2010-02-09 13:40:19,12,28,19.4,61,-1.8,1001.2,1.4,2.0,6,701.4,0
2010-02-09 13:52:19,12,28,19.4,61,-2.0,1001.0,0.7,1.0,4,701.4,0
2010-02-09 14:04:19,12,32,19.3,61,-2.0,1001.0,0.3,1.4,4,701.4,0
2010-02-09 14:16:19,12,33,19.5,62,-2.3,1000.8,1.0,2.7,2,701.4,0
2010-02-09 14:28:19,12,31,19.6,62,-2.6,1001.0,0.7,1.4,14,701.4,0
2010-02-09 14:40:19,12,30,19.8,63,-2.6,1000.8,0,0.7,1,701.4,0
2010-02-09 14:52:19,12,29,20.0,62,-2.8,1000.8,1.0,2.0,2,701.4,0
2010-02-09 15:04:19,12,29,20.1,62,-2.9,1000.8,1.7,2.4,0,701.4,0
2010-02-09 15:16:19,12,28,20.3,63,-3.2,1000.7,1.7,3.4,4,701.4,0
2010-02-09 15:28:19,12,28,20.5,64,-3.4,1000.8,0.3,1.0,14,701.4,0
2010-02-09 15:40:19,12,27,20.6,64,-3.6,1000.5,0.7,1.4,1,701.4,0
2010-02-09 15:52:19,12,27,20.8,65,-3.7,1000.6,0.3,1.4,8,701.4,0
2010-02-09 16:04:19,12,27,20.9,65,-3.8,1000.7,0.3,1.0,2,701.4,0
2010-02-09 16:16:19,12,27,21.0,66,-4.0,1000.6,1.4,1.7,0,701.4,0
2010-02-09 16:28:19,12,26,21.1,66,-4.1,1000.6,0.7,1.4,10,701.4,0
2010-02-09 16:40:19,12,26,21.0,66,-4.1,1000.7,1.0,2.7,2,701.4,0
2010-02-09 16:52:19,12,26,20.8,66,-4.1,1000.8,0.3,1.0,12,701.4,0
2010-02-09 17:04:19,12,26,20.6,67,-4.2,1000.6,0.3,1.4,4,701.4,0
2010-02-09 17:16:19,12,26,20.4,67,-4.2,1000.9,0.3,1.4,4,701.4,0
2010-02-09 17:28:19,12,26,20.3,67,-4.2,1000.8,0,0.7,4,701.4,0
2010-02-09 17:40:19,12,26,20.1,67,-4.2,1000.7,0.3,1.0,4,701.4,0
2010-02-09 17:52:19,12,25,19.9,68,-4.2,1000.8,0.3,1.0,2,701.4,0
2010-02-09 18:04:19,12,26,19.8,67,-4.2,1000.9,0.3,1.4,4,701.4,0
2010-02-09 18:16:19,12,26,19.7,68,-4.2,1001.0,0.7,1.4,0,701.4,0
2010-02-09 18:28:19,12,26,19.5,68,-4.2,1001.1,0.3,1.0,2,701.4,0
2010-02-09 18:40:19,12,26,19.5,68,-4.3,1001.0,0.7,1.4,2,701.4,0
2010-02-09 18:52:19,12,26,19.4,68,-4.3,1001.1,0,0.3,0,701.4,0
2010-02-09 19:04:19,12,26,19.3,68,-4.3,1001.1,1.0,1.7,15,701.4,0
2010-02-09 19:16:19,12,26,19.2,69,-4.3,1001.0,1.0,2.0,0,701.4,0
2010-02-09 19:28:19,12,26,19.2,69,-4.4,1001.0,0.3,1.0,0,701.4,0
2010-02-09 19:40:19,12,26,19.1,69,-4.4,1000.8,0.7,1.0,4,701.4,0
2010-02-09 19:52:19,12,26,19.1,69,-4.5,1000.8,0.3,1.4,6,701.4,0
2010-02-09 20:04:19,12,26,19.1,69,-4.6,1000.9,1.0,1.7,4,701.4,0
2010-02-09 20:16:19,12,27,19.1,69,-4.6,1001.0,0.7,1.4,2,701.4,0
2010-02-09 20:28:19,12,27,19.1,70,-4.7,1001.0,0.3,1.4,4,701.4,0
2010-02-09 20:40:19,12,27,19.1,70,-4.7,1001.0,0,0.3,0,701.4,0
2010-02-09 20:52:19,12,27,19.1,70,-4.8,1001.0,0,0.7,2,701.4,0
2010-02-09 21:04:19,12,27,19.1,71,-4.8,1001.0,1.4,2.4,4,701.4,0
2010-02-09 21:16:19,12,27,19.1,71,-4.9,1001.0,0,1.0,6,701.4,0
2010-02-09 21:28:19,12,27,19.1,72,-4.9,1001.1,0.7,1.4,4,701.4,0
2010-02-09 21:40:19,12,27,19.0,72,-5.0,1000.9,0.3,0.7,4,701.4,0
2010-02-09 21:52:19,12,27,19.0,73,-5.1,1001.1,0.7,1.0,2,701.4,0
2010-02-09 22:04:19,12,27,18.9,73,-5.1,1001.1,0,0.7,6,701.4,0
2010-02-09 22:16:19,12,27,18.8,74,-5.2,1001.0,0.3,1.0,2,701.4,0
2010-02-09 22:28:19,12,26,18.7,74,-5.3,1000.8,1.0,2.0,3,701.4,0
2010-02-09 22:40:19,12,26,18.6,75,-5.4,1000.7,1.4,2.0,4,701.4,0
2010-02-09 22:52:19,12,26,18.5,75,-5.4,1000.8,0.3,1.0,0,701.4,0
2010-02-09 23:04:19,12,26,18.4,75,-5.5,1000.8,0,0.7,2,701.4,0
2010-02-09 23:16:19,12,26,18.2,76,-5.6,1000.8,0.7,1.7,10,701.4,0
2010-02-09 23:28:19,12,26,18.1,76,-5.7,1000.7,0.7,1.7,0,701.4,0
2010-02-09 23:40:19,12,26,18.0,77,-5.7,1000.8,0.3,2.4,12,701.4,0
2010-02-09 23:52:19,12,26,17.8,77,-5.8,1000.8,0.3,1.0,2,701.4,0
