2010-02-02 00:01:49,20,29,18.6,83,0.0,1000.5,0.3,1.0,10,697.5,0
2010-02-02 00:21:49,20,28,18.5,84,0.1,1001.0,0.3,1.0,14,697.5,0
2010-02-02 00:41:49,20,29,18.3,83,-0.3,1001.3,1.0,2.0,10,697.5,0
2010-02-02 01:01:49,20,29,18.2,83,-0.7,1001.8,0.3,1.0,8,697.5,0
2010-02-02 01:21:49,20,29,18.0,83,-1.0,1001.9,1.0,2.0,14,697.5,0
2010-02-02 01:41:49,20,29,17.8,83,-1.3,1002.2,1.7,3.1,14,697.5,0
2010-02-02 02:01:49,20,29,17.7,82,-1.5,1002.4,0.3,1.7,12,697.5,0
2010-02-02 02:21:49,20,29,17.5,82,-1.8,1002.6,1.0,1.7,14,697.5,0
2010-02-02 02:41:49,20,29,17.4,81,-1.9,1003.0,0.0,1.0,2,697.5,0
2010-02-02 03:01:49,20,29,17.3,81,-2.0,1003.1,0.3,1.0,2,697.5,0
2010-02-02 03:21:49,20,30,17.1,80,-2.3,1003.4,0.7,1.4,0,697.5,0
2010-02-02 03:41:49,20,30,17.0,78,-2.6,1003.5,1.4,2.4,128,697.5,0
2010-02-02 04:01:49,20,30,16.8,76,-2.8,1003.8,0.7,2.4,12,697.5,0
2010-02-02 04:21:49,20,30,16.7,76,-2.9,1004.2,0.7,1.7,14,697.5,0
2010-02-02 04:41:49,20,30,16.6,76,-3.0,1004.1,0.0,0.7,12,697.5,0
2010-02-02 05:01:49,20,30,16.5,76,-3.4,1004.3,0.7,2.0,14,697.5,0
2010-02-02 05:21:49,20,30,16.4,76,-4.4,1004.5,1.0,2.7,10,697.5,0
2010-02-02 05:41:49,20,30,16.4,76,-4.9,1004.7,1.0,1.7,10,697.5,0
2010-02-02 06:01:49,20,30,16.6,76,-5.3,1004.8,2.0,3.4,10,697.5,0
2010-02-02 06:22:49,21,29,16.8,77,-5.3,1005.0,1.0,1.7,10,697.5,0
2010-02-02 06:42:49,20,29,17.1,78,-5.3,1004.8,0.3,1.0,10,697.5,0
2010-02-02 07:02:49,20,29,17.4,78,-5.5,1004.7,0.3,1.0,10,697.5,0
2010-02-02 07:22:49,20,29,17.6,78,-5.2,1004.8,0.3,1.0,8,697.5,0
2010-02-02 07:42:49,20,29,17.8,78,-5.1,1005.0,1.0,1.7,6,697.5,0
2010-02-02 08:02:49,20,29,18.0,77,-5.0,1004.6,0.7,1.7,10,697.5,0
2010-02-02 08:21:39,20,31,18.4,77,-4.6,1004.4,0.7,1.7,8,697.5,0
2010-02-02 08:41:39,20,30,18.9,76,-3.7,1004.3,0.3,1.4,14,697.5,0
2010-02-02 09:01:39,20,30,19.4,75,-3.1,1004.4,0.3,1.0,8,697.5,0
2010-02-02 09:21:39,20,30,19.8,74,-2.3,1004.0,1.4,2.4,10,697.5,0
2010-02-02 09:41:39,20,29,20.2,72,-1.8,1003.5,0.3,1.0,14,697.5,0
2010-02-02 10:01:39,20,28,20.5,71,-1.2,1003.3,0.7,1.7,8,697.5,0
2010-02-02 10:21:39,20,28,20.8,69,-0.5,1003.0,0.7,2.0,8,697.5,0
2010-02-02 10:41:39,20,28,20.9,67,-0.4,1002.6,0.7,2.0,8,697.5,0
2010-02-02 11:01:39,20,27,21.0,67,-0.2,1002.2,1.7,3.1,10,697.5,0
2010-02-02 11:21:39,20,27,20.8,66,0.1,1002.0,1.0,3.1,10,697.5,0
2010-02-02 11:41:39,20,27,20.6,65,0,1001.2,1.0,2.4,8,697.5,0
2010-02-02 12:01:39,20,27,20.4,65,0,1000.8,0.3,1.4,10,697.5,0
2010-02-02 12:21:39,20,27,20.2,66,-0.1,1000.4,0.7,1.7,8,697.5,0
2010-02-02 12:41:39,20,28,20.0,66,0.1,1000.0,1.7,3.1,12,697.5,0
2010-02-02 13:01:39,20,28,19.8,67,0.3,999.4,1.4,3.4,10,697.5,0
2010-02-02 13:21:39,20,28,19.7,68,0.3,999.0,2.4,4.1,10,697.5,0
2010-02-02 13:41:39,20,28,19.6,70,0,998.4,2.4,6.1,8,697.5,0
2010-02-02 14:01:39,20,29,19.5,74,-0.5,998.0,1.7,3.1,8,697.5,0
2010-02-02 14:21:39,20,29,19.4,78,-1.2,997.3,1.4,3.4,10,697.5,0
2010-02-02 14:41:39,20,29,19.3,80,-1.2,996.5,2.7,7.5,8,697.5,0
2010-02-02 15:01:39,20,31,19.4,81,-1.1,996.3,2.7,4.1,8,697.5,0
2010-02-02 15:21:39,20,30,19.6,83,-0.9,995.6,1.7,3.7,8,697.5,0
2010-02-02 15:41:39,20,30,19.9,84,-0.7,995.2,2.0,6.1,8,697.5,0
2010-02-02 16:01:39,20,30,20.1,84,-0.5,994.5,1.0,2.7,8,697.5,0
2010-02-02 16:21:39,20,30,20.5,84,-0.4,994.1,3.1,5.1,10,697.5,0
2010-02-02 16:41:39,20,30,20.9,85,-0.3,993.6,2.0,4.1,10,697.5,0
2010-02-02 17:01:39,20,29,21.1,85,-0.2,993.2,2.4,4.1,8,697.5,0
2010-02-02 17:21:39,20,29,21.3,85,-0.2,992.5,2.0,3.7,8,697.5,0
2010-02-02 17:41:39,20,29,21.4,85,0,992.1,1.7,3.4,8,697.5,0
2010-02-02 18:01:39,20,28,21.4,86,0.2,991.7,1.7,3.7,8,697.5,0
2010-02-02 18:21:39,20,28,21.5,86,0.4,991.0,1.7,3.1,8,697.5,0
2010-02-02 18:41:39,20,28,21.4,86,0.5,990.8,0.7,2.0,10,697.5,0
2010-02-02 19:01:39,20,28,21.1,86,0.4,990.4,1.7,3.7,8,697.5,0
2010-02-02 19:21:39,20,28,20.8,86,0.5,990.1,2.0,4.1,8,697.5,0
2010-02-02 19:41:39,20,28,20.5,86,0.6,989.6,2.0,4.1,8,697.5,0
2010-02-02 20:01:39,20,28,20.3,86,0.8,989.3,1.4,2.4,8,697.5,0
2010-02-02 20:21:39,20,28,20.1,86,0.8,989.0,1.7,3.1,8,697.5,0
2010-02-02 20:41:39,20,28,19.9,86,0.9,988.8,2.7,5.1,10,697.5,0
2010-02-02 21:01:39,20,29,19.8,86,0.9,988.5,1.4,2.4,12,697.5,0
2010-02-02 21:21:39,20,29,19.7,86,0.9,988.2,1.7,4.4,12,697.5,0
2010-02-02 21:41:39,20,29,19.6,86,0.8,988.1,2.0,4.8,10,697.5,0
2010-02-02 22:01:39,20,29,19.5,86,0.8,987.6,0.7,1.4,12,697.5,0
2010-02-02 22:21:39,20,29,19.3,87,0.8,987.6,1.7,3.4,8,697.5,0
2010-02-02 22:41:39,20,30,19.2,87,0.8,987.3,1.0,2.0,14,697.5,0
2010-02-02 23:01:39,20,30,19.1,87,0.8,987.0,1.7,2.4,8,697.5,0
2010-02-02 23:21:39,20,31,19.3,87,0.7,987.2,1.4,2.0,10,697.5,0
2010-02-02 23:41:39,20,30,19.3,87,0.7,987.3,1.0,2.4,12,697.5,0
