2010-02-06 00:02:13,20,31,18.8,75,0.1,1005.9,0.7,1.7,2,701.4,0
2010-02-06 00:22:13,20,31,18.7,75,0.2,1006.0,0.3,1.0,2,701.4,0
2010-02-06 00:42:13,20,31,18.5,75,0.2,1005.8,0.3,1.0,4,701.4,0
2010-02-06 01:02:13,20,31,18.4,75,0.2,1005.8,1.0,2.4,0,701.4,0
2010-02-06 01:22:13,20,31,18.2,76,0.3,1005.9,1.0,2.0,2,701.4,0
2010-02-06 01:42:13,20,31,18.1,76,0.4,1006.1,0.7,1.4,2,701.4,0
2010-02-06 02:02:13,20,31,17.9,76,0.4,1006.0,1.4,2.7,0,701.4,0
2010-02-06 02:22:13,20,31,17.8,75,0.4,1005.9,0.7,2.0,0,701.4,0
2010-02-06 02:42:13,20,32,17.6,75,0.3,1005.6,0.7,1.7,15,701.4,0
2010-02-06 03:02:13,20,32,17.5,75,0.3,1005.6,0.7,2.0,4,701.4,0
2010-02-06 03:22:13,20,32,17.3,75,0.2,1005.7,0.7,2.4,6,701.4,0
2010-02-06 03:42:13,20,31,17.2,75,0.1,1005.9,1.0,3.1,8,701.4,0
2010-02-06 04:02:13,20,31,17.1,75,-0.1,1006.0,1.4,2.7,0,701.4,0
2010-02-06 04:22:13,20,32,16.9,75,-0.1,1006.0,0.7,1.7,0,701.4,0
2010-02-06 04:42:13,20,32,16.8,75,0,1006.0,0.3,1.0,4,701.4,0
2010-02-06 05:02:13,20,32,16.7,75,-0.1,1006.1,0.3,1.0,6,701.4,0
2010-02-06 05:22:13,20,32,16.6,75,0,1006.2,0.7,2.7,14,701.4,0
2010-02-06 05:42:13,20,32,16.6,75,0,1006.3,1.0,2.4,2,701.4,0
2010-02-06 06:02:13,20,32,16.7,76,-0.1,1006.3,0.3,1.0,4,701.4,0
2010-02-06 06:22:13,20,32,17.0,76,-0.1,1006.5,1.4,2.4,4,701.4,0
2010-02-06 06:42:13,20,32,17.3,76,-0.1,1006.8,1.0,1.7,4,701.4,0
2010-02-06 07:02:13,20,32,17.6,76,0,1006.6,0.7,2.0,6,701.4,0
2010-02-06 07:22:13,20,31,17.9,76,0,1006.9,0.3,0.7,2,701.4,0
2010-02-06 07:42:13,20,31,18.1,76,0,1007.0,0.7,1.4,14,701.4,0
2010-02-06 08:02:13,20,33,18.3,76,0.1,1007.2,0.3,1.0,0,701.4,0
2010-02-06 08:22:13,20,32,18.7,75,0.2,1007.4,1.0,2.0,4,701.4,0
2010-02-06 08:42:13,20,32,19.2,74,0.2,1007.5,1.4,2.7,4,701.4,0
2010-02-06 08:56:13,14,32,19.5,73,0.1,1007.6,0.7,1.4,4,701.4,0
2010-02-06 09:10:13,14,32,19.9,72,0.1,1007.7,2.0,3.7,0,701.4,0
2010-02-06 09:24:13,14,31,20.1,72,0,1007.8,1.0,3.1,4,701.4,0
2010-02-06 09:44:13,20,31,20.4,72,0,1008.0,1.4,2.0,4,701.4,0
2010-02-06 10:04:13,20,31,20.7,72,0.1,1008.3,1.0,3.1,0,701.4,0
2010-02-06 10:24:13,20,31,20.9,71,0.3,1008.1,2.4,4.1,5,701.4,0
2010-02-06 10:44:13,20,31,21.1,70,0.6,1008.2,1.4,2.7,5,701.4,0
2010-02-06 11:04:13,20,31,21.2,70,0.8,1008.6,1.4,3.4,2,701.4,0
2010-02-06 11:24:13,20,31,21.2,67,1.4,1008.5,1.7,3.1,6,701.4,0
2010-02-06 11:44:13,20,31,21.3,67,0.9,1008.6,0.7,1.7,0,701.4,0
2010-02-06 12:04:13,20,31,21.3,67,0.7,1008.8,0.7,2.4,4,701.4,0
2010-02-06 12:24:13,20,30,21.5,67,0.4,1009.0,2.4,5.1,4,701.4,0
2010-02-06 12:44:13,20,30,21.4,68,0.4,1009.0,0.7,1.4,0,701.4,0
2010-02-06 13:04:13,20,30,21.2,67,0.3,1009.2,0.3,1.0,4,701.4,0
2010-02-06 13:24:13,20,30,20.9,68,-0.1,1009.1,0.3,1.0,4,701.4,0
2010-02-06 13:44:13,20,30,20.7,68,-0.2,1009.5,1.4,2.0,2,701.4,0
2010-02-06 14:04:13,20,31,20.5,67,-0.2,1009.7,1.4,3.1,4,701.4,0
2010-02-06 14:24:13,20,31,20.4,68,-0.3,1009.7,1.4,3.1,4,701.4,0
2010-02-06 14:44:13,20,31,20.2,68,-0.4,1010.1,0.7,1.4,2,701.4,0
2010-02-06 15:04:13,20,31,20.1,68,-0.5,1010.2,1.4,2.4,6,701.4,0
2010-02-06 15:24:13,20,32,20.0,67,-0.6,1010.5,0.3,1.4,12,701.4,0
2010-02-06 15:44:13,20,32,20.0,68,-0.8,1010.6,0.3,0.7,6,701.4,0
2010-02-06 16:04:13,20,32,19.9,69,-1.0,1010.9,0.7,2.0,0,701.4,0
2010-02-06 16:24:13,20,32,19.9,69,-1.3,1011.3,0.7,1.7,0,701.4,0
2010-02-06 16:44:13,20,32,19.9,70,-1.8,1011.6,0.7,1.7,2,701.4,0
2010-02-06 17:04:13,20,33,20.1,70,-2.2,1011.7,1.0,2.4,3,701.4,0
2010-02-06 17:24:13,20,32,20.4,71,-2.5,1011.8,0.3,1.0,6,701.4,0
2010-02-06 17:44:13,20,32,20.7,71,-2.9,1012.0,0,0.3,6,701.4,0
2010-02-06 18:04:13,20,31,20.9,72,-3.1,1012.4,0,0.7,2,701.4,0
2010-02-06 18:24:13,20,31,20.8,72,-3.3,1012.6,0.7,2.4,2,701.4,0
2010-02-06 18:44:13,20,31,20.7,73,-3.4,1012.8,0.3,1.4,2,701.4,0
2010-02-06 19:04:13,20,31,20.5,73,-3.6,1012.8,0.7,1.4,2,701.4,0
2010-02-06 19:24:13,20,30,20.4,74,-3.7,1012.9,0.3,1.0,6,701.4,0
2010-02-06 19:44:13,20,30,20.3,74,-3.5,1013.3,1.0,2.7,0,701.4,0
2010-02-06 20:04:13,20,31,20.1,74,-3.4,1013.3,0.7,1.4,1,701.4,0
2010-02-06 20:24:13,20,31,20.1,74,-3.8,1013.4,1.0,2.0,4,701.4,0
2010-02-06 20:44:13,20,31,20.0,74,-4.2,1013.6,0,0.3,0,701.4,0
2010-02-06 21:04:13,20,32,19.9,75,-4.5,1013.7,0.7,2.0,4,701.4,0
2010-02-06 21:24:13,20,32,19.9,76,-4.7,1014.1,0.3,1.0,6,701.4,0
2010-02-06 21:44:13,20,31,19.8,76,-5.0,1014.1,0.7,1.7,4,701.4,0
2010-02-06 22:04:13,20,31,19.7,77,-5.2,1014.2,0.7,1.0,2,701.4,0
2010-02-06 22:24:13,20,31,19.5,78,-5.6,1014.5,1.0,1.7,4,701.4,0
2010-02-06 22:44:13,20,31,19.4,78,-5.9,1014.9,0.7,1.7,12,701.4,0
2010-02-06 23:04:13,20,31,19.1,79,-6.0,1015.0,0.7,1.7,3,701.4,0
2010-02-06 23:24:13,20,31,18.9,79,-5.8,1015.1,0.3,1.0,0,701.4,0
2010-02-06 23:44:13,20,31,18.7,80,-5.7,1015.3,0.7,1.7,4,701.4,0
