2017-01-01 00:02:00,3,39,18.8,77,4.5,1015.8,1.0,1.4,10,131.1,0
2017-01-01 00:05:00,3,39,18.8,77,4.5,1015.6,1.7,2.0,10,131.1,0
2017-01-01 00:08:00,3,39,18.8,77,4.6,1015.6,1.7,2.4,10,131.1,0
2017-01-01 00:11:00,3,39,18.8,77,4.6,1015.7,1.0,1.4,11,131.1,0
2017-01-01 00:14:00,3,39,18.8,77,4.5,1015.6,1.0,1.7,10,131.1,0
2017-01-01 00:17:00,3,39,18.8,77,4.5,1015.7,1.4,1.7,10,131.1,0
2017-01-01 00:20:00,3,39,18.7,77,4.5,1015.7,1.4,1.4,12,131.1,0
2017-01-01 00:23:00,3,39,18.7,77,4.5,1015.5,2.0,2.4,9,131.1,0
2017-01-01 00:26:00,3,39,18.6,77,4.5,1015.5,1.4,2.0,10,131.1,0
2017-01-01 00:29:00,3,39,18.6,76,4.5,1015.4,1.0,1.4,10,131.1,0
2017-01-01 00:32:00,3,39,18.6,76,4.5,1015.5,1.7,2.0,10,131.1,0
2017-01-01 00:35:00,3,39,18.6,76,4.5,1015.4,0.7,1.4,10,131.1,0
2017-01-01 00:38:00,3,39,18.6,76,4.5,1015.3,1.0,1.4,10,131.1,0
2017-01-01 00:41:00,3,39,18.6,76,4.4,1015.3,1.4,1.7,9,131.1,0
2017-01-01 00:44:00,3,39,18.6,76,4.4,1015.2,1.0,1.4,11,131.1,0
2017-01-01 00:47:00,3,39,18.5,76,4.4,1015.2,1.0,1.7,11,131.1,0
2017-01-01 00:50:00,3,39,18.5,76,4.4,1015.3,0.7,1.0,10,131.1,0
2017-01-01 00:53:00,3,39,18.5,76,4.4,1015.2,1.4,2.0,10,131.1,0
2017-01-01 00:56:00,3,39,18.5,76,4.4,1015.2,0.7,1.0,10,131.1,0
2017-01-01 00:59:00,3,39,18.5,76,4.4,1015.2,1.0,1.4,10,131.1,0
2017-01-01 01:02:00,3,39,18.5,76,4.4,1015.2,1.0,1.4,12,131.1,0
2017-01-01 01:05:00,3,39,18.5,76,4.4,1015.2,1.0,1.4,12,131.1,0
2017-01-01 01:08:00,3,39,18.5,76,4.4,1015.2,1.0,1.4,10,131.1,0
2017-01-01 01:11:00,3,39,18.4,76,4.3,1015.1,0.7,1.4,10,131.1,0
2017-01-01 01:14:00,3,39,18.4,76,4.3,1015.1,1.0,1.4,10,131.1,0
2017-01-01 01:17:00,3,39,18.4,77,4.3,1015.1,1.4,2.0,10,131.1,0
2017-01-01 01:20:00,3,39,18.4,77,4.3,1015.1,1.0,1.4,12,131.1,0
2017-01-01 01:23:00,3,39,18.4,77,4.3,1014.9,1.0,1.7,10,131.1,0
2017-01-01 01:26:00,3,39,18.4,77,4.2,1014.9,1.0,2.0,10,131.1,0
2017-01-01 01:29:00,3,39,18.3,77,4.3,1014.9,1.4,1.7,14,131.1,0
2017-01-01 01:32:00,3,39,18.3,77,4.3,1014.8,1.7,2.0,10,131.1,0
2017-01-01 01:35:00,3,39,18.3,77,4.3,1014.9,1.4,1.7,10,131.1,0
2017-01-01 01:38:00,3,39,18.3,77,4.3,1014.7,0.7,1.0,10,131.1,0
2017-01-01 01:41:00,3,39,18.3,77,4.3,1014.8,0.7,1.0,8,131.1,0
2017-01-01 01:44:00,3,39,18.3,77,4.3,1014.8,0.7,1.0,10,131.1,0
2017-01-01 01:47:00,3,39,18.3,77,4.2,1014.8,0.3,1.0,8,131.1,0
2017-01-01 01:50:00,3,39,18.2,77,4.2,1014.7,0.7,1.0,10,131.1,0
2017-01-01 01:53:00,3,39,18.2,77,4.2,1014.7,0.7,1.0,10,131.1,0
2017-01-01 01:56:00,3,39,18.2,77,4.2,1014.6,0.7,1.0,10,131.1,0
2017-01-01 01:59:00,3,39,18.2,77,4.1,1014.7,0.3,1.0,10,131.1,0
2017-01-01 02:02:00,3,39,18.2,77,4.1,1014.5,1.0,1.4,11,131.1,0
2017-01-01 02:05:00,3,39,18.2,77,4.1,1014.7,1.0,1.7,12,131.1,0
2017-01-01 02:08:00,3,39,18.1,77,4.0,1014.5,0.7,1.0,12,131.1,0
2017-01-01 02:11:00,3,39,18.1,77,4.0,1014.5,0.3,0.7,10,131.1,0
2017-01-01 02:14:00,3,39,18.1,77,3.9,1014.4,1.0,1.4,10,131.1,0
2017-01-01 02:17:00,3,39,18.1,77,4.0,1014.4,1.0,1.4,10,131.1,0
2017-01-01 02:20:00,3,39,18.1,77,3.9,1014.4,0.7,1.0,10,131.1,0
2017-01-01 02:23:00,3,39,18.1,77,3.9,1014.2,1.0,1.4,10,131.1,0
2017-01-01 02:26:00,3,39,18.1,77,3.9,1014.2,1.0,1.4,10,131.1,0
2017-01-01 02:29:00,3,39,18.0,77,3.9,1014.2,0.7,0.7,10,131.1,0
2017-01-01 02:32:00,3,39,18.0,77,3.9,1014.2,0.7,1.4,10,131.1,0
2017-01-01 02:35:00,3,39,18.0,77,3.9,1014.1,1.4,2.0,12,131.1,0
2017-01-01 02:38:00,3,39,18.0,77,3.9,1014.2,1.0,1.4,8,131.1,0
2017-01-01 02:41:00,3,39,18.0,77,3.9,1014.0,2.0,2.7,10,131.1,0
2017-01-01 02:44:00,3,39,18.0,77,3.9,1014.0,1.4,1.7,12,131.1,0
2017-01-01 02:47:00,3,39,18.0,77,3.9,1014.0,1.0,1.4,10,131.1,0
2017-01-01 02:50:00,3,39,17.9,76,3.9,1014.0,1.7,2.0,8,131.1,0
2017-01-01 02:53:00,3,39,17.9,76,4.0,1013.9,0.7,1.0,10,131.1,0
2017-01-01 02:56:00,3,39,17.9,76,4.0,1013.9,1.0,1.7,10,131.1,0
2017-01-01 02:59:00,3,39,17.9,76,3.9,1013.7,1.4,1.7,10,131.1,0
2017-01-01 03:02:00,3,39,17.9,76,3.9,1013.7,1.0,1.4,10,131.1,0
2017-01-01 03:05:00,3,39,17.9,76,3.9,1013.7,1.0,1.4,10,131.1,0
2017-01-01 03:08:00,3,39,17.9,76,3.9,1013.8,1.4,1.7,10,131.1,0
2017-01-01 03:11:00,3,39,17.9,76,3.9,1013.6,1.4,1.7,12,131.1,0
2017-01-01 03:14:00,3,39,17.9,76,3.9,1013.5,0.7,1.4,10,131.1,0
2017-01-01 03:17:00,3,38,17.9,76,3.9,1013.6,0.7,1.0,10,131.1,0
2017-01-01 03:20:00,3,38,17.9,76,3.9,1013.6,1.0,1.4,10,131.1,0
2017-01-01 03:23:00,3,38,17.9,76,3.9,1013.5,1.4,2.4,14,131.1,0
2017-01-01 03:26:00,3,38,17.8,76,3.9,1013.4,1.7,2.0,12,131.1,0
2017-01-01 03:29:00,3,38,17.8,76,3.9,1013.4,2.0,2.7,10,131.1,0
2017-01-01 03:32:00,3,38,17.8,76,4.0,1013.3,1.7,2.0,12,131.1,0
2017-01-01 03:35:00,3,38,17.7,76,4.0,1013.3,1.0,1.7,8,131.1,0
2017-01-01 03:38:00,3,38,17.7,76,4.0,1013.3,1.0,1.4,10,131.1,0
2017-01-01 03:41:00,3,38,17.7,76,4.0,1013.2,1.4,2.0,12,131.1,0
2017-01-01 03:44:00,3,38,17.7,76,4.0,1013.1,1.4,1.7,12,131.1,0
2017-01-01 03:47:00,3,38,17.7,76,4.0,1013.1,1.0,1.4,12,131.1,0
2017-01-01 03:50:00,3,38,17.7,76,4.0,1013.0,1.7,2.0,12,131.1,0
2017-01-01 03:53:00,3,38,17.7,76,4.0,1013.0,1.0,1.4,10,131.1,0
2017-01-01 03:56:00,3,38,17.7,76,4.0,1013.0,1.0,1.7,12,131.1,0
2017-01-01 03:59:00,3,38,17.7,76,4.0,1013.0,0.7,1.0,10,131.1,0
2017-01-01 04:02:00,3,38,17.7,76,3.9,1012.9,0.7,1.0,10,131.1,0
2017-01-01 04:05:00,3,38,17.7,76,3.9,1012.9,0.7,1.0,12,131.1,0
2017-01-01 04:08:00,3,38,17.7,76,3.9,1012.8,0.7,1.0,10,131.1,0
2017-01-01 04:11:00,3,38,17.7,76,3.8,1012.8,1.0,1.4,10,131.1,0
2017-01-01 04:14:00,3,38,17.6,77,3.8,1012.7,0.7,1.0,10,131.1,0
2017-01-01 04:17:00,3,38,17.6,77,3.8,1012.8,1.0,1.0,12,131.1,0
2017-01-01 04:20:00,3,38,17.6,77,3.8,1012.7,0.7,1.0,10,131.1,0
2017-01-01 04:23:00,3,38,17.6,77,3.8,1012.7,1.0,1.4,10,131.1,0
2017-01-01 04:26:00,3,38,17.6,77,3.8,1012.7,1.0,1.4,10,131.1,0
2017-01-01 04:29:00,3,38,17.6,77,3.8,1012.6,0.7,1.0,10,131.1,0
2017-01-01 04:32:00,3,38,17.6,77,3.8,1012.7,0.7,1.0,12,131.1,0
2017-01-01 04:35:00,3,38,17.6,77,3.8,1012.6,0.7,0.7,10,131.1,0
2017-01-01 04:38:00,3,38,17.6,77,3.8,1012.6,0.3,0.7,10,131.1,0
2017-01-01 04:41:00,3,38,17.6,77,3.8,1012.5,0.3,0.7,10,131.1,0
2017-01-01 04:44:00,3,38,17.6,77,3.8,1012.5,0.7,1.0,14,131.1,0
2017-01-01 04:47:00,3,38,17.6,77,3.8,1012.5,0.7,1.0,8,131.1,0
2017-01-01 04:50:00,3,38,17.6,78,3.8,1012.4,0.7,1.0,8,131.1,0
2017-01-01 04:53:00,3,38,17.6,78,3.8,1012.4,0.3,0.7,10,131.1,0
2017-01-01 04:56:00,3,38,17.6,78,3.7,1012.3,0.3,0.7,8,131.1,0
2017-01-01 04:59:00,3,38,17.6,78,3.7,1012.3,0,0.3,10,131.1,0
2017-01-01 05:02:00,3,38,17.6,78,3.7,1012.4,0,0,8,131.1,0
2017-01-01 05:05:00,3,38,17.6,78,3.7,1012.3,0,0,8,131.1,0
2017-01-01 05:07:59,3,38,17.6,78,3.7,1012.4,0.7,1.4,8,131.1,0
2017-01-01 05:10:59,3,38,17.7,78,3.7,1012.3,0,0.3,10,131.1,0
2017-01-01 05:13:59,3,38,17.7,78,3.6,1012.3,1.0,1.4,10,131.1,0
2017-01-01 05:16:59,3,38,17.7,78,3.6,1012.2,0.7,1.0,8,131.1,0
2017-01-01 05:19:59,3,38,17.7,78,3.6,1012.2,1.0,1.4,10,131.1,0
2017-01-01 05:22:59,3,38,17.8,78,3.6,1012.2,0.3,0.7,8,131.1,0
2017-01-01 05:25:59,3,38,17.9,78,3.6,1012.3,0,0.3,0,131.1,0
2017-01-01 05:28:59,3,38,17.9,78,3.6,1012.4,0.7,1.0,10,131.1,0
2017-01-01 05:31:59,3,38,17.9,78,3.6,1012.3,0.3,0.7,10,131.1,0
2017-01-01 05:34:59,3,38,18.0,78,3.6,1012.3,1.4,2.0,5,131.1,0
2017-01-01 05:37:59,3,38,18.0,78,3.6,1012.3,1.4,1.7,10,131.1,0
2017-01-01 05:40:59,3,38,18.0,78,3.5,1012.4,1.0,1.0,10,131.1,0
2017-01-01 05:43:59,3,38,18.0,78,3.5,1012.3,0.3,1.0,10,131.1,0
2017-01-01 05:46:59,3,38,18.1,78,3.5,1012.3,0.7,1.0,9,131.1,0
2017-01-01 05:49:59,3,38,18.1,78,3.5,1012.4,0.7,1.0,10,131.1,0
2017-01-01 05:52:59,3,38,18.2,78,3.4,1012.3,0.7,1.0,12,131.1,0
2017-01-01 05:55:59,3,38,18.2,78,3.4,1012.2,1.4,1.7,10,131.1,0
2017-01-01 05:58:59,3,38,18.2,78,3.4,1012.2,1.0,1.4,10,131.1,0
2017-01-01 06:01:59,3,38,18.3,78,3.3,1012.3,1.4,2.0,10,131.1,0
2017-01-01 06:04:59,3,38,18.3,78,3.3,1012.2,1.0,1.4,10,131.1,0
2017-01-01 06:07:59,3,38,18.3,77,3.3,1012.2,1.0,1.7,11,131.1,0
2017-01-01 06:10:59,3,38,18.4,78,3.3,1012.1,1.7,2.4,10,131.1,0
2017-01-01 06:13:59,3,38,18.4,78,3.3,1012.1,1.4,1.4,10,131.1,0
2017-01-01 06:16:59,3,38,18.4,78,3.3,1012.1,1.0,1.4,10,131.1,0
2017-01-01 06:19:59,3,38,18.4,78,3.3,1012.1,0.7,1.0,10,131.1,0
2017-01-01 06:22:59,3,38,18.4,78,3.2,1011.9,1.7,2.0,10,131.1,0
2017-01-01 06:25:59,3,38,18.5,77,3.2,1012.0,1.4,1.7,10,131.1,0
2017-01-01 06:28:59,3,38,18.5,77,3.2,1012.0,2.0,2.7,12,131.1,0
2017-01-01 06:31:59,3,38,18.5,77,3.2,1011.9,1.4,2.0,10,131.1,0
2017-01-01 06:34:59,3,38,18.5,77,3.2,1012.0,1.0,1.7,12,131.1,0
2017-01-01 06:37:59,3,38,18.5,77,3.2,1011.9,1.4,1.7,12,131.1,0
2017-01-01 06:40:59,3,38,18.6,77,3.2,1011.8,1.0,1.4,10,131.1,0
2017-01-01 06:43:59,3,38,18.6,77,3.2,1011.7,1.0,1.7,10,131.1,0
2017-01-01 06:46:59,3,38,18.6,77,3.1,1011.6,1.4,1.7,12,131.1,0
2017-01-01 06:49:59,3,38,18.6,76,3.1,1011.7,1.7,2.0,14,131.1,0
2017-01-01 06:52:59,3,38,18.6,76,3.1,1011.7,1.7,2.4,10,131.1,0
2017-01-01 06:55:59,3,38,18.6,76,3.1,1011.7,1.4,1.7,12,131.1,0
2017-01-01 06:58:59,3,38,18.6,76,3.1,1011.5,1.0,1.4,10,131.1,0
2017-01-01 07:01:59,3,38,18.6,76,3.0,1011.5,1.4,2.0,9,131.1,0
2017-01-01 07:04:59,3,38,18.6,76,3.0,1011.6,1.4,2.0,9,131.1,0
2017-01-01 07:07:59,3,38,18.7,76,2.9,1011.7,1.0,1.7,8,131.1,0
2017-01-01 07:10:59,3,37,18.7,76,2.9,1011.6,1.0,1.4,11,131.1,0
2017-01-01 07:13:59,3,37,18.7,76,2.9,1011.7,1.4,1.7,10,131.1,0
2017-01-01 07:16:59,3,38,18.7,76,2.9,1011.6,1.0,1.4,11,131.1,0
2017-01-01 07:19:59,3,37,18.7,76,2.8,1011.6,1.0,2.0,10,131.1,0
2017-01-01 07:22:59,3,37,18.8,76,2.8,1011.6,1.4,1.7,10,131.1,0
2017-01-01 07:25:59,3,37,18.8,76,2.7,1011.6,1.4,1.4,10,131.1,0
2017-01-01 07:28:59,3,37,18.8,76,2.7,1011.5,1.0,1.4,10,131.1,0
2017-01-01 07:31:59,3,37,18.8,76,2.7,1011.7,1.0,1.4,10,131.1,0
2017-01-01 07:34:59,3,37,18.8,76,2.7,1011.7,2.0,2.7,10,131.1,0
2017-01-01 07:37:59,3,37,18.8,76,2.7,1011.6,1.0,1.7,10,131.1,0
2017-01-01 07:40:59,3,37,18.8,76,2.7,1011.7,0.7,1.0,11,131.1,0
2017-01-01 07:43:59,3,37,18.8,76,2.7,1011.8,1.4,1.7,10,131.1,0
2017-01-01 07:46:59,3,37,18.8,76,2.7,1011.7,1.4,1.7,12,131.1,0
2017-01-01 07:49:59,3,37,18.8,76,2.7,1011.7,1.0,1.7,10,131.1,0
2017-01-01 07:52:59,3,37,18.8,76,2.7,1011.7,1.4,1.7,10,131.1,0
2017-01-01 07:55:59,3,38,18.9,76,2.7,1011.7,1.0,1.4,10,131.1,0
2017-01-01 07:58:59,3,38,18.9,76,2.7,1011.6,1.7,2.0,10,131.1,0
2017-01-01 08:01:59,3,38,18.9,76,2.7,1011.7,2.0,2.7,10,131.1,0
2017-01-01 08:04:59,3,38,18.9,76,2.7,1011.7,1.0,1.7,12,131.1,0
2017-01-01 08:07:59,3,38,18.9,76,2.7,1011.7,1.0,1.7,10,131.1,0
2017-01-01 08:10:59,3,38,18.9,76,2.7,1011.6,1.0,1.4,10,131.1,0
2017-01-01 08:13:59,3,38,18.9,76,2.7,1011.5,0.7,1.0,10,131.1,0
2017-01-01 08:16:59,3,37,19.0,76,2.7,1011.5,1.4,2.0,10,131.1,0
2017-01-01 08:19:59,3,38,18.9,76,2.7,1011.5,1.0,1.4,10,131.1,0
2017-01-01 08:22:59,3,38,18.9,75,2.7,1011.5,1.0,1.4,14,131.1,0
2017-01-01 08:25:59,3,37,19.0,75,2.8,1011.6,1.4,1.7,11,131.1,0
2017-01-01 08:28:59,3,37,19.0,75,2.8,1011.6,1.0,1.4,12,131.1,0
2017-01-01 08:31:59,3,37,19.0,75,2.8,1011.5,1.0,1.4,10,131.1,0
2017-01-01 08:34:59,3,37,19.0,75,2.8,1011.6,1.0,1.7,8,131.1,0
2017-01-01 08:37:59,3,37,19.0,75,2.9,1011.4,1.0,1.7,11,131.1,0
2017-01-01 08:40:59,3,37,19.0,75,2.9,1011.5,1.0,1.4,8,131.1,0
2017-01-01 08:43:59,3,37,19.0,75,2.9,1011.4,2.0,3.1,10,131.1,0
2017-01-01 08:46:59,3,37,19.0,75,2.9,1011.4,0.7,1.4,12,131.1,0
2017-01-01 08:49:59,3,37,19.0,75,3.0,1011.4,1.0,1.7,10,131.1,0
2017-01-01 08:52:59,3,37,19.0,75,3.0,1011.4,1.4,1.7,12,131.1,0
2017-01-01 08:55:59,3,37,19.1,75,3.0,1011.5,2.0,2.4,10,131.1,0
2017-01-01 08:58:59,3,37,19.1,74,3.1,1011.4,0.7,1.4,12,131.1,0
2017-01-01 09:01:59,3,37,19.1,74,3.1,1011.4,1.0,1.4,10,131.1,0
2017-01-01 09:04:59,3,37,19.1,74,3.1,1011.4,1.0,1.4,10,131.1,0
2017-01-01 09:07:59,3,37,19.1,74,3.2,1011.3,1.0,1.4,10,131.1,0
2017-01-01 09:10:59,3,37,19.1,74,3.1,1011.4,1.0,1.4,10,131.1,0
2017-01-01 09:13:59,3,37,19.1,74,3.1,1011.3,1.7,2.0,6,131.1,0
2017-01-01 09:16:59,3,37,19.1,74,3.1,1011.3,1.4,1.7,10,131.1,0
2017-01-01 09:19:59,3,37,19.1,74,3.1,1011.3,1.7,3.1,12,131.1,0
2017-01-01 09:22:59,3,37,19.1,74,3.3,1011.3,1.0,2.0,10,131.1,0
2017-01-01 09:25:59,3,37,19.1,73,3.5,1011.2,1.4,2.0,11,131.1,0
2017-01-01 09:28:59,3,37,19.1,73,3.7,1011.2,1.4,1.7,10,131.1,0
2017-01-01 09:31:59,3,37,19.1,73,3.7,1011.1,1.4,2.0,12,131.1,0
2017-01-01 09:34:59,3,37,19.1,72,3.7,1011.1,1.7,2.4,12,131.1,0
2017-01-01 09:37:59,3,37,19.2,72,3.7,1011.0,1.4,1.7,12,131.1,0
2017-01-01 09:40:59,3,37,19.2,72,3.7,1011.0,1.0,1.4,10,131.1,0
2017-01-01 09:43:59,3,37,19.2,72,3.8,1010.9,1.0,1.4,10,131.1,0
2017-01-01 09:46:59,3,37,19.2,72,3.8,1010.9,1.4,2.0,12,131.1,0
2017-01-01 09:49:59,3,37,19.2,71,3.8,1010.8,1.7,2.4,10,131.1,0
2017-01-01 09:52:59,3,37,19.2,71,3.8,1010.9,1.7,2.4,8,131.1,0
2017-01-01 09:55:59,3,37,19.2,71,3.9,1010.7,1.4,2.0,10,131.1,0
2017-01-01 09:58:59,3,37,19.2,71,4.0,1010.8,1.0,1.4,10,131.1,0
2017-01-01 10:01:59,3,37,19.2,71,4.0,1010.7,1.4,1.7,10,131.1,0
2017-01-01 10:04:59,3,37,19.2,71,4.1,1010.7,1.4,1.7,10,131.1,0
2017-01-01 10:07:59,3,37,19.2,71,4.1,1010.7,2.4,2.7,10,131.1,0
2017-01-01 10:10:59,3,37,19.1,71,4.1,1010.7,1.0,1.4,10,131.1,0
2017-01-01 10:13:59,3,37,19.1,71,4.1,1010.8,1.7,2.4,10,131.1,0
2017-01-01 10:16:59,3,37,19.1,71,4.2,1010.7,1.0,1.7,10,131.1,0
2017-01-01 10:19:59,3,37,19.1,70,4.2,1010.6,1.4,2.0,12,131.1,0
2017-01-01 10:22:59,3,37,19.1,70,4.3,1010.6,1.4,1.7,12,131.1,0
2017-01-01 10:25:59,3,37,19.1,70,4.3,1010.6,1.0,1.7,10,131.1,0
2017-01-01 10:28:59,3,37,19.1,70,4.3,1010.5,1.0,1.4,10,131.1,0
2017-01-01 10:31:59,3,37,19.1,70,4.3,1010.5,1.4,1.7,10,131.1,0
2017-01-01 10:34:59,3,37,19.1,70,4.3,1010.6,1.4,1.7,10,131.1,0
2017-01-01 10:37:59,3,37,19.1,70,4.4,1010.4,1.4,1.7,10,131.1,0
2017-01-01 10:40:59,3,37,19.1,70,4.4,1010.4,1.7,2.0,10,131.1,0
2017-01-01 10:43:59,3,37,19.0,70,4.4,1010.3,1.4,1.7,10,131.1,0
2017-01-01 10:46:59,3,37,19.0,70,4.4,1010.4,1.4,2.0,10,131.1,0
2017-01-01 10:49:59,3,37,19.0,70,4.5,1010.4,2.4,3.7,12,131.1,0
2017-01-01 10:52:59,3,37,19.0,70,4.5,1010.2,1.4,1.7,10,131.1,0
2017-01-01 10:55:59,3,37,19.0,70,4.5,1010.2,1.7,2.0,10,131.1,0
2017-01-01 10:58:59,3,37,19.0,70,4.5,1010.1,1.4,1.7,8,131.1,0
2017-01-01 11:01:59,3,37,19.0,70,4.5,1010.1,1.0,1.7,12,131.1,0
2017-01-01 11:04:59,3,37,19.0,70,4.5,1010.0,1.0,1.7,12,131.1,0
2017-01-01 11:07:59,3,38,18.9,70,4.5,1009.9,1.4,1.7,14,131.1,0
2017-01-01 11:10:59,3,38,18.9,70,4.6,1009.9,1.0,1.4,14,131.1,0
2017-01-01 11:13:59,3,38,18.9,70,4.6,1009.9,1.4,2.0,10,131.1,0
2017-01-01 11:16:59,3,38,18.9,70,4.6,1009.8,1.0,1.4,10,131.1,0
2017-01-01 11:19:59,3,38,18.9,70,4.7,1009.8,2.0,2.4,12,131.1,0
2017-01-01 11:22:59,3,38,18.8,70,4.8,1009.7,2.4,3.1,10,131.1,0
2017-01-01 11:25:59,3,38,18.8,69,4.8,1009.8,1.0,1.7,10,131.1,0
2017-01-01 11:28:59,3,38,18.8,70,4.8,1009.8,1.4,2.0,10,131.1,0
2017-01-01 11:31:59,3,38,18.8,70,4.9,1009.7,1.4,2.0,14,131.1,0
2017-01-01 11:34:59,3,38,18.8,70,4.9,1009.8,1.7,2.0,10,131.1,0
2017-01-01 11:37:59,3,38,18.8,70,4.9,1009.7,1.7,2.4,12,131.1,0
2017-01-01 11:40:59,3,38,18.8,70,4.9,1009.8,0.7,1.4,12,131.1,0
2017-01-01 11:43:59,3,38,18.8,70,4.9,1009.7,0.7,1.0,12,131.1,0
2017-01-01 11:46:59,3,38,18.8,70,4.9,1009.8,1.4,1.7,10,131.1,0
2017-01-01 11:49:59,3,38,18.7,70,4.8,1009.7,1.4,1.7,14,131.1,0
2017-01-01 11:52:59,3,38,18.7,70,4.8,1009.7,1.7,2.4,12,131.1,0
2017-01-01 11:55:59,3,38,18.6,70,4.7,1009.6,1.7,2.0,10,131.1,0
2017-01-01 11:58:59,3,38,18.6,70,4.7,1009.7,2.0,3.1,10,131.1,0
2017-01-01 12:01:59,3,38,18.6,70,4.6,1009.6,2.0,2.7,8,131.1,0
2017-01-01 12:04:59,3,38,18.6,70,4.6,1009.6,2.0,2.7,10,131.1,0
2017-01-01 12:07:59,3,38,18.6,70,4.6,1009.5,1.4,1.7,12,131.1,0
2017-01-01 12:10:59,3,38,18.6,70,4.6,1009.5,1.4,2.0,11,131.1,0
2017-01-01 12:13:59,3,38,18.6,71,4.6,1009.4,1.0,1.4,10,131.1,0
2017-01-01 12:16:59,3,38,18.5,71,4.6,1009.4,1.4,2.0,10,131.1,0
2017-01-01 12:19:59,3,38,18.5,71,4.6,1009.4,2.0,2.7,10,131.1,0
2017-01-01 12:22:59,3,38,18.5,71,4.6,1009.4,1.0,1.7,12,131.1,0
2017-01-01 12:25:59,3,38,18.5,71,4.6,1009.3,0.7,1.0,12,131.1,0
2017-01-01 12:28:59,3,38,18.5,71,4.6,1009.3,1.7,2.4,10,131.1,0
2017-01-01 12:31:59,3,39,18.5,71,4.6,1009.3,1.0,1.4,12,131.1,0
2017-01-01 12:34:59,3,39,18.5,71,4.5,1009.3,1.4,2.0,10,131.1,0
2017-01-01 12:37:59,3,39,18.5,71,4.5,1009.3,1.4,1.7,10,131.1,0
2017-01-01 12:40:59,3,39,18.5,71,4.5,1009.3,3.1,4.4,12,131.1,0
2017-01-01 12:43:59,3,39,18.6,71,4.5,1009.3,1.7,2.4,14,131.1,0
2017-01-01 12:47:00,3,39,18.6,71,4.5,1009.3,2.0,3.7,10,131.1,0
2017-01-01 12:50:00,3,39,18.6,71,4.5,1009.1,1.4,2.0,10,131.1,0
2017-01-01 12:53:00,3,39,18.6,71,4.5,1009.3,1.0,1.7,10,131.1,0
2017-01-01 12:56:00,3,39,18.6,71,4.5,1009.1,2.0,2.7,12,131.1,0
2017-01-01 12:59:00,3,39,18.8,71,4.4,1009.1,1.0,1.7,10,131.1,0
2017-01-01 13:02:00,3,39,18.8,71,4.4,1009.2,1.0,1.4,11,131.1,0
2017-01-01 13:05:00,3,39,18.8,71,4.4,1009.2,1.0,1.4,11,131.1,0
2017-01-01 13:08:00,3,39,18.8,71,4.4,1009.2,2.4,3.1,12,131.1,0
2017-01-01 13:11:00,3,39,18.9,71,4.4,1009.3,2.0,2.4,12,131.1,0
2017-01-01 13:14:00,3,39,18.9,71,4.4,1009.3,1.4,2.0,10,131.1,0
2017-01-01 13:17:00,3,39,18.9,72,4.4,1009.3,0.7,1.0,10,131.1,0
2017-01-01 13:20:00,3,38,19.0,72,4.3,1009.2,1.4,1.7,10,131.1,0
2017-01-01 13:23:00,3,38,19.0,71,4.3,1009.1,2.4,3.1,12,131.1,0
2017-01-01 13:26:00,3,38,19.0,71,4.3,1009.2,1.4,1.7,10,131.1,0
2017-01-01 13:29:00,3,38,19.0,71,4.3,1009.2,1.7,2.4,12,131.1,0
2017-01-01 13:32:00,3,38,19.0,71,4.2,1009.2,1.4,2.0,12,131.1,0
2017-01-01 13:35:00,3,38,19.1,71,4.2,1009.2,2.7,3.4,12,131.1,0
2017-01-01 13:38:00,3,38,19.1,71,4.2,1009.2,1.7,2.4,12,131.1,0
2017-01-01 13:41:00,3,38,19.1,71,4.2,1009.3,1.7,2.4,10,131.1,0
2017-01-01 13:44:00,3,38,19.1,71,4.1,1009.3,1.7,2.0,8,131.1,0
2017-01-01 13:47:00,3,38,19.1,71,4.1,1009.3,2.0,2.7,10,131.1,0
2017-01-01 13:50:00,3,38,19.1,71,4.1,1009.3,1.0,1.7,11,131.1,0
2017-01-01 13:53:00,3,38,19.1,71,4.1,1009.4,1.0,1.4,12,131.1,0
2017-01-01 13:56:00,3,38,19.1,71,4.0,1009.3,2.4,3.1,12,131.1,0
2017-01-01 13:59:00,3,38,19.2,71,4.0,1009.3,1.0,1.7,10,131.1,0
2017-01-01 14:02:00,3,38,19.2,71,4.0,1009.3,1.7,2.4,8,131.1,0
2017-01-01 14:05:00,3,38,19.2,71,4.0,1009.4,1.4,2.0,10,131.1,0
2017-01-01 14:08:00,3,38,19.2,71,4.0,1009.3,1.4,2.0,11,131.1,0
2017-01-01 14:11:00,3,38,19.2,71,4.0,1009.3,1.4,1.7,8,131.1,0
2017-01-01 14:14:00,3,38,19.2,71,3.9,1009.3,1.4,1.7,12,131.1,0
2017-01-01 14:17:00,3,38,19.2,71,3.9,1009.2,2.4,3.1,10,131.1,0
2017-01-01 14:20:00,3,38,19.2,71,3.9,1009.2,2.0,3.1,10,131.1,0
2017-01-01 14:23:00,3,38,19.2,71,3.9,1009.2,1.0,1.7,10,131.1,0
2017-01-01 14:26:00,3,38,19.2,71,3.9,1009.2,1.0,1.4,10,131.1,0
2017-01-01 14:29:00,3,38,19.2,71,3.9,1009.2,1.7,2.4,10,131.1,0
2017-01-01 14:32:00,3,38,19.2,71,3.8,1009.2,1.4,2.0,10,131.1,0
2017-01-01 14:35:00,3,38,19.2,71,3.8,1009.3,1.7,2.4,10,131.1,0
2017-01-01 14:38:00,3,38,19.2,71,3.9,1009.1,1.0,1.4,10,131.1,0
2017-01-01 14:41:00,3,38,19.2,71,3.8,1009.1,1.0,1.7,6,131.1,0
2017-01-01 14:44:00,3,38,19.2,71,3.8,1009.2,1.0,1.4,10,131.1,0
2017-01-01 14:47:00,3,38,19.2,71,3.8,1009.0,1.0,1.4,10,131.1,0
2017-01-01 14:50:00,3,38,19.2,71,3.8,1009.1,1.0,2.0,12,131.1,0
2017-01-01 14:53:00,3,38,19.2,71,3.8,1009.0,1.0,1.7,10,131.1,0
2017-01-01 14:56:00,3,38,19.3,71,3.8,1009.0,1.4,2.0,14,131.1,0
2017-01-01 14:59:00,3,38,19.3,72,3.8,1008.9,1.0,1.4,10,131.1,0
2017-01-01 15:02:00,3,38,19.3,72,3.7,1009.0,0.7,1.0,10,131.1,0
2017-01-01 15:05:00,3,38,19.3,72,3.7,1008.9,0.7,1.0,10,131.1,0
2017-01-01 15:08:00,3,38,19.3,72,3.7,1008.9,1.0,1.7,10,131.1,0
2017-01-01 15:11:00,3,38,19.3,72,3.7,1009.0,1.0,1.4,10,131.1,0
2017-01-01 15:14:00,3,38,19.3,72,3.7,1008.9,0.7,1.0,10,131.1,0
2017-01-01 15:17:00,3,38,19.3,72,3.7,1009.0,1.4,2.0,10,131.1,0
2017-01-01 15:20:00,3,38,19.3,72,3.7,1009.0,1.0,1.4,10,131.1,0
2017-01-01 15:23:00,3,38,19.3,72,3.7,1008.8,0.7,1.0,10,131.1,0
2017-01-01 15:26:00,3,38,19.3,72,3.7,1008.8,1.0,1.7,12,131.1,0
2017-01-01 15:29:00,3,38,19.3,72,3.7,1009.0,1.0,1.4,10,131.1,0
2017-01-01 15:32:00,3,38,19.3,72,3.7,1008.8,0.7,1.0,10,131.1,0
2017-01-01 15:35:00,3,38,19.4,72,3.7,1008.8,1.7,2.4,8,131.1,0
2017-01-01 15:38:00,3,38,19.4,73,3.7,1008.8,0.7,1.0,10,131.1,0
2017-01-01 15:41:00,3,38,19.4,73,3.7,1009.0,1.4,1.7,12,131.1,0
2017-01-01 15:44:00,3,38,19.4,73,3.8,1008.9,0.7,1.0,10,131.1,0
2017-01-01 15:47:00,3,38,19.4,73,3.8,1008.9,1.0,1.7,10,131.1,0
2017-01-01 15:50:00,3,38,19.4,73,3.8,1008.9,0.7,1.0,10,131.1,0
2017-01-01 15:53:00,3,38,19.4,73,3.8,1008.9,0.7,1.0,12,131.1,0
2017-01-01 15:56:00,3,38,19.4,73,3.8,1008.8,1.0,1.4,10,131.1,0
2017-01-01 15:59:00,3,38,19.4,73,3.8,1008.7,0.7,1.0,10,131.1,0
2017-01-01 16:02:00,3,38,19.4,73,3.9,1008.7,0.7,1.0,10,131.1,0
2017-01-01 16:05:00,3,38,19.5,73,3.9,1008.7,1.4,2.0,10,131.1,0
2017-01-01 16:08:00,3,38,19.5,73,3.9,1008.6,1.0,1.7,12,131.1,0
2017-01-01 16:11:00,3,38,19.5,73,3.9,1008.6,1.4,1.7,10,131.1,0
2017-01-01 16:14:00,3,38,19.5,73,3.9,1008.8,0.3,0.7,12,131.1,0
2017-01-01 16:17:00,3,38,19.5,73,3.9,1008.8,0.7,1.4,8,131.1,0
2017-01-01 16:20:00,3,38,19.5,73,3.9,1008.8,1.0,1.4,11,131.1,0
2017-01-01 16:23:00,3,38,19.5,73,3.8,1008.6,1.0,1.4,8,131.1,0
2017-01-01 16:26:00,3,38,19.5,73,3.8,1008.7,1.0,1.4,10,131.1,0
2017-01-01 16:29:00,3,38,19.5,73,3.8,1008.7,1.0,1.4,10,131.1,0
2017-01-01 16:32:00,3,38,19.5,72,3.8,1008.7,0.3,1.0,10,131.1,0
2017-01-01 16:35:00,3,38,19.5,72,3.8,1008.6,1.0,1.4,10,131.1,0
2017-01-01 16:38:00,3,37,19.5,72,3.8,1008.7,1.0,1.4,10,131.1,0
2017-01-01 16:41:00,3,38,19.5,72,3.8,1008.7,1.0,1.4,8,131.1,0
2017-01-01 16:44:00,3,37,19.5,72,3.8,1008.7,1.0,1.4,10,131.1,0
2017-01-01 16:47:00,3,37,19.5,72,3.8,1008.7,1.0,1.4,10,131.1,0
2017-01-01 16:50:00,3,37,19.5,72,3.8,1008.6,0.7,1.0,12,131.1,0
2017-01-01 16:53:00,3,37,19.5,72,3.7,1008.7,0.7,1.0,12,131.1,0
2017-01-01 16:56:00,3,37,19.5,72,3.7,1008.6,1.0,1.4,10,131.1,0
2017-01-01 16:59:00,3,37,19.5,72,3.8,1008.7,1.4,1.7,10,131.1,0
2017-01-01 17:02:00,3,37,19.5,72,3.8,1008.7,1.0,1.4,12,131.1,0
2017-01-01 17:05:00,3,37,19.5,72,3.8,1008.6,1.0,1.4,12,131.1,0
2017-01-01 17:08:00,3,37,19.5,72,3.8,1008.5,1.0,1.7,10,131.1,0
2017-01-01 17:11:00,3,37,19.5,72,3.8,1008.5,0.7,1.0,10,131.1,0
2017-01-01 17:14:00,3,37,19.5,73,3.8,1008.4,0.7,1.0,10,131.1,0
2017-01-01 17:17:00,3,37,19.5,73,3.8,1008.5,1.0,1.4,10,131.1,0
2017-01-01 17:20:00,3,37,19.5,73,3.8,1008.4,1.4,2.0,10,131.1,0
2017-01-01 17:23:00,3,37,19.5,73,3.8,1008.4,0.7,1.4,9,131.1,0
2017-01-01 17:26:00,3,37,19.6,73,3.7,1008.3,0.7,1.0,10,131.1,0
2017-01-01 17:29:00,3,37,19.6,73,3.7,1008.3,0.7,1.0,10,131.1,0
2017-01-01 17:32:00,3,37,19.5,73,3.7,1008.4,0.7,1.0,10,131.1,0
2017-01-01 17:35:00,3,37,19.6,73,3.6,1008.3,0.7,1.0,8,131.1,0
2017-01-01 17:38:00,3,37,19.6,73,3.6,1008.4,1.0,1.4,10,131.1,0
2017-01-01 17:41:00,3,37,19.6,72,3.6,1008.4,0.3,0.7,10,131.1,0
2017-01-01 17:44:00,3,37,19.6,72,3.5,1008.4,0.7,1.0,10,131.1,0
2017-01-01 17:47:00,3,37,19.6,72,3.5,1008.3,1.4,1.7,10,131.1,0
2017-01-01 17:50:00,3,37,19.6,72,3.5,1008.4,0.7,1.0,12,131.1,0
2017-01-01 17:53:00,3,37,19.6,72,3.5,1008.4,0.7,1.0,12,131.1,0
2017-01-01 17:56:00,3,37,19.6,71,3.4,1008.4,0.3,0.7,10,131.1,0
2017-01-01 17:59:00,3,37,19.6,71,3.4,1008.5,1.0,1.7,10,131.1,0
2017-01-01 18:02:00,3,37,19.6,71,3.3,1008.4,0,0.3,10,131.1,0
2017-01-01 18:05:00,3,37,19.6,71,3.3,1008.3,1.0,1.4,10,131.1,0
2017-01-01 18:08:00,3,37,19.6,71,3.3,1008.5,0.3,0.7,12,131.1,0
2017-01-01 18:11:00,3,37,19.6,71,3.2,1008.3,0.7,0.7,10,131.1,0
2017-01-01 18:14:00,3,37,19.6,71,3.2,1008.3,0.3,1.0,8,131.1,0
2017-01-01 18:17:00,3,37,19.6,71,3.1,1008.2,0.3,1.0,12,131.1,0
2017-01-01 18:20:00,3,37,19.6,71,3.1,1008.1,0.3,0.7,10,131.1,0
2017-01-01 18:23:00,3,37,19.6,71,3.0,1008.2,0.3,0.7,12,131.1,0
2017-01-01 18:26:00,3,37,19.6,71,2.9,1008.3,0.3,0.7,10,131.1,0
2017-01-01 18:29:00,3,37,19.6,72,2.9,1008.2,0.3,0.7,11,131.1,0
2017-01-01 18:32:00,3,37,19.6,72,2.9,1008.4,0.7,1.0,10,131.1,0
2017-01-01 18:35:00,3,37,19.6,72,2.8,1008.3,0.7,1.0,10,131.1,0
2017-01-01 18:38:00,3,37,19.6,72,2.8,1008.3,0.7,1.0,10,131.1,0
2017-01-01 18:41:00,3,37,19.6,72,2.8,1008.3,0.7,1.0,10,131.1,0
2017-01-01 18:44:00,3,37,19.6,72,2.7,1008.3,0.3,0.7,10,131.1,0
2017-01-01 18:47:00,3,37,19.6,72,2.7,1008.3,0.3,0.7,10,131.1,0
2017-01-01 18:50:00,3,37,19.6,72,2.7,1008.3,1.4,1.7,8,131.1,0
2017-01-01 18:53:00,3,37,19.6,72,2.8,1008.2,0.7,1.0,8,131.1,0
2017-01-01 18:56:00,3,37,19.6,72,2.8,1008.2,0.3,0.7,12,131.1,0
2017-01-01 18:59:00,3,37,19.6,72,2.7,1008.2,1.0,1.4,8,131.1,0
2017-01-01 19:02:00,3,37,19.6,72,2.7,1008.3,1.0,1.4,8,131.1,0
2017-01-01 19:05:00,3,37,19.6,72,2.7,1008.3,1.0,1.4,8,131.1,0
2017-01-01 19:08:00,3,37,19.6,72,2.7,1008.2,0.7,1.0,10,131.1,0
2017-01-01 19:11:00,3,37,19.7,72,2.7,1008.1,0.3,0.7,10,131.1,0
2017-01-01 19:14:00,3,37,19.7,72,2.6,1008.2,0.7,1.0,10,131.1,0
2017-01-01 19:17:00,3,37,19.7,72,2.6,1008.2,0.7,1.0,12,131.1,0
2017-01-01 19:20:00,3,37,19.7,72,2.6,1008.2,0.7,1.0,10,131.1,0
2017-01-01 19:23:00,3,37,19.7,72,2.6,1008.2,0.7,0.7,4,131.1,0
2017-01-01 19:26:00,3,37,19.7,72,2.6,1008.1,1.0,1.7,12,131.1,0
2017-01-01 19:29:00,3,37,19.7,71,2.6,1008.2,0.3,1.0,10,131.1,0
2017-01-01 19:32:00,3,37,19.7,71,2.5,1008.2,0.3,0.7,12,131.1,0
2017-01-01 19:35:00,3,37,19.7,71,2.5,1008.2,1.4,1.7,10,131.1,0
2017-01-01 19:38:00,3,37,19.7,70,2.4,1008.2,1.0,1.0,10,131.1,0
2017-01-01 19:41:00,3,37,19.7,70,2.4,1008.2,0.7,1.4,10,131.1,0
2017-01-01 19:44:00,3,37,19.7,70,2.4,1008.2,0.7,1.0,10,131.1,0
2017-01-01 19:47:00,3,37,19.7,70,2.3,1008.1,1.0,1.4,12,131.1,0
2017-01-01 19:50:00,3,37,19.7,70,2.3,1008.1,1.0,1.4,10,131.1,0
2017-01-01 19:53:00,3,37,19.7,70,2.2,1008.1,0.7,1.4,10,131.1,0
2017-01-01 19:56:00,3,37,19.7,70,2.2,1008.1,0.7,1.0,10,131.1,0
2017-01-01 19:59:00,3,37,19.7,70,2.2,1008.2,1.0,1.4,10,131.1,0
2017-01-01 20:02:00,3,37,19.7,70,2.1,1008.2,0.7,1.0,12,131.1,0
2017-01-01 20:05:00,3,37,19.7,70,2.1,1008.2,0.7,1.0,10,131.1,0
2017-01-01 20:08:00,3,37,19.7,70,2.1,1008.2,1.0,1.4,10,131.1,0
2017-01-01 20:11:00,3,37,19.7,70,2.0,1008.2,0.7,1.0,10,131.1,0
2017-01-01 20:14:00,3,37,19.7,70,2.0,1008.3,1.4,1.7,10,131.1,0
2017-01-01 20:17:00,3,37,19.7,70,2.0,1008.4,1.0,1.4,10,131.1,0
2017-01-01 20:20:00,3,37,19.7,69,2.0,1008.4,1.0,1.4,12,131.1,0
2017-01-01 20:23:00,3,37,19.7,69,1.9,1008.4,0.7,1.0,12,131.1,0
2017-01-01 20:26:00,3,37,19.7,69,1.9,1008.3,1.0,1.7,10,131.1,0
2017-01-01 20:29:00,3,36,19.7,69,1.9,1008.3,1.4,2.0,10,131.1,0
2017-01-01 20:32:00,3,36,19.7,69,1.9,1008.2,1.0,1.4,10,131.1,0
2017-01-01 20:35:00,3,36,19.7,69,1.8,1008.2,1.4,1.7,10,131.1,0
2017-01-01 20:38:00,3,36,19.7,69,1.8,1008.1,0.7,1.0,10,131.1,0
2017-01-01 20:41:00,3,36,19.7,69,1.7,1008.2,1.4,2.4,10,131.1,0
2017-01-01 20:44:00,3,36,19.7,70,1.7,1008.2,1.4,1.7,10,131.1,0
2017-01-01 20:47:00,3,36,19.7,70,1.6,1008.2,1.0,1.7,12,131.1,0
2017-01-01 20:50:00,3,36,19.7,70,1.5,1008.2,0.7,1.0,9,131.1,0
2017-01-01 20:53:00,3,36,19.7,70,1.5,1008.2,1.0,1.4,12,131.1,0
2017-01-01 20:56:00,3,36,19.7,70,1.4,1008.2,1.4,2.0,8,131.1,0
2017-01-01 20:59:00,3,36,19.7,70,1.3,1008.2,1.4,1.7,10,131.1,0
2017-01-01 21:02:00,3,36,19.7,70,1.3,1008.1,0.7,1.4,10,131.1,0
2017-01-01 21:05:00,3,36,19.7,70,1.3,1008.1,0.7,1.4,10,131.1,0
2017-01-01 21:08:00,3,36,19.7,71,1.2,1008.1,1.0,1.7,10,131.1,0
2017-01-01 21:11:00,3,36,19.7,71,1.2,1008.0,0.7,1.4,10,131.1,0
2017-01-01 21:14:00,3,36,19.7,71,1.1,1008.0,0.7,1.0,10,131.1,0
2017-01-01 21:17:00,3,36,19.7,71,1.1,1007.8,1.0,1.4,12,131.1,0
2017-01-01 21:20:00,3,36,19.7,71,1.0,1008.0,1.0,1.4,12,131.1,0
2017-01-01 21:23:00,3,36,19.6,72,1.0,1007.8,1.4,2.0,13,131.1,0
2017-01-01 21:26:00,3,36,19.6,72,0.9,1007.9,1.0,2.4,10,131.1,0
2017-01-01 21:29:00,3,36,19.6,72,0.9,1008.0,1.4,2.0,11,131.1,0
2017-01-01 21:32:00,3,36,19.6,72,0.9,1008.0,1.4,1.7,11,131.1,0
2017-01-01 21:35:00,3,36,19.6,73,1.0,1007.9,0.7,1.0,10,131.1,0
2017-01-01 21:38:00,3,36,19.6,73,1.0,1007.9,1.0,1.4,12,131.1,0
2017-01-01 21:41:00,3,35,19.6,73,1.0,1007.9,1.4,1.7,12,131.1,0
2017-01-01 21:44:00,3,35,19.6,73,1.0,1007.8,1.4,2.0,8,131.1,0
2017-01-01 21:47:00,3,35,19.6,73,1.0,1007.7,2.0,2.4,10,131.1,0
2017-01-01 21:50:00,3,35,19.6,73,1.1,1007.7,1.4,2.0,10,131.1,0
2017-01-01 21:53:00,3,35,19.6,73,1.1,1007.8,0.7,1.0,10,131.1,0
2017-01-01 21:56:00,3,35,19.5,73,1.1,1007.7,1.4,2.0,10,131.1,0
2017-01-01 21:59:00,3,35,19.5,73,1.1,1007.7,0.7,1.4,10,131.1,0
2017-01-01 22:02:00,3,35,19.5,73,1.1,1007.6,1.0,1.7,10,131.1,0
2017-01-01 22:05:00,3,35,19.5,73,1.1,1007.7,2.0,2.4,12,131.1,0
2017-01-01 22:08:00,3,35,19.5,73,1.1,1007.7,1.0,1.7,8,131.1,0
2017-01-01 22:11:00,3,35,19.5,72,1.1,1007.7,1.0,1.4,10,131.1,0
2017-01-01 22:14:00,3,35,19.5,72,1.1,1007.7,1.0,2.0,10,131.1,0
2017-01-01 22:17:00,3,35,19.4,72,1.1,1007.8,1.0,1.7,10,131.1,0
2017-01-01 22:20:00,3,35,19.4,72,1.2,1007.8,1.0,2.0,10,131.1,0
2017-01-01 22:23:00,3,35,19.3,72,1.2,1007.7,1.7,2.4,12,131.1,0
2017-01-01 22:26:00,3,35,19.3,72,1.2,1007.7,1.4,2.4,10,131.1,0
2017-01-01 22:29:00,3,35,19.3,72,1.2,1007.7,0.7,1.4,12,131.1,0
2017-01-01 22:32:00,3,35,19.3,72,1.2,1007.7,0.7,1.0,10,131.1,0
2017-01-01 22:35:00,3,35,19.3,72,1.2,1007.7,1.4,2.4,10,131.1,0
2017-01-01 22:38:00,3,35,19.3,72,1.2,1007.6,1.0,1.4,10,131.1,0
2017-01-01 22:41:00,3,35,19.2,72,1.2,1007.7,1.4,1.7,12,131.1,0
2017-01-01 22:44:00,3,35,19.2,72,1.2,1007.7,1.4,2.0,10,131.1,0
2017-01-01 22:47:00,3,35,19.2,71,1.2,1007.6,0.7,1.4,12,131.1,0
2017-01-01 22:50:00,3,35,19.2,71,1.2,1007.8,1.4,2.4,12,131.1,0
2017-01-01 22:53:00,3,35,19.2,71,1.2,1007.7,1.0,1.7,10,131.1,0
2017-01-01 22:56:00,3,35,19.1,71,1.2,1007.7,0.7,1.4,10,131.1,0
2017-01-01 22:59:00,3,35,19.1,71,1.2,1007.8,1.0,1.7,12,131.1,0
2017-01-01 23:02:00,3,35,19.1,71,1.2,1007.7,1.7,2.7,10,131.1,0
2017-01-01 23:05:00,3,35,19.1,71,1.2,1007.6,1.7,2.7,10,131.1,0
2017-01-01 23:08:00,3,35,19.0,71,1.2,1007.6,1.0,1.4,10,131.1,0
2017-01-01 23:11:00,3,35,19.0,70,1.2,1007.6,1.0,1.7,12,131.1,0
2017-01-01 23:14:00,3,35,19.0,70,1.2,1007.6,1.7,2.7,14,131.1,0
2017-01-01 23:17:00,3,35,19.0,70,1.1,1007.6,1.7,2.7,12,131.1,0
2017-01-01 23:20:00,3,35,19.0,70,1.1,1007.5,2.7,3.4,10,131.1,0
2017-01-01 23:23:00,3,35,19.0,70,1.1,1007.6,2.0,2.7,10,131.1,0
2017-01-01 23:26:00,3,36,18.9,70,1.1,1007.6,1.7,2.7,11,131.1,0
2017-01-01 23:29:00,3,36,18.9,70,1.1,1007.5,2.0,2.7,12,131.1,0
2017-01-01 23:32:00,3,36,18.9,70,1.1,1007.6,2.0,2.4,12,131.1,0
2017-01-01 23:35:00,3,36,18.9,70,1.0,1007.6,1.7,2.4,8,131.1,0
2017-01-01 23:38:00,3,36,18.8,70,1.0,1007.6,1.7,2.4,8,131.1,0
2017-01-01 23:41:00,3,36,18.8,70,1.0,1007.6,1.0,1.4,10,131.1,0
2017-01-01 23:44:00,3,36,18.8,70,1.0,1007.6,1.0,1.4,12,131.1,0
2017-01-01 23:47:00,3,36,18.8,70,1.0,1007.5,1.0,1.7,12,131.1,0
2017-01-01 23:50:00,3,36,18.8,70,1.0,1007.5,1.4,1.7,14,131.1,0
2017-01-01 23:53:00,3,36,18.7,70,1.0,1007.6,1.4,2.4,12,131.1,0
2017-01-01 23:56:00,3,36,18.7,70,1.0,1007.6,2.0,2.7,12,131.1,0
2017-01-01 23:59:00,3,36,18.6,70,1.0,1007.5,1.4,1.7,14,131.1,0
