2017-01-28 00:00:59,3,28,18.7,76,-5.7,1015.7,0,0,2,153.9,0
2017-01-28 00:03:59,3,27,18.7,76,-5.8,1015.7,0,0,2,153.9,0
2017-01-28 00:06:59,3,27,18.6,76,-5.8,1015.7,0,0,2,153.9,0
2017-01-28 00:09:59,3,28,18.6,76,-5.8,1015.7,0,0,2,153.9,0
2017-01-28 00:12:59,3,28,18.6,76,-5.8,1015.8,0,0,0,153.9,0
2017-01-28 00:15:59,3,28,18.6,76,-5.8,1015.7,0,0,2,153.9,0
2017-01-28 00:18:59,3,28,18.5,76,-5.8,1015.7,0,0,2,153.9,0
2017-01-28 00:21:59,3,27,18.6,76,-5.9,1015.7,0,0,2,153.9,0
2017-01-28 00:24:59,3,27,18.5,76,-5.9,1015.6,0,0,2,153.9,0
2017-01-28 00:27:59,3,27,18.5,76,-5.9,1015.6,0,0,2,153.9,0
2017-01-28 00:30:59,3,27,18.5,76,-5.9,1015.7,0,0,2,153.9,0
2017-01-28 00:33:59,3,27,18.5,76,-6.0,1015.8,0,0,2,153.9,0
2017-01-28 00:36:59,3,27,18.5,76,-6.0,1015.7,0,0,0,153.9,0
2017-01-28 00:39:59,3,27,18.5,76,-6.0,1015.7,0,0,0,153.9,0
2017-01-28 00:42:59,3,27,18.4,76,-6.0,1015.7,0,0,0,153.9,0
2017-01-28 00:45:59,3,27,18.4,76,-6.0,1015.7,0,0,0,153.9,0
2017-01-28 00:48:59,3,27,18.4,76,-6.0,1015.7,0,0,0,153.9,0
2017-01-28 00:51:59,3,27,18.4,76,-6.0,1015.7,0,0,2,153.9,0
2017-01-28 00:54:59,3,27,18.4,76,-6.1,1015.7,0,0,2,153.9,0
2017-01-28 00:57:59,3,27,18.4,76,-6.1,1015.7,0,0,2,153.9,0
2017-01-28 01:00:59,3,27,18.4,76,-6.1,1015.6,0,0,2,153.9,0
2017-01-28 01:03:59,3,27,18.3,76,-6.1,1015.6,0,0,2,153.9,0
2017-01-28 01:06:59,3,27,18.3,76,-6.1,1015.7,0,0,2,153.9,0
2017-01-28 01:09:59,3,28,18.3,76,-6.1,1015.6,0.3,0.7,0,153.9,0
2017-01-28 01:12:59,3,28,18.3,76,-6.1,1015.5,0,0,0,153.9,0
2017-01-28 01:15:59,3,28,18.3,76,-6.2,1015.7,0,0,0,153.9,0
2017-01-28 01:18:59,3,28,18.3,76,-6.2,1015.5,0,0,0,153.9,0
2017-01-28 01:21:59,3,27,18.3,76,-6.2,1015.5,0,0,0,153.9,0
2017-01-28 01:24:59,3,27,18.3,76,-6.2,1015.4,0,0,2,153.9,0
2017-01-28 01:27:59,3,27,18.2,76,-6.3,1015.4,0,0,2,153.9,0
2017-01-28 01:30:59,3,27,18.2,76,-6.3,1015.5,0,0,2,153.9,0
2017-01-28 01:33:59,3,28,18.2,76,-6.3,1015.3,0,0,2,153.9,0
2017-01-28 01:36:59,3,28,18.1,76,-6.3,1015.3,0,0,2,153.9,0
2017-01-28 01:39:59,3,28,18.1,76,-6.3,1015.2,0,0,2,153.9,0
2017-01-28 01:42:59,3,28,18.1,76,-6.3,1015.3,0,0,2,153.9,0
2017-01-28 01:45:59,3,27,18.1,76,-6.4,1015.1,0,0,2,153.9,0
2017-01-28 01:48:59,3,27,18.1,76,-6.4,1015.2,0,0,2,153.9,0
2017-01-28 01:51:59,3,27,18.1,76,-6.3,1015.1,0,0,2,153.9,0
2017-01-28 01:54:59,3,27,18.1,76,-6.3,1015.2,0,0,2,153.9,0
2017-01-28 01:57:59,3,28,18.1,76,-6.3,1015.2,0.7,1.0,2,153.9,0
2017-01-28 02:00:59,3,28,18.1,77,-6.2,1015.1,0.3,0.7,2,153.9,0
2017-01-28 02:03:59,3,28,18.0,77,-6.3,1015.2,0,0,0,153.9,0
2017-01-28 02:06:59,3,28,18.0,77,-6.3,1015.1,0,0,0,153.9,0
2017-01-28 02:09:59,3,27,18.1,77,-6.3,1015.0,0,0,0,153.9,0
2017-01-28 02:12:59,3,27,18.0,77,-6.3,1015.1,0,0,0,153.9,0
2017-01-28 02:15:59,3,27,18.0,76,-6.4,1015.0,0,0,0,153.9,0
2017-01-28 02:18:59,3,27,18.0,76,-6.4,1015.0,0,0,0,153.9,0
2017-01-28 02:21:59,3,27,18.0,76,-6.4,1015.1,0,0,2,153.9,0
2017-01-28 02:24:59,3,27,18.0,76,-6.4,1015.1,0,0,2,153.9,0
2017-01-28 02:27:59,3,27,18.0,76,-6.4,1015.1,0,0,2,153.9,0
2017-01-28 02:30:59,3,27,18.0,76,-6.5,1015.0,0,0,2,153.9,0
2017-01-28 02:33:59,3,27,18.0,76,-6.5,1015.1,0,0,2,153.9,0
2017-01-28 02:36:59,3,27,18.0,76,-6.6,1015.0,0,0,2,153.9,0
2017-01-28 02:39:59,3,28,17.9,76,-6.6,1014.9,0,0.3,2,153.9,0
2017-01-28 02:42:59,3,28,17.9,76,-6.6,1015.0,0,0.3,2,153.9,0
2017-01-28 02:45:59,3,28,17.9,76,-6.5,1015.0,0.3,0.7,2,153.9,0
2017-01-28 02:48:59,3,28,17.9,76,-6.5,1015.0,0.3,0.7,2,153.9,0
2017-01-28 02:51:59,3,28,17.9,76,-6.5,1014.9,0.3,0.7,2,153.9,0
2017-01-28 02:54:59,3,28,17.9,76,-6.5,1015.0,0,0,2,153.9,0
2017-01-28 02:57:59,3,28,17.9,76,-6.6,1015.1,0,0,2,153.9,0
2017-01-28 03:00:59,3,28,17.9,76,-6.6,1015.0,0,0,2,153.9,0
2017-01-28 03:03:59,3,28,17.9,76,-6.6,1014.9,0,0,2,153.9,0
2017-01-28 03:06:59,3,28,17.9,76,-6.6,1015.0,0,0,2,153.9,0
2017-01-28 03:09:59,3,28,17.8,76,-6.7,1014.9,0,0,2,153.9,0
2017-01-28 03:12:59,3,28,17.8,76,-6.7,1014.9,0,0,2,153.9,0
2017-01-28 03:15:59,3,28,17.7,76,-6.8,1015.0,0,0,2,153.9,0
2017-01-28 03:18:59,3,28,17.8,76,-6.8,1014.9,0,0,2,153.9,0
2017-01-28 03:21:59,3,28,17.7,76,-6.8,1014.8,0.3,0.7,2,153.9,0
2017-01-28 03:24:59,3,28,17.7,76,-6.8,1014.8,0.3,0.7,0,153.9,0
2017-01-28 03:27:59,3,28,17.7,76,-6.8,1014.8,0,0.3,0,153.9,0
2017-01-28 03:30:59,3,28,17.7,76,-6.8,1014.8,0.3,0.3,0,153.9,0
2017-01-28 03:33:59,3,27,17.7,76,-6.8,1014.7,0.3,0.7,2,153.9,0
2017-01-28 03:36:59,3,27,17.7,76,-6.8,1014.7,0,0,2,153.9,0
2017-01-28 03:39:59,3,27,17.7,76,-6.8,1014.7,0,0,2,153.9,0
2017-01-28 03:42:59,3,27,17.7,76,-6.8,1014.6,0,0,2,153.9,0
2017-01-28 03:45:59,3,27,17.6,76,-6.7,1014.7,0,0,2,153.9,0
2017-01-28 03:48:59,3,27,17.6,77,-6.7,1014.6,0,0,0,153.9,0
2017-01-28 03:51:59,3,27,17.6,77,-6.8,1014.5,0,0,0,153.9,0
2017-01-28 03:54:59,3,27,17.6,77,-6.8,1014.5,0,0,0,153.9,0
2017-01-28 03:57:59,3,27,17.6,77,-6.8,1014.6,0,0,0,153.9,0
2017-01-28 04:00:59,3,27,17.6,77,-6.8,1014.5,0,0,0,153.9,0
2017-01-28 04:03:59,3,27,17.6,77,-6.8,1014.5,0,0,0,153.9,0
2017-01-28 04:06:59,3,27,17.6,77,-6.8,1014.7,0,0,0,153.9,0
2017-01-28 04:09:59,3,27,17.6,77,-6.8,1014.6,0,0,0,153.9,0
2017-01-28 04:12:59,3,27,17.6,77,-6.8,1014.6,0,0,0,153.9,0
2017-01-28 04:15:59,3,27,17.6,77,-6.8,1014.5,0,0,2,153.9,0
2017-01-28 04:18:59,3,27,17.6,77,-6.8,1014.5,0,0,0,153.9,0
2017-01-28 04:21:59,3,27,17.6,77,-6.8,1014.5,0,0,0,153.9,0
2017-01-28 04:24:59,3,27,17.6,77,-6.8,1014.5,0,0,0,153.9,0
2017-01-28 04:27:59,3,27,17.6,77,-6.8,1014.6,0,0,0,153.9,0
2017-01-28 04:30:59,3,28,17.5,77,-6.8,1014.6,0,0,2,153.9,0
2017-01-28 04:33:59,3,27,17.5,77,-6.8,1014.6,0,0,2,153.9,0
2017-01-28 04:36:59,3,27,17.5,77,-6.8,1014.6,0,0,2,153.9,0
2017-01-28 04:39:59,3,27,17.5,77,-6.8,1014.6,0,0,2,153.9,0
2017-01-28 04:42:59,3,27,17.5,77,-6.9,1014.6,0,0,0,153.9,0
2017-01-28 04:45:59,3,27,17.5,77,-6.9,1014.6,0,0,2,153.9,0
2017-01-28 04:48:59,3,27,17.5,77,-6.9,1014.5,0,0,0,153.9,0
2017-01-28 04:51:59,3,27,17.5,77,-6.9,1014.6,0,0,0,153.9,0
2017-01-28 04:54:59,3,27,17.5,77,-6.9,1014.5,0,0,2,153.9,0
2017-01-28 04:57:59,3,27,17.5,77,-6.9,1014.4,0.3,0.7,2,153.9,0
2017-01-28 05:00:59,3,27,17.5,77,-6.9,1014.6,0.3,0.7,2,153.9,0
2017-01-28 05:03:59,3,27,17.5,77,-6.9,1014.5,0.3,0.7,2,153.9,0
2017-01-28 05:06:59,3,27,17.5,76,-7.0,1014.6,0,0,2,153.9,0
2017-01-28 05:09:59,3,27,17.5,76,-7.0,1014.6,0,0,2,153.9,0
2017-01-28 05:12:59,3,27,17.5,76,-7.0,1014.6,0,0,2,153.9,0
2017-01-28 05:15:59,3,27,17.6,76,-7.1,1014.6,0,0.3,2,153.9,0
2017-01-28 05:18:59,3,27,17.6,76,-7.1,1014.7,0,0,2,153.9,0
2017-01-28 05:21:59,3,27,17.6,76,-7.1,1014.7,0,0,2,153.9,0
2017-01-28 05:24:59,3,27,17.6,76,-7.1,1014.8,0,0,2,153.9,0
2017-01-28 05:27:59,3,27,17.6,76,-7.1,1014.9,0,0,2,153.9,0
2017-01-28 05:30:59,3,28,17.6,76,-7.1,1014.9,0,0,2,153.9,0
2017-01-28 05:33:59,3,27,17.7,76,-7.1,1014.8,0,0,2,153.9,0
2017-01-28 05:36:59,3,27,17.7,76,-7.1,1014.8,0,0,2,153.9,0
2017-01-28 05:39:59,3,26,17.7,76,-7.1,1014.7,0,0,2,153.9,0
2017-01-28 05:42:59,3,26,17.7,76,-7.2,1014.7,0,0,2,153.9,0
2017-01-28 05:45:59,3,26,17.8,76,-7.2,1014.7,0,0,2,153.9,0
2017-01-28 05:48:59,3,26,17.8,76,-7.2,1014.8,0,0,2,153.9,0
2017-01-28 05:51:59,3,26,17.9,76,-7.2,1014.7,0,0,0,153.9,0
2017-01-28 05:54:59,3,26,17.9,76,-7.2,1014.9,0,0,2,153.9,0
2017-01-28 05:57:59,3,26,17.9,76,-7.2,1014.8,0,0,2,153.9,0
2017-01-28 06:00:59,3,26,17.9,76,-7.2,1014.8,0,0,2,153.9,0
2017-01-28 06:03:59,3,26,17.9,76,-7.2,1014.8,0,0,2,153.9,0
2017-01-28 06:06:59,3,26,18.0,76,-7.2,1014.8,0,0,2,153.9,0
2017-01-28 06:09:59,3,26,18.0,76,-7.2,1014.8,0,0,2,153.9,0
2017-01-28 06:12:59,3,26,18.0,76,-7.2,1014.8,0.3,0.7,4,153.9,0
2017-01-28 06:15:59,3,26,18.0,76,-7.2,1014.9,0.3,0.3,2,153.9,0
2017-01-28 06:18:59,3,26,18.0,76,-7.2,1014.8,0.7,1.0,2,153.9,0
2017-01-28 06:21:59,3,26,18.1,76,-7.3,1014.9,0.3,0.7,2,153.9,0
2017-01-28 06:24:59,3,26,18.1,76,-7.3,1014.8,0.3,0.7,4,153.9,0
2017-01-28 06:27:59,3,26,18.1,76,-7.3,1014.9,0.3,0.7,2,153.9,0
2017-01-28 06:30:59,3,26,18.1,76,-7.2,1014.8,0.3,0.7,2,153.9,0
2017-01-28 06:33:59,3,26,18.1,76,-7.2,1014.7,0.3,0.7,2,153.9,0
2017-01-28 06:36:59,3,26,18.1,76,-7.2,1014.7,0,0.3,2,153.9,0
2017-01-28 06:39:59,3,26,18.1,76,-7.3,1014.8,0,0.3,2,153.9,0
2017-01-28 06:42:59,3,26,18.1,76,-7.3,1014.9,0,0,2,153.9,0
2017-01-28 06:45:59,3,26,18.2,76,-7.3,1014.8,0,0,2,153.9,0
2017-01-28 06:48:59,3,26,18.2,76,-7.3,1014.8,0,0.3,2,153.9,0
2017-01-28 06:51:59,3,26,18.2,76,-7.3,1014.9,0,0,2,153.9,0
2017-01-28 06:54:59,3,26,18.2,76,-7.3,1014.9,0,0,2,153.9,0
2017-01-28 06:57:59,3,26,18.2,76,-7.2,1014.7,0.7,1.0,2,153.9,0
2017-01-28 07:00:59,3,26,18.2,76,-7.2,1014.9,0.3,0.7,2,153.9,0
2017-01-28 07:03:59,3,26,18.2,76,-7.2,1014.8,0.3,0.7,2,153.9,0
2017-01-28 07:06:59,3,26,18.3,76,-7.2,1014.8,0.3,0.7,2,153.9,0
2017-01-28 07:09:59,3,26,18.3,76,-7.2,1014.8,0.3,0.7,2,153.9,0
2017-01-28 07:12:59,3,26,18.3,76,-7.2,1014.8,0.3,0.7,4,153.9,0
2017-01-28 07:15:59,3,26,18.3,76,-7.0,1014.7,0.3,0.7,2,153.9,0
2017-01-28 07:18:59,3,26,18.3,76,-6.8,1014.7,0.3,0.7,2,153.9,0
2017-01-28 07:21:59,3,26,18.3,76,-6.7,1014.7,0.3,0.3,2,153.9,0
2017-01-28 07:24:59,3,26,18.3,77,-6.6,1014.8,0.3,0.7,0,153.9,0
2017-01-28 07:27:59,3,26,18.3,77,-6.5,1014.7,0.3,0.7,2,153.9,0
2017-01-28 07:30:59,3,26,18.3,77,-6.4,1014.8,0,0.3,4,153.9,0
2017-01-28 07:33:59,3,26,18.3,77,-6.3,1014.7,0,0.3,14,153.9,0
2017-01-28 07:36:59,3,26,18.3,77,-6.2,1014.8,0,0,0,153.9,0
2017-01-28 07:39:59,3,26,18.3,77,-6.1,1014.7,0,0,0,153.9,0
2017-01-28 07:42:59,3,26,18.4,77,-6.0,1014.7,0,0,0,153.9,0
2017-01-28 07:45:59,3,26,18.4,77,-6.0,1014.7,0,0,0,153.9,0
2017-01-28 07:48:59,3,26,18.4,77,-5.9,1014.6,0.3,0.7,0,153.9,0
2017-01-28 07:51:59,3,26,18.4,77,-5.9,1014.7,0.3,0.7,0,153.9,0
2017-01-28 07:54:59,3,26,18.4,77,-5.8,1014.7,0.3,0.7,2,153.9,0
2017-01-28 07:57:59,3,26,18.4,76,-5.7,1014.8,0,0,0,153.9,0
2017-01-28 08:00:59,3,27,18.4,76,-5.6,1014.7,0,0,0,153.9,0
2017-01-28 08:03:59,3,29,18.4,76,-5.6,1014.9,0,0,10,153.9,0
2017-01-28 08:06:59,3,29,18.4,76,-5.5,1014.8,0,0,0,153.9,0
2017-01-28 08:09:59,3,30,18.5,76,-5.5,1014.7,0.3,0.7,0,153.9,0
2017-01-28 08:12:59,3,30,18.6,76,-5.1,1014.8,0,0,14,153.9,0
2017-01-28 08:15:59,3,29,18.6,76,-4.9,1014.8,1.0,1.4,0,153.9,0
2017-01-28 08:18:59,3,29,18.8,76,-4.6,1014.8,0.7,1.0,2,153.9,0
2017-01-28 08:21:59,3,27,19.1,76,-4.4,1014.9,0.3,0.7,8,153.9,0
2017-01-28 08:24:59,3,26,19.4,76,-4.2,1014.8,0.7,1.0,0,153.9,0
2017-01-28 08:27:59,3,26,19.7,75,-4.0,1014.9,0.7,1.0,9,153.9,0
2017-01-28 08:30:59,3,26,19.8,75,-3.9,1015.0,0.3,0.7,4,153.9,0
2017-01-28 08:33:59,3,24,20.0,74,-3.7,1014.9,1.0,1.4,4,153.9,0
2017-01-28 08:36:59,3,24,20.2,73,-3.6,1014.9,0.7,1.0,4,153.9,0
2017-01-28 08:39:59,3,24,20.3,72,-3.5,1015.0,0.7,1.0,4,153.9,0
2017-01-28 08:42:59,3,24,20.4,71,-3.4,1014.9,1.0,1.4,14,153.9,0
2017-01-28 08:45:59,3,24,20.5,70,-3.3,1015.0,2.0,2.7,4,153.9,0
2017-01-28 08:48:59,3,24,20.5,69,-3.2,1014.9,2.0,2.4,6,153.9,0
2017-01-28 08:51:59,3,23,20.6,68,-3.1,1015.0,1.4,2.4,3,153.9,0
2017-01-28 08:54:59,3,24,20.7,67,-3.1,1015.0,1.4,1.7,10,153.9,0
2017-01-28 08:57:59,3,24,20.7,66,-3.0,1015.1,2.0,2.7,14,153.9,0
2017-01-28 09:00:59,3,23,20.9,66,-2.9,1015.1,0.7,1.0,8,153.9,0
2017-01-28 09:03:59,3,23,20.9,66,-2.9,1015.0,0.7,1.0,8,153.9,0
2017-01-28 09:06:59,3,23,20.9,64,-2.8,1015.0,1.0,1.4,6,153.9,0
2017-01-28 09:09:59,3,22,21.0,64,-2.7,1015.1,1.0,1.7,8,153.9,0
2017-01-28 09:12:59,3,21,21.1,64,-2.6,1014.9,1.0,2.0,8,153.9,0
2017-01-28 09:15:59,3,21,21.1,63,-2.6,1015.0,1.0,1.7,2,153.9,0
2017-01-28 09:18:59,3,22,21.1,63,-2.6,1015.1,2.7,3.4,12,153.9,0
2017-01-28 09:21:59,3,22,21.2,63,-2.5,1015.1,0.7,1.0,8,153.9,0
2017-01-28 09:24:59,3,22,21.2,63,-2.4,1015.1,1.0,1.7,8,153.9,0
2017-01-28 09:27:59,3,21,21.3,62,-2.3,1015.1,1.0,1.4,4,153.9,0
2017-01-28 09:30:59,3,21,21.3,62,-2.2,1015.0,1.0,1.4,10,153.9,0
2017-01-28 09:33:59,3,21,21.3,62,-2.1,1015.0,2.0,2.4,2,153.9,0
2017-01-28 09:36:59,3,21,21.3,62,-2.0,1015.0,1.0,1.7,4,153.9,0
2017-01-28 09:39:59,3,21,21.2,61,-2.0,1014.8,1.7,2.4,4,153.9,0
2017-01-28 09:42:59,3,21,21.1,61,-1.9,1014.8,1.0,2.0,7,153.9,0
2017-01-28 09:45:59,3,21,21.0,61,-1.7,1014.8,1.4,1.7,8,153.9,0
2017-01-28 09:48:59,3,23,20.9,61,-1.1,1014.7,1.0,1.7,4,153.9,0
2017-01-28 09:51:59,3,24,20.7,60,-0.6,1014.7,1.4,2.0,4,153.9,0
2017-01-28 09:54:59,3,23,20.6,59,-0.3,1014.7,0.7,1.4,10,153.9,0
2017-01-28 09:57:59,3,23,20.5,57,0.1,1014.6,2.0,3.1,5,153.9,0
2017-01-28 10:00:59,3,23,20.4,55,0.4,1014.6,1.4,2.0,8,153.9,0
2017-01-28 10:03:59,3,23,20.4,54,0.5,1014.5,1.0,2.0,4,153.9,0
2017-01-28 10:06:59,3,24,20.3,54,0.6,1014.5,1.0,1.4,10,153.9,0
2017-01-28 10:09:59,3,24,20.2,53,0.6,1014.6,2.0,2.7,8,153.9,0
2017-01-28 10:12:59,3,24,20.1,53,0.5,1014.5,2.7,3.7,4,153.9,0
2017-01-28 10:15:59,3,24,20.1,53,0.6,1014.5,1.4,1.7,2,153.9,0
2017-01-28 10:18:59,3,24,20.0,53,0.9,1014.4,0.7,1.4,4,153.9,0
2017-01-28 10:21:59,3,24,20.0,53,1.3,1014.4,1.7,2.4,4,153.9,0
2017-01-28 10:24:59,3,26,19.8,52,1.1,1014.3,2.0,2.7,6,153.9,0
2017-01-28 10:27:59,3,25,19.8,52,1.4,1014.3,0.7,1.0,6,153.9,0
2017-01-28 10:30:59,3,25,19.7,52,1.4,1014.3,2.4,3.4,10,153.9,0
2017-01-28 10:33:59,3,26,19.7,51,1.5,1014.3,1.4,2.4,6,153.9,0
2017-01-28 10:36:59,3,25,19.6,51,1.5,1014.5,1.0,2.0,4,153.9,0
2017-01-28 10:39:59,3,25,19.6,50,1.5,1014.3,2.4,3.1,8,153.9,0
2017-01-28 10:42:59,3,26,19.6,50,1.3,1014.2,2.4,3.1,6,153.9,0
2017-01-28 10:45:59,3,26,19.5,51,1.3,1014.1,1.7,2.4,6,153.9,0
2017-01-28 10:48:59,3,26,19.4,50,1.2,1014.1,0.7,2.4,4,153.9,0
2017-01-28 10:51:59,3,25,19.3,50,1.1,1014.2,2.0,2.4,5,153.9,0
2017-01-28 10:54:59,3,26,19.3,51,1.1,1014.0,0.7,1.0,10,153.9,0
2017-01-28 10:57:59,3,26,19.3,51,1.1,1014.0,1.7,2.4,10,153.9,0
2017-01-28 11:00:59,3,26,19.2,50,1.3,1014.0,2.0,2.7,2,153.9,0
2017-01-28 11:03:59,3,26,19.2,50,1.3,1013.9,2.0,2.7,2,153.9,0
2017-01-28 11:06:59,3,26,19.2,50,1.3,1013.9,2.0,2.7,2,153.9,0
2017-01-28 11:09:59,3,27,19.1,50,1.9,1014.0,1.0,2.0,10,153.9,0
2017-01-28 11:12:59,3,27,19.1,50,2.0,1013.9,1.4,1.7,4,153.9,0
2017-01-28 11:15:59,3,27,19.1,50,1.8,1013.7,1.7,2.0,4,153.9,0
2017-01-28 11:18:59,3,27,19.0,50,1.7,1013.6,2.0,2.4,10,153.9,0
2017-01-28 11:21:59,3,27,19.0,50,1.7,1013.7,1.4,2.0,6,153.9,0
2017-01-28 11:24:59,3,27,19.0,50,1.8,1013.8,1.0,2.0,8,153.9,0
2017-01-28 11:27:59,3,26,19.0,50,2.1,1013.7,2.0,2.7,10,153.9,0
2017-01-28 11:30:59,3,27,18.9,50,2.2,1013.5,1.0,1.7,3,153.9,0
2017-01-28 11:33:59,3,27,18.9,50,2.1,1013.5,2.0,2.7,5,153.9,0
2017-01-28 11:36:59,3,27,18.8,50,2.0,1013.6,2.0,2.7,4,153.9,0
2017-01-28 11:39:59,3,27,18.8,50,2.3,1013.6,1.0,2.0,8,153.9,0
2017-01-28 11:42:59,3,27,18.8,50,2.2,1013.4,2.7,3.1,8,153.9,0
2017-01-28 11:45:59,3,27,18.8,50,2.5,1013.3,1.4,1.7,10,153.9,0
2017-01-28 11:48:59,3,27,18.8,50,2.7,1013.3,1.7,2.4,10,153.9,0
2017-01-28 11:51:59,3,28,18.6,49,3.0,1013.2,0.7,1.0,3,153.9,0
2017-01-28 11:54:59,3,27,18.6,49,3.0,1013.3,0.7,1.0,14,153.9,0
2017-01-28 11:57:59,3,27,18.6,47,2.7,1013.2,1.4,1.4,8,153.9,0
2017-01-28 12:00:59,3,27,18.6,47,2.8,1013.2,1.4,2.4,10,153.9,0
2017-01-28 12:03:59,3,27,18.6,48,3.1,1013.2,1.0,1.4,10,153.9,0
2017-01-28 12:06:59,3,28,18.5,47,3.3,1013.2,1.4,1.7,6,153.9,0
2017-01-28 12:09:59,3,27,18.5,47,3.1,1013.2,1.0,1.7,6,153.9,0
2017-01-28 12:12:59,3,27,18.5,47,3.1,1013.1,1.4,2.4,3,153.9,0
2017-01-28 12:15:59,3,28,18.5,47,2.8,1013.2,1.4,2.0,8,153.9,0
2017-01-28 12:18:59,3,28,18.5,47,2.6,1013.1,2.0,2.7,2,153.9,0
2017-01-28 12:21:59,3,28,18.5,48,2.5,1013.1,1.7,2.0,8,153.9,0
2017-01-28 12:24:59,3,28,18.5,48,2.9,1013.0,1.4,1.7,4,153.9,0
2017-01-28 12:27:59,3,28,18.5,47,3.0,1013.0,1.4,2.0,10,153.9,0
2017-01-28 12:30:59,3,28,18.5,47,2.8,1013.0,1.7,2.7,4,153.9,0
2017-01-28 12:33:59,3,28,18.5,48,2.9,1012.9,0.7,1.4,4,153.9,0
2017-01-28 12:36:59,3,28,18.5,47,3.0,1012.9,2.0,3.1,4,153.9,0
2017-01-28 12:39:59,3,28,18.5,46,2.5,1012.8,1.7,2.7,4,153.9,0
2017-01-28 12:42:59,3,28,18.5,47,2.5,1012.7,1.0,1.7,4,153.9,0
2017-01-28 12:45:59,3,28,18.5,48,2.8,1012.8,1.7,2.0,8,153.9,0
2017-01-28 12:48:59,3,28,18.5,47,2.8,1012.8,2.0,2.4,5,153.9,0
2017-01-28 12:51:59,3,28,18.5,47,2.3,1012.7,3.1,3.7,4,153.9,0
2017-01-28 12:54:59,3,28,18.5,48,1.7,1012.8,1.7,2.7,2,153.9,0
2017-01-28 12:57:59,3,28,18.6,50,1.7,1012.8,0.7,1.0,8,153.9,0
2017-01-28 13:00:59,3,28,18.6,50,1.7,1012.8,1.7,2.4,6,153.9,0
2017-01-28 13:03:59,3,28,18.6,50,1.7,1012.8,1.7,2.4,6,153.9,0
2017-01-28 13:06:59,3,28,18.6,50,1.4,1012.7,2.0,2.4,10,153.9,0
2017-01-28 13:09:59,3,28,18.7,51,1.4,1012.8,0.7,1.4,2,153.9,0
2017-01-28 13:12:59,3,28,18.7,51,1.6,1012.7,1.0,1.4,0,153.9,0
2017-01-28 13:15:59,3,28,18.8,50,1.6,1012.7,1.0,1.4,12,153.9,0
2017-01-28 13:18:59,3,28,18.8,51,1.6,1012.7,0.3,1.0,8,153.9,0
2017-01-28 13:21:59,3,28,18.8,50,1.6,1012.7,1.0,1.7,2,153.9,0
2017-01-28 13:24:59,3,28,18.9,50,1.7,1012.8,1.4,2.0,3,153.9,0
2017-01-28 13:27:59,3,28,18.9,50,1.7,1012.8,1.0,1.7,4,153.9,0
2017-01-28 13:30:59,3,28,18.9,51,1.7,1012.9,0.7,1.7,9,153.9,0
2017-01-28 13:33:59,3,27,19.0,51,1.7,1012.8,0.7,1.0,4,153.9,0
2017-01-28 13:36:59,3,27,19.0,51,1.6,1012.8,1.4,2.7,10,153.9,0
2017-01-28 13:39:59,3,27,19.0,51,1.7,1012.8,0.7,1.0,4,153.9,0
2017-01-28 13:42:59,3,28,19.0,51,1.8,1012.8,0.7,1.4,10,153.9,0
2017-01-28 13:45:59,3,28,19.0,51,1.6,1012.9,1.4,2.4,4,153.9,0
2017-01-28 13:48:59,3,28,19.0,51,1.5,1012.9,2.4,2.7,4,153.9,0
2017-01-28 13:51:59,3,28,19.0,51,1.6,1012.9,1.4,2.0,10,153.9,0
2017-01-28 13:54:59,3,27,19.1,50,1.6,1012.8,1.4,2.4,9,153.9,0
2017-01-28 13:57:59,3,27,19.1,51,1.6,1012.8,1.0,1.4,8,153.9,0
2017-01-28 14:00:59,3,27,19.1,51,1.6,1012.8,0.7,1.0,8,153.9,0
2017-01-28 14:03:59,3,27,19.1,51,1.5,1012.7,1.0,1.7,4,153.9,0
2017-01-28 14:06:59,3,28,19.1,51,1.4,1012.7,1.7,2.7,6,153.9,0
2017-01-28 14:09:59,3,28,19.1,51,1.3,1012.8,2.0,3.1,8,153.9,0
2017-01-28 14:12:59,3,28,19.2,51,1.1,1012.8,2.0,3.1,8,153.9,0
2017-01-28 14:15:59,3,28,19.2,51,1.1,1012.8,1.0,1.7,8,153.9,0
2017-01-28 14:18:59,3,29,19.2,51,1.0,1012.7,1.0,1.7,0,153.9,0
2017-01-28 14:21:59,3,28,19.2,52,1.0,1012.8,0.7,1.0,4,153.9,0
2017-01-28 14:25:00,3,28,19.2,52,0.9,1012.8,2.4,2.7,4,153.9,0
2017-01-28 14:28:00,3,29,19.2,52,0.8,1012.9,1.0,1.4,7,153.9,0
2017-01-28 14:31:00,3,29,19.2,52,0.8,1012.8,0.7,1.0,4,153.9,0
2017-01-28 14:34:00,3,28,19.2,52,0.8,1013.0,0.7,1.0,10,153.9,0
2017-01-28 14:37:00,3,28,19.2,52,0.7,1013.0,1.0,1.4,8,153.9,0
2017-01-28 14:40:00,3,28,19.2,52,0.7,1013.0,1.4,2.0,8,153.9,0
2017-01-28 14:43:00,3,29,19.2,52,0.7,1012.9,1.4,2.0,8,153.9,0
2017-01-28 14:46:00,3,28,19.3,52,0.8,1013.0,0.7,1.4,2,153.9,0
2017-01-28 14:49:00,3,28,19.3,52,0.9,1013.0,0.3,1.0,4,153.9,0
2017-01-28 14:52:00,3,28,19.3,52,0.9,1012.9,0.7,1.0,2,153.9,0
2017-01-28 14:55:00,3,28,19.3,52,0.8,1013.0,1.7,2.4,4,153.9,0
2017-01-28 14:58:00,3,28,19.3,52,0.7,1013.0,1.0,1.4,6,153.9,0
2017-01-28 15:01:00,3,28,19.3,53,0.6,1012.9,1.4,2.0,6,153.9,0
2017-01-28 15:04:00,3,28,19.3,53,0.6,1013.0,1.4,2.0,6,153.9,0
2017-01-28 15:07:00,3,28,19.3,53,0.5,1012.9,1.4,2.0,4,153.9,0
2017-01-28 15:10:00,3,28,19.3,53,0.4,1012.9,1.0,1.4,6,153.9,0
2017-01-28 15:13:00,3,28,19.4,53,0.3,1012.9,1.0,1.7,8,153.9,0
2017-01-28 15:16:00,3,28,19.4,53,0.2,1013.0,1.0,1.4,2,153.9,0
2017-01-28 15:19:00,3,28,19.4,53,0.1,1012.9,2.0,2.4,6,153.9,0
2017-01-28 15:22:00,3,28,19.4,54,0.1,1012.9,1.4,2.0,6,153.9,0
2017-01-28 15:25:00,3,28,19.4,54,0,1013.0,0.3,0.7,15,153.9,0
2017-01-28 15:28:00,3,28,19.5,54,-0.1,1012.9,0.3,0.7,0,153.9,0
2017-01-28 15:31:00,3,28,19.5,54,-0.2,1012.9,0.3,0.7,4,153.9,0
2017-01-28 15:34:00,3,27,19.5,55,-0.3,1013.0,1.0,1.4,8,153.9,0
2017-01-28 15:37:00,3,27,19.5,55,-0.4,1013.0,0.3,0.7,5,153.9,0
2017-01-28 15:40:00,3,27,19.5,55,-0.5,1013.0,1.4,2.0,5,153.9,0
2017-01-28 15:43:00,3,27,19.5,56,-0.5,1013.0,0.7,1.0,4,153.9,0
2017-01-28 15:46:00,3,27,19.5,56,-0.5,1013.0,1.0,1.4,6,153.9,0
2017-01-28 15:49:00,3,27,19.5,56,-0.6,1013.0,0.3,0.7,4,153.9,0
2017-01-28 15:52:00,3,27,19.5,56,-0.7,1013.0,0.7,1.0,4,153.9,0
2017-01-28 15:55:00,3,27,19.6,56,-0.7,1012.9,0.3,1.0,4,153.9,0
2017-01-28 15:58:00,3,27,19.6,56,-0.8,1013.0,0.7,1.0,14,153.9,0
2017-01-28 16:01:00,3,27,19.6,57,-0.9,1012.9,1.0,1.4,6,153.9,0
2017-01-28 16:04:00,3,27,19.6,57,-0.9,1012.9,0.3,0.7,2,153.9,0
2017-01-28 16:07:00,3,27,19.6,57,-0.9,1012.9,0.7,1.0,10,153.9,0
2017-01-28 16:10:00,3,27,19.6,57,-1.0,1012.9,0.3,0.3,8,153.9,0
2017-01-28 16:13:00,3,27,19.6,57,-1.0,1012.9,0.7,1.4,4,153.9,0
2017-01-28 16:16:00,3,27,19.6,58,-1.0,1012.9,0.3,0.7,8,153.9,0
2017-01-28 16:19:00,3,27,19.6,58,-1.0,1013.0,0,0.3,12,153.9,0
2017-01-28 16:22:00,3,27,19.6,58,-1.1,1013.1,0,0.3,8,153.9,0
2017-01-28 16:25:00,3,27,19.6,58,-1.2,1013.0,0.7,1.0,6,153.9,0
2017-01-28 16:28:00,3,27,19.6,58,-1.2,1013.0,0.3,1.0,8,153.9,0
2017-01-28 16:31:00,3,27,19.6,59,-1.2,1012.9,0.3,0.7,11,153.9,0
2017-01-28 16:34:00,3,27,19.6,59,-1.2,1012.9,0.7,1.0,0,153.9,0
2017-01-28 16:37:00,3,27,19.6,59,-1.3,1013.0,0.7,1.0,4,153.9,0
2017-01-28 16:40:00,3,27,19.6,59,-1.3,1013.0,0,0,4,153.9,0
2017-01-28 16:43:00,3,27,19.6,59,-1.4,1013.0,1.4,2.0,10,153.9,0
2017-01-28 16:46:00,3,27,19.6,60,-1.3,1013.0,1.0,1.4,4,153.9,0
2017-01-28 16:49:00,3,27,19.6,60,-1.3,1013.0,0.7,1.0,4,153.9,0
2017-01-28 16:52:00,3,27,19.6,60,-1.3,1013.0,0.3,0.7,8,153.9,0
2017-01-28 16:55:00,3,27,19.6,60,-1.4,1013.0,0.3,0.7,4,153.9,0
2017-01-28 16:58:00,3,27,19.6,60,-1.5,1013.0,0.3,0.7,2,153.9,0
2017-01-28 17:01:00,3,27,19.6,60,-1.5,1012.9,1.0,1.7,8,153.9,0
2017-01-28 17:04:00,3,27,19.6,60,-1.5,1012.9,1.0,1.7,8,153.9,0
2017-01-28 17:07:00,3,27,19.6,60,-1.6,1012.9,0.3,0.7,4,153.9,0
2017-01-28 17:10:00,3,27,19.6,60,-1.6,1012.9,0.3,0.7,10,153.9,0
2017-01-28 17:13:00,3,27,19.6,60,-1.7,1013.0,0.3,0.7,4,153.9,0
2017-01-28 17:16:00,3,27,19.6,60,-1.7,1012.9,0.3,0.7,14,153.9,0
2017-01-28 17:19:00,3,27,19.6,60,-1.8,1012.9,0.3,0.7,7,153.9,0
2017-01-28 17:22:00,3,26,19.6,60,-1.8,1013.0,0.7,1.0,10,153.9,0
2017-01-28 17:25:00,3,26,19.6,60,-1.8,1013.0,1.0,1.4,8,153.9,0
2017-01-28 17:28:00,3,26,19.6,60,-1.8,1012.9,0,0.3,10,153.9,0
2017-01-28 17:31:00,3,26,19.6,61,-1.8,1012.9,0.3,0.7,4,153.9,0
2017-01-28 17:34:00,3,26,19.6,61,-1.8,1012.9,0.7,1.0,6,153.9,0
2017-01-28 17:37:00,3,26,19.6,61,-1.8,1012.8,1.0,1.4,8,153.9,0
2017-01-28 17:40:00,3,26,19.6,61,-1.8,1012.8,0.3,0.7,6,153.9,0
2017-01-28 17:43:00,3,26,19.6,61,-1.8,1012.9,0.3,1.0,4,153.9,0
2017-01-28 17:46:00,3,26,19.6,61,-1.8,1012.9,0.3,1.0,4,153.9,0
2017-01-28 17:49:00,3,26,19.6,61,-1.8,1012.9,1.0,1.4,6,153.9,0
2017-01-28 17:52:00,3,26,19.6,61,-1.8,1012.9,1.0,1.4,4,153.9,0
2017-01-28 17:55:00,3,26,19.6,61,-1.8,1012.9,0.3,0.7,4,153.9,0
2017-01-28 17:58:00,3,26,19.6,61,-1.8,1012.9,1.0,1.4,0,153.9,0
2017-01-28 18:01:00,3,26,19.6,61,-1.9,1013.0,1.0,1.4,4,153.9,0
2017-01-28 18:04:00,3,26,19.6,61,-1.8,1012.8,1.0,1.4,4,153.9,0
2017-01-28 18:07:00,3,26,19.6,61,-1.8,1012.8,0.7,1.0,4,153.9,0
2017-01-28 18:10:00,3,26,19.6,61,-1.8,1012.8,0.3,1.0,4,153.9,0
2017-01-28 18:13:00,3,26,19.6,61,-1.9,1012.9,0,0.3,6,153.9,0
2017-01-28 18:16:00,3,26,19.6,61,-2.0,1012.9,1.0,1.4,10,153.9,0
2017-01-28 18:19:00,3,26,19.6,61,-2.0,1012.8,0,0.3,14,153.9,0
2017-01-28 18:22:00,3,26,19.6,61,-2.1,1012.9,0,0,12,153.9,0
2017-01-28 18:25:00,3,26,19.6,61,-2.1,1012.9,0,0.3,12,153.9,0
2017-01-28 18:28:00,3,26,19.6,61,-2.1,1012.9,1.4,2.0,5,153.9,0
2017-01-28 18:31:00,3,27,19.6,61,-2.1,1012.8,0.3,0.7,8,153.9,0
2017-01-28 18:34:00,3,26,19.6,61,-2.1,1012.8,0.7,1.0,4,153.9,0
2017-01-28 18:37:00,3,26,19.6,61,-2.1,1012.7,0.3,0.7,4,153.9,0
2017-01-28 18:40:00,3,26,19.6,61,-2.0,1012.8,1.0,1.4,4,153.9,0
2017-01-28 18:43:00,3,26,19.6,61,-2.0,1012.7,0.3,0.7,4,153.9,0
2017-01-28 18:46:00,3,26,19.6,61,-2.0,1012.7,0.7,1.0,3,153.9,0
2017-01-28 18:49:00,3,26,19.6,61,-2.1,1012.7,0,0.3,6,153.9,0
2017-01-28 18:52:00,3,26,19.6,61,-2.1,1012.7,1.0,1.4,4,153.9,0
2017-01-28 18:55:00,3,26,19.6,61,-2.1,1012.7,1.7,2.0,8,153.9,0
2017-01-28 18:58:00,3,26,19.6,61,-2.2,1012.7,0.3,0.7,4,153.9,0
2017-01-28 19:01:00,3,26,19.6,61,-2.1,1012.6,0.7,1.0,8,153.9,0
2017-01-28 19:04:00,3,26,19.6,61,-2.1,1012.6,0.7,1.0,8,153.9,0
2017-01-28 19:07:00,3,26,19.6,61,-2.1,1012.5,0.7,1.0,8,153.9,0
2017-01-28 19:10:00,3,26,19.6,61,-2.1,1012.6,0.3,0.7,8,153.9,0
2017-01-28 19:13:00,3,26,19.6,61,-2.2,1012.6,0,0.3,10,153.9,0
2017-01-28 19:16:00,3,26,19.6,61,-2.2,1012.7,0.7,1.0,4,153.9,0
2017-01-28 19:19:00,3,26,19.6,61,-2.2,1012.7,0.3,1.0,4,153.9,0
2017-01-28 19:22:00,3,26,19.6,61,-2.2,1012.5,0.3,0.7,6,153.9,0
2017-01-28 19:25:00,3,26,19.6,61,-2.2,1012.7,0.3,0.7,8,153.9,0
2017-01-28 19:28:00,3,26,19.6,61,-2.2,1012.6,0.7,1.0,4,153.9,0
2017-01-28 19:31:00,3,26,19.6,61,-2.2,1012.5,0.7,1.4,10,153.9,0
2017-01-28 19:34:00,3,26,19.6,61,-2.2,1012.5,0.7,1.0,4,153.9,0
2017-01-28 19:37:00,3,26,19.6,61,-2.2,1012.5,0,0,7,153.9,0
2017-01-28 19:40:00,3,26,19.6,61,-2.3,1012.5,0,0.3,6,153.9,0
2017-01-28 19:43:00,3,26,19.6,61,-2.3,1012.5,0.3,0.7,14,153.9,0
2017-01-28 19:46:00,3,26,19.6,61,-2.3,1012.6,0.7,1.0,10,153.9,0
2017-01-28 19:49:00,3,26,19.6,61,-2.3,1012.3,1.0,1.4,4,153.9,0
2017-01-28 19:52:00,3,26,19.6,61,-2.2,1012.5,0,0.3,8,153.9,0
2017-01-28 19:55:00,3,26,19.6,61,-2.3,1012.6,0.7,1.0,15,153.9,0
2017-01-28 19:58:00,3,26,19.6,61,-2.3,1012.5,0.3,0.7,8,153.9,0
2017-01-28 20:01:00,3,26,19.6,61,-2.3,1012.5,0.3,0.7,8,153.9,0
2017-01-28 20:04:00,3,26,19.6,61,-2.4,1012.5,0.3,0.7,4,153.9,0
2017-01-28 20:07:00,3,26,19.6,61,-2.4,1012.5,0,0,2,153.9,0
2017-01-28 20:10:00,3,26,19.6,61,-2.4,1012.5,0.3,0.7,6,153.9,0
2017-01-28 20:13:00,3,26,19.6,61,-2.4,1012.6,0.3,0.3,10,153.9,0
2017-01-28 20:16:00,3,26,19.6,61,-2.4,1012.6,0.3,0.7,0,153.9,0
2017-01-28 20:19:00,3,26,19.6,62,-2.4,1012.6,0.3,0.7,8,153.9,0
2017-01-28 20:22:00,3,26,19.6,62,-2.5,1012.6,0.7,1.0,6,153.9,0
2017-01-28 20:25:00,3,26,19.6,62,-2.5,1012.6,0.7,1.4,10,153.9,0
2017-01-28 20:28:00,3,26,19.6,62,-2.5,1012.6,0.7,1.0,8,153.9,0
2017-01-28 20:31:00,3,26,19.6,62,-2.5,1012.6,0.7,0.7,4,153.9,0
2017-01-28 20:34:00,3,26,19.6,62,-2.5,1012.6,1.0,1.4,4,153.9,0
2017-01-28 20:37:00,3,26,19.6,62,-2.4,1012.7,1.0,1.7,10,153.9,0
2017-01-28 20:40:00,3,26,19.6,62,-2.4,1012.7,0.3,0.7,9,153.9,0
2017-01-28 20:43:00,3,26,19.6,62,-2.5,1012.6,0.3,0.7,10,153.9,0
2017-01-28 20:46:00,3,26,19.6,62,-2.5,1012.6,1.0,1.7,4,153.9,0
2017-01-28 20:49:00,3,26,19.6,62,-2.6,1012.6,0.7,1.4,9,153.9,0
2017-01-28 20:52:00,3,25,19.6,62,-2.6,1012.6,0.3,0.7,4,153.9,0
2017-01-28 20:55:00,3,25,19.6,62,-2.6,1012.5,0.7,1.4,10,153.9,0
2017-01-28 20:58:00,3,25,19.6,62,-2.5,1012.5,0.3,0.7,8,153.9,0
2017-01-28 21:01:00,3,25,19.6,62,-2.6,1012.5,1.0,1.4,4,153.9,0
2017-01-28 21:04:00,3,25,19.6,62,-2.6,1012.6,1.0,1.4,4,153.9,0
2017-01-28 21:07:00,3,25,19.6,62,-2.6,1012.5,1.0,1.4,4,153.9,0
2017-01-28 21:10:00,3,25,19.6,62,-2.6,1012.7,0.3,0.7,13,153.9,0
2017-01-28 21:13:00,3,25,19.6,62,-2.5,1012.6,0,0.3,10,153.9,0
2017-01-28 21:16:00,3,25,19.6,62,-2.6,1012.5,1.0,2.0,8,153.9,0
2017-01-28 21:19:00,3,25,19.6,62,-2.6,1012.5,0.3,1.0,14,153.9,0
2017-01-28 21:22:00,3,25,19.5,62,-2.6,1012.6,0.7,1.4,14,153.9,0
2017-01-28 21:25:00,3,25,19.5,62,-2.6,1012.5,0.3,1.0,8,153.9,0
2017-01-28 21:28:00,3,25,19.5,62,-2.6,1012.6,0.3,1.0,10,153.9,0
2017-01-28 21:31:00,3,25,19.5,62,-2.6,1012.6,0.7,1.0,4,153.9,0
2017-01-28 21:34:00,3,25,19.5,62,-2.6,1012.5,0.3,0.7,4,153.9,0
2017-01-28 21:37:00,3,25,19.5,62,-2.7,1012.6,1.4,2.0,2,153.9,0
2017-01-28 21:40:00,3,25,19.5,62,-2.7,1012.7,0,0.3,4,153.9,0
2017-01-28 21:43:00,3,25,19.5,62,-2.7,1012.6,0.7,1.0,4,153.9,0
2017-01-28 21:46:00,3,25,19.4,62,-2.7,1012.7,0.3,0.7,6,153.9,0
2017-01-28 21:49:00,3,25,19.4,62,-2.7,1012.7,1.7,2.7,6,153.9,0
2017-01-28 21:52:00,3,25,19.3,62,-2.7,1012.8,0.3,0.7,8,153.9,0
2017-01-28 21:55:00,3,25,19.3,62,-2.8,1012.9,0.7,1.0,8,153.9,0
2017-01-28 21:58:00,3,25,19.3,62,-2.8,1012.8,1.0,1.4,14,153.9,0
2017-01-28 22:01:00,3,25,19.3,62,-2.8,1013.0,1.4,2.0,10,153.9,0
2017-01-28 22:04:00,3,25,19.3,62,-2.8,1012.9,0.7,1.0,10,153.9,0
2017-01-28 22:07:00,3,25,19.3,62,-2.8,1013.0,0.7,1.0,10,153.9,0
2017-01-28 22:10:00,3,25,19.3,62,-2.8,1013.0,0.7,1.4,6,153.9,0
2017-01-28 22:13:00,3,25,19.2,62,-2.8,1013.1,1.0,1.4,6,153.9,0
2017-01-28 22:16:00,3,25,19.2,62,-2.8,1013.1,0.7,1.0,10,153.9,0
2017-01-28 22:19:00,3,25,19.2,62,-2.8,1013.0,1.4,1.7,4,153.9,0
2017-01-28 22:22:00,3,25,19.2,62,-2.8,1013.0,0.7,1.4,8,153.9,0
2017-01-28 22:25:00,3,25,19.1,62,-2.8,1012.9,0.3,0.7,8,153.9,0
2017-01-28 22:28:00,3,25,19.1,62,-2.8,1013.0,0,0.7,4,153.9,0
2017-01-28 22:31:00,3,25,19.1,62,-2.8,1013.0,0.3,0.3,2,153.9,0
2017-01-28 22:34:00,3,25,19.1,62,-2.9,1013.0,0.3,0.7,9,153.9,0
2017-01-28 22:37:00,3,25,19.0,62,-2.9,1013.1,0.3,0.7,8,153.9,0
2017-01-28 22:40:00,3,25,19.0,62,-3.0,1013.1,0.3,1.0,2,153.9,0
2017-01-28 22:43:00,3,25,19.0,62,-3.0,1013.0,0.3,0.7,8,153.9,0
2017-01-28 22:46:00,3,25,19.0,62,-3.0,1013.0,0.3,0.7,4,153.9,0
2017-01-28 22:49:00,3,26,18.9,62,-3.1,1013.1,0,0.3,0,153.9,0
2017-01-28 22:52:00,3,26,18.9,63,-3.1,1013.1,0,0.3,10,153.9,0
2017-01-28 22:55:00,3,26,18.9,63,-3.1,1013.0,0.7,1.0,4,153.9,0
2017-01-28 22:58:00,3,26,18.8,63,-3.1,1013.0,0,0.3,2,153.9,0
