2017-01-24 00:00:01,3,31,18.3,82,-1.1,1018.5,0.3,1.0,10,153.9,0
2017-01-24 00:03:01,3,31,18.2,82,-1.1,1018.4,1.0,1.4,12,153.9,0
2017-01-24 00:06:01,3,31,18.2,82,-1.1,1018.4,0,0.3,8,153.9,0
2017-01-24 00:09:01,3,31,18.2,82,-1.1,1018.5,0.3,0.7,10,153.9,0
2017-01-24 00:12:01,3,31,18.2,82,-1.1,1018.6,0.3,0.7,12,153.9,0
2017-01-24 00:15:01,3,31,18.2,82,-1.1,1018.6,0.7,0.7,10,153.9,0
2017-01-24 00:18:01,3,30,18.1,82,-1.1,1018.6,0.3,0.7,14,153.9,0
2017-01-24 00:21:01,3,30,18.1,82,-1.1,1018.6,0.7,1.0,10,153.9,0
2017-01-24 00:24:01,3,30,18.1,82,-1.1,1018.6,0.7,1.0,14,153.9,0
2017-01-24 00:27:01,3,30,18.1,82,-1.1,1018.7,0.7,1.0,12,153.9,0
2017-01-24 00:30:01,3,31,18.1,82,-1.1,1018.6,1.7,2.0,8,153.9,0
2017-01-24 00:33:01,3,31,18.1,82,-1.1,1018.6,0.3,0.7,10,153.9,0
2017-01-24 00:36:01,3,31,18.1,82,-1.1,1018.5,0.7,1.4,10,153.9,0
2017-01-24 00:39:01,3,31,18.1,82,-1.1,1018.6,1.0,1.7,12,153.9,0
2017-01-24 00:42:01,3,30,18.0,82,-1.1,1018.7,0.3,0.7,10,153.9,0
2017-01-24 00:45:01,3,31,18.0,82,-1.1,1018.7,0.3,1.0,12,153.9,0
2017-01-24 00:48:01,3,31,18.0,82,-1.1,1018.7,0.7,1.0,10,153.9,0
2017-01-24 00:51:01,3,31,18.0,82,-1.1,1018.6,0.7,1.0,11,153.9,0
2017-01-24 00:54:01,3,31,18.0,82,-1.1,1018.7,0.3,0.7,10,153.9,0
2017-01-24 00:57:01,3,31,18.0,82,-1.1,1018.7,0.7,1.4,10,153.9,0
2017-01-24 01:00:01,3,31,18.0,82,-1.1,1018.7,0.3,0.7,12,153.9,0
2017-01-24 01:03:01,3,31,18.0,82,-1.1,1018.8,0.3,0.7,12,153.9,0
2017-01-24 01:06:01,3,31,18.0,82,-1.1,1018.6,0.3,0.7,12,153.9,0
2017-01-24 01:09:01,3,31,18.0,82,-1.1,1018.8,0.7,0.7,10,153.9,0
2017-01-24 01:12:01,3,29,17.9,82,-1.1,1018.7,0.7,1.0,12,153.9,0
2017-01-24 01:15:01,3,29,17.9,82,-1.1,1018.8,0.3,0.7,11,153.9,0
2017-01-24 01:18:01,3,29,17.9,82,-1.1,1018.8,0.3,0.7,10,153.9,0
2017-01-24 01:21:01,3,29,17.9,82,-1.1,1018.8,0.7,1.0,10,153.9,0
2017-01-24 01:24:01,3,29,17.9,82,-1.1,1018.8,0.7,1.4,10,153.9,0
2017-01-24 01:27:01,3,29,17.9,82,-1.1,1018.9,1.0,1.0,10,153.9,0
2017-01-24 01:30:01,3,29,17.9,82,-1.1,1018.8,0.7,1.0,8,153.9,0
2017-01-24 01:33:01,3,29,17.9,82,-1.1,1018.9,0.3,0.7,14,153.9,0
2017-01-24 01:36:01,3,29,17.8,82,-1.1,1018.9,0.7,1.0,10,153.9,0
2017-01-24 01:39:01,3,29,17.8,82,-1.1,1018.8,0.7,1.0,10,153.9,0
2017-01-24 01:42:01,3,29,17.9,82,-1.1,1018.8,0.3,0.7,12,153.9,0
2017-01-24 01:45:01,3,29,17.9,82,-1.1,1018.9,0,0,10,153.9,0
2017-01-24 01:48:01,3,29,17.8,82,-1.1,1018.7,1.0,1.4,12,153.9,0
2017-01-24 01:51:01,3,29,17.8,82,-1.1,1018.7,0.7,1.0,10,153.9,0
2017-01-24 01:54:01,3,29,17.8,82,-1.1,1018.7,0,0,14,153.9,0
2017-01-24 01:57:01,3,29,17.8,82,-1.1,1018.6,0.3,0.7,9,153.9,0
2017-01-24 02:00:01,3,29,17.7,82,-1.1,1018.6,0.3,0.7,10,153.9,0
2017-01-24 02:03:01,3,29,17.7,82,-1.1,1018.6,0.7,1.0,10,153.9,0
2017-01-24 02:06:01,3,29,17.7,82,-1.1,1018.6,0.7,1.0,12,153.9,0
2017-01-24 02:09:01,3,29,17.7,82,-1.1,1018.6,0.3,0.7,10,153.9,0
2017-01-24 02:12:01,3,29,17.7,82,-1.1,1018.6,0,0,10,153.9,0
2017-01-24 02:15:01,3,29,17.7,82,-1.1,1018.6,0.3,0.7,10,153.9,0
2017-01-24 02:18:01,3,29,17.7,82,-1.1,1018.6,0.3,0.7,10,153.9,0
2017-01-24 02:21:01,3,29,17.7,82,-1.1,1018.6,0.7,1.0,10,153.9,0
2017-01-24 02:24:01,3,29,17.7,82,-1.1,1018.6,0.7,1.0,8,153.9,0
2017-01-24 02:27:01,3,29,17.7,82,-1.1,1018.6,0.7,1.0,10,153.9,0
2017-01-24 02:30:01,3,29,17.7,82,-1.1,1018.5,0.7,1.0,8,153.9,0
2017-01-24 02:33:01,3,29,17.7,82,-1.1,1018.5,0.7,1.0,10,153.9,0
2017-01-24 02:36:01,3,29,17.7,82,-1.1,1018.6,0.3,0.7,12,153.9,0
2017-01-24 02:39:01,3,29,17.6,82,-1.1,1018.6,0.7,1.0,10,153.9,0
2017-01-24 02:42:01,3,29,17.6,82,-1.0,1018.6,0.3,0.7,14,153.9,0
2017-01-24 02:45:01,3,29,17.6,82,-1.0,1018.6,0.7,1.0,10,153.9,0
2017-01-24 02:48:01,3,29,17.6,82,-1.1,1018.6,0.3,0.7,8,153.9,0
2017-01-24 02:51:01,3,29,17.6,82,-1.1,1018.6,0.7,1.0,10,153.9,0
2017-01-24 02:54:01,3,29,17.6,82,-1.1,1018.6,0.7,1.0,12,153.9,0
2017-01-24 02:57:01,3,29,17.6,82,-1.1,1018.6,0,0,0,153.9,0
2017-01-24 03:00:01,3,29,17.6,82,-1.1,1018.7,0.7,1.0,10,153.9,0
2017-01-24 03:03:01,3,29,17.6,82,-1.1,1018.7,0.7,1.0,10,153.9,0
2017-01-24 03:06:01,3,29,17.6,82,-1.1,1018.7,0.7,1.0,10,153.9,0
2017-01-24 03:09:01,3,29,17.6,82,-1.1,1018.6,0.7,1.0,10,153.9,0
2017-01-24 03:12:01,3,29,17.6,82,-1.1,1018.7,0,0.3,8,153.9,0
2017-01-24 03:15:01,3,29,17.6,82,-1.1,1018.6,1.0,1.7,12,153.9,0
2017-01-24 03:18:01,3,29,17.6,82,-1.1,1018.5,0.3,1.0,8,153.9,0
2017-01-24 03:21:01,3,29,17.6,82,-1.1,1018.6,0.7,1.0,10,153.9,0
2017-01-24 03:24:01,3,29,17.6,82,-1.1,1018.5,0.7,1.0,10,153.9,0
2017-01-24 03:27:01,3,29,17.5,82,-1.1,1018.6,0.3,0.7,10,153.9,0
2017-01-24 03:30:01,3,29,17.5,82,-1.1,1018.6,0.3,0.7,10,153.9,0
2017-01-24 03:33:01,3,29,17.5,82,-1.1,1018.6,0.3,0.7,12,153.9,0
2017-01-24 03:36:01,3,29,17.5,82,-1.1,1018.7,0,0.3,10,153.9,0
2017-01-24 03:39:01,3,29,17.5,82,-1.0,1018.6,0,0.3,14,153.9,0
2017-01-24 03:42:01,3,29,17.5,82,-1.1,1018.7,0.7,1.0,10,153.9,0
2017-01-24 03:45:01,3,29,17.5,82,-1.1,1018.7,0.3,0.7,10,153.9,0
2017-01-24 03:48:01,3,29,17.5,82,-1.1,1018.6,1.0,1.4,12,153.9,0
2017-01-24 03:51:01,3,29,17.5,82,-1.1,1018.7,0,0,10,153.9,0
2017-01-24 03:54:01,3,29,17.5,82,-1.1,1018.6,0,0.3,14,153.9,0
2017-01-24 03:57:01,3,29,17.5,82,-1.1,1018.8,0,0.3,12,153.9,0
2017-01-24 04:00:01,3,29,17.5,82,-1.1,1018.7,0.7,1.0,10,153.9,0
2017-01-24 04:03:01,3,29,17.5,82,-1.1,1018.7,0.3,0.7,10,153.9,0
2017-01-24 04:06:01,3,29,17.5,82,-1.1,1018.7,0.7,1.0,12,153.9,0
2017-01-24 04:09:01,3,29,17.5,82,-1.1,1018.6,0.3,0.7,14,153.9,0
2017-01-24 04:12:01,3,29,17.5,82,-1.1,1018.6,0.3,0.7,10,153.9,0
2017-01-24 04:15:01,3,29,17.5,82,-1.1,1018.7,0.7,1.0,10,153.9,0
2017-01-24 04:18:01,3,29,17.4,82,-1.1,1018.7,0.7,1.0,12,153.9,0
2017-01-24 04:21:01,3,29,17.4,82,-1.1,1018.7,0.7,0.7,8,153.9,0
2017-01-24 04:24:01,3,29,17.4,82,-1.1,1018.7,0,0.3,12,153.9,0
2017-01-24 04:27:01,3,29,17.4,82,-1.1,1018.7,0.7,1.0,10,153.9,0
2017-01-24 04:30:01,3,29,17.4,82,-1.1,1018.7,0.7,1.0,10,153.9,0
2017-01-24 04:33:01,3,29,17.4,82,-1.1,1018.7,0.3,0.7,10,153.9,0
2017-01-24 04:36:01,3,29,17.4,82,-1.0,1018.7,0.7,1.0,10,153.9,0
2017-01-24 04:39:01,3,29,17.4,82,-1.1,1018.7,0.3,1.0,12,153.9,0
2017-01-24 04:42:01,3,29,17.4,82,-1.0,1018.7,0.3,0.7,12,153.9,0
2017-01-24 04:45:01,3,29,17.4,82,-1.0,1018.7,0.3,1.0,12,153.9,0
2017-01-24 04:48:01,3,29,17.4,82,-1.0,1018.8,0.7,0.7,10,153.9,0
2017-01-24 04:51:01,3,29,17.4,82,-1.0,1018.8,0.7,1.0,12,153.9,0
2017-01-24 04:54:01,3,29,17.4,82,-1.0,1018.7,0.3,0.7,10,153.9,0
2017-01-24 04:57:01,3,29,17.4,82,-1.0,1018.7,0.7,1.4,12,153.9,0
2017-01-24 05:00:01,3,29,17.4,82,-1.0,1018.6,0.7,1.0,14,153.9,0
2017-01-24 05:03:01,3,29,17.4,82,-1.0,1018.7,0.7,1.0,14,153.9,0
2017-01-24 05:06:01,3,29,17.4,82,-1.0,1018.7,0.7,1.0,14,153.9,0
2017-01-24 05:09:01,3,29,17.4,82,-1.0,1018.8,0.7,1.0,14,153.9,0
2017-01-24 05:12:01,3,29,17.5,82,-1.0,1018.7,1.0,1.4,12,153.9,0
2017-01-24 05:15:01,3,29,17.5,82,-1.0,1018.8,0,0.3,0,153.9,0
2017-01-24 05:18:01,3,29,17.5,82,-1.0,1018.8,1.0,1.4,10,153.9,0
2017-01-24 05:21:01,3,29,17.5,82,-1.0,1018.8,0.7,1.0,10,153.9,0
2017-01-24 05:24:01,3,29,17.6,82,-1.0,1018.8,0.7,1.0,12,153.9,0
2017-01-24 05:27:01,3,29,17.6,82,-1.0,1018.9,0,0.3,14,153.9,0
2017-01-24 05:30:01,3,29,17.6,82,-1.0,1018.9,0.7,1.0,10,153.9,0
2017-01-24 05:33:01,3,29,17.6,82,-1.0,1018.9,0,0.3,10,153.9,0
2017-01-24 05:36:01,3,29,17.7,82,-1.0,1018.9,0.7,1.0,12,153.9,0
2017-01-24 05:39:01,3,29,17.7,82,-1.0,1019.0,0.7,1.0,10,153.9,0
2017-01-24 05:42:01,3,29,17.7,82,-1.0,1018.9,0.3,1.0,10,153.9,0
2017-01-24 05:45:01,3,29,17.8,82,-1.0,1018.9,1.0,1.4,10,153.9,0
2017-01-24 05:48:01,3,29,17.9,82,-1.0,1019.0,0,0.3,14,153.9,0
2017-01-24 05:51:01,3,29,17.9,82,-1.0,1019.0,0.3,0.7,12,153.9,0
2017-01-24 05:54:01,3,29,17.9,82,-1.0,1019.1,0.3,1.0,12,153.9,0
2017-01-24 05:57:01,3,29,17.9,82,-1.0,1019.1,1.7,2.4,8,153.9,0
2017-01-24 06:00:01,3,29,17.9,82,-1.0,1019.2,0.3,0.7,11,153.9,0
2017-01-24 06:03:01,3,31,18.0,82,-1.0,1019.1,1.0,1.4,10,153.9,0
2017-01-24 06:06:01,3,31,18.0,82,-1.0,1019.1,0.7,1.0,10,153.9,0
2017-01-24 06:09:01,3,30,18.0,82,-0.9,1019.2,0,0.3,14,153.9,0
2017-01-24 06:12:01,3,30,18.0,82,-0.9,1019.3,0.3,0.7,8,153.9,0
2017-01-24 06:15:01,3,31,18.1,82,-0.9,1019.2,0.7,1.0,10,153.9,0
2017-01-24 06:18:01,3,30,18.1,82,-0.9,1019.3,0.3,0.7,10,153.9,0
2017-01-24 06:21:01,3,30,18.1,82,-0.9,1019.3,0.3,0.7,12,153.9,0
2017-01-24 06:24:01,3,31,18.2,82,-0.9,1019.2,0.7,1.0,10,153.9,0
2017-01-24 06:27:01,3,30,18.2,82,-0.9,1019.3,0,0.3,0,153.9,0
2017-01-24 06:30:01,3,31,18.2,82,-0.9,1019.4,0.3,0.7,14,153.9,0
2017-01-24 06:33:01,3,31,18.2,82,-0.9,1019.3,0.7,0.7,10,153.9,0
2017-01-24 06:36:01,3,29,18.3,82,-0.9,1019.5,0,0.3,12,153.9,0
2017-01-24 06:39:01,3,30,18.3,82,-0.9,1019.5,0.3,0.7,12,153.9,0
2017-01-24 06:42:01,3,31,18.3,82,-0.9,1019.6,0.3,0.7,12,153.9,0
2017-01-24 06:45:01,3,31,18.3,82,-0.9,1019.6,0,0,12,153.9,0
2017-01-24 06:48:01,3,31,18.3,82,-0.8,1019.6,0,0.3,10,153.9,0
2017-01-24 06:51:01,3,31,18.3,82,-0.8,1019.6,0.7,1.0,12,153.9,0
2017-01-24 06:54:01,3,31,18.3,82,-0.8,1019.6,1.0,1.4,14,153.9,0
2017-01-24 06:57:01,3,31,18.4,82,-0.8,1019.8,0.7,1.0,10,153.9,0
2017-01-24 07:00:01,3,31,18.4,82,-0.8,1019.8,0.3,0.7,10,153.9,0
2017-01-24 07:03:01,3,32,18.4,82,-0.8,1019.8,0.3,0.7,10,153.9,0
2017-01-24 07:06:01,3,32,18.4,82,-0.8,1019.9,0.3,0.7,10,153.9,0
2017-01-24 07:09:01,3,32,18.4,82,-0.8,1019.9,0.3,0.7,10,153.9,0
2017-01-24 07:12:01,3,32,18.4,82,-0.8,1020.0,0.3,0.7,10,153.9,0
2017-01-24 07:15:01,3,32,18.4,82,-0.8,1020.0,0.3,0.7,10,153.9,0
2017-01-24 07:18:01,3,32,18.5,82,-0.8,1020.1,0,0,10,153.9,0
2017-01-24 07:21:01,3,32,18.5,82,-0.8,1020.2,0,0,12,153.9,0
2017-01-24 07:24:01,3,32,18.5,82,-0.7,1020.1,0.3,0.7,10,153.9,0
2017-01-24 07:27:01,3,32,18.5,82,-0.7,1020.2,0.7,1.0,10,153.9,0
2017-01-24 07:30:01,3,32,18.5,82,-0.7,1020.2,0.3,0.7,12,153.9,0
2017-01-24 07:33:01,3,32,18.5,82,-0.7,1020.2,0.7,1.0,10,153.9,0
2017-01-24 07:36:01,3,32,18.6,82,-0.7,1020.3,0.3,0.7,10,153.9,0
2017-01-24 07:39:01,3,32,18.7,82,-0.7,1020.2,0,0.3,10,153.9,0
2017-01-24 07:42:01,3,32,18.9,82,-0.7,1020.3,0.7,1.0,12,153.9,0
2017-01-24 07:45:01,3,30,19.2,82,-0.7,1020.4,0.7,1.0,10,153.9,0
2017-01-24 07:48:01,3,30,19.4,82,-0.7,1020.5,0.3,0.7,12,153.9,0
2017-01-24 07:51:01,3,30,19.7,82,-0.6,1020.5,0,0.3,12,153.9,0
2017-01-24 07:54:01,3,30,19.8,82,-0.6,1020.6,1.0,1.4,10,153.9,0
2017-01-24 07:57:01,3,28,20.0,82,-0.6,1020.7,1.0,1.4,12,153.9,0
2017-01-24 08:00:01,3,28,20.1,82,-0.6,1020.7,0.3,1.0,12,153.9,0
2017-01-24 08:03:01,3,28,20.2,82,-0.6,1020.9,0,0.3,14,153.9,0
2017-01-24 08:06:01,3,27,20.3,82,-0.6,1020.8,0,0.3,12,153.9,0
2017-01-24 08:09:01,3,27,20.4,82,-0.6,1020.8,0.3,0.7,12,153.9,0
2017-01-24 08:12:01,3,26,20.5,82,-0.5,1020.9,1.4,1.7,10,153.9,0
2017-01-24 08:15:01,3,26,20.5,82,-0.5,1020.9,0.3,0.7,10,153.9,0
2017-01-24 08:18:01,3,26,20.6,82,-0.5,1021.1,1.0,1.4,12,153.9,0
2017-01-24 08:21:01,3,26,20.6,82,-0.5,1021.0,0.7,0.7,10,153.9,0
2017-01-24 08:24:01,3,27,20.7,82,-0.5,1021.0,0,0.3,14,153.9,0
2017-01-24 08:27:01,3,27,20.7,82,-0.5,1021.2,0.7,0.7,10,153.9,0
2017-01-24 08:30:01,3,26,20.9,82,-0.4,1021.2,0.3,0.7,14,153.9,0
2017-01-24 08:33:01,3,25,20.9,82,-0.4,1021.1,0,0.3,10,153.9,0
2017-01-24 08:36:01,3,25,21.0,82,-0.4,1021.1,0.3,0.7,10,153.9,0
2017-01-24 08:39:01,3,24,21.1,82,-0.4,1021.2,0.3,0.7,12,153.9,0
2017-01-24 08:42:01,3,24,21.1,82,-0.4,1021.3,0.3,0.7,12,153.9,0
2017-01-24 08:45:01,3,24,21.1,82,-0.3,1021.3,0.3,0.7,12,153.9,0
2017-01-24 08:48:01,3,24,21.2,82,-0.3,1021.3,0.7,1.0,12,153.9,0
2017-01-24 08:51:01,3,23,21.2,82,-0.3,1021.4,0.3,0.7,10,153.9,0
2017-01-24 08:54:01,3,23,21.2,82,-0.3,1021.4,0.7,1.0,12,153.9,0
2017-01-24 08:57:01,3,23,21.2,82,-0.3,1021.3,0.3,0.7,12,153.9,0
2017-01-24 09:00:01,3,24,21.2,82,-0.3,1021.3,0,0.3,14,153.9,0
2017-01-24 09:03:01,3,24,21.3,82,-0.3,1021.3,0,0.3,14,153.9,0
2017-01-24 09:06:01,3,23,21.3,82,-0.3,1021.4,0,0.3,14,153.9,0
2017-01-24 09:09:01,3,23,21.3,83,-0.2,1021.5,0.7,1.0,10,153.9,0
2017-01-24 09:12:01,3,23,21.4,83,-0.2,1021.4,0.3,0.7,14,153.9,0
2017-01-24 09:15:01,3,23,21.5,83,-0.2,1021.6,0,0.3,8,153.9,0
2017-01-24 09:18:01,3,23,21.3,83,-0.2,1021.5,0.3,0.7,12,153.9,0
2017-01-24 09:21:01,3,23,21.2,83,-0.2,1021.4,0.3,0.7,12,153.9,0
2017-01-24 09:24:01,3,23,21.1,83,-0.1,1021.5,0.7,1.0,10,153.9,0
2017-01-24 09:27:01,3,23,21.0,83,-0.1,1021.5,0,0.3,10,153.9,0
2017-01-24 09:30:01,3,23,21.0,83,-0.1,1021.6,0.3,0.7,10,153.9,0
2017-01-24 09:33:01,3,25,20.9,83,-0.1,1021.4,0.7,0.7,12,153.9,0
2017-01-24 09:36:01,3,26,20.7,83,-0.1,1021.5,0.3,0.7,12,153.9,0
2017-01-24 09:39:01,3,26,20.6,83,0,1021.4,0,0,0,153.9,0
2017-01-24 09:42:01,3,25,20.6,83,0,1021.4,0.3,0.7,14,153.9,0
2017-01-24 09:45:01,3,26,20.5,83,0,1021.4,0.7,1.0,0,153.9,0
2017-01-24 09:48:01,3,26,20.4,83,0,1021.4,0.3,0.7,14,153.9,0
2017-01-24 09:51:01,3,26,20.4,83,0,1021.5,0.7,1.0,14,153.9,0
2017-01-24 09:54:01,3,27,20.3,83,0.1,1021.5,0.3,0.7,14,153.9,0
2017-01-24 09:57:01,3,28,20.3,83,0.1,1021.4,0.7,1.0,14,153.9,0
2017-01-24 10:00:01,3,28,20.3,83,0.1,1021.4,0,0.3,14,153.9,0
2017-01-24 10:03:01,3,28,20.5,83,0.1,1021.5,0.3,0.3,0,153.9,0
2017-01-24 10:06:01,3,27,20.6,83,0.1,1021.5,0,0,0,153.9,0
2017-01-24 10:09:01,3,27,20.7,83,0.2,1021.6,0.3,0.7,12,153.9,0
2017-01-24 10:12:01,3,26,20.9,83,0.2,1021.6,0.3,0.7,14,153.9,0
2017-01-24 10:15:01,3,25,21.0,83,0.2,1021.7,0.3,0.7,14,153.9,0
2017-01-24 10:18:01,3,24,21.1,82,0.1,1021.7,0,0.7,14,153.9,0
2017-01-24 10:21:01,3,24,21.1,82,0.2,1021.7,0.7,1.0,4,153.9,0
2017-01-24 10:24:01,3,24,21.2,82,0.1,1021.8,0.7,1.0,14,153.9,0
2017-01-24 10:27:01,3,24,21.2,82,0.1,1021.7,0.7,1.0,12,153.9,0
2017-01-24 10:30:01,3,24,21.2,82,0.1,1021.8,0.7,1.0,14,153.9,0
2017-01-24 10:33:01,3,24,21.3,82,0.1,1021.8,1.0,1.7,14,153.9,0
2017-01-24 10:36:01,3,23,21.3,82,0.1,1021.9,0,0.3,14,153.9,0
2017-01-24 10:39:01,3,23,21.3,82,0.1,1021.8,0.3,0.7,14,153.9,0
2017-01-24 10:42:01,3,24,21.2,82,0.1,1021.9,0.3,0.7,14,153.9,0
2017-01-24 10:45:01,3,23,21.1,82,0.2,1021.8,0.3,0.7,12,153.9,0
2017-01-24 10:48:01,3,23,21.0,82,0.2,1021.8,0.7,1.0,13,153.9,0
2017-01-24 10:51:01,3,25,20.9,82,0.2,1021.7,0.7,1.0,12,153.9,0
2017-01-24 10:54:01,3,25,20.8,82,0.2,1021.8,1.0,1.4,12,153.9,0
2017-01-24 10:57:01,3,25,20.7,82,0.2,1021.9,0.3,0.7,12,153.9,0
2017-01-24 11:00:01,3,26,20.6,82,0.2,1021.8,0.3,0.7,14,153.9,0
2017-01-24 11:03:01,3,26,20.5,82,0.2,1021.8,0.3,0.7,14,153.9,0
2017-01-24 11:06:01,3,25,20.5,82,0.2,1021.8,0.3,0.7,14,153.9,0
2017-01-24 11:09:01,3,25,20.4,82,0.2,1021.7,0.3,0.7,14,153.9,0
2017-01-24 11:12:01,3,25,20.3,82,0.2,1021.8,0.7,1.4,10,153.9,0
2017-01-24 11:15:01,3,26,20.3,82,0.2,1021.7,0.3,0.7,14,153.9,0
2017-01-24 11:18:01,3,26,20.2,82,0.2,1021.6,0.3,0.7,10,153.9,0
2017-01-24 11:21:01,3,26,20.1,82,0.2,1021.6,0.7,1.0,12,153.9,0
2017-01-24 11:24:01,3,26,20.0,82,0.2,1021.7,0.3,0.7,12,153.9,0
2017-01-24 11:27:01,3,26,20.0,83,0.2,1021.6,0,0,14,153.9,0
2017-01-24 11:30:01,3,28,19.9,83,0.3,1021.6,0,0,10,153.9,0
2017-01-24 11:33:01,3,28,19.9,83,0.3,1021.6,0,0,14,153.9,0
2017-01-24 11:36:01,3,27,20.0,83,0.3,1021.6,0.7,1.0,12,153.9,0
2017-01-24 11:39:01,3,27,20.1,83,0.3,1021.7,0.3,0.7,12,153.9,0
2017-01-24 11:42:01,3,27,20.1,83,0.3,1021.7,0,0.3,14,153.9,0
2017-01-24 11:45:01,3,27,20.3,83,0.3,1021.7,0.7,1.4,14,153.9,0
2017-01-24 11:48:01,3,26,20.3,83,0.4,1021.7,0.7,1.0,12,153.9,0
2017-01-24 11:51:01,3,26,20.4,83,0.3,1021.8,0,0.3,14,153.9,0
2017-01-24 11:54:01,3,26,20.4,83,0.4,1021.8,0,0,12,153.9,0
2017-01-24 11:57:01,3,26,20.5,83,0.4,1021.8,0.7,1.0,14,153.9,0
2017-01-24 12:00:01,3,26,20.5,83,0.3,1021.8,0.3,0.7,14,153.9,0
2017-01-24 12:03:01,3,26,20.5,83,0.3,1021.9,0.3,0.7,14,153.9,0
2017-01-24 12:06:01,3,26,20.6,83,0.3,1021.9,0.7,1.4,14,153.9,0
2017-01-24 12:09:01,3,26,20.6,82,0.2,1022.0,0.7,1.0,12,153.9,0
2017-01-24 12:12:01,3,26,20.5,82,0.2,1021.9,0.3,0.7,14,153.9,0
2017-01-24 12:15:01,3,26,20.4,82,0.2,1021.8,0.3,0.7,8,153.9,0
2017-01-24 12:18:01,3,26,20.4,83,0.2,1021.8,0.7,1.0,14,153.9,0
2017-01-24 12:21:01,3,26,20.3,83,0.2,1021.8,0.7,1.0,10,153.9,0
2017-01-24 12:24:01,3,26,20.2,83,0.2,1021.8,1.4,1.7,12,153.9,0
2017-01-24 12:27:01,3,26,20.1,83,0.2,1021.8,0.3,0.7,10,153.9,0
2017-01-24 12:30:01,3,27,20.1,83,0.2,1021.8,0,0.3,0,153.9,0
2017-01-24 12:33:01,3,26,20.0,83,0.3,1021.8,0.3,1.0,10,153.9,0
2017-01-24 12:36:01,3,26,20.0,83,0.3,1021.7,0.3,0.7,12,153.9,0
2017-01-24 12:39:01,3,28,19.8,83,0.3,1021.6,0,0.3,14,153.9,0
2017-01-24 12:42:01,3,28,19.8,83,0.3,1021.8,0.3,0.7,14,153.9,0
2017-01-24 12:45:01,3,28,19.7,83,0.3,1021.7,0,0.3,14,153.9,0
2017-01-24 12:48:01,3,28,19.7,83,0.4,1021.7,0,0.7,14,153.9,0
2017-01-24 12:51:01,3,28,19.7,83,0.4,1021.7,0,0.3,14,153.9,0
2017-01-24 12:54:01,3,28,19.6,83,0.5,1021.7,0,0,14,153.9,0
2017-01-24 12:57:01,3,29,19.6,83,0.5,1021.8,0,0,0,153.9,0
2017-01-24 13:00:01,3,29,19.6,83,0.4,1021.7,0.7,1.4,14,153.9,0
2017-01-24 13:03:01,3,29,19.5,83,0.4,1021.7,0.7,1.4,14,153.9,0
2017-01-24 13:06:01,3,29,19.5,83,0.4,1021.6,0.7,1.4,14,153.9,0
2017-01-24 13:09:01,3,29,19.5,83,0.4,1021.6,0.3,0.7,14,153.9,0
2017-01-24 13:12:01,3,29,19.5,83,0.4,1021.8,0,0.3,12,153.9,0
2017-01-24 13:15:01,3,29,19.5,83,0.5,1021.7,0.7,1.0,12,153.9,0
2017-01-24 13:18:01,3,29,19.4,82,0.4,1021.8,0.3,1.0,14,153.9,0
2017-01-24 13:21:01,3,29,19.4,82,0.4,1021.7,0.3,0.7,10,153.9,0
2017-01-24 13:24:01,3,29,19.4,82,0.4,1021.8,0.3,0.7,14,153.9,0
2017-01-24 13:27:01,3,29,19.4,82,0.4,1021.9,0.3,0.7,14,153.9,0
2017-01-24 13:30:01,3,29,19.4,82,0.4,1021.9,0.7,1.0,14,153.9,0
2017-01-24 13:33:01,3,29,19.4,82,0.4,1022.0,0.3,0.7,14,153.9,0
2017-01-24 13:36:01,3,29,19.4,82,0.3,1022.0,0.7,1.0,14,153.9,0
2017-01-24 13:39:01,3,29,19.4,82,0.3,1022.0,0.3,0.7,0,153.9,0
2017-01-24 13:42:01,3,30,19.4,82,0.3,1022.0,0,0.3,14,153.9,0
2017-01-24 13:45:01,3,31,19.4,82,0.3,1022.0,0.3,0.7,14,153.9,0
2017-01-24 13:48:01,3,31,19.4,82,0.3,1022.0,0.7,1.7,0,153.9,0
2017-01-24 13:51:01,3,30,19.4,82,0.3,1021.9,0.3,1.0,14,153.9,0
2017-01-24 13:54:01,3,31,19.5,82,0.3,1022.0,0,0.3,14,153.9,0
2017-01-24 13:57:01,3,31,19.5,82,0.3,1022.1,0.7,1.0,14,153.9,0
2017-01-24 14:00:01,3,31,19.5,82,0.3,1022.1,0.7,1.0,0,153.9,0
2017-01-24 14:03:01,3,31,19.5,82,0.3,1022.0,0.7,1.0,14,153.9,0
2017-01-24 14:06:01,3,30,19.4,82,0.3,1021.9,0.3,0.7,10,153.9,0
2017-01-24 14:08:59,3,30,19.5,82,0.3,1022.0,0.7,1.4,10,153.9,0
2017-01-24 14:11:59,3,30,19.5,82,0.3,1022.0,0.7,1.0,14,153.9,0
2017-01-24 14:14:59,3,30,19.4,83,0.3,1022.0,0.3,0.7,10,153.9,0
2017-01-24 14:17:59,3,30,19.4,83,0.3,1022.0,0.3,0.7,10,153.9,0
2017-01-24 14:20:59,3,31,19.4,83,0.3,1022.1,0,0.3,12,153.9,0
2017-01-24 14:23:59,3,30,19.4,83,0.3,1022.0,0.3,0.7,12,153.9,0
2017-01-24 14:26:59,3,30,19.3,83,0.3,1022.0,0.7,1.0,10,153.9,0
2017-01-24 14:29:59,3,30,19.3,83,0.2,1022.1,1.0,1.4,14,153.9,0
2017-01-24 14:32:59,3,30,19.3,83,0.2,1022.1,0.7,1.7,12,153.9,0
2017-01-24 14:35:59,3,30,19.3,83,0.2,1022.2,0.3,1.4,10,153.9,0
2017-01-24 14:38:59,3,30,19.3,83,0.2,1022.2,0.3,0.7,14,153.9,0
2017-01-24 14:41:59,3,30,19.3,83,0.2,1022.1,0.3,0.7,12,153.9,0
2017-01-24 14:44:59,3,30,19.3,83,0.2,1022.2,0.7,1.0,12,153.9,0
2017-01-24 14:47:59,3,30,19.3,83,0.1,1022.2,0.7,1.0,0,153.9,0
2017-01-24 14:50:59,3,31,19.3,83,0.1,1022.3,0.3,0.7,14,153.9,0
2017-01-24 14:53:59,3,31,19.3,83,0.1,1022.3,0.7,1.0,14,153.9,0
2017-01-24 14:56:59,3,30,19.3,83,0.1,1022.4,0.3,0.7,14,153.9,0
2017-01-24 14:59:59,3,30,19.3,83,0.1,1022.4,0.3,0.7,12,153.9,0
2017-01-24 15:02:59,3,30,19.3,83,0.1,1022.4,0.3,0.7,12,153.9,0
2017-01-24 15:05:59,3,31,19.3,83,0.1,1022.4,0.3,0.7,12,153.9,0
2017-01-24 15:08:59,3,31,19.3,83,0.1,1022.3,0.3,0.7,12,153.9,0
2017-01-24 15:11:59,3,31,19.3,83,0.1,1022.4,0.7,1.0,14,153.9,0
2017-01-24 15:14:59,3,31,19.3,83,0.1,1022.4,0.7,1.0,12,153.9,0
2017-01-24 15:17:59,3,30,19.3,83,0.1,1022.5,1.4,1.7,8,153.9,0
2017-01-24 15:20:59,3,30,19.3,83,0.1,1022.4,0,0,14,153.9,0
2017-01-24 15:23:59,3,30,19.3,83,0.1,1022.5,0.7,1.0,10,153.9,0
2017-01-24 15:26:59,3,30,19.3,83,0.1,1022.4,0.3,0.7,12,153.9,0
2017-01-24 15:29:59,3,31,19.3,83,0.1,1022.4,0.3,0.7,14,153.9,0
2017-01-24 15:32:59,3,31,19.3,83,0.1,1022.3,0.3,0.7,14,153.9,0
2017-01-24 15:35:59,3,31,19.3,83,0.1,1022.5,0.3,0.7,14,153.9,0
2017-01-24 15:38:59,3,31,19.3,83,0.1,1022.5,0,0,12,153.9,0
2017-01-24 15:41:59,3,30,19.3,83,0.1,1022.5,0.3,0.7,14,153.9,0
2017-01-24 15:44:59,3,30,19.3,83,0.1,1022.6,0,0.3,10,153.9,0
2017-01-24 15:47:59,3,30,19.3,83,0.1,1022.6,0,0,14,153.9,0
2017-01-24 15:50:59,3,30,19.3,83,0.1,1022.6,0.7,1.0,14,153.9,0
2017-01-24 15:53:59,3,31,19.3,83,0.1,1022.5,0.3,0.7,14,153.9,0
2017-01-24 15:56:59,3,31,19.3,83,0.1,1022.7,0,0,12,153.9,0
2017-01-24 15:59:59,3,31,19.3,83,0.1,1022.7,0.7,1.0,12,153.9,0
2017-01-24 16:02:59,3,31,19.3,83,0.1,1022.7,0.7,1.0,14,153.9,0
2017-01-24 16:05:59,3,30,19.3,83,0.1,1022.7,0.3,1.0,10,153.9,0
2017-01-24 16:08:59,3,30,19.3,83,0.1,1022.7,0.7,1.4,14,153.9,0
2017-01-24 16:11:59,3,30,19.3,83,0.1,1022.7,0,0.3,0,153.9,0
2017-01-24 16:14:59,3,30,19.3,83,0.1,1022.7,0.3,1.0,12,153.9,0
2017-01-24 16:17:59,3,31,19.3,83,0.1,1022.7,0.3,0.7,12,153.9,0
2017-01-24 16:20:59,3,31,19.3,83,0.1,1022.8,0,0,12,153.9,0
2017-01-24 16:23:59,3,31,19.3,83,0.1,1022.8,0,0.3,12,153.9,0
2017-01-24 16:26:59,3,31,19.3,83,0.1,1022.8,0.3,0.7,8,153.9,0
2017-01-24 16:29:59,3,31,19.3,83,0.1,1022.8,0.3,0.7,0,153.9,0
2017-01-24 16:32:59,3,31,19.3,83,0.1,1022.8,1.0,1.0,14,153.9,0
2017-01-24 16:35:59,3,31,19.3,83,0.1,1022.8,0.3,0.7,10,153.9,0
2017-01-24 16:38:59,3,31,19.4,83,0.1,1022.9,0,0.3,12,153.9,0
2017-01-24 16:41:59,3,31,19.5,83,0.1,1022.9,1.0,1.0,14,153.9,0
2017-01-24 16:44:59,3,32,19.5,83,0.1,1022.9,0.3,0.7,10,153.9,0
2017-01-24 16:47:59,3,32,19.5,83,0.1,1022.9,0.7,1.0,12,153.9,0
2017-01-24 16:50:59,3,32,19.6,83,0.1,1022.8,0,0.3,10,153.9,0
2017-01-24 16:53:59,3,32,19.6,83,0.1,1022.9,0.3,0.7,14,153.9,0
2017-01-24 16:56:59,3,32,19.7,83,0.1,1023.0,0.7,1.0,12,153.9,0
2017-01-24 16:59:59,3,30,20.0,83,0.1,1023.1,0,0.3,14,153.9,0
2017-01-24 17:02:59,3,30,20.3,83,0.1,1023.0,0,0.3,14,153.9,0
2017-01-24 17:05:59,3,30,20.4,83,0.1,1023.1,0,0.3,14,153.9,0
2017-01-24 17:08:59,3,29,20.5,83,0.1,1023.1,0,0.3,14,153.9,0
2017-01-24 17:11:59,3,29,20.5,84,0.1,1023.2,0.7,1.0,14,153.9,0
2017-01-24 17:14:59,3,29,20.5,84,0.1,1023.1,0.3,0.7,14,153.9,0
2017-01-24 17:17:59,3,28,20.4,84,0.1,1023.1,0.3,0.7,14,153.9,0
2017-01-24 17:20:59,3,28,20.3,84,0.1,1023.1,0,0.3,14,153.9,0
2017-01-24 17:23:59,3,28,20.3,84,0.1,1023.1,0.3,0.7,12,153.9,0
2017-01-24 17:26:59,3,29,20.2,84,0.1,1023.0,0,0.3,8,153.9,0
2017-01-24 17:29:59,3,29,20.2,84,0.1,1023.1,0.7,1.0,10,153.9,0
2017-01-24 17:32:59,3,29,20.1,84,0.2,1023.1,0.7,1.4,14,153.9,0
2017-01-24 17:35:59,3,29,20.1,84,0.2,1023.0,0.3,0.7,14,153.9,0
2017-01-24 17:38:59,3,29,20.1,84,0.2,1023.1,0.3,0.7,12,153.9,0
2017-01-24 17:41:59,3,28,20.0,84,0.2,1023.1,0,0,13,153.9,0
2017-01-24 17:44:59,3,28,20.0,84,0.2,1023.1,0.7,1.0,12,153.9,0
2017-01-24 17:47:59,3,28,20.0,84,0.2,1023.1,0.3,0.7,10,153.9,0
2017-01-24 17:50:59,3,30,19.9,84,0.2,1023.3,0,0,12,153.9,0
2017-01-24 17:53:59,3,30,19.9,84,0.2,1023.2,0.3,0.7,14,153.9,0
2017-01-24 17:56:59,3,30,19.8,84,0.2,1023.1,0,0,10,153.9,0
2017-01-24 17:59:59,3,31,19.8,84,0.2,1023.1,0,0,10,153.9,0
2017-01-24 18:02:59,3,31,19.8,84,0.2,1023.2,0.3,0.7,10,153.9,0
2017-01-24 18:05:59,3,31,19.8,84,0.2,1023.2,1.0,1.4,10,153.9,0
2017-01-24 18:08:59,3,31,19.8,84,0.2,1023.2,0.7,1.0,14,153.9,0
2017-01-24 18:11:59,3,31,19.8,84,0.2,1023.3,0.3,0.7,14,153.9,0
2017-01-24 18:14:59,3,31,19.7,84,0.2,1023.3,0.3,0.3,10,153.9,0
2017-01-24 18:17:59,3,31,19.7,84,0.2,1023.3,0,0,14,153.9,0
2017-01-24 18:20:59,3,31,19.7,84,0.2,1023.3,0.3,0.3,14,153.9,0
2017-01-24 18:23:59,3,31,19.7,84,0.2,1023.3,0.3,0.7,12,153.9,0
2017-01-24 18:26:59,3,31,19.7,84,0.2,1023.3,0,0,12,153.9,0
2017-01-24 18:29:59,3,30,19.7,85,0.2,1023.3,0.3,0.7,0,153.9,0
2017-01-24 18:32:59,3,30,19.7,85,0.2,1023.3,0,0.3,14,153.9,0
2017-01-24 18:35:59,3,30,19.7,85,0.2,1023.4,0.7,1.4,15,153.9,0
2017-01-24 18:38:59,3,30,19.7,85,0.2,1023.4,0,0.3,14,153.9,0
2017-01-24 18:41:59,3,31,19.7,85,0.2,1023.4,0.3,0.7,10,153.9,0
2017-01-24 18:44:59,3,31,19.7,85,0.2,1023.3,0.3,0.7,12,153.9,0
2017-01-24 18:47:59,3,31,19.7,85,0.2,1023.3,0.3,0.7,0,153.9,0
2017-01-24 18:50:59,3,31,19.7,85,0.2,1023.3,0,0,14,153.9,0
2017-01-24 18:53:59,3,30,19.6,85,0.3,1023.4,0,0.3,14,153.9,0
2017-01-24 18:56:59,3,30,19.6,85,0.3,1023.4,0,0,14,153.9,0
2017-01-24 18:59:59,3,30,19.6,85,0.3,1023.4,0,0.3,14,153.9,0
2017-01-24 19:02:59,3,30,19.6,85,0.3,1023.4,0,0.3,14,153.9,0
2017-01-24 19:05:59,3,30,19.6,85,0.3,1023.5,0,0.3,14,153.9,0
2017-01-24 19:08:59,3,30,19.6,85,0.3,1023.5,0,0.3,14,153.9,0
2017-01-24 19:11:59,3,30,19.6,85,0.3,1023.4,1.4,2.0,12,153.9,0
2017-01-24 19:14:59,3,30,19.6,85,0.3,1023.5,0.3,0.7,12,153.9,0
2017-01-24 19:17:59,3,30,19.6,85,0.3,1023.6,0.7,1.0,10,153.9,0
2017-01-24 19:20:59,3,30,19.6,85,0.3,1023.4,1.4,2.0,12,153.9,0
2017-01-24 19:23:59,3,30,19.6,85,0.3,1023.4,1.4,1.7,10,153.9,0
2017-01-24 19:26:59,3,30,19.6,85,0.3,1023.4,1.0,1.4,10,153.9,0
2017-01-24 19:29:59,3,30,19.6,85,0.3,1023.4,1.0,1.7,10,153.9,0
2017-01-24 19:32:59,3,30,19.6,85,0.3,1023.4,1.7,2.0,11,153.9,0
2017-01-24 19:35:59,3,30,19.6,85,0.3,1023.4,1.0,1.4,14,153.9,0
2017-01-24 19:38:59,3,30,19.6,85,0.3,1023.5,0.3,1.0,12,153.9,0
2017-01-24 19:41:59,3,30,19.6,85,0.3,1023.5,1.0,1.7,10,153.9,0
2017-01-24 19:44:59,3,30,19.6,85,0.3,1023.3,1.4,1.7,10,153.9,0
2017-01-24 19:47:59,3,30,19.6,85,0.3,1023.3,1.0,1.4,12,153.9,0
2017-01-24 19:50:59,3,30,19.6,85,0.3,1023.4,1.0,1.4,12,153.9,0
2017-01-24 19:53:59,3,30,19.6,85,0.3,1023.4,1.0,1.7,10,153.9,0
2017-01-24 19:56:59,3,30,19.6,85,0.3,1023.3,0.3,0.7,10,153.9,0
2017-01-24 19:59:59,3,30,19.6,85,0.3,1023.3,1.0,1.4,9,153.9,0
2017-01-24 20:02:59,3,30,19.6,85,0.3,1023.5,0,0.3,14,153.9,0
2017-01-24 20:05:59,3,30,19.6,85,0.3,1023.4,0.7,1.0,10,153.9,0
2017-01-24 20:08:59,3,30,19.6,85,0.3,1023.5,0.3,0.7,10,153.9,0
2017-01-24 20:11:59,3,30,19.6,85,0.3,1023.5,0.3,0.7,8,153.9,0
2017-01-24 20:14:59,3,31,19.6,85,0.3,1023.5,0.3,0.7,0,153.9,0
2017-01-24 20:17:59,3,31,19.6,85,0.3,1023.7,0.3,0.7,12,153.9,0
2017-01-24 20:20:59,3,31,19.6,85,0.3,1023.6,0.3,0.7,0,153.9,0
2017-01-24 20:23:59,3,31,19.6,85,0.3,1023.6,0.7,1.0,10,153.9,0
2017-01-24 20:26:59,3,31,19.6,85,0.3,1023.6,0,0,12,153.9,0
2017-01-24 20:29:59,3,31,19.6,85,0.3,1023.7,0,0,14,153.9,0
2017-01-24 20:32:59,3,31,19.6,85,0.3,1023.6,0,0,10,153.9,0
2017-01-24 20:35:59,3,31,19.6,85,0.3,1023.6,0.3,0.7,12,153.9,0
2017-01-24 20:38:59,3,31,19.6,85,0.3,1023.8,0.3,0.7,12,153.9,0
2017-01-24 20:41:59,3,31,19.6,85,0.3,1023.9,0.7,1.0,14,153.9,0
2017-01-24 20:44:59,3,31,19.6,85,0.3,1023.9,0.3,0.7,14,153.9,0
2017-01-24 20:47:59,3,31,19.6,85,0.3,1023.8,1.0,1.4,14,153.9,0
2017-01-24 20:50:59,3,31,19.6,85,0.3,1023.9,0.7,1.4,14,153.9,0
2017-01-24 20:53:59,3,31,19.6,85,0.3,1024.0,1.0,1.4,14,153.9,0
2017-01-24 20:56:59,3,31,19.6,85,0.3,1023.9,1.0,1.7,6,153.9,0
2017-01-24 20:59:59,3,31,19.6,85,0.3,1023.9,0,0,0,153.9,0
2017-01-24 21:02:59,3,31,19.6,85,0.3,1024.0,0,0,0,153.9,0
2017-01-24 21:05:59,3,31,19.6,85,0.3,1023.9,0,0,0,153.9,0
2017-01-24 21:08:59,3,31,19.6,85,0.3,1024.0,0,0,14,153.9,0
2017-01-24 21:11:59,3,31,19.6,85,0.3,1023.9,0.3,1.0,0,153.9,0
2017-01-24 21:14:59,3,31,19.6,85,0.3,1024.0,0,0.7,8,153.9,0
2017-01-24 21:17:59,3,31,19.6,85,0.3,1024.0,0.7,1.0,12,153.9,0
2017-01-24 21:20:59,3,31,19.6,85,0.3,1024.0,0.7,1.4,12,153.9,0
2017-01-24 21:23:59,3,31,19.6,85,0.3,1024.1,0.7,1.0,14,153.9,0
2017-01-24 21:26:59,3,31,19.6,85,0.3,1024.0,0,0.3,10,153.9,0
2017-01-24 21:29:59,3,31,19.6,85,0.3,1024.0,1.4,2.0,14,153.9,0
2017-01-24 21:32:59,3,31,19.6,85,0.3,1024.0,0.7,1.0,12,153.9,0
2017-01-24 21:35:59,3,30,19.6,85,0.3,1024.0,0.3,0.7,0,153.9,0
2017-01-24 21:38:59,3,30,19.6,85,0.3,1024.1,0.7,1.0,12,153.9,0
2017-01-24 21:41:59,3,30,19.5,85,0.3,1024.0,1.0,1.7,0,153.9,0
2017-01-24 21:44:59,3,30,19.5,85,0.3,1024.0,1.0,1.4,14,153.9,0
2017-01-24 21:47:59,3,30,19.5,85,0.3,1024.1,0.7,1.0,14,153.9,0
2017-01-24 21:50:59,3,30,19.5,85,0.3,1024.1,1.4,1.7,12,153.9,0
2017-01-24 21:53:59,3,30,19.4,85,0.3,1024.0,0.3,0.7,12,153.9,0
2017-01-24 21:56:59,3,31,19.4,85,0.3,1024.1,0.3,0.7,14,153.9,0
2017-01-24 21:59:59,3,31,19.4,85,0.3,1024.0,0.7,1.0,14,153.9,0
2017-01-24 22:02:59,3,31,19.3,85,0.3,1024.0,0,0.3,14,153.9,0
2017-01-24 22:05:59,3,30,19.3,85,0.3,1024.0,0,0.3,14,153.9,0
2017-01-24 22:08:59,3,30,19.3,85,0.3,1024.1,0.3,0.7,14,153.9,0
2017-01-24 22:11:59,3,30,19.3,85,0.3,1024.0,0.3,0.7,12,153.9,0
2017-01-24 22:14:59,3,30,19.3,85,0.3,1024.0,0.3,0.7,12,153.9,0
2017-01-24 22:17:59,3,31,19.3,85,0.3,1024.0,0,0.3,14,153.9,0
2017-01-24 22:20:59,3,31,19.2,85,0.3,1024.0,0,0.3,12,153.9,0
2017-01-24 22:23:59,3,31,19.2,85,0.3,1024.2,0,0,14,153.9,0
2017-01-24 22:26:59,3,31,19.2,85,0.3,1024.2,0.7,1.4,0,153.9,0
2017-01-24 22:29:59,3,31,19.2,85,0.2,1024.1,0.7,1.0,14,153.9,0
2017-01-24 22:32:59,3,31,19.1,85,0.2,1024.2,0.7,1.0,14,153.9,0
2017-01-24 22:35:59,3,31,19.1,85,0.2,1024.1,0.7,0.7,14,153.9,0
2017-01-24 22:38:59,3,31,19.1,85,0.2,1024.2,0,0,12,153.9,0
2017-01-24 22:41:59,3,31,19.1,85,0.2,1024.2,0,0,14,153.9,0
2017-01-24 22:44:59,3,31,19.1,84,0.2,1024.2,0,0,10,153.9,0
2017-01-24 22:47:59,3,31,19.0,84,0.2,1024.1,0.3,0.7,10,153.9,0
2017-01-24 22:50:59,3,31,19.0,84,0.2,1024.1,0,0,10,153.9,0
2017-01-24 22:53:59,3,31,19.0,84,0.2,1024.1,0,0,14,153.9,0
2017-01-24 22:56:59,3,31,19.0,84,0.2,1024.1,0,0,14,153.9,0
2017-01-24 22:59:59,3,31,19.0,84,0.2,1024.1,0,0,14,153.9,0
