2017-01-31 00:01:00,3,31,18.8,85,0.9,1004.8,1.4,1.7,8,158.7,0
2017-01-31 00:04:00,3,31,18.8,85,0.9,1004.9,2.0,2.7,4,158.7,0
2017-01-31 00:07:00,3,30,18.8,85,0.9,1004.8,1.0,1.7,2,158.7,0
2017-01-31 00:10:00,3,30,18.8,85,0.9,1004.8,1.0,1.7,0,158.7,0
2017-01-31 00:13:00,3,30,18.8,85,0.9,1004.9,1.0,1.4,4,158.7,0
2017-01-31 00:16:00,3,30,18.7,85,0.9,1004.8,0.7,1.0,4,158.7,0
2017-01-31 00:19:00,3,31,18.7,85,0.8,1004.7,1.7,2.0,4,158.7,0
2017-01-31 00:22:00,3,31,18.7,85,0.8,1004.8,2.0,2.4,4,158.7,0
2017-01-31 00:25:00,3,31,18.6,85,0.8,1004.8,1.0,1.7,4,158.7,0
2017-01-31 00:28:00,3,31,18.6,85,0.8,1004.8,1.4,1.7,12,158.7,0
2017-01-31 00:31:00,3,31,18.6,85,0.8,1004.9,1.4,2.0,4,158.7,0
2017-01-31 00:34:00,3,31,18.6,85,0.8,1004.7,0.3,0.7,4,158.7,0
2017-01-31 00:37:00,3,31,18.6,85,0.8,1004.8,1.4,2.0,2,158.7,0
2017-01-31 00:40:00,3,31,18.6,85,0.8,1004.7,1.7,2.4,4,158.7,0
2017-01-31 00:43:00,3,31,18.6,85,0.8,1004.7,0.7,1.0,6,158.7,0
2017-01-31 00:46:00,3,30,18.5,85,0.8,1004.8,0.3,1.0,0,158.7,0
2017-01-31 00:49:00,3,31,18.5,84,0.8,1004.9,1.0,1.7,4,158.7,0
2017-01-31 00:52:00,3,31,18.5,84,0.8,1004.9,1.0,1.4,4,158.7,0
2017-01-31 00:55:00,3,31,18.5,84,0.8,1004.9,1.7,2.4,4,158.7,0
2017-01-31 00:58:00,3,31,18.5,84,0.7,1004.9,0.7,1.4,4,158.7,0
2017-01-31 01:01:00,3,31,18.5,84,0.7,1005.0,0.7,1.0,6,158.7,0
2017-01-31 01:04:00,3,31,18.5,84,0.7,1005.0,0.7,1.0,6,158.7,0
2017-01-31 01:07:00,3,31,18.5,84,0.7,1005.0,0.7,1.0,6,158.7,0
2017-01-31 01:10:00,3,31,18.5,84,0.7,1005.0,1.0,1.7,4,158.7,0
2017-01-31 01:13:00,3,31,18.4,84,0.7,1005.0,2.4,2.7,4,158.7,0
2017-01-31 01:16:00,3,31,18.4,84,0.7,1005.0,1.4,1.7,3,158.7,0
2017-01-31 01:19:00,3,31,18.4,84,0.7,1005.0,1.0,1.4,4,158.7,0
2017-01-31 01:22:00,3,31,18.4,84,0.7,1004.9,0.7,1.0,0,158.7,0
2017-01-31 01:25:00,3,31,18.4,84,0.7,1005.1,1.4,1.7,5,158.7,0
2017-01-31 01:28:00,3,31,18.4,84,0.7,1005.0,1.0,1.7,6,158.7,0
2017-01-31 01:31:00,3,31,18.4,84,0.7,1005.0,1.0,2.0,5,158.7,0
2017-01-31 01:34:00,3,31,18.4,85,0.7,1004.9,1.4,1.7,4,158.7,0
2017-01-31 01:37:00,3,31,18.4,85,0.7,1005.0,2.0,2.4,0,158.7,0
2017-01-31 01:40:00,3,31,18.4,85,0.7,1005.1,1.4,1.7,4,158.7,0
2017-01-31 01:43:00,3,31,18.4,85,0.7,1004.9,1.4,2.0,4,158.7,0
2017-01-31 01:46:00,3,31,18.3,85,0.7,1005.1,1.0,1.4,2,158.7,0
2017-01-31 01:49:00,3,31,18.3,85,0.7,1005.2,0.7,1.4,4,158.7,0
2017-01-31 01:52:00,3,31,18.3,85,0.7,1005.1,1.0,1.4,0,158.7,0
2017-01-31 01:55:00,3,31,18.3,85,0.7,1005.2,2.4,3.1,4,158.7,0
2017-01-31 01:58:00,3,31,18.3,85,0.7,1004.9,1.4,1.7,4,158.7,0
2017-01-31 02:01:00,3,31,18.3,85,0.7,1005.0,0.3,0.7,0,158.7,0
2017-01-31 02:04:00,3,31,18.3,85,0.7,1005.1,0,0,6,158.7,0
2017-01-31 02:07:00,3,31,18.3,85,0.8,1005.1,1.4,1.7,2,158.7,0
2017-01-31 02:10:00,3,31,18.3,85,0.8,1005.2,1.4,2.0,4,158.7,0
2017-01-31 02:13:00,3,31,18.3,85,0.8,1005.1,0.3,0.7,2,158.7,0
2017-01-31 02:16:00,3,31,18.3,85,0.7,1005.1,1.4,1.7,2,158.7,0
2017-01-31 02:19:00,3,31,18.2,85,0.8,1005.3,1.7,2.0,4,158.7,0
2017-01-31 02:22:00,3,31,18.2,85,0.7,1005.3,1.4,2.0,4,158.7,0
2017-01-31 02:25:00,3,31,18.2,85,0.7,1005.2,1.0,1.4,4,158.7,0
2017-01-31 02:28:00,3,31,18.2,85,0.7,1005.2,0.3,0.7,4,158.7,0
2017-01-31 02:31:00,3,31,18.2,85,0.7,1005.2,1.0,1.4,4,158.7,0
2017-01-31 02:34:00,3,31,18.2,85,0.7,1005.2,1.0,1.4,0,158.7,0
2017-01-31 02:37:00,3,31,18.2,85,0.7,1005.3,0.3,0.7,8,158.7,0
2017-01-31 02:40:00,3,31,18.2,85,0.7,1005.3,1.0,1.4,4,158.7,0
2017-01-31 02:43:00,3,31,18.2,85,0.7,1005.3,1.0,1.4,12,158.7,0
2017-01-31 02:46:00,3,31,18.2,85,0.7,1005.4,0.3,0.7,12,158.7,0
2017-01-31 02:49:00,3,31,18.1,85,0.7,1005.3,0.3,1.0,4,158.7,0
2017-01-31 02:52:00,3,31,18.1,85,0.7,1005.3,1.4,2.0,4,158.7,0
2017-01-31 02:55:00,3,30,18.1,85,0.7,1005.4,1.0,1.4,4,158.7,0
2017-01-31 02:58:00,3,30,18.1,85,0.7,1005.4,0.7,0.7,2,158.7,0
2017-01-31 03:01:00,3,30,18.1,85,0.7,1005.5,0.3,1.0,4,158.7,0
2017-01-31 03:04:00,3,30,18.1,85,0.7,1005.4,0.3,1.0,4,158.7,0
2017-01-31 03:07:00,3,31,18.1,85,0.7,1005.3,1.0,1.4,2,158.7,0
2017-01-31 03:10:00,3,31,18.1,85,0.7,1005.4,1.0,1.4,2,158.7,0
2017-01-31 03:13:00,3,31,18.1,85,0.7,1005.4,1.0,1.4,4,158.7,0
2017-01-31 03:16:00,3,31,18.1,85,0.7,1005.4,1.0,1.4,4,158.7,0
2017-01-31 03:19:00,3,30,18.1,85,0.7,1005.4,0.7,1.4,4,158.7,0
2017-01-31 03:22:00,3,30,18.1,85,0.7,1005.5,0.7,1.0,4,158.7,0
2017-01-31 03:25:00,3,30,18.1,85,0.7,1005.6,0.3,0.7,3,158.7,0
2017-01-31 03:28:00,3,30,18.0,85,0.6,1005.5,1.0,1.4,4,158.7,0
2017-01-31 03:31:00,3,31,18.1,85,0.7,1005.5,1.0,1.0,4,158.7,0
2017-01-31 03:34:00,3,31,18.1,85,0.6,1005.4,0.7,1.0,6,158.7,0
2017-01-31 03:37:00,3,31,18.1,85,0.7,1005.5,0.3,0.7,4,158.7,0
2017-01-31 03:40:00,3,31,18.0,85,0.6,1005.5,1.4,1.7,4,158.7,0
2017-01-31 03:43:00,3,31,18.0,85,0.6,1005.7,1.0,1.4,4,158.7,0
2017-01-31 03:46:00,3,31,18.0,85,0.7,1005.6,0.3,0.7,14,158.7,0
2017-01-31 03:49:00,3,31,18.0,85,0.7,1005.7,1.7,2.0,4,158.7,0
2017-01-31 03:52:00,3,31,18.0,85,0.7,1005.7,1.0,1.4,6,158.7,0
2017-01-31 03:55:00,3,31,18.0,85,0.7,1005.6,1.7,2.0,4,158.7,0
2017-01-31 03:58:00,3,31,18.0,85,0.7,1005.6,1.0,1.4,4,158.7,0
2017-01-31 04:01:00,3,31,18.0,85,0.7,1005.6,1.0,1.4,4,158.7,0
2017-01-31 04:04:00,3,31,18.0,85,0.7,1005.7,1.0,1.4,2,158.7,0
2017-01-31 04:07:00,3,31,18.0,85,0.7,1005.7,1.0,1.0,4,158.7,0
2017-01-31 04:10:00,3,31,18.0,85,0.7,1005.7,1.0,1.4,4,158.7,0
2017-01-31 04:13:00,3,31,18.0,85,0.6,1005.6,0.7,1.0,4,158.7,0
2017-01-31 04:16:00,3,31,18.0,85,0.7,1005.6,0.7,1.0,4,158.7,0
2017-01-31 04:19:00,3,31,18.0,85,0.7,1005.6,0.3,0.7,6,158.7,0
2017-01-31 04:22:00,3,31,18.0,85,0.7,1005.6,0.3,0.7,4,158.7,0
2017-01-31 04:25:00,3,31,18.0,85,0.7,1005.6,0.3,0.7,2,158.7,0
2017-01-31 04:28:00,3,31,18.0,85,0.7,1005.7,0.7,1.0,4,158.7,0
2017-01-31 04:31:00,3,29,17.9,85,0.7,1005.7,1.0,1.4,4,158.7,0
2017-01-31 04:34:00,3,29,17.9,85,0.7,1005.7,1.0,1.0,4,158.7,0
2017-01-31 04:37:00,3,29,17.9,85,0.7,1005.7,1.7,2.7,2,158.7,0
2017-01-31 04:40:00,3,29,17.9,85,0.7,1005.7,1.4,2.0,4,158.7,0
2017-01-31 04:43:00,3,29,17.9,85,0.7,1005.8,0.7,1.0,4,158.7,0
2017-01-31 04:46:00,3,29,17.9,85,0.7,1005.8,1.4,2.0,4,158.7,0
2017-01-31 04:49:00,3,29,17.9,85,0.7,1005.9,0.3,1.0,6,158.7,0
2017-01-31 04:52:00,3,29,17.9,85,0.7,1005.9,0.7,1.4,4,158.7,0
2017-01-31 04:55:00,3,29,17.9,85,0.7,1006.0,1.0,1.4,4,158.7,0
2017-01-31 04:58:00,3,29,17.9,85,0.7,1006.0,0,0.3,4,158.7,0
2017-01-31 05:01:00,3,29,17.9,85,0.7,1006.0,0,0.3,6,158.7,0
2017-01-31 05:04:00,3,29,17.9,85,0.7,1006.1,0,0.3,6,158.7,0
2017-01-31 05:07:00,3,29,17.9,85,0.7,1006.2,0,0.3,6,158.7,0
2017-01-31 05:10:00,3,29,17.9,85,0.7,1006.3,0.7,1.0,2,158.7,0
2017-01-31 05:13:00,3,30,18.0,85,0.7,1006.4,0,0.3,4,158.7,0
2017-01-31 05:16:00,3,31,18.0,85,0.7,1006.3,0,0,4,158.7,0
2017-01-31 05:19:00,3,31,18.0,85,0.7,1006.3,0.3,0.7,4,158.7,0
2017-01-31 05:22:00,3,31,18.0,85,0.7,1006.4,1.0,1.4,6,158.7,0
2017-01-31 05:25:00,3,32,18.1,85,0.7,1006.3,1.7,2.0,4,158.7,0
2017-01-31 05:28:00,3,32,18.1,85,0.7,1006.4,1.0,1.4,2,158.7,0
2017-01-31 05:31:00,3,32,18.1,85,0.7,1006.4,0,0.7,4,158.7,0
2017-01-31 05:34:00,3,32,18.2,85,0.6,1006.3,0.7,1.4,4,158.7,0
2017-01-31 05:37:00,3,32,18.2,85,0.7,1006.4,1.0,1.4,4,158.7,0
2017-01-31 05:40:00,3,32,18.2,85,0.6,1006.3,0.7,1.0,12,158.7,0
2017-01-31 05:43:00,3,32,18.3,85,0.6,1006.5,1.4,1.7,6,158.7,0
2017-01-31 05:46:00,3,32,18.3,85,0.6,1006.5,1.4,2.0,4,159.0,0
2017-01-31 05:49:00,3,32,18.3,85,0.6,1006.5,0.3,0.7,6,159.0,0
2017-01-31 05:52:00,3,32,18.4,85,0.6,1006.6,0.7,0.7,2,159.0,0
2017-01-31 05:55:00,3,32,18.4,85,0.6,1006.6,0.7,0.7,4,159.0,0
2017-01-31 05:58:00,3,32,18.4,85,0.6,1006.6,1.0,1.4,2,159.0,0
2017-01-31 06:01:00,3,32,18.4,85,0.6,1006.7,1.0,1.4,4,159.0,0
2017-01-31 06:04:00,3,32,18.5,85,0.6,1006.7,0.3,0.7,2,159.0,0
2017-01-31 06:07:00,3,32,18.5,85,0.6,1006.9,0.7,1.0,2,159.0,0
2017-01-31 06:10:00,3,32,18.5,85,0.6,1006.9,0,0.3,4,159.0,0
2017-01-31 06:13:00,3,32,18.5,85,0.6,1007.0,0.7,1.4,0,159.0,0
2017-01-31 06:16:00,3,32,18.6,85,0.6,1006.9,2.0,2.7,4,159.0,0
2017-01-31 06:19:00,3,32,18.6,85,0.6,1007.0,1.7,2.0,5,159.0,0
2017-01-31 06:22:00,3,32,18.6,85,0.6,1007.1,1.0,1.7,2,159.0,0
2017-01-31 06:25:00,3,32,18.6,85,0.6,1007.1,0.7,1.0,4,159.0,0
2017-01-31 06:28:00,3,32,18.6,85,0.6,1007.1,1.4,1.7,6,159.0,0
2017-01-31 06:31:00,3,32,18.6,85,0.6,1007.0,0,0.7,2,159.0,0
2017-01-31 06:34:00,3,32,18.7,85,0.6,1007.2,0.7,1.0,15,159.0,0
2017-01-31 06:37:00,3,32,18.8,85,0.6,1007.2,0.7,1.0,14,159.0,0
2017-01-31 06:40:00,3,32,18.8,85,0.6,1007.3,0.3,1.0,2,159.0,0
2017-01-31 06:43:00,3,32,18.8,85,0.6,1007.3,0.7,1.0,4,159.0,0
2017-01-31 06:46:00,3,32,18.8,85,0.6,1007.3,0.7,1.0,2,159.0,0
2017-01-31 06:49:00,3,32,18.8,85,0.6,1007.5,2.0,2.7,0,159.0,0
2017-01-31 06:52:00,3,32,18.9,85,0.6,1007.4,0.7,1.0,4,159.0,0
2017-01-31 06:55:00,3,32,18.9,85,0.6,1007.5,0.3,0.7,4,159.0,0
2017-01-31 06:58:00,3,32,18.9,85,0.6,1007.5,1.0,1.4,2,159.0,0
2017-01-31 07:01:00,3,32,18.9,85,0.6,1007.6,1.0,1.4,14,159.0,0
2017-01-31 07:04:00,3,31,19.0,85,0.6,1007.6,1.0,1.4,14,159.0,0
2017-01-31 07:07:00,3,32,18.9,85,0.6,1007.6,2.0,2.7,4,159.0,0
2017-01-31 07:10:00,3,31,19.0,85,0.6,1007.7,1.0,1.4,4,159.0,0
2017-01-31 07:13:00,3,31,19.0,86,0.6,1007.7,1.0,1.4,4,159.0,0
2017-01-31 07:16:00,3,31,19.0,86,0.6,1007.8,1.0,1.4,5,159.0,0
2017-01-31 07:19:00,3,31,19.0,86,0.6,1007.8,0.3,1.0,4,159.0,0
2017-01-31 07:22:00,3,31,19.0,86,0.6,1007.9,1.0,1.4,4,159.0,0
2017-01-31 07:25:00,3,31,19.0,86,0.6,1007.8,0.7,1.4,4,159.0,0
2017-01-31 07:28:00,3,31,19.0,86,0.5,1007.9,1.0,1.4,4,159.0,0
2017-01-31 07:31:00,3,31,19.1,86,0.5,1007.9,1.4,2.0,6,159.0,0
2017-01-31 07:34:00,3,31,19.1,86,0.5,1007.9,1.0,1.4,0,159.0,0
2017-01-31 07:37:00,3,32,19.1,86,0.5,1008.1,0.7,1.0,4,159.0,0
2017-01-31 07:40:00,3,33,19.1,86,0.5,1008.1,0.7,1.0,4,159.0,0
2017-01-31 07:43:00,3,33,19.2,86,0.5,1008.2,1.7,2.0,4,159.0,0
2017-01-31 07:46:00,3,32,19.3,86,0.5,1008.1,0.7,1.0,4,159.0,0
2017-01-31 07:49:00,3,32,19.7,86,0.5,1008.3,0.3,0.7,2,159.0,0
2017-01-31 07:52:00,3,31,19.9,86,0.6,1008.3,1.4,1.7,4,159.0,0
2017-01-31 07:55:00,3,30,20.1,86,0.5,1008.4,1.7,2.4,4,159.0,0
2017-01-31 07:58:00,3,30,20.3,86,0.6,1008.4,0.3,0.7,4,159.0,0
2017-01-31 08:01:00,3,30,20.4,86,0.6,1008.6,0.7,1.0,4,159.0,0
2017-01-31 08:04:00,3,29,20.5,86,0.6,1008.6,1.7,2.0,4,159.0,0
2017-01-31 08:07:00,3,29,20.6,86,0.6,1008.6,0.7,1.0,4,159.0,0
2017-01-31 08:10:00,3,28,20.7,86,0.6,1008.6,0.3,0.7,4,159.0,0
2017-01-31 08:13:00,3,28,20.9,86,0.6,1008.6,0.3,0.7,2,159.0,0
2017-01-31 08:16:00,3,28,20.9,86,0.6,1008.7,0.3,0.7,8,159.0,0
2017-01-31 08:19:00,3,27,21.0,86,0.6,1008.8,0.7,1.0,5,159.0,0
2017-01-31 08:22:00,3,27,21.1,86,0.6,1008.8,0,0.3,2,159.0,0
2017-01-31 08:25:00,3,27,21.1,86,0.6,1008.9,0.7,1.4,4,159.0,0
2017-01-31 08:28:00,3,26,21.2,86,0.6,1009.0,0,0.7,4,159.0,0
2017-01-31 08:31:00,3,26,21.2,86,0.6,1008.8,0,0.3,4,159.0,0
2017-01-31 08:34:00,3,26,21.3,86,0.6,1009.0,0.7,1.0,4,159.0,0
2017-01-31 08:37:00,3,26,21.3,86,0.6,1009.0,0.3,0.7,4,159.0,0
2017-01-31 08:40:00,3,26,21.4,86,0.6,1009.0,1.4,1.7,4,159.0,0
2017-01-31 08:43:00,3,26,21.5,86,0.6,1009.0,0.3,0.7,2,159.0,0
2017-01-31 08:46:00,3,25,21.5,86,0.7,1009.0,2.0,2.4,4,159.0,0
2017-01-31 08:49:00,3,25,21.5,86,0.6,1009.1,0.7,1.0,2,159.0,0
2017-01-31 08:52:00,3,25,21.6,86,0.6,1009.2,0.7,1.0,2,159.0,0
2017-01-31 08:55:00,3,25,21.6,86,0.7,1009.1,0.7,1.0,15,159.0,0
2017-01-31 08:58:00,3,25,21.6,86,0.7,1009.2,1.4,2.7,12,159.0,0
2017-01-31 09:01:00,3,24,21.5,86,0.7,1009.2,1.7,2.4,3,159.0,0
2017-01-31 09:04:00,3,25,21.3,86,0.7,1009.2,1.7,2.4,3,159.0,0
2017-01-31 09:07:00,3,25,21.3,86,0.6,1009.2,0.7,1.0,2,159.0,0
2017-01-31 09:10:00,3,25,21.2,86,0.7,1009.3,1.4,2.0,6,159.0,0
2017-01-31 09:13:00,3,25,21.1,86,0.6,1009.4,0.3,0.7,2,159.0,0
2017-01-31 09:16:00,3,25,21.1,86,0.7,1009.4,1.4,1.7,2,159.0,0
2017-01-31 09:19:00,3,25,21.0,86,0.7,1009.3,1.4,1.7,6,159.0,0
2017-01-31 09:22:00,3,26,20.9,86,0.7,1009.4,1.0,1.4,8,159.0,0
2017-01-31 09:25:00,3,27,20.8,86,0.7,1009.3,1.4,1.7,4,159.0,0
2017-01-31 09:28:00,3,27,20.7,86,0.7,1009.5,1.0,1.4,4,159.0,0
2017-01-31 09:31:00,3,27,20.6,86,0.7,1009.4,0.3,0.7,5,159.0,0
2017-01-31 09:34:00,3,27,20.6,86,0.7,1009.4,1.0,1.4,4,159.0,0
2017-01-31 09:37:00,3,27,20.5,86,0.8,1009.3,1.7,2.4,6,159.0,0
2017-01-31 09:40:00,3,27,20.5,86,0.7,1009.4,1.4,1.7,8,159.0,0
2017-01-31 09:43:00,3,28,20.5,86,0.7,1009.4,1.0,1.4,4,159.0,0
2017-01-31 09:46:00,3,28,20.4,86,0.8,1009.4,1.0,1.4,4,159.0,0
2017-01-31 09:49:00,3,28,20.3,86,0.8,1009.4,1.0,1.4,3,159.0,0
2017-01-31 09:52:00,3,28,20.3,86,0.8,1009.5,1.4,1.7,8,159.0,0
2017-01-31 09:55:00,3,28,20.3,86,0.8,1009.6,0.7,1.4,0,159.0,0
2017-01-31 09:58:00,3,28,20.2,86,0.8,1009.7,0.7,0.7,4,159.0,0
2017-01-31 10:01:00,3,29,20.2,86,0.8,1009.6,0.7,1.0,2,159.0,0
2017-01-31 10:04:00,3,28,20.2,86,0.8,1009.5,0.7,1.0,0,159.0,0
2017-01-31 10:07:00,3,28,20.1,86,0.8,1009.6,0.7,1.0,4,159.0,0
2017-01-31 10:10:00,3,28,20.1,86,0.8,1009.6,1.0,1.4,6,159.0,0
2017-01-31 10:13:00,3,28,20.1,86,0.8,1009.5,1.4,2.0,4,159.0,0
2017-01-31 10:16:00,3,29,20.0,86,0.8,1009.5,1.0,1.4,2,159.0,0
2017-01-31 10:19:00,3,29,20.0,86,0.8,1009.5,1.4,1.7,10,159.0,0
2017-01-31 10:22:00,3,29,20.0,86,0.8,1009.5,0.7,1.0,4,159.0,0
2017-01-31 10:25:00,3,29,19.9,86,0.8,1009.5,0.7,1.0,4,159.0,0
2017-01-31 10:28:00,3,29,19.8,86,0.8,1009.6,0.7,1.4,1,159.0,0
2017-01-31 10:31:00,3,29,19.8,86,0.8,1009.6,0.7,1.0,4,159.0,0
2017-01-31 10:34:00,3,29,19.8,86,0.8,1009.6,0.3,0.7,12,159.0,0
2017-01-31 10:37:00,3,30,19.8,86,0.9,1009.5,1.0,1.4,2,159.0,0
2017-01-31 10:40:00,3,31,19.8,86,0.9,1009.6,0.7,1.0,4,159.0,0
2017-01-31 10:43:00,3,31,19.7,86,0.9,1009.7,0,0,14,159.0,0
2017-01-31 10:46:00,3,31,19.7,86,0.9,1009.7,1.0,1.7,0,159.0,0
2017-01-31 10:49:00,3,31,19.7,86,0.9,1009.8,0.7,1.0,4,159.0,0
2017-01-31 10:52:00,3,31,19.7,86,0.9,1010.0,0.7,1.0,0,159.0,0
2017-01-31 10:55:00,3,30,19.6,86,0.9,1010.0,0.3,0.7,0,159.0,0
2017-01-31 10:58:00,3,30,19.6,86,0.8,1010.0,1.4,2.0,2,159.0,0
2017-01-31 11:01:00,3,31,19.6,86,0.8,1010.1,1.7,2.4,0,159.0,0
2017-01-31 11:04:00,3,31,19.6,86,0.8,1010.0,1.7,2.4,0,159.0,0
2017-01-31 11:07:00,3,31,19.5,86,0.8,1010.0,0.7,1.0,4,159.0,0
2017-01-31 11:10:00,3,31,19.5,86,0.8,1010.0,0.3,0.7,4,159.0,0
2017-01-31 11:13:00,3,31,19.5,85,0.7,1010.1,1.0,1.7,4,159.0,0
2017-01-31 11:16:00,3,31,19.4,85,0.7,1010.0,1.0,1.4,2,159.0,0
2017-01-31 11:19:00,3,31,19.4,85,0.7,1010.0,0,0.7,2,159.0,0
2017-01-31 11:22:00,3,31,19.4,85,0.8,1010.1,0.7,1.0,1,159.0,0
2017-01-31 11:25:00,3,31,19.3,85,0.7,1009.9,1.0,1.4,2,159.0,0
2017-01-31 11:28:00,3,31,19.3,85,0.7,1010.0,1.0,1.4,2,159.0,0
2017-01-31 11:31:00,3,31,19.3,85,0.8,1010.0,0.3,0.7,2,159.0,0
2017-01-31 11:34:00,3,31,19.3,85,0.8,1009.9,0.3,0.7,4,159.0,0
2017-01-31 11:37:00,3,31,19.2,85,0.8,1009.9,1.0,1.7,4,159.0,0
2017-01-31 11:40:00,3,31,19.2,85,0.9,1010.0,0.7,1.0,4,159.0,0
2017-01-31 11:43:00,3,31,19.2,85,0.9,1010.0,0.7,1.0,0,159.0,0
2017-01-31 11:46:00,3,31,19.2,85,0.9,1010.0,1.4,1.7,6,159.0,0
2017-01-31 11:49:00,3,31,19.1,85,0.9,1010.1,0.7,1.0,4,159.3,0
2017-01-31 11:52:00,3,31,19.1,85,0.9,1010.1,0.7,1.0,4,159.3,0
2017-01-31 11:55:00,3,31,19.1,85,0.9,1010.2,0.3,0.7,5,159.3,0
2017-01-31 11:58:00,3,31,19.1,85,0.9,1010.3,0.3,0.7,0,159.3,0
2017-01-31 12:01:00,3,31,19.1,85,0.9,1010.2,0,0.3,0,159.3,0
2017-01-31 12:04:00,3,31,19.0,85,0.9,1010.3,0.3,0.7,2,159.3,0
2017-01-31 12:07:00,3,31,19.0,85,0.9,1010.3,0.7,1.0,0,159.3,0
2017-01-31 12:10:00,3,31,19.0,85,0.9,1010.3,0,0,10,159.3,0
2017-01-31 12:13:00,3,31,19.0,85,1.0,1010.3,0,0.7,4,159.3,0
2017-01-31 12:16:00,3,31,19.0,85,1.0,1010.2,0.7,1.0,4,159.3,0
2017-01-31 12:19:00,3,31,19.0,85,1.0,1010.2,1.0,1.4,0,159.3,0
2017-01-31 12:22:00,3,31,19.0,85,0.9,1010.3,0.7,1.0,8,159.3,0
2017-01-31 12:25:00,3,31,19.0,85,0.9,1010.2,0.3,1.0,4,159.3,0
2017-01-31 12:28:00,3,32,18.9,85,1.0,1010.3,0.3,0.3,4,159.3,0
2017-01-31 12:31:00,3,32,18.9,85,1.0,1010.3,0.7,1.0,4,159.3,0
2017-01-31 12:34:00,3,32,18.9,85,1.0,1010.2,0.7,1.0,4,159.3,0
2017-01-31 12:37:00,3,32,18.9,85,1.0,1010.4,0.3,0.7,0,159.3,0
2017-01-31 12:40:00,3,32,18.9,85,1.0,1010.3,0,0.7,4,159.3,0
2017-01-31 12:43:00,3,31,19.0,85,1.1,1010.4,0.3,0.7,0,159.3,0
2017-01-31 12:46:00,3,31,19.0,85,1.1,1010.3,0,0.3,0,159.3,0
2017-01-31 12:49:00,3,31,19.0,85,1.1,1010.3,0.7,1.0,3,159.3,0
2017-01-31 12:52:00,3,31,19.0,85,1.0,1010.3,0.7,1.4,1,159.3,0
2017-01-31 12:55:00,3,31,19.0,85,1.0,1010.4,0.3,0.7,4,159.3,0
2017-01-31 12:58:00,3,31,19.0,85,1.0,1010.5,0.7,1.0,2,159.3,0
2017-01-31 13:01:00,3,31,19.0,85,1.0,1010.5,0.7,1.0,4,159.3,0
2017-01-31 13:04:00,3,32,19.0,85,1.0,1010.5,0.7,1.0,4,159.3,0
2017-01-31 13:07:00,3,31,19.1,85,1.0,1010.5,0.3,0.7,15,159.3,0
2017-01-31 13:10:00,3,31,19.1,85,1.0,1010.6,0.7,1.4,4,159.3,0
2017-01-31 13:13:00,3,31,19.1,85,1.0,1010.6,0.7,1.4,6,159.3,0
2017-01-31 13:16:00,3,32,19.1,85,1.0,1010.7,0.7,1.0,2,159.3,0
2017-01-31 13:19:00,3,32,19.1,85,1.0,1010.7,0.3,0.7,12,159.3,0
2017-01-31 13:22:00,3,32,19.2,85,1.0,1010.7,0.7,1.0,14,159.3,0
2017-01-31 13:25:00,3,32,19.2,85,0.9,1010.8,0.7,1.0,2,159.3,0
2017-01-31 13:28:00,3,32,19.2,85,0.9,1010.8,0.3,0.7,15,159.3,0
2017-01-31 13:31:00,3,32,19.2,85,0.9,1010.7,0.3,0.7,2,159.3,0
2017-01-31 13:34:00,3,32,19.2,85,0.9,1010.8,0.3,0.3,0,159.3,0
2017-01-31 13:37:00,3,32,19.2,85,0.9,1010.7,0.7,1.0,0,159.3,0
2017-01-31 13:40:00,3,32,19.3,85,0.9,1010.7,0.3,0.7,14,159.3,0
2017-01-31 13:43:00,3,32,19.3,85,0.9,1010.8,0.7,1.0,2,159.3,0
2017-01-31 13:46:00,3,32,19.3,85,0.9,1011.0,1.4,1.7,3,159.3,0
2017-01-31 13:49:00,3,32,19.3,85,0.9,1011.0,0.3,0.7,0,159.3,0
2017-01-31 13:52:00,3,32,19.3,85,0.9,1011.0,0,0.7,4,159.3,0
2017-01-31 13:55:00,3,32,19.3,85,1.0,1011.1,0.7,1.0,14,159.3,0
2017-01-31 13:58:00,3,32,19.3,85,1.0,1011.0,0.3,1.0,0,159.3,0
2017-01-31 14:01:00,3,32,19.3,85,1.0,1011.1,0.7,1.0,0,159.3,0
2017-01-31 14:04:00,3,32,19.4,85,1.0,1011.0,0,0,0,159.3,0
2017-01-31 14:07:00,3,32,19.4,85,1.0,1011.1,0,0.7,2,159.3,0
2017-01-31 14:10:00,3,32,19.5,85,1.0,1011.1,0,0,2,159.3,0
2017-01-31 14:13:00,3,32,19.5,85,1.0,1011.3,0,0,0,159.3,0
2017-01-31 14:16:00,3,32,19.5,85,1.0,1011.4,0.3,0.7,2,159.3,0
2017-01-31 14:19:00,3,32,19.5,85,1.0,1011.3,0.3,0.7,0,159.3,0
2017-01-31 14:22:00,3,32,19.5,85,0.9,1011.2,0,0,4,159.3,0
2017-01-31 14:25:00,3,31,19.5,85,0.9,1011.3,0.7,0.7,0,159.3,0
2017-01-31 14:28:00,3,31,19.5,85,0.9,1011.2,0,0.3,4,159.3,0
2017-01-31 14:31:00,3,31,19.5,84,0.9,1011.4,0.7,1.0,0,159.3,0
2017-01-31 14:33:59,3,31,19.5,84,0.9,1011.4,0.3,0.7,0,159.3,0
2017-01-31 14:36:59,3,31,19.5,84,0.9,1011.5,0.3,0.7,2,159.3,0
2017-01-31 14:39:59,3,31,19.5,84,0.8,1011.5,1.0,1.4,0,159.3,0
2017-01-31 14:42:59,3,31,19.5,84,0.8,1011.4,0.7,1.0,0,159.3,0
2017-01-31 14:45:59,3,31,19.5,84,0.8,1011.5,0.7,0.7,0,159.3,0
2017-01-31 14:48:59,3,31,19.5,84,0.8,1011.5,0.7,1.0,0,159.3,0
2017-01-31 14:51:59,3,31,19.5,84,0.8,1011.5,0.7,1.0,0,159.3,0
2017-01-31 14:54:59,3,31,19.5,84,0.8,1011.5,0.3,0.7,0,159.3,0
2017-01-31 14:57:59,3,31,19.6,84,0.8,1011.4,0.3,0.7,0,159.3,0
2017-01-31 15:00:59,3,31,19.6,84,0.8,1011.6,0.3,0.7,0,159.3,0
2017-01-31 15:03:59,3,31,19.6,84,0.8,1011.5,0.3,0.7,0,159.3,0
2017-01-31 15:06:59,3,31,19.6,84,0.8,1011.6,0,0.3,14,159.3,0
2017-01-31 15:09:59,3,31,19.6,84,0.8,1011.6,0,0.3,0,159.3,0
2017-01-31 15:12:59,3,31,19.6,84,0.8,1011.7,0,0.3,2,159.3,0
2017-01-31 15:15:59,3,31,19.6,84,0.7,1011.7,0.3,0.7,4,159.3,0
2017-01-31 15:18:59,3,31,19.6,84,0.7,1011.8,0,0.3,4,159.3,0
2017-01-31 15:21:59,3,31,19.6,84,0.8,1011.8,0.3,1.0,0,159.3,0
2017-01-31 15:24:59,3,31,19.6,84,0.8,1011.9,0,0.3,0,159.3,0
2017-01-31 15:27:59,3,31,19.6,84,0.8,1012.0,0.3,0.7,0,159.3,0
2017-01-31 15:30:59,3,31,19.6,84,0.7,1012.0,0,0,0,159.3,0
2017-01-31 15:33:59,3,31,19.6,84,0.7,1012.0,0.3,0.7,2,159.3,0
2017-01-31 15:36:59,3,31,19.6,84,0.7,1012.1,0.7,1.0,0,159.3,0
2017-01-31 15:39:59,3,31,19.6,84,0.7,1012.0,0,0,0,159.3,0
2017-01-31 15:42:59,3,31,19.6,84,0.7,1012.1,0,0,0,159.3,0
2017-01-31 15:45:59,3,31,19.6,84,0.6,1012.1,0.7,1.0,2,159.3,0
2017-01-31 15:48:59,3,31,19.6,84,0.6,1012.1,1.4,1.7,2,159.3,0
2017-01-31 15:51:59,3,31,19.6,84,0.6,1012.3,1.0,1.4,0,159.3,0
2017-01-31 15:54:59,3,31,19.6,84,0.6,1012.3,0.3,0.7,0,159.3,0
2017-01-31 15:57:59,3,31,19.6,84,0.6,1012.3,0.3,0.7,14,159.3,0
2017-01-31 16:00:59,3,31,19.6,84,0.6,1012.4,0.3,0.7,0,159.3,0
2017-01-31 16:03:59,3,31,19.6,85,0.6,1012.5,0.3,0.7,0,159.3,0
2017-01-31 16:06:59,3,31,19.6,85,0.6,1012.6,0.3,1.0,2,159.3,0
2017-01-31 16:09:59,3,31,19.7,84,0.6,1012.6,0.7,1.0,2,159.3,0
2017-01-31 16:12:59,3,31,19.7,85,0.6,1012.7,0.3,0.7,0,159.3,0
2017-01-31 16:15:59,3,31,19.7,85,0.5,1012.7,0.7,1.0,0,159.3,0
2017-01-31 16:18:59,3,31,19.7,85,0.5,1012.8,0.7,1.0,0,159.3,0
2017-01-31 16:21:59,3,31,19.7,84,0.5,1012.9,0.7,1.0,2,159.3,0
2017-01-31 16:24:59,3,31,19.7,84,0.5,1012.9,0.3,0.7,2,159.3,0
2017-01-31 16:27:59,3,31,19.7,84,0.5,1012.9,0.3,0.7,3,159.3,0
2017-01-31 16:30:59,3,31,19.7,84,0.5,1012.9,0.3,0.7,14,159.3,0
2017-01-31 16:33:59,3,31,19.7,84,0.5,1012.9,0.3,0.7,2,159.3,0
2017-01-31 16:36:59,3,31,19.7,84,0.5,1012.8,0.3,1.0,0,159.3,0
2017-01-31 16:39:59,3,31,19.7,84,0.5,1012.9,0.3,0.3,2,159.3,0
2017-01-31 16:42:59,3,31,19.7,84,0.5,1012.9,1.0,1.4,2,159.3,0
2017-01-31 16:45:59,3,31,19.7,84,0.5,1013.0,0.3,0.7,2,159.3,0
2017-01-31 16:48:59,3,31,19.7,84,0.5,1013.0,0.3,0.7,2,159.3,0
2017-01-31 16:51:59,3,31,19.7,84,0.5,1013.0,0,0.3,0,159.3,0
2017-01-31 16:54:59,3,31,19.7,84,0.5,1013.0,0,0.3,2,159.3,0
2017-01-31 16:57:59,3,31,19.7,84,0.5,1013.0,0.3,0.7,4,159.3,0
2017-01-31 17:00:59,3,31,19.7,84,0.5,1013.0,1.4,1.7,5,159.3,0
2017-01-31 17:03:59,3,31,19.7,84,0.5,1013.1,1.4,1.7,5,159.3,0
2017-01-31 17:06:59,3,31,19.7,84,0.5,1013.0,0.3,0.7,2,159.3,0
2017-01-31 17:09:59,3,31,19.7,84,0.5,1013.2,0.7,1.0,4,159.3,0
2017-01-31 17:12:59,3,31,19.7,84,0.5,1013.1,0.3,0.7,2,159.3,0
2017-01-31 17:15:59,3,31,19.7,84,0.5,1013.1,0.3,0.7,0,159.3,0
2017-01-31 17:18:59,3,31,19.7,84,0.5,1013.1,0,0.3,4,159.3,0
2017-01-31 17:21:59,3,31,19.7,84,0.5,1013.2,0,0,4,159.3,0
2017-01-31 17:24:59,3,31,19.7,84,0.5,1013.2,0,0,4,159.3,0
2017-01-31 17:27:59,3,31,19.7,84,0.4,1013.3,0.7,1.0,4,159.3,0
2017-01-31 17:30:59,3,31,19.7,84,0.4,1013.2,0.3,0.7,4,159.3,0
2017-01-31 17:33:59,3,31,19.7,84,0.4,1013.3,0,0.3,4,159.3,0
2017-01-31 17:36:59,3,31,19.7,84,0.4,1013.3,0,0.3,4,159.3,0
2017-01-31 17:39:59,3,31,19.7,84,0.4,1013.3,0.3,0.7,4,159.3,0
2017-01-31 17:42:59,3,31,19.7,84,0.4,1013.3,0.3,1.0,0,159.3,0
2017-01-31 17:45:59,3,31,19.7,84,0.4,1013.3,0.7,1.0,2,159.3,0
2017-01-31 17:48:59,3,31,19.7,84,0.4,1013.3,0.7,1.0,2,159.3,0
2017-01-31 17:51:59,3,31,19.7,84,0.4,1013.2,0.3,0.7,4,159.3,0
2017-01-31 17:54:59,3,31,19.7,84,0.4,1013.4,0,0.3,4,159.3,0
2017-01-31 17:57:59,3,31,19.7,84,0.4,1013.4,0.7,1.0,4,159.3,0
2017-01-31 18:00:59,3,31,19.7,84,0.4,1013.4,0,0,4,159.3,0
2017-01-31 18:03:59,3,31,19.7,84,0.4,1013.4,0.3,0.7,4,159.3,0
2017-01-31 18:06:59,3,31,19.8,85,0.4,1013.5,1.7,2.0,4,159.3,0
2017-01-31 18:09:59,3,31,19.8,85,0.5,1013.5,0,0.3,2,159.3,0
2017-01-31 18:12:59,3,31,19.8,85,0.5,1013.5,0.3,0.7,4,159.3,0
2017-01-31 18:15:59,3,31,19.8,85,0.5,1013.5,0.3,0.3,0,159.3,0
2017-01-31 18:18:59,3,31,19.8,85,0.5,1013.5,0,0,0,159.3,0
2017-01-31 18:21:59,3,31,19.8,85,0.5,1013.6,0.3,0.3,0,159.3,0
2017-01-31 18:24:59,3,31,19.8,85,0.5,1013.6,0,0.3,2,159.3,0
2017-01-31 18:27:59,3,31,19.8,85,0.5,1013.7,0,0,0,159.3,0
2017-01-31 18:30:59,3,31,19.8,85,0.5,1013.7,0,0,0,159.3,0
2017-01-31 18:33:59,3,31,19.8,85,0.5,1013.7,0.3,0.7,4,159.3,0
2017-01-31 18:36:59,3,31,19.8,85,0.5,1013.6,0,0,0,159.3,0
2017-01-31 18:39:59,3,31,19.8,85,0.5,1013.6,0,0,0,159.3,0
2017-01-31 18:42:59,3,31,19.8,85,0.5,1013.7,0,0.3,0,159.3,0
2017-01-31 18:45:59,3,31,19.8,85,0.5,1013.7,0.3,0.7,0,159.3,0
2017-01-31 18:48:59,3,31,19.8,85,0.5,1013.6,0.3,0.7,0,159.3,0
2017-01-31 18:51:59,3,31,19.8,85,0.5,1013.5,0,0.3,0,159.3,0
2017-01-31 18:54:59,3,31,19.8,85,0.5,1013.5,0.3,0.7,14,159.3,0
2017-01-31 18:57:59,3,31,19.8,85,0.5,1013.6,0,0.3,6,159.3,0
2017-01-31 19:00:59,3,31,19.8,85,0.5,1013.6,0,0,0,159.3,0
2017-01-31 19:03:59,3,31,19.8,85,0.5,1013.6,0,0,0,159.3,0
2017-01-31 19:06:59,3,31,19.8,85,0.5,1013.6,0,0,0,159.3,0
2017-01-31 19:09:59,3,31,19.8,85,0.5,1013.7,0,0,0,159.3,0
2017-01-31 19:12:59,3,31,19.8,85,0.5,1013.8,0,0,14,159.3,0
2017-01-31 19:15:59,3,31,19.8,85,0.5,1013.7,0,0,6,159.3,0
2017-01-31 19:18:59,3,31,19.8,85,0.5,1013.7,0,0,0,159.3,0
2017-01-31 19:21:59,3,31,19.8,85,0.5,1013.7,0,0,0,159.3,0
2017-01-31 19:24:59,3,31,19.8,85,0.5,1013.6,0,0,0,159.3,0
2017-01-31 19:27:59,3,31,19.8,85,0.5,1013.7,0,0,0,159.3,0
2017-01-31 19:30:59,3,31,19.8,85,0.5,1013.7,0,0,0,159.3,0
2017-01-31 19:33:59,3,31,19.8,85,0.5,1013.6,0.3,0.7,0,159.3,0
2017-01-31 19:36:59,3,31,19.8,85,0.5,1013.6,0,0.3,2,159.3,0
2017-01-31 19:39:59,3,31,19.8,85,0.5,1013.6,0,0,2,159.3,0
2017-01-31 19:42:59,3,31,19.8,85,0.5,1013.6,0,0,14,159.3,0
2017-01-31 19:45:59,3,31,19.8,85,0.5,1013.5,0,0,0,159.3,0
2017-01-31 19:48:59,3,31,19.8,85,0.5,1013.5,0,0,0,159.3,0
2017-01-31 19:51:59,3,31,19.8,85,0.5,1013.7,0,0.3,2,159.3,0
2017-01-31 19:54:59,3,31,19.8,85,0.5,1013.8,0,0,0,159.3,0
2017-01-31 19:57:59,3,31,19.8,85,0.5,1013.8,0,0,2,159.3,0
2017-01-31 20:00:59,3,31,19.8,85,0.5,1013.7,0,0,0,159.3,0
2017-01-31 20:03:59,3,31,19.8,85,0.5,1013.7,0,0,0,159.3,0
2017-01-31 20:06:59,3,31,19.8,85,0.5,1013.7,0,0,0,159.3,0
2017-01-31 20:09:59,3,31,19.8,85,0.5,1013.8,0,0.3,4,159.3,0
2017-01-31 20:12:59,3,31,19.8,85,0.5,1013.8,0,0,4,159.3,0
2017-01-31 20:15:59,3,31,19.8,85,0.5,1013.9,0,0,0,159.3,0
2017-01-31 20:18:59,3,31,19.8,85,0.5,1013.9,0,0,0,159.3,0
2017-01-31 20:21:59,3,31,19.8,85,0.5,1014.0,0,0,2,159.3,0
2017-01-31 20:24:59,3,31,19.8,85,0.5,1013.9,0,0,0,159.3,0
2017-01-31 20:27:59,3,31,19.8,85,0.5,1014.1,0,0,2,159.3,0
2017-01-31 20:30:59,3,31,19.8,85,0.5,1014.1,0,0,2,159.3,0
2017-01-31 20:33:59,3,31,19.8,85,0.5,1014.0,0,0,0,159.3,0
2017-01-31 20:36:59,3,31,19.8,85,0.5,1014.0,0,0.3,0,159.3,0
2017-01-31 20:39:59,3,31,19.8,85,0.5,1013.9,0,0.3,0,159.3,0
2017-01-31 20:42:59,3,31,19.8,85,0.5,1014.0,0,0,0,159.3,0
2017-01-31 20:45:59,3,31,19.8,85,0.5,1014.1,0,0,0,159.3,0
2017-01-31 20:48:59,3,31,19.8,85,0.5,1014.1,0,0,4,159.3,0
2017-01-31 20:51:59,3,31,19.8,85,0.5,1014.1,0,0,4,159.3,0
2017-01-31 20:54:59,3,31,19.8,85,0.5,1014.0,0,0,14,159.3,0
2017-01-31 20:57:59,3,31,19.8,85,0.5,1014.0,0,0,0,159.3,0
2017-01-31 21:00:59,3,31,19.8,85,0.5,1014.0,0.3,0.7,0,159.3,0
2017-01-31 21:03:59,3,31,19.8,85,0.5,1014.0,0.3,0.7,0,159.3,0
2017-01-31 21:06:59,3,31,19.8,85,0.5,1014.0,0,0,0,159.3,0
2017-01-31 21:09:59,3,31,19.8,85,0.5,1014.0,0.3,0.7,0,159.3,0
2017-01-31 21:12:59,3,31,19.8,85,0.5,1014.1,0.7,1.0,0,159.3,0
2017-01-31 21:15:59,3,31,19.8,85,0.5,1014.0,0.7,1.0,0,159.3,0
2017-01-31 21:18:59,3,31,19.8,85,0.5,1013.9,1.0,1.4,0,159.3,0
2017-01-31 21:21:59,3,31,19.8,85,0.5,1013.9,0.7,1.0,0,159.3,0
2017-01-31 21:24:59,3,31,19.8,85,0.5,1014.0,0.3,1.0,2,159.3,0
2017-01-31 21:27:59,3,31,19.8,85,0.5,1014.0,0,0,14,159.3,0
2017-01-31 21:30:59,3,31,19.8,85,0.5,1014.0,0.3,0.7,2,159.3,0
2017-01-31 21:33:59,3,31,19.8,85,0.5,1013.9,0,0.3,10,159.3,0
2017-01-31 21:36:59,3,31,19.7,85,0.5,1014.0,0,0.3,4,159.3,0
2017-01-31 21:39:59,3,31,19.7,85,0.5,1014.0,0,0,10,159.3,0
2017-01-31 21:42:59,3,31,19.7,85,0.5,1013.9,0,0,10,159.3,0
2017-01-31 21:45:59,3,31,19.7,85,0.5,1013.9,0,0,0,159.3,0
2017-01-31 21:48:59,3,31,19.7,85,0.5,1014.1,0,0,0,159.3,0
2017-01-31 21:51:59,3,31,19.7,85,0.5,1013.9,0,0,0,159.3,0
2017-01-31 21:54:59,3,31,19.7,85,0.5,1014.0,0,0,0,159.3,0
2017-01-31 21:57:59,3,31,19.7,85,0.5,1014.1,0,0.3,2,159.3,0
2017-01-31 22:00:59,3,31,19.7,85,0.5,1014.1,0.3,0.7,0,159.3,0
2017-01-31 22:03:59,3,31,19.7,85,0.5,1014.2,0.3,0.7,0,159.3,0
2017-01-31 22:06:59,3,31,19.6,85,0.5,1014.3,0,0.3,0,159.3,0
2017-01-31 22:09:59,3,31,19.6,85,0.5,1014.2,0,0,0,159.3,0
2017-01-31 22:12:59,3,31,19.6,85,0.5,1014.2,0,0,4,159.3,0
2017-01-31 22:15:59,3,31,19.6,85,0.5,1014.3,0,0,4,159.3,0
2017-01-31 22:18:59,3,31,19.6,85,0.5,1014.4,0.3,0.7,0,159.3,0
2017-01-31 22:21:59,3,31,19.6,85,0.5,1014.5,0.7,1.0,2,159.3,0
2017-01-31 22:24:59,3,31,19.6,85,0.5,1014.4,0,0,0,159.3,0
2017-01-31 22:27:59,3,31,19.5,85,0.5,1014.5,0.3,0.7,0,159.3,0
2017-01-31 22:30:59,3,31,19.5,85,0.5,1014.4,0.3,0.7,4,159.3,0
2017-01-31 22:33:59,3,31,19.5,85,0.5,1014.5,0.3,0.7,2,159.3,0
2017-01-31 22:36:59,3,31,19.4,85,0.5,1014.4,0.3,0.7,0,159.3,0
2017-01-31 22:39:59,3,31,19.4,85,0.5,1014.4,0.3,0.7,4,159.3,0
2017-01-31 22:42:59,3,31,19.4,85,0.5,1014.4,0,0.7,0,159.3,0
2017-01-31 22:45:59,3,31,19.3,85,0.5,1014.4,0,0,0,159.3,0
2017-01-31 22:48:59,3,31,19.3,85,0.5,1014.4,0.3,0.7,2,159.3,0
2017-01-31 22:51:59,3,31,19.3,85,0.5,1014.5,0,0.3,0,159.3,0
2017-01-31 22:54:59,3,31,19.3,85,0.5,1014.5,0,0,0,159.3,0
2017-01-31 22:57:59,3,31,19.2,85,0.5,1014.4,0.3,1.0,0,159.3,0
2017-01-31 23:00:59,3,31,19.2,85,0.5,1014.5,0.3,0.7,0,159.3,0
2017-01-31 23:03:59,3,31,19.2,85,0.5,1014.5,0.3,0.7,0,159.3,0
2017-01-31 23:06:59,3,31,19.2,85,0.5,1014.4,0,0,0,159.3,0
2017-01-31 23:09:59,3,31,19.2,85,0.5,1014.5,0,0,0,159.3,0
2017-01-31 23:12:59,3,31,19.1,85,0.5,1014.5,0.7,1.0,0,159.3,0
2017-01-31 23:15:59,3,31,19.1,85,0.5,1014.6,0.3,0.7,2,159.3,0
2017-01-31 23:18:59,3,31,19.1,85,0.5,1014.6,0.7,1.0,2,159.3,0
2017-01-31 23:21:59,3,31,19.1,85,0.5,1014.6,0,0,0,159.3,0
2017-01-31 23:24:59,3,31,19.1,85,0.5,1014.6,0.3,0.7,0,159.3,0
2017-01-31 23:27:59,3,31,19.0,85,0.5,1014.6,0.3,0.3,0,159.3,0
2017-01-31 23:30:59,3,31,19.0,85,0.5,1014.6,0.3,0.7,0,159.3,0
2017-01-31 23:33:59,3,31,19.0,85,0.5,1014.7,0,0,0,159.3,0
2017-01-31 23:36:59,3,31,19.0,85,0.5,1014.5,0,0,0,159.3,0
2017-01-31 23:39:59,3,31,19.0,85,0.5,1014.6,0,0,0,159.3,0
2017-01-31 23:42:59,3,31,19.0,85,0.5,1014.5,0,0,0,159.3,0
2017-01-31 23:45:59,3,32,18.9,85,0.5,1014.5,0,0,2,159.3,0
2017-01-31 23:48:59,3,32,18.9,85,0.5,1014.6,0,0,0,159.3,0
2017-01-31 23:51:59,3,32,18.9,85,0.5,1014.5,0,0,0,159.3,0
2017-01-31 23:54:59,3,32,18.9,85,0.5,1014.5,0,0,0,159.3,0
2017-01-31 23:57:59,3,32,18.9,85,0.5,1014.5,0,0,0,159.3,0
