2012-01-01 00:08:00,20,49,17.9,87,2.4,1003.0,0.0,0.7,6,108.9,0
2012-01-01 00:28:00,20,49,18.0,87,2.4,1002.6,0.3,1.0,8,108.9,0
2012-01-01 00:48:00,20,49,18.0,88,2.3,1002.7,0.0,0.3,8,108.9,0
2012-01-01 01:08:00,20,49,18.0,89,2.3,1002.8,0.0,0.7,10,108.9,0
2012-01-01 01:28:00,20,49,17.9,90,2.3,1002.6,0.0,0.0,8,108.9,0
2012-01-01 01:48:00,20,49,17.9,90,2.3,1002.5,0.0,1.0,8,108.9,0
2012-01-01 02:08:00,20,49,17.8,91,2.4,1002.6,0.3,1.0,10,108.9,0
2012-01-01 02:28:00,20,49,17.7,91,2.5,1002.5,0.0,0.7,8,108.9,0
2012-01-01 02:48:00,20,49,17.5,91,2.5,1002.2,0.3,1.0,8,108.9,0
2012-01-01 03:08:00,20,48,17.4,92,2.7,1002.1,1.0,2.0,10,108.9,0
2012-01-01 03:28:00,20,48,17.2,92,2.8,1002.1,0.0,0.7,10,108.9,0
2012-01-01 03:48:00,20,48,17.1,92,2.9,1002.0,0.0,0.7,8,108.9,0
2012-01-01 04:08:00,20,48,17.0,93,3.1,1001.9,0.0,0.3,6,108.9,0
2012-01-01 04:28:00,20,48,16.8,93,3.2,1002.0,0.0,0.3,6,108.9,0
2012-01-01 04:48:00,20,48,16.7,93,3.3,1002.3,0.0,0.3,8,108.9,0
2012-01-01 05:08:00,20,48,16.6,93,3.6,1002.0,0.0,0.3,8,108.9,0
2012-01-01 05:28:00,20,49,16.6,93,3.8,1002.0,0.0,0.7,12,108.9,0
2012-01-01 05:48:00,20,48,16.7,93,4.1,1002.0,0.0,0.0,10,108.9,0
2012-01-01 06:08:00,20,48,16.9,94,4.4,1001.8,0.0,0.0,4,108.9,0
2012-01-01 06:28:00,20,48,17.1,94,4.4,1001.6,0.0,0.3,8,108.9,0
2012-01-01 06:48:00,20,48,17.2,94,4.6,1001.9,0.0,0.7,8,108.9,0
2012-01-01 07:08:00,20,48,17.3,94,4.7,1001.8,0.7,1.4,8,108.9,0
2012-01-01 07:28:00,20,47,17.3,94,4.9,1001.8,0.0,0.7,10,108.9,0
2012-01-01 07:48:00,20,48,17.3,94,5.1,1001.7,0.0,0.0,10,108.9,0
2012-01-01 08:08:00,20,48,17.4,94,5.4,1001.7,0.7,1.4,10,108.9,0
2012-01-01 08:28:00,20,48,17.4,95,5.6,1001.8,0.3,1.0,8,108.9,0
2012-01-01 08:48:00,20,48,17.4,95,5.9,1001.4,0.0,1.0,8,108.9,0
2012-01-01 09:08:00,20,49,17.5,95,6.2,1001.5,0.3,0.7,10,108.9,0
2012-01-01 09:28:00,20,50,17.7,95,6.5,1001.6,0,0.7,10,108.9,0
2012-01-01 09:48:00,20,48,18.2,95,6.8,1001.5,0.7,1.7,8,108.9,0
2012-01-01 10:08:00,20,48,18.1,95,7.2,1001.5,1.0,2.0,10,108.9,0
2012-01-01 10:28:00,20,48,18.0,95,7.5,1001.2,0.3,1.0,10,109.2,0
2012-01-01 10:48:00,20,48,18.0,95,7.8,1001.0,1.0,2.0,10,109.2,0
2012-01-01 11:08:00,20,48,18.0,95,8.1,1001.0,0,1.0,10,109.5,0
2012-01-01 11:28:00,20,49,18.0,95,8.3,1001.0,0,1.0,10,109.5,0
2012-01-01 11:48:00,20,50,18.1,95,8.5,1000.9,0.7,1.4,13,109.5,0
2012-01-01 12:08:00,20,48,18.9,95,8.7,1000.8,0,0.7,10,109.5,0
2012-01-01 12:28:00,20,46,19.8,95,8.8,1001.0,0.7,1.4,10,109.8,0
2012-01-01 12:48:00,20,46,19.7,95,8.9,1000.9,0.3,1.4,8,109.8,0
2012-01-01 13:08:00,20,47,19.3,95,9.2,1000.8,1.0,1.7,10,109.8,0
2012-01-01 13:28:00,20,47,19.0,95,9.5,1000.5,0.3,1.0,10,109.8,0
2012-01-01 13:48:00,20,48,18.8,95,9.8,1000.7,0.3,1.4,10,109.8,0
2012-01-01 14:08:00,20,48,18.7,95,9.9,1000.9,0.3,1.0,10,109.8,0
2012-01-01 14:28:00,20,49,18.6,95,10.0,1000.7,0.3,1.4,10,109.8,0
2012-01-01 14:48:00,20,49,18.6,95,10.0,1000.9,0.3,1.4,10,109.8,0
2012-01-01 15:08:00,20,49,18.6,95,10.0,1001.0,0,0.7,10,109.8,0
2012-01-01 15:28:00,20,49,18.6,95,9.9,1001.0,0,0,10,109.8,0
2012-01-01 15:48:00,20,50,18.6,95,9.9,1001.3,0.3,1.4,10,109.8,0
2012-01-01 16:08:00,20,48,19.3,95,10.0,1001.3,0.3,1.0,10,109.8,0
2012-01-01 16:28:00,20,46,20.2,95,10.0,1001.5,0,0.7,12,109.8,0
2012-01-01 16:48:00,20,44,20.8,95,10.0,1001.5,0,1.0,8,109.8,0
2012-01-01 17:08:00,20,46,20.5,95,9.9,1001.4,0,0,10,109.8,0
2012-01-01 17:28:00,20,46,20.1,95,9.8,1001.2,0,0,6,109.8,0
2012-01-01 17:48:00,20,47,19.7,95,9.7,1001.7,0,0,12,109.8,0
2012-01-01 18:08:00,20,47,19.4,95,9.8,1001.4,0,0.3,2,109.8,0
2012-01-01 18:28:00,20,48,19.2,95,10.0,1001.2,0,0.3,8,109.8,0
2012-01-01 18:48:00,20,48,19.1,95,10.0,1001.0,0,1.0,10,109.8,0
2012-01-01 19:08:00,20,49,19.1,95,10.1,1001.2,0,0.7,10,109.8,0
2012-01-01 19:28:00,20,49,19.0,95,10.0,1001.1,0,0,10,109.8,0
2012-01-01 19:48:00,20,49,18.9,95,10.1,1000.8,0,0.3,12,109.8,0
2012-01-01 20:08:00,20,49,18.9,95,10.1,1000.3,0,0.3,12,109.8,0
2012-01-01 20:28:00,20,49,18.9,96,10.3,1000.1,0,0.3,8,109.8,0
2012-01-01 20:48:00,20,49,18.9,96,10.3,999.9,0.3,1.4,10,109.8,0
2012-01-01 21:08:00,20,49,18.9,95,10.4,999.6,0.3,1.0,8,109.8,0
2012-01-01 21:28:00,20,49,18.8,95,10.5,999.4,0.3,1.0,10,109.8,0
2012-01-01 21:48:00,20,49,18.7,95,10.6,999.0,1.0,3.4,9,109.8,0
2012-01-01 22:08:00,20,49,18.6,94,10.8,998.7,1.0,2.0,10,109.8,0
2012-01-01 22:28:00,20,49,18.6,93,10.8,998.3,0.7,2.4,8,109.8,0
2012-01-01 22:48:00,20,49,18.5,92,10.8,998.2,0.3,1.0,10,110.1,0
2012-01-01 23:08:00,20,49,18.4,93,10.5,997.7,1.0,2.0,10,110.4,0
2012-01-01 23:28:00,20,49,18.3,93,10.4,997.3,0.3,1.4,10,110.7,0
2012-01-01 23:48:00,20,49,18.2,94,10.4,997.0,0.7,2.0,14,110.7,0
