2010-07-17 00:02:15,20,56,26.1,62,25.2,1007.3,0.0,0.7,8,886.5,0
2010-07-17 00:22:15,20,56,26.1,62,25.2,1006.7,0.0,0.0,8,886.5,0
2010-07-17 00:42:15,20,56,26.1,63,24.6,1006.7,0.0,0.0,4,886.5,0
2010-07-17 01:02:15,20,56,26.0,64,24.5,1006.6,0.0,0.0,2,886.5,0
2010-07-17 01:22:15,20,57,26.0,65,24.9,1007.1,0.0,0.7,6,886.5,0
2010-07-17 01:42:15,20,57,25.9,64,24.8,1006.4,0.0,0.0,10,886.5,0
2010-07-17 02:02:15,20,58,25.9,65,24.2,1006.6,1.0,2.0,6,886.5,0
2010-07-17 02:22:15,20,57,25.8,64,24.3,1007.1,0.0,0.0,6,886.5,0
2010-07-17 02:42:15,20,57,25.8,66,23.6,1006.9,0.0,0.0,10,886.5,0
2010-07-17 03:02:15,20,57,25.7,68,23.1,1006.8,0.0,0.0,6,886.5,0
2010-07-17 03:22:15,20,58,25.6,71,22.6,1006.6,0.0,0.3,12,886.5,0
2010-07-17 03:42:15,20,58,25.5,72,22.1,1006.5,0.3,0.7,12,886.5,0
2010-07-17 04:02:15,20,59,25.3,73,22.0,1007.0,0.0,0.0,8,886.5,0
2010-07-17 04:22:15,20,60,25.2,75,21.9,1007.3,0.0,0.0,0,886.5,0
2010-07-17 04:42:15,20,60,25.1,75,22.2,1007.1,0.0,0.3,10,886.5,0
2010-07-17 05:02:15,20,61,25.0,73,23.0,1007.3,0.0,0.7,0,886.5,0
2010-07-17 05:22:15,20,61,25.0,64,25.9,1007.5,0.0,0.0,2,886.5,0
2010-07-17 05:42:15,20,61,25.1,65,25.2,1008.0,0.0,0.7,4,886.5,0
2010-07-17 06:02:15,20,60,25.2,67,24.9,1007.7,0.0,0.0,12,886.5,0
2010-07-17 06:22:15,20,60,25.3,70,24.1,1008.6,0.3,1.0,8,886.5,0
2010-07-17 06:42:15,20,60,25.4,72,23.4,1008.8,0.0,0.3,10,886.5,0
2010-07-17 07:02:15,20,60,25.5,73,23.2,1008.6,0.0,0.7,12,886.5,0
2010-07-17 07:22:15,20,60,25.6,75,23.1,1008.1,0.0,0.3,10,886.5,0
2010-07-17 07:42:15,20,60,25.6,77,22.6,1008.4,0.0,0.0,10,886.5,0
2010-07-17 08:02:17,20,63,25.7,80,22.2,1008.9,0,0,0,886.8,0
2010-07-17 08:22:17,20,64,25.8,82,21.8,1008.6,0,0,0,887.1,0
2010-07-17 08:42:17,20,65,25.8,84,21.6,1008.9,0,0.7,12,887.7,0
2010-07-17 09:02:17,20,65,25.9,85,21.7,1008.8,0,0,14,888.0,0
2010-07-17 09:22:17,20,65,25.8,80,22.9,1008.9,0,0.7,14,888.0,0
2010-07-17 09:42:17,20,66,25.7,80,23.2,1008.7,0,0.3,14,888.0,0
2010-07-17 10:02:17,20,66,25.7,75,25.3,1008.5,0,0.3,12,888.0,0
2010-07-17 10:22:17,20,65,25.8,67,26.6,1008.5,0.7,1.4,12,888.0,0
2010-07-17 10:42:17,20,64,25.9,68,26.3,1008.8,0.3,1.0,14,888.0,0
2010-07-17 11:02:17,20,64,25.9,64,27.7,1009.1,1.0,2.0,10,888.0,0
2010-07-17 11:22:17,20,63,26.0,62,27.6,1009.2,1.0,2.4,14,888.0,0
2010-07-17 11:42:17,20,63,26.1,63,27.0,1009.2,1.0,2.4,12,888.0,0
2010-07-17 12:02:17,20,63,26.1,60,28.3,1009.4,2.0,4.4,14,888.0,0
2010-07-17 12:22:17,20,63,26.2,59,28.2,1009.4,0.3,1.4,4,888.0,0
2010-07-17 12:42:17,20,62,26.3,52,30.5,1009.4,0.7,2.0,14,888.0,0
2010-07-17 13:02:17,20,62,26.4,50,29.9,1009.5,0.7,1.4,14,888.0,0
2010-07-17 13:22:17,20,61,26.5,47,31.2,1009.7,0.7,2.0,14,888.0,0
2010-07-17 13:42:17,20,61,26.6,47,30.4,1009.5,0.7,1.7,13,888.0,0
2010-07-17 14:02:17,20,61,26.7,41,31.5,1009.4,2.7,4.4,0,888.0,0
2010-07-17 14:22:17,20,61,26.7,40,31.4,1009.5,1.0,2.7,12,888.0,0
2010-07-17 14:42:17,20,61,26.9,41,31.1,1009.3,1.0,2.0,12,888.0,0
2010-07-17 15:02:17,20,61,27.0,40,31.5,1009.4,0.7,1.7,14,888.0,0
2010-07-17 15:22:17,20,60,27.1,40,30.9,1009.3,0.7,2.4,2,888.0,0
2010-07-17 15:42:17,20,60,27.2,45,30.2,1009.8,1.0,1.4,12,888.0,0
2010-07-17 16:02:17,20,60,27.3,49,27.5,1010.3,1.4,3.4,2,888.0,0
2010-07-17 16:22:17,20,59,27.4,50,26.0,1010.2,0.7,1.4,12,888.0,0
2010-07-17 16:42:17,20,52,27.0,55,25.0,1010.2,0.7,1.7,10,888.0,0
2010-07-17 17:02:17,20,51,26.5,58,24.4,1010.4,0.3,1.4,14,888.0,0
2010-07-17 17:22:17,20,53,26.4,59,24.1,1010.7,1.7,3.4,14,888.0,0
2010-07-17 17:42:17,20,53,26.1,60,23.7,1010.5,0,0.3,14,888.0,0
2010-07-17 18:02:17,20,54,25.9,60,25.0,1010.5,0,0.3,6,888.0,0
2010-07-17 18:22:17,20,54,25.7,60,24.1,1010.7,0.3,1.0,0,888.0,0
2010-07-17 18:42:17,20,55,25.6,63,23.5,1010.8,0.3,1.4,14,888.0,0
2010-07-17 19:02:17,20,55,25.4,66,22.9,1010.9,0.3,0.7,7,888.0,0
2010-07-17 19:22:17,20,56,25.1,68,22.2,1011.1,0,0.3,13,888.0,0
2010-07-17 19:42:17,20,56,25.0,70,21.6,1011.3,0,0,12,888.0,0
2010-07-17 20:02:17,20,57,24.9,71,21.4,1011.9,0,0,12,888.0,0
2010-07-17 20:22:17,20,57,24.7,72,21.1,1012.3,0,0.7,12,888.0,0
2010-07-17 20:42:17,20,57,24.5,72,20.8,1012.2,0,0,14,888.0,0
2010-07-17 21:02:17,20,58,24.3,73,20.5,1012.1,0,0,12,888.0,0
2010-07-17 21:22:17,20,58,24.1,73,20.4,1013.0,0.7,1.4,12,888.0,0
2010-07-17 21:42:17,20,58,23.8,71,20.5,1013.5,0.3,1.4,0,888.0,0
2010-07-17 22:02:17,20,56,23.3,67,20.4,1013.7,0.3,1.4,0,888.0,0
2010-07-17 22:22:17,20,56,23.0,66,20.0,1013.8,0,0.7,14,888.0,0
2010-07-17 22:42:17,20,55,22.8,67,19.5,1014.3,0.3,1.0,14,888.0,0
2010-07-17 23:02:17,20,56,22.6,68,19.2,1014.2,0,1.0,14,888.0,0
2010-07-17 23:22:17,20,56,22.3,70,18.9,1014.5,0,1.4,12,888.0,0
2010-07-17 23:42:17,20,56,22.0,71,18.5,1014.5,0.3,2.0,12,888.0,0
