2019-03-05 00:01:00,3,34,19.8,62,7.0,990.7,2.0,3.4,10,1169.1,0
2019-03-05 00:04:00,3,34,19.8,62,7.0,990.7,3.1,3.4,8,1169.1,0
2019-03-05 00:07:00,3,34,19.8,63,7.0,990.7,2.7,4.1,10,1169.1,0
2019-03-05 00:10:00,3,34,19.8,63,6.9,990.7,3.1,3.7,12,1169.1,0
2019-03-05 00:13:00,3,34,19.8,63,6.9,990.7,3.4,4.8,8,1169.1,0
2019-03-05 00:16:00,3,34,19.7,62,6.9,990.8,4.1,4.4,9,1169.1,0
2019-03-05 00:19:00,3,34,19.7,62,7.0,990.8,3.1,5.4,10,1169.1,0
2019-03-05 00:22:00,3,34,19.7,62,7.0,990.7,3.1,3.7,8,1169.1,0
2019-03-05 00:25:00,3,34,19.7,63,7.0,990.8,2.4,3.1,10,1169.1,0
2019-03-05 00:28:00,3,34,19.7,63,7.0,990.7,1.7,2.4,10,1169.1,0
2019-03-05 00:31:00,3,34,19.7,63,7.0,990.6,3.7,4.8,10,1169.1,0
2019-03-05 00:34:00,3,34,19.6,63,7.0,990.8,2.7,4.8,10,1169.1,0
2019-03-05 00:37:00,3,34,19.6,63,7.0,990.9,3.1,5.1,10,1169.1,0
2019-03-05 00:40:00,3,34,19.6,63,7.1,990.8,2.0,2.7,10,1169.1,0
2019-03-05 00:43:00,3,34,19.6,63,7.1,990.9,1.7,2.4,10,1169.1,0
2019-03-05 00:46:00,3,34,19.6,63,7.1,990.9,3.4,4.4,9,1169.1,0
2019-03-05 00:49:00,3,34,19.6,63,7.1,991.0,2.4,3.7,10,1169.1,0
2019-03-05 00:52:00,3,34,19.6,63,7.0,990.8,1.7,2.4,8,1169.1,0
2019-03-05 00:55:00,3,34,19.5,63,7.0,990.9,2.7,3.7,10,1169.1,0
2019-03-05 00:58:00,3,34,19.5,63,7.0,991.0,2.4,3.4,10,1169.1,0
2019-03-05 01:01:00,3,34,19.5,63,7.0,990.9,2.7,3.4,10,1169.1,0
2019-03-05 01:04:00,3,34,19.5,63,7.0,990.9,2.7,3.4,10,1169.1,0
2019-03-05 01:07:00,3,34,19.4,63,7.0,990.9,2.7,4.4,10,1169.1,0
2019-03-05 01:10:00,3,34,19.4,63,7.0,990.9,1.7,2.0,8,1169.1,0
2019-03-05 01:13:00,3,34,19.3,63,7.0,990.9,2.4,2.7,2,1169.1,0
2019-03-05 01:16:00,3,34,19.3,63,7.1,990.9,2.7,3.1,10,1169.1,0
2019-03-05 01:19:00,3,34,19.3,63,7.0,990.8,2.0,3.1,12,1169.1,0
2019-03-05 01:22:00,3,34,19.3,63,7.0,990.8,2.4,4.4,10,1169.1,0
2019-03-05 01:25:00,3,34,19.3,63,7.0,990.9,2.4,3.1,10,1169.1,0
2019-03-05 01:28:00,3,34,19.3,63,6.9,990.8,2.0,2.7,10,1169.1,0
2019-03-05 01:31:00,3,34,19.2,63,6.9,990.7,3.1,4.1,10,1169.1,0
2019-03-05 01:34:00,3,34,19.2,63,6.8,990.8,3.1,3.7,8,1169.1,0
2019-03-05 01:37:00,3,34,19.2,63,6.8,990.8,2.7,4.4,12,1169.1,0
2019-03-05 01:40:00,3,34,19.2,63,6.8,990.8,2.0,3.4,12,1169.1,0
2019-03-05 01:43:00,3,34,19.2,63,6.7,990.8,2.0,2.7,8,1169.1,0
2019-03-05 01:46:00,3,34,19.2,63,6.7,990.8,2.7,3.7,10,1169.1,0
2019-03-05 01:49:00,3,34,19.2,63,6.7,990.9,2.4,3.1,13,1169.1,0
2019-03-05 01:52:00,3,34,19.2,63,6.6,990.9,2.7,3.7,8,1169.1,0
2019-03-05 01:55:00,3,34,19.1,63,6.6,990.9,4.4,6.1,10,1169.1,0
2019-03-05 01:58:00,3,34,19.1,63,6.6,991.0,2.4,3.1,10,1169.1,0
2019-03-05 02:01:00,3,34,19.1,63,6.6,991.0,3.4,4.8,12,1169.1,0
2019-03-05 02:04:00,3,34,19.1,63,6.6,990.9,2.0,2.4,14,1169.1,0
2019-03-05 02:07:00,3,34,19.1,63,6.7,990.9,2.7,4.8,8,1169.1,0
2019-03-05 02:10:00,3,34,19.1,63,6.7,991.0,2.4,2.7,11,1169.1,0
2019-03-05 02:13:00,3,34,19.1,63,6.7,991.0,2.4,4.1,14,1169.1,0
2019-03-05 02:16:00,3,34,19.0,64,6.7,990.9,3.4,4.8,12,1169.1,0
2019-03-05 02:19:00,3,34,19.0,64,6.7,991.0,2.0,2.4,10,1169.1,0
2019-03-05 02:22:00,3,34,19.0,64,6.6,990.9,4.8,6.5,12,1169.1,0
2019-03-05 02:25:00,3,34,19.0,64,6.7,990.9,4.1,5.8,8,1169.1,0
2019-03-05 02:28:00,3,34,19.0,64,6.8,991.1,2.0,2.7,12,1169.1,0
2019-03-05 02:31:00,3,34,19.0,63,6.8,991.0,2.7,3.4,10,1169.1,0
2019-03-05 02:34:00,3,34,19.0,64,6.8,990.9,2.4,3.4,10,1169.1,0
2019-03-05 02:37:00,3,34,18.9,64,6.8,991.0,3.1,3.7,10,1169.1,0
2019-03-05 02:40:00,3,34,18.9,63,6.8,990.9,3.1,4.4,10,1169.1,0
2019-03-05 02:43:00,3,34,18.9,63,6.8,990.8,2.0,2.7,8,1169.1,0
2019-03-05 02:46:00,3,34,18.9,63,6.8,990.9,2.0,2.7,10,1169.1,0
2019-03-05 02:49:00,3,34,18.9,63,6.7,991.0,2.0,2.7,12,1169.1,0
2019-03-05 02:52:00,3,34,18.8,63,6.7,991.0,3.7,4.4,10,1169.1,0
2019-03-05 02:55:00,3,34,18.8,63,6.7,991.0,2.4,3.4,8,1169.1,0
2019-03-05 02:58:00,3,34,18.8,63,6.7,991.1,2.0,3.1,10,1169.1,0
2019-03-05 03:01:00,3,34,18.8,63,6.7,991.0,3.1,3.7,10,1169.1,0
2019-03-05 03:04:00,3,34,18.8,63,6.7,991.1,3.1,3.7,10,1169.1,0
2019-03-05 03:07:00,3,34,18.8,63,6.7,991.1,1.7,2.7,8,1169.1,0
2019-03-05 03:10:00,3,34,18.7,63,6.6,991.0,2.7,3.1,10,1169.1,0
2019-03-05 03:13:00,3,34,18.7,64,6.6,991.1,2.7,4.4,8,1169.1,0
2019-03-05 03:16:00,3,34,18.7,64,6.6,991.1,3.1,4.1,8,1169.1,0
2019-03-05 03:19:00,3,34,18.6,64,6.6,990.9,3.4,5.1,10,1169.1,0
2019-03-05 03:22:00,3,34,18.6,64,6.6,991.0,1.4,1.7,8,1169.1,0
2019-03-05 03:25:00,3,34,18.6,64,6.6,991.1,2.0,2.7,8,1169.1,0
2019-03-05 03:28:00,3,34,18.6,64,6.6,991.2,2.0,3.4,10,1169.1,0
2019-03-05 03:31:00,3,34,18.6,65,6.7,991.2,3.1,3.7,10,1169.1,0
2019-03-05 03:34:00,3,34,18.6,65,6.7,991.2,3.1,4.1,10,1169.1,0
2019-03-05 03:37:00,3,34,18.6,65,6.8,991.1,2.7,4.8,8,1169.1,0
2019-03-05 03:40:00,3,34,18.5,65,6.8,991.2,3.4,4.4,12,1169.1,0
2019-03-05 03:43:00,3,34,18.5,65,6.8,991.1,3.7,5.4,14,1169.1,0
2019-03-05 03:46:00,3,34,18.5,65,6.9,991.2,3.4,4.4,11,1169.1,0
2019-03-05 03:49:00,3,34,18.5,65,7.0,991.1,2.4,3.1,12,1169.1,0
2019-03-05 03:52:00,3,34,18.5,65,7.0,991.1,2.0,2.7,12,1169.1,0
2019-03-05 03:55:00,3,34,18.5,65,7.0,991.2,2.7,3.7,9,1169.1,0
2019-03-05 03:58:00,3,34,18.4,65,7.1,991.2,2.7,3.4,8,1169.1,0
2019-03-05 04:01:00,3,34,18.4,65,7.1,991.1,4.1,5.1,6,1169.1,0
2019-03-05 04:04:00,3,34,18.4,65,7.1,991.3,3.4,4.8,11,1169.1,0
2019-03-05 04:07:00,3,34,18.4,65,7.1,991.3,2.7,3.7,12,1169.1,0
2019-03-05 04:10:00,3,34,18.4,66,7.1,991.3,2.0,2.4,12,1169.1,0
2019-03-05 04:13:00,3,34,18.4,66,7.1,991.2,3.1,4.4,10,1169.1,0
2019-03-05 04:16:00,3,34,18.4,66,7.1,991.2,2.4,3.1,8,1169.1,0
2019-03-05 04:19:00,3,34,18.4,67,7.1,991.3,2.7,4.1,8,1169.1,0
2019-03-05 04:22:00,3,34,18.3,67,7.1,991.3,3.1,5.1,0,1169.1,0
2019-03-05 04:25:00,3,34,18.3,67,7.1,991.3,3.7,6.8,9,1169.1,0
2019-03-05 04:28:00,3,34,18.3,68,7.1,991.4,4.8,6.5,12,1169.1,0
2019-03-05 04:31:00,3,34,18.3,68,7.1,991.3,5.4,7.1,10,1169.1,0
2019-03-05 04:34:00,3,34,18.3,68,7.1,991.4,3.7,4.8,10,1169.1,0
2019-03-05 04:37:00,3,34,18.3,68,7.1,991.3,2.7,4.1,12,1169.1,0
2019-03-05 04:40:00,3,34,18.3,69,7.1,991.3,3.1,3.7,10,1169.1,0
2019-03-05 04:43:00,3,34,18.3,69,7.1,991.3,3.1,4.1,10,1169.1,0
2019-03-05 04:46:00,3,34,18.3,69,7.0,991.3,3.1,4.4,10,1169.1,0
2019-03-05 04:49:00,3,34,18.2,69,7.0,991.2,4.8,8.2,12,1169.1,0
2019-03-05 04:52:00,3,34,18.2,69,7.0,991.2,2.4,3.4,10,1169.1,0
2019-03-05 04:55:00,3,34,18.2,70,7.0,991.4,3.4,4.4,10,1169.1,0
2019-03-05 04:58:00,3,34,18.2,70,6.9,991.3,2.7,3.7,10,1169.1,0
2019-03-05 05:01:00,3,34,18.2,70,6.9,991.3,3.4,4.8,10,1169.1,0
2019-03-05 05:04:00,3,34,18.2,70,6.9,991.4,3.4,4.8,10,1169.1,0
2019-03-05 05:07:00,3,34,18.3,71,6.8,991.4,2.4,3.1,10,1169.1,0
2019-03-05 05:10:00,3,34,18.3,71,6.8,991.5,3.4,5.1,10,1169.1,0
2019-03-05 05:13:00,3,34,18.3,71,6.8,991.5,4.4,5.8,8,1169.1,0
2019-03-05 05:16:00,3,34,18.3,71,6.8,991.5,3.7,4.8,12,1169.1,0
2019-03-05 05:19:00,3,34,18.3,71,6.8,991.5,3.4,4.8,8,1169.1,0
2019-03-05 05:22:00,3,34,18.4,71,6.8,991.6,2.7,4.1,9,1169.1,0
2019-03-05 05:25:00,3,34,18.4,71,6.8,991.7,2.4,3.1,10,1169.1,0
2019-03-05 05:28:00,3,34,18.4,71,6.7,991.7,2.7,3.4,10,1169.1,0
2019-03-05 05:31:00,3,34,18.4,72,6.7,991.7,2.7,3.7,8,1169.1,0
2019-03-05 05:34:00,3,35,18.5,72,6.7,991.9,4.1,7.1,10,1169.1,0
2019-03-05 05:37:00,3,35,18.5,71,6.7,992.0,2.7,4.1,8,1169.1,0
2019-03-05 05:40:00,3,35,18.5,71,6.7,991.9,2.7,4.4,10,1169.1,0
2019-03-05 05:43:00,3,35,18.5,71,6.7,992.0,2.0,3.4,11,1169.1,0
2019-03-05 05:46:00,3,35,18.6,71,6.7,992.1,2.7,3.4,10,1169.1,0
2019-03-05 05:49:00,3,35,18.6,71,6.7,992.2,3.4,5.4,9,1169.1,0
2019-03-05 05:52:00,3,35,18.6,71,6.7,992.1,3.4,4.8,10,1169.1,0
2019-03-05 05:55:00,3,35,18.7,71,6.7,992.1,3.7,4.4,8,1169.1,0
2019-03-05 05:58:00,3,35,18.7,71,6.7,992.2,1.7,3.1,11,1169.1,0
2019-03-05 06:01:00,3,35,18.8,71,6.7,992.2,3.4,4.4,8,1169.1,0
2019-03-05 06:04:00,3,35,18.8,71,6.7,992.3,4.4,5.8,10,1169.1,0
2019-03-05 06:07:00,3,35,18.8,71,6.7,992.3,2.4,3.4,12,1169.1,0
2019-03-05 06:10:00,3,35,18.8,71,6.6,992.3,2.7,4.1,12,1169.1,0
2019-03-05 06:13:00,3,35,18.9,71,6.6,992.3,3.4,4.8,10,1169.1,0
2019-03-05 06:16:00,3,35,18.9,71,6.6,992.4,4.1,5.8,9,1169.1,0
2019-03-05 06:19:00,3,34,19.0,71,6.6,992.3,3.4,4.4,10,1169.1,0
2019-03-05 06:22:00,3,34,19.0,71,6.6,992.4,4.1,5.1,10,1169.1,0
2019-03-05 06:25:00,3,34,19.0,71,6.6,992.6,2.7,3.1,10,1169.1,0
2019-03-05 06:28:00,3,34,19.0,71,6.6,992.6,4.1,5.4,10,1169.1,0
2019-03-05 06:31:00,3,34,19.0,71,6.7,992.7,2.7,4.1,10,1169.1,0
2019-03-05 06:34:00,3,34,19.1,71,6.7,992.8,2.4,3.1,9,1169.1,0
2019-03-05 06:37:00,3,35,19.1,71,6.7,992.6,3.1,4.1,10,1169.1,0
2019-03-05 06:40:00,3,36,19.1,70,6.7,992.7,2.4,3.1,9,1169.1,0
2019-03-05 06:43:00,3,37,19.2,70,6.7,992.7,2.7,4.1,0,1169.1,0
2019-03-05 06:46:00,3,36,19.3,70,6.7,992.8,3.7,5.4,10,1169.1,0
2019-03-05 06:49:00,3,36,19.5,70,6.7,992.8,2.0,2.7,10,1169.1,0
2019-03-05 06:52:00,3,35,19.8,70,6.7,992.9,3.4,4.4,10,1169.1,0
2019-03-05 06:55:00,3,33,20.1,70,6.7,993.0,2.7,4.4,10,1169.1,0
2019-03-05 06:58:00,3,33,20.3,70,6.8,993.0,3.1,3.7,8,1169.1,0
2019-03-05 07:01:00,3,33,20.3,70,6.8,993.0,3.4,4.8,10,1169.1,0
2019-03-05 07:04:00,3,32,20.5,70,6.8,993.1,3.4,4.8,10,1169.1,0
2019-03-05 07:07:00,3,32,20.6,70,6.8,993.1,2.7,3.7,10,1169.1,0
2019-03-05 07:10:00,3,32,20.7,70,6.9,993.2,2.0,3.1,10,1169.1,0
2019-03-05 07:13:00,3,32,20.7,70,7.0,993.3,2.4,3.1,10,1169.1,0
2019-03-05 07:16:00,3,32,20.9,70,7.0,993.3,2.4,3.1,10,1169.1,0
2019-03-05 07:19:00,3,31,21.0,69,7.1,993.4,3.1,3.7,13,1169.1,0
2019-03-05 07:22:00,3,30,21.1,69,7.1,993.5,4.1,4.8,10,1169.1,0
2019-03-05 07:25:00,3,30,21.1,68,7.1,993.5,4.8,6.5,10,1169.1,0
2019-03-05 07:28:00,3,30,21.1,68,7.3,993.6,2.0,2.7,10,1169.1,0
2019-03-05 07:31:00,3,30,21.2,68,7.4,993.6,2.7,3.7,8,1169.1,0
2019-03-05 07:34:00,3,30,21.2,63,7.5,993.7,2.7,3.4,8,1169.1,0
2019-03-05 07:37:00,3,30,21.3,62,7.5,993.7,3.4,4.4,8,1169.1,0
2019-03-05 07:40:00,3,30,21.3,62,7.5,993.7,3.4,6.1,10,1169.1,0
2019-03-05 07:43:00,3,30,21.4,62,7.5,993.8,3.7,5.1,14,1169.1,0
2019-03-05 07:46:00,3,30,21.5,62,7.6,993.9,3.7,5.4,10,1169.1,0
2019-03-05 07:49:00,3,30,21.5,62,7.7,993.8,3.7,5.1,10,1169.1,0
2019-03-05 07:52:00,3,30,21.6,62,7.8,994.2,3.1,3.4,10,1169.1,0
2019-03-05 07:55:00,3,30,21.7,61,7.8,994.1,3.4,4.1,10,1169.1,0
2019-03-05 07:58:00,3,30,21.7,61,7.6,994.2,4.4,5.8,10,1169.1,0
2019-03-05 08:01:00,3,30,21.6,61,7.6,994.3,2.4,3.4,8,1169.1,0
2019-03-05 08:04:00,3,30,21.5,62,7.5,994.2,5.1,6.8,10,1169.1,0
2019-03-05 08:07:00,3,30,21.4,61,7.5,994.2,4.1,4.8,12,1169.1,0
2019-03-05 08:10:00,3,30,21.3,62,7.5,994.3,2.4,3.4,8,1169.1,0
2019-03-05 08:13:00,3,30,21.3,62,7.5,994.3,3.4,4.1,10,1169.1,0
2019-03-05 08:16:00,3,30,21.3,66,7.4,994.3,4.8,5.8,12,1169.1,0
2019-03-05 08:19:00,3,30,21.5,66,7.4,994.4,3.1,5.1,12,1169.1,0
2019-03-05 08:22:00,3,30,21.5,62,7.5,994.3,3.7,5.4,9,1169.1,0
2019-03-05 08:25:00,3,30,21.6,62,7.5,994.4,3.1,4.1,10,1169.1,0
2019-03-05 08:28:00,3,30,21.7,62,7.7,994.3,2.4,3.1,10,1169.1,0
2019-03-05 08:31:00,3,30,21.7,62,8.0,994.3,3.4,4.8,10,1169.1,0
2019-03-05 08:34:00,3,30,21.8,62,8.3,994.5,2.0,2.7,10,1169.1,0
2019-03-05 08:37:00,3,30,21.8,61,8.3,994.5,4.1,5.8,10,1169.1,0
2019-03-05 08:40:00,3,30,21.9,61,8.3,994.6,6.1,8.5,10,1169.1,0
2019-03-05 08:43:00,3,29,21.9,61,8.3,994.5,4.1,4.8,8,1169.1,0
2019-03-05 08:46:00,3,29,21.9,61,8.3,994.5,4.8,6.8,10,1169.1,0
2019-03-05 08:49:00,3,29,21.9,61,8.4,994.6,2.4,3.4,10,1169.1,0
2019-03-05 08:52:00,3,28,22.1,60,8.4,994.6,4.8,7.1,10,1169.1,0
2019-03-05 08:55:00,3,28,22.1,60,8.5,994.5,3.1,3.7,10,1169.1,0
2019-03-05 08:58:00,3,28,22.1,59,8.6,994.8,7.5,9.5,10,1169.1,0
2019-03-05 09:01:00,3,28,22.2,59,8.5,994.8,3.1,5.1,8,1169.1,0
2019-03-05 09:04:00,3,28,22.2,59,8.5,994.8,3.1,5.1,8,1169.1,0
2019-03-05 09:07:00,3,28,22.2,59,8.5,994.9,3.1,5.1,8,1169.1,0
2019-03-05 09:10:00,3,28,22.3,60,8.5,994.9,3.1,4.1,10,1169.1,0
2019-03-05 09:13:00,3,28,22.3,59,8.5,995.0,2.4,4.1,10,1169.1,0
2019-03-05 09:16:00,3,28,22.3,59,8.3,995.3,4.8,6.1,12,1169.1,0
2019-03-05 09:19:00,3,28,22.5,61,8.1,995.5,2.4,3.4,10,1169.1,0
2019-03-05 09:22:00,3,28,22.6,64,7.5,995.5,3.1,4.8,12,1169.4,0
2019-03-05 09:25:00,3,28,22.6,71,7.0,995.5,2.4,3.1,12,1169.7,0
2019-03-05 09:28:00,3,28,22.6,73,6.7,995.5,2.7,4.1,12,1169.7,0
2019-03-05 09:31:00,3,28,22.7,75,6.8,995.6,2.4,3.4,14,1169.7,0
2019-03-05 09:34:00,3,28,22.7,75,6.9,995.7,2.4,3.4,12,1169.7,0
2019-03-05 09:37:00,3,28,22.8,74,7.0,995.9,2.4,2.7,8,1169.7,0
2019-03-05 09:40:00,3,28,22.9,73,7.0,995.8,2.4,3.1,12,1169.7,0
2019-03-05 09:43:00,3,28,22.9,74,7.0,995.9,1.4,1.7,10,1169.7,0
2019-03-05 09:46:00,3,28,22.9,73,7.0,996.0,2.0,3.1,8,1169.7,0
2019-03-05 09:49:00,3,28,22.9,73,7.2,995.9,2.4,3.4,6,1169.7,0
2019-03-05 09:52:00,3,28,22.7,69,7.6,995.9,2.4,3.7,12,1169.7,0
2019-03-05 09:55:00,3,28,22.6,67,7.9,995.9,3.1,4.8,10,1169.7,0
2019-03-05 09:58:00,3,28,22.4,65,8.1,995.9,3.1,3.7,7,1169.7,0
2019-03-05 10:01:00,3,28,22.3,64,8.4,996.0,2.7,4.1,12,1169.7,0
2019-03-05 10:04:00,3,28,22.2,63,8.7,996.0,4.1,6.8,12,1169.7,0
2019-03-05 10:07:00,3,28,22.1,62,8.7,995.9,2.4,4.4,6,1169.7,0
2019-03-05 10:10:00,3,28,22.0,62,8.8,996.0,4.1,5.8,10,1169.7,0
2019-03-05 10:13:00,3,29,21.9,61,8.7,995.9,1.4,2.0,8,1169.7,0
2019-03-05 10:16:00,3,30,21.9,61,8.7,996.1,2.0,2.4,10,1169.7,0
2019-03-05 10:19:00,3,30,21.8,61,8.8,996.1,4.1,5.4,10,1169.7,0
2019-03-05 10:22:00,3,30,21.8,61,8.9,996.0,2.7,4.1,0,1169.7,0
2019-03-05 10:25:00,3,30,21.8,60,9.1,996.1,5.1,6.8,9,1169.7,0
2019-03-05 10:28:00,3,30,21.7,60,9.3,996.1,2.7,3.7,10,1169.7,0
2019-03-05 10:31:00,3,30,21.7,58,9.4,995.9,4.4,5.8,10,1169.7,0
2019-03-05 10:34:00,3,30,21.7,58,9.3,995.9,3.1,3.7,10,1169.7,0
2019-03-05 10:37:00,3,30,21.7,57,9.2,996.0,2.0,3.1,12,1169.7,0
2019-03-05 10:40:00,3,30,21.6,55,9.0,996.0,3.4,4.4,14,1169.7,0
2019-03-05 10:43:00,3,30,21.6,56,8.8,996.0,1.0,1.7,10,1169.7,0
2019-03-05 10:46:00,3,30,21.5,56,8.7,996.0,2.0,3.1,11,1169.7,0
2019-03-05 10:49:00,3,30,21.5,55,8.6,996.0,1.7,2.7,14,1169.7,0
2019-03-05 10:52:00,3,31,21.5,56,8.6,996.0,1.7,3.4,10,1169.7,0
2019-03-05 10:55:00,3,31,21.5,58,8.7,995.9,1.4,2.4,10,1169.7,0
2019-03-05 10:58:00,3,31,21.3,56,8.9,995.9,3.1,4.1,14,1169.7,0
2019-03-05 11:01:00,3,31,21.3,55,8.9,995.9,1.7,2.0,10,1169.7,0
2019-03-05 11:04:00,3,31,21.3,55,8.9,996.0,1.7,2.0,10,1169.7,0
2019-03-05 11:07:00,3,31,21.2,54,8.7,995.9,3.7,5.8,14,1169.7,0
2019-03-05 11:10:00,3,31,21.2,54,8.6,995.9,3.1,4.4,8,1169.7,0
2019-03-05 11:13:00,3,31,21.2,54,8.5,996.0,3.7,5.1,10,1169.7,0
2019-03-05 11:16:00,3,31,21.2,56,8.4,996.0,1.7,3.1,10,1169.7,0
2019-03-05 11:19:00,3,31,21.1,57,8.4,995.9,1.7,2.4,8,1169.7,0
2019-03-05 11:22:00,3,31,21.1,58,8.5,995.9,1.7,2.7,12,1169.7,0
2019-03-05 11:25:00,3,31,21.0,56,8.6,995.8,5.1,6.8,10,1169.7,0
2019-03-05 11:28:00,3,31,21.0,55,8.6,995.8,2.7,3.7,10,1169.7,0
2019-03-05 11:31:00,3,31,21.0,53,8.6,995.8,3.1,4.8,10,1169.7,0
2019-03-05 11:34:00,3,33,20.9,53,8.6,995.7,3.4,5.8,7,1169.7,0
2019-03-05 11:37:00,3,33,20.9,53,8.6,995.7,1.7,2.4,12,1169.7,0
2019-03-05 11:40:00,3,33,20.9,53,8.6,995.7,1.7,2.4,12,1169.7,0
2019-03-05 11:43:00,3,33,20.9,53,8.6,996.0,1.4,2.4,10,1169.7,0
2019-03-05 11:46:00,3,33,20.8,53,8.6,995.8,5.8,7.8,12,1169.7,0
2019-03-05 11:49:00,3,33,20.7,53,8.5,995.9,5.1,7.5,10,1169.7,0
2019-03-05 11:52:00,3,33,20.7,57,8.3,996.1,2.7,4.1,10,1169.7,0
2019-03-05 11:55:00,3,33,20.7,60,8.0,996.1,2.4,3.7,12,1169.7,0
2019-03-05 11:58:00,3,33,20.7,61,8.3,996.1,3.7,6.5,10,1169.7,0
2019-03-05 12:01:00,3,33,20.7,61,8.7,996.1,4.8,8.2,10,1169.7,0
2019-03-05 12:04:00,3,33,20.6,60,9.1,996.2,3.7,4.4,8,1169.7,0
2019-03-05 12:07:00,3,33,20.6,56,9.3,996.0,1.7,2.0,12,1169.7,0
2019-03-05 12:10:00,3,33,20.6,54,9.3,996.0,3.1,6.1,12,1169.7,0
2019-03-05 12:13:00,3,33,20.6,53,9.2,996.0,3.4,4.8,6,1169.7,0
2019-03-05 12:16:00,3,33,20.6,54,9.3,996.1,4.1,5.8,12,1169.7,0
2019-03-05 12:19:00,3,33,20.6,53,9.1,996.2,2.7,3.4,12,1169.7,0
2019-03-05 12:22:00,3,33,20.6,52,9.0,996.1,3.4,4.8,12,1169.7,0
2019-03-05 12:25:00,3,33,20.6,52,9.0,996.1,2.0,3.1,10,1169.7,0
2019-03-05 12:28:00,3,33,20.6,53,9.0,996.1,3.1,4.1,14,1169.7,0
2019-03-05 12:31:00,3,34,20.6,53,8.8,996.1,2.4,3.7,12,1169.7,0
2019-03-05 12:34:00,3,34,20.6,53,8.7,996.1,3.1,4.1,10,1169.7,0
2019-03-05 12:37:00,3,34,20.6,54,9.0,996.0,1.4,3.4,12,1169.7,0
2019-03-05 12:40:00,3,34,20.6,53,9.5,996.1,2.0,2.7,10,1169.7,0
2019-03-05 12:43:00,3,34,20.6,52,9.6,996.0,1.4,2.0,10,1169.7,0
2019-03-05 12:46:00,3,34,20.6,52,9.4,996.1,3.1,3.7,8,1169.7,0
2019-03-05 12:49:00,3,34,20.6,52,9.2,996.3,2.4,3.7,10,1169.7,0
2019-03-05 12:52:00,3,34,20.6,56,8.8,996.3,1.4,2.0,8,1170.0,0
2019-03-05 12:55:00,3,34,20.6,61,8.2,996.4,1.7,2.4,8,1170.0,0
2019-03-05 12:58:00,3,35,20.6,66,8.1,996.2,3.4,4.8,12,1170.0,0
2019-03-05 13:01:00,3,36,20.6,66,8.1,996.4,1.4,2.4,14,1170.0,0
2019-03-05 13:04:00,3,36,20.7,66,8.1,996.3,1.4,2.4,14,1170.0,0
2019-03-05 13:07:00,3,35,20.8,64,8.7,996.3,2.7,4.1,8,1170.0,0
2019-03-05 13:10:00,3,33,21.1,63,8.8,996.3,1.7,2.0,10,1170.0,0
2019-03-05 13:13:00,3,33,21.2,62,8.9,996.2,2.4,3.1,12,1170.0,0
2019-03-05 13:16:00,3,33,21.3,61,9.0,996.3,2.7,3.7,10,1170.0,0
2019-03-05 13:19:00,3,32,21.5,61,9.1,996.3,1.0,1.4,10,1170.0,0
2019-03-05 13:22:00,3,32,21.7,62,9.3,996.4,1.4,1.7,9,1170.0,0
2019-03-05 13:25:00,3,32,21.7,61,9.3,996.5,2.0,2.4,10,1170.0,0
2019-03-05 13:28:00,3,32,21.8,61,9.3,996.4,1.7,2.7,8,1170.0,0
2019-03-05 13:31:00,3,32,21.8,60,9.2,996.5,2.4,4.8,14,1170.0,0
2019-03-05 13:34:00,3,32,21.9,60,9.0,996.5,3.1,4.4,10,1170.0,0
2019-03-05 13:37:00,3,31,22.0,59,8.8,996.7,3.1,4.8,8,1170.0,0
2019-03-05 13:40:00,3,30,22.1,58,8.8,996.6,2.0,3.1,8,1170.0,0
2019-03-05 13:43:00,3,30,22.2,58,8.8,996.7,2.0,2.7,6,1170.0,0
2019-03-05 13:46:00,3,30,22.2,57,9.1,996.7,2.7,4.1,12,1170.0,0
2019-03-05 13:49:00,3,30,22.3,56,9.3,996.7,6.5,8.5,10,1170.0,0
2019-03-05 13:52:00,3,30,22.3,54,9.6,996.6,2.7,3.7,12,1170.0,0
2019-03-05 13:55:00,3,30,22.4,52,9.9,996.7,3.7,4.4,10,1170.0,0
2019-03-05 13:58:00,3,30,22.3,52,10.1,996.7,3.1,4.1,10,1170.0,0
2019-03-05 14:01:00,3,30,22.3,51,10.0,996.8,3.1,4.1,10,1170.0,0
2019-03-05 14:04:00,3,30,22.2,51,10.0,996.8,2.7,4.1,10,1170.0,0
2019-03-05 14:07:00,3,30,22.1,51,9.8,996.8,3.1,3.7,12,1170.0,0
2019-03-05 14:10:00,3,30,22.0,51,9.5,996.8,3.4,4.1,10,1170.0,0
2019-03-05 14:13:00,3,31,21.9,52,9.3,996.9,4.4,5.1,8,1170.0,0
2019-03-05 14:16:00,3,31,21.9,53,9.1,996.9,2.0,3.4,10,1170.0,0
2019-03-05 14:19:00,3,31,21.9,53,9.1,997.0,4.8,7.5,2,1170.0,0
2019-03-05 14:22:00,3,31,21.9,54,9.0,997.0,4.1,5.1,10,1170.0,0
2019-03-05 14:25:00,3,31,21.8,55,9.0,997.1,2.4,2.7,14,1170.0,0
2019-03-05 14:28:00,3,31,21.8,55,9.2,997.2,2.4,3.4,10,1170.0,0
2019-03-05 14:31:00,3,31,21.8,55,9.3,997.1,2.0,3.1,10,1170.0,0
2019-03-05 14:34:00,3,31,21.8,54,9.4,997.3,2.4,3.1,12,1170.0,0
2019-03-05 14:37:00,3,31,21.8,54,9.3,997.1,2.0,3.1,10,1170.0,0
2019-03-05 14:40:00,3,31,21.7,55,9.1,997.1,1.4,1.7,12,1170.0,0
2019-03-05 14:43:00,3,31,21.7,56,9.1,997.1,1.7,3.1,9,1170.0,0
2019-03-05 14:46:00,3,31,21.7,55,9.5,997.1,1.4,1.7,9,1170.0,0
2019-03-05 14:49:00,3,31,21.7,54,9.6,997.1,1.7,3.4,10,1170.0,0
2019-03-05 14:52:00,3,31,21.6,53,9.5,997.1,2.7,3.4,10,1170.0,0
2019-03-05 14:55:00,3,32,21.6,53,9.5,997.1,2.0,3.7,10,1170.0,0
2019-03-05 14:58:00,3,32,21.6,53,9.3,997.3,1.7,2.7,10,1170.0,0
2019-03-05 15:01:00,3,32,21.6,53,9.3,997.3,5.1,8.2,6,1170.0,0
2019-03-05 15:04:00,3,32,21.5,53,9.3,997.3,5.1,8.2,6,1170.0,0
2019-03-05 15:07:00,3,32,21.5,52,9.1,997.3,2.7,3.4,2,1170.0,0
2019-03-05 15:10:00,3,32,21.5,53,9.1,997.3,1.7,2.4,12,1170.0,0
2019-03-05 15:13:00,3,32,21.5,53,9.1,997.4,2.7,4.4,10,1170.0,0
2019-03-05 15:16:00,3,32,21.4,52,9.0,997.4,4.1,5.8,6,1170.0,0
2019-03-05 15:19:00,3,32,21.3,52,8.9,997.5,1.7,2.4,2,1170.0,0
2019-03-05 15:22:00,3,32,21.3,52,8.9,997.6,2.7,4.1,10,1170.0,0
2019-03-05 15:25:00,3,32,21.3,53,8.8,997.7,4.8,6.5,10,1170.0,0
2019-03-05 15:28:00,3,32,21.2,54,8.5,997.6,5.1,6.5,12,1170.0,0
2019-03-05 15:31:00,3,32,21.2,55,8.2,997.7,2.0,3.1,10,1170.0,0
2019-03-05 15:34:00,3,32,21.2,56,8.0,997.8,3.1,5.4,10,1170.0,0
2019-03-05 15:37:00,3,32,21.2,58,7.7,997.8,2.0,2.7,10,1170.0,0
2019-03-05 15:40:00,3,32,21.2,60,7.6,997.9,3.1,4.1,8,1170.0,0
2019-03-05 15:43:00,3,32,21.1,64,7.4,997.9,2.7,3.7,10,1170.0,0
2019-03-05 15:46:00,3,32,21.1,65,7.3,997.9,2.0,2.7,8,1170.0,0
2019-03-05 15:49:00,3,32,21.1,66,7.3,997.9,2.4,3.4,12,1170.0,0
2019-03-05 15:52:00,3,32,21.1,66,7.3,998.0,2.0,2.7,12,1170.0,0
2019-03-05 15:55:00,3,32,21.1,66,7.2,998.0,2.4,3.1,12,1170.0,0
2019-03-05 15:58:00,3,32,21.1,66,7.1,998.0,2.0,3.1,12,1170.0,0
2019-03-05 16:01:00,3,32,21.1,67,7.0,998.1,1.7,2.7,10,1170.0,0
2019-03-05 16:04:00,3,32,21.0,67,7.0,998.3,2.4,3.4,12,1170.0,0
2019-03-05 16:07:00,3,32,21.0,69,6.9,998.7,6.1,9.2,12,1170.3,0
2019-03-05 16:10:00,3,33,21.0,71,6.4,999.2,2.4,3.4,12,1170.3,0
2019-03-05 16:13:00,3,33,21.0,73,6.0,999.1,2.7,5.1,10,1170.6,0
2019-03-05 16:16:00,3,33,21.1,75,5.5,998.9,1.0,1.7,12,1170.6,0
2019-03-05 16:19:00,3,33,21.2,77,5.3,998.9,1.0,1.4,13,1170.6,0
2019-03-05 16:22:00,3,33,21.4,79,5.2,998.9,0.3,1.0,6,1170.6,0
2019-03-05 16:25:00,3,32,21.6,80,5.1,999.0,0.3,0.7,14,1170.6,0
2019-03-05 16:28:00,3,32,21.7,80,5.1,999.0,2.0,2.7,10,1170.9,0
2019-03-05 16:31:00,3,32,21.8,81,5.1,999.0,1.7,2.4,11,1170.9,0
2019-03-05 16:34:00,3,31,21.9,82,5.1,999.1,2.0,2.7,8,1170.9,0
2019-03-05 16:37:00,3,31,21.9,82,5.1,999.1,2.0,3.4,12,1170.9,0
2019-03-05 16:40:00,3,30,22.0,82,5.1,999.3,1.4,1.7,10,1170.9,0
2019-03-05 16:43:00,3,30,22.1,83,5.1,999.2,1.0,1.7,8,1170.9,0
2019-03-05 16:46:00,3,30,22.2,83,5.1,999.1,1.0,1.7,12,1170.9,0
2019-03-05 16:49:00,3,30,22.2,83,5.1,999.3,1.4,1.7,10,1170.9,0
2019-03-05 16:52:00,3,30,22.3,83,5.1,999.4,0.3,0.7,12,1170.9,0
2019-03-05 16:55:00,3,30,22.4,83,5.1,999.5,1.4,2.0,12,1170.9,0
2019-03-05 16:58:00,3,30,22.5,83,5.1,999.5,0.7,1.0,12,1170.9,0
2019-03-05 17:01:00,3,30,22.5,83,5.1,999.6,0.7,1.4,10,1170.9,0
2019-03-05 17:04:00,3,29,22.6,83,5.1,999.7,0.7,1.4,10,1170.9,0
2019-03-05 17:07:00,3,29,22.6,83,5.1,999.7,1.4,2.4,14,1170.9,0
2019-03-05 17:10:00,3,29,22.5,83,5.1,999.8,2.0,3.4,0,1170.9,0
2019-03-05 17:13:00,3,30,22.4,82,5.1,999.8,1.4,1.7,12,1170.9,0
2019-03-05 17:16:00,3,30,22.3,82,5.1,999.9,1.0,1.4,10,1170.9,0
2019-03-05 17:19:00,3,30,22.2,82,5.0,1000.1,1.0,1.7,14,1170.9,0
2019-03-05 17:22:00,3,30,22.2,82,5.0,1000.0,0.7,1.0,12,1170.9,0
2019-03-05 17:25:00,3,30,22.1,82,5.0,1000.1,0.3,0.7,12,1170.9,0
2019-03-05 17:28:00,3,30,22.1,82,4.9,1000.1,1.4,2.0,12,1170.9,0
2019-03-05 17:31:00,3,30,22.0,82,4.9,1000.2,1.4,2.0,12,1170.9,0
2019-03-05 17:34:00,3,31,21.9,82,4.9,1000.3,0.7,0.7,8,1170.9,0
2019-03-05 17:37:00,3,31,21.9,82,4.9,1000.4,0.3,0.7,12,1170.9,0
2019-03-05 17:40:00,3,31,21.9,82,4.8,1000.4,0.7,1.0,10,1170.9,0
2019-03-05 17:43:00,3,31,21.9,82,4.7,1000.5,1.4,1.7,10,1170.9,0
2019-03-05 17:46:00,3,31,21.9,82,4.7,1000.5,1.0,1.4,10,1170.9,0
2019-03-05 17:49:00,3,31,21.9,82,4.7,1000.6,0.7,1.0,10,1170.9,0
2019-03-05 17:52:00,3,31,21.8,82,4.7,1000.6,1.0,1.7,10,1170.9,0
2019-03-05 17:55:00,3,31,21.8,82,4.7,1000.8,0.7,1.0,9,1170.9,0
2019-03-05 17:58:00,3,31,21.8,82,4.6,1000.8,0.7,1.0,8,1170.9,0
2019-03-05 18:01:00,3,31,21.7,82,4.6,1000.9,0.7,1.0,10,1170.9,0
2019-03-05 18:04:00,3,31,21.7,82,4.5,1000.9,0.7,1.0,10,1170.9,0
2019-03-05 18:07:00,3,31,21.7,82,4.4,1001.0,0.7,0.7,10,1170.9,0
2019-03-05 18:10:00,3,31,21.7,82,4.4,1000.9,0.3,0.7,8,1170.9,0
2019-03-05 18:13:00,3,31,21.7,82,4.3,1001.0,0.3,0.7,8,1170.9,0
2019-03-05 18:16:00,3,31,21.6,82,4.3,1001.1,0.7,0.7,8,1170.9,0
2019-03-05 18:19:00,3,31,21.6,82,4.3,1001.0,0.3,0.7,8,1170.9,0
2019-03-05 18:22:00,3,31,21.6,82,4.2,1001.2,0.7,1.0,6,1170.9,0
2019-03-05 18:25:00,3,31,21.5,82,4.2,1001.2,0.3,0.7,10,1170.9,0
2019-03-05 18:28:00,3,31,21.5,82,4.2,1001.3,0.3,0.7,10,1170.9,0
2019-03-05 18:31:00,3,31,21.5,83,4.2,1001.3,0.7,1.0,12,1170.9,0
2019-03-05 18:34:00,3,31,21.5,83,4.2,1001.3,0.3,1.0,12,1170.9,0
2019-03-05 18:37:00,3,31,21.4,83,4.2,1001.4,0.7,1.0,9,1170.9,0
2019-03-05 18:40:00,3,31,21.3,83,4.2,1001.3,0.7,1.0,10,1170.9,0
2019-03-05 18:43:00,3,31,21.3,83,4.3,1001.4,0.3,0.7,10,1170.9,0
2019-03-05 18:46:00,3,31,21.3,83,4.3,1001.5,0.7,1.0,8,1170.9,0
2019-03-05 18:49:00,3,31,21.3,84,4.4,1001.4,0.7,1.0,8,1170.9,0
2019-03-05 18:52:00,3,31,21.3,84,4.4,1001.5,0.3,1.0,8,1170.9,0
2019-03-05 18:55:00,3,32,21.3,84,4.4,1001.5,0.3,0.7,12,1170.9,0
2019-03-05 18:58:00,3,32,21.3,84,4.3,1001.6,0.7,1.0,10,1170.9,0
2019-03-05 19:01:00,3,32,21.2,84,4.3,1001.6,0.7,1.0,12,1170.9,0
2019-03-05 19:04:00,3,32,21.2,84,4.3,1001.7,0.7,1.0,12,1170.9,0
2019-03-05 19:07:00,3,32,21.2,84,4.4,1001.7,1.0,1.4,8,1170.9,0
2019-03-05 19:10:00,3,32,21.2,84,4.4,1001.6,0.7,1.0,10,1170.9,0
2019-03-05 19:13:00,3,32,21.2,84,4.3,1001.8,0.3,0.7,10,1170.9,0
2019-03-05 19:16:00,3,32,21.2,84,4.3,1001.9,0,0,10,1170.9,0
2019-03-05 19:19:00,3,32,21.2,83,4.2,1001.8,0.3,1.0,10,1170.9,0
2019-03-05 19:22:00,3,32,21.2,83,4.2,1002.0,0.3,0.7,10,1170.9,0
2019-03-05 19:25:00,3,32,21.1,83,4.1,1002.0,0.3,0.7,10,1170.9,0
2019-03-05 19:28:00,3,32,21.1,84,4.1,1002.0,0.7,1.0,10,1170.9,0
2019-03-05 19:31:00,3,32,21.1,84,4.1,1002.1,0.3,0.7,8,1170.9,0
2019-03-05 19:34:00,3,32,21.1,84,4.0,1002.1,0.7,0.7,8,1170.9,0
2019-03-05 19:37:00,3,32,21.1,84,4.0,1002.2,0.7,1.0,9,1170.9,0
2019-03-05 19:40:00,3,32,21.1,84,4.0,1002.2,0.3,0.7,8,1170.9,0
2019-03-05 19:43:00,3,32,21.1,84,4.0,1002.2,0.7,1.0,10,1170.9,0
2019-03-05 19:46:00,3,32,21.1,84,4.0,1002.2,0.7,1.0,8,1170.9,0
2019-03-05 19:49:00,3,32,21.1,84,4.0,1002.3,0.3,0.3,8,1170.9,0
2019-03-05 19:52:00,3,32,21.1,84,4.0,1002.3,0.3,0.7,8,1170.9,0
2019-03-05 19:55:00,3,32,21.1,84,3.9,1002.3,0.7,1.0,8,1170.9,0
2019-03-05 19:58:00,3,32,21.0,85,3.9,1002.3,0.3,0.7,8,1170.9,0
2019-03-05 20:01:00,3,32,21.0,85,3.8,1002.4,0,0,8,1170.9,0
2019-03-05 20:04:00,3,32,21.0,85,3.8,1002.5,0,0,10,1170.9,0
2019-03-05 20:07:00,3,32,21.0,85,3.7,1002.4,0.3,0.7,8,1170.9,0
2019-03-05 20:10:00,3,32,21.0,85,3.6,1002.6,0.3,0.3,8,1170.9,0
2019-03-05 20:13:00,3,32,21.0,85,3.6,1002.5,0,0,8,1170.9,0
2019-03-05 20:16:00,3,32,21.0,85,3.5,1002.5,0,0,8,1170.9,0
2019-03-05 20:19:00,3,32,21.0,85,3.5,1002.6,0,0,8,1170.9,0
2019-03-05 20:22:00,3,33,20.9,85,3.5,1002.6,0,0,8,1170.9,0
2019-03-05 20:25:00,3,32,21.0,85,3.4,1002.7,0,0,8,1170.9,0
2019-03-05 20:28:00,3,33,20.9,85,3.4,1002.8,0,0,8,1170.9,0
2019-03-05 20:31:00,3,33,20.9,85,3.4,1002.7,0,0,8,1170.9,0
2019-03-05 20:34:00,3,33,20.9,85,3.4,1002.8,0.3,1.0,10,1170.9,0
2019-03-05 20:37:00,3,33,20.9,85,3.3,1002.8,0,0.3,10,1170.9,0
2019-03-05 20:40:00,3,33,20.9,85,3.3,1003.0,0.3,0.7,8,1170.9,0
2019-03-05 20:43:00,3,33,20.9,85,3.2,1003.0,0.3,0.7,8,1170.9,0
2019-03-05 20:46:00,3,33,20.9,85,3.2,1003.0,0.3,0.7,8,1170.9,0
2019-03-05 20:49:00,3,33,20.9,85,3.2,1003.0,0.3,1.0,8,1170.9,0
2019-03-05 20:52:00,3,33,20.9,85,3.1,1003.0,0,0.3,8,1170.9,0
2019-03-05 20:55:00,3,33,20.9,85,3.1,1003.0,0,0,8,1170.9,0
2019-03-05 20:58:00,3,33,20.9,85,3.0,1003.1,0,0.3,10,1170.9,0
2019-03-05 21:01:00,3,33,20.9,85,3.0,1003.2,0.3,0.7,10,1170.9,0
2019-03-05 21:04:00,3,33,20.9,85,3.0,1003.3,0.3,0.7,10,1170.9,0
2019-03-05 21:07:00,3,33,20.9,86,2.9,1003.2,0.3,0.3,8,1170.9,0
2019-03-05 21:10:00,3,33,20.9,86,2.9,1003.2,0.3,0.7,10,1170.9,0
2019-03-05 21:13:00,3,33,20.9,86,2.9,1003.3,0,0,8,1170.9,0
2019-03-05 21:16:00,3,33,20.9,86,2.8,1003.2,0,0,8,1170.9,0
2019-03-05 21:19:00,3,33,20.9,86,2.8,1003.3,0,0,8,1170.9,0
2019-03-05 21:22:00,3,33,20.9,86,2.8,1003.4,0,0,8,1170.9,0
2019-03-05 21:25:00,3,33,20.9,86,2.7,1003.3,0,0,8,1170.9,0
2019-03-05 21:28:00,3,33,20.8,85,2.6,1003.4,0,0,8,1170.9,0
2019-03-05 21:31:00,3,33,20.8,85,2.4,1003.4,0,0,8,1170.9,0
2019-03-05 21:34:00,3,33,20.7,85,2.3,1003.5,0,0,8,1170.9,0
2019-03-05 21:37:00,3,33,20.7,85,2.3,1003.5,0,0,8,1170.9,0
2019-03-05 21:40:00,3,33,20.7,85,2.2,1003.5,0,0,8,1170.9,0
2019-03-05 21:43:00,3,33,20.7,85,2.1,1003.6,0,0,8,1170.9,0
2019-03-05 21:46:00,3,33,20.7,85,2.1,1003.7,0,0,8,1170.9,0
2019-03-05 21:49:00,3,33,20.7,85,2.1,1003.6,0,0,8,1170.9,0
2019-03-05 21:52:00,3,33,20.7,85,2.1,1003.7,0,0,8,1170.9,0
2019-03-05 21:55:00,3,33,20.7,85,2.1,1003.8,0,0,8,1170.9,0
2019-03-05 21:58:00,3,33,20.7,85,2.1,1003.7,0,0,8,1170.9,0
2019-03-05 22:01:00,3,33,20.6,86,2.2,1003.7,0.3,0.3,8,1170.9,0
2019-03-05 22:04:00,3,33,20.6,86,2.3,1003.8,0.3,0.3,8,1170.9,0
2019-03-05 22:07:00,3,33,20.6,86,2.4,1003.8,0.3,0.7,10,1170.9,0
2019-03-05 22:10:00,3,33,20.6,86,2.4,1003.8,0,0,10,1170.9,0
2019-03-05 22:13:00,3,33,20.6,86,2.4,1003.9,0,0,10,1170.9,0
2019-03-05 22:16:00,3,33,20.6,86,2.4,1003.9,0.3,0.7,9,1170.9,0
2019-03-05 22:19:00,3,33,20.6,87,2.5,1004.0,0,0,10,1170.9,0
2019-03-05 22:22:00,3,33,20.6,87,2.5,1004.0,0.3,0.7,8,1170.9,0
2019-03-05 22:25:00,3,33,20.5,87,2.5,1004.1,0,0,10,1170.9,0
2019-03-05 22:28:00,3,33,20.5,87,2.5,1004.1,0,0,10,1170.9,0
2019-03-05 22:31:00,3,33,20.5,87,2.5,1004.1,0.3,0.7,10,1170.9,0
2019-03-05 22:34:00,3,33,20.5,87,2.5,1004.1,0,0.7,8,1170.9,0
2019-03-05 22:37:00,3,33,20.5,87,2.5,1004.1,0,0.3,8,1170.9,0
2019-03-05 22:40:00,3,33,20.4,87,2.4,1004.1,0,0,8,1170.9,0
2019-03-05 22:43:00,3,33,20.4,87,2.4,1004.1,0.3,0.7,10,1170.9,0
2019-03-05 22:46:00,3,33,20.4,87,2.4,1004.1,0.3,0.7,9,1170.9,0
2019-03-05 22:49:00,3,33,20.4,87,2.4,1004.2,0,0,9,1170.9,0
2019-03-05 22:52:00,3,33,20.4,87,2.4,1004.2,0,0,10,1170.9,0
2019-03-05 22:55:00,3,33,20.4,87,2.4,1004.2,0,0,8,1170.9,0
2019-03-05 22:58:00,3,33,20.3,87,2.4,1004.4,0.3,1.0,10,1170.9,0
