2010-05-13 00:19:12,20,46,20.7,80,6.0,1001.9,0.0,0.0,6,803.7,0
2010-05-13 00:39:12,20,46,20.6,81,5.7,1002.0,0.0,0.0,6,803.7,0
2010-05-13 00:59:12,20,46,20.5,82,5.4,1001.9,0.0,0.0,6,803.7,0
2010-05-13 01:19:12,20,46,20.4,82,5.5,1002.1,0.0,0.0,6,803.7,0
2010-05-13 01:39:12,20,46,20.4,83,5.8,1002.0,0.0,0.0,6,803.7,0
2010-05-13 01:59:12,20,46,20.3,83,6.0,1002.2,0.0,0.0,6,803.7,0
2010-05-13 02:19:12,20,46,20.2,84,6.0,1002.0,0.0,0.0,6,803.7,0
2010-05-13 02:39:12,20,46,20.1,84,6.3,1002.1,0.0,0.0,10,803.7,0
2010-05-13 02:59:12,20,45,20.0,84,6.7,1002.0,0.0,0.0,8,803.7,0
2010-05-13 03:19:12,20,45,20.0,85,7.0,1002.0,0.0,0.0,10,803.7,0
2010-05-13 03:39:12,20,45,19.9,85,7.3,1002.0,0.0,0.0,10,803.7,0
2010-05-13 03:59:12,20,45,19.8,85,7.5,1002.3,0.0,0.0,10,803.7,0
2010-05-13 04:19:12,20,45,19.8,85,7.9,1002.3,0.0,0.7,10,803.7,0
2010-05-13 04:39:12,20,45,19.7,85,8.3,1002.3,0.0,0.3,10,803.7,0
2010-05-13 04:59:12,20,45,19.6,85,8.8,1002.4,0.0,0.0,10,803.7,0
2010-05-13 05:19:12,20,45,19.6,84,9.2,1002.5,0.7,1.0,10,803.7,0
2010-05-13 05:39:12,20,45,19.6,83,9.7,1002.4,0.3,1.4,14,803.7,0
2010-05-13 05:59:12,20,46,19.6,82,10.2,1002.5,0.7,1.0,12,803.7,0
2010-05-13 06:19:12,20,46,19.8,81,10.5,1002.7,0.7,1.7,12,803.7,0
2010-05-13 06:39:12,20,46,19.9,79,10.6,1002.7,0.3,1.0,0,803.7,0
2010-05-13 06:59:12,20,46,19.9,78,10.7,1002.8,0.7,1.7,14,803.7,0
2010-05-13 07:19:12,20,46,20.0,77,11.0,1002.9,0.7,2.4,14,803.7,0
2010-05-13 07:39:12,20,46,20.1,76,11.2,1003.0,0.3,1.0,14,803.7,0
2010-05-13 07:59:12,20,46,20.2,75,11.2,1002.9,0.0,1.0,12,803.7,0
2010-05-13 08:20:05,20,47,20.4,75,11.4,1002.7,0,0.7,10,803.7,0
2010-05-13 08:40:05,20,47,20.9,74,11.3,1002.9,0,1.0,12,803.7,0
2010-05-13 09:00:05,20,47,21.4,73,11.8,1003.0,1.0,1.4,8,803.7,0
2010-05-13 09:20:05,20,46,21.7,72,11.4,1003.2,0,0.3,10,803.7,0
2010-05-13 09:40:05,20,45,21.9,72,11.5,1003.2,0.3,1.0,12,803.7,0
2010-05-13 10:00:05,20,45,22.1,71,12.1,1003.2,0.7,2.0,14,803.7,0
2010-05-13 10:20:05,20,45,22.1,70,12.8,1003.2,0.3,1.0,10,803.7,0
2010-05-13 10:40:05,20,46,21.9,68,13.3,1003.2,0.7,1.0,12,803.7,0
2010-05-13 11:00:05,20,45,21.7,66,13.2,1003.0,0.3,1.0,14,803.7,0
2010-05-13 11:20:05,20,46,21.5,67,12.6,1003.1,0.3,1.0,0,803.7,0
2010-05-13 11:40:05,20,46,21.3,68,12.8,1003.2,1.0,2.4,8,803.7,0
2010-05-13 12:00:05,20,46,21.2,67,13.3,1003.0,0,1.0,14,803.7,0
2010-05-13 12:20:05,20,46,21.2,65,14.5,1003.0,0.7,1.7,10,803.7,0
2010-05-13 12:40:05,20,46,21.1,63,14.6,1003.2,1.4,2.4,0,803.7,0
2010-05-13 13:00:05,20,46,21.0,65,13.6,1003.1,0.3,1.0,12,803.7,0
2010-05-13 13:20:05,20,46,21.0,66,12.6,1003.0,0.3,1.4,10,803.7,0
2010-05-13 13:40:05,20,47,21.1,68,12.1,1003.0,0.7,1.4,8,803.7,0
2010-05-13 14:00:05,20,47,21.5,70,11.4,1003.1,0,0.3,14,803.7,0
2010-05-13 14:20:05,20,46,21.9,72,11.3,1002.9,0.3,1.4,10,803.7,0
2010-05-13 14:40:05,20,46,22.1,71,11.9,1003.0,0.7,1.4,10,803.7,0
2010-05-13 15:00:05,20,45,22.1,71,11.8,1002.7,0.7,1.4,14,803.7,0
2010-05-13 15:20:05,20,45,22.0,72,11.6,1002.8,0,0.7,10,803.7,0
2010-05-13 15:40:05,20,44,21.8,71,11.9,1002.7,0,0.3,14,803.7,0
2010-05-13 16:00:05,20,44,21.7,70,11.7,1002.9,0.7,1.7,0,803.7,0
2010-05-13 16:20:05,20,44,21.6,72,11.3,1002.9,0,0,10,803.7,0
2010-05-13 16:40:05,20,44,21.5,72,11.3,1002.8,0,0.7,12,803.7,0
2010-05-13 17:00:05,20,44,21.4,73,11.3,1003.0,0,1.0,10,803.7,0
2010-05-13 17:20:05,20,44,21.3,73,11.2,1003.2,0,0,12,803.7,0
2010-05-13 17:40:05,20,44,21.3,74,10.9,1002.9,0,1.0,14,803.7,0
2010-05-13 18:00:05,20,45,21.2,74,10.7,1003.0,0,0.3,12,803.7,0
2010-05-13 18:20:05,20,45,21.2,74,10.5,1003.3,0,0,14,803.7,0
2010-05-13 18:40:05,20,45,21.1,75,10.3,1003.4,0,0.3,14,803.7,0
2010-05-13 19:00:05,20,45,21.1,75,10.1,1003.4,0,0,12,803.7,0
2010-05-13 19:20:05,20,45,21.0,76,10.0,1003.4,0,0,12,803.7,0
2010-05-13 19:40:05,20,45,21.0,76,9.8,1003.5,0,0,12,803.7,0
2010-05-13 20:00:05,20,45,20.9,77,9.7,1003.5,0,0.7,0,803.7,0
2010-05-13 20:20:05,20,45,20.9,77,9.6,1003.6,0,0,12,803.7,0
2010-05-13 20:40:05,20,45,20.9,78,9.5,1003.5,0,0,14,803.7,0
2010-05-13 21:00:05,20,45,20.8,78,9.4,1003.4,0,0,14,803.7,0
2010-05-13 21:20:05,20,45,20.8,78,9.3,1003.4,0,0,12,803.7,0
2010-05-13 21:40:05,20,45,20.8,79,9.2,1003.4,0,0,12,803.7,0
2010-05-13 22:00:05,20,45,20.7,79,9.2,1003.4,0,0,12,803.7,0
2010-05-13 22:20:05,20,45,20.6,79,9.1,1003.2,0,0,14,803.7,0
2010-05-13 22:40:05,20,45,20.6,79,9.0,1003.3,0,0,0,803.7,0
2010-05-13 23:00:05,20,45,20.5,80,9.0,1003.1,0,0,14,803.7,0
2010-05-13 23:20:05,20,45,20.4,80,8.9,1002.9,0,0.7,14,803.7,0
2010-05-13 23:40:05,20,45,20.3,80,8.9,1002.7,0,0,12,803.7,0
