2009-12-15 00:18:08,20,35,19.3,87,-0.8,1015.7,0,0,2,673.5,0
2009-12-15 00:38:08,20,35,19.0,87,-0.9,1015.5,0,0,2,673.5,0
2009-12-15 00:58:08,20,35,18.8,87,-1.0,1015.4,0,0,2,673.5,0
2009-12-15 01:18:08,20,36,18.6,88,-0.9,1015.2,0,0,2,673.5,0
2009-12-15 01:38:08,20,36,18.4,88,-0.9,1015.4,0,0,2,673.5,0
2009-12-15 01:58:08,20,36,18.2,88,-0.9,1015.3,0,0,2,673.5,0
2009-12-15 02:18:08,20,36,18.0,88,-0.8,1015.2,0,0,2,673.5,0
2009-12-15 02:38:08,20,36,17.9,88,-0.7,1015.0,0,0,2,673.5,0
2009-12-15 02:58:08,20,36,17.7,88,-0.5,1015.0,0,0,2,673.5,0
2009-12-15 03:18:08,20,36,17.6,88,-0.5,1014.8,0,0,2,673.5,0
2009-12-15 03:38:08,20,36,17.4,88,-0.4,1014.8,0,0,2,673.5,0
2009-12-15 03:58:08,20,37,17.3,88,-0.4,1014.6,0,0,2,673.5,0
2009-12-15 04:18:08,20,37,17.1,88,-0.4,1014.5,0,0,2,673.5,0
2009-12-15 04:38:08,20,37,17.0,88,-0.3,1014.5,0,0,2,673.5,0
2009-12-15 04:58:08,20,37,16.9,88,-0.3,1014.5,0,0,2,673.5,0
2009-12-15 05:18:08,20,37,16.8,88,-0.4,1014.4,0,0,2,673.5,0
2009-12-15 05:38:08,20,37,16.7,88,-0.4,1014.3,0,0,2,673.5,0
2009-12-15 05:58:08,20,37,16.8,88,-0.6,1014.4,0,0,2,673.5,0
2009-12-15 06:18:08,20,37,17.0,88,-0.6,1014.4,0,0,2,673.5,0
2009-12-15 06:38:08,20,37,17.2,88,-0.5,1014.4,0,0,2,673.5,0
2009-12-15 06:58:08,20,37,17.5,88,-0.5,1014.5,0,0,2,673.5,0
2009-12-15 07:18:08,20,37,17.7,88,-0.4,1014.8,0,0,2,673.5,0
2009-12-15 07:38:08,20,37,17.9,88,-0.3,1014.8,0,0,2,673.5,0
2009-12-15 07:58:08,20,37,18.1,88,-0.2,1014.7,0,0,2,673.5,0
2009-12-15 08:18:08,20,37,18.2,88,-0.2,1014.8,0,0,2,673.5,0
2009-12-15 08:38:08,20,36,18.3,88,-0.1,1014.8,0,0,2,673.5,0
2009-12-15 08:58:08,20,36,18.4,88,0,1014.7,0,0,2,673.5,0
2009-12-15 09:18:08,20,36,18.5,88,0.1,1014.8,0,0,2,673.5,0
2009-12-15 09:38:08,20,36,18.6,88,0.2,1014.6,0,0,2,673.5,0
2009-12-15 09:58:08,20,37,18.7,88,0.3,1014.5,0,0,2,673.5,0
2009-12-15 10:18:08,20,37,19.1,88,0.4,1014.3,0,0,2,673.5,0
2009-12-15 10:38:08,20,37,19.5,88,0.6,1014.3,0,0,2,673.5,0
2009-12-15 10:58:08,20,36,19.5,88,0.7,1014.1,0,0,0,673.5,0
2009-12-15 11:18:08,20,36,19.5,87,0.8,1013.9,0,0,14,673.5,0
2009-12-15 11:38:08,20,36,19.6,87,1.0,1013.8,0,0,0,673.5,0
2009-12-15 11:58:08,20,36,19.6,87,1.1,1013.6,0,0,14,673.5,0
2009-12-15 12:18:08,20,36,19.6,87,1.4,1013.6,0,0.3,12,673.5,0
2009-12-15 12:38:08,20,36,19.6,86,1.2,1013.5,0,0,0,673.5,0
2009-12-15 12:58:08,20,36,19.5,86,1.1,1013.3,0,0.7,0,673.5,0
2009-12-15 13:18:08,20,36,19.5,86,1.0,1013.2,0,0,12,673.5,0
2009-12-15 13:38:08,20,37,19.4,86,1.0,1013.0,0,0,12,673.5,0
2009-12-15 13:58:08,20,37,19.3,86,1.0,1012.8,0,0.3,12,673.5,0
2009-12-15 14:18:08,20,37,19.3,86,0.7,1012.9,0,0.7,2,673.5,0
2009-12-15 14:38:08,20,38,19.6,86,0.5,1012.9,0,0.3,0,673.5,0
2009-12-15 14:58:08,20,37,20.1,86,0.3,1013.0,0.3,0.7,0,673.5,0
2009-12-15 15:18:08,20,37,20.5,86,0.1,1012.6,0,0,0,673.5,0
2009-12-15 15:38:08,20,36,20.8,86,-0.1,1012.6,0,0,0,673.5,0
2009-12-15 15:58:08,20,35,21.1,86,-0.3,1012.5,0,0,8,673.5,0
2009-12-15 16:18:08,20,35,21.2,86,-0.3,1012.5,0,0,12,673.5,0
2009-12-15 16:38:08,20,35,21.3,87,-0.4,1012.3,0,0,2,673.5,0
2009-12-15 16:58:08,20,35,21.4,87,-0.3,1012.2,0,0,6,673.5,0
2009-12-15 17:18:08,20,35,21.6,87,-0.4,1012.0,0,0,2,673.5,0
2009-12-15 17:38:08,20,34,21.8,87,-0.4,1011.8,0,0,8,673.5,0
2009-12-15 17:58:08,20,34,21.8,87,-0.5,1011.7,0,0,8,673.5,0
2009-12-15 18:18:08,20,34,21.9,87,-0.6,1011.6,0,0,6,673.5,0
2009-12-15 18:38:08,20,34,22.0,87,-0.8,1011.4,0,0,14,673.5,0
2009-12-15 18:58:08,20,33,21.9,87,-0.9,1011.3,0,0,0,673.5,0
2009-12-15 19:18:08,20,34,22.1,87,-1.0,1011.3,0,0,14,673.5,0
2009-12-15 19:38:08,20,33,22.1,88,-1.0,1011.3,0,0,10,673.5,0
2009-12-15 19:58:08,20,33,21.9,88,-1.0,1011.1,0,0,0,673.5,0
2009-12-15 20:18:08,20,34,21.7,88,-1.0,1011.2,0.3,1.0,3,673.5,0
2009-12-15 20:38:08,20,34,21.6,88,-1.0,1011.2,0,0.3,0,673.5,0
2009-12-15 20:58:08,20,34,21.4,88,-1.0,1011.2,0,0,14,673.5,0
2009-12-15 21:18:08,20,34,21.3,88,-1.0,1011.1,0,0,0,673.5,0
2009-12-15 21:38:08,20,34,21.2,88,-1.1,1010.9,0,0,12,673.5,0
2009-12-15 21:58:08,20,34,21.0,88,-1.1,1010.6,0,0,10,673.5,0
2009-12-15 22:18:08,20,34,20.9,88,-1.2,1010.6,0,0,10,673.5,0
2009-12-15 22:38:08,20,34,20.7,88,-1.2,1010.5,0,0,10,673.5,0
2009-12-15 22:58:08,20,34,20.5,88,-1.2,1010.2,0,0,10,673.5,0
2009-12-15 23:18:08,20,34,20.2,88,-1.2,1010.1,0,0.3,0,673.5,0
2009-12-15 23:38:08,20,34,19.9,88,-1.2,1010.0,0.3,0.7,0,673.5,0
2009-12-15 23:58:08,20,34,19.6,88,-1.2,1009.8,0,0,0,673.5,0
