2018-03-09 00:00:00,3,28,20.3,83,2.7,995.2,0,0,8,840.6,0
2018-03-09 00:03:00,3,28,20.2,83,2.6,995.2,0,0,8,840.6,0
2018-03-09 00:06:00,3,28,20.2,83,2.6,995.3,0.3,0.7,10,840.6,0
2018-03-09 00:09:00,3,28,20.2,83,2.4,995.3,0.3,0.7,10,840.6,0
2018-03-09 00:12:00,3,28,20.2,83,2.4,995.2,0.3,0.7,8,840.6,0
2018-03-09 00:15:00,3,28,20.1,83,2.3,995.3,0.3,0.7,10,840.6,0
2018-03-09 00:18:00,3,28,20.1,83,2.2,995.3,0.3,0.7,8,840.6,0
2018-03-09 00:21:00,3,28,20.1,83,2.2,995.3,0.3,0.3,10,840.6,0
2018-03-09 00:24:00,3,28,20.1,83,2.1,995.4,0,0.3,10,840.6,0
2018-03-09 00:27:00,3,28,20.1,83,2.1,995.4,0.3,0.7,14,840.6,0
2018-03-09 00:30:00,3,28,20.1,83,2.2,995.5,0.3,1.0,12,840.6,0
2018-03-09 00:33:00,3,28,20.0,83,2.2,995.5,1.0,1.4,11,840.6,0
2018-03-09 00:36:00,3,28,20.0,83,2.2,995.7,0.7,1.0,10,840.6,0
2018-03-09 00:39:00,3,28,20.0,83,2.3,995.7,1.0,2.4,12,840.6,0
2018-03-09 00:42:00,3,28,20.0,84,2.4,995.7,0.7,1.0,10,840.6,0
2018-03-09 00:45:00,3,28,20.0,84,2.5,995.6,1.0,1.7,10,840.6,0
2018-03-09 00:48:00,3,28,20.0,84,2.5,995.6,1.4,1.7,8,840.6,0
2018-03-09 00:51:00,3,28,20.0,84,2.5,995.6,0.7,1.0,10,840.6,0
2018-03-09 00:54:00,3,29,19.8,84,2.5,995.6,0.7,1.0,8,840.6,0
2018-03-09 00:57:00,3,29,19.8,84,2.5,995.7,0.7,1.0,8,840.6,0
2018-03-09 01:00:00,3,29,19.8,84,2.4,995.6,1.0,1.4,10,840.6,0
2018-03-09 01:03:00,3,29,19.8,84,2.4,995.6,1.0,1.4,10,840.6,0
2018-03-09 01:06:00,3,29,19.8,84,2.4,995.6,1.0,1.4,10,840.6,0
2018-03-09 01:09:00,3,29,19.8,85,2.4,995.6,0.7,1.4,8,840.6,0
2018-03-09 01:12:00,3,29,19.8,85,2.4,995.6,0.7,1.0,10,840.6,0
2018-03-09 01:15:00,3,29,19.7,85,2.4,995.6,0.3,0.7,9,840.6,0
2018-03-09 01:18:00,3,29,19.7,85,2.4,995.6,1.0,1.4,10,840.6,0
2018-03-09 01:21:00,3,29,19.7,85,2.4,995.5,0.7,1.0,10,840.6,0
2018-03-09 01:24:00,3,29,19.7,85,2.4,995.7,1.4,1.7,10,840.6,0
2018-03-09 01:27:00,3,29,19.7,85,2.5,995.5,0.7,1.0,9,840.6,0
2018-03-09 01:30:00,3,29,19.7,85,2.5,995.5,1.0,1.7,13,840.6,0
2018-03-09 01:33:00,3,29,19.7,85,2.5,995.5,0.7,1.0,10,840.6,0
2018-03-09 01:36:00,3,29,19.6,85,2.5,995.6,1.0,1.4,10,840.6,0
2018-03-09 01:39:00,3,29,19.6,85,2.5,995.5,0.7,1.0,10,840.6,0
2018-03-09 01:42:00,3,29,19.6,85,2.6,995.6,0.7,1.0,8,840.6,0
2018-03-09 01:45:00,3,29,19.6,85,2.6,995.6,0.7,1.4,10,840.6,0
2018-03-09 01:48:00,3,29,19.6,85,2.6,995.5,1.4,1.7,10,840.6,0
2018-03-09 01:51:00,3,29,19.6,85,2.6,995.6,1.0,1.7,10,840.6,0
2018-03-09 01:54:00,3,29,19.5,85,2.6,995.6,0.7,1.4,10,840.6,0
2018-03-09 01:57:00,3,29,19.5,85,2.6,995.6,0.7,1.0,9,840.6,0
2018-03-09 02:00:00,3,29,19.5,85,2.7,995.6,0.7,1.0,6,840.6,0
2018-03-09 02:03:00,3,29,19.5,85,2.7,995.5,2.4,3.1,10,840.6,0
2018-03-09 02:06:00,3,29,19.5,85,2.7,995.7,0.7,1.4,10,840.6,0
2018-03-09 02:09:00,3,29,19.4,85,2.7,995.6,1.0,2.0,8,840.6,0
2018-03-09 02:12:00,3,29,19.4,85,2.7,995.6,1.0,1.7,10,840.6,0
2018-03-09 02:15:00,3,29,19.4,85,2.7,995.7,0.7,1.0,8,840.6,0
2018-03-09 02:18:00,3,29,19.3,85,2.7,995.6,1.0,1.4,8,840.6,0
2018-03-09 02:21:00,3,29,19.3,84,2.7,995.6,0.7,1.4,10,840.6,0
2018-03-09 02:24:00,3,29,19.3,84,2.7,995.6,1.0,1.4,10,840.6,0
2018-03-09 02:27:00,3,29,19.3,84,2.7,995.6,1.0,1.7,0,840.6,0
2018-03-09 02:30:00,3,29,19.3,84,2.7,995.7,1.4,2.0,10,840.6,0
2018-03-09 02:33:00,3,29,19.3,84,2.7,995.8,1.4,1.7,8,840.6,0
2018-03-09 02:36:00,3,29,19.3,83,2.7,995.6,2.0,2.7,10,840.6,0
2018-03-09 02:39:00,3,29,19.3,83,2.7,995.7,2.0,2.7,10,840.6,0
2018-03-09 02:42:00,3,29,19.2,83,2.7,995.7,2.0,2.7,10,840.6,0
2018-03-09 02:45:00,3,29,19.2,83,2.7,995.7,1.0,1.4,8,840.6,0
2018-03-09 02:48:00,3,29,19.2,82,2.6,995.7,1.7,2.4,10,840.6,0
2018-03-09 02:51:00,3,29,19.2,82,2.5,995.8,0.7,1.4,8,840.6,0
2018-03-09 02:54:00,3,29,19.2,82,2.5,995.8,1.0,1.7,10,840.6,0
2018-03-09 02:57:00,3,29,19.2,82,2.5,995.8,0.7,1.4,10,840.6,0
2018-03-09 03:00:00,3,29,19.2,82,2.5,995.7,1.0,1.4,10,840.6,0
2018-03-09 03:03:00,3,29,19.1,82,2.5,995.9,1.0,1.4,10,840.6,0
2018-03-09 03:06:00,3,29,19.1,82,2.5,995.9,1.0,1.4,10,840.6,0
2018-03-09 03:09:00,3,29,19.1,82,2.3,995.9,1.7,2.0,9,840.6,0
2018-03-09 03:12:00,3,29,19.1,82,2.3,996.0,1.7,3.1,8,840.6,0
2018-03-09 03:15:00,3,29,19.1,82,2.3,995.9,1.0,1.4,10,840.6,0
2018-03-09 03:18:00,3,29,19.1,82,2.3,995.9,0.7,1.4,10,840.6,0
2018-03-09 03:21:00,3,29,19.1,82,2.3,996.0,1.0,1.4,10,840.6,0
2018-03-09 03:24:00,3,29,19.1,82,2.3,996.0,1.7,2.4,10,840.6,0
2018-03-09 03:27:00,3,29,19.1,82,2.3,996.0,1.4,1.7,10,840.6,0
2018-03-09 03:30:00,3,28,19.0,82,2.3,996.0,1.4,2.0,8,840.6,0
2018-03-09 03:33:00,3,29,19.0,81,2.3,996.0,1.0,1.4,10,840.6,0
2018-03-09 03:36:00,3,29,19.0,81,2.3,995.9,0.7,1.0,8,840.6,0
2018-03-09 03:39:00,3,28,19.0,81,2.3,995.8,0.7,1.0,10,840.6,0
2018-03-09 03:42:00,3,29,19.0,81,2.3,996.0,1.7,2.7,10,840.6,0
2018-03-09 03:45:00,3,29,19.0,81,2.3,995.9,1.0,1.7,10,840.6,0
2018-03-09 03:48:00,3,29,19.0,81,2.3,996.0,1.4,2.4,10,840.6,0
2018-03-09 03:51:00,3,29,19.0,81,2.3,995.9,0.7,1.4,10,840.6,0
2018-03-09 03:54:00,3,28,19.0,81,2.4,995.9,1.4,1.7,10,840.6,0
2018-03-09 03:57:00,3,29,19.0,81,2.4,996.0,1.7,2.0,9,840.6,0
2018-03-09 04:00:00,3,29,19.0,81,2.5,996.1,1.4,2.0,8,840.6,0
2018-03-09 04:03:00,3,30,18.9,81,2.5,996.1,1.4,1.7,10,840.6,0
2018-03-09 04:06:00,3,29,19.0,81,2.6,996.1,1.7,2.0,10,840.6,0
2018-03-09 04:09:00,3,30,18.9,81,2.7,996.1,1.4,2.0,10,840.6,0
2018-03-09 04:12:00,3,30,18.9,80,2.7,996.2,1.7,2.4,10,840.6,0
2018-03-09 04:15:00,3,29,18.9,80,2.8,996.1,1.0,1.7,10,840.6,0
2018-03-09 04:18:00,3,29,18.9,80,2.8,996.2,1.7,2.7,8,840.6,0
2018-03-09 04:21:00,3,29,18.9,80,2.9,996.3,3.1,4.8,9,840.6,0
2018-03-09 04:24:00,3,29,18.8,80,3.0,996.4,2.4,3.4,10,840.6,0
2018-03-09 04:27:00,3,29,18.8,79,3.1,996.4,2.4,3.4,9,840.6,0
2018-03-09 04:30:00,3,29,18.8,78,3.1,996.4,1.7,2.4,8,840.6,0
2018-03-09 04:33:00,3,29,18.8,78,3.2,996.4,1.4,1.7,10,840.6,0
2018-03-09 04:36:00,3,29,18.8,77,3.2,996.5,2.0,2.7,10,840.6,0
2018-03-09 04:39:00,3,29,18.8,77,3.2,996.5,1.4,2.0,10,840.6,0
2018-03-09 04:42:00,3,29,18.8,76,3.3,996.5,2.0,2.4,2,840.6,0
2018-03-09 04:45:00,3,29,18.8,76,3.4,996.6,1.7,2.7,10,840.6,0
2018-03-09 04:48:00,3,29,18.8,75,3.4,996.5,1.4,2.0,8,840.6,0
2018-03-09 04:51:00,3,29,18.8,75,3.4,996.5,1.4,1.7,10,840.6,0
2018-03-09 04:54:00,3,29,18.8,75,3.3,996.6,1.0,2.0,8,840.6,0
2018-03-09 04:57:00,3,29,18.8,75,3.3,996.6,1.7,2.4,9,840.6,0
2018-03-09 05:00:00,3,29,18.8,75,3.3,996.6,1.7,3.1,8,840.6,0
2018-03-09 05:03:00,3,30,18.8,75,3.3,996.6,1.7,3.1,8,840.6,0
2018-03-09 05:06:00,3,30,18.8,75,3.3,996.6,1.7,3.1,8,840.6,0
2018-03-09 05:09:00,3,30,18.8,75,3.3,996.7,1.7,2.0,10,840.6,0
2018-03-09 05:12:00,3,30,18.8,75,3.3,996.6,1.4,2.0,8,840.6,0
2018-03-09 05:15:00,3,30,18.8,75,3.3,996.7,1.4,2.0,10,840.6,0
2018-03-09 05:18:00,3,30,18.9,75,3.3,996.7,1.4,1.7,10,840.6,0
2018-03-09 05:21:00,3,30,18.9,75,3.3,996.7,1.7,2.0,10,840.6,0
2018-03-09 05:24:00,3,29,19.0,75,3.3,996.8,1.7,2.0,11,840.6,0
2018-03-09 05:27:00,3,29,19.0,75,3.3,996.8,1.4,1.7,10,840.6,0
2018-03-09 05:30:00,3,29,19.0,75,3.3,996.8,2.4,3.1,12,840.6,0
2018-03-09 05:33:00,3,29,19.0,75,3.3,997.0,1.4,1.7,8,840.6,0
2018-03-09 05:36:00,3,29,19.1,75,3.3,997.0,1.0,1.7,12,840.6,0
2018-03-09 05:39:00,3,29,19.1,75,3.3,997.0,2.4,3.1,8,840.6,0
2018-03-09 05:42:00,3,29,19.1,75,3.3,997.1,1.4,2.0,10,840.6,0
2018-03-09 05:45:00,3,29,19.2,75,3.3,997.1,3.1,4.1,10,840.6,0
2018-03-09 05:48:00,3,29,19.2,75,3.3,997.1,1.4,2.0,10,840.6,0
2018-03-09 05:51:00,3,29,19.3,75,3.3,997.1,1.0,1.4,8,840.6,0
2018-03-09 05:54:00,3,30,19.3,75,3.3,997.2,2.0,2.7,10,840.6,0
2018-03-09 05:57:00,3,30,19.3,75,3.4,997.2,1.7,2.0,8,840.6,0
2018-03-09 06:00:00,3,30,19.4,74,3.4,997.2,1.7,2.0,10,840.6,0
2018-03-09 06:03:00,3,29,19.5,74,3.4,997.3,1.7,2.0,10,840.6,0
2018-03-09 06:06:00,3,30,19.5,74,3.4,997.4,1.7,2.4,8,840.6,0
2018-03-09 06:09:00,3,30,19.5,74,3.4,997.4,1.4,1.7,8,840.6,0
2018-03-09 06:12:00,3,30,19.6,74,3.4,997.4,2.4,3.7,10,840.6,0
2018-03-09 06:15:00,3,30,19.6,74,3.4,997.4,1.7,2.4,8,840.6,0
2018-03-09 06:18:00,3,30,19.6,74,3.4,997.4,2.0,2.7,10,840.6,0
2018-03-09 06:21:00,3,30,19.6,74,3.4,997.5,2.7,3.7,10,840.6,0
2018-03-09 06:24:00,3,30,19.6,74,3.5,997.5,2.0,2.7,10,840.6,0
2018-03-09 06:27:00,3,29,19.7,74,3.5,997.7,2.0,3.1,12,840.6,0
2018-03-09 06:30:00,3,30,19.7,73,3.5,997.7,3.1,4.8,10,840.6,0
2018-03-09 06:33:00,3,29,19.7,73,3.6,997.7,2.7,4.1,12,840.6,0
2018-03-09 06:36:00,3,29,19.7,73,3.6,997.7,1.4,2.0,10,840.6,0
2018-03-09 06:39:00,3,29,19.7,73,3.6,997.7,2.0,2.7,10,840.6,0
2018-03-09 06:42:00,3,29,19.7,73,3.6,997.8,1.7,2.4,10,840.6,0
2018-03-09 06:45:00,3,31,19.8,73,3.6,997.9,1.7,2.4,10,840.6,0
2018-03-09 06:48:00,3,31,19.8,72,3.7,997.8,2.7,3.4,13,840.6,0
2018-03-09 06:51:00,3,32,19.8,72,3.7,998.0,1.7,2.4,10,840.6,0
2018-03-09 06:54:00,3,30,20.0,72,3.7,998.0,1.0,1.4,10,840.6,0
2018-03-09 06:57:00,3,30,20.2,72,3.7,998.0,2.0,2.7,10,840.6,0
2018-03-09 07:00:00,3,30,20.4,72,3.7,998.1,2.7,3.1,9,840.6,0
2018-03-09 07:03:00,3,29,20.6,72,3.7,998.2,2.7,3.1,9,840.6,0
2018-03-09 07:06:00,3,29,20.7,72,3.7,998.2,2.7,3.1,9,840.6,0
2018-03-09 07:09:00,3,28,20.8,72,3.8,998.2,3.1,4.4,10,840.6,0
2018-03-09 07:12:00,3,28,20.9,72,3.8,998.3,1.7,2.0,8,840.6,0
2018-03-09 07:15:00,3,26,21.1,72,3.8,998.3,1.7,2.4,10,840.6,0
2018-03-09 07:18:00,3,26,21.1,72,3.8,998.3,3.7,4.8,10,840.6,0
2018-03-09 07:21:00,3,26,21.2,72,3.9,998.5,1.4,2.0,10,840.6,0
2018-03-09 07:24:00,3,26,21.2,71,3.9,998.6,1.4,1.7,12,840.6,0
2018-03-09 07:27:00,3,25,21.3,71,3.9,998.6,1.7,3.1,8,840.6,0
2018-03-09 07:30:00,3,25,21.3,71,4.0,998.7,2.7,3.4,10,840.6,0
2018-03-09 07:33:00,3,25,21.5,71,4.1,998.7,1.4,3.4,8,840.6,0
2018-03-09 07:36:00,3,25,21.5,71,4.1,998.7,3.1,4.1,10,840.6,0
2018-03-09 07:39:00,3,25,21.6,71,4.1,998.7,1.7,2.4,10,840.6,0
2018-03-09 07:42:00,3,25,21.6,71,4.2,998.8,1.7,2.4,10,840.6,0
2018-03-09 07:45:00,3,25,21.7,71,4.3,998.8,2.7,3.7,9,840.6,0
2018-03-09 07:48:00,3,25,21.7,71,4.3,998.9,2.4,3.4,8,840.6,0
2018-03-09 07:51:00,3,24,21.6,71,4.4,998.9,2.7,3.7,10,840.6,0
2018-03-09 07:54:00,3,24,21.6,70,4.4,998.9,2.7,3.7,10,840.6,0
2018-03-09 07:57:00,3,24,21.5,70,4.5,998.9,3.1,4.4,8,840.6,0
2018-03-09 08:00:00,3,24,21.3,70,4.6,999.0,2.0,3.4,10,840.6,0
2018-03-09 08:03:00,3,24,21.3,70,4.7,999.0,4.1,5.4,10,840.6,0
2018-03-09 08:06:00,3,24,21.3,69,4.8,998.9,1.4,2.4,10,840.6,0
2018-03-09 08:09:00,3,24,21.2,69,4.8,999.0,3.1,4.1,11,840.6,0
2018-03-09 08:12:00,3,24,21.2,68,4.9,999.0,2.7,3.4,8,840.6,0
2018-03-09 08:15:00,3,24,21.2,68,5.0,999.1,3.4,4.4,12,840.6,0
2018-03-09 08:18:00,3,24,21.2,68,5.0,999.0,2.4,3.4,10,840.6,0
2018-03-09 08:21:00,3,25,21.1,67,5.1,999.2,3.1,4.1,8,840.6,0
2018-03-09 08:24:00,3,25,21.1,67,5.2,999.1,3.1,4.4,10,840.6,0
2018-03-09 08:27:00,3,25,21.1,67,5.2,999.1,3.4,4.4,10,840.6,0
2018-03-09 08:30:00,3,25,21.1,67,5.3,999.2,2.7,4.1,12,840.6,0
2018-03-09 08:33:00,3,25,21.0,67,5.3,999.1,3.4,4.4,10,840.6,0
2018-03-09 08:36:00,3,25,21.0,67,5.4,999.1,2.7,3.4,8,840.6,0
2018-03-09 08:39:00,3,26,20.9,67,5.4,999.1,2.7,4.1,8,840.6,0
2018-03-09 08:42:00,3,26,20.9,66,5.4,999.2,3.1,3.7,10,840.6,0
2018-03-09 08:45:00,3,26,20.9,66,5.5,999.2,1.7,2.7,10,840.6,0
2018-03-09 08:48:00,3,27,20.8,66,5.5,999.2,2.0,2.7,8,840.6,0
2018-03-09 08:51:00,3,27,20.7,66,5.5,999.2,3.7,5.1,10,840.6,0
2018-03-09 08:54:00,3,27,20.7,66,5.5,999.2,2.4,4.8,10,840.6,0
2018-03-09 08:57:00,3,27,20.7,66,5.6,999.3,4.4,6.5,10,840.6,0
2018-03-09 09:00:00,3,27,20.7,66,5.7,999.2,2.4,3.4,8,840.6,0
2018-03-09 09:03:00,3,27,20.6,66,5.7,999.3,2.4,3.4,8,840.6,0
2018-03-09 09:06:00,3,27,20.6,66,5.7,999.4,2.4,3.4,8,840.6,0
2018-03-09 09:09:00,3,27,20.6,65,6.0,999.2,2.7,4.1,10,840.6,0
2018-03-09 09:12:00,3,27,20.6,65,6.1,999.3,2.4,3.4,9,840.6,0
2018-03-09 09:15:00,3,27,20.6,64,6.3,999.2,2.4,4.8,8,840.6,0
2018-03-09 09:18:00,3,27,20.6,64,6.3,999.3,4.1,4.8,10,840.6,0
2018-03-09 09:21:00,3,27,20.6,64,6.4,999.3,2.7,3.7,10,840.6,0
2018-03-09 09:24:00,3,28,20.6,63,6.4,999.3,2.0,2.7,10,840.6,0
2018-03-09 09:27:00,3,28,20.6,63,6.5,999.4,3.4,4.1,10,840.6,0
2018-03-09 09:30:00,3,28,20.6,63,6.6,999.4,2.0,2.7,8,840.6,0
2018-03-09 09:33:00,3,28,20.5,62,6.6,999.5,3.7,4.8,10,840.6,0
2018-03-09 09:36:00,3,28,20.5,62,6.8,999.5,3.1,4.8,8,840.6,0
2018-03-09 09:39:00,3,28,20.5,62,6.9,999.5,2.7,3.4,8,840.6,0
2018-03-09 09:42:00,3,28,20.5,62,7.0,999.6,1.7,2.4,11,840.6,0
2018-03-09 09:45:00,3,28,20.5,62,7.2,999.5,3.1,4.4,10,840.6,0
2018-03-09 09:48:00,3,28,20.5,61,7.3,999.6,2.7,3.7,10,840.6,0
2018-03-09 09:51:00,3,28,20.5,61,7.4,999.6,2.0,3.1,6,840.6,0
2018-03-09 09:54:00,3,29,20.5,61,7.3,999.6,3.7,5.1,12,840.6,0
2018-03-09 09:57:00,3,29,20.5,61,7.1,999.6,3.7,4.8,10,840.6,0
2018-03-09 10:00:00,3,29,20.5,61,7.2,999.7,2.7,3.4,12,840.6,0
2018-03-09 10:03:00,3,29,20.5,62,7.2,999.6,2.4,3.7,8,840.6,0
2018-03-09 10:06:00,3,30,20.5,62,7.2,999.7,2.7,4.1,10,840.6,0
2018-03-09 10:09:00,3,30,20.5,61,7.1,999.7,2.4,3.1,12,840.6,0
2018-03-09 10:12:00,3,30,20.5,62,7.0,999.7,4.1,4.8,12,840.6,0
2018-03-09 10:15:00,3,30,20.4,62,7.0,999.8,2.0,3.1,10,840.6,0
2018-03-09 10:18:00,3,28,20.5,62,7.1,999.8,2.4,3.1,12,840.6,0
2018-03-09 10:21:00,3,30,20.4,62,7.3,999.9,2.4,3.1,10,840.6,0
2018-03-09 10:24:00,3,30,20.4,61,7.3,999.9,5.1,7.5,10,840.6,0
2018-03-09 10:27:00,3,30,20.4,61,7.2,999.8,3.4,4.8,11,840.6,0
2018-03-09 10:30:00,3,30,20.4,62,7.3,999.8,2.7,3.7,12,840.6,0
2018-03-09 10:33:00,3,30,20.4,58,7.5,999.9,4.4,6.5,10,840.6,0
2018-03-09 10:36:00,3,30,20.4,57,7.6,999.9,3.7,4.4,8,840.6,0
2018-03-09 10:39:00,3,30,20.4,58,7.5,999.9,2.0,3.7,10,840.6,0
2018-03-09 10:42:00,3,30,20.4,58,7.7,1000.0,2.7,3.7,14,840.6,0
2018-03-09 10:45:00,3,30,20.4,57,7.7,999.9,2.7,4.8,11,840.6,0
2018-03-09 10:48:00,3,30,20.4,57,7.7,999.9,3.1,4.1,10,840.6,0
2018-03-09 10:51:00,3,30,20.3,57,7.8,999.9,3.4,3.7,10,840.6,0
2018-03-09 10:54:00,3,30,20.3,57,7.9,1000.0,3.7,6.5,8,840.6,0
2018-03-09 10:57:00,3,30,20.3,56,7.8,1000.0,4.8,5.8,10,840.6,0
2018-03-09 11:00:00,3,30,20.3,57,7.6,1000.0,4.1,5.1,10,840.6,0
2018-03-09 11:03:00,3,30,20.3,57,7.6,999.9,4.1,5.1,10,840.6,0
2018-03-09 11:06:00,3,30,20.3,57,7.6,999.9,4.1,5.1,10,840.6,0
2018-03-09 11:09:00,3,30,20.3,58,8.0,1000.0,1.7,2.4,12,840.6,0
2018-03-09 11:12:00,3,30,20.3,57,8.1,1000.0,2.0,3.1,8,840.6,0
2018-03-09 11:15:00,3,30,20.2,56,8.2,999.9,3.4,4.4,10,840.6,0
2018-03-09 11:18:00,3,30,20.3,56,8.0,999.9,1.7,2.4,8,840.6,0
2018-03-09 11:21:00,3,30,20.2,57,8.2,1000.0,3.4,5.1,12,840.6,0
2018-03-09 11:24:00,3,30,20.2,56,8.4,1000.0,1.7,2.0,10,840.6,0
2018-03-09 11:27:00,3,30,20.2,55,8.6,999.9,3.1,4.1,10,840.6,0
2018-03-09 11:30:00,3,30,20.2,54,8.3,1000.0,3.4,4.8,10,840.6,0
2018-03-09 11:33:00,3,30,20.2,55,8.1,1000.1,2.0,3.1,10,840.6,0
2018-03-09 11:36:00,3,30,20.2,55,7.8,1000.1,3.7,5.4,14,840.6,0
2018-03-09 11:39:00,3,30,20.2,55,7.8,1000.1,1.7,2.4,8,840.6,0
2018-03-09 11:42:00,3,30,20.2,56,8.0,1000.1,2.7,3.7,10,840.6,0
2018-03-09 11:45:00,3,30,20.1,56,8.3,1000.0,3.7,5.4,10,840.6,0
2018-03-09 11:48:00,3,30,20.1,55,8.4,999.9,3.4,4.1,10,840.6,0
2018-03-09 11:51:00,3,30,20.1,54,8.5,999.9,3.1,3.7,14,840.6,0
2018-03-09 11:54:00,3,30,20.1,53,8.4,999.9,3.4,5.1,10,840.6,0
2018-03-09 11:57:00,3,30,20.1,54,8.3,999.9,2.7,3.7,10,840.6,0
2018-03-09 12:00:00,3,30,20.1,54,8.4,1000.0,2.0,3.4,10,840.6,0
2018-03-09 12:03:00,3,30,20.1,54,8.5,1000.0,2.7,4.4,10,840.6,0
2018-03-09 12:06:00,3,30,20.1,53,8.6,999.9,1.4,2.0,12,840.6,0
2018-03-09 12:09:00,3,30,20.1,52,8.5,1000.0,1.7,2.0,10,840.6,0
2018-03-09 12:12:00,3,30,20.1,53,8.4,1000.1,2.4,3.4,10,840.6,0
2018-03-09 12:15:00,3,30,20.0,53,8.3,1000.0,3.4,4.1,12,840.6,0
2018-03-09 12:18:00,3,30,20.1,53,8.3,1000.0,3.1,4.8,10,840.6,0
2018-03-09 12:21:00,3,30,20.1,54,8.3,1000.0,2.0,2.7,10,840.6,0
2018-03-09 12:24:00,3,30,20.1,54,8.5,1000.0,2.4,3.4,12,840.6,0
2018-03-09 12:27:00,3,30,20.0,54,8.6,1000.1,2.4,3.4,10,840.6,0
2018-03-09 12:30:00,3,30,20.0,54,8.6,1000.0,1.7,2.4,7,840.6,0
2018-03-09 12:33:00,3,30,20.1,55,8.8,1000.1,1.7,3.1,12,840.6,0
2018-03-09 12:36:00,3,30,20.1,54,8.9,1000.2,3.1,4.1,12,840.6,0
2018-03-09 12:39:00,3,30,20.1,54,9.2,1000.2,3.7,4.4,8,840.6,0
2018-03-09 12:42:00,3,30,20.1,52,9.4,1000.2,4.1,6.1,8,840.6,0
2018-03-09 12:45:00,3,30,20.1,52,9.1,1000.2,2.7,3.7,10,840.6,0
2018-03-09 12:48:00,3,30,20.1,53,9.0,1000.3,1.7,2.4,10,840.6,0
2018-03-09 12:51:00,3,30,20.1,54,9.3,1000.3,2.4,3.4,12,840.6,0
2018-03-09 12:54:00,3,30,20.2,53,9.5,1000.3,3.1,3.7,8,840.6,0
2018-03-09 12:57:00,3,30,20.2,52,9.2,1000.3,3.7,4.8,9,840.6,0
2018-03-09 13:00:00,3,30,20.2,53,9.0,1000.4,1.0,1.7,8,840.6,0
2018-03-09 13:03:00,3,30,20.2,53,9.0,1000.3,1.0,1.7,8,840.6,0
2018-03-09 13:06:00,3,30,20.3,53,9.0,1000.4,1.0,1.7,8,840.6,0
2018-03-09 13:09:00,3,31,20.3,53,9.4,1000.4,2.0,2.4,10,840.6,0
2018-03-09 13:12:00,3,31,20.3,53,9.4,1000.4,3.1,4.4,10,840.6,0
2018-03-09 13:15:00,3,32,20.4,52,9.4,1000.5,2.0,3.4,10,840.6,0
2018-03-09 13:18:00,3,32,20.4,52,9.7,1000.4,2.0,2.7,8,840.6,0
2018-03-09 13:21:00,3,32,20.4,50,9.9,1000.5,1.4,2.0,10,840.6,0
2018-03-09 13:24:00,3,32,20.5,50,9.6,1000.5,3.4,4.4,12,840.6,0
2018-03-09 13:27:00,3,31,20.7,50,9.4,1000.6,1.4,1.7,2,840.6,0
2018-03-09 13:30:00,3,31,20.9,50,9.1,1000.6,1.0,2.0,10,840.6,0
2018-03-09 13:33:00,3,30,21.1,50,8.9,1000.7,1.7,2.4,11,840.6,0
2018-03-09 13:36:00,3,29,21.2,51,8.9,1000.7,1.4,2.4,12,840.6,0
2018-03-09 13:39:00,3,29,21.3,51,9.1,1000.7,1.4,2.4,10,840.6,0
2018-03-09 13:42:00,3,29,21.5,50,9.1,1000.7,2.4,3.1,10,840.6,0
2018-03-09 13:45:00,3,29,21.6,50,9.1,1000.8,0.7,1.4,12,840.6,0
2018-03-09 13:48:00,3,29,21.6,50,9.1,1000.7,1.0,1.4,10,840.6,0
2018-03-09 13:51:00,3,29,21.7,47,9.1,1000.8,3.1,3.7,12,840.6,0
2018-03-09 13:54:00,3,29,21.8,47,9.1,1000.8,1.4,2.4,10,840.6,0
2018-03-09 13:57:00,3,29,21.8,49,9.1,1000.8,1.0,1.7,10,840.6,0
2018-03-09 14:00:00,3,28,21.9,49,9.1,1000.9,1.7,2.7,12,840.6,0
2018-03-09 14:03:00,3,28,21.9,48,9.1,1000.9,2.4,3.4,10,840.6,0
2018-03-09 14:06:00,3,28,21.9,49,9.0,1000.9,1.4,2.0,10,840.6,0
2018-03-09 14:09:00,3,28,21.9,50,8.9,1001.1,2.0,2.4,10,840.6,0
2018-03-09 14:12:00,3,28,21.8,50,8.8,1001.0,1.4,1.7,10,840.6,0
2018-03-09 14:15:00,3,28,21.8,50,8.8,1001.1,2.4,3.1,10,840.6,0
2018-03-09 14:18:00,3,28,21.8,50,8.9,1001.1,2.7,3.4,10,840.6,0
2018-03-09 14:21:00,3,28,21.8,50,9.0,1001.0,2.4,3.7,10,840.6,0
2018-03-09 14:24:00,3,28,21.7,50,9.0,1001.1,1.0,2.0,2,840.6,0
2018-03-09 14:27:00,3,28,21.7,49,8.9,1001.0,2.0,3.7,9,840.6,0
2018-03-09 14:30:00,3,28,21.7,49,8.8,1001.1,1.7,2.0,14,840.6,0
2018-03-09 14:33:00,3,28,21.7,49,8.7,1001.1,1.0,1.7,8,840.6,0
2018-03-09 14:36:00,3,28,21.6,50,8.7,1001.2,1.0,1.7,12,840.6,0
2018-03-09 14:39:00,3,29,21.6,50,8.6,1001.1,1.4,2.0,10,840.6,0
2018-03-09 14:42:00,3,28,21.5,50,8.6,1001.2,1.7,2.4,12,840.6,0
2018-03-09 14:45:00,3,29,21.5,49,8.7,1001.2,1.0,1.4,15,840.6,0
2018-03-09 14:48:00,3,29,21.5,50,8.7,1001.1,1.0,2.0,10,840.6,0
2018-03-09 14:51:00,3,29,21.5,49,8.7,1001.2,1.7,2.4,10,840.6,0
2018-03-09 14:54:00,3,29,21.5,50,8.8,1001.2,1.7,2.0,10,840.6,0
2018-03-09 14:57:00,3,29,21.3,49,8.8,1001.2,2.0,2.7,8,840.6,0
2018-03-09 15:00:00,3,29,21.3,49,8.8,1001.2,2.7,3.7,10,840.6,0
2018-03-09 15:03:00,3,29,21.3,49,8.8,1001.2,2.7,3.7,10,840.6,0
2018-03-09 15:06:00,3,29,21.3,49,8.8,1001.1,2.7,3.7,10,840.6,0
2018-03-09 15:09:00,3,29,21.3,49,8.9,1001.2,1.7,2.7,10,840.6,0
2018-03-09 15:12:00,3,28,21.2,49,8.9,1001.2,0.7,1.0,9,840.6,0
2018-03-09 15:15:00,3,29,21.2,50,8.9,1001.3,1.0,1.4,8,840.6,0
2018-03-09 15:18:00,3,28,21.2,50,8.9,1001.2,1.4,2.0,10,840.6,0
2018-03-09 15:21:00,3,29,21.2,49,8.9,1001.1,1.7,2.4,14,840.6,0
2018-03-09 15:24:00,3,29,21.2,49,8.8,1001.3,1.4,2.0,10,840.6,0
2018-03-09 15:27:00,3,29,21.1,49,8.8,1001.3,2.0,2.4,10,840.6,0
2018-03-09 15:29:59,3,29,21.1,49,8.7,1001.4,0.7,1.7,10,840.6,0
2018-03-09 15:32:59,3,29,21.1,49,8.7,1001.4,2.4,3.7,10,840.6,0
2018-03-09 15:35:59,3,29,21.1,50,8.6,1001.4,0.7,1.0,12,840.6,0
2018-03-09 15:38:59,3,29,21.1,50,8.6,1001.4,0.3,1.0,10,840.6,0
2018-03-09 15:41:59,3,29,21.1,50,8.6,1001.5,2.0,2.7,10,840.6,0
2018-03-09 15:44:59,3,29,21.1,50,8.6,1001.5,1.7,2.4,12,840.6,0
2018-03-09 15:47:59,3,29,21.1,50,8.8,1001.5,1.4,1.7,7,840.6,0
2018-03-09 15:50:59,3,29,21.1,50,8.8,1001.5,1.4,2.0,10,840.6,0
2018-03-09 15:53:59,3,29,21.1,50,8.8,1001.6,0.7,1.0,10,840.6,0
2018-03-09 15:56:59,3,29,21.1,50,8.7,1001.6,1.0,1.7,9,840.6,0
2018-03-09 15:59:59,3,29,21.1,50,8.7,1001.5,0.7,1.0,10,840.6,0
2018-03-09 16:02:59,3,29,21.1,50,8.8,1001.6,1.0,1.4,10,840.6,0
2018-03-09 16:05:59,3,29,21.0,50,8.7,1001.6,0.7,1.0,14,840.6,0
2018-03-09 16:08:59,3,29,21.1,50,8.6,1001.6,1.4,2.0,9,840.6,0
2018-03-09 16:11:59,3,29,21.0,50,8.4,1001.7,1.0,1.4,10,840.6,0
2018-03-09 16:14:59,3,29,21.0,50,8.3,1001.7,1.7,2.4,12,840.6,0
2018-03-09 16:17:59,3,29,21.1,50,8.2,1001.7,0.7,1.0,10,840.6,0
2018-03-09 16:20:59,3,29,21.1,50,8.2,1001.8,1.4,1.7,8,840.6,0
2018-03-09 16:23:59,3,29,21.0,50,8.1,1001.7,1.0,1.4,6,840.6,0
2018-03-09 16:26:59,3,29,21.0,51,8.0,1001.8,1.4,1.7,10,840.6,0
2018-03-09 16:29:59,3,29,21.0,51,8.0,1001.8,0.7,1.4,10,840.6,0
2018-03-09 16:32:59,3,29,21.0,51,7.8,1001.9,0.7,1.0,8,840.6,0
2018-03-09 16:35:59,3,29,21.0,51,7.7,1001.8,0.7,1.0,10,840.6,0
2018-03-09 16:38:59,3,29,21.0,52,7.6,1001.9,1.0,1.4,10,840.6,0
2018-03-09 16:41:59,3,29,21.0,52,7.5,1001.8,1.0,1.4,10,840.6,0
2018-03-09 16:44:59,3,29,21.0,58,7.4,1001.8,0.7,1.0,10,840.6,0
2018-03-09 16:47:59,3,29,21.0,58,7.2,1002.0,0,0.7,10,840.6,0
2018-03-09 16:50:59,3,29,21.0,58,7.1,1001.9,0.3,0.7,12,840.6,0
2018-03-09 16:53:59,3,29,21.0,59,6.9,1002.0,0.3,0.7,8,840.6,0
2018-03-09 16:56:59,3,29,21.0,59,6.8,1002.2,0,0.3,10,840.6,0
2018-03-09 16:59:59,3,29,21.0,60,6.6,1002.1,0,0.3,10,840.6,0
2018-03-09 17:02:59,3,29,21.0,60,6.6,1002.1,0,0.3,10,840.6,0
2018-03-09 17:05:59,3,29,21.0,60,6.6,1002.1,0,0.3,10,840.6,0
2018-03-09 17:08:59,3,29,21.0,60,6.1,1002.1,0,0,10,840.6,0
2018-03-09 17:11:59,3,29,21.0,60,5.8,1002.1,0,0,10,840.6,0
2018-03-09 17:14:59,3,29,21.0,60,5.7,1002.1,0,0,10,840.6,0
2018-03-09 17:17:59,3,29,21.0,60,5.4,1002.1,0,0,10,840.6,0
2018-03-09 17:20:59,3,29,21.0,60,5.1,1002.2,0,0,10,840.6,0
2018-03-09 17:23:59,3,29,21.0,61,4.9,1002.1,0,0,10,840.6,0
2018-03-09 17:26:59,3,29,21.0,61,4.7,1002.1,0,0,10,840.6,0
2018-03-09 17:29:59,3,29,21.0,62,4.6,1002.2,0,0,10,840.6,0
2018-03-09 17:32:59,3,29,21.0,62,4.4,1002.1,0,0,10,840.6,0
2018-03-09 17:35:59,3,29,21.0,63,4.3,1002.2,0,0,10,840.6,0
2018-03-09 17:38:59,3,29,21.0,63,4.2,1002.2,0,0,10,840.6,0
2018-03-09 17:41:59,3,29,21.0,64,4.1,1002.3,0,0,8,840.6,0
2018-03-09 17:44:59,3,29,21.0,64,4.0,1002.3,0,0.3,8,840.6,0
2018-03-09 17:47:59,3,29,21.1,65,3.8,1002.3,0,0,4,840.6,0
2018-03-09 17:50:59,3,29,21.0,65,3.7,1002.3,0,0,4,840.6,0
2018-03-09 17:53:59,3,29,21.0,65,3.6,1002.2,0,0,4,840.6,0
2018-03-09 17:56:59,3,29,21.1,66,3.5,1002.2,0,0,4,840.6,0
2018-03-09 17:59:59,3,29,21.0,66,3.4,1002.4,0,0,4,840.6,0
2018-03-09 18:02:59,3,29,21.0,66,3.3,1002.4,0,0,4,840.6,0
2018-03-09 18:05:59,3,29,21.1,66,3.2,1002.3,0,0,4,840.6,0
2018-03-09 18:08:59,3,29,21.1,67,3.1,1002.4,0,0,4,840.6,0
2018-03-09 18:11:59,3,29,21.1,67,3.0,1002.4,0,0,4,840.6,0
2018-03-09 18:14:59,3,29,21.0,67,2.9,1002.4,0,0,4,840.6,0
2018-03-09 18:17:59,3,29,21.1,67,2.8,1002.3,0,0,4,840.6,0
2018-03-09 18:20:59,3,29,21.1,68,2.7,1002.4,0,0,4,840.6,0
2018-03-09 18:23:59,3,29,21.1,68,2.6,1002.5,0,0,4,840.6,0
2018-03-09 18:26:59,3,29,21.1,68,2.5,1002.5,0,0,0,840.6,0
2018-03-09 18:29:59,3,29,21.1,69,2.4,1002.5,0,0,4,840.6,0
2018-03-09 18:32:59,3,29,21.1,70,2.3,1002.5,0,0,4,840.6,0
2018-03-09 18:35:59,3,29,21.1,70,2.3,1002.5,0,0.3,4,840.6,0
2018-03-09 18:38:59,3,29,21.1,70,2.2,1002.4,0,0,0,840.6,0
2018-03-09 18:41:59,3,29,21.1,71,2.2,1002.6,0,0,0,840.6,0
2018-03-09 18:44:59,3,29,21.1,71,2.1,1002.4,0,0,0,840.6,0
2018-03-09 18:47:59,3,29,21.1,71,2.0,1002.5,0,0,0,840.6,0
2018-03-09 18:50:59,3,29,21.1,71,1.9,1002.3,0,0,0,840.6,0
2018-03-09 18:53:59,3,29,21.1,71,1.8,1002.5,0,0,0,840.6,0
2018-03-09 18:56:59,3,29,21.1,71,1.6,1002.5,0,0,0,840.6,0
2018-03-09 18:59:59,3,29,21.1,71,1.5,1002.6,0,0.3,2,840.6,0
2018-03-09 19:02:59,3,29,21.1,71,1.5,1002.7,0,0.3,2,840.6,0
2018-03-09 19:05:59,3,29,21.1,71,1.5,1002.6,0,0.3,2,840.6,0
2018-03-09 19:08:59,3,29,21.1,72,1.4,1002.6,0,0.3,2,840.6,0
2018-03-09 19:11:59,3,28,21.1,72,1.3,1002.7,0,0,2,840.6,0
2018-03-09 19:14:59,3,29,21.1,72,1.2,1002.7,0,0,2,840.6,0
2018-03-09 19:17:59,3,29,21.1,72,1.1,1002.5,0,0,2,840.6,0
2018-03-09 19:20:59,3,28,21.1,72,1.0,1002.7,0,0,2,840.6,0
2018-03-09 19:23:59,3,29,21.1,72,0.9,1002.7,0,0,0,840.6,0
2018-03-09 19:26:59,3,28,21.1,72,0.9,1002.6,0,0,0,840.6,0
2018-03-09 19:29:59,3,29,21.1,73,0.9,1002.6,0,0,4,840.6,0
2018-03-09 19:32:59,3,29,21.1,73,0.9,1002.6,0,0,4,840.6,0
2018-03-09 19:35:59,3,29,21.1,74,0.9,1002.7,0,0,4,840.6,0
2018-03-09 19:38:59,3,28,21.1,74,0.9,1002.8,0,0.3,4,840.6,0
2018-03-09 19:41:59,3,29,21.1,74,0.8,1002.8,0,0,8,840.6,0
2018-03-09 19:44:59,3,29,21.1,74,0.8,1002.8,0,0,8,840.6,0
2018-03-09 19:47:59,3,29,21.1,74,0.8,1002.8,0,0,8,840.6,0
2018-03-09 19:50:59,3,29,21.1,74,0.7,1002.9,0,0,8,840.6,0
2018-03-09 19:53:59,3,28,21.1,74,0.7,1002.9,0,0,8,840.6,0
2018-03-09 19:56:59,3,28,21.1,74,0.6,1002.8,0,0,8,840.6,0
2018-03-09 19:59:59,3,28,21.1,75,0.6,1002.8,0,0,2,840.6,0
2018-03-09 20:02:59,3,28,21.1,75,0.6,1002.9,0,0.3,2,840.6,0
2018-03-09 20:05:59,3,29,21.1,75,0.6,1002.9,0,0,2,840.6,0
2018-03-09 20:08:59,3,29,21.1,75,0.6,1002.8,0.7,0.7,8,840.6,0
2018-03-09 20:11:59,3,29,21.1,76,0.7,1003.0,0.3,0.7,8,840.6,0
2018-03-09 20:14:59,3,29,21.1,77,0.8,1003.0,0,0,2,840.6,0
2018-03-09 20:17:59,3,29,21.0,77,0.8,1003.0,0,0,2,840.6,0
2018-03-09 20:20:59,3,28,21.0,77,0.8,1002.9,0,0,2,840.6,0
2018-03-09 20:23:59,3,28,21.0,77,0.7,1003.0,0,0,2,840.6,0
2018-03-09 20:26:59,3,28,21.0,77,0.7,1002.9,0,0,2,840.6,0
2018-03-09 20:29:59,3,28,21.1,77,0.6,1002.8,0,0,2,840.6,0
2018-03-09 20:32:59,3,29,21.1,77,0.6,1002.9,0,0,2,840.6,0
2018-03-09 20:35:59,3,28,21.0,77,0.6,1002.9,0,0,2,840.6,0
2018-03-09 20:38:59,3,28,21.0,77,0.5,1002.9,0,0,2,840.6,0
2018-03-09 20:41:59,3,28,21.0,77,0.5,1002.9,0,0,2,840.6,0
2018-03-09 20:44:59,3,28,21.0,77,0.4,1003.0,0,0,2,840.6,0
2018-03-09 20:47:59,3,28,21.0,77,0.3,1002.9,0,0,2,840.6,0
2018-03-09 20:50:59,3,28,21.0,77,0.3,1002.9,0,0,2,840.6,0
2018-03-09 20:53:59,3,28,21.0,77,0.2,1002.9,0,0,2,840.6,0
2018-03-09 20:56:59,3,28,21.0,77,0.1,1002.8,0,0,2,840.6,0
2018-03-09 20:59:59,3,28,21.0,77,0,1002.8,0,0,2,840.6,0
2018-03-09 21:02:59,3,28,21.0,77,0,1002.8,0,0,2,840.6,0
2018-03-09 21:05:59,3,28,21.0,77,0,1002.8,0,0,2,840.6,0
2018-03-09 21:08:59,3,28,21.0,77,0,1002.8,0,0,2,840.6,0
2018-03-09 21:11:59,3,28,21.0,77,-0.1,1002.8,0,0,0,840.6,0
2018-03-09 21:14:59,3,28,21.0,77,-0.1,1002.7,0,0,0,840.6,0
2018-03-09 21:17:59,3,27,21.0,77,-0.3,1002.7,0,0,0,840.6,0
2018-03-09 21:20:59,3,27,21.0,77,-0.3,1002.7,0,0,0,840.6,0
2018-03-09 21:23:59,3,27,21.0,77,-0.3,1002.7,0,0,0,840.6,0
2018-03-09 21:26:59,3,27,21.0,77,-0.3,1002.7,0,0,0,840.6,0
2018-03-09 21:29:59,3,27,21.0,77,-0.4,1002.5,0,0,0,840.6,0
2018-03-09 21:32:59,3,27,21.0,78,-0.4,1002.6,0,0,0,840.6,0
2018-03-09 21:35:59,3,27,21.0,78,-0.4,1002.5,0,0,0,840.6,0
2018-03-09 21:38:59,3,27,21.0,78,-0.5,1002.6,0,0,0,840.6,0
2018-03-09 21:41:59,3,28,20.9,78,-0.6,1002.6,0,0,0,840.6,0
2018-03-09 21:44:59,3,28,20.9,78,-0.7,1002.6,0,0,0,840.6,0
2018-03-09 21:47:59,3,28,20.9,78,-0.7,1002.6,0,0,0,840.6,0
2018-03-09 21:50:59,3,28,20.9,78,-0.7,1002.6,0,0,0,840.6,0
2018-03-09 21:53:59,3,28,20.9,78,-0.7,1002.6,0,0,0,840.6,0
2018-03-09 21:56:59,3,28,20.9,78,-0.8,1002.6,0,0,8,840.6,0
2018-03-09 21:59:59,3,28,20.9,78,-0.8,1002.7,0,0,8,840.6,0
2018-03-09 22:02:59,3,28,20.8,79,-0.8,1002.5,0,0.3,8,840.6,0
2018-03-09 22:05:59,3,28,20.8,79,-0.8,1002.5,0,0,0,840.6,0
2018-03-09 22:08:59,3,28,20.7,79,-0.8,1002.5,0,0,4,840.6,0
2018-03-09 22:11:59,3,28,20.7,79,-0.9,1002.4,0,0,8,840.6,0
2018-03-09 22:14:59,3,28,20.7,79,-0.9,1002.6,0,0,8,840.6,0
2018-03-09 22:17:59,3,28,20.7,79,-1.0,1002.4,0,0,8,840.6,0
2018-03-09 22:20:59,3,28,20.7,79,-1.0,1002.5,0,0,8,840.6,0
2018-03-09 22:23:59,3,28,20.6,79,-1.0,1002.4,0,0,8,840.6,0
2018-03-09 22:26:59,3,28,20.6,79,-1.0,1002.5,0,0,8,840.6,0
2018-03-09 22:29:59,3,28,20.6,79,-1.1,1002.4,0,0,8,840.6,0
2018-03-09 22:32:59,3,28,20.6,79,-1.1,1002.5,0,0,8,840.6,0
2018-03-09 22:35:59,3,28,20.6,79,-1.2,1002.5,0,0,0,840.6,0
2018-03-09 22:38:59,3,28,20.6,79,-1.2,1002.5,0,0,0,840.6,0
2018-03-09 22:41:59,3,28,20.6,79,-1.2,1002.4,0,0,0,840.6,0
2018-03-09 22:44:59,3,28,20.5,79,-1.2,1002.4,0,0,0,840.6,0
2018-03-09 22:47:59,3,28,20.5,79,-1.2,1002.4,0,0,0,840.6,0
2018-03-09 22:50:59,3,28,20.5,79,-1.2,1002.4,0,0,0,840.6,0
2018-03-09 22:53:59,3,28,20.5,79,-1.3,1002.5,0,0,0,840.6,0
2018-03-09 22:56:59,3,28,20.5,80,-1.3,1002.3,0,0,0,840.6,0
2018-03-09 22:59:59,3,27,20.5,80,-1.3,1002.4,0,0.3,4,840.6,0
