2018-03-26 00:01:59,3,27,21.1,72,4.3,1003.9,0,0,10,865.2,0
2018-03-26 00:04:59,3,27,21.1,72,4.3,1003.8,0,0,10,865.2,0
2018-03-26 00:07:59,3,27,21.1,72,4.2,1003.8,0,0,10,865.2,0
2018-03-26 00:10:59,3,27,21.1,72,4.2,1003.8,0,0,10,865.2,0
2018-03-26 00:13:59,3,27,21.0,72,4.2,1003.9,0,0,10,865.2,0
2018-03-26 00:16:59,3,27,21.0,72,4.2,1003.8,0,0,10,865.2,0
2018-03-26 00:19:59,3,27,21.0,72,4.1,1003.8,0,0,10,865.2,0
2018-03-26 00:22:59,3,27,21.0,72,4.1,1003.7,0,0,10,865.2,0
2018-03-26 00:25:59,3,27,21.0,72,4.1,1003.8,0,0,10,865.2,0
2018-03-26 00:28:59,3,27,21.0,72,4.1,1003.7,0,0,10,865.2,0
2018-03-26 00:31:59,3,28,20.9,72,4.0,1003.7,0,0,10,865.2,0
2018-03-26 00:34:59,3,28,20.9,72,4.0,1003.7,0,0,4,865.2,0
2018-03-26 00:37:59,3,28,20.9,72,4.0,1003.7,0,0,4,865.2,0
2018-03-26 00:40:59,3,28,20.9,72,4.0,1003.7,0,0,4,865.2,0
2018-03-26 00:43:59,3,28,20.9,72,3.9,1003.7,0,0,3,865.2,0
2018-03-26 00:46:59,3,28,20.9,72,3.9,1003.7,0,0,3,865.2,0
2018-03-26 00:49:59,3,28,20.9,72,3.9,1003.6,0,0,3,865.2,0
2018-03-26 00:52:59,3,28,20.9,73,3.9,1003.8,0,0,3,865.2,0
2018-03-26 00:55:59,3,28,20.8,73,3.8,1003.8,0,0,3,865.2,0
2018-03-26 00:58:59,3,28,20.8,73,3.8,1003.8,0,0,3,865.2,0
2018-03-26 01:01:59,3,28,20.7,73,3.8,1003.8,0,0,3,865.2,0
2018-03-26 01:04:59,3,28,20.7,73,3.7,1003.7,0,0,3,865.2,0
2018-03-26 01:07:59,3,28,20.7,73,3.7,1003.8,0,0,12,865.2,0
2018-03-26 01:10:59,3,28,20.7,73,3.7,1003.8,0,0,10,865.2,0
2018-03-26 01:13:59,3,28,20.7,73,3.7,1003.9,0,0,14,865.2,0
2018-03-26 01:16:59,3,28,20.7,74,3.7,1003.8,0,0,14,865.2,0
2018-03-26 01:19:59,3,29,20.7,74,3.7,1003.8,0.3,0.7,8,865.2,0
2018-03-26 01:22:59,3,28,20.6,74,3.7,1003.9,0,0,12,865.2,0
2018-03-26 01:25:59,3,29,20.6,74,3.8,1003.9,0,0,0,865.2,0
2018-03-26 01:28:59,3,29,20.6,74,3.7,1003.8,0.3,0.3,8,865.2,0
2018-03-26 01:31:59,3,28,20.6,73,3.7,1003.9,0,0,6,865.2,0
2018-03-26 01:34:59,3,28,20.6,73,3.7,1004.0,0.3,0.7,14,865.2,0
2018-03-26 01:37:59,3,28,20.6,73,3.7,1003.9,0,0,14,865.2,0
2018-03-26 01:40:59,3,28,20.6,73,3.7,1003.9,0,0,10,865.2,0
2018-03-26 01:43:59,3,28,20.5,73,3.8,1004.0,0,0.3,10,865.2,0
2018-03-26 01:46:59,3,28,20.5,73,3.8,1004.0,0,0.3,8,865.2,0
2018-03-26 01:49:59,3,28,20.5,73,3.9,1003.9,0,0,6,865.2,0
2018-03-26 01:52:59,3,28,20.5,73,3.9,1004.1,0.3,0.7,12,865.2,0
2018-03-26 01:55:59,3,28,20.5,73,4.0,1004.0,0,0,12,865.2,0
2018-03-26 01:58:59,3,28,20.5,73,4.0,1003.9,0,0,4,865.2,0
2018-03-26 02:01:59,3,28,20.5,73,4.0,1004.0,0.7,1.0,6,865.2,0
2018-03-26 02:04:59,3,28,20.4,73,4.0,1004.2,0.7,1.0,6,865.2,0
2018-03-26 02:07:59,3,28,20.4,73,4.0,1004.1,0,0,6,865.2,0
2018-03-26 02:10:59,3,28,20.4,73,4.0,1004.1,0,0,8,865.2,0
2018-03-26 02:13:59,3,28,20.4,73,4.0,1003.9,0,0,8,865.2,0
2018-03-26 02:16:59,3,28,20.4,73,4.0,1004.1,0,0,8,865.2,0
2018-03-26 02:19:59,3,28,20.3,73,4.0,1004.2,0,0,8,865.2,0
2018-03-26 02:22:59,3,28,20.3,73,4.0,1004.1,0,0,8,865.2,0
2018-03-26 02:25:59,3,28,20.3,72,4.0,1004.2,0,0,8,865.2,0
2018-03-26 02:28:59,3,28,20.3,72,4.0,1004.1,0,0,8,865.2,0
2018-03-26 02:31:59,3,28,20.3,73,3.9,1004.1,0,0,4,865.2,0
2018-03-26 02:34:59,3,28,20.3,73,3.9,1004.0,0,0,4,865.2,0
2018-03-26 02:37:59,3,28,20.3,73,3.9,1004.1,0,0,4,865.2,0
2018-03-26 02:40:59,3,28,20.3,73,3.9,1004.2,0,0,4,865.2,0
2018-03-26 02:43:59,3,28,20.2,73,3.9,1004.2,0,0,2,865.2,0
2018-03-26 02:46:59,3,28,20.2,73,3.9,1004.0,0,0,2,865.2,0
2018-03-26 02:49:59,3,28,20.2,73,3.9,1004.1,0,0,2,865.2,0
2018-03-26 02:52:59,3,28,20.2,73,3.8,1004.1,0,0,2,865.2,0
2018-03-26 02:55:59,3,28,20.2,73,3.8,1004.1,0,0,2,865.2,0
2018-03-26 02:58:59,3,28,20.2,73,3.8,1004.2,0,0,2,865.2,0
2018-03-26 03:01:59,3,28,20.2,73,3.7,1004.1,0,0,2,865.2,0
2018-03-26 03:04:59,3,28,20.1,73,3.7,1004.1,0,0,10,865.2,0
2018-03-26 03:07:59,3,28,20.1,73,3.7,1004.0,0,0,10,865.2,0
2018-03-26 03:10:59,3,29,20.1,73,3.7,1004.1,0,0,0,865.2,0
2018-03-26 03:13:59,3,28,20.1,73,3.7,1004.2,0,0,8,865.2,0
2018-03-26 03:16:59,3,28,20.1,73,3.7,1004.1,0,0,8,865.2,0
2018-03-26 03:19:59,3,28,20.1,73,3.7,1004.0,0,0,4,865.2,0
2018-03-26 03:22:59,3,28,20.1,73,3.7,1004.1,0,0,10,865.2,0
2018-03-26 03:25:59,3,28,20.1,73,3.7,1004.2,0,0,10,865.2,0
2018-03-26 03:28:59,3,28,20.0,73,3.7,1004.2,0,0,8,865.2,0
2018-03-26 03:31:59,3,28,20.0,73,3.6,1004.2,0,0,8,865.2,0
2018-03-26 03:34:59,3,28,20.0,73,3.6,1004.2,0,0,8,865.2,0
2018-03-26 03:37:59,3,28,20.0,73,3.6,1004.2,0,0,8,865.2,0
2018-03-26 03:40:59,3,28,20.0,73,3.6,1004.2,0,0,8,865.2,0
2018-03-26 03:43:59,3,28,20.0,73,3.6,1004.2,0,0,8,865.2,0
2018-03-26 03:46:59,3,28,20.0,73,3.6,1004.1,0,0,8,865.2,0
2018-03-26 03:49:59,3,28,20.0,74,3.6,1004.3,0,0,4,865.2,0
2018-03-26 03:52:59,3,29,19.8,74,3.6,1004.2,0,0,0,865.2,0
2018-03-26 03:55:59,3,29,19.8,74,3.6,1004.1,0,0,8,865.2,0
2018-03-26 03:58:59,3,29,19.8,74,3.6,1004.1,0,0,8,865.2,0
2018-03-26 04:01:59,3,29,19.8,74,3.6,1004.1,0,0,8,865.2,0
2018-03-26 04:04:59,3,29,19.9,74,3.6,1004.1,0,0,8,865.2,0
2018-03-26 04:07:59,3,29,19.9,74,3.6,1004.2,0,0,10,865.2,0
2018-03-26 04:10:59,3,29,19.9,74,3.5,1004.2,0,0,12,865.2,0
2018-03-26 04:13:59,3,29,20.0,74,3.6,1004.3,0.7,1.0,10,865.2,0
2018-03-26 04:16:59,3,29,20.0,75,3.7,1004.4,0.7,1.0,4,865.2,0
2018-03-26 04:19:59,3,29,20.0,75,3.7,1004.5,0,0,12,865.2,0
2018-03-26 04:22:59,3,28,20.0,75,3.8,1004.4,0.3,0.7,4,865.2,0
2018-03-26 04:25:59,3,29,20.1,75,3.9,1004.3,0.3,0.7,8,865.2,0
2018-03-26 04:28:59,3,29,20.1,75,3.9,1004.4,0,0,6,865.2,0
2018-03-26 04:31:59,3,29,20.1,75,3.9,1004.4,0,0,6,865.2,0
2018-03-26 04:34:59,3,29,20.1,75,3.9,1004.4,0,0,12,865.2,0
2018-03-26 04:37:59,3,29,20.2,74,3.9,1004.5,0,0,10,865.2,0
2018-03-26 04:40:59,3,29,20.2,74,3.9,1004.4,0,0,12,865.2,0
2018-03-26 04:43:59,3,29,20.3,74,3.9,1004.6,0.3,0.7,10,865.2,0
2018-03-26 04:46:59,3,29,20.3,74,3.9,1004.5,0,0,12,865.2,0
2018-03-26 04:49:59,3,29,20.3,74,3.9,1004.6,0,0,12,865.2,0
2018-03-26 04:52:59,3,29,20.4,74,3.9,1004.7,0,0,12,865.2,0
2018-03-26 04:55:59,3,29,20.4,74,3.9,1004.6,0,0,8,865.2,0
2018-03-26 04:58:59,3,29,20.4,74,3.9,1004.7,0,0,10,865.2,0
2018-03-26 05:01:59,3,28,20.4,74,3.9,1004.7,0,0,10,865.2,0
2018-03-26 05:05:00,3,29,20.5,74,3.9,1004.6,0,0,6,865.2,0
2018-03-26 05:08:00,3,29,20.5,74,4.0,1004.7,0,0,10,865.2,0
2018-03-26 05:11:00,3,30,20.5,74,4.0,1004.8,0.7,0.7,12,865.2,0
2018-03-26 05:14:00,3,30,20.5,74,4.0,1004.9,0,0,12,865.2,0
2018-03-26 05:17:00,3,30,20.6,73,4.0,1004.8,0.3,0.7,12,865.2,0
2018-03-26 05:20:00,3,30,20.6,73,4.1,1004.9,0,0,12,865.2,0
2018-03-26 05:23:00,3,30,20.6,73,4.1,1004.7,0,0,12,865.2,0
2018-03-26 05:26:00,3,30,20.6,73,4.1,1004.7,0,0,12,865.2,0
2018-03-26 05:29:00,3,30,20.7,72,4.1,1004.8,0,0,12,865.2,0
2018-03-26 05:32:00,3,30,20.7,72,4.1,1004.7,0,0,12,865.2,0
2018-03-26 05:35:00,3,30,20.7,72,4.1,1004.8,0,0,12,865.2,0
2018-03-26 05:38:00,3,30,20.7,72,4.1,1004.8,0,0,12,865.2,0
2018-03-26 05:41:00,3,30,20.7,72,4.1,1004.9,0,0,12,865.2,0
2018-03-26 05:44:00,3,30,20.7,72,4.1,1005.0,0.3,0.7,12,865.2,0
2018-03-26 05:47:00,3,30,20.7,72,4.1,1004.9,0,0,12,865.2,0
2018-03-26 05:50:00,3,30,20.8,72,4.2,1004.9,0,0,12,865.2,0
2018-03-26 05:53:00,3,30,20.8,72,4.2,1005.0,0,0,12,865.2,0
2018-03-26 05:56:00,3,30,20.9,72,4.2,1005.0,0,0,12,865.2,0
2018-03-26 05:59:00,3,30,20.9,72,4.2,1005.0,0,0,12,865.2,0
2018-03-26 06:02:00,3,29,21.1,72,4.3,1005.1,0,0,12,865.2,0
2018-03-26 06:05:00,3,29,21.2,72,4.3,1005.2,0,0,12,865.2,0
2018-03-26 06:08:00,3,29,21.5,72,4.3,1005.2,0,0,12,865.2,0
2018-03-26 06:11:00,3,29,21.6,72,4.4,1005.3,0,0,12,865.2,0
2018-03-26 06:14:00,3,29,21.8,72,4.4,1005.4,0,0,12,865.2,0
2018-03-26 06:17:00,3,28,21.9,72,4.5,1005.3,0,0,12,865.2,0
2018-03-26 06:20:00,3,27,22.0,72,4.5,1005.5,0,0.3,12,865.2,0
2018-03-26 06:23:00,3,27,22.1,72,4.6,1005.5,0,0,12,865.2,0
2018-03-26 06:26:00,3,27,22.2,72,4.6,1005.5,0,0,12,865.2,0
2018-03-26 06:29:00,3,26,22.3,72,4.7,1005.5,0,0,12,865.2,0
2018-03-26 06:32:00,3,26,22.3,72,4.8,1005.7,0,0,12,865.2,0
2018-03-26 06:35:00,3,26,22.3,72,4.8,1005.6,0,0,12,865.2,0
2018-03-26 06:38:00,3,25,22.5,71,4.9,1005.6,0,0,12,865.2,0
2018-03-26 06:41:00,3,25,22.6,71,4.9,1005.7,0,0.3,12,865.2,0
2018-03-26 06:44:00,3,25,22.6,71,5.0,1005.6,0,0,12,865.2,0
2018-03-26 06:47:00,3,25,22.6,70,5.0,1005.8,0,0.3,12,865.2,0
2018-03-26 06:50:00,3,24,22.7,70,5.1,1005.8,0,0,12,865.2,0
2018-03-26 06:53:00,3,24,22.7,70,5.1,1005.9,0,0,12,865.2,0
2018-03-26 06:56:00,3,24,22.7,70,5.2,1005.9,0.3,0.7,13,865.2,0
2018-03-26 06:59:00,3,24,22.8,70,5.2,1005.9,0,0.3,13,865.2,0
2018-03-26 07:02:00,3,24,22.9,69,5.2,1006.0,0.3,0.7,14,865.2,0
2018-03-26 07:05:00,3,24,22.9,69,5.3,1006.1,0.3,1.0,0,865.2,0
2018-03-26 07:08:00,3,25,23.0,68,5.3,1006.0,0,0,14,865.2,0
2018-03-26 07:11:00,3,25,23.0,68,5.3,1006.0,0.3,0.7,0,865.2,0
2018-03-26 07:14:00,3,24,23.0,68,5.3,1006.1,0,0.3,0,865.2,0
2018-03-26 07:17:00,3,24,22.9,68,5.3,1006.1,0.7,1.0,12,865.2,0
2018-03-26 07:20:00,3,24,22.7,67,5.3,1006.2,1.0,2.0,0,865.2,0
2018-03-26 07:23:00,3,24,22.7,67,5.4,1006.0,0.7,1.4,14,865.2,0
2018-03-26 07:26:00,3,24,22.6,67,5.4,1006.1,0.3,0.7,12,865.2,0
2018-03-26 07:29:00,3,24,22.6,67,5.4,1006.1,1.0,1.4,10,865.2,0
2018-03-26 07:32:00,3,24,22.5,67,5.4,1006.1,0.3,0.7,14,865.2,0
2018-03-26 07:35:00,3,24,22.5,67,5.5,1006.1,0.3,0.7,12,865.2,0
2018-03-26 07:38:00,3,24,22.5,68,5.5,1006.1,0,0.3,0,865.2,0
2018-03-26 07:41:00,3,24,22.4,68,5.6,1006.1,0.3,0.7,12,865.2,0
2018-03-26 07:44:00,3,24,22.3,68,5.6,1006.1,0.3,0.7,14,865.2,0
2018-03-26 07:47:00,3,24,22.3,68,5.7,1006.2,0.3,1.0,14,865.2,0
2018-03-26 07:50:00,3,24,22.3,68,5.7,1006.2,0.7,1.7,12,865.2,0
2018-03-26 07:53:00,3,24,22.3,68,5.7,1006.2,0.7,1.4,10,865.2,0
2018-03-26 07:56:00,3,24,22.2,68,5.8,1006.1,1.0,1.7,14,865.2,0
2018-03-26 07:59:00,3,24,22.2,68,5.8,1006.1,1.0,1.7,0,865.2,0
2018-03-26 08:02:00,3,24,22.2,68,5.8,1006.2,0.3,0.7,10,865.2,0
2018-03-26 08:05:00,3,24,22.1,68,5.8,1006.2,0.3,0.7,10,865.2,0
2018-03-26 08:08:00,3,24,22.1,68,6.0,1006.2,0,0.7,12,865.2,0
2018-03-26 08:11:00,3,24,22.1,68,6.0,1006.3,1.0,1.4,0,865.2,0
2018-03-26 08:14:00,3,25,22.0,68,6.1,1006.2,0.3,0.7,0,865.2,0
2018-03-26 08:17:00,3,26,21.9,68,6.1,1006.4,1.0,1.4,12,865.2,0
2018-03-26 08:20:00,3,27,21.9,68,6.2,1006.4,0.3,1.0,14,865.2,0
2018-03-26 08:23:00,3,26,22.1,68,6.2,1006.4,0.7,1.0,10,865.2,0
2018-03-26 08:26:00,3,26,22.2,68,6.3,1006.5,0.3,0.7,10,865.2,0
2018-03-26 08:29:00,3,25,22.3,68,6.3,1006.5,0.3,0.7,0,865.2,0
2018-03-26 08:32:00,3,25,22.5,68,6.4,1006.4,0.3,1.0,10,865.2,0
2018-03-26 08:35:00,3,25,22.6,68,6.4,1006.4,1.0,1.7,14,865.2,0
2018-03-26 08:38:00,3,24,22.6,68,6.4,1006.5,0.3,1.0,0,865.2,0
2018-03-26 08:41:00,3,24,22.7,68,6.4,1006.5,1.4,1.7,10,865.2,0
2018-03-26 08:44:00,3,24,22.7,68,6.5,1006.5,1.0,1.4,14,865.2,0
2018-03-26 08:47:00,3,24,22.8,69,6.5,1006.6,0,1.0,0,865.2,0
2018-03-26 08:50:00,3,24,22.9,69,6.6,1006.6,0.7,1.0,12,865.2,0
2018-03-26 08:53:00,3,23,22.9,69,6.6,1006.6,2.4,3.1,0,865.2,0
2018-03-26 08:56:00,3,25,23.0,69,6.6,1006.7,0.7,1.0,14,865.2,0
2018-03-26 08:59:00,3,25,23.0,69,6.6,1006.6,1.4,2.4,14,865.2,0
2018-03-26 09:02:00,3,24,23.0,70,6.6,1006.6,1.4,2.0,12,865.2,0
2018-03-26 09:05:00,3,24,23.0,70,6.6,1006.7,0.7,1.4,8,865.2,0
2018-03-26 09:08:00,3,24,23.0,70,6.7,1006.7,0.3,0.7,14,865.2,0
2018-03-26 09:11:00,3,24,23.0,70,6.7,1006.8,1.7,2.7,14,865.2,0
2018-03-26 09:14:00,3,24,23.1,70,6.7,1006.9,1.4,2.0,14,865.2,0
2018-03-26 09:17:00,3,24,23.1,70,6.8,1006.8,0,0.7,14,865.2,0
2018-03-26 09:20:00,3,24,23.1,70,7.0,1006.9,1.0,1.7,14,865.2,0
2018-03-26 09:23:00,3,24,23.1,70,7.0,1006.8,1.7,2.4,10,865.2,0
2018-03-26 09:26:00,3,24,23.1,70,7.1,1006.8,0.7,1.4,14,865.2,0
2018-03-26 09:29:00,3,24,23.1,70,7.1,1006.9,0.7,1.0,12,865.2,0
2018-03-26 09:32:00,3,24,23.1,70,7.1,1006.9,0.7,1.4,14,865.2,0
2018-03-26 09:35:00,3,25,23.1,70,7.1,1007.0,0.7,1.0,0,865.2,0
2018-03-26 09:38:00,3,24,23.2,70,7.0,1007.0,1.4,2.4,10,865.2,0
2018-03-26 09:41:00,3,24,23.2,70,7.0,1007.1,1.0,1.7,0,865.2,0
2018-03-26 09:44:00,3,24,23.2,71,6.9,1007.1,2.0,2.7,10,865.2,0
2018-03-26 09:47:00,3,24,23.2,71,7.0,1007.0,0.7,1.0,14,865.2,0
2018-03-26 09:50:00,3,24,23.2,71,7.0,1007.0,0.7,1.0,10,865.2,0
2018-03-26 09:53:00,3,24,23.2,72,7.0,1007.1,1.0,1.7,13,865.2,0
2018-03-26 09:56:00,3,24,23.2,72,6.9,1007.1,0.7,1.4,14,865.2,0
2018-03-26 09:59:00,3,24,23.2,72,6.9,1007.2,0.7,1.0,12,865.2,0
2018-03-26 10:02:00,3,24,23.2,72,6.8,1007.2,2.0,2.7,2,865.2,0
2018-03-26 10:05:00,3,24,23.2,72,6.8,1007.2,2.0,2.7,2,865.2,0
2018-03-26 10:08:00,3,24,23.3,74,6.6,1007.2,2.0,2.4,14,865.2,0
2018-03-26 10:11:00,3,24,23.3,74,6.5,1007.2,2.4,3.1,0,865.2,0
2018-03-26 10:14:00,3,24,23.3,75,6.4,1007.2,0.7,1.0,14,865.2,0
2018-03-26 10:17:00,3,24,23.3,75,6.4,1007.2,1.7,2.4,12,865.2,0
2018-03-26 10:20:00,3,24,23.3,76,6.4,1007.2,1.0,1.4,0,865.2,0
2018-03-26 10:23:00,3,24,23.3,77,6.4,1007.2,1.0,1.4,0,865.2,0
2018-03-26 10:26:00,3,24,23.3,77,6.4,1007.3,1.7,2.4,0,865.2,0
2018-03-26 10:29:00,3,24,23.3,77,6.4,1007.3,1.0,1.4,2,865.2,0
2018-03-26 10:32:00,3,24,23.3,78,6.6,1007.4,1.0,1.4,14,865.2,0
2018-03-26 10:35:00,3,24,23.3,79,6.8,1007.3,1.0,1.4,14,865.2,0
2018-03-26 10:38:00,3,24,23.3,78,6.7,1007.4,2.0,2.7,0,865.2,0
2018-03-26 10:41:00,3,24,23.4,78,6.7,1007.4,1.4,2.0,14,865.2,0
2018-03-26 10:44:00,3,24,23.4,78,6.6,1007.5,0.7,1.0,14,865.2,0
2018-03-26 10:47:00,3,24,23.3,78,6.7,1007.5,0,0.7,14,865.2,0
2018-03-26 10:50:00,3,24,23.1,79,6.7,1007.5,1.4,2.0,14,865.2,0
2018-03-26 10:53:00,3,24,23.1,79,6.7,1007.4,1.7,2.4,0,865.2,0
2018-03-26 10:56:00,3,25,23.0,79,6.6,1007.5,0,0.7,0,865.2,0
2018-03-26 10:59:00,3,23,22.9,79,6.6,1007.5,0.3,0.7,0,865.2,0
2018-03-26 11:02:00,3,24,22.8,79,6.6,1007.6,1.7,2.0,0,865.2,0
2018-03-26 11:05:00,3,24,22.7,79,6.6,1007.4,2.0,3.1,14,865.2,0
2018-03-26 11:08:00,3,24,22.6,79,6.6,1007.5,1.7,2.0,12,865.2,0
2018-03-26 11:11:00,3,25,22.6,79,6.5,1007.5,1.0,1.7,14,865.2,0
2018-03-26 11:14:00,3,25,22.6,79,6.5,1007.4,0,0.3,0,865.2,0
2018-03-26 11:17:00,3,25,22.5,79,6.5,1007.5,0.7,1.0,12,865.2,0
2018-03-26 11:20:00,3,25,22.5,80,6.5,1007.6,1.0,1.4,14,865.2,0
2018-03-26 11:23:00,3,25,22.4,80,6.5,1007.6,1.0,1.4,12,865.2,0
2018-03-26 11:26:00,3,26,22.3,80,6.5,1007.6,0.7,1.0,12,865.2,0
2018-03-26 11:29:00,3,25,22.3,80,6.6,1007.6,0,0.3,0,865.2,0
2018-03-26 11:32:00,3,25,22.2,79,6.6,1007.6,0.7,1.0,10,865.2,0
2018-03-26 11:35:00,3,25,22.2,79,6.7,1007.6,1.0,1.4,12,865.2,0
2018-03-26 11:38:00,3,25,22.2,79,6.8,1007.6,0.7,1.0,14,865.2,0
2018-03-26 11:41:00,3,25,22.2,78,6.8,1007.7,0.7,1.0,12,865.2,0
2018-03-26 11:44:00,3,26,22.1,77,6.8,1007.7,2.4,3.4,10,865.2,0
2018-03-26 11:47:00,3,26,22.1,76,6.7,1007.6,0.7,1.4,12,865.2,0
2018-03-26 11:50:00,3,26,22.1,75,6.7,1007.6,2.0,2.7,14,865.2,0
2018-03-26 11:53:00,3,26,22.1,75,6.6,1007.7,1.4,2.0,12,865.2,0
2018-03-26 11:56:00,3,26,22.1,75,6.6,1007.7,1.4,2.0,0,865.2,0
2018-03-26 11:59:00,3,26,22.0,75,6.6,1007.7,1.4,2.0,13,865.2,0
2018-03-26 12:02:00,3,26,22.0,75,6.6,1007.7,1.4,2.0,14,865.2,0
2018-03-26 12:05:00,3,27,21.9,75,6.6,1007.7,1.4,2.0,14,865.2,0
2018-03-26 12:08:00,3,27,21.9,73,6.7,1007.7,0.7,1.0,12,865.2,0
2018-03-26 12:11:00,3,27,21.9,73,6.8,1007.7,1.4,2.0,10,865.2,0
2018-03-26 12:14:00,3,27,21.9,72,7.0,1007.7,1.0,1.7,12,865.2,0
2018-03-26 12:17:00,3,27,21.9,71,7.2,1007.6,1.0,1.7,0,865.2,0
2018-03-26 12:20:00,3,28,21.9,70,7.4,1007.6,2.0,2.7,0,865.2,0
2018-03-26 12:23:00,3,28,21.9,64,7.5,1007.6,2.0,2.7,0,865.2,0
2018-03-26 12:26:00,3,28,21.8,63,7.8,1007.6,1.4,2.4,14,865.2,0
2018-03-26 12:29:00,3,28,21.8,63,7.9,1007.6,1.0,1.7,0,865.2,0
2018-03-26 12:32:00,3,28,21.8,63,8.0,1007.8,1.7,2.0,0,865.2,0
2018-03-26 12:35:00,3,28,21.8,62,8.0,1007.7,1.0,1.4,14,865.2,0
2018-03-26 12:38:00,3,28,21.8,62,8.1,1007.7,1.0,1.4,14,865.2,0
2018-03-26 12:41:00,3,28,21.8,62,8.1,1007.7,1.7,2.7,0,865.2,0
2018-03-26 12:44:00,3,28,21.8,62,8.0,1007.6,2.4,3.1,14,865.2,0
2018-03-26 12:47:00,3,29,21.9,61,7.9,1007.6,1.7,2.4,14,865.2,0
2018-03-26 12:50:00,3,29,21.9,61,7.9,1007.8,0.7,1.0,12,865.2,0
2018-03-26 12:53:00,3,29,21.9,61,7.8,1007.7,2.4,3.1,0,865.2,0
2018-03-26 12:56:00,3,29,21.9,61,7.9,1007.7,1.0,1.7,0,865.2,0
2018-03-26 12:59:00,3,29,21.8,61,8.0,1007.7,1.7,2.4,15,865.2,0
2018-03-26 13:02:00,3,29,21.8,61,7.9,1007.7,1.0,2.0,0,865.2,0
2018-03-26 13:05:00,3,29,21.8,61,7.8,1007.7,1.0,1.4,14,865.2,0
2018-03-26 13:08:00,3,29,21.8,61,7.6,1007.8,0.7,1.4,12,865.2,0
2018-03-26 13:11:00,3,29,21.8,61,7.6,1007.7,1.7,2.4,2,865.2,0
2018-03-26 13:14:00,3,29,21.8,61,7.6,1007.8,1.7,2.0,12,865.2,0
2018-03-26 13:17:00,3,29,21.8,60,7.6,1007.7,1.0,1.7,14,865.2,0
2018-03-26 13:20:00,3,29,21.8,60,7.7,1007.8,1.7,2.4,12,865.2,0
2018-03-26 13:23:00,3,29,21.8,60,7.9,1007.8,2.0,2.7,0,865.2,0
2018-03-26 13:26:00,3,29,21.8,61,8.3,1007.7,0,0.3,8,865.2,0
2018-03-26 13:29:00,3,29,21.8,60,9.2,1007.7,1.0,1.7,10,865.2,0
2018-03-26 13:32:00,3,29,21.8,54,9.3,1007.7,2.7,3.4,0,865.2,0
2018-03-26 13:35:00,3,30,21.8,52,9.1,1007.8,1.4,2.0,14,865.2,0
2018-03-26 13:38:00,3,30,21.9,51,9.0,1007.8,0.3,1.0,8,865.2,0
2018-03-26 13:41:00,3,29,22.1,51,9.2,1007.8,2.0,3.1,12,865.2,0
2018-03-26 13:44:00,3,29,22.3,50,9.3,1007.8,4.1,5.1,6,865.2,0
2018-03-26 13:47:00,3,28,22.4,50,9.5,1007.8,2.7,3.7,12,865.2,0
2018-03-26 13:50:00,3,28,22.6,50,9.7,1007.8,1.0,1.4,14,865.2,0
2018-03-26 13:53:00,3,28,22.7,50,9.9,1007.8,1.4,2.0,2,865.2,0
2018-03-26 13:56:00,3,28,22.7,50,10.0,1008.0,1.4,2.4,14,865.2,0
2018-03-26 13:59:00,3,28,22.9,50,9.9,1007.9,1.0,1.4,14,865.2,0
2018-03-26 14:02:00,3,29,23.0,50,9.8,1008.0,1.0,1.7,12,865.2,0
2018-03-26 14:05:00,3,29,23.0,50,9.8,1008.1,1.0,1.7,12,865.2,0
2018-03-26 14:08:00,3,28,23.1,50,10.3,1007.9,1.4,2.0,12,865.2,0
2018-03-26 14:11:00,3,28,23.1,48,10.6,1008.0,1.4,1.7,10,865.2,0
2018-03-26 14:14:00,3,28,23.0,48,10.8,1008.1,1.0,1.4,14,865.2,0
2018-03-26 14:17:00,3,28,23.0,48,10.6,1008.0,1.7,2.0,0,865.2,0
2018-03-26 14:20:00,3,28,23.0,49,10.4,1008.0,2.0,2.4,14,865.2,0
2018-03-26 14:23:00,3,28,22.9,50,10.3,1008.0,2.4,3.4,0,865.2,0
2018-03-26 14:26:00,3,28,22.9,50,9.9,1008.0,3.1,3.7,0,865.2,0
2018-03-26 14:29:00,3,28,22.9,50,9.8,1008.1,0.7,1.4,14,865.2,0
2018-03-26 14:32:00,3,28,22.8,49,9.7,1008.1,2.0,2.7,2,865.2,0
2018-03-26 14:35:00,3,28,22.7,47,9.3,1008.1,2.0,2.7,2,865.2,0
2018-03-26 14:38:00,3,28,22.7,48,9.0,1008.1,1.0,1.4,0,865.2,0
2018-03-26 14:41:00,3,28,22.7,49,9.1,1008.1,1.7,2.4,2,865.2,0
2018-03-26 14:44:00,3,28,22.7,48,9.0,1008.0,1.4,1.7,2,865.2,0
2018-03-26 14:47:00,3,28,22.7,49,9.0,1008.0,0.7,1.0,14,865.2,0
2018-03-26 14:50:00,3,28,22.7,49,9.0,1008.0,1.0,1.4,14,865.2,0
2018-03-26 14:53:00,3,28,22.6,50,9.0,1008.1,0.3,0.7,12,865.2,0
2018-03-26 14:56:00,3,28,22.6,50,9.1,1008.1,1.7,2.4,2,865.2,0
2018-03-26 14:59:00,3,28,22.6,49,9.0,1007.9,1.4,2.0,0,865.2,0
2018-03-26 15:02:00,3,28,22.6,49,8.9,1007.9,1.4,2.0,12,865.2,0
2018-03-26 15:05:00,3,28,22.6,49,8.8,1007.9,0.7,1.4,14,865.2,0
2018-03-26 15:08:00,3,28,22.5,50,8.8,1007.9,0.3,1.0,14,865.2,0
2018-03-26 15:11:00,3,28,22.5,50,9.0,1007.9,1.0,1.4,15,865.2,0
2018-03-26 15:14:00,3,28,22.5,49,9.1,1007.9,1.0,1.7,14,865.2,0
2018-03-26 15:17:00,3,28,22.5,49,9.2,1007.9,3.1,3.7,12,865.2,0
2018-03-26 15:20:00,3,28,22.4,50,9.6,1008.0,0.7,1.0,0,865.2,0
2018-03-26 15:23:00,3,28,22.4,50,9.9,1007.9,0.7,1.0,0,865.2,0
2018-03-26 15:26:00,3,28,22.3,49,9.8,1007.9,2.0,3.1,10,865.2,0
2018-03-26 15:29:00,3,28,22.3,49,9.7,1008.0,1.4,1.7,12,865.2,0
2018-03-26 15:32:00,3,28,22.3,49,9.8,1008.1,1.4,2.4,12,865.2,0
2018-03-26 15:35:00,3,28,22.3,48,9.9,1008.1,2.7,4.1,0,865.2,0
2018-03-26 15:38:00,3,28,22.3,50,10.0,1008.0,0.7,2.0,13,865.2,0
2018-03-26 15:41:00,3,28,22.3,48,10.2,1008.2,1.4,2.0,10,865.2,0
2018-03-26 15:44:00,3,28,22.3,47,10.1,1008.0,2.4,3.4,0,865.2,0
2018-03-26 15:47:00,3,28,22.3,48,9.9,1008.1,1.0,1.4,14,865.2,0
2018-03-26 15:50:00,3,28,22.3,48,10.0,1008.1,1.0,1.7,13,865.2,0
2018-03-26 15:53:00,3,28,22.3,48,9.8,1008.1,1.7,2.4,14,865.2,0
2018-03-26 15:56:00,3,28,22.3,49,9.7,1008.1,1.0,1.7,14,865.2,0
2018-03-26 15:59:00,3,28,22.3,50,9.5,1008.1,1.4,1.7,0,865.2,0
2018-03-26 16:02:00,3,28,22.3,50,9.4,1008.2,0.7,1.0,14,865.2,0
2018-03-26 16:05:00,3,28,22.3,50,9.4,1008.1,0.7,1.0,14,865.2,0
2018-03-26 16:08:00,3,28,22.3,51,8.7,1008.2,1.7,2.4,14,865.2,0
2018-03-26 16:11:00,3,28,22.3,51,8.5,1008.2,1.7,2.0,0,865.2,0
2018-03-26 16:14:00,3,28,22.3,52,8.4,1008.2,1.4,2.0,14,865.2,0
2018-03-26 16:17:00,3,28,22.3,52,8.3,1008.2,2.4,3.4,0,865.2,0
2018-03-26 16:20:00,3,28,22.3,53,8.2,1008.2,3.1,4.8,14,865.2,0
2018-03-26 16:23:00,3,28,22.3,53,8.1,1008.3,1.4,2.4,0,865.2,0
2018-03-26 16:26:00,3,28,22.3,54,8.0,1008.2,1.4,2.0,14,865.2,0
2018-03-26 16:29:00,3,28,22.3,54,7.9,1008.3,2.4,3.1,14,865.2,0
2018-03-26 16:32:00,3,28,22.3,54,7.8,1008.3,0.3,1.0,12,865.2,0
2018-03-26 16:35:00,3,28,22.3,54,7.7,1008.4,0.7,1.0,14,865.2,0
2018-03-26 16:38:00,3,28,22.3,55,7.6,1008.5,1.0,1.4,0,865.2,0
2018-03-26 16:41:00,3,28,22.3,55,7.5,1008.5,0.7,1.0,2,865.2,0
2018-03-26 16:44:00,3,28,22.3,61,7.3,1008.5,2.4,2.7,0,865.2,0
2018-03-26 16:47:00,3,28,22.2,61,7.1,1008.5,2.0,2.4,15,865.2,0
2018-03-26 16:50:00,3,28,22.3,61,7.0,1008.5,2.0,3.1,2,865.2,0
2018-03-26 16:53:00,3,28,22.3,61,6.9,1008.5,1.7,3.1,0,865.2,0
2018-03-26 16:56:00,3,28,22.3,61,6.7,1008.6,3.1,4.1,14,865.2,0
2018-03-26 16:59:00,3,28,22.2,61,6.6,1008.6,1.4,2.4,0,865.2,0
2018-03-26 17:02:00,3,28,22.3,62,6.5,1008.6,1.0,1.4,14,865.2,0
2018-03-26 17:05:00,3,28,22.2,62,6.4,1008.6,1.7,2.7,10,865.2,0
2018-03-26 17:08:00,3,28,22.2,62,6.3,1008.6,1.0,2.0,0,865.2,0
2018-03-26 17:11:00,3,28,22.2,62,6.2,1008.6,2.4,3.4,0,865.2,0
2018-03-26 17:14:00,3,28,22.2,62,6.1,1008.6,1.0,2.0,15,865.2,0
2018-03-26 17:17:00,3,28,22.2,63,6.0,1008.7,1.7,2.0,0,865.2,0
2018-03-26 17:20:00,3,28,22.2,63,5.9,1008.7,2.0,3.1,2,865.2,0
2018-03-26 17:23:00,3,28,22.2,63,5.8,1008.6,0.7,1.4,14,865.2,0
2018-03-26 17:26:00,3,28,22.2,63,5.7,1008.8,1.4,2.0,0,865.2,0
2018-03-26 17:29:00,3,28,22.2,63,5.6,1008.7,1.4,1.7,12,865.2,0
2018-03-26 17:32:00,3,28,22.2,63,5.5,1008.8,1.0,1.7,2,865.2,0
2018-03-26 17:35:00,3,28,22.2,63,5.5,1008.8,0.7,1.4,14,865.2,0
2018-03-26 17:38:00,3,28,22.2,63,5.4,1008.8,0.7,1.0,14,865.2,0
2018-03-26 17:41:00,3,28,22.2,64,5.3,1008.9,0.7,1.0,14,865.2,0
2018-03-26 17:44:00,3,28,22.2,64,5.2,1009.0,1.0,1.4,0,865.2,0
2018-03-26 17:47:00,3,28,22.2,64,5.2,1008.9,1.0,1.7,14,865.2,0
2018-03-26 17:50:00,3,28,22.2,65,5.1,1009.0,1.0,1.4,0,865.2,0
2018-03-26 17:53:00,3,28,22.2,65,5.0,1009.0,1.0,1.7,14,865.2,0
2018-03-26 17:56:00,3,28,22.2,65,4.9,1009.0,1.0,1.7,14,865.2,0
2018-03-26 17:59:00,3,28,22.2,65,4.8,1009.0,1.0,2.0,14,865.2,0
2018-03-26 18:02:00,3,28,22.2,65,4.8,1009.1,0.7,1.0,12,865.2,0
2018-03-26 18:05:00,3,28,22.2,65,4.8,1009.0,0.7,1.0,12,865.2,0
2018-03-26 18:08:00,3,28,22.2,66,4.6,1009.2,1.0,1.4,0,865.2,0
2018-03-26 18:11:00,3,28,22.2,66,4.5,1009.2,0.7,1.0,14,865.2,0
2018-03-26 18:14:00,3,28,22.2,66,4.5,1009.3,0.7,1.4,0,865.2,0
2018-03-26 18:17:00,3,28,22.2,66,4.4,1009.4,0.7,1.4,13,865.2,0
2018-03-26 18:20:00,3,28,22.2,67,4.3,1009.4,0.7,1.4,15,865.2,0
2018-03-26 18:23:00,3,28,22.2,67,4.3,1009.4,1.4,2.0,14,865.2,0
2018-03-26 18:26:00,3,28,22.2,67,4.2,1009.4,0.3,0.7,14,865.2,0
2018-03-26 18:29:00,3,28,22.2,67,4.1,1009.5,0.3,0.7,14,865.2,0
2018-03-26 18:32:00,3,28,22.2,68,4.0,1009.5,0.3,1.0,14,865.2,0
2018-03-26 18:35:00,3,28,22.2,68,4.0,1009.6,1.0,1.4,14,865.2,0
2018-03-26 18:38:00,3,28,22.2,68,3.9,1009.6,0.7,1.0,13,865.2,0
2018-03-26 18:41:00,3,28,22.2,68,3.9,1009.6,0.7,1.0,12,865.2,0
2018-03-26 18:44:00,3,28,22.2,69,3.9,1009.6,0,0.3,14,865.2,0
2018-03-26 18:47:00,3,28,22.2,69,3.8,1009.6,0.7,1.0,14,865.2,0
2018-03-26 18:50:00,3,28,22.2,69,3.7,1009.6,1.0,1.4,14,865.2,0
2018-03-26 18:53:00,3,28,22.2,69,3.7,1009.7,0.3,0.7,0,865.2,0
2018-03-26 18:56:00,3,28,22.2,69,3.7,1009.7,0.7,1.0,14,865.2,0
2018-03-26 18:59:00,3,28,22.2,70,3.6,1009.8,0.3,1.0,12,865.2,0
2018-03-26 19:02:00,3,28,22.2,70,3.6,1009.7,0.3,1.0,14,865.2,0
2018-03-26 19:05:00,3,28,22.2,70,3.6,1009.9,1.7,2.4,0,865.2,0
2018-03-26 19:08:00,3,28,22.2,70,3.5,1009.8,0.7,1.0,12,865.2,0
2018-03-26 19:11:00,3,28,22.2,70,3.5,1009.8,1.7,2.7,12,865.2,0
2018-03-26 19:14:00,3,28,22.2,70,3.5,1009.9,1.0,1.7,14,865.2,0
2018-03-26 19:17:00,3,28,22.2,70,3.5,1009.8,0.7,1.4,14,865.2,0
2018-03-26 19:20:00,3,28,22.2,70,3.5,1009.9,0.7,1.0,10,865.2,0
2018-03-26 19:23:00,3,28,22.2,70,3.5,1010.0,0,0.3,14,865.2,0
2018-03-26 19:26:00,3,28,22.2,70,3.5,1009.8,0.7,1.0,12,865.2,0
2018-03-26 19:29:00,3,28,22.2,70,3.5,1009.9,1.0,1.4,0,865.2,0
2018-03-26 19:32:00,3,28,22.2,70,3.5,1009.8,0,0.3,12,865.2,0
2018-03-26 19:35:00,3,28,22.2,70,3.5,1009.9,1.0,2.0,14,865.2,0
2018-03-26 19:38:00,3,28,22.2,70,3.5,1010.0,1.0,1.7,14,865.2,0
2018-03-26 19:41:00,3,28,22.2,70,3.5,1010.0,1.0,2.0,14,865.2,0
2018-03-26 19:44:00,3,28,22.2,70,3.5,1010.1,1.0,1.4,12,865.2,0
2018-03-26 19:47:00,3,28,22.2,70,3.5,1010.1,0.7,1.0,12,865.2,0
2018-03-26 19:50:00,3,28,22.2,70,3.5,1010.0,1.0,1.4,0,865.2,0
2018-03-26 19:53:00,3,28,22.2,70,3.5,1010.1,1.0,1.7,0,865.2,0
2018-03-26 19:56:00,3,28,22.2,70,3.4,1010.1,1.0,2.4,0,865.2,0
2018-03-26 19:59:00,3,28,22.2,70,3.4,1010.1,2.0,2.4,12,865.2,0
2018-03-26 20:02:00,3,28,22.2,70,3.4,1010.1,0.7,1.0,0,865.2,0
2018-03-26 20:05:00,3,28,22.2,70,3.4,1010.2,0.7,1.0,0,865.2,0
2018-03-26 20:08:00,3,28,22.2,70,3.3,1010.2,0.3,0.7,0,865.2,0
2018-03-26 20:11:00,3,28,22.2,70,3.3,1010.2,1.4,1.7,14,865.2,0
2018-03-26 20:14:00,3,28,22.2,70,3.3,1010.1,0.3,0.7,12,865.2,0
2018-03-26 20:17:00,3,28,22.2,70,3.3,1010.1,0.7,1.0,14,865.2,0
2018-03-26 20:20:00,3,28,22.1,70,3.2,1010.2,0.7,1.0,0,865.2,0
2018-03-26 20:23:00,3,28,22.1,70,3.2,1010.3,1.4,1.7,14,865.2,0
2018-03-26 20:26:00,3,28,22.1,70,3.2,1010.2,1.0,1.4,14,865.2,0
2018-03-26 20:29:00,3,28,22.1,70,3.2,1010.1,1.0,1.4,0,865.2,0
2018-03-26 20:32:00,3,28,22.1,70,3.2,1010.1,1.0,1.4,0,865.2,0
2018-03-26 20:35:00,3,28,22.1,70,3.2,1010.1,1.0,1.4,14,865.2,0
2018-03-26 20:38:00,3,28,22.1,70,3.2,1010.2,0.7,1.0,14,865.2,0
2018-03-26 20:41:00,3,28,22.1,70,3.2,1010.2,1.0,1.4,12,865.2,0
2018-03-26 20:44:00,3,28,22.1,70,3.2,1010.2,0.7,1.0,0,865.2,0
2018-03-26 20:47:00,3,28,22.1,70,3.2,1010.3,0.3,0.7,14,865.2,0
2018-03-26 20:50:00,3,28,22.1,70,3.2,1010.3,0.7,1.0,0,865.2,0
2018-03-26 20:53:00,3,28,22.0,70,3.1,1010.2,1.0,1.4,0,865.2,0
2018-03-26 20:56:00,3,28,22.0,70,3.1,1010.2,0.7,1.0,0,865.2,0
2018-03-26 20:59:00,3,28,22.0,70,3.1,1010.3,0.3,0.7,12,865.2,0
2018-03-26 21:02:00,3,29,21.9,70,3.1,1010.3,0.3,0.7,0,865.2,0
2018-03-26 21:05:00,3,29,21.9,70,3.0,1010.2,0,0,12,865.2,0
2018-03-26 21:08:00,3,29,21.9,70,3.0,1010.2,0.3,0.7,12,865.2,0
2018-03-26 21:11:00,3,29,21.9,70,3.0,1010.2,0.3,0.7,1,865.2,0
2018-03-26 21:14:00,3,29,21.9,70,3.0,1010.1,0,0,12,865.2,0
2018-03-26 21:17:00,3,29,21.9,70,3.0,1010.3,0,0,12,865.2,0
2018-03-26 21:20:00,3,29,21.9,70,2.9,1010.2,0,0,14,865.2,0
2018-03-26 21:23:00,3,29,21.9,70,2.9,1010.2,0,0,14,865.2,0
2018-03-26 21:26:00,3,29,21.9,70,2.8,1010.3,0,0,11,865.2,0
2018-03-26 21:29:00,3,29,21.9,70,2.8,1010.2,0.3,0.7,14,865.2,0
2018-03-26 21:32:00,3,29,21.8,71,2.8,1010.2,0,0.3,14,865.2,0
2018-03-26 21:35:00,3,29,21.8,71,2.8,1010.2,0.3,0.7,14,865.2,0
2018-03-26 21:38:00,3,29,21.8,71,2.8,1010.2,0.3,0.7,14,865.2,0
2018-03-26 21:41:00,3,29,21.8,71,2.7,1010.2,0,0.7,12,865.2,0
2018-03-26 21:44:00,3,29,21.8,71,2.7,1010.3,0.7,1.0,13,865.2,0
2018-03-26 21:47:00,3,29,21.8,71,2.7,1010.2,0,0.3,13,865.2,0
2018-03-26 21:50:00,3,29,21.8,71,2.7,1010.3,0.3,0.7,14,865.2,0
2018-03-26 21:53:00,3,29,21.7,72,2.7,1010.3,0,0.3,14,865.2,0
2018-03-26 21:56:00,3,29,21.7,72,2.7,1010.2,0.3,0.7,14,865.2,0
2018-03-26 21:59:00,3,29,21.7,72,2.7,1010.1,0.3,0.7,12,865.2,0
