2018-03-03 00:01:08,3,20,17.9,50,-8.7,1000.6,0.3,0.7,2,827.7,0
2018-03-03 00:04:08,3,20,17.9,50,-8.8,1000.6,0.7,1.4,0,827.7,0
2018-03-03 00:07:08,3,20,17.8,50,-8.8,1000.5,0.7,1.0,0,827.7,0
2018-03-03 00:10:08,3,20,17.7,50,-8.9,1000.6,0,0.3,14,827.7,0
2018-03-03 00:13:08,3,20,17.7,50,-8.9,1000.5,0,0.3,4,827.7,0
2018-03-03 00:16:08,3,20,17.7,50,-8.9,1000.7,1.4,1.7,5,827.7,0
2018-03-03 00:19:08,3,20,17.7,50,-8.9,1000.6,0,0.3,2,827.7,0
2018-03-03 00:22:08,3,20,17.7,50,-9.0,1000.7,0.3,0.7,4,827.7,0
2018-03-03 00:25:08,3,20,17.7,50,-9.0,1000.6,0.3,0.7,2,827.7,0
2018-03-03 00:28:08,3,20,17.7,50,-9.0,1000.6,0.7,1.0,5,827.7,0
2018-03-03 00:31:08,3,20,17.6,50,-9.1,1000.6,0.3,0.7,2,827.7,0
2018-03-03 00:34:08,3,20,17.6,50,-9.1,1000.6,0.3,0.7,0,827.7,0
2018-03-03 00:37:08,3,20,17.6,50,-9.1,1000.6,0.3,0.3,2,827.7,0
2018-03-03 00:40:08,3,20,17.6,50,-9.1,1000.6,0.3,0.7,0,827.7,0
2018-03-03 00:43:08,3,20,17.6,50,-9.2,1000.6,0.3,1.0,4,827.7,0
2018-03-03 00:46:08,3,20,17.6,50,-9.3,1000.7,0,0.3,14,827.7,0
2018-03-03 00:49:08,3,20,17.6,50,-9.3,1000.6,0.3,0.7,0,827.7,0
2018-03-03 00:52:08,3,20,17.5,50,-9.3,1000.7,0.3,0.7,2,827.7,0
2018-03-03 00:55:08,3,20,17.5,50,-9.4,1000.7,1.4,2.0,4,827.7,0
2018-03-03 00:58:08,3,20,17.5,51,-9.4,1000.7,0.3,0.7,4,827.7,0
2018-03-03 01:01:08,3,19,17.5,51,-9.4,1000.7,0,0.7,0,827.7,0
2018-03-03 01:04:08,3,19,17.5,51,-9.4,1000.8,0,0.7,0,827.7,0
2018-03-03 01:07:08,3,19,17.4,51,-9.4,1000.8,0,0.7,0,827.7,0
2018-03-03 01:10:08,3,19,17.4,51,-9.6,1000.8,0,0.7,0,827.7,0
2018-03-03 01:13:08,3,20,17.4,51,-9.6,1000.8,0.3,0.7,2,827.7,0
2018-03-03 01:16:08,3,20,17.4,51,-9.7,1000.9,0,0.3,0,827.7,0
2018-03-03 01:19:08,3,20,17.4,51,-9.8,1000.7,0.3,0.7,4,827.7,0
2018-03-03 01:22:08,3,20,17.4,51,-9.7,1000.8,0.3,0.7,2,827.7,0
2018-03-03 01:25:08,3,20,17.4,51,-9.7,1000.8,0.7,1.0,14,827.7,0
2018-03-03 01:28:08,3,20,17.4,51,-9.7,1000.7,0.3,0.7,0,827.7,0
2018-03-03 01:31:08,3,20,17.4,51,-9.8,1000.7,0.7,1.0,2,827.7,0
2018-03-03 01:34:08,3,20,17.4,51,-9.8,1000.7,0.3,0.7,0,827.7,0
2018-03-03 01:37:08,3,20,17.3,52,-9.8,1000.7,0.3,1.0,0,827.7,0
2018-03-03 01:40:08,3,20,17.3,52,-9.8,1000.7,0.7,1.0,2,827.7,0
2018-03-03 01:43:08,3,19,17.3,52,-9.8,1000.8,0.7,1.0,2,827.7,0
2018-03-03 01:46:08,3,19,17.3,52,-9.8,1000.7,0.7,1.4,1,827.7,0
2018-03-03 01:49:08,3,19,17.3,52,-9.7,1000.6,0.3,1.0,1,827.7,0
2018-03-03 01:52:08,3,19,17.3,52,-9.8,1000.7,0.7,1.0,2,827.7,0
2018-03-03 01:55:08,3,19,17.3,52,-9.9,1000.6,0.7,1.0,4,827.7,0
2018-03-03 01:58:08,3,19,17.3,52,-9.9,1000.6,0.3,0.7,0,827.7,0
2018-03-03 02:01:08,3,19,17.2,52,-10.0,1000.5,1.0,1.4,1,827.7,0
2018-03-03 02:04:08,3,19,17.2,52,-10.0,1000.4,1.0,1.7,0,827.7,0
2018-03-03 02:07:08,3,19,17.2,52,-10.0,1000.5,1.0,1.4,0,827.7,0
2018-03-03 02:10:08,3,19,17.2,52,-10.0,1000.4,0.7,1.0,4,827.7,0
2018-03-03 02:13:08,3,19,17.2,52,-10.0,1000.4,0.7,1.0,4,827.7,0
2018-03-03 02:16:08,3,19,17.2,52,-10.0,1000.5,0,0.7,0,827.7,0
2018-03-03 02:19:08,3,19,17.2,52,-10.1,1000.5,0.7,1.0,0,827.7,0
2018-03-03 02:22:08,3,19,17.2,52,-10.1,1000.5,0.7,1.0,0,827.7,0
2018-03-03 02:25:08,3,19,17.2,52,-10.1,1000.4,0.3,0.7,0,827.7,0
2018-03-03 02:28:08,3,19,17.2,52,-10.1,1000.4,0.3,0.7,0,827.7,0
2018-03-03 02:31:08,3,19,17.1,52,-10.1,1000.4,0.7,1.0,0,827.7,0
2018-03-03 02:34:08,3,19,17.1,52,-10.2,1000.4,0.7,1.0,0,827.7,0
2018-03-03 02:37:08,3,19,17.1,52,-10.2,1000.4,1.4,1.7,0,827.7,0
2018-03-03 02:40:08,3,19,17.1,52,-10.3,1000.4,0.7,1.4,0,827.7,0
2018-03-03 02:43:08,3,19,17.1,52,-10.3,1000.6,0.7,1.0,0,827.7,0
2018-03-03 02:46:08,3,19,17.1,52,-10.3,1000.4,0.7,1.0,0,827.7,0
2018-03-03 02:49:08,3,19,17.1,52,-10.3,1000.4,1.4,1.7,0,827.7,0
2018-03-03 02:52:08,3,19,17.1,52,-10.4,1000.5,1.7,2.4,4,827.7,0
2018-03-03 02:55:08,3,20,17.0,52,-10.4,1000.4,0.3,0.7,2,827.7,0
2018-03-03 02:58:08,3,20,17.1,52,-10.4,1000.5,0,0.3,0,827.7,0
2018-03-03 03:01:08,3,20,17.1,52,-10.4,1000.4,0,0.3,0,827.7,0
2018-03-03 03:04:08,3,20,17.0,52,-10.4,1000.3,0,0.3,0,827.7,0
2018-03-03 03:07:08,3,20,17.0,52,-10.4,1000.4,0,0.3,0,827.7,0
2018-03-03 03:10:08,3,20,17.0,52,-10.6,1000.3,0.7,1.0,2,827.7,0
2018-03-03 03:13:08,3,20,17.0,52,-10.6,1000.3,0.7,1.4,0,827.7,0
2018-03-03 03:16:08,3,20,17.0,53,-10.6,1000.4,0.3,1.4,0,827.7,0
2018-03-03 03:19:08,3,20,17.0,53,-10.7,1000.3,0,0.3,14,827.7,0
2018-03-03 03:22:08,3,20,17.0,53,-10.8,1000.3,0.3,0.7,0,827.7,0
2018-03-03 03:25:08,3,20,17.0,52,-10.8,1000.3,0,0,0,827.7,0
2018-03-03 03:28:08,3,20,17.0,52,-10.9,1000.3,0,0.3,0,827.7,0
2018-03-03 03:31:08,3,20,17.0,52,-11.0,1000.3,0.7,1.0,0,827.7,0
2018-03-03 03:34:08,3,20,17.0,53,-11.0,1000.2,0.7,1.0,2,827.7,0
2018-03-03 03:37:08,3,20,16.9,53,-11.0,1000.2,0.3,0.7,0,827.7,0
2018-03-03 03:40:08,3,20,16.9,53,-11.1,1000.3,0.3,0.7,0,827.7,0
2018-03-03 03:43:08,3,20,16.9,53,-11.1,1000.3,0.3,0.7,0,827.7,0
2018-03-03 03:46:08,3,20,16.9,53,-11.2,1000.3,0.3,0.7,0,827.7,0
2018-03-03 03:49:08,3,21,16.9,53,-11.2,1000.2,0,0.3,0,827.7,0
2018-03-03 03:52:08,3,21,16.9,53,-11.3,1000.3,0,0,0,827.7,0
2018-03-03 03:55:08,3,21,16.9,53,-11.4,1000.3,0,0,0,827.7,0
2018-03-03 03:58:08,3,21,16.9,53,-11.5,1000.3,0,0.3,12,827.7,0
2018-03-03 04:01:08,3,20,16.8,53,-11.5,1000.4,0,0,12,827.7,0
2018-03-03 04:04:08,3,20,16.8,53,-11.5,1000.3,0,0,12,827.7,0
2018-03-03 04:07:08,3,20,16.8,53,-11.6,1000.4,0,0,12,827.7,0
2018-03-03 04:10:08,3,20,16.8,53,-11.7,1000.3,0,0,2,827.7,0
2018-03-03 04:13:08,3,21,16.8,53,-11.7,1000.4,0,0,2,827.7,0
2018-03-03 04:16:08,3,21,16.8,53,-11.8,1000.4,0,0,2,827.7,0
2018-03-03 04:19:08,3,21,16.8,53,-11.8,1000.3,0,0,0,827.7,0
2018-03-03 04:22:08,3,21,16.8,53,-11.8,1000.4,0.3,0.7,0,827.7,0
2018-03-03 04:25:08,3,21,16.8,54,-11.8,1000.2,0.3,0.7,0,827.7,0
2018-03-03 04:28:08,3,21,16.8,54,-11.8,1000.3,0.3,0.7,0,827.7,0
2018-03-03 04:31:08,3,21,16.8,54,-11.8,1000.4,0,0.3,0,827.7,0
2018-03-03 04:34:08,3,21,16.8,55,-11.8,1000.2,0,0,0,827.7,0
2018-03-03 04:37:08,3,21,16.8,55,-11.8,1000.3,0,0.7,0,827.7,0
2018-03-03 04:40:08,3,21,16.8,55,-11.9,1000.4,0,0.3,14,827.7,0
2018-03-03 04:43:08,3,21,16.8,55,-11.9,1000.4,0,0,0,827.7,0
2018-03-03 04:46:08,3,20,16.7,55,-12.0,1000.2,0.3,0.7,0,827.7,0
2018-03-03 04:49:08,3,20,16.7,55,-12.0,1000.2,0.3,0.7,0,827.7,0
2018-03-03 04:52:08,3,20,16.7,55,-11.9,1000.2,0,0.3,14,827.7,0
2018-03-03 04:55:08,3,20,16.7,56,-11.9,1000.2,0,0,0,827.7,0
2018-03-03 04:58:08,3,20,16.7,56,-11.9,1000.3,0,0,0,827.7,0
2018-03-03 05:01:08,3,20,16.7,56,-11.9,1000.3,0.3,0.7,0,827.7,0
2018-03-03 05:04:08,3,20,16.7,56,-11.9,1000.3,0.3,0.7,0,827.7,0
2018-03-03 05:07:08,3,21,16.8,56,-11.9,1000.1,0.3,0.7,0,827.7,0
2018-03-03 05:10:08,3,21,16.8,56,-11.8,1000.3,0.3,0.7,2,827.7,0
2018-03-03 05:13:08,3,21,16.8,56,-11.8,1000.2,0.3,0.7,0,827.7,0
2018-03-03 05:16:08,3,20,16.8,56,-11.8,1000.2,0,0,0,827.7,0
2018-03-03 05:19:08,3,20,16.9,56,-11.8,1000.3,0,0.3,0,827.7,0
2018-03-03 05:22:08,3,20,16.9,56,-11.9,1000.2,0.7,1.0,0,827.7,0
2018-03-03 05:25:08,3,21,16.9,56,-11.9,1000.2,0.3,0.7,0,827.7,0
2018-03-03 05:28:08,3,20,17.0,57,-11.9,1000.2,0.3,0.3,0,827.7,0
2018-03-03 05:31:08,3,20,17.0,57,-11.9,1000.1,0.7,1.0,0,827.7,0
2018-03-03 05:34:08,3,20,17.1,57,-11.9,1000.2,0,0.3,0,827.7,0
2018-03-03 05:37:08,3,20,17.1,57,-11.9,1000.2,0.3,0.7,0,827.7,0
2018-03-03 05:40:08,3,22,17.1,57,-12.0,1000.4,0.3,0.7,0,827.7,0
2018-03-03 05:43:08,3,20,17.2,57,-12.0,1000.2,0.7,1.0,0,827.7,0
2018-03-03 05:46:08,3,20,17.2,57,-12.0,1000.4,0.3,0.7,0,827.7,0
2018-03-03 05:49:08,3,20,17.2,57,-12.0,1000.3,0.3,1.0,0,827.7,0
2018-03-03 05:52:08,3,19,17.3,58,-12.0,1000.4,0,0.3,0,827.7,0
2018-03-03 05:55:08,3,19,17.3,58,-12.0,1000.4,0.3,0.7,0,827.7,0
2018-03-03 05:58:08,3,19,17.3,58,-12.0,1000.4,0.3,0.7,0,827.7,0
2018-03-03 06:01:08,3,20,17.4,58,-12.0,1000.4,0.3,0.7,0,827.7,0
2018-03-03 06:04:08,3,20,17.4,58,-12.0,1000.4,0.7,1.0,0,827.7,0
2018-03-03 06:07:08,3,20,17.4,58,-11.9,1000.4,0.3,0.7,0,827.7,0
2018-03-03 06:10:08,3,20,17.4,59,-11.9,1000.3,0.3,0.7,0,827.7,0
2018-03-03 06:13:08,3,20,17.5,59,-11.9,1000.2,0.3,0.7,0,827.7,0
2018-03-03 06:16:08,3,20,17.5,59,-11.9,1000.3,0.3,1.0,0,827.7,0
2018-03-03 06:19:08,3,20,17.5,59,-11.8,1000.2,0.3,0.7,0,827.7,0
2018-03-03 06:22:08,3,20,17.5,59,-11.8,1000.3,0.3,0.7,2,827.7,0
2018-03-03 06:25:08,3,19,17.5,59,-11.7,1000.3,0.3,0.7,1,827.7,0
2018-03-03 06:28:08,3,19,17.5,60,-11.6,1000.3,0.3,0.7,0,827.7,0
2018-03-03 06:31:08,3,20,17.5,60,-11.6,1000.3,1.7,1.7,2,827.7,0
2018-03-03 06:34:08,3,20,17.6,60,-11.3,1000.3,0.3,0.7,2,827.7,0
2018-03-03 06:37:08,3,20,17.6,60,-11.2,1000.3,0.7,1.0,1,827.7,0
2018-03-03 06:40:08,3,20,17.7,60,-11.1,1000.2,0.7,1.0,14,827.7,0
2018-03-03 06:43:08,3,20,17.7,60,-10.9,1000.2,0.7,1.0,2,827.7,0
2018-03-03 06:46:08,3,20,17.7,60,-10.8,1000.3,1.0,1.7,14,827.7,0
2018-03-03 06:49:08,3,20,17.7,59,-10.7,1000.2,0.7,1.0,1,827.7,0
2018-03-03 06:52:08,3,20,17.7,59,-10.5,1000.3,1.7,2.0,0,827.7,0
2018-03-03 06:55:08,3,20,17.8,58,-10.3,1000.3,0.7,1.0,2,827.7,0
2018-03-03 06:58:08,3,20,17.9,58,-10.0,1000.4,1.4,2.0,0,827.7,0
2018-03-03 07:01:08,3,22,18.0,57,-9.9,1000.3,1.4,1.7,2,827.7,0
2018-03-03 07:04:08,3,22,18.2,57,-9.9,1000.3,1.4,1.7,2,827.7,0
2018-03-03 07:07:08,3,22,18.4,57,-9.9,1000.3,1.4,1.7,2,827.7,0
2018-03-03 07:10:08,3,22,18.6,55,-9.4,1000.4,0.3,0.7,14,827.7,0
2018-03-03 07:13:08,3,22,18.9,55,-9.1,1000.5,0.3,0.7,2,827.7,0
2018-03-03 07:16:08,3,21,19.1,55,-8.8,1000.7,1.0,1.4,0,827.7,0
2018-03-03 07:19:08,3,21,19.4,54,-8.7,1000.7,0.7,1.0,2,827.7,0
2018-03-03 07:22:08,3,21,19.6,53,-8.3,1000.7,1.4,1.7,6,827.7,0
2018-03-03 07:25:08,3,21,19.7,53,-8.1,1000.7,0.7,1.4,2,827.7,0
2018-03-03 07:28:08,3,21,19.8,52,-8.0,1000.7,0.7,1.4,2,827.7,0
2018-03-03 07:31:08,3,21,19.9,51,-8.0,1000.7,1.0,1.4,6,827.7,0
2018-03-03 07:34:08,3,20,20.1,51,-8.0,1000.8,2.4,3.1,2,827.7,0
2018-03-03 07:37:08,3,20,20.1,51,-8.0,1000.8,0.3,0.7,0,827.7,0
2018-03-03 07:40:08,3,20,20.3,50,-7.9,1000.8,2.0,2.7,6,827.7,0
2018-03-03 07:43:08,3,20,20.3,50,-7.7,1000.8,1.0,1.7,2,827.7,0
2018-03-03 07:46:08,3,20,20.4,50,-7.6,1000.8,1.4,1.7,4,827.7,0
2018-03-03 07:49:08,3,19,20.4,50,-7.5,1000.8,3.4,4.1,0,827.7,0
2018-03-03 07:52:08,3,20,20.5,50,-7.6,1000.8,0.3,1.0,4,827.7,0
2018-03-03 07:55:08,3,20,20.6,50,-7.3,1000.8,0.7,1.0,6,827.7,0
2018-03-03 07:58:08,3,20,20.6,50,-7.2,1000.8,1.0,1.4,6,827.7,0
2018-03-03 08:01:08,3,19,20.6,49,-7.1,1000.8,1.4,2.0,0,827.7,0
2018-03-03 08:04:08,3,20,20.7,48,-7.2,1000.8,1.0,1.4,0,827.7,0
2018-03-03 08:07:08,3,20,20.7,48,-7.3,1000.9,1.4,1.7,4,827.7,0
2018-03-03 08:10:08,3,20,20.7,47,-7.3,1000.9,2.4,3.4,4,827.7,0
2018-03-03 08:13:08,3,20,20.8,47,-7.4,1000.9,1.7,2.4,4,827.7,0
2018-03-03 08:16:08,3,20,20.9,47,-7.4,1000.8,1.4,1.7,2,827.7,0
2018-03-03 08:19:08,3,19,20.9,47,-7.3,1000.7,2.0,2.7,8,827.7,0
2018-03-03 08:22:08,3,18,20.9,48,-7.1,1000.8,2.4,3.1,2,827.7,0
2018-03-03 08:25:08,3,20,20.9,47,-7.1,1000.9,1.4,2.0,2,827.7,0
2018-03-03 08:28:08,3,19,20.9,47,-7.1,1000.8,2.0,2.4,8,827.7,0
2018-03-03 08:31:08,3,18,21.0,47,-7.3,1000.8,1.7,2.4,0,827.7,0
2018-03-03 08:34:08,3,18,21.0,47,-7.3,1000.8,2.0,3.1,10,827.7,0
2018-03-03 08:37:08,3,18,21.0,47,-7.2,1000.9,1.7,2.7,0,827.7,0
2018-03-03 08:40:08,3,18,21.0,47,-7.1,1000.8,2.0,3.4,6,827.7,0
2018-03-03 08:43:08,3,18,21.0,47,-7.0,1000.8,2.4,2.7,0,827.7,0
2018-03-03 08:46:08,3,18,21.0,46,-6.9,1000.8,1.7,2.7,10,827.7,0
2018-03-03 08:49:08,3,18,21.1,46,-6.9,1000.8,3.4,3.7,4,827.7,0
2018-03-03 08:52:08,3,18,21.1,46,-6.8,1000.9,0.7,1.7,2,827.7,0
2018-03-03 08:55:08,3,18,21.1,45,-6.7,1000.8,2.0,2.7,2,827.7,0
2018-03-03 08:58:08,3,18,21.1,45,-6.6,1000.8,1.4,2.7,10,827.7,0
2018-03-03 09:01:08,3,18,21.1,45,-6.5,1000.9,0,0.3,4,827.7,0
2018-03-03 09:04:08,3,18,21.2,45,-6.5,1000.9,0,0.3,4,827.7,0
2018-03-03 09:07:08,3,18,21.2,45,-6.5,1000.9,0,0.3,4,827.7,0
2018-03-03 09:10:08,3,18,21.2,43,-6.3,1001.0,2.0,2.7,4,827.7,0
2018-03-03 09:13:08,3,18,21.2,43,-6.2,1000.9,1.7,2.4,2,827.7,0
2018-03-03 09:16:08,3,18,21.1,43,-6.0,1000.8,2.4,3.1,2,827.7,0
2018-03-03 09:19:08,3,18,21.1,42,-6.0,1001.0,2.7,3.7,4,827.7,0
2018-03-03 09:22:08,3,19,20.9,42,-6.0,1000.9,1.7,2.0,3,827.7,0
2018-03-03 09:25:08,3,18,20.9,42,-6.0,1000.8,4.1,5.8,14,827.7,0
2018-03-03 09:28:08,3,20,20.7,42,-6.0,1000.9,2.4,3.1,10,827.7,0
2018-03-03 09:31:08,3,20,20.7,42,-5.8,1000.9,1.0,1.4,0,827.7,0
2018-03-03 09:34:08,3,19,20.6,42,-5.4,1000.8,2.4,3.7,2,827.7,0
2018-03-03 09:37:08,3,20,20.5,42,-5.1,1000.8,1.4,2.0,4,827.7,0
2018-03-03 09:40:08,3,20,20.5,41,-4.8,1000.7,1.7,2.0,0,827.7,0
2018-03-03 09:43:08,3,19,20.4,41,-4.7,1000.8,1.7,2.4,2,827.7,0
2018-03-03 09:46:08,3,19,20.3,41,-4.6,1000.8,2.7,4.1,10,827.7,0
2018-03-03 09:49:08,3,20,20.2,40,-4.5,1000.7,2.0,3.7,5,827.7,0
2018-03-03 09:52:08,3,20,20.1,40,-4.3,1000.5,2.7,3.7,2,827.7,0
2018-03-03 09:55:08,3,20,20.1,40,-4.3,1000.6,2.0,2.4,10,827.7,0
2018-03-03 09:58:08,3,20,20.0,40,-4.1,1000.6,1.4,1.7,4,827.7,0
2018-03-03 10:01:08,3,20,20.0,40,-4.0,1000.6,3.1,5.1,0,827.7,0
2018-03-03 10:04:08,3,21,19.8,40,-4.2,1000.6,2.4,3.1,0,827.7,0
2018-03-03 10:07:08,3,21,19.8,40,-4.0,1000.5,1.7,2.0,3,827.7,0
2018-03-03 10:10:08,3,21,19.7,40,-3.9,1000.5,2.0,3.1,2,827.7,0
2018-03-03 10:13:08,3,21,19.7,40,-3.9,1000.5,2.0,3.1,3,827.7,0
2018-03-03 10:16:08,3,21,19.6,38,-3.9,1000.4,2.0,3.1,14,827.7,0
2018-03-03 10:19:08,3,21,19.6,38,-3.9,1000.5,1.4,2.0,10,827.7,0
2018-03-03 10:22:08,3,21,19.5,38,-3.8,1000.3,2.7,4.8,5,827.7,0
2018-03-03 10:25:08,3,21,19.5,38,-3.7,1000.3,1.4,2.0,6,827.7,0
2018-03-03 10:28:08,3,21,19.3,38,-3.7,1000.5,1.7,3.1,15,827.7,0
2018-03-03 10:31:08,3,21,19.3,38,-3.6,1000.5,4.4,5.1,6,827.7,0
2018-03-03 10:34:08,3,21,19.3,38,-3.7,1000.4,2.7,4.1,2,827.7,0
2018-03-03 10:37:08,3,21,19.2,38,-3.7,1000.2,2.0,3.1,8,827.7,0
2018-03-03 10:40:08,3,21,19.2,38,-3.4,1000.3,0.3,0.7,14,827.7,0
2018-03-03 10:43:08,3,21,19.2,38,-3.2,1000.3,3.1,4.1,0,827.7,0
2018-03-03 10:46:08,3,21,19.1,38,-3.2,1000.3,1.4,2.0,3,827.7,0
2018-03-03 10:49:08,3,21,19.1,38,-3.0,1000.4,1.4,1.7,10,827.7,0
2018-03-03 10:52:08,3,21,19.1,36,-3.0,1000.3,1.4,2.0,2,827.7,0
2018-03-03 10:55:08,3,21,19.0,38,-2.7,1000.3,1.0,1.4,0,827.7,0
2018-03-03 10:58:08,3,21,19.0,36,-2.8,1000.1,1.7,2.4,4,827.7,0
2018-03-03 11:01:08,3,21,19.0,36,-2.8,1000.2,2.0,3.1,1,827.7,0
2018-03-03 11:04:08,3,22,18.9,36,-2.8,1000.1,2.0,3.1,1,827.7,0
2018-03-03 11:07:08,3,22,18.9,36,-2.8,1000.0,2.0,3.1,1,827.7,0
2018-03-03 11:10:08,3,22,18.8,36,-2.7,1000.1,3.1,3.7,13,827.7,0
2018-03-03 11:13:08,3,22,18.8,36,-2.8,1000.0,2.4,3.1,4,827.7,0
2018-03-03 11:16:08,3,22,18.8,36,-2.5,999.8,1.0,1.4,2,827.7,0
2018-03-03 11:19:08,3,22,18.6,36,-2.3,999.9,2.7,3.4,2,827.7,0
2018-03-03 11:22:08,3,22,18.6,36,-2.3,999.8,3.4,4.8,4,827.7,0
2018-03-03 11:25:08,3,22,18.6,36,-2.2,999.8,1.4,2.0,0,827.7,0
2018-03-03 11:28:08,3,22,18.6,36,-1.8,999.8,1.7,2.4,0,827.7,0
2018-03-03 11:31:08,3,22,18.6,35,-2.2,999.7,4.4,5.8,14,827.7,0
2018-03-03 11:34:08,3,22,18.5,35,-2.3,999.7,2.4,4.4,2,827.7,0
2018-03-03 11:37:08,3,22,18.5,35,-2.0,1000.0,2.0,3.7,2,827.7,0
2018-03-03 11:40:08,3,22,18.5,36,-1.7,999.8,2.0,3.4,0,827.7,0
2018-03-03 11:43:08,3,22,18.5,35,-1.7,999.9,3.1,4.8,8,827.7,0
2018-03-03 11:46:08,3,22,18.4,35,-1.8,999.8,1.4,2.0,8,827.7,0
2018-03-03 11:49:08,3,22,18.4,35,-1.8,999.9,1.7,2.7,4,827.7,0
2018-03-03 11:52:08,3,22,18.4,35,-1.7,999.9,1.7,2.7,4,827.7,0
2018-03-03 11:55:08,3,22,18.4,35,-1.8,999.8,2.4,3.4,0,827.7,0
2018-03-03 11:58:08,3,22,18.4,35,-2.0,999.8,2.7,3.4,10,827.7,0
2018-03-03 12:01:08,3,22,18.3,35,-1.9,999.7,3.7,5.4,15,827.7,0
2018-03-03 12:04:08,3,22,18.3,35,-1.8,999.6,2.4,3.1,10,827.7,0
2018-03-03 12:07:08,3,22,18.3,35,-1.7,999.6,2.4,3.1,14,827.7,0
2018-03-03 12:10:08,3,22,18.3,35,-1.5,999.6,1.4,2.4,8,827.7,0
2018-03-03 12:13:08,3,22,18.3,35,-1.1,999.7,1.0,1.4,2,827.7,0
2018-03-03 12:16:08,3,22,18.2,33,-1.0,999.7,1.0,1.4,6,827.7,0
2018-03-03 12:19:09,3,23,18.2,33,-1.2,999.7,1.4,2.4,0,827.7,0
2018-03-03 12:22:09,3,23,18.2,33,-1.3,999.8,3.1,3.4,6,827.7,0
2018-03-03 12:25:09,3,23,18.2,33,-1.2,999.8,1.7,2.4,4,827.7,0
2018-03-03 12:28:09,3,23,18.2,33,-1.2,999.8,1.0,1.7,8,827.7,0
2018-03-03 12:31:09,3,23,18.1,33,-1.0,999.7,1.7,2.4,14,827.7,0
2018-03-03 12:34:09,3,23,18.1,33,-0.9,999.7,1.0,2.0,2,827.7,0
2018-03-03 12:37:09,3,23,18.2,33,-0.9,999.7,1.7,2.7,0,827.7,0
2018-03-03 12:40:09,3,23,18.2,33,-1.1,999.7,3.1,3.4,3,827.7,0
2018-03-03 12:43:09,3,23,18.2,33,-1.2,999.7,1.4,2.4,6,827.7,0
2018-03-03 12:46:09,3,23,18.2,33,-1.2,999.6,2.4,3.4,1,827.7,0
2018-03-03 12:49:09,3,23,18.3,33,-1.2,999.6,2.0,3.1,12,827.7,0
2018-03-03 12:52:09,3,23,18.3,33,-1.2,999.6,3.4,4.1,4,827.7,0
2018-03-03 12:55:09,3,23,18.3,33,-1.1,999.7,1.0,1.7,5,827.7,0
2018-03-03 12:58:09,3,23,18.4,33,-1.1,999.6,2.4,3.4,12,827.7,0
2018-03-03 13:01:09,3,23,18.4,33,-1.2,999.8,2.4,3.4,6,827.7,0
2018-03-03 13:04:09,3,23,18.4,33,-1.2,999.7,2.4,3.4,6,827.7,0
2018-03-03 13:07:09,3,23,18.5,33,-1.2,999.8,2.4,3.4,6,827.7,0
2018-03-03 13:10:09,3,23,18.5,33,-1.3,999.7,1.7,2.4,2,827.7,0
2018-03-03 13:13:09,3,23,18.5,33,-1.0,999.6,1.0,1.7,2,827.7,0
2018-03-03 13:16:09,3,23,18.6,33,-1.0,999.7,2.7,3.7,6,827.7,0
2018-03-03 13:19:09,3,23,18.6,33,-1.0,999.6,2.7,3.4,2,827.7,0
2018-03-03 13:22:09,3,23,18.6,33,-1.2,999.7,2.4,3.7,4,827.7,0
2018-03-03 13:25:09,3,23,18.7,33,-1.1,999.6,1.0,1.7,4,827.7,0
2018-03-03 13:28:09,3,23,18.8,33,-0.9,999.5,2.0,2.7,4,827.7,0
2018-03-03 13:31:09,3,23,18.8,33,-1.1,999.5,2.0,2.7,2,827.7,0
2018-03-03 13:34:09,3,23,18.9,33,-1.2,999.6,2.7,4.4,6,827.7,0
2018-03-03 13:37:09,3,23,18.9,33,-1.1,999.5,1.4,2.0,14,827.7,0
2018-03-03 13:40:09,3,23,18.9,33,-1.2,999.6,1.7,2.7,0,827.7,0
2018-03-03 13:43:09,3,22,19.0,33,-1.2,999.6,1.4,2.0,2,827.7,0
2018-03-03 13:46:09,3,22,19.0,33,-1.2,999.6,2.0,2.7,4,827.7,0
2018-03-03 13:49:09,3,22,19.0,35,-1.0,999.6,1.7,2.7,0,827.7,0
2018-03-03 13:52:09,3,22,19.0,35,-1.1,999.6,1.4,2.0,6,827.7,0
2018-03-03 13:55:09,3,22,19.0,35,-1.1,999.6,1.7,2.4,2,827.7,0
2018-03-03 13:58:09,3,22,19.0,35,-1.1,999.6,2.7,4.8,14,827.7,0
2018-03-03 14:01:09,3,22,19.1,35,-1.0,999.6,2.0,2.7,4,827.7,0
2018-03-03 14:04:09,3,22,19.1,35,-1.0,999.6,1.7,2.7,4,827.7,0
2018-03-03 14:07:09,3,22,19.1,35,-1.1,999.7,1.7,2.4,2,827.7,0
2018-03-03 14:10:09,3,22,19.1,35,-1.1,999.5,2.4,3.4,4,827.7,0
2018-03-03 14:13:09,3,22,19.1,35,-1.2,999.5,1.4,2.0,4,827.7,0
2018-03-03 14:16:09,3,22,19.2,35,-1.2,999.5,1.7,2.7,4,827.7,0
2018-03-03 14:19:09,3,22,19.2,35,-1.1,999.5,1.7,2.4,14,827.7,0
2018-03-03 14:22:09,3,22,19.2,35,-1.1,999.5,0.7,1.0,14,827.7,0
2018-03-03 14:25:09,3,22,19.2,35,-1.1,999.5,1.4,2.0,2,827.7,0
2018-03-03 14:28:09,3,22,19.2,35,-1.3,999.4,1.4,1.7,7,827.7,0
2018-03-03 14:31:09,3,22,19.2,35,-1.1,999.5,0.7,1.4,9,827.7,0
2018-03-03 14:34:09,3,22,19.2,35,-1.0,999.6,1.0,1.7,2,827.7,0
2018-03-03 14:37:09,3,22,19.2,35,-0.9,999.5,1.4,2.0,4,827.7,0
2018-03-03 14:40:09,3,22,19.2,35,-0.9,999.4,2.0,2.7,4,827.7,0
2018-03-03 14:43:09,3,22,19.2,35,-1.1,999.4,3.1,3.7,2,827.7,0
2018-03-03 14:46:09,3,22,19.3,35,-1.1,999.5,2.0,2.4,4,827.7,0
2018-03-03 14:49:09,3,22,19.3,35,-1.0,999.4,1.4,1.7,2,827.7,0
2018-03-03 14:52:09,3,22,19.3,35,-0.9,999.3,1.4,2.0,4,827.7,0
2018-03-03 14:55:09,3,22,19.3,35,-0.9,999.4,1.4,1.7,8,827.7,0
2018-03-03 14:58:09,3,22,19.3,35,-1.0,999.4,1.7,2.4,4,827.7,0
2018-03-03 15:01:09,3,22,19.3,35,-1.1,999.4,3.1,3.7,12,827.7,0
2018-03-03 15:05:09,3,23,19.4,35,-1.1,999.5,3.1,3.7,12,827.7,0
2018-03-03 15:07:59,3,23,19.5,36,-1.1,999.6,1.7,3.7,4,827.7,0
2018-03-03 15:10:59,3,23,19.5,36,-1.5,999.5,2.0,3.1,4,827.7,0
2018-03-03 15:13:59,3,23,19.5,36,-1.7,999.4,1.7,3.1,2,827.7,0
2018-03-03 15:16:59,3,23,19.6,38,-1.8,999.4,1.7,2.4,2,827.7,0
2018-03-03 15:19:59,3,23,19.6,38,-1.8,999.5,2.7,3.7,5,827.7,0
2018-03-03 15:22:59,3,23,19.7,38,-1.9,999.6,2.0,2.7,0,827.7,0
2018-03-03 15:25:59,3,23,19.8,40,-1.9,999.6,0.7,1.4,4,827.7,0
2018-03-03 15:28:59,3,21,20.1,40,-2.0,999.6,0.7,1.7,0,827.7,0
2018-03-03 15:31:59,3,21,20.3,40,-2.0,999.5,1.0,1.7,6,827.7,0
2018-03-03 15:34:59,3,20,20.5,40,-2.0,999.8,2.0,2.4,1,827.7,0
2018-03-03 15:37:59,3,21,20.6,40,-2.0,999.7,1.7,2.0,8,827.7,0
2018-03-03 15:40:59,3,20,20.7,40,-2.0,999.7,1.4,2.4,2,827.7,0
2018-03-03 15:43:59,3,20,20.7,40,-2.0,999.8,2.4,3.7,0,827.7,0
2018-03-03 15:46:59,3,20,20.7,40,-2.0,999.8,1.7,2.7,4,827.7,0
2018-03-03 15:49:59,3,20,20.7,40,-2.0,999.9,0.7,1.4,3,827.7,0
2018-03-03 15:52:59,3,20,20.6,40,-2.0,999.9,1.0,1.4,0,827.7,0
2018-03-03 15:55:59,3,20,20.6,40,-1.9,999.9,1.0,3.4,4,827.7,0
2018-03-03 15:58:59,3,20,20.5,40,-1.9,1000.0,1.0,1.4,2,827.7,0
2018-03-03 16:01:59,3,20,20.5,40,-1.9,1000.0,1.0,1.7,2,827.7,0
2018-03-03 16:04:59,3,20,20.5,40,-2.0,999.9,1.0,1.4,2,827.7,0
2018-03-03 16:07:59,3,20,20.4,40,-2.1,999.9,1.7,2.4,0,827.7,0
2018-03-03 16:10:59,3,20,20.4,40,-2.2,999.8,2.0,2.7,6,827.7,0
2018-03-03 16:13:59,3,20,20.3,40,-2.2,999.9,0.7,1.0,4,827.7,0
2018-03-03 16:16:59,3,20,20.3,40,-2.2,999.9,2.7,3.4,6,827.7,0
2018-03-03 16:19:59,3,20,20.3,40,-2.2,1000.0,1.7,2.4,4,827.7,0
2018-03-03 16:22:59,3,20,20.2,40,-2.3,999.9,0.7,1.0,0,827.7,0
2018-03-03 16:25:59,3,20,20.2,40,-2.4,999.9,0.7,1.0,4,827.7,0
2018-03-03 16:28:59,3,20,20.2,40,-2.5,1000.0,1.4,2.4,4,827.7,0
2018-03-03 16:31:59,3,20,20.2,40,-2.6,999.9,1.0,1.7,4,827.7,0
2018-03-03 16:34:59,3,20,20.1,40,-2.7,1000.0,0.7,1.4,2,827.7,0
2018-03-03 16:37:59,3,20,20.1,40,-2.8,999.9,1.0,1.4,2,827.7,0
2018-03-03 16:40:59,3,20,20.1,40,-2.9,1000.0,0.7,1.7,4,827.7,0
2018-03-03 16:43:59,3,20,20.1,40,-2.9,1000.0,1.0,2.7,2,827.7,0
2018-03-03 16:46:59,3,20,20.1,40,-3.0,1000.1,0.3,1.0,4,827.7,0
2018-03-03 16:49:59,3,20,20.1,40,-3.1,1000.1,0.7,1.0,4,827.7,0
2018-03-03 16:52:59,3,20,20.0,40,-3.2,1000.1,0,0.3,2,827.7,0
2018-03-03 16:55:59,3,20,20.0,40,-3.3,1000.1,1.0,1.7,4,827.7,0
2018-03-03 16:58:59,3,20,20.0,40,-3.3,1000.1,0,0.7,4,827.7,0
2018-03-03 17:01:59,3,20,20.0,40,-3.3,1000.2,0.7,1.0,10,827.7,0
2018-03-03 17:04:59,3,20,20.0,40,-3.3,1000.1,0.7,1.0,10,827.7,0
2018-03-03 17:07:59,3,20,20.0,40,-3.3,1000.2,0.7,1.0,10,827.7,0
2018-03-03 17:10:59,3,20,20.0,41,-3.5,1000.2,2.7,3.4,4,827.7,0
2018-03-03 17:13:59,3,20,20.0,41,-3.6,1000.2,0.3,0.7,0,827.7,0
2018-03-03 17:16:59,3,20,20.0,41,-3.7,1000.1,0,0.3,2,827.7,0
2018-03-03 17:19:59,3,20,20.0,41,-3.7,1000.1,0.3,0.7,0,827.7,0
2018-03-03 17:22:59,3,20,20.0,41,-3.8,1000.1,0.7,1.0,2,827.7,0
2018-03-03 17:25:59,3,20,20.0,41,-3.8,1000.2,0.7,1.0,4,827.7,0
2018-03-03 17:28:59,3,20,20.0,41,-3.9,1000.2,1.0,1.7,6,827.7,0
2018-03-03 17:31:59,3,20,20.0,41,-3.9,1000.2,0.3,0.7,2,827.7,0
2018-03-03 17:34:59,3,20,20.0,41,-3.9,1000.1,1.0,1.7,2,827.7,0
2018-03-03 17:37:59,3,20,20.0,41,-3.9,1000.3,0.3,0.7,2,827.7,0
2018-03-03 17:40:59,3,20,20.0,41,-4.0,1000.3,0.3,0.7,0,827.7,0
2018-03-03 17:43:59,3,20,20.0,41,-4.1,1000.2,0.7,1.0,0,827.7,0
2018-03-03 17:46:59,3,20,20.0,42,-4.2,1000.2,0.3,0.7,2,827.7,0
2018-03-03 17:49:59,3,21,20.0,42,-4.2,1000.1,0,0.3,2,827.7,0
2018-03-03 17:52:59,3,21,20.0,42,-4.3,1000.2,0,0,0,827.7,0
2018-03-03 17:55:59,3,21,20.0,42,-4.4,1000.2,0.3,0.7,0,827.7,0
2018-03-03 17:58:59,3,21,20.0,42,-4.5,1000.3,0.3,0.7,0,827.7,0
2018-03-03 18:01:59,3,21,20.0,42,-4.5,1000.3,0,0,0,827.7,0
2018-03-03 18:04:59,3,21,19.9,42,-4.6,1000.3,0.3,0.7,1,827.7,0
2018-03-03 18:07:59,3,21,19.9,42,-4.7,1000.4,0,0.3,0,827.7,0
2018-03-03 18:10:59,3,21,19.9,42,-4.6,1000.3,0.7,1.0,0,827.7,0
2018-03-03 18:13:59,3,21,19.9,42,-4.6,1000.3,0,0.3,0,827.7,0
2018-03-03 18:16:59,3,21,19.9,42,-4.7,1000.3,0,0.3,2,827.7,0
2018-03-03 18:19:59,3,22,19.9,43,-4.8,1000.4,0,0.3,0,827.7,0
2018-03-03 18:22:59,3,21,19.9,43,-4.9,1000.4,0,0,0,827.7,0
2018-03-03 18:25:59,3,21,19.9,43,-5.0,1000.4,0,0.3,0,827.7,0
2018-03-03 18:28:59,3,21,19.8,43,-5.1,1000.4,0,0.3,0,827.7,0
2018-03-03 18:31:59,3,21,19.8,43,-5.2,1000.4,0,0.3,0,827.7,0
2018-03-03 18:34:59,3,21,19.8,43,-5.3,1000.5,0,0.3,0,827.7,0
2018-03-03 18:37:59,3,22,19.9,43,-5.4,1000.5,0,0.3,0,827.7,0
2018-03-03 18:40:59,3,22,19.9,44,-5.5,1000.5,0,0,0,827.7,0
2018-03-03 18:43:59,3,22,19.9,44,-5.5,1000.5,0,0,0,827.7,0
2018-03-03 18:46:59,3,22,19.9,44,-5.6,1000.5,0,0,0,827.7,0
2018-03-03 18:49:59,3,21,19.8,44,-5.6,1000.5,0,0,0,827.7,0
2018-03-03 18:52:59,3,21,19.8,44,-5.7,1000.6,0,0,0,827.7,0
2018-03-03 18:55:59,3,21,19.8,45,-5.7,1000.6,0,0,0,827.7,0
2018-03-03 18:58:59,3,21,19.8,45,-5.8,1000.7,0,0,0,827.7,0
2018-03-03 19:01:59,3,22,19.9,45,-5.8,1000.7,0,0,0,827.7,0
2018-03-03 19:04:59,3,22,19.8,45,-5.8,1000.7,0,0,0,827.7,0
2018-03-03 19:07:59,3,22,19.8,45,-5.8,1000.6,0,0,0,827.7,0
2018-03-03 19:10:59,3,22,19.8,46,-6.0,1000.8,0,0.3,0,827.7,0
2018-03-03 19:13:59,3,22,19.8,46,-6.1,1000.8,0,0,0,827.7,0
2018-03-03 19:16:59,3,22,19.8,47,-6.2,1000.8,0,0,0,827.7,0
2018-03-03 19:19:59,3,22,19.8,47,-6.3,1000.8,0,0.3,0,827.7,0
2018-03-03 19:22:59,3,22,19.8,47,-6.3,1000.8,0,0,0,827.7,0
2018-03-03 19:25:59,3,22,19.8,47,-6.3,1000.7,0,0,0,827.7,0
2018-03-03 19:28:59,3,22,19.8,48,-6.4,1000.8,0,0,0,827.7,0
2018-03-03 19:31:59,3,22,19.8,48,-6.4,1000.9,0,0,0,827.7,0
2018-03-03 19:34:59,3,22,19.8,48,-6.4,1000.8,0,0.3,0,827.7,0
2018-03-03 19:37:59,3,22,19.8,48,-6.4,1000.8,0,0.3,0,827.7,0
2018-03-03 19:40:59,3,22,19.8,49,-6.4,1000.8,0,0.3,0,827.7,0
2018-03-03 19:43:59,3,22,19.8,49,-6.5,1000.8,0,0.3,0,827.7,0
2018-03-03 19:46:59,3,22,19.8,49,-6.6,1000.9,0,0,0,827.7,0
2018-03-03 19:49:59,3,22,19.8,49,-6.6,1000.8,0,0.3,0,827.7,0
2018-03-03 19:52:59,3,22,19.8,50,-6.6,1000.8,0,0,0,827.7,0
2018-03-03 19:55:59,3,22,19.8,50,-6.6,1000.8,0,0,0,827.7,0
2018-03-03 19:58:59,3,22,19.8,50,-6.6,1000.8,0,0,0,827.7,0
2018-03-03 20:01:59,3,22,19.8,50,-6.7,1000.8,0,0,2,827.7,0
2018-03-03 20:04:59,3,22,19.8,50,-6.7,1000.8,0,0,0,827.7,0
2018-03-03 20:07:59,3,22,19.8,50,-6.7,1000.8,0,0,2,827.7,0
2018-03-03 20:10:59,3,22,19.8,50,-6.7,1000.9,0,0,2,827.7,0
2018-03-03 20:13:59,3,22,19.8,50,-6.8,1000.8,0,0,2,827.7,0
2018-03-03 20:16:59,3,22,19.8,50,-6.8,1000.9,0,0,0,827.7,0
2018-03-03 20:19:59,3,22,19.8,50,-6.9,1000.9,0,0,0,827.7,0
2018-03-03 20:22:59,3,22,19.8,50,-6.9,1001.0,0.3,0.7,0,827.7,0
2018-03-03 20:25:59,3,22,19.8,50,-6.9,1000.9,0,0.3,0,827.7,0
2018-03-03 20:28:59,3,22,19.8,51,-6.9,1000.9,0.3,0.7,0,827.7,0
2018-03-03 20:31:59,3,22,19.8,51,-7.0,1000.9,0,0,0,827.7,0
2018-03-03 20:34:59,3,22,19.8,51,-7.1,1000.9,0,0,0,827.7,0
2018-03-03 20:37:59,3,22,19.8,51,-7.2,1001.0,0,0,0,827.7,0
2018-03-03 20:40:59,3,22,19.8,51,-7.2,1000.9,0,0,0,827.7,0
2018-03-03 20:43:59,3,22,19.8,51,-7.3,1001.1,0,0,0,827.7,0
2018-03-03 20:46:59,3,22,19.8,51,-7.3,1001.1,0,0,0,827.7,0
2018-03-03 20:49:59,3,22,19.8,51,-7.3,1001.0,0,0,0,827.7,0
2018-03-03 20:52:59,3,22,19.8,51,-7.3,1001.0,0.3,0.7,0,827.7,0
2018-03-03 20:55:59,3,22,19.8,51,-7.3,1001.0,0,0.3,0,827.7,0
2018-03-03 20:58:59,3,22,19.8,51,-7.3,1001.0,0.3,0.7,0,827.7,0
2018-03-03 21:01:59,3,22,19.8,52,-7.3,1001.1,0.3,0.7,0,827.7,0
2018-03-03 21:04:59,3,22,19.8,52,-7.3,1001.0,0.3,0.7,0,827.7,0
2018-03-03 21:07:59,3,22,19.8,52,-7.3,1001.0,0.3,0.7,0,827.7,0
2018-03-03 21:10:59,3,21,19.8,52,-7.5,1001.0,0,0.3,0,827.7,0
2018-03-03 21:13:59,3,22,19.8,51,-7.6,1001.1,0,0,0,827.7,0
2018-03-03 21:16:59,3,22,19.8,51,-7.6,1001.0,0,0.3,0,827.7,0
2018-03-03 21:19:59,3,22,19.7,52,-7.7,1001.1,0.3,0.7,0,827.7,0
2018-03-03 21:22:59,3,22,19.7,52,-7.8,1001.1,0,0,0,827.7,0
2018-03-03 21:25:59,3,21,19.7,52,-7.8,1001.2,0,0,0,827.7,0
2018-03-03 21:28:59,3,21,19.7,52,-7.8,1001.2,0.3,0.7,0,827.7,0
2018-03-03 21:31:59,3,21,19.7,52,-7.8,1001.2,0.7,1.0,0,827.7,0
2018-03-03 21:34:59,3,21,19.7,53,-7.8,1001.1,0.3,0.7,0,827.7,0
2018-03-03 21:37:59,3,22,19.7,53,-7.7,1001.1,0.3,0.7,0,827.7,0
2018-03-03 21:40:59,3,22,19.7,53,-7.7,1001.2,0,0.3,0,827.7,0
2018-03-03 21:43:59,3,22,19.6,53,-7.8,1001.1,0.3,0.7,0,827.7,0
2018-03-03 21:46:59,3,22,19.6,53,-7.7,1001.1,0.7,1.0,0,827.7,0
2018-03-03 21:49:59,3,22,19.6,53,-7.7,1001.2,0.3,0.7,0,827.7,0
2018-03-03 21:52:59,3,22,19.6,53,-7.7,1001.1,0.3,0.7,0,827.7,0
2018-03-03 21:55:59,3,23,19.5,53,-7.6,1001.2,0.3,0.7,0,827.7,0
2018-03-03 21:58:59,3,21,19.5,53,-7.5,1001.3,0.3,0.7,2,827.7,0
2018-03-03 22:01:59,3,21,19.4,52,-7.5,1001.3,0,0.3,0,827.7,0
2018-03-03 22:04:59,3,23,19.4,52,-7.4,1001.3,0.7,1.0,0,827.7,0
2018-03-03 22:07:59,3,22,19.3,52,-7.4,1001.3,0.3,0.7,0,827.7,0
2018-03-03 22:10:59,3,22,19.3,52,-7.3,1001.3,1.4,2.0,4,827.7,0
2018-03-03 22:13:59,3,22,19.3,52,-7.2,1001.3,0.7,1.7,6,827.7,0
2018-03-03 22:16:59,3,22,19.3,52,-7.0,1001.3,0.7,1.0,2,827.7,0
2018-03-03 22:19:59,3,22,19.2,52,-6.9,1001.3,0.3,0.7,0,827.7,0
2018-03-03 22:22:59,3,22,19.2,51,-6.9,1001.3,0.3,0.7,4,827.7,0
2018-03-03 22:25:59,3,22,19.2,51,-6.8,1001.3,0.3,0.7,2,827.7,0
2018-03-03 22:28:59,3,22,19.1,51,-6.8,1001.3,0.7,1.0,15,827.7,0
2018-03-03 22:31:59,3,21,19.1,51,-6.8,1001.4,0,0.3,0,827.7,0
2018-03-03 22:34:59,3,21,19.1,51,-6.9,1001.2,0.7,1.0,2,827.7,0
2018-03-03 22:37:59,3,22,19.1,51,-7.0,1001.2,0.3,0.7,0,827.7,0
2018-03-03 22:40:59,3,22,19.0,51,-7.0,1001.2,0.3,0.7,2,827.7,0
2018-03-03 22:43:59,3,22,19.0,51,-7.1,1001.2,0.3,0.7,2,827.7,0
2018-03-03 22:46:59,3,22,19.0,51,-7.1,1001.1,0.3,1.0,14,827.7,0
2018-03-03 22:49:59,3,23,18.9,51,-7.1,1001.1,0.3,0.7,0,827.7,0
2018-03-03 22:52:59,3,23,18.9,51,-7.1,1001.1,0.3,0.7,0,827.7,0
2018-03-03 22:55:59,3,23,18.8,51,-7.0,1001.1,0.3,0.7,4,827.7,0
2018-03-03 22:58:59,3,23,18.8,51,-6.8,1001.1,1.0,1.4,4,827.7,0
2018-03-03 23:01:59,3,23,18.8,51,-6.8,1001.1,1.0,1.4,2,827.7,0
2018-03-03 23:04:59,3,23,18.8,51,-6.8,1001.0,1.0,1.4,2,827.7,0
2018-03-03 23:07:59,3,23,18.7,51,-6.8,1001.0,1.0,1.4,2,827.7,0
2018-03-03 23:10:59,3,23,18.6,50,-6.5,1001.0,0.3,0.7,2,827.7,0
2018-03-03 23:13:59,3,23,18.6,50,-6.4,1001.0,1.7,2.4,0,827.7,0
2018-03-03 23:16:59,3,23,18.6,50,-6.4,1001.0,1.0,1.4,4,827.7,0
2018-03-03 23:19:59,3,23,18.5,50,-6.3,1001.0,0.3,0.7,12,827.7,0
2018-03-03 23:22:59,3,23,18.5,50,-6.4,1001.0,1.4,1.7,12,827.7,0
2018-03-03 23:25:59,3,23,18.5,50,-6.3,1000.8,1.4,2.0,4,827.7,0
2018-03-03 23:28:59,3,23,18.5,50,-6.2,1000.9,0.7,1.0,2,827.7,0
2018-03-03 23:31:59,3,23,18.4,50,-6.2,1001.0,0.3,0.7,2,827.7,0
2018-03-03 23:34:59,3,23,18.4,50,-6.2,1001.0,1.0,1.4,4,827.7,0
2018-03-03 23:37:59,3,23,18.4,49,-6.2,1001.0,0.7,1.0,3,827.7,0
2018-03-03 23:40:59,3,23,18.4,49,-6.2,1000.9,1.4,2.0,10,827.7,0
2018-03-03 23:43:59,3,22,18.3,49,-6.2,1000.9,1.4,2.0,2,827.7,0
2018-03-03 23:46:59,3,22,18.3,49,-6.2,1000.9,0.3,1.0,0,827.7,0
2018-03-03 23:49:59,3,23,18.3,49,-6.3,1000.9,0.7,1.0,4,827.7,0
2018-03-03 23:52:59,3,23,18.3,49,-6.3,1000.8,0.7,1.4,4,827.7,0
2018-03-03 23:55:59,3,23,18.3,49,-6.2,1000.9,0.7,1.0,5,827.7,0
2018-03-03 23:58:59,3,23,18.2,49,-6.2,1001.0,1.4,1.7,4,827.7,0
