2017-03-21 00:00:00,3,41,20.8,67,11.8,997.7,2.4,3.7,10,240.0,0
2017-03-21 00:03:00,3,41,20.8,67,11.8,997.7,1.7,2.4,10,240.0,0
2017-03-21 00:06:00,3,41,20.8,67,11.8,997.7,1.7,2.4,8,240.0,0
2017-03-21 00:09:00,3,41,20.7,67,11.8,997.7,1.7,2.4,8,240.0,0
2017-03-21 00:12:00,3,41,20.7,67,11.8,997.7,2.4,3.1,12,240.0,0
2017-03-21 00:15:00,3,41,20.7,67,11.9,997.7,2.0,2.7,10,240.0,0
2017-03-21 00:18:00,3,41,20.7,67,11.9,997.8,1.7,2.0,11,240.0,0
2017-03-21 00:21:00,3,41,20.7,67,11.9,997.8,1.4,2.0,10,240.0,0
2017-03-21 00:24:00,3,41,20.7,67,11.9,997.8,2.0,2.7,12,240.0,0
2017-03-21 00:27:00,3,41,20.7,67,11.9,997.7,1.7,3.1,9,240.0,0
2017-03-21 00:30:00,3,41,20.7,67,11.9,997.7,2.4,2.7,10,240.0,0
2017-03-21 00:33:00,3,41,20.7,67,11.9,997.6,3.1,4.1,10,240.0,0
2017-03-21 00:36:00,3,41,20.7,66,11.9,997.7,1.4,2.0,9,240.0,0
2017-03-21 00:39:00,3,41,20.7,66,11.9,997.6,3.4,4.8,8,240.0,0
2017-03-21 00:42:00,3,41,20.7,66,11.9,997.7,2.4,3.1,10,240.0,0
2017-03-21 00:45:00,3,41,20.7,66,11.9,997.8,2.4,3.1,10,240.0,0
2017-03-21 00:48:00,3,41,20.7,66,11.9,997.8,1.7,2.4,12,240.0,0
2017-03-21 00:51:00,3,41,20.7,66,11.9,997.9,1.4,1.7,12,240.0,0
2017-03-21 00:54:00,3,41,20.6,66,11.9,997.8,1.4,1.7,10,240.0,0
2017-03-21 00:57:00,3,41,20.6,66,11.9,997.8,2.4,3.1,10,240.0,0
2017-03-21 01:00:00,3,41,20.6,66,11.9,997.8,3.1,4.1,10,240.0,0
2017-03-21 01:03:00,3,41,20.6,66,11.9,997.9,3.1,4.1,10,240.0,0
2017-03-21 01:06:00,3,41,20.6,66,11.9,997.8,3.1,4.1,10,240.0,0
2017-03-21 01:09:00,3,41,20.6,67,11.8,997.9,2.7,3.7,9,240.0,0
2017-03-21 01:12:00,3,41,20.6,67,11.8,998.0,2.0,2.4,10,240.0,0
2017-03-21 01:15:00,3,41,20.6,67,11.8,997.9,2.0,2.7,10,240.0,0
2017-03-21 01:18:00,3,41,20.6,67,11.7,998.0,1.4,2.0,10,240.0,0
2017-03-21 01:21:00,3,41,20.6,67,11.7,997.9,3.1,4.4,10,240.0,0
2017-03-21 01:24:00,3,41,20.6,67,11.8,997.8,1.7,2.4,11,240.0,0
2017-03-21 01:27:00,3,41,20.6,67,11.8,997.9,4.1,5.1,12,240.0,0
2017-03-21 01:30:00,3,41,20.6,67,11.8,997.9,1.0,1.7,12,240.0,0
2017-03-21 01:33:00,3,41,20.6,67,11.8,998.0,1.4,2.0,10,240.0,0
2017-03-21 01:36:00,3,41,20.6,67,11.7,997.9,3.1,4.1,10,240.0,0
2017-03-21 01:39:00,3,41,20.6,67,11.7,998.0,1.4,2.0,11,240.0,0
2017-03-21 01:42:00,3,41,20.5,67,11.7,998.0,1.7,2.7,10,240.0,0
2017-03-21 01:45:00,3,41,20.5,67,11.6,997.9,2.4,2.7,12,240.0,0
2017-03-21 01:48:00,3,41,20.5,68,11.6,998.0,2.4,2.7,10,240.0,0
2017-03-21 01:51:00,3,41,20.5,69,11.5,998.0,2.4,3.1,10,240.0,0
2017-03-21 01:54:00,3,41,20.5,69,11.5,998.0,2.4,3.1,13,240.0,0
2017-03-21 01:57:00,3,41,20.5,70,11.4,997.9,2.7,3.7,10,240.0,0
2017-03-21 02:00:00,3,41,20.5,70,11.4,997.9,2.0,3.4,10,240.0,0
2017-03-21 02:03:00,3,41,20.5,70,11.4,997.8,1.7,2.4,10,240.0,0
2017-03-21 02:06:00,3,41,20.5,69,11.4,997.9,1.7,2.4,10,240.0,0
2017-03-21 02:09:00,3,41,20.5,69,11.4,997.9,2.0,2.7,12,240.0,0
2017-03-21 02:12:00,3,41,20.5,69,11.4,997.8,2.0,2.7,10,240.0,0
2017-03-21 02:15:00,3,41,20.5,69,11.4,997.8,1.4,1.7,10,240.0,0
2017-03-21 02:18:00,3,41,20.4,69,11.4,997.7,1.7,2.0,10,240.0,0
2017-03-21 02:21:00,3,41,20.4,68,11.4,997.8,2.4,3.4,6,240.0,0
2017-03-21 02:24:00,3,41,20.4,68,11.4,997.7,2.7,3.4,10,240.0,0
2017-03-21 02:27:00,3,41,20.4,68,11.4,997.8,1.4,2.0,10,240.0,0
2017-03-21 02:30:00,3,41,20.4,68,11.4,997.8,1.4,2.0,13,240.0,0
2017-03-21 02:33:00,3,41,20.4,68,11.4,997.7,2.0,2.7,10,240.0,0
2017-03-21 02:36:00,3,41,20.4,67,11.4,997.7,1.7,3.1,12,240.0,0
2017-03-21 02:39:00,3,41,20.4,67,11.4,997.7,2.4,3.1,8,240.0,0
2017-03-21 02:42:00,3,41,20.4,67,11.4,997.8,1.0,1.4,10,240.0,0
2017-03-21 02:45:00,3,41,20.4,67,11.4,997.8,2.4,3.4,10,240.0,0
2017-03-21 02:48:00,3,41,20.4,67,11.4,997.9,2.7,3.7,10,240.0,0
2017-03-21 02:51:00,3,41,20.4,67,11.4,998.0,1.7,2.7,10,240.0,0
2017-03-21 02:54:00,3,41,20.4,67,11.4,997.9,1.7,2.4,10,240.0,0
2017-03-21 02:57:00,3,41,20.3,66,11.4,997.9,3.1,3.7,12,240.0,0
2017-03-21 03:00:00,3,41,20.3,66,11.4,998.0,4.1,4.8,8,240.0,0
2017-03-21 03:03:00,3,41,20.3,66,11.4,998.0,4.1,4.8,8,240.0,0
2017-03-21 03:06:00,3,41,20.3,66,11.4,997.9,4.1,4.8,8,240.0,0
2017-03-21 03:09:00,3,41,20.3,66,11.4,997.9,4.1,5.8,10,240.0,0
2017-03-21 03:12:00,3,41,20.3,66,11.4,997.8,2.4,3.4,12,240.0,0
2017-03-21 03:15:00,3,41,20.3,66,11.4,997.9,1.7,2.0,8,240.0,0
2017-03-21 03:18:00,3,41,20.3,66,11.4,997.8,2.0,2.4,10,240.0,0
2017-03-21 03:21:00,3,40,20.3,66,11.4,997.9,2.7,3.1,12,240.0,0
2017-03-21 03:24:00,3,40,20.3,66,11.4,998.0,2.0,3.4,10,240.0,0
2017-03-21 03:27:00,3,41,20.3,66,11.4,997.8,2.4,3.7,8,240.0,0
2017-03-21 03:30:00,3,41,20.3,66,11.3,997.8,3.1,4.4,11,240.0,0
2017-03-21 03:33:00,3,40,20.3,66,11.3,997.9,3.1,4.1,10,240.0,0
2017-03-21 03:36:00,3,41,20.3,66,11.4,998.0,2.7,3.1,10,240.0,0
2017-03-21 03:39:00,3,41,20.2,66,11.3,997.9,2.4,3.7,10,240.0,0
2017-03-21 03:42:00,3,40,20.2,66,11.3,998.0,1.7,2.7,12,240.0,0
2017-03-21 03:45:00,3,40,20.2,66,11.3,998.0,2.0,2.7,12,240.0,0
2017-03-21 03:48:00,3,40,20.2,66,11.3,998.0,2.7,3.1,12,240.0,0
2017-03-21 03:51:00,3,40,20.2,66,11.3,998.1,1.7,2.4,10,240.0,0
2017-03-21 03:54:00,3,40,20.2,66,11.3,998.1,2.7,3.1,8,240.0,0
2017-03-21 03:57:00,3,40,20.2,66,11.3,998.0,1.7,2.4,10,240.0,0
2017-03-21 04:00:00,3,40,20.2,66,11.2,998.1,3.7,5.1,10,240.0,0
2017-03-21 04:03:00,3,40,20.2,66,11.2,998.1,3.4,5.8,10,240.0,0
2017-03-21 04:06:00,3,40,20.2,66,11.3,998.1,1.4,1.7,12,240.0,0
2017-03-21 04:09:00,3,40,20.2,66,11.2,998.1,1.7,2.7,9,240.0,0
2017-03-21 04:12:00,3,40,20.1,66,11.2,998.1,1.7,2.4,10,240.0,0
2017-03-21 04:15:00,3,40,20.1,67,11.2,998.1,1.7,2.7,10,240.0,0
2017-03-21 04:18:00,3,40,20.1,67,11.2,998.1,2.0,2.4,12,240.0,0
2017-03-21 04:21:00,3,40,20.1,66,11.2,998.2,2.4,2.7,10,240.0,0
2017-03-21 04:24:00,3,40,20.1,67,11.2,998.2,2.0,3.1,10,240.0,0
2017-03-21 04:27:00,3,40,20.1,67,11.1,998.2,1.4,2.0,10,240.0,0
2017-03-21 04:30:00,3,40,20.1,67,11.1,998.2,2.7,3.4,10,240.0,0
2017-03-21 04:33:00,3,40,20.1,67,11.1,998.2,2.4,3.1,12,240.0,0
2017-03-21 04:36:00,3,40,20.1,67,11.1,998.3,1.7,2.4,10,240.0,0
2017-03-21 04:39:00,3,40,20.1,67,11.1,998.3,1.7,2.4,10,240.0,0
2017-03-21 04:42:00,3,40,20.1,67,11.1,998.3,1.7,2.7,8,240.0,0
2017-03-21 04:45:00,3,40,20.1,67,11.1,998.3,2.0,2.4,10,240.0,0
2017-03-21 04:48:00,3,40,20.1,67,11.0,998.4,2.7,3.7,10,240.0,0
2017-03-21 04:51:00,3,40,20.1,67,11.1,998.4,2.0,3.4,12,240.0,0
2017-03-21 04:54:00,3,40,20.1,67,11.1,998.4,2.7,4.1,6,240.0,0
2017-03-21 04:57:00,3,40,20.1,67,11.1,998.5,2.0,2.7,8,240.0,0
2017-03-21 05:00:00,3,40,20.1,68,11.0,998.5,2.4,3.4,10,240.0,0
2017-03-21 05:03:00,3,40,20.1,68,11.0,998.5,2.4,3.4,10,240.0,0
2017-03-21 05:06:00,3,40,20.1,68,11.0,998.5,2.4,3.4,10,240.0,0
2017-03-21 05:09:00,3,40,20.1,69,10.9,998.5,1.4,2.4,12,240.0,0
2017-03-21 05:12:00,3,40,20.1,70,10.8,998.5,1.0,1.7,12,240.0,0
2017-03-21 05:15:00,3,40,20.1,70,10.8,998.6,1.4,1.7,10,240.0,0
2017-03-21 05:18:00,3,40,20.1,70,10.7,998.6,1.7,2.4,10,240.0,0
2017-03-21 05:21:00,3,40,20.1,70,10.7,998.6,1.4,1.7,12,240.0,0
2017-03-21 05:24:00,3,40,20.1,70,10.6,998.6,1.7,2.0,10,240.0,0
2017-03-21 05:27:00,3,40,20.1,70,10.6,998.6,1.0,1.7,12,240.0,0
2017-03-21 05:30:00,3,40,20.2,70,10.6,998.6,1.4,1.7,10,240.0,0
2017-03-21 05:33:00,3,40,20.2,70,10.6,998.7,1.0,1.4,10,240.0,0
2017-03-21 05:36:00,3,40,20.2,70,10.6,998.7,1.4,2.7,10,240.0,0
2017-03-21 05:39:00,3,40,20.3,71,10.5,998.8,1.0,1.7,12,240.0,0
2017-03-21 05:42:00,3,40,20.3,71,10.5,998.7,1.7,2.4,12,240.0,0
2017-03-21 05:45:00,3,40,20.3,71,10.5,998.7,1.0,1.7,10,240.0,0
2017-03-21 05:48:00,3,40,20.3,71,10.5,998.8,1.0,1.7,8,240.0,0
2017-03-21 05:51:00,3,40,20.3,71,10.5,998.7,1.4,2.0,10,240.0,0
2017-03-21 05:54:00,3,40,20.3,70,10.5,998.9,1.0,1.4,10,240.0,0
2017-03-21 05:57:00,3,40,20.4,71,10.5,998.9,2.0,2.7,12,240.0,0
2017-03-21 06:00:00,3,41,20.4,71,10.5,999.0,3.4,4.4,11,240.0,0
2017-03-21 06:03:00,3,41,20.4,71,10.5,999.0,2.7,3.4,10,240.0,0
2017-03-21 06:06:00,3,41,20.4,71,10.4,999.1,1.0,1.7,10,240.0,0
2017-03-21 06:09:00,3,41,20.4,72,10.2,999.1,0.7,1.4,10,240.0,0
2017-03-21 06:12:00,3,41,20.5,73,10.1,999.1,1.7,2.4,12,240.0,0
2017-03-21 06:15:00,3,41,20.5,74,10.0,999.2,0.7,1.0,12,240.0,0
2017-03-21 06:18:00,3,41,20.5,74,9.9,999.4,0.7,1.4,14,240.0,0
2017-03-21 06:21:00,3,41,20.5,75,9.8,999.6,1.7,2.0,2,240.3,0
2017-03-21 06:24:00,3,41,20.6,77,9.5,999.6,0.7,1.4,14,240.3,0
2017-03-21 06:27:00,3,41,20.6,78,9.4,999.4,1.0,1.4,14,240.3,0
2017-03-21 06:30:00,3,41,20.9,79,9.3,999.6,0.7,1.0,10,240.3,0
2017-03-21 06:33:00,3,40,21.0,80,9.1,999.7,1.4,2.0,0,240.3,0
2017-03-21 06:36:00,3,39,21.1,80,9.0,999.8,1.0,1.7,10,240.3,0
2017-03-21 06:39:00,3,39,21.2,80,8.9,999.8,2.7,3.1,13,240.6,0
2017-03-21 06:42:00,3,39,21.3,81,8.8,999.9,2.0,2.7,14,240.6,0
2017-03-21 06:45:00,3,39,21.4,81,8.7,999.9,0.7,1.0,14,240.6,0
2017-03-21 06:48:00,3,39,21.5,82,8.6,1000.0,1.0,1.4,14,240.6,0
2017-03-21 06:51:00,3,39,21.6,82,8.6,999.9,1.0,1.4,10,240.6,0
2017-03-21 06:54:00,3,39,21.7,82,8.6,999.9,0.3,0.7,14,240.6,0
2017-03-21 06:57:00,3,39,21.7,83,8.6,1000.0,1.4,2.0,12,240.6,0
2017-03-21 07:00:00,3,39,21.8,83,8.6,1000.2,0.3,0.7,8,240.6,0
2017-03-21 07:03:00,3,39,21.8,83,8.6,1000.1,0.3,0.7,8,240.6,0
2017-03-21 07:06:00,3,39,21.9,83,8.6,1000.2,0.3,0.7,8,240.6,0
2017-03-21 07:09:00,3,39,21.9,84,8.8,1000.3,0.3,0.7,10,240.9,0
2017-03-21 07:12:00,3,38,22.1,85,8.9,1000.3,0.7,1.0,10,240.9,0
2017-03-21 07:15:00,3,38,22.1,85,8.9,1000.3,0.7,1.0,10,240.9,0
2017-03-21 07:18:00,3,37,22.2,85,9.0,1000.3,0.3,1.0,8,240.9,0
2017-03-21 07:21:00,3,37,22.2,85,9.0,1000.3,0.3,0.7,10,240.9,0
2017-03-21 07:24:00,3,37,22.3,85,9.1,1000.2,0.7,1.0,10,240.9,0
2017-03-21 07:27:00,3,36,22.3,85,9.1,1000.4,1.7,2.4,12,240.9,0
2017-03-21 07:30:00,3,36,22.3,85,9.2,1000.3,0.7,1.0,10,240.9,0
2017-03-21 07:33:00,3,36,22.3,85,9.3,1000.4,1.7,2.4,10,240.9,0
2017-03-21 07:36:00,3,36,22.4,85,9.3,1000.2,0.7,1.0,10,240.9,0
2017-03-21 07:39:00,3,36,22.5,85,9.4,1000.2,0.7,1.0,12,240.9,0
2017-03-21 07:42:00,3,36,22.5,84,9.5,1000.3,0.3,0.3,12,240.9,0
2017-03-21 07:45:00,3,36,22.6,84,9.5,1000.3,0.3,0.7,8,240.9,0
2017-03-21 07:48:00,3,36,22.6,84,9.5,1000.3,0.7,1.0,10,240.9,0
2017-03-21 07:51:00,3,36,22.6,83,9.5,1000.4,1.4,1.7,14,240.9,0
2017-03-21 07:54:00,3,36,22.6,83,9.4,1000.7,1.7,2.0,10,240.9,0
2017-03-21 07:57:00,3,36,22.6,82,9.4,1000.6,1.4,2.0,10,240.9,0
2017-03-21 08:00:00,3,36,22.6,82,9.4,1000.5,0.7,1.0,12,240.9,0
2017-03-21 08:03:00,3,36,22.7,82,9.5,1000.5,1.0,1.0,10,240.9,0
2017-03-21 08:06:00,3,35,22.7,82,9.7,1000.6,0.3,0.7,0,240.9,0
2017-03-21 08:09:00,3,36,22.7,82,10.1,1000.8,1.0,1.4,10,240.9,0
2017-03-21 08:12:00,3,35,22.8,82,10.4,1000.6,1.0,1.4,10,240.9,0
2017-03-21 08:15:00,3,35,22.8,81,10.4,1000.6,1.4,1.7,12,240.9,0
2017-03-21 08:18:00,3,35,22.9,80,10.5,1000.7,1.0,1.7,12,240.9,0
2017-03-21 08:21:00,3,35,22.8,79,10.7,1000.8,0.7,1.0,12,240.9,0
2017-03-21 08:24:00,3,35,22.9,78,10.9,1000.8,0.7,1.0,12,240.9,0
2017-03-21 08:27:00,3,35,22.9,77,10.8,1000.9,0.7,1.0,10,240.9,0
2017-03-21 08:30:00,3,35,23.0,77,10.8,1000.8,1.0,1.4,12,240.9,0
2017-03-21 08:33:00,3,35,23.0,77,10.8,1000.9,0.7,1.0,10,240.9,0
2017-03-21 08:36:00,3,35,23.0,76,10.6,1001.0,1.4,1.7,14,240.9,0
2017-03-21 08:39:00,3,35,23.0,75,10.4,1001.2,2.4,3.1,12,240.9,0
2017-03-21 08:42:00,3,35,23.0,75,10.4,1001.3,1.7,2.4,9,240.9,0
2017-03-21 08:45:00,3,35,23.0,76,10.5,1001.3,1.7,2.0,14,240.9,0
2017-03-21 08:48:00,3,35,23.0,75,10.4,1001.4,1.4,1.7,10,240.9,0
2017-03-21 08:51:00,3,35,23.0,75,10.4,1001.3,1.7,2.4,12,240.9,0
2017-03-21 08:54:00,3,35,23.0,74,10.2,1001.4,1.4,1.7,12,240.9,0
2017-03-21 08:57:00,3,35,23.0,75,10.2,1001.2,1.4,1.7,12,240.9,0
2017-03-21 09:00:00,3,35,23.0,75,10.1,1001.3,1.4,1.7,10,240.9,0
2017-03-21 09:03:00,3,35,23.1,75,10.1,1001.1,1.4,1.7,10,240.9,0
2017-03-21 09:06:00,3,35,23.1,75,10.1,1001.4,1.4,1.7,10,240.9,0
2017-03-21 09:09:00,3,35,23.1,76,10.0,1001.4,1.0,1.4,12,240.9,0
2017-03-21 09:12:00,3,35,23.1,77,10.0,1001.2,1.0,1.4,10,240.9,0
2017-03-21 09:15:00,3,35,23.1,77,10.1,1001.2,1.7,2.0,10,240.9,0
2017-03-21 09:18:00,3,35,23.1,77,10.2,1001.3,1.0,1.7,10,240.9,0
2017-03-21 09:21:00,3,35,23.2,78,10.4,1001.2,1.7,2.4,8,240.9,0
2017-03-21 09:24:00,3,35,23.2,78,10.6,1001.3,1.7,2.7,12,240.9,0
2017-03-21 09:27:00,3,35,23.2,78,10.7,1001.2,1.7,2.0,12,240.9,0
2017-03-21 09:30:00,3,35,23.2,78,11.0,1001.1,1.0,1.4,10,240.9,0
2017-03-21 09:33:00,3,35,23.2,77,11.2,1001.3,2.4,3.1,10,240.9,0
2017-03-21 09:36:00,3,35,23.3,76,11.3,1001.3,1.4,2.0,12,240.9,0
2017-03-21 09:39:00,3,35,23.4,76,11.4,1001.3,1.7,3.1,12,240.9,0
2017-03-21 09:42:00,3,35,23.4,75,11.5,1001.2,1.7,2.0,10,240.9,0
2017-03-21 09:45:00,3,35,23.4,75,11.7,1001.2,1.7,2.0,10,240.9,0
2017-03-21 09:48:00,3,35,23.4,73,11.9,1001.1,1.4,2.0,12,240.9,0
2017-03-21 09:51:00,3,35,23.4,73,11.8,1001.2,2.4,3.1,8,240.9,0
2017-03-21 09:54:00,3,35,23.5,72,11.7,1001.3,1.0,1.7,8,240.9,0
2017-03-21 09:57:00,3,34,23.5,72,11.6,1001.5,1.4,2.0,10,240.9,0
2017-03-21 10:00:00,3,35,23.7,72,11.4,1001.5,2.4,3.1,10,240.9,0
2017-03-21 10:03:00,3,35,23.6,72,11.3,1001.5,1.0,2.0,12,240.9,0
2017-03-21 10:06:00,3,35,23.6,72,11.2,1001.5,2.7,4.1,10,240.9,0
2017-03-21 10:09:00,3,35,23.5,72,11.1,1001.5,1.0,1.7,10,240.9,0
2017-03-21 10:12:00,3,35,23.3,73,11.1,1001.5,2.0,2.0,8,240.9,0
2017-03-21 10:15:00,3,35,23.2,73,11.1,1001.5,1.0,1.4,10,240.9,0
2017-03-21 10:18:00,3,35,23.1,74,11.1,1001.6,2.7,3.1,12,240.9,0
2017-03-21 10:21:00,3,35,23.0,73,11.1,1001.6,2.0,3.1,10,240.9,0
2017-03-21 10:24:00,3,35,22.9,73,11.1,1001.6,1.7,2.0,10,240.9,0
2017-03-21 10:27:00,3,35,22.8,73,11.3,1001.7,1.7,2.0,14,240.9,0
2017-03-21 10:30:00,3,36,22.8,72,11.4,1001.6,1.4,2.0,10,240.9,0
2017-03-21 10:33:00,3,36,22.6,72,11.7,1001.6,1.7,2.4,12,240.9,0
2017-03-21 10:36:00,3,36,22.6,70,11.9,1001.6,1.7,2.7,10,240.9,0
2017-03-21 10:39:00,3,36,22.6,69,11.9,1001.5,2.7,3.4,11,240.9,0
2017-03-21 10:42:00,3,36,22.5,69,11.8,1001.5,2.0,3.1,11,240.9,0
2017-03-21 10:45:00,3,36,22.4,69,11.8,1001.5,2.4,3.1,12,240.9,0
2017-03-21 10:48:00,3,37,22.3,70,11.8,1001.6,2.0,2.7,10,240.9,0
2017-03-21 10:51:00,3,37,22.3,70,11.9,1001.6,1.4,1.7,14,240.9,0
2017-03-21 10:54:00,3,38,22.3,70,12.0,1001.5,1.4,1.7,10,240.9,0
2017-03-21 10:57:00,3,38,22.3,69,12.0,1001.5,1.4,2.0,10,240.9,0
2017-03-21 11:00:00,3,38,22.2,65,12.0,1001.5,2.0,2.7,10,240.9,0
2017-03-21 11:03:00,3,38,22.2,65,12.0,1001.5,2.0,2.7,10,240.9,0
2017-03-21 11:06:00,3,38,22.2,65,12.0,1001.5,2.0,2.7,10,240.9,0
2017-03-21 11:09:00,3,38,22.2,63,11.9,1001.6,1.4,2.0,9,240.9,0
2017-03-21 11:12:00,3,38,22.2,64,12.0,1001.5,1.7,2.4,14,240.9,0
2017-03-21 11:15:00,3,38,22.2,63,12.0,1001.6,1.7,2.4,10,240.9,0
2017-03-21 11:18:00,3,38,22.2,64,12.0,1001.7,1.7,3.1,10,240.9,0
2017-03-21 11:21:00,3,38,22.3,65,11.9,1001.4,1.4,1.7,10,240.9,0
2017-03-21 11:24:00,3,38,22.3,66,12.0,1001.6,1.0,1.4,10,240.9,0
2017-03-21 11:27:00,3,38,22.2,67,12.1,1001.6,1.4,1.7,10,240.9,0
2017-03-21 11:30:00,3,38,22.2,66,12.1,1001.5,1.7,2.0,10,240.9,0
2017-03-21 11:33:00,3,38,22.2,65,12.1,1001.5,2.4,2.7,10,240.9,0
2017-03-21 11:36:00,3,38,22.2,65,12.0,1001.5,1.7,2.4,6,240.9,0
2017-03-21 11:39:00,3,38,22.1,65,11.9,1001.6,1.7,2.4,10,240.9,0
2017-03-21 11:42:00,3,38,22.1,65,11.7,1001.7,1.7,2.4,8,240.9,0
2017-03-21 11:45:00,3,38,22.1,64,11.5,1001.6,1.7,2.7,10,240.9,0
2017-03-21 11:48:00,3,38,22.0,65,11.4,1001.5,3.1,3.7,8,240.9,0
2017-03-21 11:51:00,3,38,22.1,66,11.3,1001.6,2.0,3.1,10,240.9,0
2017-03-21 11:54:00,3,38,22.0,68,11.3,1001.7,1.7,2.4,10,240.9,0
2017-03-21 11:57:00,3,38,22.0,69,11.3,1001.7,1.7,2.7,8,240.9,0
2017-03-21 12:00:00,3,39,21.9,70,11.3,1001.7,1.7,2.0,8,240.9,0
2017-03-21 12:03:00,3,39,21.9,70,11.3,1001.7,1.4,2.0,8,240.9,0
2017-03-21 12:06:00,3,39,21.9,70,11.5,1001.8,1.4,1.4,8,240.9,0
2017-03-21 12:09:00,3,39,21.9,70,11.6,1001.6,1.4,2.0,8,240.9,0
2017-03-21 12:12:00,3,39,21.9,70,11.7,1001.6,1.4,2.4,10,240.9,0
2017-03-21 12:15:00,3,39,21.9,69,11.8,1001.7,2.7,3.1,10,240.9,0
2017-03-21 12:18:00,3,39,21.9,68,11.7,1001.5,2.0,3.1,11,240.9,0
2017-03-21 12:21:00,3,39,21.8,69,11.7,1001.5,1.0,1.4,10,240.9,0
2017-03-21 12:24:00,3,39,21.8,69,11.8,1001.6,1.4,1.7,10,240.9,0
2017-03-21 12:27:00,3,39,21.8,69,11.9,1001.6,2.4,3.1,10,240.9,0
2017-03-21 12:30:00,3,39,21.8,67,11.8,1001.6,1.4,2.0,12,240.9,0
2017-03-21 12:33:00,3,39,21.8,67,11.8,1001.4,1.4,1.7,10,240.9,0
2017-03-21 12:36:00,3,39,21.8,67,11.8,1001.6,1.4,2.4,10,240.9,0
2017-03-21 12:39:00,3,39,21.8,68,11.9,1001.4,1.0,1.4,10,240.9,0
2017-03-21 12:42:00,3,39,21.8,67,11.9,1001.4,1.4,2.0,10,240.9,0
2017-03-21 12:45:00,3,40,21.8,66,11.9,1001.3,2.4,3.4,10,240.9,0
2017-03-21 12:48:00,3,40,21.8,65,11.8,1001.3,2.4,3.1,10,240.9,0
2017-03-21 12:51:00,3,40,21.8,65,11.8,1001.3,1.7,3.1,8,240.9,0
2017-03-21 12:54:00,3,40,21.7,66,11.9,1001.3,2.0,3.4,10,240.9,0
2017-03-21 12:57:00,3,40,21.7,66,12.0,1001.3,1.0,1.7,14,240.9,0
2017-03-21 13:00:00,3,40,21.7,65,12.1,1001.3,1.4,2.4,10,240.9,0
2017-03-21 13:03:00,3,40,21.7,65,12.1,1001.2,1.4,2.4,10,240.9,0
2017-03-21 13:06:00,3,40,21.7,65,12.1,1001.2,1.4,2.4,10,240.9,0
2017-03-21 13:09:00,3,40,21.7,63,12.4,1001.2,1.4,2.0,8,240.9,0
2017-03-21 13:12:00,3,40,21.7,63,12.4,1001.3,1.7,2.4,10,240.9,0
2017-03-21 13:15:00,3,40,21.7,60,12.5,1001.4,1.0,1.4,10,240.9,0
2017-03-21 13:18:00,3,40,21.7,60,12.6,1001.3,1.4,1.7,10,240.9,0
2017-03-21 13:21:00,3,40,21.7,60,12.7,1001.3,0.7,1.0,10,240.9,0
2017-03-21 13:24:00,3,40,21.7,60,12.7,1001.4,1.4,1.7,6,240.9,0
2017-03-21 13:27:00,3,40,21.7,59,12.7,1001.4,2.4,3.4,8,240.9,0
2017-03-21 13:30:00,3,40,21.7,60,12.6,1001.3,1.0,1.4,12,240.9,0
2017-03-21 13:33:00,3,40,21.7,59,12.6,1001.4,1.4,2.4,10,240.9,0
2017-03-21 13:36:00,3,40,21.7,60,12.7,1001.3,1.0,2.0,10,240.9,0
2017-03-21 13:39:00,3,40,21.7,59,12.7,1001.3,1.4,2.0,8,240.9,0
2017-03-21 13:42:00,3,40,21.7,59,12.6,1001.2,1.0,1.7,10,240.9,0
2017-03-21 13:45:00,3,40,21.7,59,12.5,1001.3,1.0,1.7,10,240.9,0
2017-03-21 13:48:00,3,40,21.7,62,12.4,1001.2,1.0,1.7,8,240.9,0
2017-03-21 13:51:00,3,40,21.7,62,12.3,1001.3,0.7,1.0,14,240.9,0
2017-03-21 13:54:00,3,40,21.7,63,12.4,1001.3,1.0,1.4,14,240.9,0
2017-03-21 13:57:00,3,40,21.7,62,12.4,1001.3,1.4,2.0,9,240.9,0
2017-03-21 14:00:00,3,40,21.7,60,12.5,1001.2,1.4,1.7,10,240.9,0
2017-03-21 14:03:00,3,40,21.7,59,12.5,1001.2,1.0,1.4,9,240.9,0
2017-03-21 14:06:00,3,40,21.7,60,12.6,1001.2,1.4,2.4,12,240.9,0
2017-03-21 14:09:00,3,40,21.7,59,12.6,1001.2,1.4,1.7,10,240.9,0
2017-03-21 14:12:00,3,40,21.6,60,12.6,1001.2,1.0,1.4,12,240.9,0
2017-03-21 14:15:00,3,40,21.6,60,12.6,1001.2,1.4,1.7,8,240.9,0
2017-03-21 14:18:00,3,40,21.6,60,12.5,1001.2,2.4,3.1,14,240.9,0
2017-03-21 14:21:00,3,40,21.6,60,12.5,1001.2,1.7,2.4,10,240.9,0
2017-03-21 14:24:00,3,40,21.6,60,12.5,1001.2,1.4,2.0,10,240.9,0
2017-03-21 14:27:00,3,40,21.6,60,12.5,1001.2,1.0,1.7,8,240.9,0
2017-03-21 14:30:00,3,40,21.6,63,12.4,1001.2,1.7,2.4,10,240.9,0
2017-03-21 14:33:00,3,40,21.6,63,12.3,1001.1,1.4,1.7,10,240.9,0
2017-03-21 14:36:00,3,40,21.6,63,12.2,1001.1,2.0,2.4,8,240.9,0
2017-03-21 14:39:00,3,40,21.6,63,12.1,1001.2,2.0,2.4,12,240.9,0
2017-03-21 14:42:00,3,40,21.6,64,12.1,1001.2,1.7,2.4,12,240.9,0
2017-03-21 14:45:00,3,40,21.6,65,12.0,1001.2,1.4,2.0,10,240.9,0
2017-03-21 14:48:00,3,40,21.6,65,12.0,1001.2,2.0,3.1,9,240.9,0
2017-03-21 14:51:00,3,41,21.6,65,12.0,1001.2,2.4,3.1,7,240.9,0
2017-03-21 14:54:00,3,41,21.6,66,12.0,1001.2,1.4,1.7,8,240.9,0
2017-03-21 14:57:00,3,41,21.6,66,12.0,1001.2,0.7,1.4,10,240.9,0
2017-03-21 15:00:00,3,41,21.6,66,12.1,1001.2,1.0,1.7,8,240.9,0
2017-03-21 15:03:00,3,41,21.6,66,12.1,1001.1,1.0,1.7,8,240.9,0
2017-03-21 15:06:00,3,41,21.6,66,12.1,1001.2,1.0,1.7,8,240.9,0
2017-03-21 15:09:00,3,41,21.6,66,12.0,1001.2,1.7,2.0,10,240.9,0
2017-03-21 15:12:00,3,41,21.6,66,12.0,1001.2,1.0,1.7,10,240.9,0
2017-03-21 15:15:00,3,41,21.6,66,12.0,1001.2,0.7,1.4,12,240.9,0
2017-03-21 15:18:00,3,41,21.6,67,12.2,1001.2,0.7,1.4,10,240.9,0
2017-03-21 15:21:00,3,41,21.6,66,12.3,1001.2,1.7,2.4,10,240.9,0
2017-03-21 15:24:00,3,41,21.6,64,12.2,1001.1,2.0,3.1,12,240.9,0
2017-03-21 15:27:00,3,41,21.6,65,12.2,1001.2,1.7,2.0,10,240.9,0
2017-03-21 15:30:00,3,41,21.6,64,12.1,1001.2,1.7,2.4,8,240.9,0
2017-03-21 15:33:00,3,41,21.6,65,12.1,1001.2,2.0,2.7,9,240.9,0
2017-03-21 15:36:00,3,41,21.6,65,12.1,1001.3,1.7,2.4,10,240.9,0
2017-03-21 15:39:00,3,41,21.6,64,12.1,1001.3,1.4,1.7,11,240.9,0
2017-03-21 15:42:00,3,41,21.6,64,12.0,1001.3,1.7,2.0,12,240.9,0
2017-03-21 15:45:00,3,41,21.6,64,11.9,1001.4,1.7,2.0,10,240.9,0
2017-03-21 15:48:00,3,41,21.6,65,11.8,1001.4,1.7,2.0,10,240.9,0
2017-03-21 15:51:00,3,41,21.6,64,11.8,1001.3,2.4,2.7,10,240.9,0
2017-03-21 15:54:00,3,41,21.6,65,11.7,1001.3,1.0,1.7,10,240.9,0
2017-03-21 15:57:00,3,41,21.6,65,11.7,1001.4,1.4,2.0,10,240.9,0
2017-03-21 16:00:00,3,41,21.6,66,11.7,1001.5,1.0,1.7,10,240.9,0
2017-03-21 16:03:00,3,41,21.6,66,11.6,1001.4,1.0,1.4,6,240.9,0
2017-03-21 16:06:00,3,41,21.6,66,11.6,1001.4,1.4,1.7,10,240.9,0
2017-03-21 16:09:00,3,41,21.6,66,11.6,1001.5,1.4,1.7,10,240.9,0
2017-03-21 16:12:00,3,41,21.6,66,11.6,1001.5,1.7,2.0,10,240.9,0
2017-03-21 16:15:00,3,42,21.6,66,11.5,1001.6,1.4,1.7,10,240.9,0
2017-03-21 16:18:00,3,42,21.6,67,11.5,1002.1,2.4,3.1,14,240.9,0
2017-03-21 16:21:00,3,42,21.7,66,11.2,1002.6,3.1,5.1,12,241.2,0
2017-03-21 16:24:00,3,42,21.8,66,10.0,1002.7,1.4,1.7,0,241.5,0
2017-03-21 16:27:00,3,41,21.9,68,9.3,1002.6,1.0,1.4,10,241.5,0
2017-03-21 16:30:00,3,41,21.9,71,8.7,1002.6,1.4,2.4,12,241.5,0
2017-03-21 16:33:00,3,40,22.1,72,8.4,1002.9,1.4,1.7,12,241.5,0
2017-03-21 16:36:00,3,39,22.2,73,8.2,1002.8,1.7,1.7,14,241.5,0
2017-03-21 16:39:00,3,39,22.3,74,8.2,1002.8,0.7,1.4,14,241.5,0
2017-03-21 16:42:00,3,39,22.3,74,8.1,1002.9,0.7,1.0,12,241.5,0
2017-03-21 16:45:00,3,39,22.5,74,8.1,1002.9,1.0,1.7,14,241.5,0
2017-03-21 16:48:00,3,39,22.6,74,8.0,1003.0,1.0,1.4,14,241.5,0
2017-03-21 16:51:00,3,38,22.6,74,8.0,1002.9,0.7,1.0,14,241.5,0
2017-03-21 16:54:00,3,38,22.6,74,7.9,1003.1,1.4,2.0,14,241.5,0
2017-03-21 16:57:00,3,38,22.7,74,7.9,1003.2,0,0.3,12,241.5,0
2017-03-21 17:00:00,3,38,22.7,74,7.8,1003.2,0,0,4,241.5,0
2017-03-21 17:03:00,3,38,22.8,74,7.8,1003.2,0,0,4,241.5,0
2017-03-21 17:06:00,3,37,23.0,74,7.8,1003.2,0,0,4,241.5,0
2017-03-21 17:09:00,3,37,23.0,75,7.7,1003.3,0,0.3,14,241.5,0
2017-03-21 17:12:00,3,37,23.1,75,7.6,1003.4,0,0,12,241.5,0
2017-03-21 17:15:00,3,36,23.1,75,7.6,1003.3,0,0.3,8,241.5,0
2017-03-21 17:18:00,3,36,23.2,76,7.5,1003.4,0,0.3,8,241.5,0
2017-03-21 17:21:00,3,36,23.2,76,7.5,1003.5,0,0,8,241.5,0
2017-03-21 17:24:00,3,36,23.3,82,7.4,1003.5,0,0.3,8,241.5,0
2017-03-21 17:27:00,3,36,23.4,82,7.4,1003.5,0,0,4,241.5,0
2017-03-21 17:30:00,3,36,23.4,82,7.3,1003.7,0,0,12,241.5,0
2017-03-21 17:33:00,3,36,23.3,83,7.3,1003.6,0,0,14,241.5,0
2017-03-21 17:36:00,3,36,23.2,83,7.2,1003.8,0,0,14,241.5,0
2017-03-21 17:39:00,3,36,23.2,83,7.2,1003.7,0,0,12,241.5,0
2017-03-21 17:42:00,3,36,23.1,84,7.2,1003.8,0,0.3,12,241.5,0
2017-03-21 17:45:00,3,37,22.9,84,7.2,1003.8,0.3,0.7,8,241.5,0
2017-03-21 17:48:00,3,37,22.9,85,7.2,1003.9,0,0,8,241.5,0
2017-03-21 17:51:00,3,38,22.8,85,7.2,1004.0,0,0,8,241.5,0
2017-03-21 17:54:00,3,38,22.7,85,7.1,1004.0,0,0,8,241.5,0
2017-03-21 17:57:00,3,38,22.7,85,7.2,1004.1,0,0,8,241.5,0
2017-03-21 18:00:00,3,38,22.7,86,7.2,1004.2,0,0,8,241.5,0
2017-03-21 18:03:00,3,38,22.6,86,7.2,1004.2,0,0,8,241.5,0
2017-03-21 18:06:00,3,38,22.6,86,7.2,1004.2,0,0,8,241.5,0
2017-03-21 18:09:00,3,38,22.6,86,7.2,1004.4,0.7,1.4,10,241.5,0
2017-03-21 18:12:00,3,38,22.6,86,7.2,1004.5,0.7,1.0,10,241.5,0
2017-03-21 18:15:00,3,38,22.6,86,7.3,1004.5,1.4,2.0,14,241.5,0
2017-03-21 18:18:00,3,38,22.5,85,7.4,1004.4,0.3,0.7,14,241.5,0
2017-03-21 18:21:00,3,38,22.5,84,7.4,1004.6,0.3,0.3,10,241.5,0
2017-03-21 18:24:00,3,38,22.5,84,7.4,1004.6,0,0.3,10,241.5,0
2017-03-21 18:27:00,3,38,22.5,84,7.4,1004.6,0,0.3,10,241.5,0
2017-03-21 18:30:00,3,38,22.4,83,7.4,1004.6,0,0,10,241.5,0
2017-03-21 18:33:00,3,38,22.3,83,7.3,1004.7,0,0,10,241.5,0
2017-03-21 18:36:00,3,38,22.3,83,7.3,1004.8,0,0,12,241.5,0
2017-03-21 18:39:00,3,38,22.3,83,7.3,1004.7,0,0,10,241.5,0
2017-03-21 18:42:00,3,38,22.3,83,7.3,1004.9,0,0,10,241.5,0
2017-03-21 18:45:00,3,38,22.3,83,7.3,1004.9,0,0,12,241.5,0
2017-03-21 18:48:00,3,38,22.2,83,7.2,1005.0,0,0,10,241.5,0
2017-03-21 18:51:00,3,38,22.2,83,7.2,1005.0,0,0.3,9,241.5,0
2017-03-21 18:54:00,3,38,22.2,83,7.2,1005.0,0.3,0.7,10,241.5,0
2017-03-21 18:57:00,3,38,22.2,82,7.3,1005.1,0,0,10,241.5,0
2017-03-21 19:00:00,3,38,22.2,82,7.2,1005.1,0,0,12,241.5,0
2017-03-21 19:03:00,3,38,22.2,82,7.2,1005.1,0,0,12,241.5,0
2017-03-21 19:06:00,3,38,22.2,82,7.2,1005.1,0,0,12,241.5,0
2017-03-21 19:09:00,3,38,22.1,82,7.2,1005.2,0,0,14,241.5,0
2017-03-21 19:12:00,3,38,22.1,82,7.1,1005.2,0,0,14,241.5,0
2017-03-21 19:15:00,3,38,22.1,82,7.1,1005.1,0,0,14,241.5,0
2017-03-21 19:18:00,3,38,22.0,82,7.0,1005.1,0,0,14,241.5,0
2017-03-21 19:21:00,3,38,22.0,82,7.0,1005.2,0,0,14,241.5,0
2017-03-21 19:24:00,3,38,22.0,82,6.9,1005.3,0,0,14,241.5,0
2017-03-21 19:27:00,3,39,21.9,82,6.9,1005.3,0,0,14,241.5,0
2017-03-21 19:30:00,3,39,21.9,83,6.8,1005.5,0,0,14,241.5,0
2017-03-21 19:33:00,3,39,21.9,83,6.8,1005.5,0,0,14,241.5,0
2017-03-21 19:36:00,3,39,21.9,83,6.8,1005.5,0,0,14,241.5,0
2017-03-21 19:39:00,3,39,21.9,83,6.8,1005.5,0,0,14,241.5,0
2017-03-21 19:42:00,3,39,21.9,83,6.8,1005.6,0,0,14,241.5,0
2017-03-21 19:45:00,3,39,21.9,84,6.7,1005.6,0,0,14,241.5,0
2017-03-21 19:48:00,3,39,21.9,84,6.7,1005.6,0,0,14,241.5,0
2017-03-21 19:51:00,3,40,21.9,84,6.7,1005.6,0,0,14,241.5,0
2017-03-21 19:54:00,3,39,21.8,84,6.6,1005.6,0,0,14,241.5,0
2017-03-21 19:57:00,3,39,21.8,84,6.6,1005.6,0,0,14,241.5,0
2017-03-21 20:00:00,3,39,21.8,85,6.6,1005.7,0,0,14,241.5,0
2017-03-21 20:03:00,3,39,21.8,85,6.5,1005.8,0,0,14,241.5,0
2017-03-21 20:06:00,3,39,21.8,85,6.5,1005.8,0,0,14,241.5,0
2017-03-21 20:09:00,3,39,21.8,85,6.4,1005.9,0,0,14,241.5,0
2017-03-21 20:12:00,3,39,21.8,85,6.4,1005.8,0,0,14,241.5,0
2017-03-21 20:15:00,3,40,21.8,86,6.4,1005.9,0,0,14,241.5,0
2017-03-21 20:18:00,3,40,21.8,86,6.4,1006.0,0,0,14,241.5,0
2017-03-21 20:21:00,3,40,21.8,86,6.3,1005.9,0,0,14,241.5,0
2017-03-21 20:24:00,3,40,21.8,86,6.3,1005.9,0,0,14,241.5,0
2017-03-21 20:27:00,3,40,21.8,86,6.3,1006.0,0,0,14,241.5,0
2017-03-21 20:30:00,3,40,21.8,87,6.3,1006.1,0,0,14,241.5,0
2017-03-21 20:33:00,3,40,21.7,87,6.2,1006.1,0,0,14,241.5,0
2017-03-21 20:36:00,3,40,21.7,87,6.2,1006.1,0,0,14,241.5,0
2017-03-21 20:39:00,3,40,21.7,87,6.2,1006.2,0,0,14,241.5,0
2017-03-21 20:42:00,3,40,21.7,87,6.2,1006.2,0,0,14,241.5,0
2017-03-21 20:45:00,3,40,21.7,87,6.2,1006.4,0,0,14,241.5,0
2017-03-21 20:48:00,3,40,21.7,87,6.2,1006.5,0,0,14,241.5,0
2017-03-21 20:51:00,3,40,21.7,87,6.2,1006.4,0,0,14,241.5,0
2017-03-21 20:54:00,3,40,21.7,87,6.2,1006.5,0,0,10,241.5,0
2017-03-21 20:57:00,3,40,21.7,88,6.2,1006.6,0,0,0,241.5,0
2017-03-21 21:00:00,3,40,21.7,88,6.2,1006.6,0,0,0,241.5,0
2017-03-21 21:03:00,3,40,21.7,88,6.2,1006.6,0,0,0,241.5,0
2017-03-21 21:06:00,3,40,21.7,88,6.2,1006.7,0,0,0,241.5,0
2017-03-21 21:09:00,3,40,21.7,88,6.1,1006.8,0,0,14,241.5,0
2017-03-21 21:12:00,3,40,21.7,87,6.1,1006.8,0,0,14,241.5,0
2017-03-21 21:15:00,3,40,21.7,87,6.1,1006.8,0,0,14,241.5,0
2017-03-21 21:18:00,3,40,21.7,87,6.1,1006.8,0,0,14,241.5,0
2017-03-21 21:21:00,3,40,21.7,87,6.0,1006.9,0,0,14,241.5,0
2017-03-21 21:24:00,3,40,21.7,87,6.0,1006.9,0,0,14,241.5,0
2017-03-21 21:27:00,3,40,21.7,87,5.9,1006.9,0,0,14,241.5,0
2017-03-21 21:30:00,3,40,21.7,87,5.9,1007.0,0,0,14,241.5,0
2017-03-21 21:33:00,3,40,21.7,87,5.9,1007.0,0,0,14,241.5,0
2017-03-21 21:36:00,3,40,21.6,87,5.8,1007.1,0,0,14,241.5,0
2017-03-21 21:39:00,3,40,21.6,87,5.8,1007.0,0,0,14,241.5,0
2017-03-21 21:42:00,3,40,21.6,87,5.7,1007.1,0,0,14,241.5,0
2017-03-21 21:45:00,3,40,21.6,87,5.7,1007.2,0,0,14,241.5,0
2017-03-21 21:48:00,3,40,21.6,87,5.7,1007.2,0,0,14,241.5,0
2017-03-21 21:51:00,3,40,21.6,87,5.7,1007.2,0,0,14,241.5,0
2017-03-21 21:54:00,3,40,21.6,87,5.8,1007.3,0,0,14,241.5,0
2017-03-21 21:57:00,3,40,21.6,87,5.9,1007.4,0.7,1.0,0,241.5,0
2017-03-21 22:00:00,3,40,21.5,87,6.0,1007.4,0,0.3,12,241.5,0
2017-03-21 22:03:00,3,40,21.5,87,6.0,1007.4,0.7,1.0,14,241.5,0
2017-03-21 22:06:00,3,40,21.5,87,6.1,1007.4,0,0.3,14,241.5,0
2017-03-21 22:09:00,3,40,21.5,86,6.1,1007.5,0.3,0.7,14,241.5,0
2017-03-21 22:12:00,3,40,21.5,86,6.2,1007.6,0,0.7,14,241.5,0
2017-03-21 22:15:00,3,40,21.5,85,6.2,1007.5,0.3,0.3,14,241.5,0
2017-03-21 22:18:00,3,40,21.5,85,6.2,1007.6,0,0.3,12,241.5,0
2017-03-21 22:21:00,3,40,21.5,84,6.2,1007.6,0.3,0.7,14,241.5,0
2017-03-21 22:24:00,3,40,21.5,84,6.2,1007.7,0,0,14,241.5,0
2017-03-21 22:27:00,3,40,21.5,84,6.1,1007.6,0,0.3,14,241.5,0
2017-03-21 22:30:00,3,40,21.4,84,6.1,1007.6,0,0,14,241.5,0
2017-03-21 22:33:00,3,39,21.4,83,6.1,1007.7,0,0.3,14,241.5,0
2017-03-21 22:36:00,3,39,21.4,83,6.1,1007.8,0,0,14,241.5,0
2017-03-21 22:39:00,3,40,21.3,83,6.0,1007.8,0.3,0.7,12,241.5,0
2017-03-21 22:42:00,3,40,21.3,83,6.0,1007.8,0,0,12,241.5,0
2017-03-21 22:45:00,3,40,21.3,83,5.9,1007.9,0,0,12,241.5,0
2017-03-21 22:48:00,3,40,21.3,83,5.8,1007.9,0,0,12,241.5,0
2017-03-21 22:51:00,3,39,21.3,83,5.8,1008.0,0,0,12,241.5,0
2017-03-21 22:54:00,3,39,21.3,83,5.7,1007.9,0,0,12,241.5,0
2017-03-21 22:57:00,3,39,21.3,83,5.5,1008.0,0,0,12,241.5,0
