2017-03-31 00:02:59,3,38,22.3,90,10.0,1016.1,0,0,4,249.9,0
2017-03-31 00:05:59,3,38,22.3,90,10.0,1015.9,0,0,4,249.9,0
2017-03-31 00:08:59,3,38,22.3,90,9.8,1016.0,0,0,4,249.9,0
2017-03-31 00:11:59,3,38,22.2,90,9.8,1015.9,0,0,4,249.9,0
2017-03-31 00:14:59,3,38,22.2,90,9.7,1016.0,0,0,4,249.9,0
2017-03-31 00:17:59,3,38,22.2,90,9.7,1016.0,0,0,4,249.9,0
2017-03-31 00:20:59,3,38,22.2,90,9.6,1016.0,0,0,4,249.9,0
2017-03-31 00:23:59,3,38,22.2,90,9.5,1015.9,0,0,4,249.9,0
2017-03-31 00:26:59,3,38,22.2,90,9.5,1015.8,0,0,8,249.9,0
2017-03-31 00:29:59,3,38,22.2,90,9.5,1015.8,0,0,4,249.9,0
2017-03-31 00:32:59,3,38,22.2,90,9.5,1015.8,0,0,4,249.9,0
2017-03-31 00:35:59,3,38,22.2,90,9.5,1015.8,0,0,8,249.9,0
2017-03-31 00:38:59,3,38,22.2,90,9.5,1015.7,0,0,2,249.9,0
2017-03-31 00:41:59,3,38,22.2,90,9.4,1015.8,0,0,2,249.9,0
2017-03-31 00:44:59,3,38,22.1,90,9.4,1015.6,0,0,2,249.9,0
2017-03-31 00:47:59,3,38,22.1,90,9.3,1015.7,0,0,2,249.9,0
2017-03-31 00:50:59,3,38,22.1,90,9.3,1015.6,0,0,2,249.9,0
2017-03-31 00:53:59,3,38,22.1,90,9.2,1015.6,0,0,2,249.9,0
2017-03-31 00:56:59,3,38,22.1,91,9.2,1015.6,0,0,2,249.9,0
2017-03-31 00:59:59,3,38,22.1,91,9.2,1015.4,0,0,2,249.9,0
2017-03-31 01:02:59,3,38,22.1,91,9.3,1015.5,0,0,2,249.9,0
2017-03-31 01:05:59,3,38,22.1,91,9.2,1015.4,0,0,2,249.9,0
2017-03-31 01:08:59,3,38,22.0,91,9.3,1015.4,0,0,6,249.9,0
2017-03-31 01:11:59,3,38,22.0,91,9.2,1015.4,0,0,6,249.9,0
2017-03-31 01:14:59,3,38,22.0,91,9.2,1015.4,0,0,6,249.9,0
2017-03-31 01:17:59,3,38,22.0,91,9.2,1015.5,0,0,6,249.9,0
2017-03-31 01:20:59,3,38,22.0,91,9.1,1015.4,0,0,4,249.9,0
2017-03-31 01:23:59,3,39,21.9,91,9.1,1015.3,0,0,4,249.9,0
2017-03-31 01:26:59,3,39,21.9,91,9.0,1015.3,0,0,4,249.9,0
2017-03-31 01:29:59,3,39,21.9,91,9.0,1015.3,0,0,4,249.9,0
2017-03-31 01:32:59,3,39,21.9,91,9.0,1015.2,0,0,4,249.9,0
2017-03-31 01:35:59,3,39,21.9,91,9.0,1015.1,0,0,4,249.9,0
2017-03-31 01:38:59,3,39,21.9,91,8.9,1015.1,0,0,4,249.9,0
2017-03-31 01:41:59,3,39,21.9,91,8.9,1015.1,0,0,4,249.9,0
2017-03-31 01:44:59,3,39,21.9,91,9.0,1015.0,0,0,4,249.9,0
2017-03-31 01:47:59,3,39,21.9,92,9.0,1015.0,0,0,4,249.9,0
2017-03-31 01:50:59,3,39,21.9,92,9.0,1015.0,0,0,4,249.9,0
2017-03-31 01:53:59,3,39,21.9,92,8.9,1015.0,0,0,4,249.9,0
2017-03-31 01:56:59,3,39,21.8,92,8.8,1014.9,0,0,4,249.9,0
2017-03-31 01:59:59,3,39,21.8,92,8.8,1015.0,0,0,4,249.9,0
2017-03-31 02:02:59,3,39,21.8,92,8.8,1014.9,0,0,4,249.9,0
2017-03-31 02:05:59,3,39,21.8,92,8.8,1014.9,0,0,4,249.9,0
2017-03-31 02:08:59,3,39,21.8,92,8.7,1014.9,0,0,2,249.9,0
2017-03-31 02:11:59,3,39,21.8,92,8.7,1014.8,0,0,2,249.9,0
2017-03-31 02:14:59,3,39,21.8,92,8.6,1014.9,0,0,2,249.9,0
2017-03-31 02:17:59,3,39,21.8,92,8.5,1014.9,0,0,2,249.9,0
2017-03-31 02:20:59,3,39,21.8,92,8.5,1014.8,0,0,2,249.9,0
2017-03-31 02:23:59,3,39,21.7,92,8.5,1014.7,0,0,2,249.9,0
2017-03-31 02:26:59,3,39,21.7,92,8.5,1014.7,0,0,2,249.9,0
2017-03-31 02:29:59,3,39,21.7,92,8.4,1014.6,0,0,2,249.9,0
2017-03-31 02:32:59,3,39,21.7,92,8.4,1014.6,0,0,2,249.9,0
2017-03-31 02:35:59,3,39,21.7,92,8.3,1014.5,0,0,2,249.9,0
2017-03-31 02:38:59,3,39,21.7,92,8.3,1014.5,0,0,2,249.9,0
2017-03-31 02:41:59,3,39,21.7,92,8.2,1014.5,0,0,2,249.9,0
2017-03-31 02:44:59,3,39,21.7,92,8.2,1014.4,0,0,2,249.9,0
2017-03-31 02:47:59,3,39,21.7,92,8.2,1014.4,0,0,4,249.9,0
2017-03-31 02:50:59,3,39,21.7,92,8.3,1014.4,0,0,4,249.9,0
2017-03-31 02:53:59,3,39,21.7,92,8.3,1014.5,0,0,4,249.9,0
2017-03-31 02:56:59,3,39,21.7,92,8.3,1014.4,0,0,4,249.9,0
2017-03-31 02:59:59,3,39,21.7,92,8.3,1014.4,0,0,4,249.9,0
2017-03-31 03:02:59,3,39,21.6,92,8.3,1014.4,0,0,4,249.9,0
2017-03-31 03:05:59,3,39,21.6,93,8.3,1014.4,0,0,0,249.9,0
2017-03-31 03:08:59,3,39,21.6,93,8.3,1014.4,0,0,6,249.9,0
2017-03-31 03:11:59,3,39,21.6,93,8.4,1014.4,0,0,8,249.9,0
2017-03-31 03:14:59,3,39,21.6,93,8.5,1014.3,0,0,10,249.9,0
2017-03-31 03:17:59,3,39,21.6,93,8.6,1014.3,0,0,4,249.9,0
2017-03-31 03:20:59,3,39,21.6,93,8.7,1014.3,0,0,4,249.9,0
2017-03-31 03:23:59,3,39,21.5,93,8.6,1014.3,0,0,4,249.9,0
2017-03-31 03:26:59,3,39,21.5,93,8.6,1014.3,0,0,4,249.9,0
2017-03-31 03:29:59,3,39,21.5,93,8.7,1014.3,0,0,6,249.9,0
2017-03-31 03:32:59,3,39,21.5,93,8.7,1014.2,0,0,4,249.9,0
2017-03-31 03:35:59,3,39,21.5,93,8.7,1014.2,0,0,4,249.9,0
2017-03-31 03:38:59,3,39,21.5,93,8.7,1014.1,0,0,4,249.9,0
2017-03-31 03:41:59,3,39,21.5,93,8.7,1014.1,0,0,6,249.9,0
2017-03-31 03:44:59,3,39,21.5,93,8.6,1014.1,0,0,2,249.9,0
2017-03-31 03:47:59,3,39,21.5,92,8.5,1014.1,0,0,6,249.9,0
2017-03-31 03:50:59,3,39,21.5,92,8.4,1014.1,0,0,6,249.9,0
2017-03-31 03:53:59,3,39,21.5,92,8.3,1014.1,0,0,6,249.9,0
2017-03-31 03:56:59,3,39,21.5,92,8.3,1014.0,0,0,2,249.9,0
2017-03-31 03:59:59,3,39,21.5,92,8.2,1013.9,0,0,6,249.9,0
2017-03-31 04:02:59,3,39,21.5,92,8.2,1013.9,0,0,6,249.9,0
2017-03-31 04:05:59,3,39,21.5,92,8.2,1014.0,0,0,6,249.9,0
2017-03-31 04:08:59,3,39,21.5,92,8.1,1013.9,0,0,4,249.9,0
2017-03-31 04:11:59,3,39,21.5,92,8.1,1014.0,0,0,4,249.9,0
2017-03-31 04:14:59,3,39,21.5,92,8.0,1014.1,0,0,4,249.9,0
2017-03-31 04:17:59,3,39,21.5,92,7.9,1013.9,0,0,4,249.9,0
2017-03-31 04:20:59,3,39,21.5,92,7.8,1014.0,0,0,4,249.9,0
2017-03-31 04:23:59,3,39,21.5,92,7.8,1014.0,0,0,4,249.9,0
2017-03-31 04:26:59,3,39,21.5,92,7.8,1014.0,0,0,4,249.9,0
2017-03-31 04:29:59,3,39,21.5,92,7.7,1014.0,0,0,4,249.9,0
2017-03-31 04:32:59,3,39,21.5,92,7.6,1014.1,0,0,4,249.9,0
2017-03-31 04:35:59,3,39,21.5,92,7.6,1013.9,0,0,4,249.9,0
2017-03-31 04:38:59,3,39,21.5,92,7.6,1014.0,0,0,4,249.9,0
2017-03-31 04:41:59,3,39,21.6,92,7.5,1014.0,0,0,4,249.9,0
2017-03-31 04:44:59,3,39,21.6,92,7.5,1014.0,0,0,4,249.9,0
2017-03-31 04:47:59,3,39,21.6,97,7.4,1014.0,0,0,8,249.9,0
2017-03-31 04:50:59,3,39,21.6,97,7.4,1013.9,0,0,4,249.9,0
2017-03-31 04:53:59,3,39,21.6,97,7.4,1014.0,0,0,4,249.9,0
2017-03-31 04:56:59,3,39,21.6,97,7.4,1014.0,0,0,8,249.9,0
2017-03-31 04:59:59,3,39,21.6,93,7.5,1013.9,0,0,2,249.9,0
2017-03-31 05:02:59,3,39,21.6,93,7.5,1014.0,0,0,2,249.9,0
2017-03-31 05:05:59,3,39,21.6,93,7.6,1013.9,0,0,2,249.9,0
2017-03-31 05:08:59,3,39,21.6,93,7.7,1014.0,0,0,2,249.9,0
2017-03-31 05:11:59,3,39,21.6,93,7.8,1013.9,0,0,2,249.9,0
2017-03-31 05:14:59,3,39,21.7,93,7.8,1014.0,0,0,2,249.9,0
2017-03-31 05:17:59,3,39,21.7,94,7.9,1014.0,0,0,2,249.9,0
2017-03-31 05:20:59,3,39,21.7,94,8.0,1014.0,0,0,6,249.9,0
2017-03-31 05:23:59,3,39,21.7,94,8.1,1014.0,0,0,4,249.9,0
2017-03-31 05:26:59,3,39,21.7,94,8.1,1014.0,0,0,4,249.9,0
2017-03-31 05:29:59,3,39,21.7,94,8.3,1013.9,0,0,8,249.9,0
2017-03-31 05:32:59,3,39,21.7,94,8.4,1013.9,0,0,2,249.9,0
2017-03-31 05:35:59,3,39,21.7,95,8.6,1014.0,0,0,2,249.9,0
2017-03-31 05:38:59,3,39,21.7,95,8.7,1014.0,0,0,2,249.9,0
2017-03-31 05:41:59,3,39,21.7,95,8.8,1013.9,0,0,2,249.9,0
2017-03-31 05:44:59,3,39,21.7,95,9.0,1014.0,0,0,10,249.9,0
2017-03-31 05:47:59,3,40,21.7,95,9.2,1013.9,0,0.7,6,249.9,0
2017-03-31 05:50:59,3,40,21.7,95,9.4,1013.8,0,0.3,6,249.9,0
2017-03-31 05:53:59,3,40,21.7,95,9.5,1013.9,0,0.3,4,249.9,0
2017-03-31 05:56:59,3,40,21.7,95,10.1,1013.9,0.3,0.7,6,249.9,0
2017-03-31 05:59:59,3,40,21.7,95,10.7,1013.8,0,0.3,10,249.9,0
2017-03-31 06:02:59,3,40,21.7,95,10.7,1013.9,0,0.3,10,249.9,0
2017-03-31 06:05:59,3,40,21.7,95,10.7,1013.8,0,0.3,10,249.9,0
2017-03-31 06:08:59,3,40,21.7,90,12.9,1013.8,0,0,10,249.9,0
2017-03-31 06:11:59,3,42,21.8,85,13.2,1013.8,0,0.3,8,249.9,0
2017-03-31 06:14:59,3,43,21.8,82,13.5,1013.9,0,0.3,4,249.9,0
2017-03-31 06:17:59,3,41,21.9,79,13.9,1013.9,0,0.3,4,249.9,0
2017-03-31 06:20:59,3,40,22.0,75,14.3,1013.7,0,0,8,249.9,0
2017-03-31 06:23:59,3,40,22.2,73,14.8,1013.8,0,0.3,4,249.9,0
2017-03-31 06:26:59,3,39,22.3,72,15.0,1013.7,0.7,0.7,14,249.9,0
2017-03-31 06:29:59,3,39,22.5,71,15.4,1013.8,0.7,1.0,2,249.9,0
2017-03-31 06:32:59,3,39,22.6,69,15.5,1013.8,0.3,0.7,8,249.9,0
2017-03-31 06:35:59,3,38,22.6,66,15.6,1013.8,0,0.3,10,249.9,0
2017-03-31 06:38:59,3,38,22.7,66,15.9,1013.8,0.3,0.3,10,249.9,0
2017-03-31 06:41:59,3,38,22.7,64,16.0,1013.8,0.3,0.7,6,249.9,0
2017-03-31 06:44:59,3,38,22.9,63,16.0,1013.7,0.7,1.0,7,249.9,0
2017-03-31 06:47:59,3,37,23.0,63,16.1,1013.8,1.0,1.7,10,249.9,0
2017-03-31 06:50:59,3,37,23.0,62,15.9,1013.8,1.0,1.7,8,249.9,0
2017-03-31 06:53:59,3,37,23.1,63,15.7,1013.8,0.7,1.0,8,249.9,0
2017-03-31 06:56:59,3,37,23.2,63,15.7,1013.7,1.4,1.7,4,249.9,0
2017-03-31 06:59:59,3,37,23.2,63,15.7,1013.7,1.4,1.7,9,249.9,0
2017-03-31 07:02:59,3,37,23.3,63,15.7,1013.7,1.0,1.7,9,249.9,0
2017-03-31 07:05:59,3,37,23.4,63,15.8,1013.8,0.7,1.0,10,249.9,0
2017-03-31 07:08:59,3,37,23.5,63,16.1,1013.7,0.7,1.0,2,249.9,0
2017-03-31 07:11:59,3,37,23.5,62,16.3,1013.8,0.7,1.0,8,249.9,0
2017-03-31 07:14:59,3,37,23.5,62,16.5,1013.7,0.7,1.0,9,249.9,0
2017-03-31 07:17:59,3,37,23.7,62,16.7,1013.7,0.7,1.0,8,249.9,0
2017-03-31 07:20:59,3,37,23.7,61,17.0,1013.7,1.0,1.4,9,249.9,0
2017-03-31 07:23:59,3,37,23.7,61,17.2,1013.6,1.0,1.4,3,249.9,0
2017-03-31 07:26:59,3,36,23.7,61,17.1,1013.6,1.0,1.4,6,249.9,0
2017-03-31 07:29:59,3,36,23.8,60,17.3,1013.7,1.4,1.7,10,249.9,0
2017-03-31 07:32:59,3,35,24.0,59,17.1,1013.6,1.4,1.7,10,249.9,0
2017-03-31 07:35:59,3,35,24.0,59,17.3,1013.8,1.4,1.7,8,249.9,0
2017-03-31 07:38:59,3,35,24.0,55,17.5,1013.7,0.3,0.7,6,249.9,0
2017-03-31 07:41:59,3,35,24.1,54,17.8,1013.7,0.7,1.4,8,249.9,0
2017-03-31 07:44:59,3,35,24.1,53,17.7,1013.8,2.4,3.1,8,249.9,0
2017-03-31 07:47:59,3,35,24.1,53,17.5,1013.7,0.7,1.0,10,249.9,0
2017-03-31 07:50:59,3,35,24.2,53,17.6,1013.7,1.4,1.7,8,249.9,0
2017-03-31 07:53:59,3,35,24.2,54,17.7,1013.6,0.7,0.7,10,249.9,0
2017-03-31 07:56:59,3,35,24.2,53,18.1,1013.6,1.4,1.7,8,249.9,0
2017-03-31 07:59:59,3,35,24.2,52,18.1,1013.6,1.4,2.0,8,249.9,0
2017-03-31 08:02:59,3,35,24.2,52,18.1,1013.6,1.4,2.0,8,249.9,0
2017-03-31 08:05:59,3,35,24.3,52,18.1,1013.6,1.4,2.0,8,249.9,0
2017-03-31 08:08:59,3,35,24.4,53,18.2,1013.6,1.0,1.7,10,249.9,0
2017-03-31 08:11:59,3,35,24.4,52,18.2,1013.6,1.0,1.4,6,249.9,0
2017-03-31 08:14:59,3,35,24.4,52,18.3,1013.6,1.4,2.4,10,249.9,0
2017-03-31 08:17:59,3,35,24.4,52,18.4,1013.5,0.7,1.4,8,249.9,0
2017-03-31 08:20:59,3,35,24.4,51,18.5,1013.5,1.7,2.4,8,249.9,0
2017-03-31 08:23:59,3,35,24.5,52,18.6,1013.5,0.7,1.0,8,249.9,0
2017-03-31 08:26:59,3,35,24.5,52,18.7,1013.6,1.0,1.7,8,249.9,0
2017-03-31 08:29:59,3,35,24.4,51,18.7,1013.5,1.4,2.0,11,249.9,0
2017-03-31 08:32:59,3,35,24.2,51,18.7,1013.5,1.4,1.4,9,249.9,0
2017-03-31 08:35:59,3,35,24.1,51,18.8,1013.4,1.4,2.4,10,249.9,0
2017-03-31 08:38:59,3,35,24.1,51,18.8,1013.4,1.4,1.7,10,249.9,0
2017-03-31 08:41:59,3,35,24.0,51,18.8,1013.5,1.4,1.7,12,249.9,0
2017-03-31 08:44:59,3,35,24.0,52,19.1,1013.3,1.0,1.4,10,249.9,0
2017-03-31 08:47:59,3,36,23.7,51,19.3,1013.3,1.0,1.4,8,249.9,0
2017-03-31 08:50:59,3,36,23.7,51,19.4,1013.2,1.0,2.0,8,249.9,0
2017-03-31 08:53:59,3,36,23.7,50,19.6,1013.2,1.4,2.0,8,249.9,0
2017-03-31 08:56:59,3,37,23.6,50,19.6,1013.2,1.0,1.4,12,249.9,0
2017-03-31 08:59:59,3,36,23.5,51,19.7,1013.2,1.4,1.7,6,249.9,0
2017-03-31 09:02:59,3,36,23.5,50,19.7,1013.2,1.0,1.4,10,249.9,0
2017-03-31 09:05:59,3,37,23.5,50,20.0,1013.1,0.7,1.0,8,249.9,0
2017-03-31 09:08:59,3,37,23.4,50,20.4,1013.2,1.0,1.7,10,249.9,0
2017-03-31 09:11:59,3,37,23.4,48,20.4,1013.1,1.4,1.7,8,249.9,0
2017-03-31 09:14:59,3,37,23.3,48,20.2,1013.1,1.7,2.4,8,249.9,0
2017-03-31 09:17:59,3,37,23.3,49,20.0,1013.1,1.4,1.7,12,249.9,0
2017-03-31 09:20:59,3,37,23.2,49,20.0,1013.0,1.7,2.4,4,249.9,0
2017-03-31 09:23:59,3,37,23.2,49,19.9,1012.9,1.0,1.4,10,249.9,0
2017-03-31 09:26:59,3,37,23.2,50,19.9,1012.9,1.7,2.0,7,249.9,0
2017-03-31 09:29:59,3,37,23.2,50,20.1,1012.9,0.3,0.7,4,249.9,0
2017-03-31 09:32:59,3,37,23.2,50,20.3,1012.9,1.0,1.7,2,249.9,0
2017-03-31 09:35:59,3,37,23.1,48,20.4,1012.8,1.0,1.7,5,249.9,0
2017-03-31 09:38:59,3,37,23.1,47,20.4,1012.8,2.7,4.8,3,249.9,0
2017-03-31 09:41:59,3,37,23.1,49,20.1,1012.8,1.4,2.4,6,249.9,0
2017-03-31 09:44:59,3,37,23.1,48,20.2,1012.7,2.0,2.7,8,249.9,0
2017-03-31 09:47:59,3,37,23.0,49,20.4,1012.7,1.0,1.4,12,249.9,0
2017-03-31 09:50:59,3,37,23.0,49,20.6,1012.6,1.4,1.7,2,249.9,0
2017-03-31 09:53:59,3,38,22.9,48,20.9,1012.6,0.7,1.0,8,249.9,0
2017-03-31 09:56:59,3,38,22.9,45,21.0,1012.7,1.7,3.4,4,249.9,0
2017-03-31 09:59:59,3,38,22.9,46,21.1,1012.6,1.0,2.0,4,249.9,0
2017-03-31 10:02:59,3,37,23.0,46,21.1,1012.4,1.0,2.0,4,249.9,0
2017-03-31 10:05:59,3,38,22.9,46,21.1,1012.4,1.0,2.0,4,249.9,0
2017-03-31 10:08:59,3,38,22.8,45,21.4,1012.3,1.0,2.0,8,249.9,0
2017-03-31 10:11:59,3,38,22.7,45,21.3,1012.4,1.0,1.7,6,249.9,0
2017-03-31 10:14:59,3,38,22.7,45,21.3,1012.3,1.4,1.7,6,249.9,0
2017-03-31 10:17:59,3,38,22.7,45,21.3,1012.3,1.7,2.7,8,249.9,0
2017-03-31 10:20:59,3,38,22.7,44,21.3,1012.3,1.0,1.7,8,249.9,0
2017-03-31 10:23:59,3,38,22.7,44,21.2,1012.2,3.4,4.1,8,249.9,0
2017-03-31 10:26:59,3,38,22.7,45,21.2,1012.2,1.4,2.0,8,249.9,0
2017-03-31 10:29:59,3,39,22.7,44,21.3,1012.2,1.4,2.4,8,249.9,0
2017-03-31 10:32:59,3,39,22.7,45,21.3,1012.1,2.4,3.4,6,249.9,0
2017-03-31 10:35:59,3,39,22.7,45,21.4,1012.1,1.4,2.7,8,249.9,0
2017-03-31 10:38:59,3,39,22.7,44,21.5,1012.0,1.7,2.0,0,249.9,0
2017-03-31 10:41:59,3,39,22.7,44,21.8,1012.1,0.7,1.4,2,249.9,0
2017-03-31 10:44:59,3,39,22.6,44,22.0,1012.0,1.0,2.7,8,249.9,0
2017-03-31 10:47:59,3,39,22.6,43,21.9,1011.9,1.7,2.7,4,249.9,0
2017-03-31 10:50:59,3,39,22.6,43,21.7,1011.8,1.4,1.7,8,249.9,0
2017-03-31 10:53:59,3,39,22.6,42,21.8,1011.8,2.0,2.7,10,249.9,0
2017-03-31 10:56:59,3,39,22.6,43,21.8,1011.7,1.7,2.0,5,249.9,0
2017-03-31 10:59:59,3,39,22.6,43,21.9,1011.6,3.1,4.4,6,249.9,0
2017-03-31 11:02:59,3,39,22.6,42,21.7,1011.6,1.0,1.7,0,249.9,0
2017-03-31 11:05:59,3,40,22.6,44,21.7,1011.6,1.0,1.7,12,249.9,0
2017-03-31 11:08:59,3,40,22.6,43,21.9,1011.5,1.4,2.7,2,249.9,0
2017-03-31 11:11:59,3,40,22.6,43,22.0,1011.4,2.7,3.1,10,249.9,0
2017-03-31 11:14:59,3,40,22.6,43,21.9,1011.4,1.7,3.4,8,249.9,0
2017-03-31 11:17:59,3,40,22.6,43,22.2,1011.3,1.4,2.0,7,249.9,0
2017-03-31 11:20:59,3,40,22.6,39,22.5,1011.2,2.7,4.4,8,249.9,0
2017-03-31 11:23:59,3,40,22.6,41,22.3,1011.2,2.7,3.1,10,249.9,0
2017-03-31 11:26:59,3,40,22.6,42,22.3,1011.1,2.4,3.1,2,249.9,0
2017-03-31 11:29:59,3,40,22.6,41,22.1,1011.2,3.1,4.4,8,249.9,0
2017-03-31 11:32:59,3,40,22.6,42,22.2,1011.1,1.0,1.4,8,249.9,0
2017-03-31 11:35:59,3,40,22.6,42,22.4,1011.1,3.1,3.7,8,249.9,0
2017-03-31 11:38:59,3,40,22.6,42,22.4,1011.0,1.4,2.0,2,249.9,0
2017-03-31 11:41:59,3,40,22.6,40,22.7,1011.0,1.0,1.7,6,249.9,0
2017-03-31 11:44:59,3,40,22.6,39,22.8,1011.0,1.7,3.1,8,249.9,0
2017-03-31 11:47:59,3,40,22.6,39,22.6,1010.9,2.0,2.7,8,249.9,0
2017-03-31 11:50:59,3,40,22.6,38,22.6,1011.0,1.7,3.1,6,249.9,0
2017-03-31 11:53:59,3,40,22.6,38,22.6,1010.8,2.7,3.7,12,249.9,0
2017-03-31 11:56:59,3,40,22.6,38,22.7,1010.7,2.4,3.4,8,249.9,0
2017-03-31 11:59:59,3,40,22.6,37,22.6,1010.8,5.4,7.1,12,249.9,0
2017-03-31 12:02:59,3,40,22.7,37,22.6,1010.8,5.4,7.1,12,249.9,0
2017-03-31 12:05:59,3,40,22.7,37,22.6,1010.6,5.4,7.1,12,249.9,0
2017-03-31 12:08:59,3,40,22.7,40,22.4,1010.6,2.7,3.4,10,249.9,0
2017-03-31 12:11:59,3,40,22.7,41,22.4,1010.5,1.7,3.1,12,249.9,0
2017-03-31 12:14:59,3,40,22.7,38,22.5,1010.5,2.4,3.1,10,249.9,0
2017-03-31 12:17:59,3,40,22.7,37,22.5,1010.5,3.1,4.1,8,249.9,0
2017-03-31 12:20:59,3,40,22.7,41,22.3,1010.5,1.7,2.0,8,249.9,0
2017-03-31 12:23:59,3,40,22.7,41,22.4,1010.4,2.4,3.7,4,249.9,0
2017-03-31 12:26:59,3,40,22.7,42,22.2,1010.3,0.7,1.4,8,249.9,0
2017-03-31 12:29:59,3,40,22.7,41,22.3,1010.4,3.1,4.4,8,249.9,0
2017-03-31 12:32:59,3,41,22.7,41,22.3,1010.3,1.4,2.0,8,249.9,0
2017-03-31 12:35:59,3,41,22.7,41,22.3,1010.2,2.7,3.7,6,249.9,0
2017-03-31 12:38:59,3,41,22.7,41,22.1,1010.3,2.4,3.1,6,249.9,0
2017-03-31 12:41:59,3,41,22.7,42,22.2,1010.3,1.4,2.0,2,249.9,0
2017-03-31 12:44:59,3,41,22.8,41,22.2,1010.2,2.4,3.4,8,249.9,0
2017-03-31 12:47:59,3,41,22.8,41,22.2,1010.1,2.0,2.7,0,249.9,0
2017-03-31 12:50:59,3,41,22.8,42,22.2,1010.2,2.0,2.7,4,249.9,0
2017-03-31 12:53:59,3,41,22.9,41,22.2,1010.2,3.1,3.7,8,249.9,0
2017-03-31 12:56:59,3,41,22.9,41,22.2,1010.1,2.4,3.4,8,249.9,0
2017-03-31 12:59:59,3,41,22.9,41,22.2,1010.1,3.4,4.4,8,249.9,0
2017-03-31 13:02:59,3,41,22.9,41,22.3,1010.0,2.0,2.7,8,249.9,0
2017-03-31 13:05:59,3,41,22.9,41,22.2,1010.0,2.0,3.4,6,249.9,0
2017-03-31 13:08:59,3,41,22.9,41,22.4,1009.8,2.4,3.1,12,249.9,0
2017-03-31 13:11:59,3,41,22.9,39,22.5,1009.8,2.4,3.7,8,249.9,0
2017-03-31 13:14:59,3,41,22.9,39,22.6,1009.8,1.4,2.0,12,249.9,0
2017-03-31 13:17:59,3,41,22.9,38,22.6,1009.8,2.7,4.1,12,249.9,0
2017-03-31 13:20:59,3,41,22.9,38,22.7,1009.7,3.4,4.1,8,249.9,0
2017-03-31 13:23:59,3,40,23.0,37,22.8,1009.7,1.7,2.7,10,249.9,0
2017-03-31 13:26:59,3,41,23.0,38,22.9,1009.7,1.0,1.7,8,249.9,0
2017-03-31 13:29:59,3,41,23.0,37,23.0,1009.6,1.4,2.0,10,249.9,0
2017-03-31 13:32:59,3,41,23.0,37,23.1,1009.5,1.4,2.7,8,249.9,0
2017-03-31 13:35:59,3,40,23.0,36,23.1,1009.5,4.1,5.4,8,249.9,0
2017-03-31 13:38:59,3,40,23.0,37,23.2,1009.4,1.0,2.0,2,249.9,0
2017-03-31 13:41:59,3,40,23.0,36,23.5,1009.4,2.0,2.4,8,249.9,0
2017-03-31 13:44:59,3,40,23.0,36,23.5,1009.3,1.7,2.4,8,249.9,0
2017-03-31 13:47:59,3,40,23.0,35,23.6,1009.3,2.4,3.1,8,249.9,0
2017-03-31 13:50:59,3,40,23.1,35,23.7,1009.3,0.7,1.0,10,249.9,0
2017-03-31 13:53:59,3,40,23.1,35,23.7,1009.1,2.0,2.7,9,249.9,0
2017-03-31 13:56:59,3,40,23.2,36,23.8,1009.1,1.4,2.0,4,249.9,0
2017-03-31 13:59:59,3,40,23.2,35,23.9,1009.1,2.7,3.4,10,249.9,0
2017-03-31 14:02:59,3,40,23.1,35,23.9,1009.1,2.7,3.4,10,249.9,0
2017-03-31 14:05:59,3,40,23.2,35,23.9,1009.1,2.7,3.4,10,249.9,0
2017-03-31 14:08:59,3,40,23.2,34,23.6,1008.9,1.0,1.4,10,249.9,0
2017-03-31 14:11:59,3,40,23.2,34,23.6,1008.9,2.7,3.7,4,249.9,0
2017-03-31 14:14:59,3,40,23.2,34,23.7,1009.0,2.7,4.1,8,249.9,0
2017-03-31 14:17:59,3,40,23.2,34,23.7,1008.9,2.0,2.7,8,249.9,0
2017-03-31 14:20:59,3,40,23.2,34,23.6,1008.9,1.0,2.0,8,249.9,0
2017-03-31 14:23:59,3,40,23.2,34,23.6,1008.7,3.7,4.4,8,249.9,0
2017-03-31 14:26:59,3,40,23.2,35,23.4,1008.8,1.4,2.0,10,249.9,0
2017-03-31 14:29:59,3,40,23.3,35,23.3,1008.7,2.7,3.7,6,249.9,0
2017-03-31 14:32:59,3,40,23.3,36,23.2,1008.7,2.4,2.7,7,249.9,0
2017-03-31 14:35:59,3,40,23.3,37,23.2,1008.6,0.7,1.4,8,249.9,0
2017-03-31 14:38:59,3,40,23.3,37,23.3,1008.6,1.7,2.4,7,249.9,0
2017-03-31 14:41:59,3,40,23.4,36,23.4,1008.5,2.0,2.4,10,249.9,0
2017-03-31 14:44:59,3,40,23.4,36,23.6,1008.5,1.0,1.4,8,249.9,0
2017-03-31 14:47:59,3,40,23.4,35,23.6,1008.5,1.0,2.0,2,249.9,0
2017-03-31 14:50:59,3,40,23.4,35,23.6,1008.4,2.4,3.1,9,249.9,0
2017-03-31 14:53:59,3,40,23.4,35,23.6,1008.4,1.4,2.0,6,249.9,0
2017-03-31 14:56:59,3,40,23.4,35,23.6,1008.4,1.7,2.4,8,249.9,0
2017-03-31 14:59:59,3,40,23.5,35,23.6,1008.3,1.4,1.7,10,249.9,0
2017-03-31 15:02:59,3,40,23.5,36,23.7,1008.4,1.4,2.4,9,249.9,0
2017-03-31 15:05:59,3,40,23.5,36,23.7,1008.2,0.7,1.0,4,249.9,0
2017-03-31 15:08:59,3,40,23.5,35,23.8,1008.2,1.0,1.4,12,249.9,0
2017-03-31 15:11:59,3,40,23.5,34,23.8,1008.2,1.7,2.4,5,249.9,0
2017-03-31 15:14:59,3,40,23.5,35,23.8,1008.2,1.7,2.0,8,249.9,0
2017-03-31 15:17:59,3,40,23.5,35,23.7,1008.1,0.7,1.0,10,249.9,0
2017-03-31 15:20:59,3,40,23.5,34,23.6,1008.1,1.0,1.7,10,249.9,0
2017-03-31 15:23:59,3,40,23.5,33,23.5,1008.1,2.4,3.1,12,249.9,0
2017-03-31 15:26:59,3,40,23.5,33,23.4,1008.0,1.4,2.0,10,249.9,0
2017-03-31 15:29:59,3,40,23.5,35,23.3,1008.0,1.0,1.4,12,249.9,0
2017-03-31 15:32:59,3,40,23.6,34,23.3,1007.9,1.7,2.7,8,249.9,0
2017-03-31 15:35:59,3,40,23.6,35,23.1,1008.0,1.4,1.7,8,249.9,0
2017-03-31 15:38:59,3,40,23.6,35,23.1,1008.0,0.7,1.4,8,249.9,0
2017-03-31 15:41:59,3,40,23.7,35,23.1,1008.0,1.7,2.7,8,249.9,0
2017-03-31 15:44:59,3,40,23.7,35,23.0,1008.0,1.4,2.4,8,249.9,0
2017-03-31 15:47:59,3,40,23.7,35,23.0,1007.8,1.7,3.1,8,249.9,0
2017-03-31 15:50:59,3,39,23.7,35,22.9,1007.7,1.7,2.4,4,249.9,0
2017-03-31 15:53:59,3,39,23.7,36,22.8,1007.9,1.7,2.4,4,249.9,0
2017-03-31 15:56:59,3,39,23.7,35,22.7,1007.9,1.4,2.7,8,249.9,0
2017-03-31 15:59:59,3,39,23.7,36,22.5,1007.9,2.0,2.4,10,249.9,0
2017-03-31 16:02:59,3,39,23.7,36,22.5,1007.8,2.0,2.4,10,249.9,0
2017-03-31 16:05:59,3,39,23.7,36,22.5,1007.8,2.0,2.4,10,249.9,0
2017-03-31 16:08:59,3,39,23.7,40,22.2,1007.9,2.0,3.1,2,249.9,0
2017-03-31 16:11:59,3,39,23.7,40,22.1,1007.7,1.4,1.7,8,249.9,0
2017-03-31 16:14:59,3,39,23.7,41,22.1,1007.8,1.0,1.7,10,249.9,0
2017-03-31 16:17:59,3,39,23.7,41,22.1,1007.7,1.0,1.4,14,249.9,0
2017-03-31 16:20:59,3,39,23.7,41,22.1,1007.6,1.0,1.7,8,249.9,0
2017-03-31 16:23:59,3,39,23.7,41,22.1,1007.7,2.7,3.1,2,249.9,0
2017-03-31 16:26:59,3,39,23.7,41,22.0,1007.6,1.0,1.4,10,249.9,0
2017-03-31 16:29:59,3,39,23.7,41,22.0,1007.5,1.4,1.7,6,249.9,0
2017-03-31 16:32:59,3,39,23.7,41,22.0,1007.6,0.7,0.7,4,249.9,0
2017-03-31 16:35:59,3,39,23.7,41,21.9,1007.6,1.7,2.4,10,249.9,0
2017-03-31 16:38:59,3,39,23.8,41,21.8,1007.6,1.4,2.0,6,249.9,0
2017-03-31 16:41:59,3,39,23.8,41,21.8,1007.6,1.4,1.7,8,249.9,0
2017-03-31 16:44:59,3,39,23.8,41,21.7,1007.6,1.0,1.4,8,249.9,0
2017-03-31 16:47:59,3,39,23.8,41,21.6,1007.7,2.4,3.4,8,249.9,0
2017-03-31 16:50:59,3,39,23.8,41,21.6,1007.5,1.0,1.7,8,249.9,0
2017-03-31 16:53:59,3,39,23.8,41,21.5,1007.6,1.0,1.7,10,249.9,0
2017-03-31 16:56:59,3,39,23.8,42,21.4,1007.6,1.7,2.4,8,249.9,0
2017-03-31 16:59:59,3,39,23.8,42,21.2,1007.5,1.0,1.4,8,249.9,0
2017-03-31 17:02:59,3,39,23.8,42,21.2,1007.6,0.7,1.4,8,249.9,0
2017-03-31 17:05:59,3,39,23.8,42,21.1,1007.6,0.3,0.7,10,249.9,0
2017-03-31 17:08:59,3,39,23.8,42,20.9,1007.5,1.0,1.4,8,249.9,0
2017-03-31 17:11:59,3,38,23.8,43,20.8,1007.5,1.0,1.4,8,249.9,0
2017-03-31 17:14:59,3,38,23.8,43,20.7,1007.5,0,0.3,4,249.9,0
2017-03-31 17:17:59,3,38,23.8,43,20.5,1007.6,0,0.3,6,249.9,0
2017-03-31 17:20:59,3,38,23.7,44,20.4,1007.5,1.0,1.4,10,249.9,0
2017-03-31 17:23:59,3,38,23.7,44,20.2,1007.5,0.3,0.7,12,249.9,0
2017-03-31 17:26:59,3,38,23.8,44,20.1,1007.6,0,0,0,249.9,0
2017-03-31 17:29:59,3,38,23.8,44,20.0,1007.6,0,0.7,10,249.9,0
2017-03-31 17:32:59,3,38,23.8,45,19.8,1007.5,0,0.3,0,249.9,0
2017-03-31 17:35:59,3,38,23.8,45,19.7,1007.6,0.3,0.7,14,249.9,0
2017-03-31 17:38:59,3,38,23.8,45,19.6,1007.6,1.0,1.7,8,249.9,0
2017-03-31 17:41:59,3,38,23.7,46,19.4,1007.5,0.3,0.7,4,249.9,0
2017-03-31 17:44:59,3,38,23.7,46,19.4,1007.5,0.3,0.7,4,249.9,0
2017-03-31 17:47:59,3,38,23.7,47,19.2,1007.5,0.3,0.7,8,249.9,0
2017-03-31 17:50:59,3,38,23.7,47,19.1,1007.5,0.7,1.0,4,249.9,0
2017-03-31 17:53:59,3,38,23.7,48,19.0,1007.5,0.7,1.0,4,249.9,0
2017-03-31 17:56:59,3,38,23.7,48,18.9,1007.5,0.3,0.7,4,249.9,0
2017-03-31 17:59:59,3,38,23.7,49,18.8,1007.4,0,0.3,2,249.9,0
2017-03-31 18:02:59,3,38,23.7,49,18.8,1007.5,0,0.3,2,249.9,0
2017-03-31 18:05:59,3,38,23.7,49,18.8,1007.4,0,0.3,2,249.9,0
2017-03-31 18:08:59,3,38,23.7,50,18.5,1007.5,0,0.7,4,249.9,0
2017-03-31 18:11:59,3,38,23.7,50,18.4,1007.4,0,0,4,249.9,0
2017-03-31 18:14:59,3,38,23.7,50,18.2,1007.5,0,0,4,249.9,0
2017-03-31 18:17:59,3,38,23.7,50,18.1,1007.4,0,0,10,249.9,0
2017-03-31 18:20:59,3,38,23.7,50,18.0,1007.5,0,0.3,4,249.9,0
2017-03-31 18:23:59,3,38,23.7,51,17.9,1007.6,0,0,6,249.9,0
2017-03-31 18:26:59,3,38,23.7,51,17.8,1007.4,0,0.3,10,249.9,0
2017-03-31 18:29:59,3,38,23.7,52,17.7,1007.5,0,0.3,10,249.9,0
2017-03-31 18:32:59,3,38,23.7,52,17.5,1007.5,0.3,0.7,8,249.9,0
2017-03-31 18:35:59,3,38,23.7,57,17.3,1007.5,0.3,0.7,8,249.9,0
2017-03-31 18:38:59,3,38,23.7,57,17.2,1007.5,0,0.3,12,249.9,0
2017-03-31 18:41:59,3,38,23.6,57,17.1,1007.5,0,0,8,249.9,0
2017-03-31 18:44:59,3,38,23.6,57,16.9,1007.6,0,0,10,249.9,0
2017-03-31 18:47:59,3,38,23.6,58,16.7,1007.4,0,0,10,249.9,0
2017-03-31 18:50:59,3,38,23.6,58,16.6,1007.5,0,0,2,249.9,0
2017-03-31 18:53:59,3,38,23.6,59,16.6,1007.5,0.3,0.7,4,249.9,0
2017-03-31 18:56:59,3,38,23.6,59,16.6,1007.5,0.3,0.7,4,249.9,0
2017-03-31 18:59:59,3,38,23.6,60,16.6,1007.5,0.3,0.7,6,249.9,0
2017-03-31 19:02:59,3,38,23.6,59,16.6,1007.4,0,0.3,4,249.9,0
2017-03-31 19:05:59,3,38,23.6,60,16.6,1007.5,0,0.3,10,249.9,0
2017-03-31 19:08:59,3,38,23.6,59,16.6,1007.5,0,0.3,4,249.9,0
2017-03-31 19:11:59,3,38,23.5,60,16.6,1007.5,0,0,8,249.9,0
2017-03-31 19:14:59,3,38,23.6,60,16.6,1007.5,0,0.3,6,249.9,0
2017-03-31 19:17:59,3,38,23.5,60,16.5,1007.5,0.7,1.4,4,249.9,0
2017-03-31 19:20:59,3,38,23.5,60,16.5,1007.5,0.3,0.7,2,249.9,0
2017-03-31 19:23:59,3,38,23.5,60,16.6,1007.4,0.3,0.7,2,249.9,0
2017-03-31 19:26:59,3,39,23.5,59,16.6,1007.4,0.3,0.7,8,249.9,0
2017-03-31 19:29:59,3,39,23.5,59,16.7,1007.4,0.3,0.7,2,249.9,0
2017-03-31 19:32:59,3,39,23.5,59,16.7,1007.4,0,0.3,12,249.9,0
2017-03-31 19:35:59,3,39,23.5,59,16.7,1007.4,0.7,1.0,4,249.9,0
2017-03-31 19:38:59,3,39,23.5,59,16.7,1007.4,0,0.3,6,249.9,0
2017-03-31 19:41:59,3,39,23.5,59,16.6,1007.4,0.7,1.0,10,249.9,0
2017-03-31 19:44:59,3,39,23.5,59,16.7,1007.4,0,0.3,8,249.9,0
2017-03-31 19:47:59,3,39,23.5,59,16.6,1007.3,0,0.3,0,249.9,0
2017-03-31 19:50:59,3,39,23.5,59,16.5,1007.3,0,0.3,10,249.9,0
2017-03-31 19:53:59,3,39,23.5,59,16.3,1007.4,0,0,6,249.9,0
2017-03-31 19:56:59,3,39,23.5,60,16.2,1007.3,0,0,6,249.9,0
2017-03-31 19:59:59,3,39,23.5,60,16.1,1007.3,0,0,6,249.9,0
2017-03-31 20:02:59,3,39,23.5,60,16.1,1007.2,0,0,6,249.9,0
2017-03-31 20:05:59,3,39,23.5,60,16.1,1007.2,0,0,6,249.9,0
2017-03-31 20:08:59,3,39,23.5,61,15.7,1007.2,0,0,4,249.9,0
2017-03-31 20:11:59,3,39,23.5,61,15.5,1007.2,0,0,2,249.9,0
2017-03-31 20:14:59,3,39,23.5,61,15.4,1007.2,0,0,2,249.9,0
2017-03-31 20:17:59,3,39,23.5,62,15.2,1007.2,0,0,2,249.9,0
2017-03-31 20:20:59,3,39,23.5,63,15.0,1007.2,0,0.3,4,249.9,0
2017-03-31 20:23:59,3,39,23.5,63,15.0,1007.1,0,0,4,249.9,0
2017-03-31 20:26:59,3,39,23.5,63,14.9,1007.1,0,0,4,249.9,0
2017-03-31 20:29:59,3,39,23.5,64,14.7,1007.1,0,0,0,249.9,0
2017-03-31 20:32:59,3,39,23.5,64,14.5,1007.2,0,0,0,249.9,0
2017-03-31 20:35:59,3,39,23.5,65,14.4,1007.1,0,0,0,249.9,0
2017-03-31 20:38:59,3,39,23.5,66,14.3,1007.1,0,0,4,249.9,0
2017-03-31 20:41:59,3,39,23.5,66,14.2,1007.0,0,0,4,249.9,0
2017-03-31 20:44:59,3,39,23.5,67,14.0,1007.1,0,0,0,249.9,0
2017-03-31 20:47:59,3,38,23.4,68,13.9,1007.1,0,0,2,249.9,0
2017-03-31 20:50:59,3,38,23.4,68,13.8,1007.1,0,0,2,249.9,0
2017-03-31 20:53:59,3,38,23.4,68,13.7,1007.1,0,0,2,249.9,0
2017-03-31 20:56:59,3,38,23.4,69,13.6,1007.1,0,0,12,249.9,0
2017-03-31 20:59:59,3,38,23.4,69,13.4,1007.0,0,0,12,249.9,0
2017-03-31 21:02:59,3,38,23.4,69,13.3,1007.0,0,0,12,249.9,0
2017-03-31 21:05:59,3,38,23.4,69,13.2,1007.0,0,0,14,249.9,0
2017-03-31 21:08:59,3,38,23.4,70,13.1,1007.1,0,0,14,249.9,0
2017-03-31 21:11:59,3,38,23.4,70,13.0,1007.0,0,0,14,249.9,0
2017-03-31 21:14:59,3,38,23.4,70,13.0,1007.1,0,0,14,249.9,0
2017-03-31 21:17:59,3,38,23.4,70,12.9,1007.0,0,0,2,249.9,0
2017-03-31 21:20:59,3,38,23.4,70,12.9,1007.1,0,0,2,249.9,0
2017-03-31 21:23:59,3,38,23.3,71,12.8,1007.0,0,0,2,249.9,0
2017-03-31 21:26:59,3,39,23.4,71,12.7,1007.0,0,0,2,249.9,0
2017-03-31 21:29:59,3,39,23.4,71,12.6,1007.0,0,0,2,249.9,0
2017-03-31 21:32:59,3,38,23.2,71,12.6,1007.0,0,0,2,249.9,0
2017-03-31 21:35:59,3,38,23.3,72,12.5,1007.0,0,0,2,249.9,0
2017-03-31 21:38:59,3,38,23.2,74,12.4,1007.0,0,0,2,249.9,0
2017-03-31 21:41:59,3,38,23.2,75,12.3,1007.0,0,0,2,249.9,0
2017-03-31 21:44:59,3,38,23.2,75,12.3,1007.0,0,0,2,249.9,0
2017-03-31 21:47:59,3,38,23.2,75,12.2,1006.9,0,0,2,249.9,0
2017-03-31 21:50:59,3,38,23.1,75,12.1,1007.0,0,0,2,249.9,0
2017-03-31 21:53:59,3,38,23.1,75,12.0,1007.0,0,0,2,249.9,0
2017-03-31 21:56:59,3,38,23.1,75,11.9,1006.9,0,0,2,249.9,0
2017-03-31 21:59:59,3,38,23.1,75,11.8,1006.9,0,0,2,249.9,0
2017-03-31 22:02:59,3,38,23.2,75,11.8,1007.0,0,0,2,249.9,0
2017-03-31 22:05:59,3,38,23.2,75,11.8,1006.9,0,0,2,249.9,0
2017-03-31 22:08:59,3,38,23.2,76,11.7,1007.1,0,0,12,249.9,0
2017-03-31 22:11:59,3,38,23.2,77,11.7,1007.0,0,0,12,249.9,0
2017-03-31 22:14:59,3,38,23.1,77,11.7,1007.0,0,0,12,249.9,0
2017-03-31 22:17:59,3,38,23.1,76,11.7,1006.9,0,0,12,249.9,0
2017-03-31 22:20:59,3,38,23.1,76,11.6,1006.9,0,0,12,249.9,0
2017-03-31 22:23:59,3,38,23.2,77,11.5,1007.0,0,0,12,249.9,0
2017-03-31 22:26:59,3,38,23.1,77,11.4,1007.0,0,0,12,249.9,0
2017-03-31 22:29:59,3,38,23.2,77,11.3,1006.8,0,0,12,249.9,0
2017-03-31 22:32:59,3,38,23.2,78,11.2,1006.8,0,0,12,249.9,0
2017-03-31 22:35:59,3,38,23.0,78,11.1,1006.8,0,0,2,249.9,0
2017-03-31 22:38:59,3,38,23.0,79,11.1,1006.8,0,0,2,249.9,0
2017-03-31 22:41:59,3,38,23.1,79,11.1,1006.8,0,0,2,249.9,0
2017-03-31 22:44:59,3,38,23.0,79,11.0,1006.8,0,0,2,249.9,0
2017-03-31 22:47:59,3,38,23.0,79,10.9,1006.8,0,0,2,249.9,0
2017-03-31 22:50:59,3,38,23.0,79,10.9,1006.7,0,0,2,249.9,0
2017-03-31 22:53:59,3,38,23.0,80,10.8,1006.8,0,0,2,249.9,0
2017-03-31 22:56:59,3,38,23.0,80,10.8,1006.8,0,0,2,249.9,0
2017-03-31 22:59:59,3,38,23.0,80,10.7,1006.8,0,0,2,249.9,0
2017-03-31 23:02:59,3,38,23.0,80,10.6,1006.8,0,0,2,249.9,0
2017-03-31 23:05:59,3,38,23.0,80,10.5,1006.8,0,0,2,249.9,0
2017-03-31 23:08:59,3,38,23.0,80,10.4,1006.7,0,0,2,249.9,0
2017-03-31 23:11:59,3,38,23.0,80,10.3,1006.7,0,0,2,249.9,0
2017-03-31 23:14:59,3,38,23.0,80,10.3,1006.7,0,0,2,249.9,0
2017-03-31 23:17:59,3,38,22.9,80,10.2,1006.6,0,0,2,249.9,0
2017-03-31 23:20:59,3,38,22.9,80,10.2,1006.7,0,0,2,249.9,0
2017-03-31 23:23:59,3,38,22.9,81,10.1,1006.7,0,0,2,249.9,0
2017-03-31 23:26:59,3,38,22.9,81,10.2,1006.7,0,0,4,249.9,0
2017-03-31 23:29:59,3,38,22.9,81,10.2,1006.8,0,0,4,249.9,0
2017-03-31 23:32:59,3,38,22.9,81,10.2,1006.7,0,0,0,249.9,0
2017-03-31 23:35:59,3,38,22.9,81,10.2,1006.7,0,0,0,249.9,0
2017-03-31 23:38:59,3,38,22.9,81,10.1,1006.6,0,0,0,249.9,0
2017-03-31 23:41:59,3,38,22.9,81,10.0,1006.7,0,0,0,249.9,0
2017-03-31 23:44:59,3,38,22.9,81,9.9,1006.7,0,0,0,249.9,0
2017-03-31 23:47:59,3,38,22.9,81,9.8,1006.8,0,0,0,249.9,0
2017-03-31 23:50:59,3,38,22.8,81,9.7,1006.7,0,0,6,249.9,0
2017-03-31 23:53:59,3,38,22.8,81,9.7,1006.6,0,0,2,249.9,0
2017-03-31 23:56:59,3,38,22.8,81,9.6,1006.6,0,0,2,249.9,0
2017-03-31 23:59:59,3,38,22.8,82,9.6,1006.6,0,0,8,249.9,0
