2017-03-04 00:00:00,3,33,20.5,59,5.6,997.3,0.0,0.3,4,193.5,0
2017-03-04 00:03:00,3,33,20.4,58,5.7,997.2,0.3,0.7,3,193.5,0
2017-03-04 00:06:00,3,33,20.4,58,5.7,997.1,0.0,0.3,4,193.5,0
2017-03-04 00:09:00,3,33,20.4,58,5.7,997.1,0.3,0.7,4,193.5,0
2017-03-04 00:12:00,3,33,20.4,58,5.7,997.0,0.7,1.4,2,193.5,0
2017-03-04 00:15:00,3,33,20.4,58,5.7,997.0,0.7,1.0,4,193.5,0
2017-03-04 00:18:00,3,33,20.4,57,5.8,997.0,0.7,1.0,4,193.5,0
2017-03-04 00:21:00,3,33,20.4,57,5.8,997.1,0.0,0.3,4,193.5,0
2017-03-04 00:24:00,3,33,20.4,57,5.8,997.1,0.0,0.0,0,193.5,0
2017-03-04 00:27:00,3,33,20.3,57,5.8,997.0,0.0,0.3,0,193.5,0
2017-03-04 00:30:00,3,33,20.3,58,5.7,997.1,0.3,0.7,4,193.5,0
2017-03-04 00:33:00,3,33,20.3,58,5.6,997.1,0.0,0.3,2,193.5,0
2017-03-04 00:36:00,3,33,20.3,58,5.5,997.1,0.0,0.3,4,193.5,0
2017-03-04 00:39:00,3,33,20.3,58,5.5,997.0,0.0,0.0,4,193.5,0
2017-03-04 00:42:00,3,33,20.3,58,5.4,997.0,0.0,0.0,4,193.5,0
2017-03-04 00:45:00,3,33,20.3,58,5.4,996.9,0.0,0.0,6,193.5,0
2017-03-04 00:48:00,3,33,20.3,59,5.4,996.9,0.0,0.0,2,193.5,0
2017-03-04 00:51:00,3,33,20.2,59,5.4,996.9,0.0,0.0,8,193.5,0
2017-03-04 00:54:00,3,33,20.2,59,5.4,996.7,0.0,0.0,6,193.5,0
2017-03-04 00:57:00,3,33,20.2,59,5.4,996.8,0.0,0.0,12,193.5,0
2017-03-04 01:00:00,3,33,20.2,59,5.3,996.8,0.0,0.0,8,193.5,0
2017-03-04 01:03:00,3,33,20.2,59,5.3,996.8,0.0,0.0,8,193.5,0
2017-03-04 01:06:00,3,33,20.2,59,5.3,996.7,0.0,0.0,8,193.5,0
2017-03-04 01:09:00,3,33,20.2,59,5.3,996.8,0.0,0.0,4,193.5,0
2017-03-04 01:12:00,3,33,20.1,59,5.3,996.7,0.0,0.0,4,193.5,0
2017-03-04 01:15:00,3,33,20.1,59,5.3,996.7,0.0,0.0,4,193.5,0
2017-03-04 01:18:00,3,33,20.1,58,5.2,996.6,0.0,0.0,0,193.5,0
2017-03-04 01:21:00,3,33,20.1,59,5.2,996.5,0.0,0.0,4,193.5,0
2017-03-04 01:24:00,3,33,20.1,60,5.1,996.4,0.0,0.0,4,193.5,0
2017-03-04 01:27:00,3,33,20.1,60,5.1,996.3,0.0,0.0,4,193.5,0
2017-03-04 01:30:00,3,33,20.1,60,5.0,996.3,0.0,0.0,4,193.5,0
2017-03-04 01:33:00,3,33,20.0,60,4.9,996.4,0.3,0.7,8,193.5,0
2017-03-04 01:36:00,3,33,20.0,60,4.9,996.4,0.0,0.0,8,193.5,0
2017-03-04 01:39:00,3,33,20.0,60,4.9,996.3,0.0,0.0,8,193.5,0
2017-03-04 01:42:00,3,33,20.0,60,4.8,996.3,0.0,0.3,2,193.5,0
2017-03-04 01:45:00,3,33,20.0,60,4.8,996.3,0.0,0.0,0,193.5,0
2017-03-04 01:48:00,3,33,20.0,60,4.7,996.2,0.0,0.0,2,193.5,0
2017-03-04 01:51:00,3,33,20.0,60,4.6,996.2,0.0,0.3,8,193.5,0
2017-03-04 01:54:00,3,34,19.9,60,4.6,996.1,0.0,0.0,8,193.5,0
2017-03-04 01:57:00,3,34,19.9,60,4.6,996.1,0.0,0.3,8,193.5,0
2017-03-04 02:00:00,3,34,19.9,60,4.6,996.1,0.0,0.3,8,193.5,0
2017-03-04 02:03:00,3,34,19.8,60,4.6,996.0,0.0,0.3,8,193.5,0
2017-03-04 02:06:00,3,34,19.8,60,4.7,996.0,0.0,0.0,8,193.5,0
2017-03-04 02:09:00,3,34,19.8,60,4.6,996.0,0.0,0.0,8,193.5,0
2017-03-04 02:12:00,3,34,19.8,60,4.6,996.0,0.0,0.0,8,193.5,0
2017-03-04 02:15:00,3,34,19.8,60,4.5,995.9,0.0,0.3,2,193.5,0
2017-03-04 02:18:00,3,34,19.8,61,4.5,996.0,0.0,0.0,2,193.5,0
2017-03-04 02:21:00,3,34,19.8,61,4.5,996.0,0.0,0.0,10,193.5,0
2017-03-04 02:24:00,3,34,19.8,61,4.5,996.0,0.0,0.3,4,193.5,0
2017-03-04 02:27:00,3,34,19.7,61,4.5,995.9,0.0,0.0,4,193.5,0
2017-03-04 02:30:00,3,34,19.7,61,4.5,995.9,0.0,0.0,4,193.5,0
2017-03-04 02:33:00,3,34,19.7,61,4.5,995.8,0.0,0.0,2,193.5,0
2017-03-04 02:36:00,3,34,19.7,61,4.4,995.8,0.0,0.0,10,193.5,0
2017-03-04 02:39:00,3,34,19.7,61,4.4,995.9,0.0,0.0,2,193.5,0
2017-03-04 02:42:00,3,34,19.7,61,4.5,995.6,0.3,0.7,2,193.5,0
2017-03-04 02:45:00,3,34,19.7,61,4.4,995.6,0.0,0.3,2,193.5,0
2017-03-04 02:48:00,3,34,19.6,61,4.4,995.6,0.0,0.3,0,193.5,0
2017-03-04 02:51:00,3,34,19.6,61,4.4,995.6,0.0,0.0,2,193.5,0
2017-03-04 02:54:00,3,34,19.6,61,4.4,995.5,0.0,0.3,4,193.5,0
2017-03-04 02:57:00,3,34,19.6,61,4.5,995.5,0.0,0.7,4,193.5,0
2017-03-04 03:00:00,3,34,19.6,61,4.5,995.4,0.0,0.3,6,193.5,0
2017-03-04 03:03:00,3,34,19.6,61,4.5,995.4,0.0,0.3,6,193.5,0
2017-03-04 03:06:00,3,34,19.6,61,4.5,995.2,0.0,0.3,6,193.5,0
2017-03-04 03:09:00,3,34,19.6,61,4.6,995.3,0.0,0.3,2,193.5,0
2017-03-04 03:12:00,3,34,19.5,61,4.6,995.2,0.0,0.0,14,193.5,0
2017-03-04 03:15:00,3,34,19.5,61,4.6,995.2,0.0,0.3,0,193.5,0
2017-03-04 03:18:00,3,34,19.5,61,4.6,995.2,0.0,0.3,8,193.5,0
2017-03-04 03:21:00,3,34,19.5,61,4.6,995.2,0.0,0.0,2,193.5,0
2017-03-04 03:24:00,3,34,19.5,61,4.6,995.3,0.0,0.3,2,193.5,0
2017-03-04 03:27:00,3,34,19.4,61,4.7,995.2,0.0,0.3,4,193.5,0
2017-03-04 03:30:00,3,34,19.4,61,4.7,995.2,0.0,0.3,4,193.5,0
2017-03-04 03:33:00,3,34,19.3,61,4.8,995.3,0.3,0.7,4,193.5,0
2017-03-04 03:36:00,3,34,19.3,61,4.8,995.2,0.0,0.3,2,193.5,0
2017-03-04 03:39:00,3,34,19.3,61,4.8,995.1,0.0,0.3,0,193.5,0
2017-03-04 03:42:00,3,34,19.3,61,4.7,995.1,0.0,0.0,4,193.5,0
2017-03-04 03:45:00,3,34,19.3,61,4.7,995.0,0.0,0.0,0,193.5,0
2017-03-04 03:48:00,3,34,19.3,61,4.6,995.0,0.3,0.7,0,193.5,0
2017-03-04 03:51:00,3,34,19.3,61,4.6,995.0,0.0,0.3,0,193.5,0
2017-03-04 03:54:00,3,34,19.3,62,4.5,994.9,0.0,0.3,4,193.5,0
2017-03-04 03:57:00,3,34,19.2,62,4.4,995.0,0.0,0.0,4,193.5,0
2017-03-04 04:00:00,3,34,19.2,62,4.3,994.9,0.0,0.0,0,193.5,0
2017-03-04 04:03:00,3,34,19.2,62,4.2,994.9,0.0,0.0,0,193.5,0
2017-03-04 04:06:00,3,34,19.2,62,4.2,994.9,0.3,0.7,0,193.5,0
2017-03-04 04:09:00,3,34,19.2,63,4.1,994.9,0.0,0.0,4,193.5,0
2017-03-04 04:12:00,3,34,19.2,63,4.1,994.9,0.3,0.7,4,193.5,0
2017-03-04 04:15:00,3,34,19.2,63,4.1,994.8,0.3,0.7,2,193.5,0
2017-03-04 04:18:00,3,34,19.2,63,4.1,994.8,0.3,0.7,4,193.5,0
2017-03-04 04:21:00,3,34,19.2,63,4.1,994.7,0.0,0.3,2,193.5,0
2017-03-04 04:24:00,3,34,19.1,63,4.1,994.7,0.3,0.7,0,193.5,0
2017-03-04 04:27:00,3,34,19.1,63,4.1,994.7,0.0,0.3,6,193.5,0
2017-03-04 04:30:00,3,34,19.1,63,4.1,994.7,0.0,0.3,4,193.5,0
2017-03-04 04:33:00,3,34,19.1,63,4.1,994.6,0.0,0.3,4,193.5,0
2017-03-04 04:36:00,3,34,19.1,63,4.1,994.7,0.0,0.3,4,193.5,0
2017-03-04 04:39:00,3,34,19.1,63,4.1,994.7,0.0,0.3,10,193.5,0
2017-03-04 04:42:00,3,34,19.1,63,4.1,994.7,0.0,0.3,12,193.5,0
2017-03-04 04:45:00,3,34,19.1,63,4.1,994.7,0.0,0.0,12,193.5,0
2017-03-04 04:48:00,3,34,19.0,63,4.1,994.7,0.0,0.3,4,193.5,0
2017-03-04 04:51:00,3,34,19.0,63,4.2,994.6,0.0,0.0,4,193.5,0
2017-03-04 04:54:00,3,34,19.0,63,4.2,994.8,0.0,0.3,8,193.5,0
2017-03-04 04:57:00,3,34,19.0,62,4.2,994.7,0.0,0.3,0,193.5,0
2017-03-04 05:00:00,3,34,19.0,62,4.3,994.7,0.3,0.7,6,193.5,0
2017-03-04 05:03:00,3,34,19.0,62,4.3,994.6,0.3,0.7,6,193.5,0
2017-03-04 05:06:00,3,34,19.0,62,4.3,994.5,0.3,0.7,6,193.5,0
2017-03-04 05:09:00,3,33,19.0,62,4.5,994.5,0.3,0.7,4,193.5,0
2017-03-04 05:12:00,3,33,19.1,62,4.5,994.4,0.7,1.0,2,193.5,0
2017-03-04 05:15:00,3,33,19.0,62,4.6,994.3,0.7,0.7,2,193.5,0
2017-03-04 05:18:00,3,33,19.1,62,4.6,994.3,0.7,1.0,4,193.5,0
2017-03-04 05:21:00,3,33,19.1,62,4.6,994.3,0.0,0.7,6,193.5,0
2017-03-04 05:24:00,3,33,19.1,62,4.6,994.2,0.3,0.7,4,193.5,0
2017-03-04 05:27:00,3,33,19.1,62,4.6,994.2,0.0,0.3,10,193.5,0
2017-03-04 05:30:00,3,33,19.1,62,4.6,994.4,0.0,0.0,8,193.5,0
2017-03-04 05:33:00,3,33,19.2,62,4.5,994.4,0.0,0.0,8,193.5,0
2017-03-04 05:36:00,3,33,19.2,62,4.5,994.4,0.0,0.0,4,193.5,0
2017-03-04 05:39:00,3,33,19.2,62,4.5,994.3,0.0,0.0,4,193.5,0
2017-03-04 05:42:00,3,33,19.2,62,4.5,994.4,0.0,0.3,4,193.5,0
2017-03-04 05:45:00,3,33,19.3,62,4.4,994.4,0.0,0.0,4,193.5,0
2017-03-04 05:48:00,3,33,19.3,62,4.4,994.3,0.3,0.7,0,193.5,0
2017-03-04 05:51:00,3,33,19.3,62,4.4,994.3,0.7,1.0,2,193.5,0
2017-03-04 05:54:00,3,33,19.3,62,4.5,994.2,0.0,0.3,14,193.5,0
2017-03-04 05:57:00,3,33,19.4,62,4.4,994.3,0.0,0.3,4,193.5,0
2017-03-04 06:00:00,3,33,19.5,62,4.4,994.3,0.3,0.7,6,193.5,0
2017-03-04 06:03:00,3,33,19.5,62,4.4,994.2,0.0,0.3,4,193.5,0
2017-03-04 06:06:00,3,33,19.5,62,4.3,994.2,0.3,0.7,4,193.5,0
2017-03-04 06:09:00,3,33,19.6,62,4.3,994.3,0.0,0.3,4,193.5,0
2017-03-04 06:12:00,3,33,19.6,62,4.3,994.2,0.0,0.0,6,193.5,0
2017-03-04 06:15:00,3,33,19.6,62,4.3,994.3,0.0,0.3,2,193.5,0
2017-03-04 06:18:00,3,33,19.6,62,4.3,994.3,0.0,0.0,4,193.5,0
2017-03-04 06:21:00,3,33,19.6,62,4.4,994.2,0.3,0.7,4,193.5,0
2017-03-04 06:24:00,3,33,19.7,62,4.5,994.2,0.7,1.0,8,193.5,0
2017-03-04 06:27:00,3,33,19.7,62,4.6,994.2,1.0,1.4,4,193.5,0
2017-03-04 06:30:00,3,33,19.7,62,4.8,994.3,0.3,0.7,4,193.5,0
2017-03-04 06:33:00,3,33,19.7,62,4.8,994.3,0.7,1.0,4,193.5,0
2017-03-04 06:36:00,3,33,19.7,62,4.9,994.2,0.0,0.3,0,193.5,0
2017-03-04 06:39:00,3,34,19.7,62,4.9,994.2,0.0,0.0,0,193.5,0
2017-03-04 06:42:00,3,34,19.8,61,5.0,994.2,0.7,1.0,4,193.5,0
2017-03-04 06:45:00,3,33,20.0,61,5.0,994.2,0.0,0.3,0,193.5,0
2017-03-04 06:48:00,3,32,20.3,61,5.1,994.2,0.3,0.7,10,193.5,0
2017-03-04 06:51:00,3,32,20.4,61,5.2,994.2,0.3,0.7,4,193.5,0
2017-03-04 06:54:00,3,32,20.5,61,5.3,994.4,0.0,0.3,2,193.5,0
2017-03-04 06:57:00,3,32,20.6,61,5.4,994.4,0.0,0.0,2,193.5,0
2017-03-04 07:00:00,3,31,20.7,61,5.4,994.4,0.0,0.3,8,193.5,0
2017-03-04 07:03:00,3,31,20.7,61,5.4,994.4,0.0,0.3,8,193.5,0
2017-03-04 07:06:00,3,31,20.9,61,5.4,994.4,0.0,0.3,8,193.5,0
2017-03-04 07:09:00,3,30,21.0,61,5.8,994.5,0.0,0.3,10,193.5,0
2017-03-04 07:12:00,3,30,21.0,61,5.9,994.4,0.3,0.7,10,193.5,0
2017-03-04 07:15:00,3,30,21.1,61,6.0,994.4,0.3,0.7,10,193.5,0
2017-03-04 07:18:00,3,30,21.1,60,6.2,994.5,0.3,0.7,4,193.5,0
2017-03-04 07:21:00,3,30,21.2,60,6.3,994.5,0.0,0.3,8,193.5,0
2017-03-04 07:24:00,3,30,21.2,60,6.5,994.4,0.0,0.3,8,193.5,0
2017-03-04 07:27:00,3,30,21.3,60,6.6,994.4,0.3,0.7,10,193.5,0
2017-03-04 07:30:00,3,30,21.3,60,6.9,994.4,0.0,0.0,4,193.5,0
2017-03-04 07:33:00,3,30,21.5,60,7.0,994.4,0.3,0.7,5,193.5,0
2017-03-04 07:36:00,3,30,21.5,59,7.3,994.4,0.7,1.0,3,193.5,0
2017-03-04 07:39:00,3,30,21.6,53,7.5,994.4,0.0,0.3,4,193.5,0
2017-03-04 07:42:00,3,30,21.7,52,7.7,994.4,0.3,0.7,10,193.5,0
2017-03-04 07:45:00,3,30,21.7,52,7.9,994.4,1.0,1.4,10,193.5,0
2017-03-04 07:48:00,3,30,21.7,52,8.0,994.4,0.7,1.4,4,193.5,0
2017-03-04 07:51:00,3,30,21.8,51,8.0,994.4,0.7,1.0,10,193.5,0
2017-03-04 07:54:00,3,30,21.8,51,8.1,994.5,0.3,1.0,8,193.5,0
2017-03-04 07:57:00,3,30,21.9,51,8.3,994.4,0.7,1.0,15,193.5,0
2017-03-04 08:00:00,3,30,21.9,51,8.5,994.4,0.3,0.7,14,193.5,0
2017-03-04 08:03:00,3,30,21.9,51,8.6,994.5,0.7,0.7,8,193.5,0
2017-03-04 08:06:00,3,29,22.0,50,8.7,994.4,0.7,1.0,4,193.5,0
2017-03-04 08:09:00,3,29,22.1,50,8.7,994.4,0.3,0.7,11,193.5,0
2017-03-04 08:12:00,3,29,22.1,50,8.8,994.4,1.0,1.4,9,193.5,0
2017-03-04 08:15:00,3,28,22.1,50,8.9,994.4,0.7,1.4,2,193.5,0
2017-03-04 08:18:00,3,28,22.2,49,9.0,994.3,1.4,1.7,4,193.5,0
2017-03-04 08:21:00,3,28,22.2,49,9.0,994.4,1.4,1.7,10,193.5,0
2017-03-04 08:24:00,3,28,22.2,49,9.1,994.3,0.7,1.4,0,193.5,0
2017-03-04 08:27:00,3,28,22.2,48,9.3,994.3,2.0,3.1,10,193.5,0
2017-03-04 08:30:00,3,28,22.3,48,9.4,994.3,1.4,2.0,8,193.5,0
2017-03-04 08:33:00,3,28,22.3,48,9.5,994.4,1.0,1.4,8,193.5,0
2017-03-04 08:36:00,3,28,22.3,48,9.6,994.2,0.7,1.0,4,193.5,0
2017-03-04 08:39:00,3,28,22.3,48,9.7,994.1,0.7,1.4,8,193.5,0
2017-03-04 08:42:00,3,28,22.3,48,9.9,994.1,1.4,2.0,6,193.5,0
2017-03-04 08:45:00,3,28,22.3,48,10.1,994.2,0.3,0.7,10,193.5,0
2017-03-04 08:48:00,3,28,22.4,47,10.2,994.2,1.0,1.4,10,193.5,0
2017-03-04 08:51:00,3,28,22.5,46,10.3,994.2,1.4,2.0,8,193.5,0
2017-03-04 08:54:00,3,28,22.5,45,10.4,994.1,2.7,4.1,10,193.5,0
2017-03-04 08:57:00,3,28,22.5,46,10.4,994.1,1.0,1.7,8,193.5,0
2017-03-04 09:00:00,3,28,22.5,46,10.6,994.1,0.7,1.4,8,193.5,0
2017-03-04 09:03:00,3,28,22.6,46,10.6,994.2,0.7,1.4,8,193.5,0
2017-03-04 09:06:00,3,28,22.6,46,10.6,994.0,0.7,1.4,8,193.5,0
2017-03-04 09:09:00,3,28,22.6,45,10.9,994.0,2.0,2.7,4,193.5,0
2017-03-04 09:12:00,3,28,22.6,44,11.0,994.0,2.0,2.7,8,193.5,0
2017-03-04 09:15:00,3,28,22.6,44,11.1,993.9,2.0,2.7,8,193.5,0
2017-03-04 09:18:00,3,28,22.7,44,11.1,993.9,1.7,2.4,10,193.5,0
2017-03-04 09:21:00,3,29,22.8,45,11.3,993.9,1.7,3.7,2,193.5,0
2017-03-04 09:24:00,3,28,22.8,44,11.3,993.9,1.4,1.7,5,193.5,0
2017-03-04 09:27:00,3,28,22.8,44,11.4,993.8,1.7,2.4,10,193.5,0
2017-03-04 09:30:00,3,28,22.8,44,11.6,993.8,1.4,2.4,4,193.5,0
2017-03-04 09:33:00,3,28,22.8,43,12.1,993.9,1.4,2.7,8,193.5,0
2017-03-04 09:36:00,3,28,22.9,40,12.7,993.8,3.1,4.1,8,193.5,0
2017-03-04 09:39:00,3,29,23.0,40,13.0,993.8,1.4,1.7,6,193.5,0
2017-03-04 09:42:00,3,29,23.0,40,13.3,993.7,1.7,3.1,10,193.5,0
2017-03-04 09:45:00,3,29,23.0,39,13.4,993.7,1.0,1.7,8,193.5,0
2017-03-04 09:48:00,3,29,23.0,38,13.6,993.6,1.4,2.0,4,193.5,0
2017-03-04 09:51:00,3,29,23.0,37,13.6,993.6,2.7,3.4,4,193.5,0
2017-03-04 09:54:00,3,29,23.0,37,13.7,993.6,2.4,3.1,8,193.5,0
2017-03-04 09:57:00,3,28,23.0,36,13.7,993.6,2.0,3.1,4,193.5,0
2017-03-04 10:00:00,3,29,23.0,37,13.8,993.6,2.0,2.7,10,193.5,0
2017-03-04 10:03:00,3,29,23.1,36,14.0,993.6,3.4,4.1,10,193.5,0
2017-03-04 10:06:00,3,29,23.1,36,14.2,993.5,2.0,2.7,7,193.5,0
2017-03-04 10:09:00,3,29,23.1,37,14.4,993.5,1.0,1.4,10,193.5,0
2017-03-04 10:12:00,3,29,23.2,36,14.8,993.5,1.7,3.1,8,193.5,0
2017-03-04 10:15:00,3,29,23.2,35,15.1,993.5,2.4,2.7,9,193.5,0
2017-03-04 10:18:00,3,29,23.3,35,15.3,993.6,1.0,1.4,10,193.5,0
2017-03-04 10:21:00,3,29,23.3,34,15.5,993.6,2.4,3.1,10,193.5,0
2017-03-04 10:24:00,3,29,23.3,35,15.6,993.6,1.4,2.0,6,193.5,0
2017-03-04 10:27:00,3,29,23.3,34,15.8,993.6,2.4,3.4,8,193.5,0
2017-03-04 10:30:00,3,29,23.3,35,15.8,993.5,1.0,1.7,10,193.5,0
2017-03-04 10:33:00,3,28,23.1,35,16.1,993.6,1.4,2.0,12,193.5,0
2017-03-04 10:36:00,3,29,23.0,33,16.1,993.5,3.1,4.8,8,193.5,0
2017-03-04 10:39:00,3,28,22.9,34,16.0,993.6,1.7,2.0,10,193.5,0
2017-03-04 10:42:00,3,28,22.8,35,16.1,993.5,1.0,2.0,8,193.5,0
2017-03-04 10:45:00,3,28,22.7,35,16.2,993.5,1.4,2.4,10,193.5,0
2017-03-04 10:48:00,3,28,22.6,34,16.3,993.5,1.7,2.4,8,193.5,0
2017-03-04 10:51:00,3,29,22.5,34,16.4,993.4,1.4,1.7,8,193.5,0
2017-03-04 10:54:00,3,29,22.5,34,16.8,993.4,2.7,3.4,0,193.5,0
2017-03-04 10:57:00,3,29,22.3,35,16.9,993.4,1.0,1.7,10,193.5,0
2017-03-04 11:00:00,3,29,22.3,35,17.1,993.3,1.0,1.4,4,193.5,0
2017-03-04 11:03:00,3,29,22.2,35,17.1,993.2,1.0,1.4,4,193.5,0
2017-03-04 11:06:00,3,29,22.2,35,17.1,993.2,1.0,1.4,4,193.5,0
2017-03-04 11:09:00,3,29,22.2,34,16.9,993.2,1.7,2.4,10,193.5,0
2017-03-04 11:12:00,3,29,22.1,35,17.0,993.2,1.4,1.7,8,193.5,0
2017-03-04 11:15:00,3,29,22.1,34,17.0,993.1,1.7,2.4,9,193.5,0
2017-03-04 11:18:00,3,29,22.1,35,17.2,993.1,1.4,2.0,12,193.5,0
2017-03-04 11:21:00,3,29,22.0,34,17.4,993.0,1.4,1.7,8,193.5,0
2017-03-04 11:24:00,3,30,21.9,32,17.7,993.0,1.0,1.4,6,193.5,0
2017-03-04 11:27:00,3,30,21.9,32,18.0,993.0,1.4,1.7,2,193.5,0
2017-03-04 11:30:00,3,30,21.9,31,18.1,992.9,2.4,3.1,8,193.5,0
2017-03-04 11:33:00,3,30,21.9,32,17.9,992.8,0.7,1.0,6,193.5,0
2017-03-04 11:36:00,3,30,21.8,32,18.1,992.8,1.4,2.4,4,193.5,0
2017-03-04 11:39:00,3,30,21.8,31,17.9,992.8,1.0,1.4,10,193.5,0
2017-03-04 11:42:00,3,30,21.8,31,18.1,992.7,1.4,2.0,8,193.5,0
2017-03-04 11:45:00,3,30,21.8,32,18.3,992.7,1.7,2.4,0,193.5,0
2017-03-04 11:48:00,3,30,21.7,32,18.4,992.7,1.4,2.0,8,193.5,0
2017-03-04 11:51:00,3,30,21.7,32,18.5,992.6,1.4,1.7,6,193.5,0
2017-03-04 11:54:00,3,31,21.7,32,18.4,992.6,1.4,1.7,5,193.5,0
2017-03-04 11:57:00,3,31,21.7,32,18.3,992.5,1.4,1.7,10,193.5,0
2017-03-04 12:00:00,3,31,21.6,32,18.2,992.5,3.1,3.7,4,193.5,0
2017-03-04 12:03:00,3,31,21.6,32,17.8,992.5,2.0,3.1,12,193.5,0
2017-03-04 12:06:00,3,31,21.6,32,17.9,992.4,1.0,1.7,4,193.5,0
2017-03-04 12:09:00,3,31,21.5,32,17.9,992.4,1.0,1.0,10,193.5,0
2017-03-04 12:12:00,3,31,21.5,32,18.3,992.3,3.4,4.1,6,193.5,0
2017-03-04 12:15:00,3,31,21.5,32,18.2,992.3,1.0,2.0,10,193.5,0
2017-03-04 12:18:00,3,31,21.5,32,18.5,992.3,2.0,3.1,6,193.5,0
2017-03-04 12:21:00,3,31,21.5,31,18.5,992.1,2.0,2.7,7,193.5,0
2017-03-04 12:24:00,3,31,21.4,32,18.5,992.1,1.0,1.4,8,193.5,0
2017-03-04 12:27:00,3,31,21.4,32,18.4,992.1,1.7,2.4,4,193.5,0
2017-03-04 12:30:00,3,31,21.4,32,18.4,992.1,2.4,3.1,8,193.5,0
2017-03-04 12:33:00,3,31,21.4,32,18.3,992.0,2.4,2.7,10,193.5,0
2017-03-04 12:36:00,3,31,21.3,32,18.4,992.1,1.0,1.4,10,193.5,0
2017-03-04 12:39:00,3,31,21.3,32,18.6,992.0,1.0,1.7,8,193.5,0
2017-03-04 12:42:00,3,31,21.3,31,18.5,991.9,1.4,2.7,4,193.5,0
2017-03-04 12:45:00,3,31,21.3,31,18.1,992.0,3.1,3.4,4,193.5,0
2017-03-04 12:48:00,3,31,21.3,32,18.0,991.9,1.0,1.4,6,193.5,0
2017-03-04 12:51:00,3,31,21.3,32,18.1,991.8,1.7,2.4,6,193.5,0
2017-03-04 12:54:00,3,32,21.3,32,18.2,991.7,1.4,2.0,6,193.5,0
2017-03-04 12:57:00,3,32,21.3,32,18.2,991.5,0.7,1.0,8,193.5,0
2017-03-04 13:00:00,3,32,21.3,32,18.4,991.7,1.4,2.0,8,193.5,0
2017-03-04 13:03:00,3,32,21.3,32,18.4,991.6,1.4,2.0,8,193.5,0
2017-03-04 13:06:00,3,32,21.4,32,18.4,991.6,1.4,2.0,8,193.5,0
2017-03-04 13:09:00,3,32,21.4,31,18.2,991.5,1.4,2.4,8,193.5,0
2017-03-04 13:12:00,3,32,21.4,32,18.3,991.4,1.7,2.0,4,193.5,0
2017-03-04 13:15:00,3,32,21.4,32,18.1,991.4,2.0,2.7,6,193.5,0
2017-03-04 13:18:00,3,32,21.4,32,18.3,991.4,1.4,2.4,5,193.5,0
2017-03-04 13:21:00,3,33,21.4,31,18.1,991.3,1.4,2.0,2,193.5,0
2017-03-04 13:24:00,3,33,21.4,31,18.3,991.3,1.7,2.7,3,193.5,0
2017-03-04 13:27:00,3,33,21.4,31,18.4,991.2,1.0,1.7,6,193.5,0
2017-03-04 13:30:00,3,33,21.4,31,18.4,991.3,0.3,0.7,7,193.5,0
2017-03-04 13:33:00,3,33,21.5,30,18.7,991.3,1.4,1.7,6,193.5,0
2017-03-04 13:36:00,3,33,21.5,30,18.9,991.1,2.0,2.7,4,193.5,0
2017-03-04 13:39:00,3,33,21.5,30,18.7,991.1,2.0,3.1,4,193.5,0
2017-03-04 13:42:00,3,33,21.5,31,18.7,991.2,1.4,1.7,6,193.5,0
2017-03-04 13:45:00,3,33,21.5,30,18.4,991.3,2.0,2.7,8,193.5,0
2017-03-04 13:48:00,3,34,21.6,30,18.3,991.1,1.7,2.4,10,193.5,0
2017-03-04 13:51:00,3,34,21.7,31,18.3,991.1,1.7,2.0,10,193.5,0
2017-03-04 13:54:00,3,34,21.8,30,18.4,991.3,2.0,2.7,10,193.5,0
2017-03-04 13:57:00,3,33,21.9,31,18.4,991.3,0.7,1.4,14,193.5,0
2017-03-04 14:00:00,3,32,22.1,31,18.7,991.2,0.7,1.4,8,193.5,0
2017-03-04 14:03:00,3,32,22.2,30,18.7,991.1,1.7,2.4,8,193.5,0
2017-03-04 14:06:00,3,32,22.2,30,18.7,991.2,1.4,2.0,8,193.5,0
2017-03-04 14:09:00,3,32,22.3,31,18.5,991.1,2.4,3.1,5,193.5,0
2017-03-04 14:12:00,3,31,22.4,33,18.3,991.1,0.7,1.0,8,193.5,0
2017-03-04 14:15:00,3,31,22.5,34,18.1,991.1,1.0,1.7,8,193.5,0
2017-03-04 14:18:00,3,31,22.6,35,18.1,991.1,1.0,2.0,6,193.5,0
2017-03-04 14:21:00,3,31,22.6,35,17.9,991.2,2.0,2.7,4,193.5,0
2017-03-04 14:24:00,3,31,22.7,35,17.7,991.1,1.7,2.0,8,193.5,0
2017-03-04 14:27:00,3,31,22.8,36,17.7,991.0,2.4,3.1,11,193.5,0
2017-03-04 14:30:00,3,31,22.8,36,17.6,991.1,1.4,2.0,8,193.5,0
2017-03-04 14:33:00,3,31,22.8,35,17.6,991.1,3.4,4.4,4,193.5,0
2017-03-04 14:36:00,3,32,23.0,36,17.5,991.0,1.0,1.4,4,193.5,0
2017-03-04 14:39:00,3,32,23.0,40,17.4,991.1,2.0,3.1,14,193.5,0
2017-03-04 14:42:00,3,32,23.0,40,17.3,991.0,1.0,1.7,4,193.5,0
2017-03-04 14:45:00,3,32,23.1,40,17.3,991.0,2.0,3.1,10,193.5,0
2017-03-04 14:48:00,3,32,23.1,40,17.1,991.0,1.4,2.4,4,193.5,0
2017-03-04 14:51:00,3,32,23.1,40,17.1,991.0,1.7,2.0,8,193.5,0
2017-03-04 14:54:00,3,32,23.2,40,17.0,991.0,1.0,1.4,4,193.5,0
2017-03-04 14:57:00,3,32,23.2,41,16.9,991.1,1.7,2.0,4,193.5,0
2017-03-04 15:00:00,3,32,23.2,41,16.9,991.1,1.4,1.7,4,193.5,0
2017-03-04 15:03:00,3,32,23.4,41,16.9,991.0,1.4,1.7,4,193.5,0
2017-03-04 15:06:00,3,32,23.4,41,16.9,991.1,1.4,1.7,4,193.5,0
2017-03-04 15:09:00,3,32,23.5,41,16.7,990.8,2.4,3.4,8,193.5,0
2017-03-04 15:12:00,3,32,23.5,41,16.7,990.8,1.0,1.7,6,193.5,0
2017-03-04 15:15:00,3,32,23.5,41,16.6,990.9,0.7,1.4,0,193.5,0
2017-03-04 15:18:00,3,32,23.4,41,16.5,990.9,2.0,2.7,14,193.5,0
2017-03-04 15:21:00,3,32,23.2,42,16.5,990.8,0.7,1.0,4,193.5,0
2017-03-04 15:24:00,3,32,23.2,42,16.4,990.8,3.1,3.7,3,193.5,0
2017-03-04 15:27:00,3,32,23.2,42,16.4,990.8,1.0,1.7,6,193.5,0
2017-03-04 15:30:00,3,32,23.1,42,16.3,990.8,0.7,1.4,9,193.5,0
2017-03-04 15:33:00,3,32,23.1,42,16.3,990.8,1.0,1.4,4,193.5,0
2017-03-04 15:36:00,3,32,23.0,42,16.2,990.7,0.3,0.3,0,193.5,0
2017-03-04 15:39:00,3,32,23.0,43,16.2,990.8,1.0,1.4,4,193.5,0
2017-03-04 15:42:00,3,32,23.0,43,16.1,990.8,0.7,1.0,4,193.5,0
2017-03-04 15:45:00,3,30,22.9,43,16.0,990.8,2.0,2.7,10,193.5,0
2017-03-04 15:48:00,3,30,22.8,43,16.0,990.9,1.4,2.0,6,193.5,0
2017-03-04 15:51:00,3,30,22.8,43,15.9,990.8,1.4,2.0,14,193.5,0
2017-03-04 15:54:00,3,30,22.8,43,15.9,990.9,1.4,1.7,4,193.5,0
2017-03-04 15:57:00,3,30,22.8,43,15.8,990.9,1.4,1.7,6,193.5,0
2017-03-04 16:00:00,3,30,22.7,43,15.8,990.8,0.7,1.4,4,193.5,0
2017-03-04 16:03:00,3,30,22.6,43,15.7,990.8,1.0,1.7,4,193.5,0
2017-03-04 16:06:00,3,30,22.6,43,15.7,990.9,1.4,2.4,4,193.5,0
2017-03-04 16:09:00,3,30,22.6,43,15.6,990.8,1.0,1.4,5,193.5,0
2017-03-04 16:12:00,3,30,22.6,43,15.6,990.7,1.0,1.4,4,193.5,0
2017-03-04 16:15:00,3,30,22.6,43,15.5,990.8,0.7,1.0,8,193.5,0
2017-03-04 16:18:00,3,30,22.5,43,15.4,990.8,1.0,1.4,4,193.5,0
2017-03-04 16:21:00,3,30,22.5,44,15.3,990.9,0,0.3,2,193.5,0
2017-03-04 16:24:00,3,30,22.5,44,15.2,990.7,0,0,0,193.5,0
2017-03-04 16:27:00,3,30,22.4,44,15.1,990.8,0,0,2,193.5,0
2017-03-04 16:30:00,3,30,22.4,45,14.9,990.8,0,0,0,193.5,0
2017-03-04 16:33:00,3,30,22.4,45,14.8,990.7,0,0,0,193.5,0
2017-03-04 16:36:00,3,30,22.3,46,14.6,990.6,0,0,0,193.5,0
2017-03-04 16:39:00,3,30,22.3,47,14.4,990.6,0,0,0,193.5,0
2017-03-04 16:42:00,3,30,22.3,47,14.2,990.5,0,0,0,193.5,0
2017-03-04 16:45:00,3,30,22.3,48,14.0,990.6,0,0,0,193.5,0
2017-03-04 16:48:00,3,30,22.3,48,13.9,990.6,0,0,0,193.5,0
2017-03-04 16:51:00,3,30,22.3,48,13.7,990.6,0,0,0,193.5,0
2017-03-04 16:54:00,3,30,22.3,49,13.6,990.6,0,0,0,193.5,0
2017-03-04 16:57:00,3,30,22.3,50,13.3,990.6,0,0,0,193.5,0
2017-03-04 17:00:00,3,30,22.2,50,13.2,990.5,0,0,0,193.5,0
2017-03-04 17:03:00,3,30,22.2,50,13.2,990.4,0,0,0,193.5,0
2017-03-04 17:06:00,3,30,22.2,50,13.2,990.4,0,0,0,193.5,0
2017-03-04 17:09:00,3,30,22.2,51,12.7,990.5,0,0,0,193.5,0
2017-03-04 17:12:00,3,31,22.2,51,12.6,990.4,0,0,0,193.5,0
2017-03-04 17:15:00,3,31,22.2,52,12.5,990.4,0,0,0,193.5,0
2017-03-04 17:18:00,3,31,22.1,55,12.3,990.4,0,0,0,193.5,0
2017-03-04 17:21:00,3,31,22.1,56,12.2,990.4,0,0,0,193.5,0
2017-03-04 17:24:00,3,31,22.1,57,12.0,990.4,0,0,0,193.5,0
2017-03-04 17:27:00,3,31,22.1,57,11.9,990.4,0,0,0,193.5,0
2017-03-04 17:30:00,3,31,22.1,59,11.7,990.4,0,0,4,193.5,0
2017-03-04 17:33:00,3,31,22.1,60,11.4,990.4,0,0,0,193.5,0
2017-03-04 17:36:00,3,31,22.0,60,11.2,990.4,0,0,0,193.5,0
2017-03-04 17:39:00,3,31,22.0,60,11.1,990.5,0,0,4,193.5,0
2017-03-04 17:42:00,3,31,22.0,61,10.9,990.5,0,0,4,193.5,0
2017-03-04 17:45:00,3,31,22.0,61,10.8,990.5,0,0,4,193.5,0
2017-03-04 17:48:00,3,31,22.0,61,10.6,990.5,0,0,0,193.5,0
2017-03-04 17:51:00,3,32,21.9,61,10.4,990.4,0,0,0,193.5,0
2017-03-04 17:54:00,3,32,21.9,62,10.2,990.4,0,0,4,193.5,0
2017-03-04 17:57:00,3,32,21.9,63,10.1,990.3,0,0,0,193.5,0
2017-03-04 18:00:00,3,32,21.9,63,10.0,990.2,0,0,0,193.5,0
2017-03-04 18:03:00,3,32,21.9,63,9.9,990.3,0,0,0,193.5,0
2017-03-04 18:06:00,3,32,21.9,64,9.8,990.2,0,0,0,193.5,0
2017-03-04 18:09:00,3,32,21.9,65,9.7,990.1,0,0,0,193.5,0
2017-03-04 18:12:00,3,32,21.9,65,9.7,990.1,0,0,2,193.5,0
2017-03-04 18:15:00,3,32,21.9,65,9.7,990.1,0.3,0.7,0,193.5,0
2017-03-04 18:18:00,3,32,21.9,65,9.6,990.0,0.3,0.7,2,193.5,0
2017-03-04 18:21:00,3,32,21.9,65,9.6,990.1,0,0,2,193.5,0
2017-03-04 18:24:00,3,32,21.9,64,9.5,990.0,0,0.3,2,193.5,0
2017-03-04 18:27:00,3,32,21.9,64,9.5,990.1,0,0.3,0,193.5,0
2017-03-04 18:30:00,3,32,21.9,64,9.5,990.1,0.3,0.3,0,193.5,0
2017-03-04 18:33:00,3,32,21.9,65,9.4,990.0,0,0.3,0,193.5,0
2017-03-04 18:36:00,3,32,21.9,65,9.4,990.0,0.3,0.7,0,193.5,0
2017-03-04 18:39:00,3,32,21.9,66,9.4,990.0,0.7,1.0,0,193.5,0
2017-03-04 18:42:00,3,32,21.9,66,9.4,989.9,0.3,0.7,2,193.5,0
2017-03-04 18:45:00,3,32,21.9,66,9.4,989.9,0.3,0.7,0,193.5,0
2017-03-04 18:48:00,3,32,21.9,65,9.4,989.9,0.3,0.7,0,193.5,0
2017-03-04 18:51:00,3,32,21.9,65,9.5,989.9,0.3,0.7,0,193.5,0
2017-03-04 18:54:00,3,32,21.9,64,9.5,989.9,0.3,0.7,4,193.5,0
2017-03-04 18:57:00,3,32,21.9,64,9.6,989.8,0.7,1.0,2,193.5,0
2017-03-04 19:00:00,3,32,21.9,64,9.6,989.9,0.3,0.7,2,193.5,0
2017-03-04 19:03:00,3,32,21.9,64,9.6,989.8,0.3,0.7,2,193.5,0
2017-03-04 19:06:00,3,32,21.8,64,9.6,989.8,0.3,0.7,2,193.5,0
2017-03-04 19:09:00,3,32,21.8,64,9.5,989.9,0,0.3,2,193.5,0
2017-03-04 19:12:00,3,32,21.8,64,9.5,989.8,0,0,2,193.5,0
2017-03-04 19:15:00,3,32,21.8,63,9.4,989.8,0,0,2,193.5,0
2017-03-04 19:18:00,3,32,21.8,63,9.4,989.8,0,0,2,193.5,0
2017-03-04 19:21:00,3,32,21.8,63,9.4,989.8,1.0,1.4,2,193.5,0
2017-03-04 19:24:00,3,32,21.8,64,9.4,989.8,0.3,0.3,0,193.5,0
2017-03-04 19:27:00,3,32,21.8,63,9.4,989.8,0,0.3,4,193.5,0
2017-03-04 19:30:00,3,32,21.8,63,9.4,989.8,0,0.3,0,193.5,0
2017-03-04 19:33:00,3,32,21.8,63,9.4,989.7,0.7,1.0,1,193.5,0
2017-03-04 19:36:00,3,32,21.8,63,9.5,989.7,0,0,0,193.5,0
2017-03-04 19:39:00,3,32,21.8,63,9.5,989.7,0,0.3,4,193.5,0
2017-03-04 19:42:00,3,32,21.8,63,9.5,989.7,0,0.3,4,193.5,0
2017-03-04 19:45:00,3,32,21.8,63,9.5,989.7,0,0,4,193.5,0
2017-03-04 19:48:00,3,32,21.8,63,9.3,989.6,0,0.3,4,193.5,0
2017-03-04 19:51:00,3,32,21.8,63,9.2,989.5,0,0.3,6,193.5,0
2017-03-04 19:54:00,3,32,21.8,63,9.2,989.7,0,0.3,6,193.5,0
2017-03-04 19:57:00,3,33,21.8,63,9.3,989.7,0,0.3,10,193.5,0
2017-03-04 20:00:00,3,33,21.8,62,9.4,989.7,0,0.3,4,193.5,0
2017-03-04 20:03:00,3,32,21.8,62,9.5,989.6,1.0,1.4,0,193.5,0
2017-03-04 20:06:00,3,32,21.8,61,9.9,989.6,0.7,1.4,4,193.5,0
2017-03-04 20:09:00,3,33,21.8,61,10.2,989.6,1.4,1.7,4,193.5,0
2017-03-04 20:12:00,3,33,21.8,60,10.6,989.6,1.0,1.4,4,193.5,0
2017-03-04 20:15:00,3,33,21.8,59,10.7,989.6,1.0,1.4,7,193.5,0
2017-03-04 20:18:00,3,33,21.8,58,10.8,989.8,0.3,0.7,4,193.5,0
2017-03-04 20:21:00,3,33,21.8,57,10.8,989.7,0.3,0.7,6,193.5,0
2017-03-04 20:24:00,3,33,21.8,57,10.9,989.6,0.7,1.0,0,193.5,0
2017-03-04 20:27:00,3,33,21.8,57,10.9,989.6,0.3,0.7,0,193.5,0
2017-03-04 20:30:00,3,33,21.8,57,10.8,989.6,0.3,0.7,4,193.5,0
2017-03-04 20:33:00,3,33,21.8,57,10.7,989.5,0.3,0.7,2,193.5,0
2017-03-04 20:36:00,3,33,21.8,57,10.5,989.5,0,0,0,193.5,0
2017-03-04 20:39:00,3,33,21.8,58,10.4,989.6,0,0,0,193.5,0
2017-03-04 20:42:00,3,33,21.8,59,10.2,989.4,0,0,0,193.5,0
2017-03-04 20:45:00,3,33,21.8,60,10.0,989.5,0,0,0,193.5,0
2017-03-04 20:48:00,3,33,21.8,60,9.9,989.4,0.3,0.7,2,193.5,0
2017-03-04 20:51:00,3,33,21.7,60,9.9,989.4,0.3,0.7,4,193.5,0
2017-03-04 20:54:00,3,33,21.7,60,9.8,989.4,1.0,1.4,4,193.5,0
2017-03-04 20:57:00,3,33,21.7,60,9.9,989.3,0.3,0.7,2,193.5,0
2017-03-04 21:00:00,3,33,21.7,60,10.0,989.2,1.0,1.7,2,193.5,0
2017-03-04 21:03:00,3,33,21.7,60,10.0,989.2,1.0,1.7,2,193.5,0
2017-03-04 21:06:00,3,33,21.7,60,10.0,989.1,1.0,1.7,2,193.5,0
2017-03-04 21:09:00,3,33,21.7,61,9.7,989.2,0.7,1.0,0,193.5,0
2017-03-04 21:12:00,3,33,21.7,61,9.5,989.1,0.3,0.7,2,193.5,0
2017-03-04 21:15:00,3,33,21.7,61,9.4,989.1,0.3,0.7,0,193.5,0
2017-03-04 21:18:00,3,33,21.7,62,9.4,989.1,0.7,0.7,0,193.5,0
2017-03-04 21:21:00,3,33,21.7,62,9.3,989.1,0.3,0.7,0,193.5,0
2017-03-04 21:24:00,3,33,21.7,62,9.2,989.0,0.7,0.7,2,193.5,0
2017-03-04 21:27:00,3,33,21.7,62,9.1,988.9,0,0.3,2,193.5,0
2017-03-04 21:30:00,3,33,21.7,63,9.0,989.0,0,0,2,193.5,0
2017-03-04 21:33:00,3,32,21.7,63,8.9,989.0,0,0,0,193.5,0
2017-03-04 21:36:00,3,32,21.7,64,8.7,988.9,0,0,2,193.5,0
2017-03-04 21:39:00,3,32,21.7,64,8.6,989.0,0,0,0,193.5,0
2017-03-04 21:42:00,3,32,21.7,65,8.6,988.9,0,0,0,193.5,0
2017-03-04 21:45:00,3,32,21.7,65,8.6,988.9,0,0,0,193.5,0
2017-03-04 21:48:00,3,32,21.7,65,8.7,988.9,0,0,0,193.5,0
2017-03-04 21:51:00,3,32,21.6,65,8.7,988.9,0,0.3,15,193.5,0
2017-03-04 21:54:00,3,32,21.6,66,8.7,988.9,0.7,0.7,0,193.5,0
2017-03-04 21:57:00,3,32,21.6,66,8.7,988.7,0.3,0.7,0,193.5,0
2017-03-04 22:00:00,3,32,21.6,66,8.6,988.7,0.7,1.0,0,193.5,0
2017-03-04 22:03:00,3,32,21.6,66,8.6,988.6,0.3,0.7,0,193.5,0
2017-03-04 22:06:00,3,32,21.6,66,8.6,988.6,0.3,0.7,0,193.5,0
2017-03-04 22:09:00,3,32,21.6,66,8.5,988.6,0,0,0,193.5,0
2017-03-04 22:12:00,3,32,21.6,66,8.4,988.5,0,0,0,193.5,0
2017-03-04 22:15:00,3,32,21.5,66,8.2,988.5,0,0,0,193.5,0
2017-03-04 22:18:00,3,32,21.5,67,8.1,988.4,0,0,0,193.5,0
2017-03-04 22:21:00,3,32,21.5,68,8.1,988.3,0,0,0,193.5,0
2017-03-04 22:24:00,3,32,21.5,69,8.0,988.2,0,0,0,193.5,0
2017-03-04 22:27:00,3,32,21.5,69,7.9,988.3,0,0,0,193.5,0
2017-03-04 22:30:00,3,32,21.5,70,7.7,988.1,0,0,0,193.5,0
2017-03-04 22:33:00,3,32,21.5,70,7.6,988.2,0,0,0,193.5,0
2017-03-04 22:36:00,3,32,21.5,70,7.5,988.2,0,0.3,0,193.5,0
2017-03-04 22:39:00,3,32,21.5,73,7.4,988.3,0,0,12,193.5,0
2017-03-04 22:42:00,3,32,21.5,73,7.3,988.2,0,0.3,12,193.5,0
2017-03-04 22:45:00,3,32,21.4,74,7.2,988.4,0,0,12,193.5,0
2017-03-04 22:48:00,3,32,21.4,75,7.2,988.4,0,0,12,193.5,0
2017-03-04 22:51:00,3,32,21.4,75,7.2,988.5,0,0,0,193.5,0
2017-03-04 22:54:00,3,32,21.3,74,7.1,988.6,0,0,0,193.5,0
2017-03-04 22:57:00,3,32,21.3,75,7.0,988.5,0,0,0,193.5,0
2017-03-04 23:00:00,3,32,21.3,76,6.9,988.5,0,0,2,193.5,0
2017-03-04 23:03:00,3,32,21.3,76,6.9,988.4,0,0,2,193.5,0
2017-03-04 23:06:00,3,32,21.3,76,6.9,988.4,0,0,2,193.5,0
2017-03-04 23:09:00,3,32,21.3,77,6.8,988.5,0,0.3,4,193.5,0
2017-03-04 23:12:00,3,32,21.3,77,6.8,988.5,0,0.3,4,193.5,0
2017-03-04 23:15:00,3,32,21.3,76,6.8,988.5,0.3,0.3,2,193.5,0
2017-03-04 23:18:00,3,32,21.3,77,6.7,988.5,0,0,4,193.5,0
2017-03-04 23:21:00,3,32,21.3,77,6.6,988.4,0,0,0,193.5,0
2017-03-04 23:24:00,3,32,21.2,77,6.5,988.4,0,0,0,193.5,0
2017-03-04 23:27:00,3,32,21.2,77,6.4,988.4,0,0,0,193.5,0
2017-03-04 23:30:00,3,32,21.2,77,6.4,988.4,0,0,0,193.5,0
2017-03-04 23:33:00,3,32,21.2,77,6.4,988.5,0,0,0,193.5,0
2017-03-04 23:36:00,3,32,21.2,78,6.3,988.6,0,0,0,193.5,0
2017-03-04 23:39:00,3,32,21.2,78,6.2,988.6,0,0,0,193.5,0
2017-03-04 23:42:00,3,32,21.2,78,6.2,988.6,0,0,0,193.5,0
2017-03-04 23:45:00,3,32,21.2,80,6.1,988.7,0,0,2,193.5,0
2017-03-04 23:48:00,3,32,21.2,80,6.1,988.7,0,0,8,193.5,0
2017-03-04 23:51:00,3,32,21.1,80,6.1,988.6,0.7,1.0,2,193.5,0
2017-03-04 23:54:00,3,32,21.1,80,6.1,988.6,0,0,2,193.5,0
2017-03-04 23:57:00,3,32,21.1,80,6.1,988.6,0,0.3,2,193.5,0
