2017-03-07 00:00:00,3,34,20.2,92,4.0,998.5,1.7,2.0,0,197.4,0
2017-03-07 00:03:00,3,34,20.2,92,3.9,998.5,2.0,3.1,0,197.4,0
2017-03-07 00:06:00,3,34,20.2,92,3.9,998.5,2.0,2.7,0,197.4,0
2017-03-07 00:09:00,3,34,20.2,92,3.9,998.6,1.7,2.0,0,197.4,0
2017-03-07 00:12:00,3,34,20.1,92,3.9,998.7,1.0,1.7,0,197.4,0
2017-03-07 00:15:00,3,34,20.1,92,3.9,998.7,1.0,1.4,0,197.4,0
2017-03-07 00:18:00,3,34,20.1,92,3.9,998.6,2.0,2.7,0,197.4,0
2017-03-07 00:21:00,3,34,20.1,92,3.9,998.8,1.0,1.7,0,197.4,0
2017-03-07 00:24:00,3,34,20.1,92,3.9,998.8,1.0,1.7,0,197.4,0
2017-03-07 00:27:00,3,34,20.1,92,3.9,998.7,1.7,2.7,0,197.4,0
2017-03-07 00:30:00,3,34,20.1,92,3.9,998.7,1.4,2.0,0,197.4,0
2017-03-07 00:33:00,3,34,20.1,92,3.9,998.8,2.0,2.4,0,197.4,0
2017-03-07 00:36:00,3,34,20.1,92,3.9,998.7,2.0,3.1,0,197.4,0
2017-03-07 00:39:00,3,34,20.0,92,3.9,998.8,1.4,2.0,0,197.4,0
2017-03-07 00:42:00,3,34,20.0,92,3.9,998.8,1.4,2.4,0,197.4,0
2017-03-07 00:45:00,3,34,20.0,92,3.9,998.8,1.7,2.0,1,197.4,0
2017-03-07 00:48:00,3,34,20.0,92,3.9,998.8,1.0,1.4,0,197.4,0
2017-03-07 00:51:00,3,34,20.0,92,3.9,998.8,1.0,1.4,2,197.4,0
2017-03-07 00:54:00,3,34,20.0,92,3.8,998.8,2.4,3.7,0,197.4,0
2017-03-07 00:57:00,3,34,20.0,92,3.8,998.9,2.7,4.1,0,197.4,0
2017-03-07 01:00:00,3,34,20.0,92,3.8,998.8,1.0,1.4,0,197.4,0
2017-03-07 01:03:00,3,35,19.9,92,3.8,998.9,1.0,1.4,0,197.4,0
2017-03-07 01:06:00,3,35,19.9,92,3.8,998.8,1.0,1.4,0,197.4,0
2017-03-07 01:09:00,3,35,19.8,92,3.7,998.8,1.7,2.0,0,197.4,0
2017-03-07 01:12:00,3,35,19.8,92,3.7,998.9,1.4,1.7,0,197.4,0
2017-03-07 01:15:00,3,35,19.8,92,3.7,998.9,1.4,1.7,0,197.4,0
2017-03-07 01:18:00,3,35,19.8,92,3.7,999.0,1.0,1.4,0,197.4,0
2017-03-07 01:21:00,3,35,19.8,92,3.7,999.0,2.4,3.1,0,197.4,0
2017-03-07 01:24:00,3,35,19.8,92,3.7,999.0,1.4,2.0,0,197.4,0
2017-03-07 01:27:00,3,35,19.8,92,3.7,998.9,1.4,2.0,14,197.4,0
2017-03-07 01:30:00,3,35,19.8,92,3.7,999.0,1.0,1.4,0,197.4,0
2017-03-07 01:33:00,3,35,19.7,92,3.6,999.0,1.7,2.4,0,197.4,0
2017-03-07 01:36:00,3,35,19.7,92,3.6,999.1,1.4,1.7,0,197.4,0
2017-03-07 01:39:00,3,35,19.7,92,3.6,999.1,2.0,3.4,2,197.4,0
2017-03-07 01:42:00,3,35,19.7,92,3.6,999.2,0.7,1.0,0,197.4,0
2017-03-07 01:45:00,3,35,19.7,92,3.6,999.1,1.7,3.1,0,197.4,0
2017-03-07 01:48:00,3,35,19.7,92,3.6,999.2,1.7,2.4,1,197.4,0
2017-03-07 01:51:00,3,35,19.7,92,3.5,999.2,2.0,3.1,0,197.4,0
2017-03-07 01:54:00,3,35,19.7,92,3.5,999.3,1.4,2.0,14,197.4,0
2017-03-07 01:57:00,3,35,19.6,92,3.5,999.3,2.0,2.7,0,197.7,0
2017-03-07 02:00:00,3,35,19.6,92,3.5,999.2,2.7,3.7,0,197.7,0
2017-03-07 02:03:00,3,35,19.6,92,3.5,999.3,2.0,2.4,0,197.7,0
2017-03-07 02:06:00,3,34,19.6,91,3.5,999.3,2.7,3.4,0,197.7,0
2017-03-07 02:09:00,3,34,19.6,91,3.5,999.3,1.4,2.0,14,197.7,0
2017-03-07 02:12:00,3,34,19.6,91,3.5,999.4,1.0,1.7,0,197.7,0
2017-03-07 02:15:00,3,34,19.6,91,3.4,999.4,1.4,2.0,0,197.7,0
2017-03-07 02:18:00,3,34,19.6,91,3.4,999.4,2.7,3.7,0,197.7,0
2017-03-07 02:21:00,3,34,19.5,91,3.4,999.4,1.7,2.4,0,197.7,0
2017-03-07 02:24:00,3,34,19.5,91,3.3,999.4,2.4,3.1,0,197.7,0
2017-03-07 02:27:00,3,34,19.5,91,3.3,999.4,1.7,2.0,2,197.7,0
2017-03-07 02:30:00,3,34,19.5,91,3.3,999.5,1.7,2.7,0,198.0,0
2017-03-07 02:33:00,3,34,19.5,91,3.3,999.5,1.4,2.0,0,198.0,0
2017-03-07 02:36:00,3,34,19.4,91,3.3,999.6,1.0,1.7,0,198.0,0
2017-03-07 02:39:00,3,34,19.4,91,3.2,999.6,2.0,2.4,1,198.0,0
2017-03-07 02:42:00,3,34,19.3,91,3.2,999.6,1.0,1.7,0,198.0,0
2017-03-07 02:45:00,3,34,19.3,91,3.2,999.7,1.7,2.0,0,198.0,0
2017-03-07 02:48:00,3,34,19.3,91,3.2,999.6,1.0,1.4,0,198.0,0
2017-03-07 02:51:00,3,34,19.3,91,3.2,999.7,1.4,1.7,0,198.0,0
2017-03-07 02:54:00,3,34,19.3,91,3.1,999.7,2.0,3.1,2,198.0,0
2017-03-07 02:57:00,3,34,19.3,91,3.1,999.7,2.0,3.1,2,198.0,0
2017-03-07 03:00:00,3,34,19.3,91,3.0,999.7,2.0,2.7,0,198.0,0
2017-03-07 03:03:00,3,34,19.3,91,3.0,999.8,2.0,2.7,0,198.0,0
2017-03-07 03:06:00,3,34,19.3,91,3.0,999.8,2.0,2.7,0,198.0,0
2017-03-07 03:09:00,3,34,19.2,90,2.7,999.9,1.4,2.0,2,198.0,0
2017-03-07 03:12:00,3,34,19.2,90,2.7,999.9,2.4,3.4,1,198.0,0
2017-03-07 03:15:00,3,34,19.2,90,2.7,999.9,2.0,2.7,2,198.0,0
2017-03-07 03:18:00,3,34,19.2,90,2.6,1000.0,1.0,1.4,0,198.0,0
2017-03-07 03:21:00,3,34,19.2,90,2.6,1000.2,2.4,4.1,0,198.0,0
2017-03-07 03:24:00,3,34,19.2,90,2.4,1000.2,2.4,2.7,0,198.0,0
2017-03-07 03:27:00,3,34,19.2,90,2.4,1000.2,1.4,2.0,0,198.3,0
2017-03-07 03:30:00,3,34,19.2,90,2.2,1000.3,1.0,1.4,0,198.3,0
2017-03-07 03:33:00,3,34,19.2,90,2.2,1000.2,1.0,1.4,2,198.3,0
2017-03-07 03:36:00,3,34,19.2,90,2.1,1000.3,1.7,2.4,14,198.3,0
2017-03-07 03:39:00,3,34,19.2,90,2.1,1000.4,1.0,1.4,0,198.3,0
2017-03-07 03:42:00,3,34,19.2,90,2.0,1000.5,1.4,1.7,2,198.3,0
2017-03-07 03:45:00,3,34,19.2,90,2.0,1000.5,0.7,1.0,0,198.3,0
2017-03-07 03:48:00,3,34,19.1,90,2.0,1000.5,0.7,1.0,14,198.3,0
2017-03-07 03:51:00,3,34,19.1,90,2.0,1000.5,0.3,1.0,0,198.3,0
2017-03-07 03:54:00,3,34,19.1,90,2.0,1000.6,1.0,1.4,0,198.3,0
2017-03-07 03:57:00,3,34,19.1,90,2.0,1000.7,0.7,1.0,0,198.3,0
2017-03-07 04:00:00,3,34,19.1,90,2.0,1000.7,0.7,1.0,0,198.3,0
2017-03-07 04:03:00,3,34,19.1,90,2.1,1000.7,1.7,2.4,2,198.3,0
2017-03-07 04:06:00,3,34,19.1,90,2.1,1000.7,2.7,3.4,14,198.6,0
2017-03-07 04:09:00,3,34,19.1,90,2.2,1000.7,1.7,2.0,0,198.6,0
2017-03-07 04:12:00,3,34,19.1,91,2.2,1000.8,1.0,2.0,0,198.6,0
2017-03-07 04:15:00,3,34,19.1,91,2.2,1000.8,1.0,1.7,2,198.6,0
2017-03-07 04:18:00,3,34,19.1,91,2.2,1000.9,1.4,1.7,0,198.6,0
2017-03-07 04:21:00,3,34,19.1,91,2.2,1000.8,1.4,2.0,0,198.6,0
2017-03-07 04:24:00,3,34,19.1,91,2.2,1000.9,1.4,1.7,0,198.6,0
2017-03-07 04:27:00,3,34,19.1,91,2.2,1000.9,2.7,3.4,0,198.6,0
2017-03-07 04:30:00,3,34,19.1,90,2.2,1001.1,2.4,3.4,0,198.6,0
2017-03-07 04:33:00,3,34,19.1,90,2.1,1001.0,1.7,2.7,0,198.6,0
2017-03-07 04:36:00,3,34,19.0,90,2.1,1001.0,1.4,2.0,0,198.6,0
2017-03-07 04:39:00,3,34,19.0,90,2.1,1001.0,1.4,2.0,1,198.6,0
2017-03-07 04:42:00,3,34,19.0,90,2.1,1001.1,1.4,1.7,2,198.6,0
2017-03-07 04:45:00,3,34,19.0,90,2.1,1001.1,1.0,1.7,14,198.6,0
2017-03-07 04:48:00,3,34,19.0,90,2.2,1001.1,1.7,2.4,4,198.6,0
2017-03-07 04:51:00,3,34,19.0,90,2.2,1001.2,2.0,3.1,2,198.6,0
2017-03-07 04:54:00,3,34,19.0,90,2.2,1001.1,1.7,2.4,2,198.6,0
2017-03-07 04:57:00,3,34,19.0,90,2.2,1001.2,1.0,1.7,14,198.6,0
2017-03-07 05:00:00,3,34,19.0,90,2.3,1001.3,2.0,2.4,0,198.6,0
2017-03-07 05:03:00,3,34,19.0,90,2.3,1001.3,2.0,2.4,0,198.6,0
2017-03-07 05:06:00,3,34,19.0,90,2.3,1001.3,2.0,2.4,0,198.6,0
2017-03-07 05:09:00,3,34,19.0,90,2.3,1001.4,2.0,2.4,0,198.6,0
2017-03-07 05:12:00,3,34,19.0,90,2.3,1001.5,2.4,3.4,2,198.6,0
2017-03-07 05:15:00,3,34,19.0,90,2.3,1001.5,3.1,4.8,0,198.6,0
2017-03-07 05:18:00,3,34,19.1,90,2.3,1001.5,3.7,4.8,0,198.6,0
2017-03-07 05:21:00,3,34,19.1,90,2.3,1001.5,3.1,3.7,2,198.6,0
2017-03-07 05:24:00,3,34,19.1,90,2.3,1001.6,3.1,4.1,14,198.6,0
2017-03-07 05:27:00,3,34,19.1,90,2.3,1001.7,2.0,2.4,0,198.6,0
2017-03-07 05:30:00,3,34,19.1,89,2.3,1001.7,1.7,2.4,0,198.6,0
2017-03-07 05:33:00,3,34,19.2,89,2.3,1001.7,1.4,2.4,2,198.6,0
2017-03-07 05:36:00,3,34,19.2,89,2.3,1001.7,2.0,2.7,0,198.6,0
2017-03-07 05:39:00,3,34,19.2,89,2.3,1001.7,1.4,1.7,0,198.6,0
2017-03-07 05:42:00,3,34,19.2,89,2.3,1001.9,1.0,1.4,0,198.6,0
2017-03-07 05:45:00,3,34,19.3,89,2.3,1001.9,1.4,1.7,0,198.6,0
2017-03-07 05:48:00,3,34,19.3,89,2.3,1001.8,0.7,1.0,0,198.6,0
2017-03-07 05:51:00,3,34,19.3,89,2.3,1001.9,1.7,2.4,14,198.6,0
2017-03-07 05:54:00,3,34,19.3,89,2.3,1001.9,1.4,2.0,15,198.6,0
2017-03-07 05:57:00,3,34,19.3,89,2.3,1001.9,1.0,1.7,0,198.6,0
2017-03-07 06:00:00,3,34,19.4,89,2.3,1002.0,0.7,1.4,4,198.6,0
2017-03-07 06:03:00,3,35,19.5,89,2.3,1002.2,1.4,2.4,0,198.6,0
2017-03-07 06:06:00,3,35,19.5,89,2.3,1002.3,2.4,3.4,0,198.6,0
2017-03-07 06:09:00,3,35,19.6,89,2.3,1002.3,1.0,1.7,0,198.6,0
2017-03-07 06:12:00,3,35,19.8,89,2.3,1002.4,1.7,2.4,14,198.6,0
2017-03-07 06:15:00,3,33,20.0,89,2.3,1002.5,2.4,3.1,2,198.6,0
2017-03-07 06:18:00,3,33,20.3,89,2.3,1002.7,1.0,1.4,14,198.6,0
2017-03-07 06:21:00,3,33,20.4,88,2.2,1002.6,1.0,1.7,2,198.6,0
2017-03-07 06:24:00,3,32,20.5,88,2.2,1002.8,1.7,2.4,0,198.6,0
2017-03-07 06:27:00,3,32,20.6,88,2.2,1002.8,1.4,2.0,2,198.6,0
2017-03-07 06:30:00,3,32,20.7,88,2.2,1002.9,1.7,2.4,15,198.6,0
2017-03-07 06:33:00,3,32,20.8,88,2.2,1002.9,2.0,3.1,0,198.6,0
2017-03-07 06:36:00,3,32,20.9,88,2.2,1003.0,1.0,1.4,0,198.6,0
2017-03-07 06:39:00,3,31,21.0,88,2.2,1003.0,1.4,2.0,14,198.6,0
2017-03-07 06:42:00,3,31,21.1,88,2.2,1003.1,1.4,2.0,0,198.6,0
2017-03-07 06:45:00,3,31,21.1,88,2.2,1003.2,0.7,1.0,0,198.6,0
2017-03-07 06:48:00,3,31,21.2,88,2.2,1003.4,1.7,2.4,0,198.6,0
2017-03-07 06:51:00,3,31,21.3,88,2.2,1003.4,1.4,2.4,14,198.6,0
2017-03-07 06:54:00,3,31,21.3,88,2.2,1003.3,1.4,2.0,0,198.6,0
2017-03-07 06:57:00,3,30,21.5,88,2.2,1003.5,1.7,2.7,0,198.6,0
2017-03-07 07:00:00,3,30,21.5,87,2.2,1003.5,1.4,1.7,2,198.6,0
2017-03-07 07:03:00,3,30,21.5,87,2.2,1003.6,1.4,1.7,2,198.6,0
2017-03-07 07:06:00,3,30,21.6,87,2.2,1003.5,1.4,1.7,2,198.6,0
2017-03-07 07:09:00,3,30,21.7,86,2.2,1003.6,1.7,2.4,0,198.6,0
2017-03-07 07:12:00,3,30,21.7,86,2.2,1003.7,1.7,2.0,0,198.6,0
2017-03-07 07:15:00,3,30,21.8,86,2.2,1003.8,2.7,3.7,2,198.6,0
2017-03-07 07:18:00,3,30,21.8,86,2.2,1003.8,1.4,1.7,0,198.6,0
2017-03-07 07:21:00,3,30,21.8,85,2.2,1003.8,2.7,3.7,1,198.6,0
2017-03-07 07:24:00,3,30,21.7,85,2.2,1003.9,1.7,2.4,0,198.6,0
2017-03-07 07:27:00,3,30,21.6,85,2.3,1003.9,1.0,1.7,14,198.6,0
2017-03-07 07:30:00,3,30,21.5,85,2.3,1004.0,1.0,1.7,0,198.6,0
2017-03-07 07:33:00,3,30,21.4,85,2.3,1004.0,1.0,1.4,0,198.6,0
2017-03-07 07:36:00,3,30,21.3,84,2.4,1004.0,1.7,2.0,2,198.6,0
2017-03-07 07:39:00,3,30,21.3,84,2.4,1004.0,1.0,1.7,0,198.6,0
2017-03-07 07:42:00,3,30,21.2,84,2.4,1004.1,1.0,1.4,0,198.6,0
2017-03-07 07:45:00,3,30,21.2,83,2.5,1004.1,2.4,3.1,2,198.6,0
2017-03-07 07:48:00,3,30,21.2,83,2.5,1004.1,1.0,1.4,2,198.6,0
2017-03-07 07:51:00,3,30,21.1,83,2.5,1004.2,1.4,2.0,2,198.6,0
2017-03-07 07:54:00,3,30,21.1,82,2.6,1004.2,2.0,2.7,0,198.6,0
2017-03-07 07:57:00,3,30,21.1,82,2.6,1004.2,1.7,2.0,0,198.6,0
2017-03-07 08:00:00,3,30,21.1,82,2.6,1004.2,1.7,2.0,0,198.6,0
2017-03-07 08:03:00,3,30,21.1,82,2.6,1004.3,2.0,2.7,14,198.6,0
2017-03-07 08:06:00,3,30,21.0,82,2.6,1004.3,1.4,2.4,12,198.6,0
2017-03-07 08:09:00,3,30,21.0,81,2.6,1004.3,1.4,2.0,2,198.6,0
2017-03-07 08:12:00,3,30,21.0,81,2.7,1004.5,1.4,2.0,0,198.6,0
2017-03-07 08:15:00,3,32,20.9,81,2.7,1004.4,1.0,1.4,14,198.6,0
2017-03-07 08:18:00,3,31,21.0,82,2.7,1004.3,0.7,1.4,0,198.6,0
2017-03-07 08:21:00,3,31,21.1,82,2.8,1004.4,1.4,1.7,0,198.6,0
2017-03-07 08:24:00,3,31,21.2,82,2.8,1004.5,0.7,1.0,14,198.6,0
2017-03-07 08:27:00,3,31,21.3,82,2.9,1004.6,0.7,1.0,14,198.6,0
2017-03-07 08:30:00,3,31,21.3,82,2.9,1004.5,0.3,0.7,14,198.6,0
2017-03-07 08:33:00,3,30,21.5,82,2.9,1004.7,0.7,1.0,0,198.6,0
2017-03-07 08:36:00,3,30,21.5,81,2.9,1004.6,1.4,2.0,1,198.6,0
2017-03-07 08:39:00,3,30,21.6,81,2.9,1004.7,0.3,0.7,0,198.6,0
2017-03-07 08:42:00,3,30,21.7,81,2.9,1004.7,2.4,3.1,2,198.6,0
2017-03-07 08:45:00,3,30,21.7,81,2.9,1004.8,1.0,1.4,4,198.6,0
2017-03-07 08:48:00,3,30,21.8,81,3.0,1004.8,0.3,1.0,14,198.6,0
2017-03-07 08:51:00,3,30,21.8,81,3.1,1004.8,0.7,1.4,12,198.6,0
2017-03-07 08:54:00,3,30,21.9,81,3.1,1004.9,1.0,1.4,14,198.6,0
2017-03-07 08:57:00,3,29,21.9,80,3.2,1004.9,1.0,1.4,0,198.6,0
2017-03-07 09:00:00,3,29,21.9,80,3.2,1005.0,1.4,1.7,2,198.6,0
2017-03-07 09:03:00,3,28,22.0,80,3.2,1005.1,1.4,1.7,2,198.6,0
2017-03-07 09:06:00,3,28,22.0,80,3.2,1005.1,1.4,1.7,2,198.6,0
2017-03-07 09:09:00,3,28,22.1,79,3.2,1005.1,0.7,1.0,0,198.6,0
2017-03-07 09:12:00,3,28,22.1,79,3.3,1005.2,1.4,1.7,1,198.6,0
2017-03-07 09:15:00,3,28,22.1,79,3.4,1005.3,1.4,2.0,14,198.6,0
2017-03-07 09:18:00,3,28,22.1,79,3.4,1005.4,1.4,1.7,14,198.6,0
2017-03-07 09:21:00,3,28,22.2,78,3.4,1005.4,0.7,1.0,12,198.6,0
2017-03-07 09:24:00,3,28,22.2,77,3.3,1005.4,2.4,2.7,0,198.6,0
2017-03-07 09:27:00,3,28,22.2,77,3.3,1005.5,1.0,1.7,0,198.6,0
2017-03-07 09:30:00,3,28,22.3,77,3.4,1005.5,1.0,1.7,14,198.6,0
2017-03-07 09:33:00,3,28,22.3,77,3.4,1005.6,0.3,0.7,0,198.6,0
2017-03-07 09:36:00,3,28,22.4,77,3.4,1005.6,0.7,1.4,15,198.6,0
2017-03-07 09:39:00,3,28,22.5,77,3.4,1005.5,1.7,2.4,12,198.6,0
2017-03-07 09:42:00,3,28,22.5,77,3.4,1005.7,1.7,2.0,0,198.6,0
2017-03-07 09:45:00,3,28,22.6,76,3.4,1005.6,1.0,1.4,14,198.6,0
2017-03-07 09:48:00,3,28,22.6,76,3.4,1005.8,1.4,1.4,0,198.6,0
2017-03-07 09:51:00,3,28,22.7,76,3.4,1005.7,1.0,1.4,14,198.6,0
2017-03-07 09:54:00,3,28,22.7,76,3.4,1005.9,1.7,2.7,2,198.6,0
2017-03-07 09:57:00,3,28,22.8,75,3.4,1005.8,0.7,1.0,0,198.6,0
2017-03-07 10:00:00,3,28,22.8,75,3.4,1006.0,2.0,2.7,0,198.6,0
2017-03-07 10:03:00,3,28,22.8,75,3.4,1006.0,1.0,1.7,15,198.6,0
2017-03-07 10:06:00,3,28,22.8,75,3.5,1006.1,1.7,2.0,14,198.6,0
2017-03-07 10:09:00,3,28,22.7,75,3.5,1006.1,1.4,2.0,0,198.6,0
2017-03-07 10:12:00,3,28,22.7,76,3.5,1006.2,1.4,1.7,14,198.6,0
2017-03-07 10:15:00,3,28,22.6,76,3.5,1006.0,1.4,1.7,0,198.6,0
2017-03-07 10:18:00,3,28,22.5,76,3.4,1006.1,1.7,2.0,0,198.6,0
2017-03-07 10:21:00,3,28,22.3,76,3.4,1006.2,1.7,2.0,0,198.6,0
2017-03-07 10:24:00,3,28,22.2,75,3.4,1006.1,1.0,1.4,15,198.6,0
2017-03-07 10:27:00,3,28,22.1,75,3.4,1006.2,1.0,1.7,14,198.6,0
2017-03-07 10:30:00,3,29,21.9,75,3.4,1006.3,1.4,1.7,0,198.6,0
2017-03-07 10:33:00,3,29,21.9,75,3.4,1006.3,1.0,1.0,0,198.6,0
2017-03-07 10:36:00,3,29,21.8,74,3.5,1006.4,1.0,1.4,0,198.6,0
2017-03-07 10:39:00,3,29,21.8,74,3.5,1006.4,0.7,1.4,0,198.6,0
2017-03-07 10:42:00,3,30,21.7,74,3.5,1006.4,0.7,1.0,0,198.6,0
2017-03-07 10:45:00,3,30,21.7,74,3.5,1006.4,1.0,1.4,0,198.6,0
2017-03-07 10:48:00,3,30,21.6,74,3.5,1006.4,1.0,1.4,15,198.6,0
2017-03-07 10:51:00,3,30,21.6,73,3.5,1006.5,0.3,0.7,0,198.6,0
2017-03-07 10:54:00,3,30,21.5,73,3.5,1006.5,0.7,1.4,14,198.6,0
2017-03-07 10:57:00,3,30,21.5,73,3.5,1006.6,1.0,1.4,1,198.6,0
2017-03-07 11:00:00,3,30,21.4,73,3.5,1006.5,0.7,1.0,0,198.6,0
2017-03-07 11:03:00,3,30,21.3,73,3.5,1006.6,0.7,1.0,0,198.6,0
2017-03-07 11:06:00,3,30,21.3,73,3.5,1006.6,0.7,1.0,0,198.6,0
2017-03-07 11:09:00,3,30,21.3,72,3.5,1006.6,0.7,1.0,0,198.6,0
2017-03-07 11:12:00,3,30,21.2,73,3.6,1006.7,0.7,1.0,14,198.6,0
2017-03-07 11:15:00,3,30,21.2,74,3.7,1006.7,0.7,1.0,14,198.6,0
2017-03-07 11:18:00,3,30,21.2,74,3.7,1006.8,0.7,1.0,1,198.6,0
2017-03-07 11:21:00,3,30,21.2,73,3.7,1006.8,1.0,1.4,0,198.6,0
2017-03-07 11:24:00,3,30,21.1,73,3.6,1006.8,1.4,2.0,14,198.6,0
2017-03-07 11:27:00,3,30,21.1,72,3.6,1006.8,1.0,1.4,2,198.6,0
2017-03-07 11:30:00,3,30,21.1,72,3.6,1006.9,0.7,1.0,2,198.6,0
2017-03-07 11:33:00,3,30,21.0,71,3.6,1006.9,1.4,2.0,0,198.6,0
2017-03-07 11:36:00,3,30,21.0,71,3.6,1006.9,0.7,0.7,0,198.6,0
2017-03-07 11:39:00,3,31,20.9,71,3.7,1006.8,0.7,1.0,14,198.6,0
2017-03-07 11:42:00,3,31,20.9,71,3.7,1006.9,1.4,2.0,0,198.6,0
2017-03-07 11:45:00,3,31,20.9,71,3.7,1006.8,1.4,2.0,2,198.6,0
2017-03-07 11:48:00,3,31,20.7,70,3.7,1006.8,1.4,1.7,14,198.6,0
2017-03-07 11:51:00,3,31,20.7,70,3.7,1006.9,1.4,1.7,0,198.6,0
2017-03-07 11:54:00,3,32,20.7,70,3.7,1006.8,1.7,2.0,0,198.6,0
2017-03-07 11:57:00,3,32,20.7,70,3.6,1006.9,0.7,1.0,14,198.6,0
2017-03-07 12:00:00,3,32,20.6,70,3.6,1006.8,0.7,1.0,14,198.6,0
2017-03-07 12:03:00,3,32,20.6,70,3.6,1006.9,0,0.7,14,198.6,0
2017-03-07 12:06:00,3,32,20.6,71,3.7,1006.9,0.7,1.4,14,198.6,0
2017-03-07 12:09:00,3,32,20.5,71,3.7,1007.0,0.7,1.0,14,198.6,0
2017-03-07 12:12:00,3,32,20.5,70,3.7,1007.1,1.4,2.0,2,198.6,0
2017-03-07 12:15:00,3,32,20.5,70,3.7,1007.2,0.7,1.0,14,198.6,0
2017-03-07 12:18:00,3,32,20.5,70,3.7,1007.1,1.4,1.7,0,198.6,0
2017-03-07 12:21:00,3,32,20.4,71,3.8,1007.2,0.7,1.0,0,198.6,0
2017-03-07 12:24:00,3,32,20.4,71,3.9,1007.2,0.7,1.0,14,198.6,0
2017-03-07 12:27:00,3,32,20.4,71,3.9,1007.2,1.0,1.4,13,198.6,0
2017-03-07 12:30:00,3,32,20.4,71,3.9,1007.2,1.0,1.7,0,198.6,0
2017-03-07 12:33:00,3,32,20.4,70,3.9,1007.3,0.3,1.0,14,198.6,0
2017-03-07 12:36:00,3,32,20.3,70,3.9,1007.3,0.7,1.0,14,198.6,0
2017-03-07 12:39:00,3,32,20.3,70,3.9,1007.4,0.3,1.0,12,198.6,0
2017-03-07 12:42:00,3,32,20.3,70,4.0,1007.4,1.4,1.7,10,198.6,0
2017-03-07 12:45:00,3,32,20.3,70,3.9,1007.5,1.0,1.7,14,198.6,0
2017-03-07 12:48:00,3,32,20.3,70,3.9,1007.5,1.4,1.7,0,198.6,0
2017-03-07 12:51:00,3,32,20.3,70,3.9,1007.4,1.0,1.7,0,198.6,0
2017-03-07 12:54:00,3,32,20.3,70,3.8,1007.5,0.7,1.0,0,198.6,0
2017-03-07 12:57:00,3,32,20.3,70,3.8,1007.5,0.7,1.0,14,198.6,0
2017-03-07 13:00:00,3,33,20.3,69,3.8,1007.5,0.7,1.0,14,198.6,0
2017-03-07 13:03:00,3,33,20.3,69,3.8,1007.5,0.7,1.0,14,198.6,0
2017-03-07 13:06:00,3,33,20.3,69,3.8,1007.5,0.7,1.0,14,198.6,0
2017-03-07 13:09:00,3,34,20.4,69,3.9,1007.5,0.7,1.4,14,198.6,0
2017-03-07 13:12:00,3,35,20.4,69,3.9,1007.6,0.7,1.4,12,198.6,0
2017-03-07 13:15:00,3,34,20.4,68,3.9,1007.6,1.0,1.4,0,198.6,0
2017-03-07 13:18:00,3,34,20.6,69,4.0,1007.6,0,0.3,14,198.6,0
2017-03-07 13:21:00,3,33,20.7,69,4.2,1007.7,0.3,0.7,14,198.6,0
2017-03-07 13:24:00,3,32,21.0,69,4.3,1007.8,0.7,1.4,14,198.6,0
2017-03-07 13:27:00,3,32,21.1,69,4.4,1007.9,1.4,2.4,14,198.6,0
2017-03-07 13:30:00,3,31,21.2,67,4.4,1008.0,1.7,2.4,10,198.6,0
2017-03-07 13:33:00,3,31,21.2,67,4.3,1008.0,1.0,1.7,14,198.6,0
2017-03-07 13:36:00,3,31,21.2,66,4.3,1007.9,1.0,1.4,14,198.6,0
2017-03-07 13:39:00,3,31,21.2,66,4.3,1007.9,1.0,1.4,0,198.6,0
2017-03-07 13:42:00,3,31,21.2,66,4.2,1008.0,0.7,1.4,14,198.6,0
2017-03-07 13:45:00,3,31,21.2,66,4.2,1008.0,0.3,0.7,14,198.6,0
2017-03-07 13:48:00,3,31,21.1,67,4.3,1008.0,0.7,1.4,10,198.6,0
2017-03-07 13:51:00,3,31,21.1,68,4.3,1008.1,0.3,0.7,14,198.6,0
2017-03-07 13:54:00,3,31,21.1,68,4.3,1008.1,0.3,0.7,14,198.6,0
2017-03-07 13:57:00,3,31,21.2,68,4.3,1008.1,1.0,1.4,0,198.6,0
2017-03-07 14:00:00,3,31,21.3,67,4.3,1008.1,0.3,0.7,14,198.6,0
2017-03-07 14:03:00,3,31,21.3,68,4.3,1008.2,0.7,1.0,2,198.6,0
2017-03-07 14:06:00,3,31,21.5,68,4.4,1008.3,0.3,0.7,14,198.6,0
2017-03-07 14:09:00,3,31,21.5,67,4.4,1008.2,0.7,1.0,14,198.6,0
2017-03-07 14:12:00,3,31,21.6,67,4.4,1008.2,1.7,2.4,0,198.6,0
2017-03-07 14:15:00,3,30,21.5,66,4.4,1008.3,1.0,1.4,0,198.6,0
2017-03-07 14:18:00,3,30,21.5,66,4.4,1008.4,0.7,1.0,0,198.6,0
2017-03-07 14:21:00,3,31,21.4,65,4.4,1008.4,0.7,1.0,8,198.6,0
2017-03-07 14:24:00,3,31,21.3,66,4.5,1008.4,1.0,1.4,14,198.6,0
2017-03-07 14:27:00,3,31,21.3,66,4.6,1008.5,0.7,1.0,14,198.6,0
2017-03-07 14:30:00,3,31,21.3,65,4.6,1008.4,0.3,0.7,14,198.6,0
2017-03-07 14:33:00,3,31,21.2,65,4.7,1008.4,2.0,2.4,14,198.6,0
2017-03-07 14:36:00,3,31,21.2,65,4.6,1008.4,2.4,2.7,12,198.6,0
2017-03-07 14:39:00,3,31,21.2,65,4.6,1008.5,1.0,1.4,14,198.6,0
2017-03-07 14:42:00,3,31,21.2,65,4.7,1008.5,1.0,1.7,0,198.6,0
2017-03-07 14:45:00,3,31,21.2,65,4.7,1008.7,0.7,1.0,14,198.6,0
2017-03-07 14:48:00,3,31,21.1,65,4.7,1008.6,1.0,1.7,14,198.6,0
2017-03-07 14:51:00,3,31,21.1,65,4.7,1008.6,0.7,1.4,12,198.6,0
2017-03-07 14:54:00,3,31,21.1,66,4.7,1008.6,0.7,1.0,0,198.6,0
2017-03-07 14:57:00,3,31,21.1,66,4.8,1008.7,0.7,1.0,0,198.6,0
2017-03-07 15:00:00,3,31,21.1,66,4.8,1008.8,0.3,0.7,14,198.6,0
2017-03-07 15:03:00,3,31,21.1,66,4.8,1008.7,0.3,0.7,14,198.6,0
2017-03-07 15:06:00,3,31,21.1,66,4.8,1008.8,0.3,0.7,14,198.6,0
2017-03-07 15:09:00,3,31,21.0,66,4.7,1008.9,0.7,0.7,14,198.6,0
2017-03-07 15:12:00,3,31,21.0,66,4.7,1008.9,1.0,1.7,14,198.6,0
2017-03-07 15:15:00,3,31,21.0,66,4.7,1009.0,0.7,1.0,14,198.6,0
2017-03-07 15:18:00,3,31,21.0,66,4.6,1009.1,0.7,1.4,12,198.6,0
2017-03-07 15:21:00,3,32,20.9,66,4.6,1009.0,1.0,1.7,14,198.6,0
2017-03-07 15:24:00,3,32,20.9,65,4.5,1009.0,0.3,0.7,0,198.6,0
2017-03-07 15:27:00,3,32,20.9,66,4.5,1009.0,0.7,1.0,14,198.6,0
2017-03-07 15:30:00,3,32,20.9,65,4.4,1009.1,0.3,1.0,14,198.6,0
2017-03-07 15:33:00,3,32,20.8,65,4.3,1009.1,0.7,1.0,14,198.6,0
2017-03-07 15:36:00,3,32,20.7,65,4.3,1009.1,0,0.7,12,198.6,0
2017-03-07 15:39:00,3,32,20.7,66,4.3,1009.1,0.7,0.7,14,198.6,0
2017-03-07 15:42:00,3,32,20.7,66,4.3,1009.0,0.7,1.0,10,198.6,0
2017-03-07 15:45:00,3,32,20.7,66,4.3,1009.2,0.7,1.0,14,198.6,0
2017-03-07 15:48:00,3,32,20.7,66,4.3,1009.2,0.7,1.0,14,198.6,0
2017-03-07 15:51:00,3,32,20.7,67,4.3,1009.3,0.3,0.7,0,198.6,0
2017-03-07 15:54:00,3,32,20.7,67,4.2,1009.4,1.4,2.0,14,198.6,0
2017-03-07 15:57:00,3,33,20.6,66,4.1,1009.4,0.7,1.0,14,198.6,0
2017-03-07 16:00:00,3,33,20.6,67,4.1,1009.5,0.3,0.7,14,198.6,0
2017-03-07 16:03:00,3,33,20.7,67,4.1,1009.5,0.3,0.7,14,198.6,0
2017-03-07 16:06:00,3,33,20.9,67,4.0,1009.5,0,0.3,14,198.6,0
2017-03-07 16:09:00,3,31,21.1,67,4.0,1009.7,0.7,1.0,14,198.6,0
2017-03-07 16:12:00,3,31,21.2,67,4.0,1009.8,0.3,0.7,14,198.6,0
2017-03-07 16:15:00,3,31,21.3,68,4.0,1009.8,0,0.3,14,198.6,0
2017-03-07 16:18:00,3,31,21.3,68,3.9,1009.8,0.3,0.3,14,198.6,0
2017-03-07 16:21:00,3,30,21.5,68,3.9,1009.8,0.3,0.7,14,198.6,0
2017-03-07 16:24:00,3,30,21.5,68,3.9,1009.8,0,0.3,14,198.6,0
2017-03-07 16:27:00,3,30,21.6,69,3.9,1009.9,0.3,0.3,14,198.6,0
2017-03-07 16:30:00,3,30,21.7,69,3.9,1009.9,0,0,14,198.6,0
2017-03-07 16:33:00,3,30,21.7,70,3.9,1010.0,0.3,0.7,14,198.6,0
2017-03-07 16:36:00,3,29,21.8,70,3.9,1010.0,0.3,0.7,14,198.6,0
2017-03-07 16:39:00,3,30,21.8,70,3.9,1010.0,0,0.3,14,198.6,0
2017-03-07 16:42:00,3,30,21.9,70,3.9,1010.1,0,0,12,198.6,0
2017-03-07 16:45:00,3,30,21.9,70,3.9,1010.2,0.3,0.7,12,198.6,0
2017-03-07 16:48:00,3,28,22.0,70,3.9,1010.2,0.3,0.7,12,198.6,0
2017-03-07 16:51:00,3,28,22.1,70,3.9,1010.2,0.3,0.7,10,198.6,0
2017-03-07 16:54:00,3,28,22.1,71,3.9,1010.3,0.3,0.7,12,198.6,0
2017-03-07 16:57:00,3,28,22.2,71,3.9,1010.2,0.3,0.7,12,198.6,0
2017-03-07 17:00:00,3,28,22.2,70,3.9,1010.3,0,0.3,12,198.6,0
2017-03-07 17:03:00,3,28,22.2,70,3.9,1010.3,0,0.3,12,198.6,0
2017-03-07 17:06:00,3,28,22.2,70,3.9,1010.4,0,0.3,12,198.6,0
2017-03-07 17:09:00,3,28,22.1,70,3.8,1010.4,1.0,1.4,12,198.6,0
2017-03-07 17:12:00,3,29,21.9,70,3.8,1010.4,1.0,1.4,12,198.6,0
2017-03-07 17:15:00,3,29,21.9,70,3.8,1010.5,1.0,1.7,8,198.6,0
2017-03-07 17:18:00,3,29,21.8,70,3.8,1010.5,0.3,0.7,12,198.6,0
2017-03-07 17:21:00,3,30,21.8,70,3.8,1010.5,0.7,1.4,12,198.6,0
2017-03-07 17:24:00,3,30,21.7,70,3.8,1010.7,0.3,0.7,14,198.6,0
2017-03-07 17:27:00,3,30,21.7,70,3.8,1010.6,0.7,1.0,14,198.6,0
2017-03-07 17:30:00,3,30,21.7,70,3.8,1010.7,1.0,1.4,10,198.6,0
2017-03-07 17:33:00,3,30,21.6,70,3.7,1010.6,0.7,1.0,10,198.6,0
2017-03-07 17:36:00,3,30,21.6,70,3.7,1010.8,0.3,0.7,10,198.6,0
2017-03-07 17:39:00,3,30,21.6,70,3.7,1010.7,1.0,1.4,8,198.6,0
2017-03-07 17:42:00,3,30,21.5,70,3.7,1010.7,0.3,0.7,10,198.6,0
2017-03-07 17:45:00,3,30,21.5,70,3.7,1010.7,0.3,1.0,14,198.6,0
2017-03-07 17:48:00,3,30,21.5,70,3.7,1010.8,0.7,1.0,10,198.6,0
2017-03-07 17:51:00,3,30,21.5,70,3.7,1010.9,0.7,1.0,10,198.6,0
2017-03-07 17:54:00,3,30,21.4,70,3.7,1010.8,1.0,1.4,10,198.6,0
2017-03-07 17:57:00,3,30,21.4,70,3.7,1011.0,0.7,1.0,12,198.6,0
2017-03-07 18:00:00,3,30,21.3,70,3.7,1010.9,0.7,1.4,10,198.6,0
2017-03-07 18:03:00,3,30,21.3,70,3.7,1011.0,1.0,1.7,10,198.6,0
2017-03-07 18:06:00,3,30,21.3,70,3.7,1010.9,0.7,1.4,10,198.6,0
2017-03-07 18:09:00,3,30,21.2,70,3.7,1011.0,1.0,1.4,10,198.6,0
2017-03-07 18:12:00,3,30,21.2,70,3.7,1011.0,1.0,1.4,10,198.6,0
2017-03-07 18:15:00,3,30,21.2,70,3.7,1010.9,1.0,1.7,12,198.6,0
2017-03-07 18:18:00,3,30,21.2,70,3.6,1010.9,0.3,0.7,10,198.6,0
2017-03-07 18:21:00,3,30,21.1,70,3.6,1010.9,0.7,1.0,10,198.6,0
2017-03-07 18:24:00,3,30,21.1,70,3.6,1011.1,0.7,1.0,10,198.6,0
2017-03-07 18:27:00,3,30,21.1,71,3.6,1011.0,0.3,1.0,10,198.6,0
2017-03-07 18:30:00,3,30,21.1,71,3.6,1011.0,0,0.3,12,198.6,0
2017-03-07 18:33:00,3,31,21.0,71,3.6,1010.9,1.0,1.4,10,198.6,0
2017-03-07 18:36:00,3,31,21.0,71,3.6,1010.9,0,0.7,10,198.6,0
2017-03-07 18:39:00,3,31,21.0,71,3.6,1011.0,0.3,0.7,14,198.6,0
2017-03-07 18:42:00,3,31,21.0,71,3.6,1011.1,1.0,1.4,10,198.6,0
2017-03-07 18:45:00,3,32,20.9,71,3.6,1011.1,0.3,0.7,12,198.6,0
2017-03-07 18:48:00,3,32,20.9,71,3.6,1011.1,1.0,1.4,10,198.6,0
2017-03-07 18:51:00,3,32,20.9,71,3.6,1011.0,0.7,1.0,8,198.6,0
2017-03-07 18:54:00,3,32,20.9,71,3.6,1011.0,0.7,1.0,10,198.6,0
2017-03-07 18:57:00,3,32,20.9,71,3.6,1011.0,0.7,1.0,12,198.6,0
2017-03-07 19:00:00,3,32,20.9,71,3.6,1011.0,0,0.3,10,198.6,0
2017-03-07 19:03:00,3,32,20.8,71,3.6,1011.0,0,0.3,10,198.6,0
2017-03-07 19:06:00,3,32,20.8,71,3.6,1011.0,0,0.3,10,198.6,0
2017-03-07 19:09:00,3,32,20.7,72,3.5,1011.0,0.3,0.7,12,198.6,0
2017-03-07 19:12:00,3,32,20.7,72,3.5,1011.1,0.3,0.7,12,198.6,0
2017-03-07 19:15:00,3,32,20.7,72,3.5,1011.0,0.3,0.7,12,198.6,0
2017-03-07 19:18:00,3,32,20.7,72,3.5,1011.1,0.3,0.7,10,198.6,0
2017-03-07 19:21:00,3,32,20.7,72,3.5,1011.1,0.7,1.0,10,198.6,0
2017-03-07 19:24:00,3,32,20.7,72,3.5,1011.2,0.3,0.7,10,198.6,0
2017-03-07 19:27:00,3,32,20.7,72,3.5,1011.2,0.3,0.7,10,198.6,0
2017-03-07 19:30:00,3,32,20.7,72,3.5,1011.4,0.7,1.0,9,198.6,0
2017-03-07 19:33:00,3,32,20.7,72,3.5,1011.4,0.3,0.7,10,198.6,0
2017-03-07 19:36:00,3,32,20.7,72,3.5,1011.4,0,0,12,198.6,0
2017-03-07 19:39:00,3,32,20.7,72,3.5,1011.4,0.3,0.7,14,198.6,0
2017-03-07 19:42:00,3,32,20.7,72,3.5,1011.4,0,0.3,10,198.6,0
2017-03-07 19:45:00,3,32,20.7,72,3.5,1011.5,0.3,0.7,12,198.6,0
2017-03-07 19:48:00,3,32,20.6,73,3.5,1011.6,0,0.3,12,198.6,0
2017-03-07 19:51:00,3,32,20.6,73,3.5,1011.6,0.7,1.0,12,198.6,0
2017-03-07 19:54:00,3,32,20.6,73,3.5,1011.6,0,0.3,9,198.6,0
2017-03-07 19:57:00,3,32,20.6,73,3.5,1011.7,0.3,0.7,14,198.6,0
2017-03-07 20:00:00,3,32,20.6,72,3.5,1011.5,0.3,0.7,10,198.6,0
2017-03-07 20:03:00,3,32,20.6,73,3.5,1011.7,0,0.3,12,198.6,0
2017-03-07 20:06:00,3,32,20.6,73,3.5,1011.7,0.7,1.0,12,198.6,0
2017-03-07 20:09:00,3,32,20.6,73,3.5,1011.6,0.3,0.7,10,198.6,0
2017-03-07 20:12:00,3,32,20.6,73,3.5,1011.6,0.3,0.7,14,198.6,0
2017-03-07 20:15:00,3,32,20.6,73,3.5,1011.7,0.3,0.7,10,198.6,0
2017-03-07 20:18:00,3,32,20.6,73,3.4,1011.7,0.3,0.7,10,198.6,0
2017-03-07 20:21:00,3,32,20.6,73,3.4,1011.8,0.3,0.7,12,198.6,0
2017-03-07 20:24:00,3,32,20.6,73,3.4,1011.8,0,0.3,10,198.6,0
2017-03-07 20:27:00,3,32,20.6,73,3.4,1011.8,0.3,0.7,10,198.6,0
2017-03-07 20:30:00,3,32,20.6,73,3.4,1011.8,0.7,1.0,12,198.6,0
2017-03-07 20:33:00,3,32,20.6,73,3.4,1011.8,0.3,0.7,12,198.6,0
2017-03-07 20:36:00,3,32,20.6,73,3.4,1011.8,0.3,0.7,10,198.6,0
2017-03-07 20:39:00,3,32,20.6,73,3.4,1012.0,0,0,10,198.6,0
2017-03-07 20:42:00,3,32,20.5,73,3.4,1011.9,0.3,0.7,10,198.6,0
2017-03-07 20:45:00,3,32,20.5,73,3.4,1011.9,0.7,1.0,12,198.6,0
2017-03-07 20:48:00,3,32,20.5,73,3.4,1011.9,0,0,12,198.6,0
2017-03-07 20:51:00,3,32,20.5,73,3.4,1012.0,0,0,10,198.6,0
2017-03-07 20:54:00,3,32,20.5,74,3.4,1012.0,0,0,10,198.6,0
2017-03-07 20:57:00,3,32,20.5,74,3.4,1012.0,0,0,10,198.6,0
2017-03-07 21:00:00,3,32,20.5,74,3.4,1012.1,0,0,12,198.6,0
2017-03-07 21:03:00,3,32,20.5,74,3.4,1012.0,0,0,12,198.6,0
2017-03-07 21:06:00,3,32,20.5,74,3.4,1012.0,0,0,12,198.6,0
2017-03-07 21:09:00,3,32,20.5,75,3.3,1012.1,0.3,0.7,10,198.6,0
2017-03-07 21:12:00,3,32,20.5,75,3.3,1012.2,0.3,0.7,10,198.6,0
2017-03-07 21:15:00,3,32,20.5,75,3.3,1012.2,0.3,0.7,12,198.6,0
2017-03-07 21:18:00,3,32,20.4,75,3.3,1012.1,1.0,1.4,12,198.6,0
2017-03-07 21:21:00,3,32,20.4,75,3.3,1012.3,0,0.3,10,198.6,0
2017-03-07 21:24:00,3,32,20.4,75,3.3,1012.4,0.7,1.0,12,198.6,0
2017-03-07 21:27:00,3,32,20.4,75,3.3,1012.3,0,0,12,198.6,0
2017-03-07 21:30:00,3,32,20.4,75,3.3,1012.3,0,0,10,198.6,0
2017-03-07 21:33:00,3,32,20.4,75,3.3,1012.3,0,0,10,198.6,0
2017-03-07 21:36:00,3,32,20.4,75,3.3,1012.4,0,0,12,198.6,0
2017-03-07 21:39:00,3,32,20.4,75,3.3,1012.5,0.3,0.7,10,198.6,0
2017-03-07 21:42:00,3,32,20.4,76,3.2,1012.5,0.3,1.0,12,198.6,0
2017-03-07 21:45:00,3,32,20.4,76,3.2,1012.5,0.3,0.7,12,198.6,0
2017-03-07 21:48:00,3,32,20.3,76,3.2,1012.5,0.7,1.4,10,198.6,0
2017-03-07 21:51:00,3,32,20.3,76,3.2,1012.6,0,0.3,10,198.6,0
2017-03-07 21:54:00,3,32,20.3,76,3.2,1012.5,0,0,10,198.6,0
2017-03-07 21:57:00,3,32,20.3,76,3.2,1012.6,0.7,1.0,8,198.6,0
2017-03-07 22:00:00,3,32,20.3,76,3.2,1012.6,0,0,10,198.6,0
2017-03-07 22:03:00,3,32,20.3,76,3.2,1012.6,0.3,0.7,12,198.6,0
2017-03-07 22:06:00,3,32,20.3,76,3.2,1012.6,0.3,0.7,12,198.6,0
2017-03-07 22:09:00,3,32,20.2,76,3.2,1012.7,0,0,12,198.6,0
2017-03-07 22:12:00,3,32,20.2,76,3.2,1012.8,0,0,10,198.6,0
2017-03-07 22:15:00,3,32,20.2,77,3.2,1012.8,0.7,1.0,11,198.6,0
2017-03-07 22:18:00,3,32,20.2,77,3.2,1012.6,0.7,1.0,6,198.6,0
2017-03-07 22:21:00,3,32,20.2,77,3.2,1012.7,0.3,0.7,12,198.6,0
2017-03-07 22:24:00,3,32,20.1,77,3.2,1012.7,0.3,0.7,14,198.6,0
2017-03-07 22:27:00,3,32,20.1,77,3.2,1012.6,0.3,0.7,12,198.6,0
2017-03-07 22:30:00,3,32,20.1,77,3.2,1012.7,1.0,1.4,10,198.6,0
2017-03-07 22:33:00,3,32,20.1,77,3.2,1012.7,0.7,1.0,10,198.6,0
2017-03-07 22:36:00,3,32,20.1,77,3.2,1012.7,0.3,0.7,12,198.6,0
2017-03-07 22:39:00,3,32,20.1,78,3.2,1012.9,0.3,0.7,10,198.6,0
2017-03-07 22:42:00,3,32,20.1,78,3.2,1012.9,0.3,0.7,12,198.6,0
2017-03-07 22:45:00,3,32,20.0,78,3.2,1012.9,0.7,1.0,10,198.6,0
2017-03-07 22:48:00,3,32,20.0,78,3.2,1013.0,0.3,0.7,14,198.6,0
2017-03-07 22:51:00,3,32,20.0,78,3.2,1012.9,0.3,1.0,10,198.6,0
2017-03-07 22:54:00,3,32,20.0,78,3.2,1012.8,1.0,1.4,10,198.6,0
2017-03-07 22:57:00,3,32,20.0,78,3.2,1013.0,0.7,1.0,10,198.6,0
