2017-03-11 00:00:00,3,36,20.4,73,5.7,1019.6,0.7,1.0,0,205.2,0
2017-03-11 00:03:00,3,36,20.4,73,5.6,1019.6,0,0.7,14,205.2,0
2017-03-11 00:06:00,3,36,20.4,73,5.6,1019.6,0.3,0.7,14,205.2,0
2017-03-11 00:09:00,3,36,20.4,73,5.6,1019.6,0.7,1.0,0,205.2,0
2017-03-11 00:12:00,3,36,20.4,73,5.6,1019.6,0.3,0.7,14,205.2,0
2017-03-11 00:15:00,3,36,20.4,73,5.5,1019.6,0,0.3,14,205.2,0
2017-03-11 00:18:00,3,36,20.4,73,5.5,1019.6,0,0.3,14,205.2,0
2017-03-11 00:21:00,3,36,20.3,73,5.4,1019.6,0.3,0.7,14,205.2,0
2017-03-11 00:24:00,3,36,20.3,73,5.4,1019.6,0,0.3,12,205.2,0
2017-03-11 00:27:00,3,36,20.3,74,5.3,1019.7,0,0,14,205.2,0
2017-03-11 00:30:00,3,36,20.3,74,5.3,1019.6,0,0,0,205.2,0
2017-03-11 00:33:00,3,36,20.3,74,5.3,1019.6,0.3,0.7,0,205.2,0
2017-03-11 00:36:00,3,36,20.3,74,5.2,1019.5,0.7,1.0,14,205.2,0
2017-03-11 00:39:00,3,36,20.3,74,5.2,1019.5,0,0,14,205.2,0
2017-03-11 00:42:00,3,36,20.3,74,5.2,1019.5,0,0,14,205.2,0
2017-03-11 00:45:00,3,36,20.3,74,5.1,1019.5,0,0,14,205.2,0
2017-03-11 00:48:00,3,36,20.2,74,5.0,1019.6,0,0,6,205.2,0
2017-03-11 00:51:00,3,36,20.2,75,4.9,1019.6,0,0,14,205.2,0
2017-03-11 00:54:00,3,36,20.2,75,4.8,1019.5,0,0,14,205.2,0
2017-03-11 00:57:00,3,36,20.2,75,4.7,1019.5,0,0,14,205.2,0
2017-03-11 01:00:00,3,36,20.2,76,4.7,1019.5,0,0,12,205.2,0
2017-03-11 01:03:00,3,36,20.2,76,4.7,1019.6,0,0,12,205.2,0
2017-03-11 01:06:00,3,36,20.2,76,4.7,1019.5,0,0,12,205.2,0
2017-03-11 01:09:00,3,36,20.1,77,4.6,1019.4,0,0.3,14,205.2,0
2017-03-11 01:12:00,3,36,20.1,77,4.5,1019.4,0.3,0.3,12,205.2,0
2017-03-11 01:15:00,3,36,20.1,78,4.4,1019.4,0.3,0.7,10,205.2,0
2017-03-11 01:18:00,3,36,20.1,78,4.4,1019.5,0.3,0.7,10,205.2,0
2017-03-11 01:21:00,3,36,20.1,78,4.3,1019.4,0,0.3,10,205.2,0
2017-03-11 01:24:00,3,36,20.1,78,4.2,1019.4,0,0,10,205.2,0
2017-03-11 01:27:00,3,36,20.1,78,4.2,1019.4,0,0,10,205.2,0
2017-03-11 01:30:00,3,36,20.1,78,4.1,1019.3,0.7,1.0,9,205.2,0
2017-03-11 01:33:00,3,36,20.0,79,4.0,1019.3,0.3,0.7,10,205.2,0
2017-03-11 01:36:00,3,36,20.0,79,3.9,1019.5,0,0.3,12,205.2,0
2017-03-11 01:39:00,3,36,20.0,80,3.8,1019.4,0.3,0.7,12,205.2,0
2017-03-11 01:42:00,3,36,20.0,80,3.7,1019.4,0,0,10,205.2,0
2017-03-11 01:45:00,3,36,20.0,80,3.7,1019.3,0,0,10,205.2,0
2017-03-11 01:48:00,3,36,20.0,80,3.6,1019.2,0,0,12,205.2,0
2017-03-11 01:51:00,3,36,20.0,80,3.6,1019.4,0.3,0.7,10,205.2,0
2017-03-11 01:54:00,3,36,20.0,80,3.6,1019.3,0.7,0.7,10,205.2,0
2017-03-11 01:57:00,3,37,19.9,80,3.5,1019.2,0,0,10,205.2,0
2017-03-11 02:00:00,3,37,19.8,80,3.5,1019.1,0,0,10,205.2,0
2017-03-11 02:03:00,3,37,19.8,80,3.4,1019.2,0.3,0.7,12,205.2,0
2017-03-11 02:06:00,3,37,19.8,80,3.4,1019.2,0.7,1.0,12,205.2,0
2017-03-11 02:09:00,3,37,19.8,81,3.4,1019.1,0.7,1.0,10,205.2,0
2017-03-11 02:12:00,3,37,19.8,81,3.4,1019.1,0.7,1.0,10,205.2,0
2017-03-11 02:15:00,3,37,19.8,81,3.4,1019.1,0.3,1.0,10,205.2,0
2017-03-11 02:18:00,3,37,19.8,81,3.4,1019.1,0.3,1.0,12,205.2,0
2017-03-11 02:21:00,3,37,19.8,81,3.4,1019.0,0.7,1.0,12,205.2,0
2017-03-11 02:24:00,3,37,19.8,81,3.3,1018.9,0,0.3,14,205.2,0
2017-03-11 02:27:00,3,37,19.7,81,3.3,1018.9,0,0,12,205.2,0
2017-03-11 02:30:00,3,37,19.7,81,3.3,1018.9,0.3,0.7,12,205.2,0
2017-03-11 02:33:00,3,37,19.7,81,3.3,1018.9,1.0,1.4,12,205.2,0
2017-03-11 02:36:00,3,37,19.7,81,3.2,1019.1,0,0,12,205.2,0
2017-03-11 02:39:00,3,37,19.7,81,3.2,1018.9,0,0,12,205.2,0
2017-03-11 02:42:00,3,37,19.7,81,3.2,1018.9,0.3,0.7,10,205.2,0
2017-03-11 02:45:00,3,37,19.7,81,3.1,1018.9,0.7,1.0,12,205.2,0
2017-03-11 02:48:00,3,37,19.7,81,3.1,1018.9,0.3,0.7,12,205.2,0
2017-03-11 02:51:00,3,37,19.7,81,3.1,1019.0,0.3,0.7,10,205.2,0
2017-03-11 02:54:00,3,37,19.6,81,3.1,1019.0,0.3,0.7,13,205.2,0
2017-03-11 02:57:00,3,37,19.6,81,3.1,1018.9,0.3,0.7,12,205.2,0
2017-03-11 03:00:00,3,37,19.6,81,3.1,1018.8,0,0,10,205.2,0
2017-03-11 03:03:00,3,37,19.6,81,3.1,1018.8,0,0,10,205.2,0
2017-03-11 03:06:00,3,37,19.6,81,3.1,1018.9,0,0,10,205.2,0
2017-03-11 03:09:00,3,37,19.6,81,3.0,1018.8,0,0,12,205.2,0
2017-03-11 03:12:00,3,37,19.6,81,3.0,1018.9,0,0,12,205.2,0
2017-03-11 03:15:00,3,37,19.6,81,3.0,1018.8,0,0,12,205.2,0
2017-03-11 03:18:00,3,37,19.5,81,2.9,1018.8,0.3,0.7,10,205.2,0
2017-03-11 03:21:00,3,37,19.5,81,2.9,1018.8,0,0,12,205.2,0
2017-03-11 03:24:00,3,37,19.5,81,2.9,1018.8,0.3,0.7,12,205.2,0
2017-03-11 03:27:00,3,37,19.5,81,2.9,1018.9,0,0,12,205.2,0
2017-03-11 03:30:00,3,37,19.5,81,2.8,1018.7,0,0,12,205.2,0
2017-03-11 03:33:00,3,37,19.5,81,2.8,1018.9,0.3,0.7,14,205.2,0
2017-03-11 03:36:00,3,37,19.4,81,2.8,1018.9,0.3,0.7,12,205.2,0
2017-03-11 03:39:00,3,36,19.4,81,2.8,1018.8,0.3,0.7,10,205.2,0
2017-03-11 03:42:00,3,36,19.4,81,2.7,1018.8,0.3,0.7,10,205.2,0
2017-03-11 03:45:00,3,36,19.3,81,2.7,1018.8,0.3,1.0,10,205.2,0
2017-03-11 03:48:00,3,36,19.3,81,2.7,1018.8,0.3,0.7,14,205.2,0
2017-03-11 03:51:00,3,36,19.3,81,2.6,1018.7,0,0,12,205.2,0
2017-03-11 03:54:00,3,36,19.3,81,2.6,1018.8,0.3,0.7,10,205.2,0
2017-03-11 03:57:00,3,36,19.3,81,2.6,1018.6,0.3,0.7,10,205.2,0
2017-03-11 04:00:00,3,36,19.3,81,2.5,1018.7,0,0,10,205.2,0
2017-03-11 04:03:00,3,36,19.3,81,2.5,1018.7,0,0,12,205.2,0
2017-03-11 04:06:00,3,36,19.3,81,2.4,1018.7,0,0,12,205.2,0
2017-03-11 04:09:00,3,36,19.2,81,2.4,1018.7,0,0,12,205.2,0
2017-03-11 04:12:00,3,36,19.2,82,2.3,1018.7,0,0,10,205.2,0
2017-03-11 04:15:00,3,36,19.2,82,2.3,1018.8,0.3,0.7,10,205.2,0
2017-03-11 04:18:00,3,36,19.2,82,2.3,1018.7,0.3,0.7,12,205.2,0
2017-03-11 04:21:00,3,36,19.2,82,2.3,1018.8,0.3,0.7,14,205.2,0
2017-03-11 04:24:00,3,36,19.2,82,2.3,1018.7,0.3,0.7,10,205.2,0
2017-03-11 04:27:00,3,36,19.2,82,2.3,1018.8,0.3,1.0,12,205.2,0
2017-03-11 04:30:00,3,36,19.2,82,2.3,1018.7,0.3,0.7,10,205.2,0
2017-03-11 04:33:00,3,36,19.2,83,2.3,1018.8,0.3,0.7,12,205.2,0
2017-03-11 04:36:00,3,36,19.1,83,2.3,1018.6,0.3,0.7,10,205.2,0
2017-03-11 04:39:00,3,36,19.1,83,2.3,1018.7,0.3,0.7,10,205.2,0
2017-03-11 04:42:00,3,36,19.1,83,2.3,1018.6,0,0.3,10,205.2,0
2017-03-11 04:45:00,3,36,19.1,83,2.2,1018.5,0,0.3,10,205.2,0
2017-03-11 04:48:00,3,36,19.1,83,2.2,1018.7,0,0,12,205.2,0
2017-03-11 04:51:00,3,36,19.1,83,2.2,1018.7,0,0,12,205.2,0
2017-03-11 04:54:00,3,36,19.1,83,2.2,1018.6,0,0.3,10,205.2,0
2017-03-11 04:57:00,3,36,19.1,83,2.1,1018.7,0.3,0.7,10,205.2,0
2017-03-11 05:00:00,3,36,19.1,83,2.1,1018.7,0,0.3,12,205.2,0
2017-03-11 05:03:00,3,36,19.1,83,2.1,1018.7,0,0.3,12,205.2,0
2017-03-11 05:06:00,3,36,19.1,83,2.1,1018.7,0,0.3,12,205.2,0
2017-03-11 05:09:00,3,36,19.1,83,2.1,1018.7,0,0,10,205.2,0
2017-03-11 05:12:00,3,36,19.1,83,2.1,1018.7,0,0,10,205.2,0
2017-03-11 05:15:00,3,36,19.1,84,2.1,1018.7,0,0,10,205.2,0
2017-03-11 05:18:00,3,36,19.2,84,2.1,1018.6,0,0,10,205.2,0
2017-03-11 05:21:00,3,36,19.2,84,2.1,1018.6,0.3,0.7,11,205.2,0
2017-03-11 05:24:00,3,36,19.2,84,2.1,1018.8,0.7,1.0,12,205.2,0
2017-03-11 05:27:00,3,36,19.2,84,2.1,1018.9,0,0,12,205.2,0
2017-03-11 05:30:00,3,36,19.2,84,2.1,1018.9,0,0,12,205.2,0
2017-03-11 05:33:00,3,36,19.2,84,2.0,1018.8,0.3,0.7,10,205.2,0
2017-03-11 05:36:00,3,36,19.3,84,2.0,1018.9,0.3,0.7,10,205.2,0
2017-03-11 05:39:00,3,36,19.3,84,2.0,1018.7,0,0.3,10,205.2,0
2017-03-11 05:42:00,3,36,19.3,84,2.0,1018.8,0.3,0.7,12,205.2,0
2017-03-11 05:45:00,3,36,19.3,84,2.1,1018.8,0.3,0.7,12,205.2,0
2017-03-11 05:48:00,3,36,19.3,84,2.1,1018.8,0,0,12,205.2,0
2017-03-11 05:51:00,3,36,19.4,84,2.0,1018.8,0,0,12,205.2,0
2017-03-11 05:54:00,3,36,19.5,84,2.0,1019.0,0,0,0,205.2,0
2017-03-11 05:57:00,3,36,19.5,84,2.1,1019.0,0.3,0.3,14,205.2,0
2017-03-11 06:00:00,3,36,19.5,84,2.1,1018.9,0,0.3,14,205.2,0
2017-03-11 06:03:00,3,36,19.5,84,2.1,1018.8,0,0.3,14,205.2,0
2017-03-11 06:06:00,3,36,19.6,84,2.1,1018.9,0.3,0.7,14,205.2,0
2017-03-11 06:09:00,3,36,19.6,84,2.1,1018.9,0,0.3,12,205.2,0
2017-03-11 06:12:00,3,36,19.6,84,2.1,1018.9,0,0.7,14,205.2,0
2017-03-11 06:15:00,3,36,19.6,84,2.2,1019.0,0,0.3,14,205.2,0
2017-03-11 06:18:00,3,36,19.6,84,2.2,1019.1,0.3,0.3,14,205.2,0
2017-03-11 06:21:00,3,36,19.6,84,2.2,1018.9,0,0.3,12,205.2,0
2017-03-11 06:24:00,3,36,19.7,84,2.3,1019.1,0,0.3,14,205.2,0
2017-03-11 06:27:00,3,36,19.7,84,2.3,1019.1,0.3,0.7,0,205.2,0
2017-03-11 06:30:00,3,36,19.7,84,2.3,1019.0,0,0,12,205.2,0
2017-03-11 06:33:00,3,36,19.8,84,2.4,1019.0,0,0.3,10,205.2,0
2017-03-11 06:36:00,3,35,20.1,84,2.4,1019.0,0.3,0.3,14,205.2,0
2017-03-11 06:39:00,3,35,20.3,85,2.5,1019.1,0,0.3,14,205.2,0
2017-03-11 06:42:00,3,34,20.4,85,2.5,1019.3,0.3,0.3,0,205.2,0
2017-03-11 06:45:00,3,34,20.5,85,2.6,1019.4,0.7,1.0,12,205.2,0
2017-03-11 06:48:00,3,34,20.6,85,2.6,1019.4,0.7,1.0,14,205.2,0
2017-03-11 06:51:00,3,33,20.7,85,2.6,1019.3,0,0.3,14,205.2,0
2017-03-11 06:54:00,3,33,20.7,85,2.6,1019.3,0.3,0.7,14,205.2,0
2017-03-11 06:57:00,3,33,20.9,85,2.7,1019.4,0,0.3,10,205.2,0
2017-03-11 07:00:00,3,32,21.0,85,2.8,1019.5,0.7,1.0,14,205.2,0
2017-03-11 07:03:00,3,32,21.0,85,2.8,1019.4,0.7,1.0,14,205.2,0
2017-03-11 07:06:00,3,32,21.1,85,2.8,1019.3,0.7,1.0,14,205.2,0
2017-03-11 07:09:00,3,32,21.1,85,2.8,1019.5,0.3,0.7,2,205.2,0
2017-03-11 07:12:00,3,31,21.2,85,2.8,1019.4,0.3,0.7,0,205.2,0
2017-03-11 07:15:00,3,31,21.2,85,2.9,1019.5,0.3,0.7,10,205.2,0
2017-03-11 07:18:00,3,31,21.2,85,2.9,1019.5,0.3,0.7,0,205.2,0
2017-03-11 07:21:00,3,32,21.3,85,2.9,1019.6,1.0,1.4,0,205.2,0
2017-03-11 07:24:00,3,31,21.4,84,2.9,1019.6,0,0.3,0,205.2,0
2017-03-11 07:27:00,3,31,21.5,84,2.9,1019.5,0.3,0.7,14,205.2,0
2017-03-11 07:30:00,3,31,21.5,84,3.0,1019.5,0.3,0.7,14,205.2,0
2017-03-11 07:33:00,3,31,21.6,84,2.9,1019.4,1.0,1.4,0,205.2,0
2017-03-11 07:36:00,3,31,21.7,84,3.0,1019.4,0.7,1.0,0,205.2,0
2017-03-11 07:39:00,3,31,21.7,84,3.0,1019.4,1.0,1.4,0,205.2,0
2017-03-11 07:42:00,3,31,21.7,84,3.0,1019.4,0.7,1.0,0,205.2,0
2017-03-11 07:45:00,3,31,21.8,84,3.0,1019.4,1.0,1.4,0,205.2,0
2017-03-11 07:48:00,3,31,21.8,84,3.0,1019.3,1.0,1.4,0,205.2,0
2017-03-11 07:51:00,3,31,21.9,84,3.1,1019.5,0.7,1.0,0,205.2,0
2017-03-11 07:54:00,3,31,21.9,84,3.1,1019.5,0.3,0.7,0,205.2,0
2017-03-11 07:57:00,3,31,21.9,84,3.2,1019.5,1.0,1.4,0,205.2,0
2017-03-11 08:00:00,3,31,21.9,84,3.2,1019.4,0.7,1.0,0,205.2,0
2017-03-11 08:03:00,3,31,21.9,84,3.2,1019.6,0.7,1.0,0,205.2,0
2017-03-11 08:06:00,3,31,21.8,84,3.2,1019.5,1.0,1.4,0,205.2,0
2017-03-11 08:09:00,3,31,21.7,84,3.2,1019.5,0.7,1.0,0,205.2,0
2017-03-11 08:12:00,3,31,21.6,84,3.3,1019.5,0.3,0.7,0,205.2,0
2017-03-11 08:15:00,3,31,21.6,84,3.4,1019.5,0.7,1.0,14,205.2,0
2017-03-11 08:18:00,3,31,21.5,84,3.4,1019.5,0.7,1.0,0,205.2,0
2017-03-11 08:21:00,3,31,21.5,84,3.5,1019.5,0,0.3,10,205.2,0
2017-03-11 08:24:00,3,31,21.4,84,3.6,1019.6,0.3,0.7,14,205.2,0
2017-03-11 08:27:00,3,31,21.3,83,3.6,1019.6,0.3,0.7,0,205.2,0
2017-03-11 08:30:00,3,31,21.3,83,3.7,1019.6,0,0,14,205.2,0
2017-03-11 08:33:00,3,32,21.3,84,3.9,1019.7,0.7,1.0,10,205.2,0
2017-03-11 08:36:00,3,32,21.2,83,3.9,1019.6,1.0,1.4,11,205.2,0
2017-03-11 08:39:00,3,32,21.2,83,4.0,1019.5,0,0.3,14,205.2,0
2017-03-11 08:42:00,3,32,21.2,83,3.9,1019.5,0.7,1.0,14,205.2,0
2017-03-11 08:45:00,3,32,21.2,83,3.8,1019.6,0.3,0.7,14,205.2,0
2017-03-11 08:48:00,3,32,21.1,83,3.9,1019.5,0.3,0.7,14,205.2,0
2017-03-11 08:51:00,3,32,21.1,83,3.9,1019.6,0.7,0.7,12,205.2,0
2017-03-11 08:54:00,3,32,21.1,83,4.0,1019.6,0,0.3,0,205.2,0
2017-03-11 08:57:00,3,32,21.1,83,4.1,1019.6,1.0,1.4,0,205.2,0
2017-03-11 09:00:00,3,32,21.0,82,4.0,1019.5,0.7,1.0,0,205.2,0
2017-03-11 09:03:00,3,32,21.0,82,4.0,1019.7,0.7,1.0,0,205.2,0
2017-03-11 09:06:00,3,32,21.0,82,4.0,1019.7,0.7,1.0,0,205.2,0
2017-03-11 09:09:00,3,33,20.9,82,4.2,1019.7,0.7,1.0,0,205.2,0
2017-03-11 09:12:00,3,33,20.9,82,4.3,1019.7,1.0,1.4,0,205.2,0
2017-03-11 09:15:00,3,33,20.9,82,4.3,1019.6,1.0,1.4,14,205.2,0
2017-03-11 09:18:00,3,33,20.8,82,4.3,1019.6,0.7,1.0,2,205.2,0
2017-03-11 09:21:00,3,33,20.7,82,4.4,1019.4,0.7,1.0,0,205.2,0
2017-03-11 09:24:00,3,33,20.7,82,4.5,1019.6,0.7,1.0,12,205.2,0
2017-03-11 09:27:00,3,33,20.7,82,4.6,1019.6,0.7,1.0,14,205.2,0
2017-03-11 09:30:00,3,33,20.7,82,4.6,1019.5,0.3,0.7,14,205.2,0
2017-03-11 09:33:00,3,33,20.7,82,4.7,1019.5,0.3,0.7,14,205.2,0
2017-03-11 09:36:00,3,34,20.6,82,4.7,1019.5,0.3,0.7,0,205.2,0
2017-03-11 09:39:00,3,34,20.7,82,4.8,1019.4,1.4,1.4,0,205.2,0
2017-03-11 09:42:00,3,34,20.6,81,4.7,1019.4,0.3,0.7,0,205.2,0
2017-03-11 09:45:00,3,34,20.6,81,4.7,1019.5,0.7,1.0,14,205.2,0
2017-03-11 09:48:00,3,34,20.6,81,4.8,1019.4,0.3,0.3,14,205.2,0
2017-03-11 09:51:00,3,34,20.6,81,5.0,1019.4,0.7,1.0,14,205.2,0
2017-03-11 09:54:00,3,34,20.6,81,5.1,1019.4,0.3,1.0,14,205.2,0
2017-03-11 09:57:00,3,34,20.6,81,5.1,1019.3,0,0.3,14,205.2,0
2017-03-11 10:00:00,3,34,20.6,81,5.3,1019.3,0,0,10,205.2,0
2017-03-11 10:03:00,3,34,20.6,81,5.5,1019.3,0.7,1.0,12,205.2,0
2017-03-11 10:06:00,3,34,20.6,81,5.6,1019.4,0.3,0.7,12,205.2,0
2017-03-11 10:09:00,3,34,20.5,80,5.4,1019.4,1.0,1.4,2,205.2,0
2017-03-11 10:12:00,3,34,20.5,80,5.3,1019.3,1.0,1.4,0,205.2,0
2017-03-11 10:15:00,3,34,20.5,80,5.3,1019.2,0.7,1.0,0,205.2,0
2017-03-11 10:18:00,3,34,20.5,80,5.3,1019.3,1.4,1.7,2,205.2,0
2017-03-11 10:21:00,3,34,20.5,80,5.3,1019.3,0.7,1.0,8,205.2,0
2017-03-11 10:24:00,3,34,20.5,80,5.5,1019.2,1.0,1.4,2,205.2,0
2017-03-11 10:27:00,3,34,20.5,80,5.5,1019.3,0.7,1.0,1,205.2,0
2017-03-11 10:30:00,3,34,20.5,80,5.6,1019.3,0.7,1.0,0,205.2,0
2017-03-11 10:33:00,3,34,20.5,80,5.8,1019.3,0.7,1.0,2,205.2,0
2017-03-11 10:36:00,3,35,20.4,80,5.8,1019.2,1.0,1.4,14,205.2,0
2017-03-11 10:39:00,3,35,20.4,80,5.8,1019.3,0.7,1.0,14,205.2,0
2017-03-11 10:42:00,3,35,20.4,80,6.0,1019.2,0.3,1.4,12,205.2,0
2017-03-11 10:45:00,3,35,20.4,80,6.2,1019.2,0.7,1.4,14,205.2,0
2017-03-11 10:48:00,3,35,20.4,80,6.2,1019.2,1.0,1.4,2,205.2,0
2017-03-11 10:51:00,3,35,20.4,79,6.2,1019.2,1.4,2.0,0,205.2,0
2017-03-11 10:54:00,3,35,20.4,78,6.2,1019.1,1.0,1.4,0,205.2,0
2017-03-11 10:57:00,3,35,20.4,78,6.3,1019.2,1.0,1.7,0,205.2,0
2017-03-11 11:00:00,3,35,20.4,78,6.5,1019.1,0.7,1.0,0,205.2,0
2017-03-11 11:03:00,3,35,20.4,78,6.5,1019.1,0.7,1.0,0,205.2,0
2017-03-11 11:06:00,3,35,20.4,78,6.5,1019.2,0.7,1.0,0,205.2,0
2017-03-11 11:09:00,3,35,20.4,76,7.3,1019.1,0.7,1.0,0,205.2,0
2017-03-11 11:12:00,3,35,20.4,74,7.3,1019.0,0.7,1.0,15,205.2,0
2017-03-11 11:15:00,3,35,20.4,74,7.4,1019.0,1.0,1.7,14,205.2,0
2017-03-11 11:18:00,3,35,20.3,73,7.3,1019.0,1.0,1.4,2,205.2,0
2017-03-11 11:21:00,3,36,20.3,73,7.2,1019.1,0.7,1.0,0,205.2,0
2017-03-11 11:24:00,3,36,20.3,74,7.4,1019.1,1.0,1.4,14,205.2,0
2017-03-11 11:27:00,3,36,20.3,70,7.5,1019.0,1.0,1.4,10,205.2,0
2017-03-11 11:30:00,3,36,20.3,70,7.5,1018.9,0,0.3,12,205.2,0
2017-03-11 11:33:00,3,36,20.3,70,7.8,1018.8,0.7,1.0,0,205.2,0
2017-03-11 11:36:00,3,36,20.3,70,7.9,1018.7,0.7,1.0,12,205.2,0
2017-03-11 11:39:00,3,36,20.3,70,8.0,1018.8,1.0,1.7,10,205.2,0
2017-03-11 11:42:00,3,36,20.3,70,8.1,1018.5,0.7,1.0,10,205.2,0
2017-03-11 11:45:00,3,36,20.3,69,8.2,1018.6,0.7,1.0,12,205.2,0
2017-03-11 11:48:00,3,36,20.3,69,8.1,1018.6,0.3,0.7,12,205.2,0
2017-03-11 11:51:00,3,36,20.3,69,8.1,1018.6,1.0,1.4,12,205.2,0
2017-03-11 11:54:00,3,36,20.2,69,7.9,1018.6,0,0.3,12,205.2,0
2017-03-11 11:57:00,3,36,20.2,69,7.9,1018.4,0.7,1.0,0,205.2,0
2017-03-11 12:00:00,3,36,20.2,69,7.9,1018.5,0.3,0.7,0,205.2,0
2017-03-11 12:03:00,3,36,20.2,69,7.9,1018.6,0.7,1.0,2,205.2,0
2017-03-11 12:06:00,3,36,20.2,69,7.9,1018.5,1.4,1.7,0,205.2,0
2017-03-11 12:09:00,3,36,20.2,69,8.0,1018.5,0.3,0.7,14,205.2,0
2017-03-11 12:12:00,3,36,20.2,69,8.1,1018.5,0.7,1.0,14,205.2,0
2017-03-11 12:15:00,3,36,20.2,69,8.2,1018.4,0.7,1.4,10,205.2,0
2017-03-11 12:18:00,3,36,20.1,69,8.5,1018.4,1.0,1.4,14,205.2,0
2017-03-11 12:21:00,3,37,20.1,67,8.5,1018.3,0.3,0.7,14,205.2,0
2017-03-11 12:24:00,3,37,20.1,67,8.5,1018.4,0.3,0.3,12,205.2,0
2017-03-11 12:27:00,3,37,20.1,67,8.5,1018.3,1.0,1.0,8,205.2,0
2017-03-11 12:30:00,3,37,20.1,67,8.6,1018.3,1.4,1.7,2,205.2,0
2017-03-11 12:33:00,3,37,20.1,66,8.4,1018.3,0.7,1.4,6,205.2,0
2017-03-11 12:36:00,3,37,20.1,66,8.4,1018.2,1.4,2.0,0,205.2,0
2017-03-11 12:39:00,3,37,20.1,66,8.3,1018.3,1.4,1.7,0,205.2,0
2017-03-11 12:42:00,3,37,20.1,66,8.5,1018.2,0.7,1.0,0,205.2,0
2017-03-11 12:45:00,3,37,20.2,66,8.6,1018.3,1.0,1.4,4,205.2,0
2017-03-11 12:48:00,3,37,20.2,65,8.6,1018.3,1.4,2.0,0,205.2,0
2017-03-11 12:51:00,3,37,20.2,65,8.6,1018.3,0.3,0.7,8,205.2,0
2017-03-11 12:54:00,3,37,20.2,65,8.4,1018.2,1.4,1.7,0,205.2,0
2017-03-11 12:57:00,3,37,20.3,65,8.3,1018.2,1.4,2.0,3,205.2,0
2017-03-11 13:00:00,3,37,20.3,65,8.2,1018.2,0.7,1.0,2,205.2,0
2017-03-11 13:03:00,3,37,20.3,65,8.2,1018.3,0.7,1.0,2,205.2,0
2017-03-11 13:06:00,3,37,20.3,65,8.2,1018.3,0.7,1.0,2,205.2,0
2017-03-11 13:09:00,3,37,20.3,64,9.0,1018.4,1.0,1.4,8,205.2,0
2017-03-11 13:12:00,3,37,20.3,64,9.6,1018.3,0.7,1.0,14,205.2,0
2017-03-11 13:15:00,3,37,20.4,62,9.8,1018.3,1.4,2.0,14,205.2,0
2017-03-11 13:18:00,3,37,20.4,61,9.6,1018.3,1.7,2.4,0,205.2,0
2017-03-11 13:21:00,3,37,20.4,61,9.5,1018.1,0.7,1.0,14,205.2,0
2017-03-11 13:24:00,3,37,20.4,61,10.0,1018.3,0.7,1.0,12,205.2,0
2017-03-11 13:27:00,3,37,20.4,61,10.5,1018.2,0.3,1.0,0,205.2,0
2017-03-11 13:30:00,3,37,20.4,60,10.8,1018.2,1.0,1.7,0,205.2,0
2017-03-11 13:33:00,3,37,20.4,57,10.4,1018.1,1.0,1.4,0,205.2,0
2017-03-11 13:36:00,3,37,20.4,57,10.6,1018.1,1.0,1.4,4,205.2,0
2017-03-11 13:39:00,3,37,20.5,58,11.0,1018.1,1.0,1.4,12,205.2,0
2017-03-11 13:42:00,3,37,20.5,56,11.4,1018.1,1.4,2.0,0,205.2,0
2017-03-11 13:45:00,3,37,20.5,55,11.5,1018.1,1.0,1.4,0,205.2,0
2017-03-11 13:48:00,3,37,20.5,54,11.4,1018.2,1.4,1.7,14,205.2,0
2017-03-11 13:51:00,3,37,20.5,54,11.4,1018.1,0.7,1.0,14,205.2,0
2017-03-11 13:54:00,3,37,20.5,54,11.6,1018.2,0.3,0.7,14,205.2,0
2017-03-11 13:57:00,3,37,20.5,54,11.6,1018.1,1.0,1.4,0,205.2,0
2017-03-11 14:00:00,3,37,20.5,53,11.3,1018.0,1.0,1.4,0,205.2,0
2017-03-11 14:03:00,3,37,20.5,54,11.2,1018.0,0,0.3,14,205.2,0
2017-03-11 14:06:00,3,37,20.5,54,11.4,1018.1,1.4,1.7,14,205.2,0
2017-03-11 14:09:00,3,37,20.5,54,11.3,1018.0,0.3,0.7,8,205.2,0
2017-03-11 14:12:00,3,37,20.5,54,12.0,1017.9,0.3,0.7,2,205.2,0
2017-03-11 14:15:00,3,37,20.5,50,12.6,1017.9,0.7,1.4,10,205.2,0
2017-03-11 14:18:00,3,37,20.5,50,12.1,1018.0,1.7,2.0,14,205.2,0
2017-03-11 14:21:00,3,37,20.5,50,11.5,1017.9,1.0,1.4,2,205.2,0
2017-03-11 14:24:00,3,37,20.6,51,10.9,1017.9,1.0,1.4,2,205.2,0
2017-03-11 14:27:00,3,37,20.6,53,10.3,1017.8,1.0,1.4,0,205.2,0
2017-03-11 14:30:00,3,38,20.5,55,10.4,1017.8,1.0,1.4,14,205.2,0
2017-03-11 14:33:00,3,38,20.6,55,11.1,1017.8,0.3,0.7,14,205.2,0
2017-03-11 14:36:00,3,38,20.6,54,11.6,1017.7,0.7,1.0,0,205.2,0
2017-03-11 14:39:00,3,38,20.6,52,11.7,1017.7,0.7,1.0,12,205.2,0
2017-03-11 14:42:00,3,38,20.6,52,12.1,1017.7,0.3,0.7,14,205.2,0
2017-03-11 14:45:00,3,38,20.6,51,11.8,1017.8,2.0,2.7,3,205.2,0
2017-03-11 14:48:00,3,38,20.6,51,11.6,1017.7,0.7,1.0,2,205.2,0
2017-03-11 14:51:00,3,38,20.6,51,11.8,1017.7,1.4,1.7,0,205.2,0
2017-03-11 14:54:00,3,38,20.6,51,12.2,1017.9,0.7,1.0,0,205.2,0
2017-03-11 14:57:00,3,39,20.6,46,12.7,1017.8,1.0,1.4,14,205.2,0
2017-03-11 15:00:00,3,38,20.7,49,12.3,1017.9,1.0,1.7,14,205.2,0
2017-03-11 15:03:00,3,38,20.7,49,12.3,1017.9,1.0,1.7,14,205.2,0
2017-03-11 15:06:00,3,38,20.7,49,12.3,1017.8,1.0,1.7,14,205.2,0
2017-03-11 15:09:00,3,38,20.7,52,10.8,1017.8,0.7,1.0,0,205.2,0
2017-03-11 15:12:00,3,38,20.7,53,10.2,1017.9,1.0,1.4,0,205.2,0
2017-03-11 15:15:00,3,38,20.7,54,9.9,1017.9,0.7,1.0,14,205.2,0
2017-03-11 15:18:00,3,38,20.7,56,9.7,1017.9,0.7,1.0,14,205.2,0
2017-03-11 15:21:00,3,38,20.7,57,9.6,1017.8,0.3,0.7,14,205.2,0
2017-03-11 15:24:00,3,38,20.7,58,9.8,1017.9,0.3,1.0,2,205.2,0
2017-03-11 15:27:00,3,38,20.8,58,10.3,1017.8,0.7,1.0,14,205.2,0
2017-03-11 15:30:00,3,38,20.8,55,10.9,1017.8,1.0,1.4,13,205.2,0
2017-03-11 15:33:00,3,38,20.8,54,10.9,1017.8,1.0,1.7,0,205.2,0
2017-03-11 15:36:00,3,38,20.9,54,10.4,1017.8,1.0,1.4,0,205.2,0
2017-03-11 15:39:00,3,38,20.9,54,10.2,1017.7,2.0,2.4,1,205.2,0
2017-03-11 15:42:00,3,38,20.9,55,10.0,1017.9,0.7,1.0,0,205.2,0
2017-03-11 15:45:00,3,38,20.9,56,9.8,1017.8,1.7,2.0,0,205.2,0
2017-03-11 15:48:00,3,38,20.9,57,9.5,1017.9,1.0,1.7,0,205.2,0
2017-03-11 15:51:00,3,38,20.9,57,9.3,1017.8,1.0,1.4,0,205.2,0
2017-03-11 15:54:00,3,38,20.9,58,9.1,1017.9,1.0,1.4,0,205.2,0
2017-03-11 15:57:00,3,38,20.9,59,9.1,1017.9,1.0,1.4,0,205.2,0
2017-03-11 16:00:00,3,38,20.9,58,9.1,1018.0,0.7,1.0,4,205.2,0
2017-03-11 16:03:00,3,38,20.9,58,8.9,1017.9,1.4,2.0,2,205.2,0
2017-03-11 16:06:00,3,38,20.9,58,8.7,1018.0,0.7,1.0,0,205.2,0
2017-03-11 16:09:00,3,38,20.9,59,8.6,1018.0,0.3,0.7,0,205.2,0
2017-03-11 16:12:00,3,38,20.9,59,8.5,1017.9,0.3,0.7,0,205.2,0
2017-03-11 16:15:00,3,38,20.9,60,8.5,1017.9,0.3,0.7,2,205.2,0
2017-03-11 16:18:00,3,38,20.9,60,8.4,1017.9,0.3,0.7,2,205.2,0
2017-03-11 16:21:00,3,38,20.9,60,8.3,1017.9,0.7,1.0,0,205.2,0
2017-03-11 16:24:00,3,38,20.9,60,8.2,1017.9,0.3,0.7,2,205.2,0
2017-03-11 16:27:00,3,38,20.9,60,8.1,1017.9,1.0,1.4,0,205.2,0
2017-03-11 16:30:00,3,38,20.9,61,8.0,1017.9,0,0,0,205.2,0
2017-03-11 16:33:00,3,38,20.9,61,8.0,1017.9,0,0,0,205.2,0
2017-03-11 16:36:00,3,37,21.0,61,7.8,1017.9,0.3,0.7,0,205.2,0
2017-03-11 16:39:00,3,38,20.9,61,7.8,1017.9,0.7,1.4,2,205.2,0
2017-03-11 16:42:00,3,37,21.0,61,7.7,1017.9,0.3,0.7,0,205.2,0
2017-03-11 16:45:00,3,37,21.0,61,7.5,1017.9,0.7,1.0,0,205.2,0
2017-03-11 16:48:00,3,37,21.0,66,7.4,1018.0,0,0,0,205.2,0
2017-03-11 16:51:00,3,37,21.0,66,7.3,1017.8,0.3,0.7,0,205.2,0
2017-03-11 16:54:00,3,37,21.0,66,7.2,1017.8,0.7,1.0,0,205.2,0
2017-03-11 16:57:00,3,37,21.0,67,7.1,1017.9,0.3,0.7,0,205.2,0
2017-03-11 17:00:00,3,37,21.0,68,6.9,1018.0,0,0.3,0,205.2,0
2017-03-11 17:03:00,3,37,21.0,68,6.9,1018.0,0,0.3,0,205.2,0
2017-03-11 17:06:00,3,37,21.0,68,6.9,1018.0,0,0.3,0,205.2,0
2017-03-11 17:09:00,3,37,21.0,70,6.4,1018.0,0,0,0,205.2,0
2017-03-11 17:12:00,3,37,21.0,71,6.2,1017.9,0,0,0,205.2,0
2017-03-11 17:15:00,3,37,21.0,71,6.1,1017.9,0.3,0.7,0,205.2,0
2017-03-11 17:18:00,3,37,21.0,72,5.9,1017.9,0.7,1.0,0,205.2,0
2017-03-11 17:21:00,3,37,21.0,72,5.8,1017.9,0,0,2,205.2,0
2017-03-11 17:24:00,3,37,21.0,73,5.6,1017.9,0.3,0.7,0,205.2,0
2017-03-11 17:27:00,3,37,21.0,73,5.5,1017.9,0.3,0.7,0,205.2,0
2017-03-11 17:30:00,3,37,21.0,74,5.3,1018.0,0.3,0.7,0,205.2,0
2017-03-11 17:33:00,3,37,21.0,75,5.1,1018.1,0,0,2,205.2,0
2017-03-11 17:36:00,3,37,21.0,75,5.0,1018.0,0,0,0,205.2,0
2017-03-11 17:39:00,3,37,21.0,76,4.9,1018.0,0,0,0,205.2,0
2017-03-11 17:42:00,3,37,21.0,76,4.8,1018.1,0,0,0,205.2,0
2017-03-11 17:45:00,3,36,21.0,77,4.7,1018.0,0,0,0,205.2,0
2017-03-11 17:48:00,3,36,21.0,78,4.6,1018.1,0,0,0,205.2,0
2017-03-11 17:51:00,3,36,21.0,78,4.5,1018.2,0,0,2,205.2,0
2017-03-11 17:54:00,3,36,21.0,78,4.4,1018.2,0,0,2,205.2,0
2017-03-11 17:57:00,3,36,21.0,79,4.3,1018.3,0,0,0,205.2,0
2017-03-11 18:00:00,3,36,21.0,79,4.3,1018.2,0,0,2,205.2,0
2017-03-11 18:03:00,3,36,21.0,79,4.2,1018.2,0,0,2,205.2,0
2017-03-11 18:06:00,3,36,21.0,79,4.1,1018.3,0,0,2,205.2,0
2017-03-11 18:09:00,3,36,21.0,80,4.0,1018.3,0,0,0,205.2,0
2017-03-11 18:12:00,3,36,21.1,80,3.9,1018.3,0,0,0,205.2,0
2017-03-11 18:15:00,3,36,21.0,80,3.9,1018.2,0,0,0,205.2,0
2017-03-11 18:18:00,3,36,21.1,80,3.8,1018.3,0,0,0,205.2,0
2017-03-11 18:21:00,3,36,21.1,80,3.7,1018.4,0,0,0,205.2,0
2017-03-11 18:24:00,3,36,21.1,80,3.7,1018.4,0,0,0,205.2,0
2017-03-11 18:27:00,3,36,21.1,80,3.6,1018.3,0,0,0,205.2,0
2017-03-11 18:30:00,3,36,21.1,80,3.5,1018.4,0.3,0.7,2,205.2,0
2017-03-11 18:33:00,3,36,21.1,81,3.5,1018.4,0.3,0.7,2,205.2,0
2017-03-11 18:36:00,3,36,21.1,81,3.4,1018.4,0.3,0.7,2,205.2,0
2017-03-11 18:39:00,3,36,21.1,81,3.3,1018.4,0,0,2,205.2,0
2017-03-11 18:42:00,3,36,21.1,81,3.2,1018.4,0.7,0.7,2,205.2,0
2017-03-11 18:45:00,3,36,21.1,81,3.2,1018.5,0.3,0.7,3,205.2,0
2017-03-11 18:48:00,3,36,21.1,81,3.1,1018.5,0.3,0.7,2,205.2,0
2017-03-11 18:51:00,3,36,21.1,81,3.0,1018.5,0,0,2,205.2,0
2017-03-11 18:54:00,3,36,21.1,81,3.0,1018.5,0.3,0.7,2,205.2,0
2017-03-11 18:57:00,3,36,21.1,81,2.9,1018.5,0,0.3,2,205.2,0
2017-03-11 19:00:00,3,36,21.1,81,2.8,1018.5,0.3,0.7,0,205.2,0
2017-03-11 19:03:00,3,36,21.1,81,2.8,1018.6,0.3,0.7,0,205.2,0
2017-03-11 19:06:00,3,36,21.1,81,2.8,1018.6,0.3,0.7,0,205.2,0
2017-03-11 19:09:00,3,36,21.1,81,2.6,1018.6,0.3,0.7,2,205.2,0
2017-03-11 19:12:00,3,36,21.1,82,2.6,1018.5,0.7,1.0,2,205.2,0
2017-03-11 19:15:00,3,36,21.1,82,2.6,1018.5,0,0.3,0,205.2,0
2017-03-11 19:18:00,3,36,21.1,82,2.6,1018.6,0,0,0,205.2,0
2017-03-11 19:21:00,3,36,21.1,82,2.5,1018.5,0,0,4,205.2,0
2017-03-11 19:24:00,3,36,21.1,82,2.5,1018.6,0.3,0.7,2,205.2,0
2017-03-11 19:27:00,3,36,21.1,82,2.4,1018.6,0.3,0.7,2,205.2,0
2017-03-11 19:30:00,3,36,21.1,82,2.4,1018.6,0.3,0.7,2,205.2,0
2017-03-11 19:33:00,3,36,21.1,82,2.3,1018.5,0.3,0.7,2,205.2,0
2017-03-11 19:36:00,3,36,21.1,82,2.2,1018.5,0.3,0.7,2,205.2,0
2017-03-11 19:39:00,3,36,21.1,82,2.2,1018.6,0.3,0.7,2,205.2,0
2017-03-11 19:42:00,3,36,21.1,82,2.1,1018.6,0.3,0.3,2,205.2,0
2017-03-11 19:45:00,3,36,21.1,82,2.1,1018.6,0,0,2,205.2,0
2017-03-11 19:48:00,3,36,21.1,83,2.0,1018.5,0.3,0.7,2,205.2,0
2017-03-11 19:51:00,3,36,21.1,83,2.0,1018.6,0.3,0.7,0,205.2,0
2017-03-11 19:54:00,3,36,21.1,83,1.9,1018.6,0.3,0.7,0,205.2,0
2017-03-11 19:57:00,3,36,21.1,83,1.8,1018.6,0,0,0,205.2,0
2017-03-11 20:00:00,3,36,21.1,83,1.8,1018.5,0,0,2,205.2,0
2017-03-11 20:03:00,3,36,21.1,83,1.8,1018.6,0.3,0.7,1,205.2,0
2017-03-11 20:06:00,3,36,21.1,83,1.8,1018.6,0.3,0.7,2,205.2,0
2017-03-11 20:09:00,3,36,21.1,83,1.7,1018.6,0.3,0.7,0,205.2,0
2017-03-11 20:12:00,3,36,21.1,83,1.6,1018.5,0,0,0,205.2,0
2017-03-11 20:15:00,3,36,21.1,83,1.6,1018.6,0,0,2,205.2,0
2017-03-11 20:18:00,3,36,21.1,83,1.6,1018.6,0,0,2,205.2,0
2017-03-11 20:21:00,3,36,21.1,83,1.5,1018.6,0,0,2,205.2,0
2017-03-11 20:24:00,3,36,21.1,84,1.5,1018.6,0,0,2,205.2,0
2017-03-11 20:27:00,3,36,21.1,84,1.5,1018.5,0,0,2,205.2,0
2017-03-11 20:30:00,3,36,21.1,84,1.4,1018.5,0,0,2,205.2,0
2017-03-11 20:33:00,3,36,21.1,84,1.3,1018.6,0,0,2,205.2,0
2017-03-11 20:36:00,3,36,21.1,84,1.2,1018.6,0,0,0,205.2,0
2017-03-11 20:39:00,3,36,21.1,84,1.2,1018.5,0,0,0,205.2,0
2017-03-11 20:42:00,3,36,21.1,84,1.2,1018.6,0,0,2,205.2,0
2017-03-11 20:45:00,3,36,21.1,84,1.2,1018.5,0,0,2,205.2,0
2017-03-11 20:48:00,3,36,21.1,84,1.1,1018.5,0,0,2,205.2,0
2017-03-11 20:51:00,3,36,21.0,84,1.1,1018.5,0,0,2,205.2,0
2017-03-11 20:54:00,3,36,21.1,84,1.0,1018.5,0,0,2,205.2,0
2017-03-11 20:57:00,3,36,21.0,84,1.0,1018.4,0,0,2,205.2,0
2017-03-11 21:00:00,3,35,21.0,84,0.9,1018.5,0,0,2,205.2,0
2017-03-11 21:03:00,3,35,21.0,84,0.9,1018.5,0,0,2,205.2,0
2017-03-11 21:06:00,3,35,21.0,84,0.9,1018.5,0,0,2,205.2,0
2017-03-11 21:09:00,3,35,21.0,84,0.8,1018.6,0,0,2,205.2,0
2017-03-11 21:12:00,3,35,21.0,84,0.7,1018.6,0,0,2,205.2,0
2017-03-11 21:15:00,3,35,21.0,84,0.7,1018.6,0,0,2,205.2,0
2017-03-11 21:18:00,3,35,21.0,84,0.6,1018.6,0,0,2,205.2,0
2017-03-11 21:21:00,3,35,21.0,84,0.5,1018.6,0,0,2,205.2,0
2017-03-11 21:24:00,3,35,21.0,84,0.5,1018.6,0,0,2,205.2,0
2017-03-11 21:27:00,3,35,21.0,84,0.5,1018.6,0,0,0,205.2,0
2017-03-11 21:30:00,3,35,21.0,84,0.5,1018.7,0,0,0,205.2,0
2017-03-11 21:33:00,3,35,21.0,84,0.5,1018.5,0,0,2,205.2,0
2017-03-11 21:36:00,3,35,21.0,84,0.5,1018.6,0,0,0,205.2,0
2017-03-11 21:39:00,3,35,21.0,84,0.4,1018.6,0,0,2,205.2,0
2017-03-11 21:42:00,3,35,21.0,84,0.4,1018.6,0,0,2,205.2,0
2017-03-11 21:45:00,3,35,21.0,84,0.3,1018.6,0,0,0,205.2,0
2017-03-11 21:48:00,3,36,20.9,84,0.3,1018.5,0,0,0,205.2,0
2017-03-11 21:51:00,3,36,20.9,84,0.3,1018.5,0,0,0,205.2,0
2017-03-11 21:54:00,3,36,20.9,85,0.2,1018.5,0,0,0,205.2,0
2017-03-11 21:57:00,3,36,20.9,85,0.2,1018.6,0,0,0,205.2,0
2017-03-11 22:00:00,3,36,20.9,85,0.2,1018.5,0,0,0,205.2,0
2017-03-11 22:03:00,3,36,20.9,85,0.2,1018.5,0,0,0,205.2,0
2017-03-11 22:06:00,3,36,20.9,85,0.1,1018.6,0,0,2,205.2,0
2017-03-11 22:09:00,3,36,20.9,85,0.1,1018.5,0,0,0,205.2,0
2017-03-11 22:12:00,3,36,20.9,85,0,1018.5,0,0,2,205.2,0
2017-03-11 22:15:00,3,36,20.8,85,0,1018.5,0,0,2,205.2,0
2017-03-11 22:18:00,3,36,20.7,85,0,1018.5,0,0,2,205.2,0
2017-03-11 22:21:00,3,35,20.7,85,-0.1,1018.5,0,0,2,205.2,0
2017-03-11 22:24:00,3,35,20.7,85,-0.2,1018.4,0,0,2,205.2,0
2017-03-11 22:27:00,3,35,20.7,85,-0.2,1018.4,0,0,2,205.2,0
2017-03-11 22:30:00,3,35,20.7,85,-0.2,1018.4,0,0,2,205.2,0
2017-03-11 22:33:00,3,35,20.7,85,-0.2,1018.4,0,0,2,205.2,0
2017-03-11 22:36:00,3,35,20.6,85,-0.3,1018.3,0,0,2,205.2,0
2017-03-11 22:39:00,3,35,20.6,85,-0.3,1018.4,0,0,0,205.2,0
2017-03-11 22:42:00,3,35,20.6,85,-0.4,1018.4,0,0,0,205.2,0
2017-03-11 22:45:00,3,35,20.6,85,-0.4,1018.5,0,0,0,205.2,0
2017-03-11 22:48:00,3,35,20.6,85,-0.4,1018.4,0,0,0,205.2,0
2017-03-11 22:51:00,3,35,20.5,85,-0.4,1018.4,0,0,2,205.2,0
2017-03-11 22:54:00,3,35,20.5,85,-0.4,1018.4,0,0,2,205.2,0
2017-03-11 22:57:00,3,35,20.5,85,-0.4,1018.4,0,0,2,205.2,0
