2017-03-10 00:00:00,3,36,20.5,84,6.4,1007.8,1.4,2.4,14,204.9,0
2017-03-10 00:03:00,3,36,20.5,84,6.4,1007.7,1.7,2.4,14,204.9,0
2017-03-10 00:06:00,3,36,20.5,84,6.4,1007.8,1.4,2.0,12,204.9,0
2017-03-10 00:09:00,3,36,20.5,84,6.3,1007.9,1.0,1.7,0,204.9,0
2017-03-10 00:12:00,3,36,20.5,84,6.3,1007.9,1.0,2.4,14,204.9,0
2017-03-10 00:15:00,3,36,20.5,85,6.3,1007.9,1.4,2.0,0,204.9,0
2017-03-10 00:18:00,3,36,20.5,85,6.3,1008.0,2.0,2.7,12,204.9,0
2017-03-10 00:21:00,3,36,20.4,85,6.3,1008.0,1.0,1.7,14,204.9,0
2017-03-10 00:24:00,3,36,20.4,85,6.3,1008.0,2.0,3.4,12,204.9,0
2017-03-10 00:27:00,3,36,20.4,84,6.3,1008.1,2.0,2.7,12,204.9,0
2017-03-10 00:30:00,3,36,20.4,84,6.3,1008.1,1.0,1.4,14,204.9,0
2017-03-10 00:33:00,3,36,20.4,84,6.2,1008.2,0.3,1.0,14,204.9,0
2017-03-10 00:36:00,3,36,20.4,84,6.2,1008.2,1.0,1.7,14,204.9,0
2017-03-10 00:39:00,3,36,20.4,84,6.2,1008.2,1.7,2.4,0,204.9,0
2017-03-10 00:42:00,3,36,20.4,83,6.2,1008.2,0.7,1.0,14,204.9,0
2017-03-10 00:45:00,3,36,20.4,83,6.2,1008.2,0.7,1.0,0,204.9,0
2017-03-10 00:48:00,3,36,20.4,83,6.1,1008.4,2.4,2.7,2,204.9,0
2017-03-10 00:51:00,3,36,20.3,84,6.1,1008.3,1.7,3.4,14,204.9,0
2017-03-10 00:54:00,3,36,20.3,84,6.0,1008.4,4.1,5.8,12,204.9,0
2017-03-10 00:57:00,3,36,20.3,84,5.9,1008.4,2.0,3.1,10,204.9,0
2017-03-10 01:00:00,3,36,20.3,84,5.8,1008.5,2.0,2.7,14,204.9,0
2017-03-10 01:03:00,3,36,20.3,84,5.8,1008.4,2.0,2.7,14,204.9,0
2017-03-10 01:06:00,3,36,20.3,84,5.8,1008.6,2.0,2.7,14,204.9,0
2017-03-10 01:09:00,3,36,20.3,85,5.7,1008.5,1.7,2.0,12,204.9,0
2017-03-10 01:12:00,3,36,20.3,86,5.7,1008.7,1.7,2.4,15,204.9,0
2017-03-10 01:15:00,3,36,20.3,86,5.7,1008.6,1.7,2.4,0,204.9,0
2017-03-10 01:18:00,3,36,20.3,86,5.6,1008.6,1.4,2.0,2,204.9,0
2017-03-10 01:21:00,3,36,20.2,87,5.6,1008.8,1.4,1.7,0,204.9,0
2017-03-10 01:24:00,3,36,20.2,87,5.6,1008.8,3.4,4.1,0,204.9,0
2017-03-10 01:27:00,3,36,20.2,87,5.6,1008.9,1.0,1.7,0,204.9,0
2017-03-10 01:30:00,3,36,20.2,88,5.6,1009.0,1.4,1.7,0,204.9,0
2017-03-10 01:33:00,3,36,20.2,88,5.6,1009.0,1.4,2.0,14,204.9,0
2017-03-10 01:36:00,3,36,20.2,88,5.6,1009.0,2.0,3.1,13,204.9,0
2017-03-10 01:39:00,3,36,20.1,88,5.6,1008.9,1.0,1.7,14,204.9,0
2017-03-10 01:42:00,3,36,20.1,88,5.6,1009.0,3.1,4.1,14,204.9,0
2017-03-10 01:45:00,3,36,20.1,88,5.6,1009.0,1.4,2.0,10,204.9,0
2017-03-10 01:48:00,3,36,20.1,88,5.6,1009.0,1.7,2.4,12,204.9,0
2017-03-10 01:51:00,3,36,20.1,87,5.6,1009.2,2.0,2.7,14,204.9,0
2017-03-10 01:54:00,3,36,20.1,87,5.6,1009.1,1.7,2.4,14,204.9,0
2017-03-10 01:57:00,3,36,20.1,86,5.6,1009.2,1.4,2.4,14,204.9,0
2017-03-10 02:00:00,3,36,20.0,86,5.6,1009.3,1.0,1.7,0,204.9,0
2017-03-10 02:03:00,3,36,20.0,86,5.6,1009.3,2.0,2.7,14,204.9,0
2017-03-10 02:06:00,3,36,20.0,85,5.6,1009.4,2.0,2.7,14,204.9,0
2017-03-10 02:09:00,3,36,20.0,85,5.6,1009.5,1.7,2.4,14,204.9,0
2017-03-10 02:12:00,3,36,20.0,85,5.6,1009.5,2.7,3.4,0,204.9,0
2017-03-10 02:15:00,3,36,20.0,85,5.6,1009.6,1.4,2.0,14,204.9,0
2017-03-10 02:18:00,3,36,20.0,85,5.6,1009.6,1.7,2.7,14,204.9,0
2017-03-10 02:21:00,3,36,20.0,85,5.6,1009.7,1.0,1.4,12,204.9,0
2017-03-10 02:24:00,3,36,20.0,84,5.6,1009.7,1.7,2.4,14,204.9,0
2017-03-10 02:27:00,3,37,19.9,84,5.6,1009.8,1.0,1.7,14,204.9,0
2017-03-10 02:30:00,3,37,19.8,84,5.6,1009.8,1.4,2.7,2,204.9,0
2017-03-10 02:33:00,3,37,19.8,83,5.6,1009.9,0.7,1.0,14,204.9,0
2017-03-10 02:36:00,3,37,19.8,83,5.6,1010.0,1.4,2.0,12,204.9,0
2017-03-10 02:39:00,3,37,19.8,83,5.6,1010.1,1.4,2.4,2,204.9,0
2017-03-10 02:42:00,3,37,19.8,83,5.6,1010.2,0.7,1.0,0,204.9,0
2017-03-10 02:45:00,3,37,19.8,83,5.5,1010.1,1.4,2.0,15,204.9,0
2017-03-10 02:48:00,3,37,19.8,83,5.6,1010.1,3.4,5.1,14,204.9,0
2017-03-10 02:51:00,3,37,19.8,83,5.6,1010.2,2.4,3.4,10,204.9,0
2017-03-10 02:54:00,3,37,19.7,83,5.6,1010.4,3.1,3.7,14,204.9,0
2017-03-10 02:57:00,3,37,19.7,83,5.6,1010.5,1.0,1.4,14,204.9,0
2017-03-10 03:00:00,3,37,19.7,83,5.6,1010.6,0.7,1.0,0,204.9,0
2017-03-10 03:03:00,3,37,19.7,83,5.6,1010.6,0.7,1.0,0,204.9,0
2017-03-10 03:06:00,3,37,19.7,83,5.6,1010.7,0.7,1.0,0,204.9,0
2017-03-10 03:09:00,3,37,19.7,83,5.6,1010.8,1.4,1.7,2,204.9,0
2017-03-10 03:12:00,3,37,19.7,83,5.6,1010.8,1.0,1.7,0,204.9,0
2017-03-10 03:15:00,3,37,19.7,83,5.6,1010.8,1.4,2.7,14,204.9,0
2017-03-10 03:18:00,3,37,19.7,83,5.6,1010.9,2.4,3.4,14,204.9,0
2017-03-10 03:21:00,3,37,19.7,83,5.6,1010.9,1.0,1.4,0,204.9,0
2017-03-10 03:24:00,3,37,19.7,83,5.6,1011.1,1.0,1.7,14,204.9,0
2017-03-10 03:27:00,3,37,19.6,83,5.6,1011.2,0.7,1.4,14,204.9,0
2017-03-10 03:30:00,3,37,19.6,83,5.6,1011.2,1.4,1.7,12,204.9,0
2017-03-10 03:33:00,3,37,19.6,83,5.6,1011.3,1.4,1.7,14,204.9,0
2017-03-10 03:36:00,3,37,19.6,83,5.6,1011.3,0.7,1.0,10,204.9,0
2017-03-10 03:39:00,3,37,19.6,83,5.6,1011.3,2.0,2.7,14,204.9,0
2017-03-10 03:42:00,3,37,19.6,83,5.5,1011.4,0.7,1.0,0,204.9,0
2017-03-10 03:45:00,3,37,19.6,83,5.5,1011.4,1.4,2.0,14,204.9,0
2017-03-10 03:48:00,3,37,19.6,83,5.5,1011.4,1.4,2.0,4,204.9,0
2017-03-10 03:51:00,3,37,19.6,83,5.5,1011.5,1.0,2.0,14,204.9,0
2017-03-10 03:54:00,3,37,19.5,83,5.5,1011.6,1.4,1.7,12,204.9,0
2017-03-10 03:57:00,3,37,19.5,83,5.5,1011.6,1.7,2.4,12,204.9,0
2017-03-10 04:00:00,3,37,19.5,83,5.5,1011.6,1.0,1.7,14,204.9,0
2017-03-10 04:03:00,3,37,19.5,83,5.5,1011.7,0.7,1.4,14,204.9,0
2017-03-10 04:06:00,3,37,19.5,83,5.5,1011.8,1.0,1.4,12,204.9,0
2017-03-10 04:09:00,3,37,19.5,83,5.5,1011.9,2.0,2.7,0,204.9,0
2017-03-10 04:12:00,3,37,19.5,83,5.5,1011.8,1.7,2.4,14,204.9,0
2017-03-10 04:15:00,3,37,19.5,83,5.5,1011.9,0.7,1.4,14,204.9,0
2017-03-10 04:18:00,3,37,19.4,83,5.5,1012.0,1.0,1.7,14,204.9,0
2017-03-10 04:21:00,3,37,19.4,83,5.5,1012.0,0.3,1.0,0,204.9,0
2017-03-10 04:24:00,3,37,19.3,83,5.5,1012.0,1.0,1.4,0,204.9,0
2017-03-10 04:27:00,3,37,19.3,83,5.5,1012.1,1.0,1.4,14,204.9,0
2017-03-10 04:30:00,3,37,19.3,83,5.5,1012.1,1.7,2.0,14,204.9,0
2017-03-10 04:33:00,3,37,19.3,83,5.5,1012.3,1.4,1.7,14,204.9,0
2017-03-10 04:36:00,3,37,19.3,83,5.5,1012.4,1.4,1.7,14,204.9,0
2017-03-10 04:39:00,3,37,19.3,83,5.5,1012.4,1.4,2.4,14,204.9,0
2017-03-10 04:42:00,3,37,19.3,83,5.5,1012.4,1.0,1.7,0,204.9,0
2017-03-10 04:45:00,3,37,19.3,83,5.5,1012.5,1.4,1.7,14,204.9,0
2017-03-10 04:48:00,3,37,19.3,83,5.5,1012.5,1.0,1.4,14,204.9,0
2017-03-10 04:51:00,3,37,19.2,83,5.5,1012.5,1.0,1.7,14,204.9,0
2017-03-10 04:54:00,3,37,19.2,83,5.5,1012.7,0.3,0.7,14,204.9,0
2017-03-10 04:57:00,3,37,19.2,83,5.5,1012.8,1.4,2.0,10,204.9,0
2017-03-10 05:00:00,3,37,19.2,83,5.5,1012.8,1.0,1.7,8,204.9,0
2017-03-10 05:03:00,3,37,19.3,83,5.5,1012.9,1.0,1.7,8,204.9,0
2017-03-10 05:06:00,3,37,19.3,83,5.5,1013.0,1.0,1.7,8,204.9,0
2017-03-10 05:09:00,3,37,19.3,83,5.6,1013.1,0.7,1.0,0,204.9,0
2017-03-10 05:12:00,3,37,19.3,83,5.6,1013.1,1.0,1.4,4,204.9,0
2017-03-10 05:15:00,3,37,19.3,83,5.6,1013.2,0.3,1.0,14,204.9,0
2017-03-10 05:18:00,3,37,19.3,83,5.6,1013.2,1.0,1.4,0,204.9,0
2017-03-10 05:21:00,3,37,19.3,83,5.6,1013.2,1.0,1.4,0,204.9,0
2017-03-10 05:24:00,3,37,19.3,83,5.6,1013.2,1.4,2.0,14,204.9,0
2017-03-10 05:27:00,3,37,19.3,83,5.6,1013.3,0.7,1.0,14,204.9,0
2017-03-10 05:30:00,3,37,19.4,83,5.6,1013.3,0.7,1.0,12,204.9,0
2017-03-10 05:33:00,3,37,19.5,83,5.6,1013.3,1.4,1.7,15,204.9,0
2017-03-10 05:36:00,3,37,19.5,83,5.6,1013.4,1.0,1.4,14,204.9,0
2017-03-10 05:39:00,3,37,19.5,83,5.6,1013.5,0.3,0.7,10,204.9,0
2017-03-10 05:42:00,3,37,19.6,84,5.6,1013.4,1.0,1.4,14,204.9,0
2017-03-10 05:45:00,3,37,19.6,84,5.6,1013.5,1.0,1.4,14,204.9,0
2017-03-10 05:48:00,3,37,19.6,84,5.6,1013.6,1.0,1.7,12,204.9,0
2017-03-10 05:51:00,3,37,19.6,84,5.6,1013.6,0.3,1.0,12,204.9,0
2017-03-10 05:54:00,3,37,19.7,84,5.7,1013.6,1.0,1.7,14,204.9,0
2017-03-10 05:57:00,3,37,19.7,84,5.7,1013.7,1.0,2.0,12,204.9,0
2017-03-10 06:00:00,3,37,19.7,84,5.7,1013.8,2.0,2.7,14,204.9,0
2017-03-10 06:03:00,3,37,19.7,84,5.8,1013.8,2.7,4.4,14,204.9,0
2017-03-10 06:06:00,3,37,19.8,83,5.8,1013.9,2.0,2.4,10,204.9,0
2017-03-10 06:09:00,3,37,19.8,83,5.8,1013.9,2.0,3.1,2,204.9,0
2017-03-10 06:12:00,3,37,20.0,83,5.8,1014.1,1.4,2.0,9,204.9,0
2017-03-10 06:15:00,3,37,20.1,82,5.8,1014.2,1.7,2.0,14,204.9,0
2017-03-10 06:18:00,3,36,20.4,82,5.9,1014.1,1.7,2.0,14,204.9,0
2017-03-10 06:21:00,3,36,20.5,82,5.9,1014.3,1.7,2.4,11,204.9,0
2017-03-10 06:24:00,3,36,20.7,81,5.8,1014.4,2.4,3.4,0,204.9,0
2017-03-10 06:27:00,3,36,20.7,81,5.8,1014.4,1.0,1.4,12,204.9,0
2017-03-10 06:30:00,3,35,20.9,81,5.8,1014.5,0.7,1.0,14,204.9,0
2017-03-10 06:33:00,3,34,21.0,81,5.8,1014.5,0.7,1.4,9,204.9,0
2017-03-10 06:36:00,3,33,21.1,81,5.9,1014.6,0.3,0.7,14,204.9,0
2017-03-10 06:39:00,3,33,21.2,81,5.9,1014.8,1.7,2.0,12,204.9,0
2017-03-10 06:42:00,3,33,21.2,81,5.9,1014.7,0.7,1.0,0,204.9,0
2017-03-10 06:45:00,3,33,21.3,81,5.9,1014.8,0.7,1.0,12,204.9,0
2017-03-10 06:48:00,3,33,21.3,81,5.9,1014.8,1.0,1.4,8,204.9,0
2017-03-10 06:51:00,3,33,21.3,81,5.9,1014.9,1.0,1.4,14,204.9,0
2017-03-10 06:54:00,3,32,21.5,81,5.9,1015.0,1.0,1.4,14,204.9,0
2017-03-10 06:57:00,3,33,21.5,80,6.0,1014.9,1.4,2.0,10,204.9,0
2017-03-10 07:00:00,3,33,21.6,80,6.0,1015.0,1.0,1.4,14,204.9,0
2017-03-10 07:03:00,3,33,21.6,80,6.0,1015.0,1.0,1.4,14,204.9,0
2017-03-10 07:06:00,3,33,21.7,80,6.0,1015.1,1.0,1.4,14,204.9,0
2017-03-10 07:09:00,3,33,21.7,80,6.1,1015.1,0.3,1.0,12,204.9,0
2017-03-10 07:12:00,3,32,21.8,80,6.1,1015.2,2.0,2.7,0,204.9,0
2017-03-10 07:15:00,3,32,21.8,80,6.1,1015.3,2.7,3.4,14,204.9,0
2017-03-10 07:18:00,3,32,21.9,80,6.1,1015.3,1.0,1.7,4,204.9,0
2017-03-10 07:21:00,3,32,21.9,80,6.1,1015.3,0.7,1.4,14,204.9,0
2017-03-10 07:24:00,3,32,21.9,80,6.1,1015.4,2.0,2.7,12,204.9,0
2017-03-10 07:27:00,3,32,21.9,80,6.1,1015.4,1.4,2.0,12,204.9,0
2017-03-10 07:30:00,3,31,22.0,80,6.2,1015.5,0.7,1.4,12,204.9,0
2017-03-10 07:33:00,3,31,22.1,80,6.2,1015.3,1.7,2.7,14,204.9,0
2017-03-10 07:36:00,3,31,22.1,80,6.2,1015.4,2.0,3.1,0,204.9,0
2017-03-10 07:39:00,3,31,22.1,79,6.3,1015.4,1.4,2.0,0,204.9,0
2017-03-10 07:42:00,3,31,22.2,79,6.3,1015.4,1.4,2.0,13,204.9,0
2017-03-10 07:45:00,3,31,22.2,79,6.3,1015.5,1.4,1.7,13,204.9,0
2017-03-10 07:48:00,3,31,22.2,78,6.4,1015.6,0.7,1.0,14,204.9,0
2017-03-10 07:51:00,3,31,22.2,78,6.5,1015.5,0.7,1.0,0,204.9,0
2017-03-10 07:54:00,3,30,22.3,78,6.6,1015.7,1.4,2.0,14,204.9,0
2017-03-10 07:57:00,3,30,22.3,77,6.6,1015.5,2.7,3.7,12,204.9,0
2017-03-10 08:00:00,3,30,22.3,77,6.6,1015.7,1.7,2.0,10,204.9,0
2017-03-10 08:03:00,3,30,22.3,77,6.6,1015.7,1.4,1.7,11,204.9,0
2017-03-10 08:06:00,3,30,22.4,77,6.5,1015.7,0.7,1.4,14,204.9,0
2017-03-10 08:09:00,3,30,22.3,77,6.6,1015.7,2.7,4.4,14,204.9,0
2017-03-10 08:12:00,3,30,22.2,77,6.6,1015.8,2.4,3.4,14,204.9,0
2017-03-10 08:15:00,3,31,22.1,76,6.7,1015.8,2.0,3.1,14,204.9,0
2017-03-10 08:18:00,3,31,22.0,76,6.8,1015.8,1.0,1.7,12,204.9,0
2017-03-10 08:21:00,3,32,21.9,77,6.9,1015.9,1.7,3.7,0,204.9,0
2017-03-10 08:24:00,3,32,21.9,77,6.7,1016.0,2.4,3.7,14,204.9,0
2017-03-10 08:27:00,3,32,21.8,78,6.6,1016.0,2.0,3.1,14,204.9,0
2017-03-10 08:30:00,3,32,21.8,79,6.6,1016.0,1.0,1.4,12,204.9,0
2017-03-10 08:33:00,3,32,21.8,80,6.6,1016.0,1.4,2.4,14,204.9,0
2017-03-10 08:36:00,3,32,21.7,80,6.6,1016.0,1.0,2.0,10,204.9,0
2017-03-10 08:39:00,3,32,21.7,80,6.8,1016.1,0.7,1.0,12,204.9,0
2017-03-10 08:42:00,3,32,21.7,80,6.9,1015.9,1.0,1.7,0,204.9,0
2017-03-10 08:45:00,3,33,21.6,79,7.0,1016.0,1.7,2.4,12,204.9,0
2017-03-10 08:48:00,3,33,21.6,78,7.0,1016.0,1.0,1.7,12,204.9,0
2017-03-10 08:51:00,3,33,21.6,78,7.0,1016.1,1.7,3.4,12,204.9,0
2017-03-10 08:54:00,3,33,21.5,77,7.0,1016.0,1.4,1.7,14,204.9,0
2017-03-10 08:57:00,3,34,21.6,77,7.0,1016.0,1.4,2.4,12,204.9,0
2017-03-10 09:00:00,3,34,21.7,77,7.0,1016.1,1.0,1.7,2,204.9,0
2017-03-10 09:03:00,3,33,21.7,77,7.0,1016.2,1.0,1.7,2,204.9,0
2017-03-10 09:06:00,3,33,21.8,77,7.0,1016.1,1.0,1.7,2,204.9,0
2017-03-10 09:09:00,3,33,21.9,77,7.1,1016.1,1.7,2.4,14,204.9,0
2017-03-10 09:12:00,3,32,22.0,76,7.1,1016.2,1.4,1.7,12,204.9,0
2017-03-10 09:15:00,3,31,22.1,76,7.1,1016.2,1.0,1.4,14,204.9,0
2017-03-10 09:18:00,3,31,22.2,76,7.1,1016.2,0.7,1.0,12,204.9,0
2017-03-10 09:21:00,3,31,22.2,76,7.2,1016.2,1.4,2.0,12,204.9,0
2017-03-10 09:24:00,3,31,22.3,76,7.4,1016.2,2.4,3.1,10,204.9,0
2017-03-10 09:27:00,3,31,22.3,71,7.6,1016.3,1.4,2.0,14,204.9,0
2017-03-10 09:30:00,3,31,22.3,70,7.7,1016.3,1.0,1.7,2,204.9,0
2017-03-10 09:33:00,3,31,22.4,70,8.0,1016.3,1.0,2.0,10,204.9,0
2017-03-10 09:36:00,3,30,22.5,69,8.1,1016.3,1.4,2.0,14,204.9,0
2017-03-10 09:39:00,3,30,22.5,68,8.2,1016.3,2.0,2.4,0,204.9,0
2017-03-10 09:42:00,3,30,22.4,68,8.1,1016.4,2.0,3.1,2,204.9,0
2017-03-10 09:45:00,3,30,22.3,68,7.9,1016.4,1.0,1.4,14,204.9,0
2017-03-10 09:48:00,3,31,22.2,67,7.8,1016.4,2.0,3.4,13,204.9,0
2017-03-10 09:51:00,3,31,22.2,67,7.7,1016.4,3.4,4.4,12,204.9,0
2017-03-10 09:54:00,3,31,22.1,67,7.6,1016.2,1.0,1.4,14,204.9,0
2017-03-10 09:57:00,3,31,22.0,68,7.6,1016.4,2.7,3.4,12,204.9,0
2017-03-10 10:00:00,3,32,21.9,68,7.6,1016.3,2.4,3.4,12,204.9,0
2017-03-10 10:03:00,3,32,21.9,68,7.5,1016.3,2.0,3.1,12,204.9,0
2017-03-10 10:06:00,3,32,21.9,67,7.5,1016.3,1.4,2.4,12,204.9,0
2017-03-10 10:09:00,3,32,21.8,67,7.6,1016.4,2.7,4.1,12,204.9,0
2017-03-10 10:12:00,3,32,21.8,66,7.7,1016.2,2.0,3.1,14,204.9,0
2017-03-10 10:15:00,3,32,21.8,65,7.8,1016.3,3.7,5.4,0,205.2,0
2017-03-10 10:18:00,3,32,21.7,64,8.0,1016.3,1.4,2.0,14,205.2,0
2017-03-10 10:21:00,3,32,21.7,63,8.3,1016.4,2.0,2.4,2,205.2,0
2017-03-10 10:24:00,3,32,21.7,63,8.7,1016.3,1.0,1.4,12,205.2,0
2017-03-10 10:27:00,3,33,21.7,62,9.0,1016.3,1.4,2.4,14,205.2,0
2017-03-10 10:30:00,3,33,21.6,62,9.6,1016.2,1.0,1.4,8,205.2,0
2017-03-10 10:33:00,3,33,21.6,60,9.6,1016.2,1.7,2.4,12,205.2,0
2017-03-10 10:36:00,3,33,21.6,60,9.2,1016.3,2.7,4.8,10,205.2,0
2017-03-10 10:39:00,3,33,21.5,60,9.0,1016.5,2.4,3.7,14,205.2,0
2017-03-10 10:42:00,3,33,21.5,62,8.3,1016.4,3.1,3.7,0,205.2,0
2017-03-10 10:45:00,3,33,21.5,64,8.0,1016.4,1.0,1.4,14,205.2,0
2017-03-10 10:48:00,3,33,21.5,65,7.9,1016.4,1.4,2.0,0,205.2,0
2017-03-10 10:51:00,3,33,21.4,66,7.9,1016.5,1.7,2.0,14,205.2,0
2017-03-10 10:54:00,3,33,21.3,66,8.0,1016.5,1.0,1.7,14,205.2,0
2017-03-10 10:57:00,3,33,21.3,67,8.0,1016.5,1.4,2.0,0,205.2,0
2017-03-10 11:00:00,3,33,21.3,65,8.2,1016.5,2.0,3.1,12,205.2,0
2017-03-10 11:03:00,3,33,21.2,65,8.2,1016.6,2.0,3.1,12,205.2,0
2017-03-10 11:06:00,3,33,21.2,65,8.2,1016.4,2.0,3.1,12,205.2,0
2017-03-10 11:09:00,3,33,21.2,62,9.6,1016.5,0.7,1.4,12,205.2,0
2017-03-10 11:12:00,3,34,21.2,61,9.6,1016.4,1.4,2.0,14,205.2,0
2017-03-10 11:15:00,3,34,21.1,61,9.7,1016.5,1.7,2.7,8,205.2,0
2017-03-10 11:18:00,3,34,21.1,60,10.4,1016.4,2.7,5.1,14,205.2,0
2017-03-10 11:21:00,3,34,21.1,58,10.2,1016.4,2.0,2.7,12,205.2,0
2017-03-10 11:24:00,3,34,21.1,59,10.0,1016.4,1.7,2.4,15,205.2,0
2017-03-10 11:27:00,3,34,21.1,60,10.0,1016.4,1.7,2.0,2,205.2,0
2017-03-10 11:30:00,3,34,21.0,60,9.9,1016.3,1.4,1.7,2,205.2,0
2017-03-10 11:33:00,3,34,21.0,59,9.6,1016.4,1.7,2.0,14,205.2,0
2017-03-10 11:36:00,3,34,21.0,59,9.2,1016.4,2.4,3.7,12,205.2,0
2017-03-10 11:39:00,3,34,21.0,60,8.9,1016.4,2.4,4.1,14,205.2,0
2017-03-10 11:42:00,3,34,21.0,61,8.8,1016.4,1.7,2.0,12,205.2,0
2017-03-10 11:45:00,3,35,20.9,61,8.9,1016.5,2.0,2.7,0,205.2,0
2017-03-10 11:48:00,3,36,20.9,61,9.0,1016.4,2.7,3.4,14,205.2,0
2017-03-10 11:51:00,3,36,20.9,61,9.0,1016.4,1.0,1.7,14,205.2,0
2017-03-10 11:54:00,3,36,20.9,61,8.9,1016.5,3.7,5.4,0,205.2,0
2017-03-10 11:57:00,3,36,20.9,62,8.6,1016.6,2.0,2.7,14,205.2,0
2017-03-10 12:00:00,3,36,20.9,65,8.1,1016.5,1.4,1.7,2,205.2,0
2017-03-10 12:03:00,3,36,20.8,67,8.0,1016.7,1.4,2.0,10,205.2,0
2017-03-10 12:06:00,3,36,20.8,69,7.8,1016.6,1.4,3.4,12,205.2,0
2017-03-10 12:09:00,3,36,20.7,70,7.7,1016.8,1.0,1.7,12,205.2,0
2017-03-10 12:12:00,3,36,20.7,70,7.7,1016.7,2.4,3.4,0,205.2,0
2017-03-10 12:15:00,3,36,20.7,70,7.8,1016.7,2.0,3.1,14,205.2,0
2017-03-10 12:18:00,3,36,20.7,70,7.8,1016.7,1.7,2.4,10,205.2,0
2017-03-10 12:21:00,3,36,20.7,70,7.7,1016.8,1.4,2.0,14,205.2,0
2017-03-10 12:24:00,3,36,20.7,70,7.5,1016.8,2.0,2.7,0,205.2,0
2017-03-10 12:27:00,3,36,20.7,71,7.5,1016.8,2.0,3.1,14,205.2,0
2017-03-10 12:30:00,3,36,20.7,76,7.4,1016.8,1.0,1.4,10,205.2,0
2017-03-10 12:33:00,3,37,20.7,71,7.5,1016.8,1.0,1.4,14,205.2,0
2017-03-10 12:36:00,3,37,20.7,72,7.6,1016.8,1.0,1.4,14,205.2,0
2017-03-10 12:39:00,3,37,20.7,72,7.8,1016.8,1.0,1.4,14,205.2,0
2017-03-10 12:42:00,3,37,20.7,71,8.1,1016.7,0.7,1.4,0,205.2,0
2017-03-10 12:45:00,3,37,20.7,71,8.6,1016.8,1.0,1.4,10,205.2,0
2017-03-10 12:48:00,3,37,20.7,70,9.0,1016.7,1.4,2.0,9,205.2,0
2017-03-10 12:51:00,3,37,20.7,69,9.0,1016.7,2.4,3.1,0,205.2,0
2017-03-10 12:54:00,3,37,20.7,67,9.0,1016.8,2.4,3.7,0,205.2,0
2017-03-10 12:57:00,3,37,20.7,67,9.1,1016.8,1.0,2.0,14,205.2,0
2017-03-10 13:00:00,3,37,20.7,65,9.3,1016.7,1.4,2.0,14,205.2,0
2017-03-10 13:03:00,3,37,20.7,65,9.3,1016.7,1.4,2.0,14,205.2,0
2017-03-10 13:06:00,3,37,20.7,65,9.3,1016.7,1.4,2.0,14,205.2,0
2017-03-10 13:09:00,3,37,20.7,63,9.3,1016.6,1.7,3.7,0,205.2,0
2017-03-10 13:12:00,3,37,20.7,62,9.3,1016.7,2.0,2.7,0,205.2,0
2017-03-10 13:15:00,3,37,20.7,61,9.3,1016.7,1.7,2.4,14,205.2,0
2017-03-10 13:18:00,3,37,20.7,60,9.3,1016.8,1.7,2.4,12,205.2,0
2017-03-10 13:21:00,3,37,20.7,60,9.3,1016.8,1.0,1.4,12,205.2,0
2017-03-10 13:24:00,3,37,20.7,60,9.3,1016.8,1.4,2.0,14,205.2,0
2017-03-10 13:27:00,3,37,20.7,60,9.3,1016.8,1.4,2.0,14,205.2,0
2017-03-10 13:30:00,3,38,20.7,60,9.2,1016.9,1.7,2.4,14,205.2,0
2017-03-10 13:33:00,3,38,20.8,60,9.3,1016.9,1.7,2.4,0,205.2,0
2017-03-10 13:36:00,3,38,20.8,60,9.7,1016.9,1.7,2.7,14,205.2,0
2017-03-10 13:39:00,3,38,20.8,60,10.0,1016.7,1.4,2.7,14,205.2,0
2017-03-10 13:42:00,3,38,20.8,59,10.5,1016.8,2.4,3.1,0,205.2,0
2017-03-10 13:45:00,3,38,20.8,56,10.3,1016.9,2.4,3.1,0,205.2,0
2017-03-10 13:48:00,3,38,20.8,57,10.2,1016.8,2.0,2.7,12,205.2,0
2017-03-10 13:51:00,3,38,20.8,57,10.1,1016.9,1.0,1.7,0,205.2,0
2017-03-10 13:54:00,3,38,20.9,58,10.0,1016.9,2.4,2.7,14,205.2,0
2017-03-10 13:57:00,3,38,20.9,57,9.9,1016.9,2.4,5.4,0,205.2,0
2017-03-10 14:00:00,3,38,20.9,56,9.8,1016.8,2.0,2.4,6,205.2,0
2017-03-10 14:03:00,3,38,20.9,57,9.9,1016.9,1.7,2.4,12,205.2,0
2017-03-10 14:06:00,3,38,20.9,57,10.0,1016.8,1.4,1.7,12,205.2,0
2017-03-10 14:09:00,3,38,20.9,54,10.0,1016.9,2.4,3.7,12,205.2,0
2017-03-10 14:12:00,3,38,20.9,53,9.9,1016.9,2.0,4.4,12,205.2,0
2017-03-10 14:15:00,3,38,20.9,53,9.8,1016.9,2.7,5.1,13,205.2,0
2017-03-10 14:18:00,3,38,20.9,54,9.7,1016.9,2.0,2.4,0,205.2,0
2017-03-10 14:21:00,3,38,20.9,54,9.6,1016.9,1.0,1.7,14,205.2,0
2017-03-10 14:24:00,3,38,20.9,54,9.6,1016.9,1.0,1.7,14,205.2,0
2017-03-10 14:27:00,3,38,20.9,54,9.6,1017.1,1.0,1.7,0,205.2,0
2017-03-10 14:30:00,3,38,20.9,53,9.6,1017.0,2.4,2.7,14,205.2,0
2017-03-10 14:33:00,3,38,20.9,53,9.5,1017.0,2.0,3.1,12,205.2,0
2017-03-10 14:36:00,3,38,20.9,53,9.5,1017.0,1.7,2.0,14,205.2,0
2017-03-10 14:39:00,3,38,20.9,53,9.5,1017.1,1.0,1.4,13,205.2,0
2017-03-10 14:42:00,3,38,20.9,53,9.4,1017.0,1.7,2.0,14,205.2,0
2017-03-10 14:45:00,3,38,20.9,53,9.4,1017.1,3.1,4.8,10,205.2,0
2017-03-10 14:48:00,3,38,20.9,53,9.4,1017.0,1.0,1.4,2,205.2,0
2017-03-10 14:51:00,3,38,20.9,53,9.4,1017.0,1.0,1.7,14,205.2,0
2017-03-10 14:54:00,3,38,20.9,53,9.3,1017.1,3.1,4.4,12,205.2,0
2017-03-10 14:57:00,3,37,20.9,53,9.3,1017.1,2.0,3.4,10,205.2,0
2017-03-10 15:00:00,3,37,20.9,54,9.3,1017.0,0.7,1.0,14,205.2,0
2017-03-10 15:03:00,3,37,20.9,54,9.3,1017.1,0.7,1.0,14,205.2,0
2017-03-10 15:06:00,3,37,20.9,54,9.3,1017.0,0.7,1.0,14,205.2,0
2017-03-10 15:09:00,3,37,20.9,55,9.3,1017.0,0.7,1.0,14,205.2,0
2017-03-10 15:12:00,3,37,20.9,54,9.3,1017.0,2.4,3.4,15,205.2,0
2017-03-10 15:15:00,3,37,20.9,54,9.2,1017.1,1.0,1.4,1,205.2,0
2017-03-10 15:18:00,3,37,20.9,54,9.2,1017.1,1.4,2.0,14,205.2,0
2017-03-10 15:21:00,3,37,20.9,54,9.2,1017.1,1.0,1.7,12,205.2,0
2017-03-10 15:24:00,3,37,20.9,55,9.2,1017.2,2.4,3.4,14,205.2,0
2017-03-10 15:27:00,3,37,20.9,55,9.2,1017.2,1.0,1.7,14,205.2,0
2017-03-10 15:30:00,3,37,20.9,54,9.2,1017.1,2.7,3.4,0,205.2,0
2017-03-10 15:33:00,3,37,20.9,55,9.1,1017.3,3.1,4.1,12,205.2,0
2017-03-10 15:36:00,3,37,20.9,55,9.1,1017.1,1.4,2.0,0,205.2,0
2017-03-10 15:39:00,3,37,20.9,55,9.1,1017.2,0.7,1.4,12,205.2,0
2017-03-10 15:42:00,3,37,20.9,56,9.1,1017.2,1.0,1.4,0,205.2,0
2017-03-10 15:45:00,3,37,20.9,56,9.1,1017.4,1.4,2.0,0,205.2,0
2017-03-10 15:48:00,3,37,20.9,56,9.1,1017.3,1.4,2.0,14,205.2,0
2017-03-10 15:51:00,3,37,20.9,56,9.0,1017.4,1.0,1.7,14,205.2,0
2017-03-10 15:54:00,3,37,20.9,57,9.0,1017.3,0.7,1.4,12,205.2,0
2017-03-10 15:57:00,3,37,20.9,57,9.0,1017.4,0.7,1.4,0,205.2,0
2017-03-10 16:00:00,3,37,20.9,58,9.0,1017.5,0.7,1.0,14,205.2,0
2017-03-10 16:03:00,3,37,20.9,57,9.0,1017.4,1.4,2.0,14,205.2,0
2017-03-10 16:06:00,3,37,20.9,57,9.0,1017.5,0.7,1.0,14,205.2,0
2017-03-10 16:09:00,3,37,20.9,58,9.0,1017.4,1.0,1.4,11,205.2,0
2017-03-10 16:12:00,3,37,20.9,58,9.0,1017.6,0,0.3,0,205.2,0
2017-03-10 16:15:00,3,37,20.9,59,9.0,1017.5,0.7,1.0,14,205.2,0
2017-03-10 16:18:00,3,37,20.9,58,8.9,1017.6,1.0,1.4,0,205.2,0
2017-03-10 16:21:00,3,37,20.9,59,8.9,1017.6,0.3,0.7,0,205.2,0
2017-03-10 16:24:00,3,37,20.9,59,8.9,1017.6,0.3,0.7,0,205.2,0
2017-03-10 16:27:00,3,37,20.9,59,8.8,1017.6,0.7,1.0,14,205.2,0
2017-03-10 16:30:00,3,37,20.9,60,8.8,1017.7,0,0,14,205.2,0
2017-03-10 16:33:00,3,37,20.9,60,8.8,1017.7,0.7,1.0,12,205.2,0
2017-03-10 16:36:00,3,37,20.9,60,8.7,1017.7,0,0,14,205.2,0
2017-03-10 16:39:00,3,37,20.9,60,8.7,1017.7,1.4,2.4,14,205.2,0
2017-03-10 16:42:00,3,37,20.9,60,8.7,1017.8,0.3,0.7,0,205.2,0
2017-03-10 16:45:00,3,37,20.9,60,8.7,1017.7,0.7,1.0,0,205.2,0
2017-03-10 16:48:00,3,37,20.9,60,8.7,1017.7,0.7,1.0,14,205.2,0
2017-03-10 16:51:00,3,37,20.9,60,8.6,1017.8,0.7,1.0,14,205.2,0
2017-03-10 16:54:00,3,37,20.9,60,8.6,1017.8,0.3,0.7,0,205.2,0
2017-03-10 16:57:00,3,37,20.9,60,8.6,1017.8,0.3,0.7,12,205.2,0
2017-03-10 17:00:00,3,37,20.9,60,8.5,1017.8,0,0.3,14,205.2,0
2017-03-10 17:03:00,3,37,20.9,60,8.5,1017.9,0,0.3,14,205.2,0
2017-03-10 17:06:00,3,37,20.9,60,8.5,1017.9,0,0.3,14,205.2,0
2017-03-10 17:09:00,3,37,20.9,60,8.5,1017.9,0.7,1.4,14,205.2,0
2017-03-10 17:12:00,3,37,20.9,60,8.5,1017.9,0,0,14,205.2,0
2017-03-10 17:15:00,3,37,20.9,60,8.5,1018.0,0.3,0.7,14,205.2,0
2017-03-10 17:18:00,3,37,20.9,60,8.4,1017.9,0.3,0.7,14,205.2,0
2017-03-10 17:21:00,3,37,20.9,60,8.4,1018.0,0,0.3,14,205.2,0
2017-03-10 17:24:00,3,37,20.9,60,8.4,1018.0,0.3,0.7,12,205.2,0
2017-03-10 17:27:00,3,37,20.9,60,8.4,1018.0,0.3,0.7,12,205.2,0
2017-03-10 17:30:00,3,37,20.9,60,8.3,1018.1,0,0,10,205.2,0
2017-03-10 17:33:00,3,37,20.9,60,8.3,1018.0,0,0,14,205.2,0
2017-03-10 17:36:00,3,37,20.9,60,8.3,1018.1,0,0,14,205.2,0
2017-03-10 17:39:00,3,37,20.9,60,8.2,1018.1,0,0,14,205.2,0
2017-03-10 17:42:00,3,37,20.9,60,8.2,1018.1,0,0,14,205.2,0
2017-03-10 17:45:00,3,37,20.9,61,8.1,1018.2,0,0,14,205.2,0
2017-03-10 17:48:00,3,37,20.9,61,8.1,1018.1,0,0,14,205.2,0
2017-03-10 17:51:00,3,37,20.9,61,8.0,1018.2,0,0,14,205.2,0
2017-03-10 17:54:00,3,37,20.9,62,7.9,1018.2,0,0,14,205.2,0
2017-03-10 17:57:00,3,37,20.9,62,7.9,1018.2,0,0,14,205.2,0
2017-03-10 18:00:00,3,37,20.9,63,7.8,1018.2,0,0,14,205.2,0
2017-03-10 18:03:00,3,37,20.9,63,7.7,1018.3,0,0,14,205.2,0
2017-03-10 18:06:00,3,37,20.9,64,7.7,1018.1,0,0,14,205.2,0
2017-03-10 18:09:00,3,37,20.9,64,7.6,1018.3,0,0,14,205.2,0
2017-03-10 18:12:00,3,37,20.9,64,7.5,1018.3,0,0,14,205.2,0
2017-03-10 18:15:00,3,37,20.9,64,7.5,1018.3,0,0,14,205.2,0
2017-03-10 18:18:00,3,37,20.9,68,7.4,1018.4,0,0,14,205.2,0
2017-03-10 18:21:00,3,37,20.9,69,7.4,1018.5,0,0,14,205.2,0
2017-03-10 18:24:00,3,36,21.0,69,7.3,1018.5,0,0,14,205.2,0
2017-03-10 18:27:00,3,37,20.9,70,7.3,1018.5,0,0,14,205.2,0
2017-03-10 18:30:00,3,37,20.9,70,7.2,1018.6,0,0,14,205.2,0
2017-03-10 18:33:00,3,37,20.9,71,7.2,1018.6,0,0,14,205.2,0
2017-03-10 18:36:00,3,36,21.0,71,7.1,1018.6,0,0,14,205.2,0
2017-03-10 18:39:00,3,36,21.0,71,7.1,1018.6,0,0,14,205.2,0
2017-03-10 18:42:00,3,36,21.0,71,7.1,1018.6,0,0,14,205.2,0
2017-03-10 18:45:00,3,37,20.9,71,7.0,1018.5,0,0,14,205.2,0
2017-03-10 18:48:00,3,37,20.9,72,7.0,1018.7,0,0,14,205.2,0
2017-03-10 18:51:00,3,36,21.0,72,7.0,1018.7,0,0,14,205.2,0
2017-03-10 18:54:00,3,36,21.0,72,7.0,1018.8,0,0,14,205.2,0
2017-03-10 18:57:00,3,36,21.0,72,7.0,1018.9,0,0,14,205.2,0
2017-03-10 19:00:00,3,36,21.0,72,7.0,1018.8,0,0,14,205.2,0
2017-03-10 19:03:00,3,37,20.9,72,7.0,1018.8,0,0,14,205.2,0
2017-03-10 19:06:00,3,36,21.0,72,7.0,1018.9,0,0,14,205.2,0
2017-03-10 19:09:00,3,36,21.0,73,6.9,1018.9,0,0,14,205.2,0
2017-03-10 19:12:00,3,37,21.0,73,6.8,1018.8,0,0,14,205.2,0
2017-03-10 19:15:00,3,37,21.0,73,6.8,1018.9,0,0,14,205.2,0
2017-03-10 19:18:00,3,36,21.0,74,6.8,1018.9,0,0,14,205.2,0
2017-03-10 19:21:00,3,37,21.0,74,6.7,1018.7,0,0,12,205.2,0
2017-03-10 19:24:00,3,37,21.0,74,6.7,1018.9,0,0,12,205.2,0
2017-03-10 19:27:00,3,37,21.0,74,6.7,1018.9,0,0,12,205.2,0
2017-03-10 19:30:00,3,37,21.0,74,6.7,1018.9,0,0,12,205.2,0
2017-03-10 19:33:00,3,37,21.0,74,6.6,1019.0,0,0,12,205.2,0
2017-03-10 19:36:00,3,37,21.0,74,6.6,1018.8,0,0,12,205.2,0
2017-03-10 19:39:00,3,37,21.0,74,6.5,1018.8,0,0,12,205.2,0
2017-03-10 19:42:00,3,37,21.0,74,6.4,1019.0,0,0,12,205.2,0
2017-03-10 19:45:00,3,37,21.0,75,6.4,1019.0,0,0,12,205.2,0
2017-03-10 19:48:00,3,37,21.0,75,6.3,1019.0,0,0,12,205.2,0
2017-03-10 19:51:00,3,37,21.0,75,6.2,1019.0,0,0,12,205.2,0
2017-03-10 19:54:00,3,37,21.0,75,6.2,1018.9,0,0,12,205.2,0
2017-03-10 19:57:00,3,37,21.0,75,6.2,1019.0,0,0,12,205.2,0
2017-03-10 20:00:00,3,37,21.0,75,6.2,1019.1,0,0,12,205.2,0
2017-03-10 20:03:00,3,37,21.0,75,6.2,1019.1,0,0,12,205.2,0
2017-03-10 20:06:00,3,37,21.0,75,6.3,1019.0,0.3,0.7,10,205.2,0
2017-03-10 20:09:00,3,37,21.0,74,6.5,1019.0,0,0.3,14,205.2,0
2017-03-10 20:12:00,3,37,21.0,73,6.6,1019.0,0.7,1.0,14,205.2,0
2017-03-10 20:15:00,3,37,21.0,72,6.6,1019.0,0.3,0.7,12,205.2,0
2017-03-10 20:18:00,3,37,21.0,72,6.7,1019.1,0,0.3,12,205.2,0
2017-03-10 20:21:00,3,37,21.0,72,6.7,1018.9,0,0.3,14,205.2,0
2017-03-10 20:24:00,3,37,21.0,72,6.6,1019.0,0,0.3,14,205.2,0
2017-03-10 20:27:00,3,37,21.0,72,6.6,1018.9,0,0,14,205.2,0
2017-03-10 20:30:00,3,37,21.0,72,6.5,1019.0,0,0.3,12,205.2,0
2017-03-10 20:33:00,3,37,21.0,72,6.6,1019.0,0.3,0.7,12,205.2,0
2017-03-10 20:36:00,3,37,21.0,72,6.6,1019.0,0.3,0.7,13,205.2,0
2017-03-10 20:39:00,3,37,21.0,72,6.7,1019.0,0,0.7,14,205.2,0
2017-03-10 20:42:00,3,37,21.0,72,6.7,1019.0,0,0.3,0,205.2,0
2017-03-10 20:45:00,3,37,21.0,71,6.7,1019.0,0.7,1.0,0,205.2,0
2017-03-10 20:48:00,3,37,21.0,71,6.8,1019.0,0.7,1.4,14,205.2,0
2017-03-10 20:51:00,3,37,21.0,71,6.9,1019.0,0.3,0.7,11,205.2,0
2017-03-10 20:54:00,3,37,21.0,71,7.0,1019.0,0.7,1.0,14,205.2,0
2017-03-10 20:57:00,3,37,21.0,71,7.0,1019.0,1.4,1.7,13,205.2,0
2017-03-10 21:00:00,3,37,21.0,70,7.1,1019.0,0.7,1.0,14,205.2,0
2017-03-10 21:03:00,3,37,21.0,70,7.1,1019.0,0.7,1.0,14,205.2,0
2017-03-10 21:06:00,3,37,21.0,70,7.1,1019.1,0.7,1.0,14,205.2,0
2017-03-10 21:09:00,3,37,21.0,70,7.0,1019.1,0.7,1.0,0,205.2,0
2017-03-10 21:12:00,3,37,21.0,70,6.9,1019.1,0.7,1.0,0,205.2,0
2017-03-10 21:15:00,3,37,21.0,70,6.9,1019.0,1.0,1.4,14,205.2,0
2017-03-10 21:18:00,3,37,21.0,70,6.8,1019.0,1.0,1.4,12,205.2,0
2017-03-10 21:21:00,3,37,21.0,70,6.8,1019.0,0,0.3,14,205.2,0
2017-03-10 21:24:00,3,37,21.0,71,6.7,1019.0,0.7,1.0,14,205.2,0
2017-03-10 21:27:00,3,37,21.0,71,6.6,1019.1,0.3,0.7,14,205.2,0
2017-03-10 21:30:00,3,37,21.0,71,6.5,1019.2,0.3,1.0,14,205.2,0
2017-03-10 21:33:00,3,37,21.0,71,6.4,1019.1,0.7,1.0,12,205.2,0
2017-03-10 21:36:00,3,36,21.0,71,6.4,1019.2,0.7,1.0,14,205.2,0
2017-03-10 21:39:00,3,37,21.0,71,6.3,1019.1,0.3,0.7,14,205.2,0
2017-03-10 21:42:00,3,37,21.0,71,6.2,1019.1,0,0,14,205.2,0
2017-03-10 21:45:00,3,36,21.0,71,6.1,1019.1,0,0,14,205.2,0
2017-03-10 21:48:00,3,37,20.9,72,5.9,1019.2,0,0,14,205.2,0
2017-03-10 21:51:00,3,37,20.9,72,5.8,1019.1,0,0.3,14,205.2,0
2017-03-10 21:54:00,3,37,20.9,72,5.7,1019.1,0.3,0.7,10,205.2,0
2017-03-10 21:57:00,3,37,20.9,73,5.6,1019.1,0,0.3,12,205.2,0
2017-03-10 22:00:00,3,37,20.9,73,5.5,1019.2,0,0,12,205.2,0
2017-03-10 22:03:00,3,37,20.9,73,5.4,1019.1,0,0,12,205.2,0
2017-03-10 22:06:00,3,37,20.9,74,5.4,1019.1,0.7,1.0,12,205.2,0
2017-03-10 22:09:00,3,37,20.9,74,5.4,1019.2,0,0,14,205.2,0
2017-03-10 22:12:00,3,37,20.9,74,5.4,1019.2,0,0.3,14,205.2,0
2017-03-10 22:15:00,3,37,20.9,75,5.4,1019.1,0.3,0.7,14,205.2,0
2017-03-10 22:18:00,3,37,20.9,75,5.4,1019.3,0,0.3,14,205.2,0
2017-03-10 22:21:00,3,37,20.9,75,5.5,1019.1,0.7,1.0,5,205.2,0
2017-03-10 22:24:00,3,37,20.9,75,5.5,1019.2,1.0,1.4,14,205.2,0
2017-03-10 22:27:00,3,37,20.9,75,5.6,1019.2,0,0.3,14,205.2,0
2017-03-10 22:30:00,3,37,20.8,75,5.6,1019.2,0.3,0.7,12,205.2,0
2017-03-10 22:33:00,3,37,20.8,75,5.6,1019.2,0,0.3,14,205.2,0
2017-03-10 22:36:00,3,37,20.8,75,5.6,1019.3,0,0.3,12,205.2,0
2017-03-10 22:39:00,3,37,20.7,75,5.7,1019.3,1.4,2.0,10,205.2,0
2017-03-10 22:42:00,3,37,20.7,75,5.7,1019.4,0,0.3,0,205.2,0
2017-03-10 22:45:00,3,37,20.7,75,5.7,1019.3,1.0,1.4,10,205.2,0
2017-03-10 22:48:00,3,37,20.7,74,5.7,1019.3,0,0.3,10,205.2,0
2017-03-10 22:51:00,3,37,20.7,74,5.7,1019.3,0.7,1.0,14,205.2,0
2017-03-10 22:54:00,3,37,20.7,74,5.8,1019.3,0.3,1.0,0,205.2,0
2017-03-10 22:57:00,3,37,20.7,74,5.8,1019.4,0.3,0.7,14,205.2,0
2017-03-10 23:00:00,3,37,20.7,73,5.8,1019.3,0.7,1.0,15,205.2,0
2017-03-10 23:03:00,3,37,20.6,73,5.8,1019.3,0.7,1.0,15,205.2,0
2017-03-10 23:06:00,3,37,20.6,73,5.8,1019.3,0.7,1.0,15,205.2,0
2017-03-10 23:09:00,3,37,20.6,73,5.9,1019.4,0.3,1.0,12,205.2,0
2017-03-10 23:12:00,3,37,20.6,73,5.9,1019.4,0.3,1.0,14,205.2,0
2017-03-10 23:15:00,3,37,20.6,73,5.9,1019.4,0.7,1.0,6,205.2,0
2017-03-10 23:18:00,3,37,20.6,73,5.9,1019.4,0.7,1.0,14,205.2,0
2017-03-10 23:21:00,3,37,20.6,73,5.9,1019.5,0.3,0.7,14,205.2,0
2017-03-10 23:24:00,3,37,20.6,73,5.9,1019.4,0.7,1.0,14,205.2,0
2017-03-10 23:27:00,3,36,20.6,73,5.9,1019.5,1.4,2.0,14,205.2,0
2017-03-10 23:30:00,3,36,20.5,73,5.9,1019.5,0.3,0.7,14,205.2,0
2017-03-10 23:33:00,3,36,20.5,73,5.9,1019.6,0.7,1.0,12,205.2,0
2017-03-10 23:36:00,3,36,20.5,73,5.8,1019.5,0,0.7,14,205.2,0
2017-03-10 23:39:00,3,36,20.5,73,5.8,1019.6,0.3,0.7,15,205.2,0
2017-03-10 23:42:00,3,36,20.5,73,5.8,1019.7,0.3,0.7,0,205.2,0
2017-03-10 23:45:00,3,36,20.5,73,5.8,1019.6,0.7,1.0,14,205.2,0
2017-03-10 23:48:00,3,36,20.5,73,5.7,1019.6,0.7,1.0,14,205.2,0
2017-03-10 23:51:00,3,36,20.4,73,5.7,1019.6,0.7,1.0,12,205.2,0
2017-03-10 23:54:00,3,36,20.4,73,5.7,1019.7,0,0.3,12,205.2,0
2017-03-10 23:57:00,3,36,20.4,73,5.7,1019.6,1.0,1.4,14,205.2,0
