2017-07-03 00:02:59,3,59,21.1,81,12.1,1012.9,0,0.3,12,417.3,0
2017-07-03 00:05:59,3,59,21.1,81,12.1,1012.8,0,0.3,12,417.3,0
2017-07-03 00:08:59,3,59,21.0,82,11.9,1012.8,0,0,14,417.3,0
2017-07-03 00:11:59,3,59,21.0,82,11.9,1012.9,0,0,14,417.3,0
2017-07-03 00:14:59,3,59,21.1,82,11.8,1012.9,0,0.3,14,417.3,0
2017-07-03 00:17:59,3,59,21.1,82,11.7,1013.0,0.3,0.7,8,417.3,0
2017-07-03 00:20:59,3,59,21.0,83,11.7,1013.0,0.3,0.7,12,417.3,0
2017-07-03 00:23:59,3,59,21.0,83,11.7,1013.0,0.7,1.0,12,417.3,0
2017-07-03 00:26:59,3,59,21.0,84,11.7,1013.0,0.3,0.7,10,417.3,0
2017-07-03 00:29:59,3,59,21.0,84,11.7,1012.9,1.4,2.0,12,417.3,0
2017-07-03 00:32:59,3,59,21.0,84,11.7,1013.0,0.7,1.0,10,417.3,0
2017-07-03 00:35:59,3,59,21.0,84,11.7,1013.0,0.7,1.0,12,417.3,0
2017-07-03 00:38:59,3,59,21.0,84,11.7,1013.0,0.3,0.7,11,417.3,0
2017-07-03 00:41:59,3,59,21.0,83,11.7,1013.1,0.3,0.7,9,417.3,0
2017-07-03 00:44:59,3,59,21.0,83,11.7,1013.1,0.3,0.7,12,417.3,0
2017-07-03 00:47:59,3,59,21.0,83,11.7,1013.0,0.3,0.7,10,417.3,0
2017-07-03 00:50:59,3,60,20.9,83,11.6,1013.1,0.7,1.0,10,417.3,0
2017-07-03 00:53:59,3,60,20.9,84,11.6,1013.1,0.3,0.7,12,417.3,0
2017-07-03 00:56:59,3,60,20.9,84,11.6,1013.1,0.7,1.0,12,417.3,0
2017-07-03 00:59:59,3,60,20.9,84,11.6,1013.1,0,0.3,12,417.3,0
2017-07-03 01:02:59,3,60,20.9,84,11.6,1013.1,0.3,0.7,10,417.3,0
2017-07-03 01:05:59,3,60,20.9,84,11.5,1013.2,0.7,1.0,14,417.3,0
2017-07-03 01:08:59,3,60,20.9,84,11.4,1013.1,0,0,14,417.3,0
2017-07-03 01:11:59,3,60,20.9,84,11.3,1013.2,0,0.3,10,417.3,0
2017-07-03 01:14:59,3,60,20.9,85,11.3,1013.2,0.3,0.7,10,417.3,0
2017-07-03 01:17:59,3,60,20.9,85,11.3,1013.2,0.3,0.3,10,417.3,0
2017-07-03 01:20:59,3,60,20.9,85,11.2,1013.2,0.3,0.7,12,417.3,0
2017-07-03 01:23:59,3,60,20.9,85,11.2,1013.1,0.7,1.4,10,417.3,0
2017-07-03 01:26:59,3,60,20.9,86,11.2,1013.1,0.7,1.0,10,417.3,0
2017-07-03 01:29:59,3,60,20.9,86,11.2,1013.1,0.7,1.0,10,417.3,0
2017-07-03 01:32:59,3,60,20.9,86,11.2,1013.0,1.0,1.4,12,417.3,0
2017-07-03 01:35:59,3,60,20.8,85,11.2,1013.0,1.0,1.4,12,417.3,0
2017-07-03 01:38:59,3,60,20.8,85,11.2,1013.0,0.7,1.0,10,417.3,0
2017-07-03 01:41:59,3,60,20.8,85,11.2,1013.2,0.3,0.7,10,417.3,0
2017-07-03 01:44:59,3,60,20.8,85,11.2,1013.2,0.3,0.7,10,417.3,0
2017-07-03 01:47:59,3,60,20.8,85,11.1,1013.2,0.7,1.0,12,417.3,0
2017-07-03 01:50:59,3,60,20.7,85,11.1,1013.1,0.7,1.0,10,417.3,0
2017-07-03 01:53:59,3,60,20.7,85,11.0,1013.2,0.7,1.0,10,417.3,0
2017-07-03 01:56:59,3,60,20.7,85,11.0,1013.2,0.7,0.7,10,417.3,0
2017-07-03 01:59:59,3,60,20.7,86,10.9,1013.1,0.3,0.7,10,417.3,0
2017-07-03 02:02:59,3,60,20.7,86,10.9,1013.2,0.3,0.7,10,417.3,0
2017-07-03 02:05:59,3,60,20.7,86,10.9,1013.3,0.3,0.7,10,417.3,0
2017-07-03 02:08:59,3,60,20.7,86,10.7,1013.2,0.3,0.7,10,417.3,0
2017-07-03 02:11:59,3,60,20.7,87,10.7,1013.2,0.3,0.7,10,417.3,0
2017-07-03 02:14:59,3,60,20.7,87,10.6,1013.3,1.0,1.4,12,417.3,0
2017-07-03 02:17:59,3,60,20.7,87,10.6,1013.2,0.3,0.7,14,417.3,0
2017-07-03 02:20:59,3,60,20.7,87,10.6,1013.3,0.3,0.7,10,417.3,0
2017-07-03 02:23:59,3,60,20.7,88,10.6,1013.3,0.3,0.7,12,417.3,0
2017-07-03 02:26:59,3,60,20.6,88,10.6,1013.3,0.7,1.0,10,417.3,0
2017-07-03 02:29:59,3,60,20.6,88,10.6,1013.4,0.3,0.7,12,417.3,0
2017-07-03 02:32:59,3,60,20.6,88,10.6,1013.4,0.3,0.7,12,417.3,0
2017-07-03 02:35:59,3,60,20.6,88,10.6,1013.4,0.3,0.7,10,417.3,0
2017-07-03 02:38:59,3,60,20.6,88,10.6,1013.4,0.7,1.0,10,417.3,0
2017-07-03 02:41:59,3,60,20.6,88,10.6,1013.5,0.7,0.7,10,417.3,0
2017-07-03 02:44:59,3,60,20.6,88,10.6,1013.5,0.7,1.0,10,417.3,0
2017-07-03 02:47:59,3,60,20.6,88,10.6,1013.6,0.3,0.7,12,417.3,0
2017-07-03 02:50:59,3,60,20.6,88,10.6,1013.6,0.7,1.0,10,417.3,0
2017-07-03 02:53:59,3,60,20.6,88,10.6,1013.5,0.7,0.7,10,417.3,0
2017-07-03 02:56:59,3,60,20.6,88,10.6,1013.5,0.7,0.7,10,417.3,0
2017-07-03 02:59:59,3,60,20.6,88,10.6,1013.6,0.3,0.7,12,417.3,0
2017-07-03 03:02:59,3,60,20.6,88,10.6,1013.5,0.7,0.7,10,417.3,0
2017-07-03 03:05:59,3,60,20.5,88,10.6,1013.6,0.7,1.0,10,417.3,0
2017-07-03 03:08:59,3,60,20.5,88,10.6,1013.5,0.7,1.4,12,417.3,0
2017-07-03 03:11:59,3,60,20.5,88,10.6,1013.6,0.7,1.0,10,417.3,0
2017-07-03 03:14:59,3,60,20.5,88,10.6,1013.6,1.0,1.4,12,417.3,0
2017-07-03 03:17:59,3,60,20.5,88,10.6,1013.7,0.3,0.7,12,417.3,0
2017-07-03 03:20:59,3,60,20.5,88,10.6,1013.6,0.7,1.0,12,417.3,0
2017-07-03 03:23:59,3,60,20.5,88,10.6,1013.6,0.3,0.7,10,417.3,0
2017-07-03 03:26:59,3,60,20.5,88,10.6,1013.6,0.3,0.7,12,417.3,0
2017-07-03 03:29:59,3,60,20.5,88,10.6,1013.7,0.7,1.0,10,417.3,0
2017-07-03 03:32:59,3,60,20.5,88,10.6,1013.6,0.3,0.7,11,417.3,0
2017-07-03 03:35:59,3,60,20.5,88,10.6,1013.6,0.7,1.0,12,417.3,0
2017-07-03 03:38:59,3,60,20.5,88,10.6,1013.7,0.7,1.0,10,417.3,0
2017-07-03 03:41:59,3,60,20.5,88,10.7,1013.7,0.7,1.0,10,417.3,0
2017-07-03 03:44:59,3,60,20.5,88,10.7,1013.8,1.0,1.7,12,417.3,0
2017-07-03 03:47:59,3,60,20.4,88,10.8,1013.8,0.7,1.0,12,417.3,0
2017-07-03 03:50:59,3,60,20.4,88,10.8,1013.8,1.0,1.7,12,417.3,0
2017-07-03 03:53:59,3,60,20.4,88,10.8,1013.8,0.3,0.7,12,417.3,0
2017-07-03 03:56:59,3,60,20.4,88,10.9,1013.8,1.0,1.4,14,417.3,0
2017-07-03 03:59:59,3,60,20.4,87,10.9,1013.9,1.0,1.4,10,417.3,0
2017-07-03 04:02:59,3,60,20.4,87,10.9,1013.8,1.0,1.4,10,417.3,0
2017-07-03 04:05:59,3,60,20.4,87,10.9,1013.8,1.0,1.4,10,417.3,0
2017-07-03 04:08:59,3,60,20.4,86,11.1,1013.9,1.4,2.0,10,417.3,0
2017-07-03 04:11:59,3,60,20.4,86,11.2,1013.9,1.0,1.4,12,417.3,0
2017-07-03 04:14:59,3,60,20.4,86,11.3,1014.0,1.4,1.7,10,417.3,0
2017-07-03 04:17:59,3,60,20.4,85,11.4,1013.8,0.7,1.0,12,417.3,0
2017-07-03 04:20:59,3,60,20.4,85,11.4,1013.8,0.7,1.4,10,417.3,0
2017-07-03 04:23:59,3,60,20.4,85,11.5,1013.8,1.4,1.7,12,417.3,0
2017-07-03 04:26:59,3,60,20.4,84,11.6,1013.9,1.0,1.4,12,417.3,0
2017-07-03 04:29:59,3,60,20.4,84,11.7,1014.0,1.0,1.4,10,417.3,0
2017-07-03 04:32:59,3,59,20.4,84,11.9,1013.9,1.7,2.0,10,417.3,0
2017-07-03 04:35:59,3,59,20.3,83,12.4,1013.8,0.7,1.0,10,417.3,0
2017-07-03 04:38:59,3,59,20.3,80,13.0,1013.9,0.7,1.0,14,417.3,0
2017-07-03 04:41:59,3,59,20.3,78,13.3,1013.9,1.0,1.4,8,417.3,0
2017-07-03 04:44:59,3,59,20.3,76,13.7,1013.9,0.7,1.0,10,417.3,0
2017-07-03 04:47:59,3,59,20.3,75,13.9,1013.9,1.0,1.4,10,417.3,0
2017-07-03 04:50:59,3,59,20.3,74,14.1,1013.8,0.7,1.0,12,417.3,0
2017-07-03 04:53:59,3,59,20.3,73,14.2,1013.8,1.0,1.7,12,417.3,0
2017-07-03 04:56:59,3,59,20.3,73,14.2,1013.8,1.0,1.7,12,417.3,0
2017-07-03 04:59:59,3,59,20.3,72,14.3,1013.9,1.0,1.7,12,417.3,0
2017-07-03 05:02:59,3,59,20.3,72,14.2,1013.9,1.0,1.4,10,417.3,0
2017-07-03 05:05:59,3,59,20.3,72,13.9,1013.9,0.7,1.0,12,417.3,0
2017-07-03 05:08:59,3,59,20.3,73,13.6,1013.9,1.4,2.0,10,417.3,0
2017-07-03 05:11:59,3,59,20.3,73,13.5,1013.9,1.4,1.7,10,417.3,0
2017-07-03 05:14:59,3,59,20.3,74,13.3,1013.9,0.7,1.4,12,417.3,0
2017-07-03 05:17:59,3,59,20.3,75,13.3,1014.0,1.4,1.7,10,417.3,0
2017-07-03 05:20:59,3,59,20.3,75,13.2,1014.0,1.0,1.4,12,417.3,0
2017-07-03 05:23:59,3,60,20.3,76,13.3,1014.1,0.7,1.0,14,417.3,0
2017-07-03 05:26:59,3,60,20.3,76,13.3,1014.1,1.0,1.7,14,417.3,0
2017-07-03 05:29:59,3,60,20.3,76,13.3,1014.0,2.0,3.1,12,417.3,0
2017-07-03 05:32:59,3,60,20.3,75,13.3,1014.1,1.4,2.0,12,417.3,0
2017-07-03 05:35:59,3,60,20.3,76,13.4,1014.1,1.0,1.4,0,417.3,0
2017-07-03 05:38:59,3,60,20.3,76,13.5,1014.2,1.0,1.7,12,417.3,0
2017-07-03 05:41:59,3,60,20.3,75,13.5,1014.2,1.4,2.0,10,417.3,0
2017-07-03 05:44:59,3,60,20.3,75,13.6,1014.2,0.7,1.4,10,417.3,0
2017-07-03 05:47:59,3,61,20.4,76,13.6,1014.2,0.7,1.0,14,417.3,0
2017-07-03 05:50:59,3,61,20.4,76,13.8,1014.2,1.0,1.4,12,417.3,0
2017-07-03 05:53:59,3,60,20.6,75,14.1,1014.2,0.7,1.0,12,417.3,0
2017-07-03 05:56:59,3,60,20.7,75,14.4,1014.3,0.7,1.4,12,417.3,0
2017-07-03 05:59:59,3,60,20.9,74,14.7,1014.2,1.4,2.0,12,417.3,0
2017-07-03 06:02:59,3,58,21.1,74,14.7,1014.3,1.4,2.0,12,417.3,0
2017-07-03 06:05:59,3,58,21.1,74,14.7,1014.4,1.4,2.0,12,417.3,0
2017-07-03 06:08:59,3,58,21.2,72,15.1,1014.4,0.7,1.0,12,417.3,0
2017-07-03 06:11:59,3,57,21.3,72,15.3,1014.5,1.0,1.7,12,417.3,0
2017-07-03 06:14:59,3,57,21.3,72,15.5,1014.4,0.7,1.0,12,417.3,0
2017-07-03 06:17:59,3,57,21.5,72,15.9,1014.5,0.7,1.0,10,417.3,0
2017-07-03 06:20:59,3,57,21.5,71,16.0,1014.5,2.4,3.1,14,417.3,0
2017-07-03 06:23:59,3,57,21.6,70,15.9,1014.6,1.4,2.0,12,417.3,0
2017-07-03 06:26:59,3,57,21.7,71,15.9,1014.5,0.7,1.0,12,417.3,0
2017-07-03 06:29:59,3,57,21.7,71,15.9,1014.7,1.4,2.0,12,417.3,0
2017-07-03 06:32:59,3,57,21.8,71,16.0,1014.6,0.7,1.0,12,417.3,0
2017-07-03 06:35:59,3,57,21.8,71,15.9,1014.6,0.7,1.4,14,417.3,0
2017-07-03 06:38:59,3,57,21.9,71,16.0,1014.6,1.0,1.7,12,417.3,0
2017-07-03 06:41:59,3,56,21.9,71,16.0,1014.6,0.7,0.7,14,417.3,0
2017-07-03 06:44:59,3,55,22.0,70,16.3,1014.6,1.4,2.0,14,417.3,0
2017-07-03 06:47:59,3,55,22.1,70,16.4,1014.6,1.7,2.4,14,417.3,0
2017-07-03 06:50:59,3,55,22.1,70,16.5,1014.6,1.4,2.0,8,417.3,0
2017-07-03 06:53:59,3,55,22.1,70,16.9,1014.5,1.0,1.7,14,417.3,0
2017-07-03 06:56:59,3,56,21.9,67,17.0,1014.6,2.7,3.7,10,417.3,0
2017-07-03 06:59:59,3,56,21.9,67,16.8,1014.5,1.4,3.1,10,417.3,0
2017-07-03 07:02:59,3,56,21.8,66,16.9,1014.4,2.0,3.7,12,417.3,0
2017-07-03 07:05:59,3,56,21.8,66,16.9,1014.5,1.7,2.4,14,417.3,0
2017-07-03 07:08:59,3,56,21.7,67,17.1,1014.5,1.0,1.7,10,417.3,0
2017-07-03 07:11:59,3,56,21.7,65,17.2,1014.5,1.0,1.4,10,417.3,0
2017-07-03 07:14:59,3,56,21.7,65,17.3,1014.5,1.0,1.4,10,417.3,0
2017-07-03 07:17:59,3,56,21.7,61,17.5,1014.4,3.1,4.1,10,417.3,0
2017-07-03 07:20:59,3,56,21.6,63,17.4,1014.5,2.4,3.7,10,417.3,0
2017-07-03 07:23:59,3,56,21.6,62,17.3,1014.5,4.1,5.1,12,417.3,0
2017-07-03 07:26:59,3,56,21.6,63,17.2,1014.5,1.7,2.4,10,417.3,0
2017-07-03 07:29:59,3,56,21.5,62,17.0,1014.5,3.1,4.1,10,417.3,0
2017-07-03 07:32:59,3,56,21.5,62,17.0,1014.4,2.0,3.1,14,417.3,0
2017-07-03 07:35:59,3,56,21.5,62,17.0,1014.4,1.0,1.4,14,417.3,0
2017-07-03 07:38:59,3,56,21.5,63,17.1,1014.4,1.7,2.0,10,417.3,0
2017-07-03 07:41:59,3,56,21.5,62,17.0,1014.4,3.1,4.8,14,417.3,0
2017-07-03 07:44:59,3,56,21.5,61,17.1,1014.4,1.7,2.7,12,417.3,0
2017-07-03 07:47:59,3,57,21.5,61,17.1,1014.4,1.0,2.0,12,417.3,0
2017-07-03 07:50:59,3,57,21.5,61,17.1,1014.4,1.0,2.7,14,417.3,0
2017-07-03 07:53:59,3,57,21.6,60,17.2,1014.4,3.1,4.1,12,417.3,0
2017-07-03 07:56:59,3,57,21.7,57,17.5,1014.5,1.0,1.4,2,417.3,0
2017-07-03 07:59:59,3,57,21.8,55,17.6,1014.5,1.4,1.7,13,417.3,0
2017-07-03 08:02:59,3,56,21.8,55,17.6,1014.5,1.4,1.7,13,417.3,0
2017-07-03 08:05:59,3,56,21.9,55,17.6,1014.4,1.4,1.7,13,417.3,0
2017-07-03 08:08:59,3,55,22.0,60,17.4,1014.4,1.7,2.4,12,417.3,0
2017-07-03 08:11:59,3,54,22.1,56,17.5,1014.5,1.7,2.4,10,417.3,0
2017-07-03 08:14:59,3,54,22.1,57,17.6,1014.4,1.4,2.0,10,417.3,0
2017-07-03 08:17:59,3,54,22.2,57,17.8,1014.4,1.4,1.7,14,417.3,0
2017-07-03 08:20:59,3,54,22.2,54,17.8,1014.5,1.4,1.7,12,417.3,0
2017-07-03 08:23:59,3,54,22.3,53,17.8,1014.4,1.4,1.7,12,417.3,0
2017-07-03 08:26:59,3,54,22.3,53,18.0,1014.5,1.4,2.4,12,417.3,0
2017-07-03 08:29:59,3,55,22.3,53,18.2,1014.5,2.7,3.4,14,417.3,0
2017-07-03 08:32:59,3,54,22.3,53,18.3,1014.5,1.4,2.0,0,417.3,0
2017-07-03 08:35:59,3,54,22.5,53,18.4,1014.5,1.4,2.4,14,417.3,0
2017-07-03 08:38:59,3,54,22.5,53,18.4,1014.5,2.7,4.8,10,417.3,0
2017-07-03 08:41:59,3,54,22.5,52,18.2,1014.6,2.4,3.1,10,417.3,0
2017-07-03 08:44:59,3,53,22.6,53,17.9,1014.6,1.4,1.7,10,417.3,0
2017-07-03 08:47:59,3,53,22.6,54,17.9,1014.6,1.0,1.7,12,417.3,0
2017-07-03 08:50:59,3,53,22.6,54,17.9,1014.6,2.0,3.1,6,417.3,0
2017-07-03 08:53:59,3,53,22.7,54,18.1,1014.6,1.0,1.7,12,417.3,0
2017-07-03 08:56:59,3,53,22.7,54,18.4,1014.6,2.0,3.1,12,417.3,0
2017-07-03 08:59:59,3,53,22.7,54,18.5,1014.6,2.7,3.4,12,417.3,0
2017-07-03 09:02:59,3,53,22.8,54,18.5,1014.6,2.7,3.7,11,417.3,0
2017-07-03 09:05:59,3,52,22.9,54,18.4,1014.5,1.7,2.0,10,417.3,0
2017-07-03 09:08:59,3,52,22.9,56,18.6,1014.6,1.4,2.0,10,417.3,0
2017-07-03 09:11:59,3,54,23.0,54,18.8,1014.6,1.4,1.7,14,417.3,0
2017-07-03 09:14:59,3,52,22.9,54,18.8,1014.6,0.3,1.4,10,417.3,0
2017-07-03 09:17:59,3,52,22.8,53,19.2,1014.5,2.4,4.1,12,417.3,0
2017-07-03 09:20:59,3,53,22.7,52,19.2,1014.5,1.7,2.0,10,417.3,0
2017-07-03 09:23:59,3,53,22.6,52,19.0,1014.5,1.7,2.0,10,417.3,0
2017-07-03 09:26:59,3,53,22.6,51,18.8,1014.3,1.7,2.4,12,417.3,0
2017-07-03 09:29:59,3,53,22.5,52,19.1,1014.4,1.4,2.4,12,417.3,0
2017-07-03 09:32:59,3,53,22.5,51,18.9,1014.2,1.4,1.7,12,417.3,0
2017-07-03 09:35:59,3,53,22.4,51,18.6,1014.3,2.4,3.1,12,417.3,0
2017-07-03 09:38:59,3,53,22.3,51,18.2,1014.3,2.4,4.1,8,417.3,0
2017-07-03 09:41:59,3,53,22.3,52,18.3,1014.4,1.7,2.0,14,417.3,0
2017-07-03 09:44:59,3,53,22.3,54,18.7,1014.2,0.7,1.4,10,417.3,0
2017-07-03 09:47:59,3,53,22.2,54,19.0,1014.2,1.0,1.4,6,417.3,0
2017-07-03 09:50:59,3,53,22.2,52,19.4,1014.2,2.0,2.4,12,417.3,0
2017-07-03 09:53:59,3,53,22.2,51,19.5,1014.2,1.4,2.0,10,417.3,0
2017-07-03 09:56:59,3,53,22.2,51,19.8,1014.2,1.0,1.7,0,417.3,0
2017-07-03 09:59:59,3,53,22.2,51,19.8,1014.2,1.0,1.4,14,417.3,0
2017-07-03 10:02:59,3,53,22.1,51,19.8,1014.2,1.0,1.4,14,417.3,0
2017-07-03 10:05:59,3,54,22.1,51,19.8,1014.2,1.0,1.4,14,417.3,0
2017-07-03 10:08:59,3,53,22.1,48,20.1,1014.1,2.7,3.4,10,417.3,0
2017-07-03 10:11:59,3,54,22.1,48,19.8,1014.1,1.7,2.7,8,417.3,0
2017-07-03 10:14:59,3,54,22.0,48,19.8,1014.1,3.4,4.8,10,417.3,0
2017-07-03 10:17:59,3,54,22.0,48,19.6,1014.3,2.4,2.7,12,417.3,0
2017-07-03 10:20:59,3,54,22.0,46,19.8,1014.2,2.4,3.4,0,417.3,0
2017-07-03 10:23:59,3,55,21.9,49,19.9,1014.2,1.4,3.4,12,417.3,0
2017-07-03 10:26:59,3,55,21.9,49,20.1,1014.1,1.7,2.4,10,417.3,0
2017-07-03 10:29:59,3,55,21.9,46,20.4,1014.1,3.4,4.4,12,417.3,0
2017-07-03 10:32:59,3,55,21.9,46,20.3,1014.1,1.7,2.4,12,417.3,0
2017-07-03 10:35:59,3,55,21.9,45,20.2,1014.2,1.7,2.0,14,417.3,0
2017-07-03 10:38:59,3,55,21.9,47,20.2,1014.1,0.3,0.7,10,417.3,0
2017-07-03 10:41:59,3,55,21.9,47,20.6,1014.0,1.7,2.7,12,417.3,0
2017-07-03 10:44:59,3,55,21.9,47,20.7,1014.1,2.0,2.7,12,417.3,0
2017-07-03 10:47:59,3,55,21.9,46,20.3,1014.0,1.7,2.4,9,417.3,0
2017-07-03 10:50:59,3,55,21.9,48,20.1,1014.0,0.3,0.7,14,417.3,0
2017-07-03 10:53:59,3,55,21.8,46,20.3,1014.0,0.7,1.0,14,417.3,0
2017-07-03 10:56:59,3,55,21.8,48,20.4,1013.9,1.7,2.4,14,417.3,0
2017-07-03 10:59:59,3,55,21.8,46,20.6,1013.9,1.4,2.4,10,417.3,0
2017-07-03 11:02:59,3,55,21.8,45,20.5,1013.9,1.4,2.0,10,417.3,0
2017-07-03 11:05:59,3,55,21.8,45,20.4,1014.0,1.7,2.4,10,417.3,0
2017-07-03 11:08:59,3,56,21.8,46,20.5,1013.9,2.0,2.7,12,417.3,0
2017-07-03 11:11:59,3,56,21.8,46,20.4,1013.9,1.4,2.0,14,417.3,0
2017-07-03 11:14:59,3,56,21.8,45,20.1,1013.9,1.4,2.0,14,417.3,0
2017-07-03 11:17:59,3,56,21.8,48,20.1,1013.9,0.3,0.7,14,417.3,0
2017-07-03 11:20:59,3,56,21.8,50,20.5,1014.0,1.4,2.4,8,417.3,0
2017-07-03 11:23:59,3,56,21.8,45,20.8,1013.9,2.7,3.4,12,417.3,0
2017-07-03 11:26:59,3,56,21.8,44,20.9,1013.8,1.4,2.0,12,417.3,0
2017-07-03 11:29:59,3,57,21.8,45,21.0,1013.8,2.0,2.4,11,417.3,0
2017-07-03 11:32:59,3,57,21.8,44,21.0,1013.8,0.7,1.4,12,417.3,0
2017-07-03 11:35:59,3,57,21.9,46,20.9,1013.8,0.7,1.4,10,417.3,0
2017-07-03 11:38:59,3,57,21.9,46,20.8,1013.8,1.4,1.7,14,417.3,0
2017-07-03 11:41:59,3,57,21.9,45,20.8,1013.8,0.7,1.4,12,417.3,0
2017-07-03 11:44:59,3,57,21.9,46,20.9,1013.7,1.0,1.7,14,417.3,0
2017-07-03 11:47:59,3,57,21.9,44,21.1,1013.7,2.4,2.7,4,417.3,0
2017-07-03 11:50:59,3,57,21.9,43,21.0,1013.8,2.0,2.7,12,417.3,0
2017-07-03 11:53:59,3,57,21.9,43,20.5,1013.8,2.7,3.4,10,417.3,0
2017-07-03 11:56:59,3,57,21.9,46,20.3,1013.6,0.7,1.0,14,417.3,0
2017-07-03 11:59:59,3,57,21.9,47,20.5,1013.6,1.7,2.4,13,417.3,0
2017-07-03 12:02:59,3,57,21.9,47,20.5,1013.7,1.7,2.4,13,417.3,0
2017-07-03 12:05:59,3,57,21.9,47,20.5,1013.6,1.7,2.4,13,417.3,0
2017-07-03 12:08:59,3,58,21.9,45,20.8,1013.6,2.4,3.4,9,417.3,0
2017-07-03 12:11:59,3,57,22.0,44,20.7,1013.7,2.0,3.7,12,417.3,0
2017-07-03 12:14:59,3,57,22.0,45,20.4,1013.5,1.7,2.4,14,417.3,0
2017-07-03 12:17:59,3,57,22.0,47,20.3,1013.6,1.4,2.0,12,417.3,0
2017-07-03 12:20:59,3,57,22.1,47,20.4,1013.6,2.7,3.1,12,417.3,0
2017-07-03 12:23:59,3,57,22.1,47,20.6,1013.6,1.4,2.0,7,417.3,0
2017-07-03 12:26:59,3,57,22.1,45,21.0,1013.5,1.0,1.7,14,417.3,0
2017-07-03 12:29:59,3,57,22.1,45,21.3,1013.5,1.0,1.7,10,417.3,0
2017-07-03 12:32:59,3,57,22.1,44,21.8,1013.5,0.7,1.0,0,417.3,0
2017-07-03 12:35:59,3,57,22.1,44,22.0,1013.5,0.7,2.0,10,417.3,0
2017-07-03 12:38:59,3,57,22.2,42,22.0,1013.5,2.0,2.7,10,417.3,0
2017-07-03 12:41:59,3,57,22.2,42,21.8,1013.5,2.0,2.7,12,417.3,0
2017-07-03 12:44:59,3,57,22.2,43,21.7,1013.5,1.7,3.1,14,417.3,0
2017-07-03 12:47:59,3,57,22.3,44,21.5,1013.5,0.7,1.4,10,417.3,0
2017-07-03 12:50:59,3,57,22.3,43,21.6,1013.5,2.4,3.4,10,417.3,0
2017-07-03 12:53:59,3,55,22.5,43,21.1,1013.4,0.7,1.4,12,417.3,0
2017-07-03 12:56:59,3,54,22.6,44,20.9,1013.5,1.0,1.7,14,417.3,0
2017-07-03 12:59:59,3,53,22.7,44,20.9,1013.3,1.0,1.7,12,417.3,0
2017-07-03 13:02:59,3,52,22.7,44,21.2,1013.4,1.7,2.4,11,417.3,0
2017-07-03 13:05:59,3,52,22.9,45,21.5,1013.4,1.7,2.4,12,417.3,0
2017-07-03 13:08:59,3,51,22.9,44,21.3,1013.4,1.0,1.7,10,417.3,0
2017-07-03 13:11:59,3,52,23.0,45,21.3,1013.3,1.0,1.7,12,417.3,0
2017-07-03 13:14:59,3,52,23.0,45,21.4,1013.1,1.0,1.7,0,417.3,0
2017-07-03 13:17:59,3,52,23.1,45,21.8,1013.2,1.7,2.0,10,417.3,0
2017-07-03 13:20:59,3,52,23.1,45,22.1,1013.2,2.0,3.1,14,417.3,0
2017-07-03 13:23:59,3,53,23.0,44,22.2,1013.2,1.0,1.4,15,417.3,0
2017-07-03 13:26:59,3,53,23.0,42,22.5,1013.1,0.7,1.7,7,417.3,0
2017-07-03 13:29:59,3,53,23.0,40,22.6,1013.1,1.0,2.0,10,417.3,0
2017-07-03 13:32:59,3,54,23.0,41,22.5,1013.3,1.4,1.7,10,417.3,0
2017-07-03 13:35:59,3,54,23.0,43,22.4,1013.2,1.4,2.0,14,417.3,0
2017-07-03 13:38:59,3,54,23.0,40,22.5,1013.1,2.4,3.1,11,417.3,0
2017-07-03 13:41:59,3,54,23.0,43,22.4,1013.1,1.4,2.0,8,417.3,0
2017-07-03 13:44:59,3,54,23.0,40,22.5,1013.1,3.1,4.1,12,417.3,0
2017-07-03 13:47:59,3,54,23.0,42,22.4,1013.0,2.4,2.7,11,417.3,0
2017-07-03 13:50:59,3,54,23.0,42,22.2,1012.9,2.0,2.7,10,417.3,0
2017-07-03 13:53:59,3,54,23.0,42,22.2,1012.9,1.0,1.7,12,417.3,0
2017-07-03 13:56:59,3,54,23.0,42,22.2,1012.8,1.0,1.7,14,417.3,0
2017-07-03 13:59:59,3,54,23.0,43,22.2,1012.8,1.0,1.4,14,417.3,0
2017-07-03 14:02:59,3,54,23.0,43,22.2,1012.8,1.0,1.4,14,417.3,0
2017-07-03 14:05:59,3,54,23.0,43,22.2,1012.8,1.0,1.4,14,417.3,0
2017-07-03 14:08:59,3,54,23.0,43,22.3,1012.8,1.4,1.7,12,417.3,0
2017-07-03 14:11:59,3,54,23.0,41,22.5,1012.8,1.0,1.4,10,417.3,0
2017-07-03 14:14:59,3,54,23.0,40,22.8,1012.7,1.4,1.7,10,417.3,0
2017-07-03 14:17:59,3,54,23.0,40,22.8,1012.8,1.7,2.0,10,417.3,0
2017-07-03 14:20:59,3,54,23.0,40,22.8,1012.8,2.0,2.7,10,417.3,0
2017-07-03 14:23:59,3,54,23.1,39,22.7,1012.8,2.0,3.1,10,417.3,0
2017-07-03 14:26:59,3,54,23.1,41,22.7,1012.6,1.0,1.4,12,417.3,0
2017-07-03 14:29:59,3,54,23.1,40,22.7,1012.6,1.4,2.4,10,417.3,0
2017-07-03 14:32:59,3,54,23.1,39,22.6,1012.6,2.4,4.4,12,417.3,0
2017-07-03 14:35:59,3,53,23.1,40,22.5,1012.6,1.4,3.4,10,417.3,0
2017-07-03 14:39:00,3,53,23.1,41,22.4,1012.6,2.4,3.7,12,417.3,0
2017-07-03 14:42:00,3,53,23.1,41,22.3,1012.5,2.7,3.4,14,417.3,0
2017-07-03 14:45:00,3,53,23.1,41,22.2,1012.5,1.7,2.4,14,417.3,0
2017-07-03 14:48:00,3,53,23.1,43,22.4,1012.5,1.4,1.7,10,417.3,0
2017-07-03 14:51:00,3,53,23.1,40,22.6,1012.5,2.0,2.7,12,417.3,0
2017-07-03 14:54:00,3,53,23.1,40,22.8,1012.5,1.7,2.7,14,417.3,0
2017-07-03 14:57:00,3,53,23.2,40,23.0,1012.4,1.0,1.7,8,417.3,0
2017-07-03 15:00:00,3,53,23.2,39,23.1,1012.3,1.0,1.4,12,417.3,0
2017-07-03 15:03:00,3,53,23.2,39,23.1,1012.4,1.4,2.0,10,417.3,0
2017-07-03 15:06:00,3,53,23.2,38,23.1,1012.2,1.7,2.7,12,417.3,0
2017-07-03 15:09:00,3,53,23.3,39,22.9,1012.3,1.0,1.7,6,417.3,0
2017-07-03 15:12:00,3,53,23.3,40,22.9,1012.3,1.4,2.0,10,417.3,0
2017-07-03 15:15:00,3,53,23.3,40,22.9,1012.3,2.0,2.7,10,417.3,0
2017-07-03 15:18:00,3,52,23.3,39,22.7,1012.2,1.7,2.4,10,417.3,0
2017-07-03 15:21:00,3,52,23.3,41,22.4,1012.2,2.0,2.4,12,417.3,0
2017-07-03 15:24:00,3,52,23.3,42,22.3,1012.2,2.0,3.1,9,417.3,0
2017-07-03 15:27:00,3,52,23.4,43,22.4,1012.2,1.7,2.7,12,417.3,0
2017-07-03 15:30:00,3,52,23.4,40,22.5,1012.2,1.4,2.4,6,417.3,0
2017-07-03 15:33:00,3,52,23.4,41,22.5,1012.1,0.7,1.0,10,417.3,0
2017-07-03 15:36:00,3,52,23.4,41,22.7,1012.1,1.0,1.7,12,417.3,0
2017-07-03 15:39:00,3,52,23.4,40,22.7,1012.1,1.4,2.0,12,417.3,0
2017-07-03 15:42:00,3,51,23.4,40,22.8,1012.1,0.7,1.0,10,417.3,0
2017-07-03 15:45:00,3,51,23.4,40,22.9,1011.9,1.4,1.7,10,417.3,0
2017-07-03 15:48:00,3,51,23.4,41,23.0,1012.0,1.0,1.4,8,417.3,0
2017-07-03 15:51:00,3,50,23.4,40,23.2,1011.8,1.7,2.7,12,417.3,0
2017-07-03 15:54:00,3,50,23.5,40,23.2,1011.8,0.7,1.0,14,417.3,0
2017-07-03 15:57:00,3,50,23.5,40,23.2,1011.8,1.7,2.7,10,417.3,0
2017-07-03 16:00:00,3,50,23.7,39,23.1,1011.9,1.4,2.0,10,417.3,0
2017-07-03 16:03:00,3,50,23.6,39,23.1,1011.9,1.4,2.0,10,417.3,0
2017-07-03 16:06:00,3,49,23.6,39,23.1,1011.8,1.4,2.0,10,417.3,0
2017-07-03 16:09:00,3,49,23.7,40,23.1,1011.7,1.4,1.7,10,417.3,0
2017-07-03 16:12:00,3,49,23.7,40,23.1,1011.8,1.0,1.4,8,417.3,0
2017-07-03 16:15:00,3,49,23.7,39,23.3,1011.6,1.7,2.4,10,417.3,0
2017-07-03 16:18:00,3,49,23.7,39,23.1,1011.6,1.4,2.0,12,417.3,0
2017-07-03 16:21:00,3,49,23.8,40,23.1,1011.6,1.7,2.0,8,417.3,0
2017-07-03 16:24:00,3,49,23.8,40,23.1,1011.6,1.7,3.1,10,417.3,0
2017-07-03 16:27:00,3,48,23.8,40,22.9,1011.6,2.0,2.4,12,417.3,0
2017-07-03 16:30:00,3,48,23.8,40,22.6,1011.5,2.4,3.4,10,417.3,0
2017-07-03 16:33:00,3,47,23.8,43,22.3,1011.5,1.7,2.4,10,417.3,0
2017-07-03 16:36:00,3,47,23.9,43,22.2,1011.6,2.0,2.7,10,417.3,0
2017-07-03 16:39:00,3,47,23.9,43,22.1,1011.5,1.7,2.0,10,417.3,0
2017-07-03 16:42:00,3,46,23.9,44,21.9,1011.6,0.7,1.0,12,417.3,0
2017-07-03 16:45:00,3,45,24.1,45,21.8,1011.5,1.0,1.4,10,417.3,0
2017-07-03 16:48:00,3,44,24.1,46,21.8,1011.6,0.7,1.0,10,417.3,0
2017-07-03 16:51:00,3,44,24.2,47,21.8,1011.5,0.7,1.4,12,417.3,0
2017-07-03 16:54:00,3,44,24.2,46,21.9,1011.5,1.4,2.0,10,417.3,0
2017-07-03 16:57:00,3,44,24.2,45,21.9,1011.5,1.4,2.0,10,417.3,0
2017-07-03 17:00:00,3,44,24.2,46,21.9,1011.5,1.4,2.0,12,417.3,0
2017-07-03 17:03:00,3,44,24.2,46,21.9,1011.3,1.4,1.7,12,417.3,0
2017-07-03 17:06:00,3,44,24.2,46,21.9,1011.4,2.4,2.7,12,417.3,0
2017-07-03 17:09:00,3,44,24.2,46,21.7,1011.4,1.4,2.0,13,417.3,0
2017-07-03 17:12:00,3,45,24.1,47,21.7,1011.5,1.0,1.7,12,417.3,0
2017-07-03 17:15:00,3,45,24.2,47,21.6,1011.5,1.4,1.7,12,417.3,0
2017-07-03 17:18:00,3,45,24.1,47,21.6,1011.4,1.4,2.0,14,417.3,0
2017-07-03 17:21:00,3,45,24.1,48,21.5,1011.4,0.3,0.7,12,417.3,0
2017-07-03 17:24:00,3,45,24.1,50,21.5,1011.4,0.7,1.0,10,417.3,0
2017-07-03 17:27:00,3,45,24.1,50,21.5,1011.5,0.7,1.0,12,417.3,0
2017-07-03 17:30:00,3,45,24.1,50,21.5,1011.2,0.7,1.4,12,417.3,0
2017-07-03 17:33:00,3,45,24.1,50,21.4,1011.4,0.7,1.0,12,417.3,0
2017-07-03 17:36:00,3,46,24.1,50,21.4,1011.3,1.0,1.4,10,417.3,0
2017-07-03 17:39:00,3,46,24.1,50,21.3,1011.3,1.0,2.0,14,417.3,0
2017-07-03 17:42:00,3,46,24.1,49,21.3,1011.4,1.4,1.7,10,417.3,0
2017-07-03 17:45:00,3,46,24.1,49,21.2,1011.3,1.4,2.0,12,417.3,0
2017-07-03 17:48:00,3,46,24.0,49,21.2,1011.3,1.4,2.4,12,417.3,0
2017-07-03 17:51:00,3,46,24.0,50,21.2,1011.3,0.7,1.4,10,417.3,0
2017-07-03 17:54:00,3,46,24.0,50,21.2,1011.2,0.7,1.0,12,417.3,0
2017-07-03 17:57:00,3,46,24.0,50,21.3,1011.2,1.0,1.4,11,417.3,0
2017-07-03 18:00:00,3,46,24.0,50,21.3,1011.3,0.7,1.0,12,417.3,0
2017-07-03 18:03:00,3,46,24.0,50,21.3,1011.2,0.7,1.0,12,417.3,0
2017-07-03 18:06:00,3,48,23.9,50,21.3,1011.2,0.7,1.0,12,417.3,0
2017-07-03 18:09:00,3,48,23.9,50,21.1,1011.1,2.0,2.4,10,417.3,0
2017-07-03 18:12:00,3,48,23.9,50,21.0,1011.1,0.7,1.0,10,417.3,0
2017-07-03 18:15:00,3,48,23.9,51,20.9,1011.1,0.7,1.0,12,417.3,0
2017-07-03 18:18:00,3,48,23.9,51,20.8,1011.0,0.3,0.7,8,417.3,0
2017-07-03 18:21:00,3,48,23.9,52,20.7,1010.9,0.3,0.7,12,417.3,0
2017-07-03 18:24:00,3,48,23.9,52,20.6,1010.9,0.3,0.7,10,417.3,0
2017-07-03 18:27:00,3,48,23.9,52,20.5,1010.9,0.7,1.0,10,417.3,0
2017-07-03 18:30:00,3,48,23.9,52,20.5,1010.9,0.3,0.7,12,417.3,0
2017-07-03 18:33:00,3,48,23.9,52,20.4,1010.9,1.0,1.7,12,417.3,0
2017-07-03 18:36:00,3,48,23.9,52,20.4,1010.8,0.7,1.0,12,417.3,0
2017-07-03 18:39:00,3,48,23.9,52,20.4,1010.8,0.3,0.7,10,417.3,0
2017-07-03 18:42:00,3,48,23.9,52,20.4,1010.8,0.3,0.7,12,417.3,0
2017-07-03 18:45:00,3,48,23.9,52,20.3,1010.8,0.7,1.0,10,417.3,0
2017-07-03 18:48:00,3,49,23.8,52,20.3,1010.8,0.7,1.0,10,417.3,0
2017-07-03 18:51:00,3,49,23.8,52,20.3,1010.7,0.7,1.0,8,417.3,0
2017-07-03 18:54:00,3,49,23.8,52,20.2,1010.7,0,0.3,10,417.3,0
2017-07-03 18:57:00,3,49,23.8,53,20.2,1010.6,0.3,0.7,8,417.3,0
2017-07-03 19:00:00,3,49,23.8,54,20.1,1010.6,0.3,0.7,8,417.3,0
2017-07-03 19:03:00,3,49,23.8,54,20.0,1010.6,0,0,12,417.3,0
2017-07-03 19:06:00,3,49,23.8,55,20.0,1010.6,0.3,0.7,8,417.3,0
2017-07-03 19:09:00,3,49,23.8,56,19.9,1010.6,0,0.3,10,417.3,0
2017-07-03 19:12:00,3,49,23.8,56,19.8,1010.6,0,0,10,417.3,0
2017-07-03 19:15:00,3,49,23.8,56,19.7,1010.6,0.3,0.7,6,417.3,0
2017-07-03 19:18:00,3,49,23.8,58,19.7,1010.6,0,0,12,417.3,0
2017-07-03 19:21:00,3,49,23.8,59,19.5,1010.6,0,0,12,417.3,0
2017-07-03 19:24:00,3,50,23.8,59,19.4,1010.5,0,0.3,12,417.3,0
2017-07-03 19:27:00,3,50,23.8,60,19.3,1010.6,0,0.3,6,417.3,0
2017-07-03 19:30:00,3,50,23.6,60,19.2,1010.5,0,0,6,417.3,0
2017-07-03 19:33:00,3,50,23.6,61,19.1,1010.6,0,0,6,417.3,0
2017-07-03 19:36:00,3,50,23.6,62,19.0,1010.5,0,0,6,417.3,0
2017-07-03 19:39:00,3,50,23.6,62,18.9,1010.6,0,0,6,417.3,0
2017-07-03 19:42:00,3,50,23.6,63,18.7,1010.5,0,0,6,417.3,0
2017-07-03 19:45:00,3,50,23.6,63,18.6,1010.7,0,0,6,417.3,0
2017-07-03 19:48:00,3,50,23.6,63,18.5,1010.6,0,0,6,417.3,0
2017-07-03 19:51:00,3,50,23.6,64,18.4,1010.6,0,0,6,417.3,0
2017-07-03 19:54:00,3,50,23.6,65,18.3,1010.7,0,0,13,417.3,0
2017-07-03 19:57:00,3,50,23.6,65,18.2,1010.7,0,0,14,417.3,0
2017-07-03 20:00:00,3,50,23.6,66,18.2,1010.6,0,0,14,417.3,0
2017-07-03 20:03:00,3,50,23.6,66,18.2,1010.7,0,0,14,417.3,0
2017-07-03 20:06:00,3,50,23.5,66,18.2,1010.6,0,0,14,417.3,0
2017-07-03 20:09:00,3,51,23.5,67,18.0,1010.6,0,0.3,12,417.3,0
2017-07-03 20:12:00,3,51,23.4,67,18.0,1010.7,0,0.3,10,417.3,0
2017-07-03 20:15:00,3,51,23.4,65,18.0,1010.6,0,0.3,10,417.3,0
2017-07-03 20:18:00,3,51,23.4,65,18.0,1010.7,0,0.3,12,417.3,0
2017-07-03 20:21:00,3,51,23.4,65,18.1,1010.6,0,0.3,10,417.3,0
2017-07-03 20:24:00,3,51,23.4,64,18.1,1010.6,0,0,12,417.3,0
2017-07-03 20:27:00,3,51,23.4,64,18.1,1010.6,0,0.3,12,417.3,0
2017-07-03 20:30:00,3,51,23.4,63,18.1,1010.6,0.3,0.7,2,417.3,0
2017-07-03 20:33:00,3,51,23.4,63,18.1,1010.6,0.3,0.7,14,417.3,0
2017-07-03 20:36:00,3,51,23.4,63,18.1,1010.6,0,0.3,12,417.3,0
2017-07-03 20:39:00,3,51,23.4,63,18.1,1010.6,0,0,12,417.3,0
2017-07-03 20:42:00,3,51,23.4,63,18.1,1010.6,0,0,12,417.3,0
2017-07-03 20:45:00,3,51,23.4,64,18.1,1010.5,0,0,12,417.3,0
2017-07-03 20:48:00,3,51,23.4,64,18.1,1010.5,0,0,10,417.3,0
2017-07-03 20:51:00,3,51,23.4,64,18.0,1010.5,0,0,12,417.3,0
2017-07-03 20:54:00,3,51,23.4,64,18.0,1010.5,0,0,12,417.3,0
2017-07-03 20:57:00,3,52,23.4,63,18.0,1010.5,0.3,0.7,12,417.3,0
2017-07-03 21:00:00,3,52,23.4,63,18.0,1010.4,0.3,0.7,12,417.3,0
2017-07-03 21:03:00,3,52,23.3,64,18.0,1010.5,0,0,10,417.3,0
2017-07-03 21:06:00,3,52,23.3,63,18.0,1010.4,0.3,1.0,12,417.3,0
2017-07-03 21:09:00,3,52,23.3,63,18.0,1010.4,0.3,0.7,10,417.3,0
2017-07-03 21:12:00,3,52,23.3,63,18.0,1010.4,0.3,0.7,12,417.3,0
2017-07-03 21:15:00,3,52,23.3,63,18.0,1010.3,0.7,1.0,10,417.3,0
2017-07-03 21:18:00,3,52,23.3,63,18.0,1010.3,0.7,1.0,12,417.3,0
2017-07-03 21:21:00,3,52,23.3,62,18.1,1010.4,1.0,1.4,12,417.3,0
2017-07-03 21:24:00,3,52,23.3,62,18.1,1010.4,0.7,1.4,10,417.3,0
2017-07-03 21:27:00,3,52,23.3,62,18.2,1010.5,0.7,1.0,12,417.3,0
2017-07-03 21:30:00,3,52,23.3,62,18.2,1010.6,0.7,0.7,10,417.3,0
2017-07-03 21:33:00,3,52,23.3,62,18.2,1010.6,0.7,1.0,10,417.3,0
2017-07-03 21:36:00,3,52,23.3,62,18.2,1010.6,1.7,1.7,10,417.3,0
2017-07-03 21:39:00,3,52,23.3,61,18.3,1010.5,1.7,2.4,12,417.3,0
2017-07-03 21:42:00,3,52,23.3,61,18.3,1010.5,1.0,1.7,12,417.3,0
2017-07-03 21:45:00,3,52,23.2,61,18.4,1010.5,1.4,1.7,9,417.3,0
2017-07-03 21:48:00,3,52,23.2,60,18.5,1010.5,1.0,1.4,10,417.3,0
2017-07-03 21:51:00,3,52,23.2,60,18.5,1010.5,0.7,1.0,14,417.3,0
2017-07-03 21:54:00,3,52,23.2,60,18.5,1010.5,2.7,3.4,12,417.3,0
2017-07-03 21:57:00,3,52,23.2,60,18.6,1010.5,1.4,1.7,10,417.3,0
2017-07-03 22:00:00,3,52,23.1,59,18.6,1010.5,1.7,2.0,10,417.3,0
2017-07-03 22:03:00,3,52,23.1,59,18.6,1010.5,1.7,2.0,10,417.3,0
2017-07-03 22:06:00,3,52,23.1,59,18.6,1010.4,1.7,2.0,10,417.3,0
2017-07-03 22:09:00,3,52,23.1,57,18.7,1010.4,1.0,1.4,10,417.3,0
2017-07-03 22:12:00,3,52,23.1,56,18.7,1010.5,1.4,2.0,11,417.3,0
2017-07-03 22:15:00,3,52,23.1,56,18.8,1010.4,1.0,1.4,10,417.3,0
2017-07-03 22:18:00,3,52,23.1,56,18.7,1010.4,1.4,1.7,14,417.3,0
2017-07-03 22:21:00,3,52,23.1,56,18.7,1010.4,1.0,1.4,10,417.3,0
2017-07-03 22:24:00,3,52,23.1,57,18.7,1010.5,1.0,1.7,10,417.3,0
2017-07-03 22:27:00,3,52,23.1,57,18.6,1010.5,1.0,1.4,10,417.3,0
2017-07-03 22:30:00,3,52,23.1,57,18.6,1010.5,1.0,1.4,12,417.3,0
2017-07-03 22:33:00,3,52,23.1,58,18.5,1010.5,1.0,1.4,10,417.3,0
2017-07-03 22:36:00,3,52,23.1,58,18.5,1010.4,0.7,1.4,10,417.3,0
2017-07-03 22:39:00,3,52,23.1,60,18.4,1010.5,0.7,1.0,12,417.3,0
2017-07-03 22:42:00,3,52,23.1,60,18.4,1010.5,0.3,0.7,14,417.3,0
2017-07-03 22:45:00,3,52,23.1,60,18.3,1010.5,0.7,1.0,12,417.3,0
2017-07-03 22:48:00,3,52,23.1,60,18.3,1010.4,1.0,1.4,14,417.3,0
2017-07-03 22:51:00,3,52,23.1,60,18.2,1010.5,1.0,2.0,12,417.3,0
2017-07-03 22:54:00,3,52,23.1,60,18.1,1010.5,0.3,0.7,1,417.3,0
2017-07-03 22:57:00,3,52,23.1,60,18.1,1010.5,0.3,0.7,14,417.3,0
2017-07-03 23:00:00,3,52,23.1,60,18.0,1010.5,0.7,1.4,14,417.3,0
2017-07-03 23:03:00,3,52,23.0,60,18.0,1010.4,0.3,0.7,14,417.3,0
2017-07-03 23:06:00,3,52,23.0,60,17.9,1010.5,0,0.3,14,417.3,0
2017-07-03 23:09:00,3,52,23.0,61,17.9,1010.5,0.3,0.7,0,417.3,0
2017-07-03 23:12:00,3,52,23.0,61,17.8,1010.6,0.7,1.0,14,417.3,0
2017-07-03 23:15:00,3,52,23.0,61,17.8,1010.6,0,0.3,14,417.3,0
2017-07-03 23:18:00,3,52,23.0,61,17.7,1010.6,0,0,14,417.3,0
2017-07-03 23:21:00,3,52,23.0,62,17.7,1010.7,0.3,0.7,10,417.3,0
2017-07-03 23:24:00,3,52,23.0,62,17.6,1010.8,1.0,1.7,14,417.3,0
2017-07-03 23:27:00,3,52,23.0,62,17.6,1010.8,1.0,1.4,14,417.3,0
2017-07-03 23:30:00,3,52,23.0,63,17.6,1010.7,0.7,1.0,14,417.3,0
2017-07-03 23:33:00,3,52,23.0,63,17.5,1010.7,0.3,1.0,8,417.3,0
2017-07-03 23:36:00,3,52,23.0,64,17.5,1010.8,0,0.3,14,417.3,0
2017-07-03 23:39:00,3,52,23.0,70,17.4,1010.8,0.7,1.0,12,417.3,0
2017-07-03 23:42:00,3,52,23.0,70,17.3,1010.8,0.7,1.4,10,417.3,0
2017-07-03 23:45:00,3,52,23.0,71,17.2,1010.8,0.7,1.4,10,417.3,0
2017-07-03 23:48:00,3,52,23.0,71,17.1,1010.6,1.0,1.4,12,417.3,0
2017-07-03 23:51:00,3,52,23.0,71,17.1,1010.6,0.7,1.0,14,417.3,0
2017-07-03 23:54:00,3,52,23.0,72,17.1,1010.5,0.7,1.0,14,417.3,0
2017-07-03 23:57:00,3,52,23.0,72,17.0,1010.5,1.0,1.4,14,417.3,0
