2017-07-12 00:00:00,3,56,24.9,91,17.3,1005.9,0,0.3,4,429.6,0
2017-07-12 00:03:00,3,56,24.9,91,17.3,1006.0,0,0.3,4,429.6,0
2017-07-12 00:06:00,3,56,24.9,91,17.3,1006.0,0,0.3,4,429.6,0
2017-07-12 00:09:00,3,56,24.8,90,17.3,1006.0,0,0.3,8,429.6,0
2017-07-12 00:12:00,3,56,24.8,89,17.3,1006.1,0,0.7,4,429.6,0
2017-07-12 00:15:00,3,56,24.7,89,17.3,1006.0,0.3,0.3,12,429.6,0
2017-07-12 00:18:00,3,56,24.7,89,17.2,1006.0,0,0.3,12,429.6,0
2017-07-12 00:21:00,3,56,24.7,88,17.2,1006.0,0.3,0.7,12,429.6,0
2017-07-12 00:24:00,3,56,24.7,88,17.2,1006.0,0,0.3,12,429.6,0
2017-07-12 00:27:00,3,56,24.7,87,17.1,1006.0,0,0.3,10,429.6,0
2017-07-12 00:30:00,3,56,24.7,87,17.1,1005.9,0.3,0.7,8,429.6,0
2017-07-12 00:33:00,3,56,24.7,87,17.1,1006.0,0.3,0.7,10,429.6,0
2017-07-12 00:36:00,3,56,24.7,87,17.0,1006.0,0,0,8,429.6,0
2017-07-12 00:39:00,3,56,24.7,88,17.0,1005.9,0,0.3,14,429.6,0
2017-07-12 00:42:00,3,56,24.7,88,17.0,1005.9,0.7,1.0,10,429.6,0
2017-07-12 00:45:00,3,56,24.7,88,17.0,1005.8,0,0.3,14,429.6,0
2017-07-12 00:48:00,3,56,24.7,88,16.9,1005.8,0,0,12,429.6,0
2017-07-12 00:51:00,3,56,24.7,88,16.9,1005.8,0,0,0,429.6,0
2017-07-12 00:54:00,3,56,24.7,88,16.8,1005.7,0,0,0,429.6,0
2017-07-12 00:57:00,3,56,24.7,88,16.7,1005.7,0,0,10,429.6,0
2017-07-12 01:00:00,3,56,24.6,88,16.6,1005.7,0.3,0.7,6,429.6,0
2017-07-12 01:03:00,3,56,24.7,89,16.6,1005.6,0,0,0,429.6,0
2017-07-12 01:06:00,3,56,24.6,89,16.5,1005.7,0,0,0,429.6,0
2017-07-12 01:09:00,3,56,24.6,89,16.5,1005.5,0,0.3,8,429.6,0
2017-07-12 01:12:00,3,56,24.6,90,16.4,1005.6,0,0,8,429.6,0
2017-07-12 01:15:00,3,56,24.6,90,16.4,1005.6,0,0.3,14,429.6,0
2017-07-12 01:18:00,3,56,24.6,90,16.3,1005.6,0,0.3,12,429.6,0
2017-07-12 01:21:00,3,56,24.5,91,16.3,1005.6,0.7,1.0,12,429.6,0
2017-07-12 01:24:00,3,56,24.5,91,16.3,1005.5,1.0,1.4,8,429.6,0
2017-07-12 01:27:00,3,56,24.5,91,16.3,1005.5,0.3,0.3,10,429.6,0
2017-07-12 01:30:00,3,56,24.5,91,16.2,1005.5,0.3,0.7,14,429.6,0
2017-07-12 01:33:00,3,56,24.5,91,16.2,1005.5,0,0.3,10,429.6,0
2017-07-12 01:36:00,3,56,24.5,91,16.2,1005.5,0,0.3,10,429.6,0
2017-07-12 01:39:00,3,56,24.5,91,16.1,1005.4,0,0.3,14,429.6,0
2017-07-12 01:42:00,3,56,24.5,91,16.1,1005.4,0,0.3,10,429.6,0
2017-07-12 01:45:00,3,56,24.5,91,16.0,1005.3,0,0,0,429.6,0
2017-07-12 01:48:00,3,56,24.5,91,15.9,1005.3,0.3,1.0,4,429.6,0
2017-07-12 01:51:00,3,56,24.5,91,15.9,1005.3,0.7,1.0,8,429.6,0
2017-07-12 01:54:00,3,56,24.5,92,15.9,1005.4,0.7,1.0,10,429.6,0
2017-07-12 01:57:00,3,56,24.5,92,15.8,1005.5,0,0.3,12,429.6,0
2017-07-12 02:00:00,3,56,24.5,92,15.8,1005.3,0,0.3,10,429.6,0
2017-07-12 02:03:00,3,56,24.5,92,15.8,1005.3,0,0.3,10,429.6,0
2017-07-12 02:06:00,3,56,24.5,92,15.8,1005.4,0,0.3,10,429.6,0
2017-07-12 02:09:00,3,56,24.5,92,15.7,1005.4,0.3,0.7,10,429.6,0
2017-07-12 02:12:00,3,56,24.5,92,15.6,1005.5,0,0.3,12,429.6,0
2017-07-12 02:15:00,3,56,24.5,92,15.6,1005.4,0,0,12,429.6,0
2017-07-12 02:18:00,3,56,24.4,92,15.6,1005.4,0,0.3,12,429.6,0
2017-07-12 02:21:00,3,56,24.4,92,15.6,1005.4,0.3,1.0,12,429.6,0
2017-07-12 02:24:00,3,56,24.4,92,15.5,1005.4,0.3,0.7,10,429.6,0
2017-07-12 02:27:00,3,56,24.4,92,15.5,1005.4,0,0,12,429.6,0
2017-07-12 02:30:00,3,56,24.4,92,15.5,1005.4,0,0,10,429.6,0
2017-07-12 02:33:00,3,56,24.4,92,15.4,1005.4,0.3,0.7,10,429.6,0
2017-07-12 02:36:00,3,56,24.4,92,15.4,1005.4,0,0.3,8,429.6,0
2017-07-12 02:39:00,3,56,24.4,92,15.4,1005.3,0,0.3,14,429.6,0
2017-07-12 02:42:00,3,56,24.4,92,15.3,1005.4,0,0.3,0,429.6,0
2017-07-12 02:45:00,3,56,24.4,92,15.2,1005.4,0,0.3,0,429.6,0
2017-07-12 02:48:00,3,56,24.3,92,15.2,1005.4,0,0,10,429.6,0
2017-07-12 02:51:00,3,56,24.3,92,15.1,1005.3,0,0,2,429.6,0
2017-07-12 02:54:00,3,56,24.3,92,15.0,1005.3,0,0,2,429.6,0
2017-07-12 02:57:00,3,56,24.3,92,15.0,1005.3,0,0,0,429.6,0
2017-07-12 03:00:00,3,56,24.3,92,14.9,1005.4,0,0.3,5,429.6,0
2017-07-12 03:03:00,3,56,24.3,92,14.8,1005.4,0,0,0,429.6,0
2017-07-12 03:06:00,3,56,24.2,92,14.8,1005.4,0,0,0,429.6,0
2017-07-12 03:09:00,3,56,24.2,92,14.7,1005.2,0,0,0,429.6,0
2017-07-12 03:12:00,3,56,24.2,93,14.7,1005.3,0,0.3,0,429.6,0
2017-07-12 03:15:00,3,56,24.2,93,14.6,1005.3,0,0,0,429.6,0
2017-07-12 03:18:00,3,56,24.2,93,14.6,1005.2,0,0,0,429.6,0
2017-07-12 03:21:00,3,55,24.2,93,14.6,1005.2,0,0,0,429.6,0
2017-07-12 03:24:00,3,55,24.2,93,14.5,1005.2,0,0,0,429.6,0
2017-07-12 03:27:00,3,55,24.2,93,14.5,1005.1,0,0,0,429.6,0
2017-07-12 03:30:00,3,55,24.2,93,14.5,1005.2,0,0.3,0,429.6,0
2017-07-12 03:33:00,3,55,24.2,94,14.5,1005.2,0,0,0,429.6,0
2017-07-12 03:36:00,3,55,24.2,94,14.5,1005.1,0,0,0,429.6,0
2017-07-12 03:39:00,3,55,24.2,94,14.5,1005.1,0,0,0,429.6,0
2017-07-12 03:42:00,3,55,24.2,94,14.4,1005.1,0,0,0,429.6,0
2017-07-12 03:45:00,3,55,24.2,94,14.4,1005.1,0,0,0,429.6,0
2017-07-12 03:48:00,3,55,24.2,94,14.4,1005.1,0,0,0,429.6,0
2017-07-12 03:51:00,3,55,24.2,94,14.4,1005.1,0,0,4,429.6,0
2017-07-12 03:54:00,3,55,24.1,94,14.4,1005.1,0,0.3,4,429.6,0
2017-07-12 03:57:00,3,55,24.1,95,14.4,1005.1,0,0,4,429.6,0
2017-07-12 04:00:00,3,55,24.1,95,14.4,1005.1,0,0,4,429.6,0
2017-07-12 04:03:00,3,55,24.1,95,14.4,1005.1,0,0,4,429.6,0
2017-07-12 04:06:00,3,55,24.1,95,14.4,1005.1,0,0,4,429.6,0
2017-07-12 04:09:00,3,55,24.1,95,14.5,1005.2,0,0,0,429.6,0
2017-07-12 04:12:00,3,55,24.1,95,14.5,1005.2,0,0,0,429.6,0
2017-07-12 04:15:00,3,55,24.1,95,14.6,1005.2,0,0,0,429.6,0
2017-07-12 04:18:00,3,55,24.1,95,14.6,1005.2,0,0,0,429.6,0
2017-07-12 04:21:00,3,55,24.1,96,14.7,1005.1,0,0.3,0,429.6,0
2017-07-12 04:24:00,3,55,24.1,96,14.7,1005.1,0,0,4,429.6,0
2017-07-12 04:27:00,3,55,24.0,96,14.8,1005.1,0,0,4,429.6,0
2017-07-12 04:30:00,3,55,24.0,96,15.0,1004.9,0,0.3,4,429.6,0
2017-07-12 04:33:00,3,55,24.0,96,15.1,1005.0,0.7,1.0,8,429.6,0
2017-07-12 04:36:00,3,55,24.0,96,15.2,1004.9,0,0.3,12,429.6,0
2017-07-12 04:39:00,3,55,24.0,96,15.4,1005.0,0,0.3,10,429.6,0
2017-07-12 04:42:00,3,55,24.0,96,15.6,1004.9,0,0.3,10,429.6,0
2017-07-12 04:45:00,3,55,24.0,95,15.8,1004.9,0,0.3,10,429.6,0
2017-07-12 04:48:00,3,56,23.9,95,16.0,1005.0,0.3,0.7,8,429.6,0
2017-07-12 04:51:00,3,56,23.9,93,16.2,1004.9,0.7,1.0,6,429.6,0
2017-07-12 04:54:00,3,56,23.9,91,16.3,1005.0,0.3,0.7,8,429.6,0
2017-07-12 04:57:00,3,56,23.9,90,16.6,1004.9,0.7,1.0,8,429.6,0
2017-07-12 05:00:00,3,56,23.9,88,16.8,1005.0,0.7,1.4,8,429.6,0
2017-07-12 05:03:00,3,56,23.9,86,16.9,1005.0,0.7,1.0,8,429.6,0
2017-07-12 05:06:00,3,56,23.9,84,16.9,1005.0,1.4,1.7,8,429.6,0
2017-07-12 05:09:00,3,56,23.9,83,16.9,1004.9,0.3,0.7,10,429.6,0
2017-07-12 05:12:00,3,56,23.9,83,17.0,1004.9,0.7,1.0,10,429.6,0
2017-07-12 05:15:00,3,56,23.9,82,17.0,1004.9,1.7,2.0,10,429.6,0
2017-07-12 05:18:00,3,56,23.9,81,17.1,1004.9,0.7,1.4,8,429.6,0
2017-07-12 05:21:00,3,56,23.9,81,17.2,1004.9,1.0,1.4,8,429.6,0
2017-07-12 05:24:00,3,57,23.9,81,17.3,1004.9,1.4,1.7,10,429.6,0
2017-07-12 05:27:00,3,57,23.9,78,17.5,1004.7,0.7,1.0,8,429.6,0
2017-07-12 05:30:00,3,57,23.9,77,17.6,1004.7,0.7,1.0,8,429.6,0
2017-07-12 05:33:00,3,57,23.9,75,17.7,1004.7,1.0,1.4,10,429.6,0
2017-07-12 05:36:00,3,57,23.9,75,17.8,1004.7,1.4,1.7,2,429.6,0
2017-07-12 05:39:00,3,57,23.9,75,17.9,1004.7,0,0.3,4,429.6,0
2017-07-12 05:42:00,3,57,23.9,75,18.0,1004.6,0.3,1.0,10,429.6,0
2017-07-12 05:45:00,3,57,23.9,74,18.1,1004.6,0.3,0.7,8,429.6,0
2017-07-12 05:48:00,3,57,24.0,74,18.2,1004.6,0,0.3,12,429.6,0
2017-07-12 05:51:00,3,56,24.2,75,18.4,1004.6,0.3,0.7,10,429.6,0
2017-07-12 05:54:00,3,56,24.2,74,18.7,1004.6,0.3,0.7,8,429.6,0
2017-07-12 05:57:00,3,56,24.4,72,18.9,1004.7,1.0,1.4,10,429.6,0
2017-07-12 06:00:00,3,56,24.5,71,19.0,1004.6,1.0,1.4,10,429.6,0
2017-07-12 06:03:00,3,55,24.7,71,19.0,1004.6,1.0,1.4,10,429.6,0
2017-07-12 06:06:00,3,55,24.8,71,19.0,1004.5,1.0,1.4,10,429.6,0
2017-07-12 06:09:00,3,53,25.0,71,18.8,1004.5,0,0.3,8,429.6,0
2017-07-12 06:12:00,3,53,25.1,72,18.7,1004.6,0.7,1.0,8,429.6,0
2017-07-12 06:15:00,3,53,25.2,72,18.7,1004.5,0.7,1.0,6,429.6,0
2017-07-12 06:18:00,3,53,25.2,73,18.7,1004.5,0.3,0.7,10,429.6,0
2017-07-12 06:21:00,3,52,25.3,73,18.6,1004.5,0.7,1.0,10,429.6,0
2017-07-12 06:24:00,3,52,25.3,74,18.7,1004.5,0,0.3,10,429.6,0
2017-07-12 06:27:00,3,52,25.4,74,18.7,1004.4,0.3,0.7,8,429.6,0
2017-07-12 06:30:00,3,52,25.4,74,18.7,1004.4,0.7,1.4,10,429.6,0
2017-07-12 06:33:00,3,52,25.4,75,18.8,1004.3,1.0,1.4,6,429.6,0
2017-07-12 06:36:00,3,51,25.4,75,18.8,1004.4,1.0,1.4,14,429.6,0
2017-07-12 06:39:00,3,52,25.4,75,18.8,1004.4,1.0,1.4,8,429.6,0
2017-07-12 06:42:00,3,51,25.4,75,18.9,1004.3,0.7,1.0,6,429.6,0
2017-07-12 06:45:00,3,51,25.4,75,19.2,1004.4,1.0,1.4,6,429.6,0
2017-07-12 06:48:00,3,51,25.4,74,19.4,1004.3,1.7,2.4,8,429.6,0
2017-07-12 06:51:00,3,50,26.2,73,19.6,1004.3,1.0,2.0,8,429.6,0
2017-07-12 06:54:00,3,50,26.2,73,19.9,1004.3,1.4,1.7,8,429.6,0
2017-07-12 06:57:00,3,50,26.2,71,20.0,1004.2,2.0,2.4,6,429.6,0
2017-07-12 07:00:00,3,50,26.2,71,20.1,1004.1,1.0,1.4,6,429.6,0
2017-07-12 07:03:00,3,50,26.2,71,20.5,1004.1,1.7,2.4,8,429.6,0
2017-07-12 07:06:00,3,50,26.3,70,20.7,1004.1,1.0,1.4,2,429.6,0
2017-07-12 07:09:00,3,50,26.3,70,21.0,1004.1,1.4,2.0,9,429.6,0
2017-07-12 07:12:00,3,50,26.3,69,21.1,1004.1,1.7,2.4,8,429.6,0
2017-07-12 07:15:00,3,50,26.3,67,21.1,1004.1,1.7,2.4,8,429.6,0
2017-07-12 07:18:00,3,50,26.2,68,21.0,1003.9,0.7,1.0,10,429.6,0
2017-07-12 07:21:00,3,50,26.2,68,21.1,1003.8,0.7,1.0,0,429.6,0
2017-07-12 07:24:00,3,51,25.4,69,21.2,1003.9,0.7,1.0,8,429.6,0
2017-07-12 07:27:00,3,51,25.4,67,21.5,1003.7,2.0,3.1,8,429.6,0
2017-07-12 07:30:00,3,51,25.4,67,21.8,1003.8,0.7,1.4,10,429.6,0
2017-07-12 07:33:00,3,51,25.4,68,21.9,1003.7,0,1.0,8,429.6,0
2017-07-12 07:36:00,3,51,25.4,66,21.8,1003.6,1.4,1.7,2,429.6,0
2017-07-12 07:39:00,3,51,25.4,65,21.6,1003.5,0.3,0.7,14,429.6,0
2017-07-12 07:42:00,3,52,25.4,66,21.5,1003.5,0.7,1.4,2,429.6,0
2017-07-12 07:45:00,3,52,25.4,64,21.4,1003.5,1.0,1.7,8,429.6,0
2017-07-12 07:48:00,3,52,25.4,63,21.3,1003.5,2.0,2.4,6,429.6,0
2017-07-12 07:51:00,3,52,25.4,63,21.2,1003.5,1.4,2.0,8,429.6,0
2017-07-12 07:54:00,3,52,25.4,65,21.3,1003.4,0,0.7,10,429.6,0
2017-07-12 07:57:00,3,52,25.4,64,21.4,1003.5,1.7,2.4,10,429.6,0
2017-07-12 08:00:00,3,52,25.3,65,21.4,1003.5,0.3,0.7,14,429.6,0
2017-07-12 08:03:00,3,52,25.3,65,21.4,1003.5,0.3,0.7,14,429.6,0
2017-07-12 08:06:00,3,52,25.3,65,21.4,1003.4,0.3,0.7,14,429.6,0
2017-07-12 08:09:00,3,52,25.3,66,22.4,1003.3,1.4,1.7,10,429.6,0
2017-07-12 08:12:00,3,52,25.2,62,22.6,1003.3,1.0,1.4,12,429.6,0
2017-07-12 08:15:00,3,52,25.2,63,22.4,1003.5,2.0,2.7,10,429.6,0
2017-07-12 08:18:00,3,52,25.2,63,22.1,1003.3,0.7,1.0,10,429.6,0
2017-07-12 08:21:00,3,52,25.2,64,21.9,1003.3,1.0,1.4,9,429.6,0
2017-07-12 08:24:00,3,52,25.2,64,21.8,1003.4,2.0,2.4,8,429.6,0
2017-07-12 08:27:00,3,52,25.1,65,21.6,1003.2,1.4,2.7,8,429.6,0
2017-07-12 08:30:00,3,53,25.1,65,21.5,1003.3,2.0,2.4,8,429.6,0
2017-07-12 08:33:00,3,53,25.0,65,21.4,1003.2,1.0,1.7,12,429.6,0
2017-07-12 08:36:00,3,53,25.0,66,21.6,1003.1,0.7,1.0,8,429.6,0
2017-07-12 08:39:00,3,53,25.0,65,22.1,1003.0,1.4,1.7,10,429.6,0
2017-07-12 08:42:00,3,53,25.0,64,22.3,1003.1,1.7,2.7,8,429.6,0
2017-07-12 08:45:00,3,53,25.0,64,22.4,1003.0,0.7,1.7,10,429.6,0
2017-07-12 08:48:00,3,53,25.0,61,22.6,1003.1,1.4,2.0,8,429.6,0
2017-07-12 08:51:00,3,53,25.0,60,22.7,1003.1,1.4,1.7,8,429.6,0
2017-07-12 08:54:00,3,53,25.0,60,22.9,1003.0,1.7,2.0,8,429.6,0
2017-07-12 08:57:00,3,53,25.0,59,22.9,1003.0,1.7,2.4,10,429.6,0
2017-07-12 09:00:00,3,54,25.1,57,22.9,1002.9,3.4,4.4,8,429.6,0
2017-07-12 09:03:00,3,54,25.3,58,22.8,1002.9,1.7,3.4,12,429.6,0
2017-07-12 09:06:00,3,53,25.4,59,22.6,1003.0,2.4,3.7,8,429.6,0
2017-07-12 09:09:00,3,53,25.4,62,22.2,1003.0,0.7,0.7,10,429.6,0
2017-07-12 09:12:00,3,53,25.4,62,22.1,1003.0,2.4,4.1,12,429.6,0
2017-07-12 09:15:00,3,52,25.4,62,21.9,1002.9,1.4,1.7,10,429.6,0
2017-07-12 09:18:00,3,52,25.4,64,21.9,1002.9,0.3,1.0,11,429.6,0
2017-07-12 09:21:00,3,52,25.4,64,22.0,1003.0,1.0,1.7,10,429.6,0
2017-07-12 09:24:00,3,51,25.4,64,22.0,1002.9,0.3,1.0,9,429.6,0
2017-07-12 09:27:00,3,50,26.2,64,21.9,1002.9,1.4,2.0,11,429.6,0
2017-07-12 09:30:00,3,50,26.2,64,21.8,1002.8,1.7,2.0,8,429.6,0
2017-07-12 09:33:00,3,50,26.2,64,21.7,1002.8,3.7,4.8,9,429.6,0
2017-07-12 09:36:00,3,51,25.4,64,21.6,1002.9,2.0,2.7,8,429.6,0
2017-07-12 09:39:00,3,52,25.4,64,21.5,1003.0,1.4,2.0,14,429.6,0
2017-07-12 09:42:00,3,52,25.4,63,21.5,1002.9,3.7,5.4,8,429.6,0
2017-07-12 09:45:00,3,52,25.4,65,21.4,1002.9,1.7,2.0,6,429.6,0
2017-07-12 09:48:00,3,52,25.4,65,21.4,1002.9,1.7,2.4,12,429.6,0
2017-07-12 09:51:00,3,52,25.4,66,21.5,1003.0,1.7,3.1,10,429.6,0
2017-07-12 09:54:00,3,52,25.4,66,21.5,1002.8,1.4,3.1,10,429.6,0
2017-07-12 09:57:00,3,52,25.4,66,21.4,1002.9,1.7,3.1,7,429.6,0
2017-07-12 10:00:00,3,52,25.4,66,21.4,1002.8,1.4,1.7,10,429.6,0
2017-07-12 10:03:00,3,52,25.4,66,21.4,1002.9,1.4,1.7,10,429.6,0
2017-07-12 10:06:00,3,52,25.4,66,21.4,1003.0,1.4,1.7,10,429.6,0
2017-07-12 10:09:00,3,52,25.4,70,21.0,1002.9,1.0,1.4,10,429.6,0
2017-07-12 10:12:00,3,52,25.4,70,20.9,1002.8,1.4,2.0,10,429.6,0
2017-07-12 10:15:00,3,52,25.4,71,20.8,1002.8,1.7,2.4,8,429.6,0
2017-07-12 10:18:00,3,52,25.4,71,20.6,1002.9,1.0,1.7,11,429.6,0
2017-07-12 10:21:00,3,53,25.4,72,20.4,1002.8,2.4,2.7,8,429.6,0
2017-07-12 10:24:00,3,53,25.4,72,20.2,1002.9,1.4,1.7,10,429.6,0
2017-07-12 10:27:00,3,53,25.4,72,20.1,1002.9,1.0,1.4,12,429.6,0
2017-07-12 10:30:00,3,53,25.4,72,20.1,1002.8,2.0,2.7,14,429.6,0
2017-07-12 10:33:00,3,53,25.4,72,20.0,1002.9,2.7,3.7,10,429.6,0
2017-07-12 10:36:00,3,53,25.3,72,19.9,1002.8,1.0,2.0,12,429.6,0
2017-07-12 10:39:00,3,53,25.2,73,19.8,1002.8,1.0,1.4,10,429.6,0
2017-07-12 10:42:00,3,53,25.2,74,19.8,1002.8,0.7,1.0,14,429.6,0
2017-07-12 10:45:00,3,53,25.1,75,19.7,1002.8,1.7,2.4,0,429.6,0
2017-07-12 10:48:00,3,53,25.1,75,19.6,1002.8,1.4,1.7,10,429.6,0
2017-07-12 10:51:00,3,53,25.1,75,19.5,1002.7,1.0,1.7,14,429.6,0
2017-07-12 10:54:00,3,53,25.0,76,19.5,1002.8,0.3,0.7,8,429.6,0
2017-07-12 10:57:00,3,54,25.0,76,19.6,1002.8,1.0,2.0,14,429.6,0
2017-07-12 11:00:00,3,54,25.0,76,19.6,1002.6,1.0,1.7,10,429.6,0
2017-07-12 11:03:00,3,54,25.0,76,19.6,1002.6,1.7,2.4,10,429.6,0
2017-07-12 11:06:00,3,54,25.0,76,19.5,1002.6,1.4,1.7,8,429.6,0
2017-07-12 11:09:00,3,54,25.0,76,19.5,1002.5,0.7,1.4,10,429.6,0
2017-07-12 11:12:00,3,55,24.9,77,19.6,1002.5,0.7,1.0,10,429.6,0
2017-07-12 11:15:00,3,55,24.9,77,19.6,1002.5,0.7,1.0,12,429.6,0
2017-07-12 11:18:00,3,55,24.9,76,19.5,1002.4,1.4,2.4,9,429.6,0
2017-07-12 11:21:00,3,55,24.9,77,19.4,1002.4,0.3,0.7,12,429.6,0
2017-07-12 11:24:00,3,56,24.9,78,19.4,1002.4,0.7,1.0,12,429.9,0
2017-07-12 11:27:00,3,55,24.9,79,19.3,1002.4,0.7,0.7,10,429.9,0
2017-07-12 11:30:00,3,56,24.9,80,19.2,1002.4,0.7,1.0,12,429.9,0
2017-07-12 11:33:00,3,55,24.9,81,19.1,1002.5,0.3,0.7,14,429.9,0
2017-07-12 11:36:00,3,55,24.8,82,19.0,1002.4,0.3,0.7,14,430.2,0
2017-07-12 11:39:00,3,55,24.8,83,19.0,1002.4,0.3,0.7,12,430.2,0
2017-07-12 11:42:00,3,55,24.8,84,18.9,1002.4,0.3,0.7,8,430.2,0
2017-07-12 11:45:00,3,55,24.8,85,18.9,1002.4,0,0.3,12,430.2,0
2017-07-12 11:48:00,3,55,24.8,85,18.9,1002.3,0,0,12,430.2,0
2017-07-12 11:51:00,3,55,24.8,86,18.9,1002.4,0.3,0.7,11,430.2,0
2017-07-12 11:54:00,3,55,24.8,86,18.9,1002.3,0.3,0.7,12,430.5,0
2017-07-12 11:57:00,3,56,24.9,86,18.9,1002.4,0.3,0.7,12,430.5,0
2017-07-12 12:00:00,3,56,24.9,87,18.9,1002.4,0.7,0.7,10,430.5,0
2017-07-12 12:03:00,3,56,24.9,87,18.9,1002.2,0.7,0.7,10,430.5,0
2017-07-12 12:06:00,3,56,24.9,87,18.9,1002.2,0.7,0.7,10,430.5,0
2017-07-12 12:09:00,3,56,24.9,88,18.9,1002.1,0,0,10,430.8,0
2017-07-12 12:12:00,3,56,24.9,88,18.9,1002.1,0.3,0.7,12,430.8,0
2017-07-12 12:15:00,3,56,24.9,89,18.9,1002.1,0.7,1.0,0,430.8,0
2017-07-12 12:18:00,3,56,24.9,89,18.8,1002.0,0.7,1.0,4,431.1,0
2017-07-12 12:21:00,3,56,24.8,88,18.7,1002.1,0.3,0.7,10,431.1,0
2017-07-12 12:24:00,3,56,24.9,88,18.5,1002.1,0.7,1.0,12,431.4,0
2017-07-12 12:27:00,3,56,24.8,87,18.4,1002.1,1.0,1.4,8,431.4,0
2017-07-12 12:30:00,3,56,24.7,87,18.2,1002.0,0.7,1.0,14,431.4,0
2017-07-12 12:33:00,3,56,24.7,87,18.1,1002.1,0,0.3,0,431.7,0
2017-07-12 12:36:00,3,56,24.7,88,18.1,1002.1,1.4,1.7,6,431.7,0
2017-07-12 12:39:00,3,56,24.7,89,18.1,1002.1,0.7,1.0,0,431.7,0
2017-07-12 12:42:00,3,56,24.7,90,18.1,1002.1,1.0,1.7,2,432.0,0
2017-07-12 12:45:00,3,56,24.7,90,18.1,1002.0,1.4,1.7,10,432.0,0
2017-07-12 12:48:00,3,56,24.7,90,18.1,1002.1,0.3,0.7,7,432.0,0
2017-07-12 12:51:00,3,56,24.7,90,18.0,1002.0,1.0,1.7,12,432.0,0
2017-07-12 12:54:00,3,56,24.7,90,18.0,1002.0,0.7,1.0,14,432.0,0
2017-07-12 12:57:00,3,56,24.7,90,18.0,1002.0,0.7,1.4,6,432.0,0
2017-07-12 13:00:00,3,56,24.7,90,17.9,1002.0,1.4,1.7,10,432.3,0
2017-07-12 13:03:00,3,56,24.7,90,17.9,1002.1,1.4,1.7,14,432.3,0
2017-07-12 13:06:00,3,56,24.7,90,17.8,1002.0,1.0,1.4,14,432.3,0
2017-07-12 13:09:00,3,56,24.7,90,17.8,1002.0,0.3,0.7,4,432.3,0
2017-07-12 13:12:00,3,56,24.7,90,17.8,1002.0,0.3,0.7,14,432.6,0
2017-07-12 13:15:00,3,56,24.7,90,17.8,1001.9,0.3,0.7,6,432.6,0
2017-07-12 13:18:00,3,56,24.7,90,17.8,1001.8,1.0,1.7,12,432.6,0
2017-07-12 13:21:00,3,56,24.7,90,17.8,1001.7,0.3,0.7,12,432.6,0
2017-07-12 13:24:00,3,56,24.7,90,17.8,1001.7,0.7,1.0,10,432.6,0
2017-07-12 13:27:00,3,56,24.7,90,17.9,1001.6,0.7,1.0,8,432.6,0
2017-07-12 13:30:00,3,56,24.6,90,17.9,1001.6,0.7,1.0,14,432.6,0
2017-07-12 13:33:00,3,56,24.6,90,17.9,1001.7,0.7,1.4,2,432.6,0
2017-07-12 13:36:00,3,56,24.6,89,17.9,1001.6,0.3,0.7,8,432.6,0
2017-07-12 13:39:00,3,56,24.6,89,17.9,1001.5,1.0,1.7,4,432.6,0
2017-07-12 13:42:00,3,56,24.6,89,17.9,1001.5,0.3,1.0,10,432.6,0
2017-07-12 13:45:00,3,56,24.6,89,17.9,1001.4,0.3,0.7,4,432.6,0
2017-07-12 13:48:00,3,56,24.6,89,18.0,1001.4,0.7,1.4,2,432.6,0
2017-07-12 13:51:00,3,56,24.6,89,17.9,1001.4,0.3,0.7,8,432.6,0
2017-07-12 13:54:00,3,56,24.6,89,18.0,1001.4,0.7,1.0,4,432.6,0
2017-07-12 13:57:00,3,56,24.5,89,18.0,1001.3,0.3,0.7,4,432.6,0
2017-07-12 14:00:00,3,56,24.5,90,18.0,1001.3,0.3,0.7,2,432.6,0
2017-07-12 14:03:00,3,56,24.5,90,18.0,1001.1,0.3,0.7,2,432.6,0
2017-07-12 14:06:00,3,56,24.5,90,18.0,1001.1,0.3,0.7,2,432.6,0
2017-07-12 14:09:00,3,56,24.5,89,18.0,1001.0,0.7,1.0,2,432.6,0
2017-07-12 14:12:00,3,56,24.5,90,18.0,1001.1,0.7,0.7,12,432.6,0
2017-07-12 14:15:00,3,56,24.5,90,18.1,1001.0,1.4,2.0,4,432.6,0
2017-07-12 14:18:00,3,56,24.5,90,18.1,1001.0,0.3,1.0,14,432.6,0
2017-07-12 14:21:00,3,56,24.5,90,18.2,1000.9,1.7,2.4,8,432.6,0
2017-07-12 14:24:00,3,56,24.5,89,18.2,1000.8,0.7,1.4,8,432.6,0
2017-07-12 14:27:00,3,56,24.5,89,18.3,1000.9,1.7,2.7,8,432.6,0
2017-07-12 14:30:00,3,56,24.5,88,18.3,1000.7,1.0,1.4,6,432.6,0
2017-07-12 14:33:00,3,57,24.6,88,18.3,1000.7,1.4,2.0,5,432.6,0
2017-07-12 14:36:00,3,57,24.7,87,18.2,1000.7,1.4,1.7,8,432.6,0
2017-07-12 14:39:00,3,57,24.8,87,18.2,1000.8,1.0,2.0,8,432.6,0
2017-07-12 14:42:00,3,56,25.0,87,18.2,1000.6,0.7,1.7,2,432.6,0
2017-07-12 14:45:00,3,55,25.0,87,18.1,1000.5,0.3,0.7,4,432.6,0
2017-07-12 14:48:00,3,55,25.1,87,18.1,1000.7,0.3,1.0,8,432.6,0
2017-07-12 14:51:00,3,55,25.2,87,18.1,1000.7,0.3,0.7,12,432.6,0
2017-07-12 14:54:00,3,55,25.3,88,18.1,1000.6,1.4,2.0,8,432.6,0
2017-07-12 14:57:00,3,54,25.3,87,18.0,1000.6,1.7,2.0,6,432.6,0
2017-07-12 15:00:00,3,54,25.3,88,18.0,1000.6,0.7,1.0,12,432.6,0
2017-07-12 15:03:00,3,54,25.4,88,18.0,1000.4,1.4,2.0,6,432.6,0
2017-07-12 15:06:00,3,54,25.3,88,18.0,1000.4,0.7,1.0,14,432.6,0
2017-07-12 15:09:00,3,54,25.3,86,17.9,1000.5,2.0,2.7,12,432.9,0
2017-07-12 15:12:00,3,54,25.2,86,17.8,1000.4,1.7,2.4,4,432.9,0
2017-07-12 15:15:00,3,54,25.2,86,17.7,1000.5,1.0,1.4,4,432.9,0
2017-07-12 15:18:00,3,54,25.2,87,17.7,1000.3,0.7,1.4,14,432.9,0
2017-07-12 15:21:00,3,55,25.2,87,17.6,1000.3,1.7,2.0,10,433.2,0
2017-07-12 15:24:00,3,55,25.1,88,17.6,1000.3,0.7,1.0,8,433.2,0
2017-07-12 15:27:00,3,55,25.1,89,17.5,1000.3,1.7,2.0,11,433.2,0
2017-07-12 15:30:00,3,55,25.0,89,17.5,1000.2,0.7,1.4,6,433.2,0
2017-07-12 15:33:00,3,55,25.0,92,17.4,1000.2,1.4,2.0,8,433.5,0
2017-07-12 15:36:00,3,55,25.0,93,17.4,1000.0,1.0,1.7,14,433.5,0
2017-07-12 15:39:00,3,55,25.0,93,17.4,1000.1,1.0,1.4,3,433.5,0
2017-07-12 15:42:00,3,55,25.0,94,17.4,1000.2,2.4,3.1,8,433.8,0
2017-07-12 15:45:00,3,55,25.0,94,17.3,1000.0,1.7,2.7,8,434.1,0
2017-07-12 15:48:00,3,55,25.0,95,17.3,1000.0,0.7,1.0,10,434.1,0
2017-07-12 15:51:00,3,55,25.0,95,17.3,1000.0,1.0,1.7,4,434.1,0
2017-07-12 15:54:00,3,55,25.0,96,17.3,999.9,1.4,2.0,12,434.4,0
2017-07-12 15:57:00,3,56,24.9,96,17.2,999.9,2.0,2.4,10,434.4,0
2017-07-12 16:00:00,3,56,24.9,96,17.2,999.9,1.0,1.4,0,434.4,0
2017-07-12 16:03:00,3,56,24.9,96,17.2,999.9,1.0,1.4,0,434.4,0
2017-07-12 16:06:00,3,56,24.9,96,17.2,999.9,1.0,1.4,0,434.4,0
2017-07-12 16:09:00,3,56,24.8,97,17.2,999.8,1.0,1.4,14,434.7,0
2017-07-12 16:12:00,3,56,24.8,97,17.2,999.9,1.0,1.4,8,435.0,0
2017-07-12 16:15:00,3,56,24.8,97,17.1,999.9,1.0,1.7,10,435.3,0
2017-07-12 16:18:00,3,56,24.8,97,17.1,999.8,0.7,1.0,12,435.3,0
2017-07-12 16:21:00,3,56,24.8,97,17.1,999.7,0.7,1.4,10,435.6,0
2017-07-12 16:24:00,3,56,24.8,98,17.1,999.7,1.4,2.0,4,435.9,0
2017-07-12 16:27:00,3,56,24.7,98,17.0,999.7,0.7,1.0,2,435.9,0
2017-07-12 16:30:00,3,56,24.7,98,17.0,999.9,2.0,2.4,10,436.2,0
2017-07-12 16:33:00,3,56,24.7,98,16.9,999.9,3.1,4.4,14,436.2,0
2017-07-12 16:36:00,3,56,24.7,97,16.8,999.9,2.0,3.4,10,436.2,0
2017-07-12 16:39:00,3,56,24.7,97,16.8,999.9,1.4,1.7,10,436.2,0
2017-07-12 16:42:00,3,56,24.7,96,16.7,1000.0,2.4,2.7,10,436.2,0
2017-07-12 16:45:00,3,56,24.7,96,16.7,999.9,1.4,2.0,10,436.2,0
2017-07-12 16:48:00,3,56,24.7,96,16.7,999.9,2.7,4.1,10,436.2,0
2017-07-12 16:51:00,3,56,24.6,96,16.6,999.9,1.7,2.0,12,436.2,0
2017-07-12 16:54:00,3,56,24.6,96,16.6,999.8,1.4,1.7,10,436.2,0
2017-07-12 16:57:00,3,56,24.6,96,16.6,999.9,1.4,1.7,11,436.2,0
2017-07-12 17:00:00,3,56,24.6,96,16.6,999.9,1.4,2.0,10,436.2,0
2017-07-12 17:03:00,3,56,24.5,96,16.5,999.9,1.4,1.7,12,436.2,0
2017-07-12 17:06:00,3,56,24.5,97,16.5,999.9,1.7,2.0,12,436.2,0
2017-07-12 17:09:00,3,56,24.5,97,16.5,999.9,1.0,1.4,10,436.5,0
2017-07-12 17:12:00,3,56,24.5,97,16.5,1000.0,1.4,2.0,12,436.5,0
2017-07-12 17:15:00,3,56,24.5,97,16.5,1000.0,0.3,0.7,15,436.5,0
2017-07-12 17:18:00,3,56,24.5,98,16.5,1000.0,0.3,1.0,10,436.5,0
2017-07-12 17:21:00,3,56,24.5,98,16.4,1000.0,1.0,1.4,10,436.5,0
2017-07-12 17:24:00,3,56,24.5,98,16.4,1000.0,0.7,1.0,14,436.5,0
2017-07-12 17:27:00,3,56,24.5,98,16.3,1000.1,0.7,1.4,14,436.5,0
2017-07-12 17:30:00,3,56,24.5,98,16.3,1000.1,0.7,1.0,14,436.5,0
2017-07-12 17:33:00,3,56,24.5,98,16.3,1000.1,0,1.0,12,436.5,0
2017-07-12 17:36:00,3,56,24.5,98,16.2,1000.2,0.7,1.4,10,436.5,0
2017-07-12 17:39:00,3,56,24.5,98,16.1,1000.1,1.0,1.7,14,436.5,0
2017-07-12 17:42:00,3,56,24.4,98,16.1,1000.2,0.7,1.0,14,436.5,0
2017-07-12 17:45:00,3,56,24.4,98,16.1,1000.3,0.7,1.0,12,436.5,0
2017-07-12 17:48:00,3,56,24.4,97,16.0,1000.3,1.4,2.0,14,436.5,0
2017-07-12 17:51:00,3,56,24.4,97,16.0,1000.3,0.7,1.0,13,436.5,0
2017-07-12 17:54:00,3,56,24.4,97,15.9,1000.3,0.3,0.7,0,436.5,0
2017-07-12 17:57:00,3,56,24.4,98,15.9,1000.3,0.7,1.0,12,436.5,0
2017-07-12 18:00:00,3,56,24.4,98,15.9,1000.4,1.4,1.7,12,436.5,0
2017-07-12 18:03:00,3,56,24.4,98,15.9,1000.4,1.4,1.7,12,436.5,0
2017-07-12 18:06:00,3,56,24.4,98,15.9,1000.4,1.4,1.7,12,436.5,0
2017-07-12 18:09:00,3,56,24.3,98,15.8,1000.3,0.7,1.0,0,436.5,0
2017-07-12 18:12:00,3,57,24.3,98,15.9,1000.4,0.3,0.7,14,436.5,0
2017-07-12 18:15:00,3,57,24.3,98,15.9,1000.4,0.3,0.7,14,436.5,0
2017-07-12 18:18:00,3,57,24.3,98,15.9,1000.4,0.3,0.7,12,436.5,0
2017-07-12 18:21:00,3,57,24.3,98,15.9,1000.4,1.0,1.7,12,436.5,0
2017-07-12 18:24:00,3,56,24.2,98,15.9,1000.5,2.0,2.7,12,436.5,0
2017-07-12 18:27:00,3,56,24.2,99,15.9,1000.6,0.3,1.0,14,436.5,0
2017-07-12 18:30:00,3,56,24.2,99,15.9,1000.6,0.7,1.4,14,436.5,0
2017-07-12 18:33:00,3,56,24.2,99,15.9,1000.7,1.4,2.0,14,436.5,0
2017-07-12 18:36:00,3,56,24.2,99,16.0,1000.8,1.0,2.0,14,436.5,0
2017-07-12 18:39:00,3,56,24.2,99,16.0,1000.8,0.3,0.7,14,436.5,0
2017-07-12 18:42:00,3,56,24.2,99,16.0,1000.8,1.4,2.0,14,436.5,0
2017-07-12 18:45:00,3,56,24.2,99,16.0,1001.0,1.0,1.7,0,436.5,0
2017-07-12 18:48:00,3,56,24.2,99,16.0,1001.1,1.0,1.4,0,436.5,0
2017-07-12 18:51:00,3,56,24.2,99,15.9,1001.2,1.7,2.7,14,436.5,0
2017-07-12 18:54:00,3,57,24.2,99,15.9,1001.2,1.4,2.0,13,436.5,0
2017-07-12 18:57:00,3,57,24.2,99,15.9,1001.3,1.4,2.7,12,436.5,0
2017-07-12 19:00:00,3,57,24.2,99,15.9,1001.4,1.0,2.0,12,436.5,0
2017-07-12 19:03:00,3,57,24.2,99,15.8,1001.5,1.4,2.4,0,436.5,0
2017-07-12 19:06:00,3,57,24.2,98,15.7,1001.5,2.0,2.7,12,436.5,0
2017-07-12 19:09:00,3,57,24.2,98,15.7,1001.6,1.0,1.7,14,436.5,0
2017-07-12 19:12:00,3,57,24.2,98,15.6,1001.6,2.4,3.7,14,436.8,0
2017-07-12 19:15:00,3,56,24.1,97,15.5,1001.8,1.7,2.4,14,436.8,0
2017-07-12 19:18:00,3,56,24.1,97,15.4,1001.8,1.7,2.4,12,436.8,0
2017-07-12 19:21:00,3,56,24.1,96,15.4,1002.0,2.4,3.4,10,436.8,0
2017-07-12 19:24:00,3,57,24.1,96,15.3,1002.2,1.4,2.0,14,436.8,0
2017-07-12 19:27:00,3,57,24.1,95,15.3,1002.3,1.0,1.4,14,436.8,0
2017-07-12 19:30:00,3,57,24.1,95,15.2,1002.4,1.7,2.0,14,436.8,0
2017-07-12 19:33:00,3,57,24.1,95,15.2,1002.5,0.7,1.4,0,436.8,0
2017-07-12 19:36:00,3,57,24.1,95,15.2,1002.5,1.4,3.4,12,436.8,0
2017-07-12 19:39:00,3,57,24.1,95,15.2,1002.6,1.7,2.4,12,436.8,0
2017-07-12 19:42:00,3,57,24.1,95,15.1,1002.6,2.0,3.1,14,436.8,0
2017-07-12 19:45:00,3,57,24.1,95,15.1,1002.8,1.4,1.7,14,436.8,0
2017-07-12 19:48:00,3,57,24.0,95,15.1,1002.9,1.4,1.7,14,436.8,0
2017-07-12 19:51:00,3,57,24.0,95,15.1,1003.0,1.0,1.7,12,436.8,0
2017-07-12 19:54:00,3,57,24.0,95,15.1,1003.0,0.3,1.0,14,436.8,0
2017-07-12 19:57:00,3,57,24.0,95,15.1,1003.0,1.4,2.7,14,436.8,0
2017-07-12 20:00:00,3,58,23.9,95,15.1,1003.1,1.0,1.4,14,436.8,0
2017-07-12 20:03:00,3,58,23.9,95,15.1,1003.2,1.0,1.4,14,436.8,0
2017-07-12 20:06:00,3,58,23.9,95,15.1,1003.2,1.0,1.4,14,436.8,0
2017-07-12 20:09:00,3,58,23.9,96,15.1,1003.3,0.7,1.4,12,436.8,0
2017-07-12 20:12:00,3,58,23.9,96,15.1,1003.4,2.4,4.1,2,436.8,0
2017-07-12 20:15:00,3,58,23.9,96,15.1,1003.3,1.7,2.0,0,436.8,0
2017-07-12 20:18:00,3,58,23.9,97,15.0,1003.6,2.0,2.7,14,436.8,0
2017-07-12 20:21:00,3,58,23.9,97,15.0,1003.5,0.7,1.4,12,436.8,0
2017-07-12 20:24:00,3,58,23.9,97,15.0,1003.6,1.0,2.0,14,436.8,0
2017-07-12 20:27:00,3,58,23.9,97,15.0,1003.5,2.4,3.4,0,436.8,0
2017-07-12 20:30:00,3,58,23.9,97,15.0,1003.7,2.4,4.1,13,436.8,0
2017-07-12 20:33:00,3,58,23.9,97,15.0,1003.7,1.4,1.7,14,436.8,0
2017-07-12 20:36:00,3,58,23.9,97,14.9,1003.7,2.4,4.1,10,437.1,0
2017-07-12 20:39:00,3,58,23.9,97,14.9,1003.9,1.0,1.7,12,437.1,0
2017-07-12 20:42:00,3,58,23.9,96,14.8,1003.8,2.0,2.7,12,437.1,0
2017-07-12 20:45:00,3,58,23.9,96,14.8,1004.0,1.0,1.7,14,437.1,0
2017-07-12 20:48:00,3,58,23.9,96,14.7,1004.1,1.0,2.0,14,437.1,0
2017-07-12 20:51:00,3,58,23.8,96,14.6,1004.1,1.4,2.0,12,437.1,0
2017-07-12 20:54:00,3,58,23.8,96,14.5,1004.3,3.7,5.4,0,437.1,0
2017-07-12 20:57:00,3,58,23.8,95,14.5,1004.4,2.0,3.4,14,437.1,0
2017-07-12 21:00:00,3,58,23.8,95,14.4,1004.6,0.7,1.4,14,437.1,0
2017-07-12 21:03:00,3,58,23.8,95,14.3,1004.6,2.4,4.4,12,438.3,0
2017-07-12 21:06:00,3,58,23.8,94,14.1,1004.7,4.1,5.4,12,438.3,0
2017-07-12 21:09:00,3,58,23.8,93,13.8,1004.8,1.4,2.0,14,438.3,0
2017-07-12 21:12:00,3,58,23.8,92,13.7,1005.0,1.7,2.4,10,438.3,0
2017-07-12 21:15:00,3,58,23.8,91,13.6,1005.0,2.4,3.4,14,438.3,0
2017-07-12 21:18:00,3,58,23.8,91,13.4,1005.0,1.0,1.7,14,438.3,0
2017-07-12 21:21:00,3,58,23.8,90,13.3,1005.3,0.7,1.0,12,438.3,0
2017-07-12 21:24:00,3,58,23.6,90,13.2,1005.3,5.1,6.8,12,438.3,0
2017-07-12 21:27:00,3,58,23.6,90,13.2,1005.3,1.4,2.0,8,438.3,0
2017-07-12 21:30:00,3,58,23.8,90,13.1,1005.4,1.0,1.7,8,438.3,0
2017-07-12 21:33:00,3,58,23.8,90,13.1,1005.4,1.7,2.7,14,438.3,0
2017-07-12 21:36:00,3,58,23.7,90,13.1,1005.6,1.7,3.1,14,438.3,0
2017-07-12 21:39:00,3,58,23.7,90,13.0,1005.7,0.7,1.4,12,438.3,0
2017-07-12 21:42:00,3,58,23.7,90,13.0,1005.8,1.4,2.0,14,438.3,0
2017-07-12 21:45:00,3,58,23.7,89,13.0,1005.9,0.7,1.4,12,438.3,0
2017-07-12 21:48:00,3,58,23.7,89,13.0,1005.9,1.0,1.4,0,438.3,0
2017-07-12 21:51:00,3,58,23.7,90,13.0,1006.0,1.4,2.0,14,438.3,0
2017-07-12 21:54:00,3,58,23.7,90,13.0,1006.1,1.0,1.4,0,438.3,0
2017-07-12 21:57:00,3,58,23.7,90,13.0,1006.1,0.7,1.0,14,438.3,0
