2017-07-24 00:00:00,3,55,24.1,92,15.1,1007.1,0,0,2,464.1,0
2017-07-24 00:03:00,3,55,24.0,92,15.1,1007.2,0,0,2,464.1,0
2017-07-24 00:06:00,3,55,24.0,92,15.1,1007.1,0,0,2,464.1,0
2017-07-24 00:09:00,3,55,24.0,93,15.1,1007.0,0,0,2,464.1,0
2017-07-24 00:12:00,3,55,24.0,93,15.1,1007.1,0,0,2,464.1,0
2017-07-24 00:15:00,3,55,24.0,93,15.1,1007.1,0,0,2,464.1,0
2017-07-24 00:18:00,3,55,24.0,93,15.1,1007.0,0,0,2,464.1,0
2017-07-24 00:21:00,3,55,24.0,93,15.1,1007.1,0,0,2,464.1,0
2017-07-24 00:24:00,3,56,23.9,93,15.1,1007.0,0,0,2,464.1,0
2017-07-24 00:27:00,3,56,23.9,94,15.1,1006.9,0,0,2,464.1,0
2017-07-24 00:30:00,3,56,23.9,94,15.0,1006.9,0,0,2,464.1,0
2017-07-24 00:33:00,3,56,23.9,94,15.0,1007.0,0,0,2,464.1,0
2017-07-24 00:36:00,3,56,23.9,94,15.0,1007.0,0,0,2,464.1,0
2017-07-24 00:39:00,3,56,23.9,94,15.0,1006.9,0,0,2,464.1,0
2017-07-24 00:42:00,3,56,23.9,94,14.9,1006.9,0,0,2,464.1,0
2017-07-24 00:45:00,3,56,23.9,94,14.9,1006.8,0,0,2,464.1,0
2017-07-24 00:48:00,3,56,23.9,94,15.0,1006.7,0,0,0,464.1,0
2017-07-24 00:51:00,3,56,23.9,95,15.0,1006.9,0,0,0,464.1,0
2017-07-24 00:54:00,3,56,23.9,95,15.0,1006.7,0,0,0,464.1,0
2017-07-24 00:57:00,3,56,23.9,95,15.0,1006.8,0,0,0,464.1,0
2017-07-24 01:00:00,3,56,23.9,95,15.0,1006.7,0,0,0,464.1,0
2017-07-24 01:03:00,3,56,23.9,95,15.0,1006.8,0,0,0,464.1,0
2017-07-24 01:06:00,3,56,23.9,95,15.1,1006.8,0,0,0,464.1,0
2017-07-24 01:09:00,3,56,23.9,95,15.1,1006.7,0,0,0,464.1,0
2017-07-24 01:12:00,3,56,23.9,96,15.1,1006.7,0,0,8,464.1,0
2017-07-24 01:15:00,3,56,23.9,96,15.2,1006.7,0,0,10,464.1,0
2017-07-24 01:18:00,3,56,23.8,96,15.3,1006.8,0,0,10,464.1,0
2017-07-24 01:21:00,3,56,23.8,96,15.3,1006.7,0,0,12,464.1,0
2017-07-24 01:24:00,3,56,23.8,96,15.4,1006.5,0,0,12,464.1,0
2017-07-24 01:27:00,3,56,23.8,97,15.4,1006.6,0,0,12,464.1,0
2017-07-24 01:30:00,3,56,23.8,97,15.5,1006.6,0,0,0,464.1,0
2017-07-24 01:33:00,3,56,23.8,97,15.5,1006.6,0,0,0,464.1,0
2017-07-24 01:36:00,3,56,23.8,97,15.5,1006.6,0,0.3,0,464.1,0
2017-07-24 01:39:00,3,56,23.8,97,15.5,1006.6,0,0,0,464.1,0
2017-07-24 01:42:00,3,56,23.8,97,15.5,1006.6,0,0,0,464.1,0
2017-07-24 01:45:00,3,56,23.8,97,15.5,1006.6,0,0,0,464.1,0
2017-07-24 01:48:00,3,56,23.8,97,15.5,1006.6,0,0,0,464.1,0
2017-07-24 01:51:00,3,56,23.8,97,15.5,1006.4,0,0,0,464.1,0
2017-07-24 01:54:00,3,56,23.8,97,15.5,1006.4,0,0,0,464.1,0
2017-07-24 01:57:00,3,56,23.8,97,15.5,1006.4,0,0,0,464.1,0
2017-07-24 02:00:00,3,56,23.8,97,15.5,1006.3,0,0,0,464.1,0
2017-07-24 02:03:00,3,56,23.8,97,15.5,1006.3,0,0,0,464.1,0
2017-07-24 02:06:00,3,56,23.8,97,15.5,1006.3,0,0,0,464.1,0
2017-07-24 02:09:00,3,56,23.8,96,15.4,1006.3,0,0,0,464.1,0
2017-07-24 02:12:00,3,56,23.8,96,15.4,1006.2,0,0,0,464.1,0
2017-07-24 02:15:00,3,56,23.8,96,15.4,1006.2,0,0,0,464.1,0
2017-07-24 02:18:00,3,56,23.8,96,15.4,1006.2,0,0,0,464.1,0
2017-07-24 02:21:00,3,56,23.7,96,15.4,1006.1,0,0,0,464.1,0
2017-07-24 02:24:00,3,56,23.7,96,15.3,1006.2,0,0,0,464.1,0
2017-07-24 02:27:00,3,56,23.7,96,15.3,1006.1,0,0,0,464.1,0
2017-07-24 02:30:00,3,56,23.7,96,15.2,1006.1,0,0,0,464.1,0
2017-07-24 02:33:00,3,56,23.7,96,15.2,1006.0,0,0,0,464.1,0
2017-07-24 02:36:00,3,56,23.7,96,15.2,1006.0,0,0,0,464.1,0
2017-07-24 02:39:00,3,56,23.7,96,15.1,1006.0,0,0,0,464.1,0
2017-07-24 02:42:00,3,56,23.7,96,15.0,1006.0,0,0,0,464.1,0
2017-07-24 02:45:00,3,57,23.7,96,15.0,1006.0,0,0,0,464.1,0
2017-07-24 02:48:00,3,57,23.6,96,14.9,1005.9,0,0,0,464.1,0
2017-07-24 02:51:00,3,57,23.6,96,14.9,1005.9,0,0,0,464.1,0
2017-07-24 02:54:00,3,57,23.6,96,14.8,1005.9,0,0,0,464.1,0
2017-07-24 02:57:00,3,57,23.5,96,14.7,1005.8,0,0,0,464.1,0
2017-07-24 03:00:00,3,56,23.5,96,14.7,1005.8,0,0,0,464.1,0
2017-07-24 03:03:00,3,56,23.5,96,14.6,1005.8,0,0,1,464.1,0
2017-07-24 03:06:00,3,56,23.5,96,14.6,1005.7,0,0,1,464.1,0
2017-07-24 03:09:00,3,56,23.5,96,14.5,1005.7,0,0,0,464.1,0
2017-07-24 03:12:00,3,56,23.5,96,14.5,1005.7,0,0,0,464.1,0
2017-07-24 03:15:00,3,56,23.5,96,14.4,1005.6,0,0,0,464.1,0
2017-07-24 03:18:00,3,56,23.5,96,14.4,1005.6,0,0,0,464.1,0
2017-07-24 03:21:00,3,56,23.5,96,14.4,1005.5,0,0,0,464.1,0
2017-07-24 03:24:00,3,56,23.5,96,14.3,1005.6,0,0,0,464.1,0
2017-07-24 03:27:00,3,56,23.5,96,14.2,1005.5,0,0,0,464.1,0
2017-07-24 03:30:00,3,56,23.4,96,14.2,1005.6,0,0,0,464.1,0
2017-07-24 03:33:00,3,56,23.4,96,14.2,1005.6,0,0,0,464.1,0
2017-07-24 03:36:00,3,56,23.3,96,14.1,1005.6,0,0,0,464.1,0
2017-07-24 03:39:00,3,56,23.4,96,14.1,1005.6,0,0,0,464.1,0
2017-07-24 03:42:00,3,56,23.3,96,14.1,1005.5,0,0,0,464.1,0
2017-07-24 03:45:00,3,56,23.4,96,14.1,1005.6,0,0,0,464.1,0
2017-07-24 03:48:00,3,56,23.4,96,14.1,1005.6,0,0,0,464.1,0
2017-07-24 03:51:00,3,56,23.3,97,14.1,1005.7,0,0,0,464.1,0
2017-07-24 03:54:00,3,56,23.4,97,14.1,1005.6,0,0,0,464.1,0
2017-07-24 03:57:00,3,56,23.4,97,14.2,1005.5,0,0,0,464.1,0
2017-07-24 04:00:00,3,56,23.3,97,14.2,1005.5,0,0,0,464.1,0
2017-07-24 04:03:00,3,56,23.3,97,14.2,1005.4,0,0,0,464.1,0
2017-07-24 04:06:00,3,56,23.3,97,14.2,1005.4,0,0,0,464.1,0
2017-07-24 04:09:00,3,56,23.4,97,14.3,1005.5,0,0,0,464.1,0
2017-07-24 04:12:00,3,56,23.3,97,14.3,1005.5,0,0,0,464.1,0
2017-07-24 04:15:00,3,56,23.3,97,14.3,1005.5,0,0,2,464.1,0
2017-07-24 04:18:00,3,56,23.2,98,14.3,1005.5,0,0,2,464.1,0
2017-07-24 04:21:00,3,56,23.2,98,14.4,1005.4,0,0,2,464.1,0
2017-07-24 04:24:00,3,56,23.2,98,14.5,1005.5,0,0,11,464.1,0
2017-07-24 04:27:00,3,56,23.3,98,14.6,1005.5,0.7,1.0,10,464.1,0
2017-07-24 04:30:00,3,56,23.3,98,14.7,1005.4,0,0,14,464.1,0
2017-07-24 04:33:00,3,56,23.3,98,14.9,1005.4,0,0,14,464.1,0
2017-07-24 04:36:00,3,56,23.2,99,15.0,1005.2,0,0,14,464.1,0
2017-07-24 04:39:00,3,56,23.2,99,15.0,1005.2,0,0,14,464.1,0
2017-07-24 04:42:00,3,56,23.2,99,15.1,1005.3,0,0,14,464.1,0
2017-07-24 04:45:00,3,56,23.2,99,15.2,1005.2,0,0,14,464.1,0
2017-07-24 04:48:00,3,56,23.2,99,15.2,1005.0,0,0.3,2,464.1,0
2017-07-24 04:51:00,3,56,23.2,98,15.2,1005.1,0,0.3,0,464.1,0
2017-07-24 04:54:00,3,56,23.2,98,15.2,1005.1,0,0.3,0,464.1,0
2017-07-24 04:57:00,3,56,23.2,98,15.3,1005.0,0,0,0,464.1,0
2017-07-24 05:00:00,3,56,23.2,98,15.3,1004.9,0,0,0,464.1,0
2017-07-24 05:03:00,3,56,23.2,97,15.4,1004.9,0,0,0,464.1,0
2017-07-24 05:06:00,3,56,23.2,97,15.5,1004.9,0,0,0,464.1,0
2017-07-24 05:09:00,3,56,23.2,97,15.6,1004.9,0,0,0,464.1,0
2017-07-24 05:12:00,3,56,23.2,97,15.6,1004.9,0,0,0,464.1,0
2017-07-24 05:15:00,3,56,23.2,96,15.7,1004.9,0,0.3,0,464.1,0
2017-07-24 05:18:00,3,56,23.1,96,15.8,1004.8,0,0,0,464.1,0
2017-07-24 05:21:00,3,56,23.2,96,15.9,1004.9,0,0,0,464.1,0
2017-07-24 05:24:00,3,56,23.2,95,16.0,1004.7,0,0,0,464.1,0
2017-07-24 05:27:00,3,57,23.2,95,16.1,1004.8,0,0,0,464.1,0
2017-07-24 05:30:00,3,57,23.2,94,16.2,1004.7,0,0,0,464.1,0
2017-07-24 05:33:00,3,57,23.2,94,16.3,1004.8,0,0,0,464.1,0
2017-07-24 05:36:00,3,57,23.2,93,16.4,1004.8,0,0,0,464.1,0
2017-07-24 05:39:00,3,57,23.2,92,16.6,1004.7,0,0,0,464.1,0
2017-07-24 05:42:00,3,57,23.2,90,16.6,1004.8,0.3,0.7,0,464.1,0
2017-07-24 05:45:00,3,57,23.1,88,16.7,1004.7,0.3,0.7,0,464.1,0
2017-07-24 05:48:00,3,57,23.1,86,16.7,1004.6,0.3,0.7,0,464.1,0
2017-07-24 05:51:00,3,57,23.1,85,16.8,1004.6,0.7,1.0,0,464.1,0
2017-07-24 05:54:00,3,57,23.2,85,16.9,1004.6,0.3,0.7,0,464.1,0
2017-07-24 05:57:00,3,57,23.0,85,17.0,1004.6,0.7,1.0,2,464.1,0
2017-07-24 06:00:00,3,57,23.1,85,17.0,1004.6,0.7,1.0,0,464.1,0
2017-07-24 06:03:00,3,57,23.1,85,17.0,1004.6,0.7,1.0,0,464.1,0
2017-07-24 06:06:00,3,57,23.0,85,17.0,1004.6,0.7,1.0,0,464.1,0
2017-07-24 06:09:00,3,57,23.0,80,17.5,1004.4,0.3,0.7,0,464.1,0
2017-07-24 06:12:00,3,57,23.0,80,17.7,1004.5,0,0.3,0,464.1,0
2017-07-24 06:15:00,3,57,23.0,77,18.0,1004.5,0.3,0.7,2,464.1,0
2017-07-24 06:18:00,3,57,23.0,74,18.3,1004.4,0.3,0.7,4,464.1,0
2017-07-24 06:21:00,3,57,23.0,74,18.6,1004.5,0,0.3,14,464.1,0
2017-07-24 06:24:00,3,57,23.1,75,19.0,1004.5,0,0,0,464.1,0
2017-07-24 06:27:00,3,58,23.1,73,19.6,1004.4,1.0,1.4,2,464.1,0
2017-07-24 06:30:00,3,58,23.3,70,19.7,1004.5,0.3,0.7,2,464.1,0
2017-07-24 06:33:00,3,57,23.4,70,19.9,1004.5,0,0.3,3,464.1,0
2017-07-24 06:36:00,3,57,23.6,68,20.0,1004.4,0.3,0.7,8,464.1,0
2017-07-24 06:39:00,3,57,23.7,67,20.1,1004.4,0.7,0.7,2,464.1,0
2017-07-24 06:42:00,3,57,23.8,67,20.2,1004.4,1.0,1.4,2,464.1,0
2017-07-24 06:45:00,3,56,23.9,66,20.1,1004.4,0.7,0.7,2,464.1,0
2017-07-24 06:48:00,3,56,23.9,65,20.1,1004.5,0.3,0.7,0,464.1,0
2017-07-24 06:51:00,3,55,24.1,67,20.2,1004.5,0.3,0.7,2,464.1,0
2017-07-24 06:54:00,3,54,24.1,67,20.2,1004.6,0.3,0.7,8,464.1,0
2017-07-24 06:57:00,3,54,24.1,67,20.4,1004.5,0,0.3,4,464.1,0
2017-07-24 07:00:00,3,54,24.1,67,20.6,1004.5,0.7,1.0,4,464.1,0
2017-07-24 07:03:00,3,54,24.1,66,20.7,1004.5,0,0.3,14,464.1,0
2017-07-24 07:06:00,3,54,24.1,65,20.7,1004.5,0.3,0.7,6,464.1,0
2017-07-24 07:09:00,3,53,24.1,64,20.7,1004.5,0.3,1.0,2,464.1,0
2017-07-24 07:12:00,3,53,24.2,64,20.6,1004.5,0.3,0.7,14,464.1,0
2017-07-24 07:15:00,3,54,24.2,65,20.6,1004.5,0.7,1.0,0,464.1,0
2017-07-24 07:18:00,3,53,24.2,64,20.6,1004.5,0,0.3,2,464.1,0
2017-07-24 07:21:00,3,53,24.2,64,20.7,1004.6,0.3,0.7,2,464.1,0
2017-07-24 07:24:00,3,53,24.3,65,20.9,1004.5,1.0,1.4,8,464.1,0
2017-07-24 07:27:00,3,53,24.4,64,21.0,1004.5,0.3,0.7,4,464.1,0
2017-07-24 07:30:00,3,53,24.4,63,21.0,1004.6,0.7,1.0,4,464.1,0
2017-07-24 07:33:00,3,53,24.4,64,21.1,1004.4,0.3,0.7,10,464.1,0
2017-07-24 07:36:00,3,53,24.4,66,21.2,1004.5,0.3,0.3,2,464.1,0
2017-07-24 07:39:00,3,53,24.4,64,21.5,1004.5,0.3,1.0,8,464.1,0
2017-07-24 07:42:00,3,53,24.5,62,21.6,1004.4,0.3,0.7,2,464.1,0
2017-07-24 07:45:00,3,53,24.5,62,21.8,1004.4,0.3,0.3,10,464.1,0
2017-07-24 07:48:00,3,53,24.5,61,21.9,1004.4,0.3,0.7,0,464.1,0
2017-07-24 07:51:00,3,52,24.5,60,21.7,1004.4,0.7,1.0,8,464.1,0
2017-07-24 07:54:00,3,52,24.5,60,21.6,1004.4,0.3,0.7,7,464.1,0
2017-07-24 07:57:00,3,52,24.6,60,21.7,1004.4,0.7,1.4,0,464.1,0
2017-07-24 08:00:00,3,52,24.6,60,21.7,1004.5,0.3,0.7,14,464.1,0
2017-07-24 08:03:00,3,52,24.7,60,21.7,1004.4,0.3,0.7,14,464.1,0
2017-07-24 08:06:00,3,52,24.7,60,21.7,1004.5,0.3,0.7,14,464.1,0
2017-07-24 08:09:00,3,51,24.7,56,22.7,1004.4,0,0.3,10,464.1,0
2017-07-24 08:12:00,3,51,24.6,52,22.7,1004.5,1.7,2.0,8,464.1,0
2017-07-24 08:15:00,3,51,24.7,51,22.5,1004.4,0.3,0.7,8,464.1,0
2017-07-24 08:18:00,3,50,24.7,54,22.6,1004.5,0.3,0.7,8,464.1,0
2017-07-24 08:21:00,3,51,24.7,53,22.6,1004.5,1.4,1.7,10,464.1,0
2017-07-24 08:24:00,3,51,24.7,52,22.6,1004.5,1.0,1.4,10,464.1,0
2017-07-24 08:27:00,3,50,24.8,53,22.8,1004.4,0,0.3,14,464.1,0
2017-07-24 08:30:00,3,50,24.8,51,23.1,1004.3,1.0,1.0,12,464.1,0
2017-07-24 08:33:00,3,50,24.8,51,23.2,1004.4,1.0,1.4,2,464.1,0
2017-07-24 08:36:00,3,50,24.8,50,23.3,1004.4,1.0,1.7,10,464.1,0
2017-07-24 08:39:00,3,49,24.9,50,23.4,1004.3,0.7,1.0,10,464.1,0
2017-07-24 08:42:00,3,49,24.9,49,23.6,1004.3,0.3,0.7,14,464.1,0
2017-07-24 08:45:00,3,49,24.7,44,23.3,1004.3,1.0,1.4,4,464.1,0
2017-07-24 08:48:00,3,49,24.7,44,23.3,1004.2,0.7,1.0,12,464.1,0
2017-07-24 08:51:00,3,48,24.6,45,23.5,1004.3,0.3,0.7,10,464.1,0
2017-07-24 08:54:00,3,48,24.5,46,23.7,1004.1,1.0,1.4,12,464.1,0
2017-07-24 08:57:00,3,48,24.5,44,23.8,1004.1,1.4,1.7,8,464.1,0
2017-07-24 09:00:00,3,48,24.5,45,23.7,1004.2,0.7,1.4,10,464.1,0
2017-07-24 09:03:00,3,48,24.4,45,23.7,1004.1,0.3,0.7,6,464.1,0
2017-07-24 09:06:00,3,48,24.4,45,23.4,1004.1,0.7,1.4,4,464.1,0
2017-07-24 09:09:00,3,47,24.4,45,23.3,1004.1,0.7,1.0,2,464.1,0
2017-07-24 09:12:00,3,48,24.3,46,23.3,1004.1,0,0.3,4,464.1,0
2017-07-24 09:15:00,3,47,24.2,47,23.6,1004.0,1.4,1.7,6,464.1,0
2017-07-24 09:18:00,3,47,24.2,46,23.8,1003.9,1.4,1.7,8,464.1,0
2017-07-24 09:21:00,3,48,24.2,46,23.6,1003.9,0.7,1.0,10,464.1,0
2017-07-24 09:24:00,3,48,24.2,47,23.4,1004.0,0.3,0.7,10,464.1,0
2017-07-24 09:27:00,3,48,24.2,48,23.2,1004.1,0.7,1.0,8,464.1,0
2017-07-24 09:30:00,3,48,24.1,49,23.3,1003.9,0.3,0.7,10,464.1,0
2017-07-24 09:33:00,3,48,24.1,47,23.4,1003.8,0.7,1.0,2,464.1,0
2017-07-24 09:36:00,3,48,24.1,45,23.4,1003.8,1.7,2.4,6,464.1,0
2017-07-24 09:39:00,3,48,24.1,45,23.3,1003.8,1.4,1.7,8,464.1,0
2017-07-24 09:42:00,3,48,24.1,45,23.5,1003.8,1.0,1.4,10,464.1,0
2017-07-24 09:45:00,3,48,24.1,45,23.6,1003.7,0.3,0.7,6,464.1,0
2017-07-24 09:48:00,3,48,24.0,46,23.5,1003.8,0.7,2.0,8,464.1,0
2017-07-24 09:51:00,3,48,24.0,45,23.6,1003.8,1.0,1.7,10,464.1,0
2017-07-24 09:54:00,3,48,24.0,46,23.6,1003.8,0.3,0.7,12,464.1,0
2017-07-24 09:57:00,3,49,23.9,50,24.0,1003.8,0.7,1.0,8,464.1,0
2017-07-24 10:00:00,3,49,23.9,44,24.1,1003.7,1.4,1.7,9,464.1,0
2017-07-24 10:03:00,3,49,23.9,44,24.1,1003.7,1.4,1.7,9,464.1,0
2017-07-24 10:06:00,3,49,23.9,44,24.1,1003.8,1.4,1.7,9,464.1,0
2017-07-24 10:09:00,3,49,23.9,41,23.9,1003.6,0.7,1.0,8,464.1,0
2017-07-24 10:12:00,3,47,23.9,42,24.0,1003.7,0.3,0.7,10,464.1,0
2017-07-24 10:15:00,3,47,23.9,44,24.2,1003.6,1.4,1.7,8,464.1,0
2017-07-24 10:18:00,3,47,23.9,42,24.2,1003.6,1.4,1.7,0,464.1,0
2017-07-24 10:21:00,3,48,23.9,41,24.2,1003.6,1.4,2.0,4,464.1,0
2017-07-24 10:24:00,3,48,23.9,40,24.0,1003.5,0.3,0.7,0,464.1,0
2017-07-24 10:27:00,3,48,23.9,42,24.1,1003.6,1.0,1.4,8,464.1,0
2017-07-24 10:30:00,3,48,23.9,43,24.1,1003.5,0.7,1.0,8,464.1,0
2017-07-24 10:33:00,3,48,23.9,42,24.0,1003.4,1.4,1.7,0,464.1,0
2017-07-24 10:36:00,3,48,23.9,42,23.8,1003.4,1.4,1.7,4,464.1,0
2017-07-24 10:39:00,3,48,23.8,43,23.8,1003.3,0.7,1.0,6,464.1,0
2017-07-24 10:42:00,3,49,23.9,42,24.0,1003.2,1.0,1.4,12,464.1,0
2017-07-24 10:45:00,3,49,23.9,41,24.3,1003.2,1.0,1.4,12,464.1,0
2017-07-24 10:48:00,3,49,23.9,40,24.4,1003.2,0,0.3,7,464.1,0
2017-07-24 10:51:00,3,49,23.9,41,24.5,1003.1,1.4,2.0,8,464.1,0
2017-07-24 10:54:00,3,49,23.9,41,24.6,1003.2,1.4,1.7,8,464.1,0
2017-07-24 10:57:00,3,50,23.9,40,24.5,1003.1,1.0,1.0,10,464.1,0
2017-07-24 11:00:00,3,50,23.9,40,24.5,1003.1,0.7,1.0,2,464.1,0
2017-07-24 11:03:00,3,49,24.0,40,24.6,1003.1,0.3,0.7,8,464.1,0
2017-07-24 11:06:00,3,49,24.0,40,24.9,1003.1,0.3,1.0,11,464.1,0
2017-07-24 11:09:00,3,49,24.1,39,25.0,1003.1,1.4,2.0,2,464.1,0
2017-07-24 11:12:00,3,49,24.1,39,24.9,1003.0,0.7,1.4,10,464.1,0
2017-07-24 11:15:00,3,49,24.1,39,25.0,1003.0,1.4,1.7,6,464.1,0
2017-07-24 11:18:00,3,49,24.1,38,25.1,1003.0,1.4,1.7,8,464.1,0
2017-07-24 11:21:00,3,50,24.1,36,25.0,1002.9,0.7,1.4,8,464.1,0
2017-07-24 11:24:00,3,50,24.1,36,24.8,1002.9,1.7,2.0,6,464.1,0
2017-07-24 11:27:00,3,50,24.2,36,24.8,1002.8,0.7,1.0,2,464.1,0
2017-07-24 11:30:00,3,50,24.2,35,24.7,1002.8,1.4,2.0,14,464.1,0
2017-07-24 11:33:00,3,50,24.2,40,24.8,1002.8,1.0,1.0,12,464.1,0
2017-07-24 11:36:00,3,50,24.2,40,25.0,1002.7,0.3,0.7,6,464.1,0
2017-07-24 11:39:00,3,50,24.2,36,25.2,1002.7,1.4,1.7,2,464.1,0
2017-07-24 11:42:00,3,50,24.2,37,25.1,1002.6,0.7,1.0,14,464.1,0
2017-07-24 11:45:00,3,50,24.2,36,25.1,1002.5,1.7,2.0,10,464.1,0
2017-07-24 11:48:00,3,50,24.2,40,25.2,1002.6,0.3,0.7,8,464.1,0
2017-07-24 11:51:00,3,50,24.2,37,25.6,1002.5,0.3,0.7,8,464.1,0
2017-07-24 11:54:00,3,50,24.2,34,25.7,1002.6,0.7,1.0,1,464.1,0
2017-07-24 11:57:00,3,50,24.3,37,25.6,1002.5,0.7,1.0,0,464.1,0
2017-07-24 12:00:00,3,50,24.3,38,25.6,1002.5,1.0,1.7,4,464.1,0
2017-07-24 12:03:00,3,50,24.3,38,25.6,1002.5,1.0,1.7,4,464.1,0
2017-07-24 12:06:00,3,50,24.3,38,25.6,1002.5,1.0,1.7,4,464.1,0
2017-07-24 12:09:00,3,50,24.4,33,25.4,1002.5,1.4,1.7,0,464.1,0
2017-07-24 12:12:00,3,50,24.4,38,25.3,1002.4,0.3,0.7,9,464.1,0
2017-07-24 12:15:00,3,50,24.4,34,25.6,1002.5,1.4,2.4,4,464.1,0
2017-07-24 12:18:00,3,50,24.4,34,25.6,1002.5,0.7,1.0,0,464.1,0
2017-07-24 12:21:00,3,50,24.4,33,25.6,1002.4,0.3,0.7,8,464.1,0
2017-07-24 12:24:00,3,50,24.4,33,25.6,1002.4,0.7,1.7,0,464.1,0
2017-07-24 12:27:00,3,50,24.5,34,25.5,1002.3,1.7,2.0,0,464.1,0
2017-07-24 12:30:00,3,50,24.5,33,25.3,1002.2,2.0,2.4,4,464.1,0
2017-07-24 12:33:00,3,50,24.5,36,25.2,1002.3,0.7,1.0,6,464.1,0
2017-07-24 12:36:00,3,50,24.5,34,25.3,1002.1,1.4,1.7,2,464.1,0
2017-07-24 12:39:00,3,50,24.5,34,25.3,1002.2,1.4,1.7,8,464.1,0
2017-07-24 12:42:00,3,50,24.5,35,25.5,1002.2,0.7,1.0,2,464.1,0
2017-07-24 12:45:00,3,50,24.5,36,25.4,1002.1,0.3,0.7,12,464.1,0
2017-07-24 12:48:00,3,50,24.5,37,25.5,1002.2,1.7,2.4,4,464.1,0
2017-07-24 12:51:00,3,50,24.6,35,25.1,1002.2,1.4,2.0,6,464.1,0
2017-07-24 12:54:00,3,50,24.6,37,24.9,1002.1,2.0,3.1,4,464.1,0
2017-07-24 12:57:00,3,50,24.6,38,24.8,1002.2,1.7,2.4,2,464.1,0
2017-07-24 13:00:00,3,50,24.7,40,24.9,1002.2,1.0,1.7,2,464.1,0
2017-07-24 13:03:00,3,50,24.7,37,24.7,1002.1,1.4,1.7,4,464.1,0
2017-07-24 13:06:00,3,49,24.7,40,24.6,1002.2,0.7,1.4,2,464.1,0
2017-07-24 13:09:00,3,49,24.7,39,24.5,1002.3,0.3,0.7,2,464.1,0
2017-07-24 13:12:00,3,49,24.7,36,24.5,1002.2,1.4,1.7,0,464.1,0
2017-07-24 13:15:00,3,48,24.7,34,24.5,1002.3,1.0,1.7,0,464.1,0
2017-07-24 13:18:00,3,48,24.7,35,24.6,1002.2,1.0,1.7,0,464.1,0
2017-07-24 13:21:00,3,47,24.9,35,24.7,1002.2,0.3,1.4,2,464.1,0
2017-07-24 13:24:00,3,47,24.8,34,24.7,1002.2,1.0,1.4,2,464.1,0
2017-07-24 13:27:00,3,47,24.8,35,24.7,1002.2,1.7,2.4,2,464.1,0
2017-07-24 13:30:00,3,47,24.8,37,24.7,1002.1,0.7,1.0,0,464.1,0
2017-07-24 13:33:00,3,47,24.8,34,24.6,1002.2,1.7,2.0,2,464.1,0
2017-07-24 13:36:00,3,47,24.8,34,24.6,1002.1,1.4,2.0,2,464.1,0
2017-07-24 13:39:00,3,47,24.8,33,24.5,1002.2,0.7,1.4,4,464.1,0
2017-07-24 13:42:00,3,47,24.9,35,24.4,1002.1,0.7,1.0,2,464.1,0
2017-07-24 13:45:00,3,47,24.9,35,24.2,1002.0,0.7,1.0,4,464.1,0
2017-07-24 13:48:00,3,46,24.9,36,24.2,1002.0,1.0,1.0,4,464.1,0
2017-07-24 13:51:00,3,46,24.9,40,24.2,1002.0,0.7,1.0,0,464.1,0
2017-07-24 13:54:00,3,45,25.0,35,24.2,1002.1,1.0,1.7,4,464.1,0
2017-07-24 13:57:00,3,45,25.0,36,24.2,1002.0,0.7,1.0,4,464.1,0
2017-07-24 14:00:00,3,45,25.0,37,24.2,1002.1,1.4,2.0,4,464.1,0
2017-07-24 14:03:00,3,45,25.0,37,24.2,1002.1,1.4,2.0,4,464.1,0
2017-07-24 14:06:00,3,45,25.0,37,24.2,1002.1,1.4,2.0,4,464.1,0
2017-07-24 14:09:00,3,45,25.0,39,24.2,1002.0,0.3,0.7,0,464.1,0
2017-07-24 14:12:00,3,45,25.0,41,24.5,1002.0,0.3,1.0,4,464.1,0
2017-07-24 14:15:00,3,45,25.0,40,24.7,1002.0,0.7,1.0,2,464.1,0
2017-07-24 14:18:00,3,45,25.0,39,24.7,1001.9,0.3,0.7,12,464.1,0
2017-07-24 14:21:00,3,45,25.0,37,24.7,1001.8,1.0,1.4,2,464.1,0
2017-07-24 14:24:00,3,45,25.0,37,24.7,1001.8,0.7,1.0,14,464.1,0
2017-07-24 14:27:00,3,45,25.0,37,24.6,1001.8,0,0.7,12,464.1,0
2017-07-24 14:30:00,3,45,25.0,38,24.6,1001.8,0.3,1.0,0,464.1,0
2017-07-24 14:33:00,3,45,25.0,38,24.5,1001.7,0.3,0.7,14,464.1,0
2017-07-24 14:36:00,3,45,25.0,40,24.4,1001.8,1.0,1.4,12,464.1,0
2017-07-24 14:39:00,3,45,25.0,37,24.2,1001.7,1.4,1.7,2,464.1,0
2017-07-24 14:42:00,3,44,25.0,37,24.1,1001.6,0.7,1.4,0,464.1,0
2017-07-24 14:45:00,3,44,25.0,40,24.2,1001.6,0.3,0.7,0,464.1,0
2017-07-24 14:48:00,3,44,25.0,40,24.2,1001.6,0.7,1.0,0,464.1,0
2017-07-24 14:51:00,3,44,25.0,39,24.2,1001.7,0.3,0.7,6,464.1,0
2017-07-24 14:54:00,3,44,25.0,40,24.2,1001.6,1.0,1.4,2,464.1,0
2017-07-24 14:57:00,3,44,25.1,40,24.2,1001.6,0.3,0.7,0,464.1,0
2017-07-24 15:00:00,3,44,25.1,40,24.2,1001.5,0.7,1.0,0,464.1,0
2017-07-24 15:03:00,3,44,25.1,39,24.2,1001.5,0.3,0.7,4,464.1,0
2017-07-24 15:06:00,3,44,25.1,40,24.2,1001.4,0,0.3,6,464.1,0
2017-07-24 15:09:00,3,44,25.1,40,24.2,1001.5,0.7,1.4,2,464.1,0
2017-07-24 15:12:00,3,44,25.1,40,24.1,1001.4,1.0,1.4,1,464.1,0
2017-07-24 15:15:00,3,44,25.1,42,24.0,1001.3,0.3,0.7,0,464.1,0
2017-07-24 15:18:00,3,43,25.1,42,24.0,1001.3,0.7,1.0,2,464.1,0
2017-07-24 15:21:00,3,43,25.1,43,24.0,1001.3,0.3,0.7,2,464.1,0
2017-07-24 15:24:00,3,43,25.1,42,23.9,1001.4,0.7,1.4,2,464.1,0
2017-07-24 15:27:00,3,44,25.1,41,23.8,1001.3,1.7,2.0,0,464.1,0
2017-07-24 15:30:00,3,44,25.1,41,23.7,1001.3,0.3,0.7,4,464.1,0
2017-07-24 15:33:00,3,44,25.1,41,23.7,1001.3,0.3,0.7,2,464.1,0
2017-07-24 15:36:00,3,44,25.1,42,23.7,1001.4,0,0.3,4,464.1,0
2017-07-24 15:39:00,3,44,25.1,42,23.8,1001.4,0.7,1.0,2,464.1,0
2017-07-24 15:42:00,3,44,25.1,43,23.8,1001.5,0.3,0.3,4,464.1,0
2017-07-24 15:45:00,3,44,25.1,43,23.9,1001.3,0,0.3,2,464.1,0
2017-07-24 15:48:00,3,44,25.1,42,23.9,1001.3,0,0.3,0,464.1,0
2017-07-24 15:51:00,3,44,25.1,40,23.8,1001.4,0.3,1.0,4,464.1,0
2017-07-24 15:54:00,3,44,25.1,41,23.8,1001.3,0.7,1.0,0,464.1,0
2017-07-24 15:57:00,3,44,25.1,41,23.8,1001.4,0.3,0.7,14,464.1,0
2017-07-24 16:00:00,3,43,25.1,41,23.7,1001.3,0.7,1.0,4,464.1,0
2017-07-24 16:03:00,3,43,25.1,41,23.7,1001.2,0.7,1.0,4,464.1,0
2017-07-24 16:06:00,3,43,25.0,41,23.7,1001.2,0.7,1.0,4,464.1,0
2017-07-24 16:09:00,3,43,25.0,42,23.7,1001.2,0,0.3,4,464.1,0
2017-07-24 16:12:00,3,43,25.0,42,23.7,1001.2,0,0.3,4,464.1,0
2017-07-24 16:15:00,3,43,25.0,42,23.7,1001.2,0.7,1.0,4,464.1,0
2017-07-24 16:18:00,3,43,25.0,41,23.7,1001.0,1.0,1.4,5,464.1,0
2017-07-24 16:21:00,3,43,25.0,41,23.7,1001.2,1.0,1.4,4,464.1,0
2017-07-24 16:24:00,3,43,25.0,41,23.7,1001.1,1.0,1.4,4,464.1,0
2017-07-24 16:27:00,3,43,25.0,42,23.7,1001.0,0,0.3,0,464.1,0
2017-07-24 16:30:00,3,43,25.0,43,23.7,1001.0,0.3,1.0,5,464.1,0
2017-07-24 16:33:00,3,43,25.0,42,23.8,1001.0,0.3,0.7,4,464.1,0
2017-07-24 16:36:00,3,43,25.0,42,23.8,1001.0,0.3,0.7,0,464.1,0
2017-07-24 16:39:00,3,43,25.0,42,23.8,1000.9,0.7,0.7,1,464.1,0
2017-07-24 16:42:00,3,43,25.0,42,23.8,1001.0,0,0,0,464.1,0
2017-07-24 16:45:00,3,43,25.0,43,23.8,1000.9,0.7,0.7,2,464.1,0
2017-07-24 16:48:00,3,43,25.0,42,23.8,1000.8,1.0,1.4,2,464.1,0
2017-07-24 16:51:00,3,43,25.0,42,23.8,1000.8,0.3,0.7,2,464.1,0
2017-07-24 16:54:00,3,43,25.0,43,23.7,1000.9,0.7,1.0,0,464.1,0
2017-07-24 16:57:00,3,43,25.0,43,23.6,1000.8,0,0.3,14,464.1,0
2017-07-24 17:00:00,3,43,25.0,43,23.6,1000.8,0,0.3,14,464.1,0
2017-07-24 17:03:00,3,44,25.0,42,23.6,1000.8,0.3,1.0,0,464.1,0
2017-07-24 17:06:00,3,44,25.0,43,23.6,1000.9,0.3,0.3,0,464.1,0
2017-07-24 17:09:00,3,44,25.0,45,23.5,1000.7,0,0.3,0,464.1,0
2017-07-24 17:12:00,3,44,25.0,45,23.5,1000.8,0.7,1.0,0,464.1,0
2017-07-24 17:15:00,3,44,25.0,46,23.3,1000.8,0.3,0.7,0,464.1,0
2017-07-24 17:18:00,3,44,25.0,48,23.3,1000.8,0,0.3,0,464.1,0
2017-07-24 17:21:00,3,44,25.0,49,23.1,1000.8,0,0,0,464.1,0
2017-07-24 17:24:00,3,44,25.0,49,23.1,1000.9,0,0.3,0,464.1,0
2017-07-24 17:27:00,3,44,25.0,50,23.0,1000.9,0,0.3,0,464.1,0
2017-07-24 17:30:00,3,45,25.0,50,22.8,1000.8,0.3,0.7,0,464.1,0
2017-07-24 17:33:00,3,45,25.0,51,22.7,1000.8,0.7,1.0,0,464.1,0
2017-07-24 17:36:00,3,45,25.0,52,22.6,1000.8,1.0,1.4,2,464.1,0
2017-07-24 17:39:00,3,45,25.0,58,22.4,1000.9,1.4,2.0,0,464.1,0
2017-07-24 17:42:00,3,45,25.0,60,22.2,1000.8,1.4,2.0,0,464.1,0
2017-07-24 17:45:00,3,46,25.0,61,22.1,1000.8,0.7,1.0,0,464.1,0
2017-07-24 17:48:00,3,46,25.0,61,21.9,1000.8,1.0,1.7,0,464.1,0
2017-07-24 17:51:00,3,46,25.0,62,21.8,1000.8,0.7,1.0,2,464.1,0
2017-07-24 17:54:00,3,46,25.0,63,21.7,1000.7,0.7,1.0,0,464.1,0
2017-07-24 17:57:00,3,46,25.0,64,21.6,1000.7,1.0,1.4,4,464.1,0
2017-07-24 18:00:00,3,47,25.0,64,21.5,1000.7,1.4,1.7,0,464.1,0
2017-07-24 18:03:00,3,47,25.0,64,21.5,1000.7,1.4,1.7,0,464.1,0
2017-07-24 18:06:00,3,47,25.0,64,21.5,1000.8,1.4,1.7,0,464.1,0
2017-07-24 18:09:00,3,47,25.0,65,21.3,1000.8,0.7,1.0,2,464.1,0
2017-07-24 18:12:00,3,47,25.0,65,21.3,1000.8,0.3,0.7,0,464.1,0
2017-07-24 18:15:00,3,47,25.0,65,21.3,1000.7,0.7,1.0,0,464.1,0
2017-07-24 18:18:00,3,47,25.0,66,21.2,1000.8,0.7,1.0,2,464.1,0
2017-07-24 18:21:00,3,47,25.0,66,21.2,1000.7,0,0.3,2,464.1,0
2017-07-24 18:24:00,3,48,25.0,66,21.2,1000.7,0,0,0,464.1,0
2017-07-24 18:27:00,3,48,25.0,67,21.1,1000.9,1.0,1.4,8,464.1,0
2017-07-24 18:30:00,3,48,25.0,69,21.0,1001.0,0.7,1.0,6,464.1,0
2017-07-24 18:33:00,3,48,25.0,63,20.8,1001.0,0.7,1.0,4,464.1,0
2017-07-24 18:36:00,3,48,25.0,64,20.7,1001.1,0.3,0.7,7,464.1,0
2017-07-24 18:39:00,3,48,25.0,64,20.4,1001.1,1.0,1.7,4,464.1,0
2017-07-24 18:42:00,3,48,25.0,65,20.0,1001.2,1.0,1.7,4,464.1,0
2017-07-24 18:45:00,3,48,25.0,67,19.6,1001.3,2.4,2.7,10,464.1,0
2017-07-24 18:48:00,3,48,25.0,70,19.1,1001.5,0.7,1.4,2,464.4,0
2017-07-24 18:51:00,3,49,25.0,71,18.7,1001.6,0.3,0.7,8,464.7,0
2017-07-24 18:54:00,3,49,25.0,73,18.3,1001.7,0.7,1.0,14,466.2,0
2017-07-24 18:57:00,3,49,25.0,76,17.8,1001.8,1.0,1.7,4,468.3,0
2017-07-24 19:00:00,3,49,25.0,77,17.6,1001.5,0.7,1.0,10,469.5,0
2017-07-24 19:03:00,3,49,25.0,83,17.1,1001.5,0.3,0.7,10,470.4,0
2017-07-24 19:06:00,3,49,25.0,84,16.8,1001.5,1.0,1.4,10,470.7,0
2017-07-24 19:09:00,3,49,25.0,85,16.7,1001.5,0.7,1.0,14,470.7,0
2017-07-24 19:12:00,3,49,25.0,86,16.6,1001.5,0.3,0.7,12,470.7,0
2017-07-24 19:15:00,3,49,25.0,87,16.5,1001.5,0,0,12,471.0,0
2017-07-24 19:18:00,3,49,25.0,88,16.4,1001.6,0,0,12,471.0,0
2017-07-24 19:21:00,3,49,25.0,89,16.4,1001.6,0,0,12,471.0,0
2017-07-24 19:24:00,3,49,25.0,89,16.4,1001.6,0,0,12,471.0,0
2017-07-24 19:27:00,3,50,25.0,90,16.3,1001.7,0,0,12,471.0,0
2017-07-24 19:30:00,3,50,25.0,90,16.3,1001.8,0,0.3,12,471.0,0
2017-07-24 19:33:00,3,50,25.0,90,16.3,1001.9,0,0,0,471.3,0
2017-07-24 19:36:00,3,50,25.0,91,16.3,1001.8,0,0,0,471.3,0
2017-07-24 19:39:00,3,50,25.0,91,16.3,1001.9,0,0,0,471.3,0
2017-07-24 19:42:00,3,50,25.0,92,16.3,1001.8,0,0,14,471.3,0
2017-07-24 19:45:00,3,50,25.0,92,16.3,1001.7,0,0,14,471.3,0
2017-07-24 19:48:00,3,50,25.0,92,16.3,1001.8,0,0,14,471.3,0
2017-07-24 19:51:00,3,50,25.0,93,16.3,1001.7,0,0,12,471.3,0
2017-07-24 19:54:00,3,50,25.0,93,16.3,1001.7,0,0,12,471.3,0
2017-07-24 19:57:00,3,50,25.0,93,16.2,1001.7,0,0,12,471.3,0
2017-07-24 20:00:00,3,50,25.0,94,16.2,1001.6,0,0,12,471.3,0
2017-07-24 20:03:00,3,50,25.0,94,16.2,1001.6,0,0,12,471.3,0
2017-07-24 20:06:00,3,50,25.0,94,16.2,1001.6,0,0,12,471.3,0
2017-07-24 20:09:00,3,50,25.0,94,16.3,1001.5,0,0,0,471.3,0
2017-07-24 20:12:00,3,50,25.0,95,16.3,1001.6,0,0,0,471.3,0
2017-07-24 20:15:00,3,50,25.0,95,16.3,1001.6,0,0,0,471.3,0
2017-07-24 20:18:00,3,50,25.0,95,16.2,1001.5,0,0,14,471.3,0
2017-07-24 20:21:00,3,50,25.0,95,16.2,1001.6,0,0,0,471.3,0
2017-07-24 20:24:00,3,50,25.0,95,16.1,1001.6,0,0.3,0,471.3,0
2017-07-24 20:27:00,3,51,24.9,95,16.1,1001.6,0.3,0.7,0,471.3,0
2017-07-24 20:30:00,3,51,24.9,96,16.1,1001.7,0.3,0.7,15,471.3,0
2017-07-24 20:33:00,3,51,24.9,96,16.0,1001.6,0,0,14,471.3,0
2017-07-24 20:36:00,3,51,24.9,96,16.0,1001.7,0.3,1.0,0,471.3,0
2017-07-24 20:39:00,3,51,24.8,97,16.0,1001.5,0.7,1.0,15,471.3,0
2017-07-24 20:42:00,3,51,24.8,97,15.9,1001.6,0.3,0.7,0,471.6,0
2017-07-24 20:45:00,3,51,24.9,97,15.9,1001.6,0.3,0.7,14,471.6,0
2017-07-24 20:48:00,3,51,24.9,97,15.9,1001.4,0.3,0.7,14,471.6,0
2017-07-24 20:51:00,3,51,24.8,97,15.9,1001.4,0,0.3,14,471.6,0
2017-07-24 20:54:00,3,51,24.8,98,15.8,1001.5,0,0.3,14,471.6,0
2017-07-24 20:57:00,3,51,24.8,98,15.8,1001.6,0,0,14,471.6,0
2017-07-24 21:00:00,3,51,24.8,98,15.8,1001.5,0,0,14,471.6,0
2017-07-24 21:03:00,3,51,24.9,98,15.8,1001.5,0,0.3,14,471.6,0
2017-07-24 21:06:00,3,51,24.9,98,15.7,1001.4,0,0,14,471.6,0
2017-07-24 21:09:00,3,51,24.9,98,15.7,1001.3,0,0,14,471.6,0
2017-07-24 21:12:00,3,51,24.8,98,15.7,1001.3,0,0,14,471.9,0
2017-07-24 21:15:00,3,51,24.9,98,15.7,1001.5,0,0,14,471.9,0
2017-07-24 21:18:00,3,51,24.9,98,15.7,1001.3,0,0,2,471.9,0
2017-07-24 21:21:00,3,51,24.9,98,15.6,1001.3,0,0,0,471.9,0
2017-07-24 21:24:00,3,51,24.9,98,15.6,1001.2,0,0.3,0,472.2,0
2017-07-24 21:27:00,3,51,24.8,98,15.6,1001.2,0.3,0.7,14,472.2,0
2017-07-24 21:30:00,3,51,24.9,98,15.5,1001.2,0.7,1.0,14,472.5,0
2017-07-24 21:33:00,3,51,24.9,98,15.5,1001.1,0,0.3,12,472.5,0
2017-07-24 21:36:00,3,51,24.9,98,15.5,1001.2,0.3,0.7,14,472.5,0
2017-07-24 21:39:00,3,51,24.7,98,15.4,1001.2,0,0,0,472.5,0
2017-07-24 21:42:00,3,51,24.7,98,15.4,1001.2,0,0,14,472.8,0
2017-07-24 21:45:00,3,51,24.7,98,15.4,1001.2,0,0.3,14,472.8,0
2017-07-24 21:48:00,3,51,24.7,98,15.4,1001.1,0,0,14,472.8,0
2017-07-24 21:51:00,3,52,24.7,98,15.4,1001.1,0,0.3,0,472.8,0
2017-07-24 21:54:00,3,52,24.7,98,15.4,1001.1,0,0.3,0,472.8,0
2017-07-24 21:57:00,3,52,24.7,98,15.4,1001.1,0,0,14,473.1,0
