2019-04-02 00:00:59,3,30,20.5,45,5.5,1014.8,1.7,2.4,4,1234.8,0
2019-04-02 00:03:59,3,30,20.5,45,5.5,1014.7,1.7,2.4,4,1234.8,0
2019-04-02 00:06:59,3,30,20.5,45,5.4,1014.6,2.4,3.1,12,1234.8,0
2019-04-02 00:09:59,3,30,20.5,45,5.4,1014.7,0.7,1.0,4,1234.8,0
2019-04-02 00:12:59,3,30,20.5,45,5.4,1014.6,2.7,3.4,6,1234.8,0
2019-04-02 00:15:59,3,30,20.4,45,5.3,1014.6,1.0,1.7,4,1234.8,0
2019-04-02 00:18:59,3,30,20.4,45,5.3,1014.5,1.7,2.4,8,1234.8,0
2019-04-02 00:21:59,3,30,20.4,45,5.2,1014.5,1.7,2.4,4,1234.8,0
2019-04-02 00:24:59,3,30,20.4,45,5.2,1014.5,2.0,2.7,6,1234.8,0
2019-04-02 00:27:59,3,30,20.4,46,5.1,1014.3,1.0,1.7,12,1234.8,0
2019-04-02 00:30:59,3,30,20.4,46,5.1,1014.4,1.4,2.0,4,1234.8,0
2019-04-02 00:33:59,3,30,20.3,46,5.0,1014.2,1.7,2.4,0,1234.8,0
2019-04-02 00:36:59,3,30,20.3,46,5.1,1014.1,3.1,4.1,6,1234.8,0
2019-04-02 00:39:59,3,30,20.3,46,5.1,1014.3,0.7,1.4,2,1234.8,0
2019-04-02 00:42:59,3,30,20.3,46,5.0,1014.2,1.7,2.4,4,1234.8,0
2019-04-02 00:45:59,3,30,20.3,46,5.0,1014.3,1.7,2.4,10,1234.8,0
2019-04-02 00:48:59,3,30,20.2,46,5.0,1014.2,2.0,2.7,2,1234.8,0
2019-04-02 00:51:59,3,30,20.2,46,5.0,1014.1,2.0,2.7,4,1234.8,0
2019-04-02 00:54:59,3,30,20.2,47,5.0,1014.1,1.7,2.0,4,1234.8,0
2019-04-02 00:57:59,3,30,20.2,47,4.9,1014.1,1.0,1.4,3,1234.8,0
2019-04-02 01:00:59,3,30,20.2,47,4.9,1013.9,2.7,3.7,2,1234.8,0
2019-04-02 01:03:59,3,30,20.1,47,5.0,1014.0,1.4,2.0,2,1234.8,0
2019-04-02 01:06:59,3,30,20.1,47,4.9,1013.9,1.0,1.4,4,1234.8,0
2019-04-02 01:09:59,3,30,20.1,47,5.0,1013.8,2.4,3.1,5,1234.8,0
2019-04-02 01:12:59,3,30,20.1,48,4.9,1013.9,1.4,1.7,6,1234.8,0
2019-04-02 01:15:59,3,30,20.0,48,4.9,1013.7,1.4,1.7,4,1234.8,0
2019-04-02 01:18:59,3,30,20.0,48,4.8,1013.6,1.4,2.0,10,1234.8,0
2019-04-02 01:21:59,3,30,20.0,49,4.8,1013.6,1.4,2.0,6,1234.8,0
2019-04-02 01:24:59,3,30,20.0,49,4.7,1013.6,2.4,3.1,4,1234.8,0
2019-04-02 01:27:59,3,30,20.0,49,4.7,1013.5,2.7,3.4,4,1234.8,0
2019-04-02 01:30:59,3,30,20.0,50,4.7,1013.4,1.7,2.4,11,1234.8,0
2019-04-02 01:33:59,3,30,20.0,50,4.7,1013.4,3.1,4.1,4,1234.8,0
2019-04-02 01:36:59,3,31,19.9,50,4.7,1013.3,3.4,4.1,10,1234.8,0
2019-04-02 01:39:59,3,31,19.8,50,4.7,1013.3,2.7,3.7,6,1234.8,0
2019-04-02 01:42:59,3,31,19.8,50,4.7,1013.3,2.0,3.4,2,1234.8,0
2019-04-02 01:45:59,3,31,19.8,50,4.7,1013.3,2.0,2.4,6,1234.8,0
2019-04-02 01:48:59,3,31,19.8,50,4.6,1013.3,2.4,3.7,4,1234.8,0
2019-04-02 01:51:59,3,31,19.8,50,4.7,1013.2,1.0,1.4,2,1234.8,0
2019-04-02 01:54:59,3,31,19.8,50,4.6,1013.1,2.4,2.7,2,1234.8,0
2019-04-02 01:57:59,3,31,19.7,50,4.6,1013.2,1.4,1.7,2,1234.8,0
2019-04-02 02:00:59,3,31,19.7,50,4.6,1013.1,1.4,2.0,4,1234.8,0
2019-04-02 02:03:59,3,31,19.7,50,4.6,1013.1,1.4,2.0,4,1234.8,0
2019-04-02 02:06:59,3,31,19.7,50,4.5,1013.1,2.0,3.1,6,1234.8,0
2019-04-02 02:09:59,3,31,19.7,50,4.5,1013.0,1.7,2.4,2,1234.8,0
2019-04-02 02:12:59,3,31,19.7,50,4.5,1012.9,1.4,2.0,6,1234.8,0
2019-04-02 02:15:59,3,31,19.6,51,4.4,1013.0,1.7,2.0,2,1234.8,0
2019-04-02 02:18:59,3,31,19.6,51,4.4,1012.8,2.4,3.7,4,1234.8,0
2019-04-02 02:21:59,3,31,19.6,51,4.4,1012.8,2.7,4.1,4,1234.8,0
2019-04-02 02:24:59,3,31,19.6,51,4.4,1012.8,1.7,3.1,4,1234.8,0
2019-04-02 02:27:59,3,31,19.6,51,4.3,1012.7,1.7,2.4,6,1234.8,0
2019-04-02 02:30:59,3,31,19.6,51,4.3,1012.6,2.0,2.7,6,1234.8,0
2019-04-02 02:33:59,3,31,19.5,51,4.3,1012.5,3.1,4.1,4,1234.8,0
2019-04-02 02:36:59,3,31,19.5,51,4.2,1012.5,2.0,2.4,2,1234.8,0
2019-04-02 02:39:59,3,31,19.5,51,4.2,1012.5,1.7,2.4,4,1234.8,0
2019-04-02 02:42:59,3,31,19.5,51,4.1,1012.4,1.7,2.4,4,1234.8,0
2019-04-02 02:45:59,3,31,19.5,52,4.1,1012.4,1.7,3.1,6,1234.8,0
2019-04-02 02:48:59,3,31,19.4,52,4.1,1012.4,2.4,3.4,3,1234.8,0
2019-04-02 02:51:59,3,31,19.4,52,4.1,1012.3,1.4,2.0,6,1234.8,0
2019-04-02 02:54:59,3,31,19.3,52,4.1,1012.3,1.4,1.7,4,1234.8,0
2019-04-02 02:57:59,3,31,19.3,52,4.0,1012.3,1.4,1.7,2,1234.8,0
2019-04-02 03:00:59,3,31,19.3,52,4.0,1012.2,1.0,1.7,3,1234.8,0
2019-04-02 03:03:59,3,31,19.3,52,4.0,1012.2,1.7,2.4,4,1234.8,0
2019-04-02 03:06:59,3,31,19.3,52,3.9,1012.2,2.4,2.7,4,1234.8,0
2019-04-02 03:09:59,3,31,19.3,52,3.9,1012.1,2.4,3.4,6,1234.8,0
2019-04-02 03:12:59,3,31,19.3,53,3.9,1012.1,1.4,1.7,4,1234.8,0
2019-04-02 03:15:59,3,31,19.2,53,3.9,1012.0,1.7,2.7,4,1234.8,0
2019-04-02 03:18:59,3,31,19.2,53,3.9,1011.9,1.0,1.7,4,1234.8,0
2019-04-02 03:21:59,3,31,19.2,53,3.9,1012.0,1.4,1.7,4,1234.8,0
2019-04-02 03:24:59,3,31,19.2,53,3.8,1011.8,1.0,1.4,2,1234.8,0
2019-04-02 03:27:59,3,31,19.2,53,3.8,1011.9,2.0,2.7,7,1234.8,0
2019-04-02 03:30:59,3,31,19.2,54,3.7,1011.9,1.4,2.0,2,1234.8,0
2019-04-02 03:33:59,3,31,19.2,54,3.8,1011.9,2.0,3.1,4,1234.8,0
2019-04-02 03:36:59,3,31,19.2,54,3.7,1011.8,2.0,2.7,0,1234.8,0
2019-04-02 03:39:59,3,31,19.1,54,3.8,1011.8,1.4,2.4,2,1234.8,0
2019-04-02 03:42:59,3,31,19.1,54,3.7,1011.7,1.7,2.7,8,1234.8,0
2019-04-02 03:45:59,3,31,19.1,54,3.6,1011.7,2.0,2.4,6,1234.8,0
2019-04-02 03:48:59,3,31,19.1,54,3.6,1011.7,1.0,1.4,4,1234.8,0
2019-04-02 03:51:59,3,31,19.1,55,3.6,1011.5,0.7,1.0,4,1234.8,0
2019-04-02 03:54:59,3,31,19.1,55,3.5,1011.4,1.4,2.4,4,1234.8,0
2019-04-02 03:57:59,3,31,19.1,55,3.5,1011.4,2.0,3.4,6,1234.8,0
2019-04-02 04:00:59,3,31,19.1,55,3.5,1011.5,2.7,3.7,8,1234.8,0
2019-04-02 04:03:59,3,31,19.1,55,3.5,1011.4,2.7,3.7,8,1234.8,0
2019-04-02 04:06:59,3,31,19.1,55,3.5,1011.3,2.0,4.1,2,1234.8,0
2019-04-02 04:09:59,3,31,19.1,55,3.5,1011.4,1.7,2.4,4,1234.8,0
2019-04-02 04:12:59,3,31,19.1,55,3.5,1011.3,1.7,2.4,4,1234.8,0
2019-04-02 04:15:59,3,31,19.1,55,3.5,1011.4,2.4,3.1,4,1234.8,0
2019-04-02 04:18:59,3,31,19.1,55,3.5,1011.3,1.4,2.0,2,1234.8,0
2019-04-02 04:21:59,3,31,19.2,55,3.5,1011.3,2.0,3.1,4,1234.8,0
2019-04-02 04:24:59,3,31,19.2,55,3.5,1011.3,2.0,3.1,6,1234.8,0
2019-04-02 04:27:59,3,31,19.2,56,3.5,1011.3,2.0,2.7,4,1234.8,0
2019-04-02 04:30:59,3,31,19.2,56,3.4,1011.2,1.0,1.4,10,1234.8,0
2019-04-02 04:33:59,3,31,19.2,56,3.4,1011.2,1.7,2.4,5,1234.8,0
2019-04-02 04:36:59,3,31,19.3,56,3.4,1011.3,1.4,2.0,0,1234.8,0
2019-04-02 04:39:59,3,31,19.3,56,3.4,1011.3,1.0,1.4,4,1234.8,0
2019-04-02 04:42:59,3,31,19.3,56,3.4,1011.2,2.4,3.4,4,1234.8,0
2019-04-02 04:45:59,3,31,19.3,57,3.5,1011.2,2.0,2.7,4,1234.8,0
2019-04-02 04:48:59,3,31,19.5,57,3.5,1011.2,0.7,1.4,2,1234.8,0
2019-04-02 04:51:59,3,31,19.5,57,3.4,1011.1,4.4,6.1,6,1234.8,0
2019-04-02 04:54:59,3,31,19.5,57,3.5,1011.0,3.1,5.8,4,1234.8,0
2019-04-02 04:57:59,3,31,19.6,57,3.5,1011.0,1.4,2.0,10,1234.8,0
2019-04-02 05:00:59,3,31,19.6,57,3.5,1011.1,1.0,1.7,4,1234.8,0
2019-04-02 05:03:59,3,31,19.6,57,3.6,1011.1,2.0,2.7,4,1234.8,0
2019-04-02 05:06:59,3,31,19.6,57,3.6,1011.1,3.1,4.4,6,1234.8,0
2019-04-02 05:09:59,3,31,19.7,57,3.6,1011.1,2.4,3.4,4,1234.8,0
2019-04-02 05:12:59,3,31,19.7,57,3.6,1011.0,2.0,2.4,2,1234.8,0
2019-04-02 05:15:59,3,31,19.7,57,3.6,1011.0,1.4,2.0,4,1234.8,0
2019-04-02 05:18:59,3,31,19.7,57,3.6,1011.0,1.0,1.7,2,1234.8,0
2019-04-02 05:21:59,3,31,19.8,57,3.6,1011.0,1.4,1.7,4,1234.8,0
2019-04-02 05:24:59,3,31,19.8,57,3.7,1010.9,2.4,3.4,4,1234.8,0
2019-04-02 05:27:59,3,31,19.8,57,3.7,1010.9,1.7,2.4,4,1234.8,0
2019-04-02 05:30:59,3,31,19.8,57,3.8,1010.9,2.4,4.1,4,1234.8,0
2019-04-02 05:33:59,3,31,19.9,57,3.8,1010.8,1.7,2.0,0,1234.8,0
2019-04-02 05:36:59,3,31,19.9,57,3.8,1010.9,2.4,3.4,4,1234.8,0
2019-04-02 05:39:59,3,30,20.0,56,3.9,1011.0,1.4,2.0,8,1234.8,0
2019-04-02 05:42:59,3,30,20.0,56,4.0,1010.9,2.7,3.4,6,1234.8,0
2019-04-02 05:45:59,3,30,20.0,56,4.0,1010.8,2.4,4.4,6,1234.8,0
2019-04-02 05:48:59,3,30,20.0,56,4.1,1010.8,1.7,2.7,8,1234.8,0
2019-04-02 05:51:59,3,30,20.0,55,4.1,1010.8,3.1,4.4,3,1234.8,0
2019-04-02 05:54:59,3,30,20.0,56,4.2,1010.8,1.4,2.0,6,1234.8,0
2019-04-02 05:57:59,3,30,20.1,56,4.6,1010.7,2.0,3.4,4,1234.8,0
2019-04-02 06:00:59,3,31,20.0,55,4.7,1010.7,2.7,3.4,2,1234.8,0
2019-04-02 06:03:59,3,31,20.1,55,4.7,1010.6,2.7,3.4,2,1234.8,0
2019-04-02 06:06:59,3,31,20.3,55,4.7,1010.7,2.7,3.4,2,1234.8,0
2019-04-02 06:09:59,3,31,20.5,53,5.1,1010.7,2.7,3.7,12,1234.8,0
2019-04-02 06:12:59,3,31,20.6,53,5.2,1010.7,3.1,4.8,4,1234.8,0
2019-04-02 06:15:59,3,30,20.9,53,5.2,1010.7,3.4,4.4,4,1234.8,0
2019-04-02 06:18:59,3,29,21.1,53,5.2,1010.6,3.4,5.4,4,1234.8,0
2019-04-02 06:21:59,3,29,21.2,53,5.2,1010.6,1.4,1.7,2,1234.8,0
2019-04-02 06:24:59,3,28,21.2,53,5.4,1010.6,1.4,2.0,5,1234.8,0
2019-04-02 06:27:59,3,28,21.4,52,5.5,1010.6,1.4,2.4,8,1234.8,0
2019-04-02 06:30:59,3,28,21.5,52,5.7,1010.7,2.7,3.4,4,1234.8,0
2019-04-02 06:33:59,3,27,21.6,52,5.7,1010.6,2.7,3.4,4,1234.8,0
2019-04-02 06:36:59,3,27,21.7,52,5.8,1010.6,1.4,2.0,4,1234.8,0
2019-04-02 06:39:59,3,27,21.7,52,5.9,1010.6,1.7,3.1,10,1234.8,0
2019-04-02 06:42:59,3,27,21.8,51,6.0,1010.6,2.0,3.1,4,1234.8,0
2019-04-02 06:45:59,3,27,21.9,51,6.0,1010.5,2.4,3.7,8,1234.8,0
2019-04-02 06:48:59,3,26,21.9,51,5.9,1010.4,3.1,4.4,4,1234.8,0
2019-04-02 06:51:59,3,25,22.0,51,6.1,1010.5,3.1,4.1,10,1234.8,0
2019-04-02 06:54:59,3,25,22.1,51,6.2,1010.6,2.7,4.4,8,1234.8,0
2019-04-02 06:57:59,3,25,22.2,51,6.3,1010.5,1.4,2.0,2,1234.8,0
2019-04-02 07:00:59,3,25,22.2,51,6.6,1010.5,1.0,1.7,6,1234.8,0
2019-04-02 07:03:59,3,25,22.2,51,6.7,1010.5,1.0,1.7,2,1234.8,0
2019-04-02 07:06:59,3,25,22.3,50,6.7,1010.4,2.0,2.7,4,1234.8,0
2019-04-02 07:09:59,3,25,22.2,51,7.0,1010.3,1.0,1.7,0,1234.8,0
2019-04-02 07:12:59,3,25,22.2,51,7.1,1010.2,1.0,2.7,4,1234.8,0
2019-04-02 07:15:59,3,26,22.1,50,7.1,1010.2,1.7,2.7,5,1234.8,0
2019-04-02 07:18:59,3,27,21.9,50,7.1,1010.2,1.0,2.0,4,1234.8,0
2019-04-02 07:21:59,3,27,21.8,50,7.1,1010.2,2.7,4.1,4,1234.8,0
2019-04-02 07:24:59,3,27,21.8,50,6.9,1010.0,2.7,3.4,6,1234.8,0
2019-04-02 07:27:59,3,27,21.8,50,6.9,1010.0,2.7,3.4,3,1234.8,0
2019-04-02 07:30:59,3,27,21.8,50,7.1,1009.9,2.7,3.7,0,1234.8,0
2019-04-02 07:33:59,3,27,21.7,50,7.2,1009.8,1.7,2.4,4,1234.8,0
2019-04-02 07:36:59,3,27,21.7,50,7.2,1009.8,3.4,4.1,2,1234.8,0
2019-04-02 07:39:59,3,27,21.7,50,7.3,1009.8,0.3,1.4,10,1234.8,0
2019-04-02 07:42:59,3,27,21.7,43,7.6,1009.8,2.7,4.4,4,1234.8,0
2019-04-02 07:45:59,3,27,21.7,42,7.6,1009.7,3.1,4.8,4,1234.8,0
2019-04-02 07:48:59,3,27,21.7,42,7.6,1009.6,2.7,4.1,6,1234.8,0
2019-04-02 07:51:59,3,27,21.6,42,7.6,1009.6,1.7,2.4,6,1234.8,0
2019-04-02 07:54:59,3,27,21.6,42,8.0,1009.7,0.7,1.4,14,1234.8,0
2019-04-02 07:57:59,3,27,21.6,41,8.3,1009.5,1.4,2.4,4,1234.8,0
2019-04-02 08:00:59,3,28,21.5,41,8.3,1009.6,2.4,2.7,4,1234.8,0
2019-04-02 08:03:59,3,28,21.5,41,8.3,1009.7,2.4,2.7,4,1234.8,0
2019-04-02 08:06:59,3,27,21.4,41,8.1,1009.5,1.4,2.0,4,1234.8,0
2019-04-02 08:09:59,3,28,21.4,41,8.3,1009.5,2.0,2.4,4,1234.8,0
2019-04-02 08:12:59,3,28,21.3,41,8.4,1009.4,2.4,3.1,4,1234.8,0
2019-04-02 08:15:59,3,29,21.3,41,8.6,1009.3,2.7,3.7,4,1234.8,0
2019-04-02 08:18:59,3,29,21.3,40,8.8,1009.3,1.7,2.4,10,1234.8,0
2019-04-02 08:21:59,3,29,21.3,40,9.0,1009.4,2.7,4.4,4,1234.8,0
2019-04-02 08:24:59,3,29,21.5,40,9.1,1009.2,1.4,2.4,4,1234.8,0
2019-04-02 08:27:59,3,29,21.6,40,9.2,1009.3,1.4,2.0,6,1234.8,0
2019-04-02 08:30:59,3,29,21.8,40,9.4,1009.2,2.7,4.1,4,1234.8,0
2019-04-02 08:33:59,3,29,21.9,40,9.6,1009.1,1.7,2.7,2,1234.8,0
2019-04-02 08:36:59,3,29,21.9,38,9.4,1009.3,2.4,3.1,2,1234.8,0
2019-04-02 08:39:59,3,28,22.1,39,9.3,1009.3,3.1,5.1,4,1234.8,0
2019-04-02 08:42:59,3,28,22.2,39,9.4,1009.2,1.4,2.4,10,1234.8,0
2019-04-02 08:45:59,3,28,22.2,39,9.5,1009.2,2.0,2.7,10,1234.8,0
2019-04-02 08:48:59,3,28,22.3,39,9.7,1009.2,1.4,2.0,8,1234.8,0
2019-04-02 08:51:59,3,28,22.3,39,10.0,1009.0,3.1,3.7,12,1234.8,0
2019-04-02 08:54:59,3,27,22.5,38,10.0,1009.0,2.0,3.1,2,1234.8,0
2019-04-02 08:57:59,3,27,22.6,37,10.0,1009.1,3.4,3.7,5,1234.8,0
2019-04-02 09:00:59,3,27,22.6,37,9.9,1009.2,2.7,3.7,3,1234.8,0
2019-04-02 09:03:59,3,26,22.7,37,9.9,1009.1,2.0,3.7,3,1234.8,0
2019-04-02 09:06:59,3,26,22.6,37,9.9,1008.9,3.1,3.7,4,1234.8,0
2019-04-02 09:09:59,3,26,22.5,39,10.3,1009.0,1.4,2.0,4,1234.8,0
2019-04-02 09:12:59,3,27,22.4,37,10.4,1008.9,1.7,2.7,8,1234.8,0
2019-04-02 09:15:59,3,27,22.3,37,10.6,1008.8,2.4,3.7,14,1234.8,0
2019-04-02 09:18:59,3,28,22.2,35,10.7,1008.6,1.7,2.7,4,1234.8,0
2019-04-02 09:21:59,3,28,22.2,35,10.6,1008.6,3.4,5.1,4,1234.8,0
2019-04-02 09:24:59,3,28,22.1,35,10.6,1008.7,2.0,3.1,6,1234.8,0
2019-04-02 09:27:59,3,28,22.1,36,10.8,1008.5,1.4,2.0,0,1234.8,0
2019-04-02 09:30:59,3,28,21.9,36,11.0,1008.5,1.4,1.7,14,1234.8,0
2019-04-02 09:33:59,3,28,21.9,35,11.2,1008.4,1.4,2.0,4,1234.8,0
2019-04-02 09:36:59,3,28,21.9,34,11.0,1008.5,2.7,3.4,6,1234.8,0
2019-04-02 09:39:59,3,28,21.8,34,11.0,1008.3,2.7,3.4,10,1234.8,0
2019-04-02 09:42:59,3,28,21.8,35,11.4,1008.3,2.0,3.4,2,1234.8,0
2019-04-02 09:45:59,3,28,21.8,35,11.6,1008.2,1.7,2.7,4,1234.8,0
2019-04-02 09:48:59,3,28,21.8,34,11.7,1008.1,1.4,2.4,2,1234.8,0
2019-04-02 09:51:59,3,28,21.8,33,11.8,1008.1,1.7,2.7,14,1234.8,0
2019-04-02 09:54:59,3,28,21.8,34,12.0,1008.1,2.0,3.4,8,1234.8,0
2019-04-02 09:57:59,3,29,21.7,33,12.0,1008.0,2.4,3.1,4,1234.8,0
2019-04-02 10:00:59,3,29,21.7,33,12.1,1007.9,1.7,3.7,4,1234.8,0
2019-04-02 10:03:59,3,29,21.7,33,12.1,1007.9,1.7,3.7,4,1234.8,0
2019-04-02 10:06:59,3,29,21.7,33,12.1,1007.8,1.0,1.7,8,1234.8,0
2019-04-02 10:09:59,3,29,21.6,33,12.3,1007.9,2.0,2.7,5,1234.8,0
2019-04-02 10:12:59,3,28,21.6,32,12.3,1007.9,2.7,3.7,2,1234.8,0
2019-04-02 10:15:59,3,29,21.5,33,12.4,1007.8,2.4,3.4,6,1234.8,0
2019-04-02 10:18:59,3,29,21.5,31,12.7,1007.8,2.7,3.7,4,1234.8,0
2019-04-02 10:21:59,3,29,21.5,30,12.6,1007.8,2.4,3.7,14,1234.8,0
2019-04-02 10:24:59,3,29,21.4,30,12.5,1007.6,1.7,2.7,7,1234.8,0
2019-04-02 10:27:59,3,29,21.3,31,12.6,1007.7,3.1,4.1,2,1234.8,0
2019-04-02 10:30:59,3,29,21.3,31,12.9,1007.5,1.4,2.0,2,1234.8,0
2019-04-02 10:33:59,3,29,21.3,31,13.1,1007.5,1.0,1.4,12,1234.8,0
2019-04-02 10:36:59,3,29,21.3,31,13.4,1007.4,1.7,2.0,8,1234.8,0
2019-04-02 10:39:59,3,29,21.2,30,13.3,1007.4,1.7,3.1,2,1234.8,0
2019-04-02 10:42:59,3,29,21.2,31,13.5,1007.3,1.4,2.4,8,1234.8,0
2019-04-02 10:45:59,3,29,21.2,30,13.8,1007.2,1.7,2.4,6,1234.8,0
2019-04-02 10:48:59,3,29,21.2,30,13.9,1007.2,2.4,3.1,8,1234.8,0
2019-04-02 10:51:59,3,29,21.1,30,13.7,1007.2,0.7,1.7,8,1234.8,0
2019-04-02 10:54:59,3,29,21.1,30,14.0,1007.1,1.4,1.7,5,1234.8,0
2019-04-02 10:57:59,3,29,21.1,30,13.7,1007.0,3.1,4.4,4,1234.8,0
2019-04-02 11:00:59,3,29,21.1,30,13.5,1006.9,2.7,3.7,2,1234.8,0
2019-04-02 11:03:59,3,30,21.1,30,13.3,1006.9,2.0,2.7,4,1234.8,0
2019-04-02 11:06:59,3,30,21.1,30,13.4,1006.9,3.1,4.4,5,1234.8,0
2019-04-02 11:09:59,3,30,21.1,30,13.4,1006.9,2.4,3.7,4,1234.8,0
2019-04-02 11:12:59,3,30,21.1,30,13.5,1006.9,3.1,4.4,6,1234.8,0
2019-04-02 11:15:59,3,30,21.1,30,13.6,1006.8,1.7,2.4,4,1234.8,0
2019-04-02 11:18:59,3,30,21.1,30,13.6,1006.8,3.1,3.7,4,1234.8,0
2019-04-02 11:21:59,3,30,21.1,30,13.6,1006.8,3.4,5.4,6,1234.8,0
2019-04-02 11:24:59,3,30,21.1,30,13.8,1006.7,1.4,2.0,10,1234.8,0
2019-04-02 11:27:59,3,30,21.1,30,14.1,1006.5,1.7,2.0,6,1234.8,0
2019-04-02 11:30:59,3,30,21.1,30,14.3,1006.7,2.4,3.4,4,1234.8,0
2019-04-02 11:33:59,3,30,21.1,30,14.4,1006.6,1.7,2.4,9,1234.8,0
2019-04-02 11:36:59,3,30,21.1,28,14.5,1006.6,1.7,3.1,10,1234.8,0
2019-04-02 11:39:59,3,30,21.1,28,14.5,1006.5,1.7,4.4,4,1234.8,0
2019-04-02 11:42:59,3,30,21.1,30,14.5,1006.5,2.4,3.4,6,1234.8,0
2019-04-02 11:45:59,3,30,21.1,30,14.7,1006.5,2.4,4.1,6,1234.8,0
2019-04-02 11:48:59,3,30,21.1,28,14.7,1006.5,3.4,5.1,6,1234.8,0
2019-04-02 11:51:59,3,30,21.1,30,14.7,1006.5,2.4,3.1,2,1234.8,0
2019-04-02 11:54:59,3,30,21.1,30,14.7,1006.4,2.7,3.4,4,1234.8,0
2019-04-02 11:57:59,3,30,21.1,30,14.8,1006.3,2.4,3.1,10,1234.8,0
2019-04-02 12:00:59,3,30,21.1,30,14.8,1006.3,3.4,5.4,6,1234.8,0
2019-04-02 12:03:59,3,30,21.1,30,14.8,1006.2,3.4,5.4,6,1234.8,0
2019-04-02 12:06:59,3,30,21.1,30,15.2,1006.1,1.7,2.4,0,1234.8,0
2019-04-02 12:09:59,3,30,21.1,30,15.2,1006.0,1.0,2.0,6,1234.8,0
2019-04-02 12:12:59,3,30,21.1,30,15.0,1005.9,3.7,5.4,8,1234.8,0
2019-04-02 12:15:59,3,30,21.1,30,14.9,1005.9,2.0,3.1,8,1234.8,0
2019-04-02 12:18:59,3,30,21.1,30,14.9,1005.9,3.4,4.4,4,1234.8,0
2019-04-02 12:21:59,3,30,21.1,30,14.7,1005.8,3.7,5.4,6,1234.8,0
2019-04-02 12:24:59,3,31,21.1,30,14.6,1005.7,2.4,3.7,4,1234.8,0
2019-04-02 12:27:59,3,30,21.1,31,14.6,1005.7,1.7,2.4,2,1234.8,0
2019-04-02 12:30:59,3,31,21.1,31,14.6,1005.7,2.0,3.1,12,1234.8,0
2019-04-02 12:33:59,3,31,21.2,31,14.7,1005.4,2.0,3.4,6,1234.8,0
2019-04-02 12:36:59,3,31,21.2,31,14.8,1005.5,2.4,3.1,4,1234.8,0
2019-04-02 12:39:59,3,31,21.2,31,14.8,1005.4,4.4,5.1,12,1234.8,0
2019-04-02 12:42:59,3,31,21.4,31,14.8,1005.4,1.4,2.7,10,1234.8,0
2019-04-02 12:45:59,3,31,21.6,31,14.8,1005.4,3.4,4.1,4,1234.8,0
2019-04-02 12:48:59,3,31,21.7,31,14.7,1005.4,2.7,3.7,8,1234.8,0
2019-04-02 12:51:59,3,31,21.9,31,14.8,1005.3,2.4,2.7,5,1234.8,0
2019-04-02 12:54:59,3,29,22.0,31,14.8,1005.3,2.7,3.4,8,1234.8,0
2019-04-02 12:57:59,3,29,22.1,31,15.0,1005.3,2.4,3.7,0,1234.8,0
2019-04-02 13:00:59,3,29,22.2,31,15.0,1005.3,1.7,2.4,6,1234.8,0
2019-04-02 13:03:59,3,29,22.3,31,14.9,1005.2,3.7,5.8,5,1234.8,0
2019-04-02 13:06:59,3,28,22.5,31,14.9,1005.2,4.4,4.8,6,1234.8,0
2019-04-02 13:09:59,3,28,22.6,31,14.9,1005.2,3.4,4.8,4,1234.8,0
2019-04-02 13:12:59,3,28,22.6,31,15.0,1005.2,2.4,3.4,4,1234.8,0
2019-04-02 13:15:59,3,28,22.7,31,15.2,1005.2,2.7,5.1,2,1234.8,0
2019-04-02 13:18:59,3,28,22.7,31,15.4,1005.2,2.7,3.4,8,1234.8,0
2019-04-02 13:21:59,3,28,22.9,31,15.6,1005.1,1.4,2.0,6,1234.8,0
2019-04-02 13:24:59,3,28,22.9,30,15.5,1005.1,3.4,3.7,4,1234.8,0
2019-04-02 13:27:59,3,28,23.0,30,15.4,1005.2,2.4,3.4,8,1234.8,0
2019-04-02 13:30:59,3,28,23.0,30,15.4,1005.1,3.1,4.4,4,1234.8,0
2019-04-02 13:33:59,3,28,23.1,30,15.4,1005.1,3.1,4.4,6,1234.8,0
2019-04-02 13:36:59,3,28,23.1,31,15.5,1005.0,1.7,2.4,8,1234.8,0
2019-04-02 13:39:59,3,28,23.0,30,15.5,1005.1,4.1,4.8,4,1234.8,0
2019-04-02 13:42:59,3,28,22.9,30,15.4,1005.1,1.4,2.0,0,1234.8,0
2019-04-02 13:45:59,3,28,22.9,30,15.2,1005.0,3.7,5.1,2,1234.8,0
2019-04-02 13:48:59,3,28,22.8,30,15.2,1004.8,2.0,2.4,10,1234.8,0
2019-04-02 13:51:59,3,28,22.7,31,15.3,1004.8,2.0,2.4,4,1234.8,0
2019-04-02 13:54:59,3,28,22.7,31,15.4,1004.7,1.4,2.0,14,1234.8,0
2019-04-02 13:57:59,3,28,22.7,30,15.4,1004.7,2.7,3.7,4,1234.8,0
2019-04-02 14:00:59,3,28,22.6,30,15.4,1004.7,2.0,3.1,5,1234.8,0
2019-04-02 14:03:59,3,28,22.6,30,15.4,1004.7,2.0,3.1,5,1234.8,0
2019-04-02 14:06:59,3,28,22.6,31,15.3,1004.7,1.7,2.7,4,1234.8,0
2019-04-02 14:09:59,3,28,22.6,31,15.4,1004.6,1.7,2.4,2,1234.8,0
2019-04-02 14:12:59,3,28,22.6,31,15.5,1004.6,2.4,3.1,6,1234.8,0
2019-04-02 14:15:59,3,28,22.6,31,15.7,1004.5,2.7,3.4,6,1234.8,0
2019-04-02 14:18:59,3,28,22.5,31,15.8,1004.6,2.7,4.8,4,1234.8,0
2019-04-02 14:21:59,3,28,22.5,31,15.8,1004.5,3.1,4.1,8,1234.8,0
2019-04-02 14:24:59,3,28,22.5,31,15.9,1004.3,2.0,2.4,6,1234.8,0
2019-04-02 14:27:59,3,28,22.5,31,16.0,1004.4,2.4,4.1,12,1234.8,0
2019-04-02 14:30:59,3,28,22.5,31,16.0,1004.3,2.4,3.4,10,1234.8,0
2019-04-02 14:33:59,3,28,22.4,30,15.8,1004.3,2.4,4.1,8,1234.8,0
2019-04-02 14:36:59,3,28,22.4,31,15.8,1004.3,1.7,2.0,10,1234.8,0
2019-04-02 14:39:59,3,28,22.4,31,15.8,1004.2,2.4,3.4,10,1234.8,0
2019-04-02 14:42:59,3,28,22.4,31,15.8,1004.2,2.4,3.7,12,1234.8,0
2019-04-02 14:45:59,3,28,22.3,31,15.7,1004.1,1.7,2.7,4,1234.8,0
2019-04-02 14:48:59,3,28,22.3,31,15.6,1004.2,2.7,3.7,4,1234.8,0
2019-04-02 14:51:59,3,28,22.3,31,15.4,1004.1,4.4,5.4,6,1234.8,0
2019-04-02 14:54:59,3,28,22.3,31,15.5,1004.1,2.0,2.7,0,1234.8,0
2019-04-02 14:57:59,3,28,22.3,31,15.6,1004.0,2.4,3.1,0,1234.8,0
2019-04-02 15:00:59,3,28,22.3,31,15.6,1004.0,2.7,3.7,4,1234.8,0
2019-04-02 15:03:59,3,28,22.3,31,15.6,1003.9,2.0,3.1,4,1234.8,0
2019-04-02 15:06:59,3,28,22.3,32,15.7,1003.9,3.1,3.7,6,1234.8,0
2019-04-02 15:09:59,3,28,22.3,32,15.7,1003.9,2.7,3.7,2,1234.8,0
2019-04-02 15:12:59,3,28,22.2,32,15.8,1003.9,1.0,2.0,10,1234.8,0
2019-04-02 15:15:59,3,28,22.2,32,16.0,1003.9,2.4,3.1,8,1234.8,0
2019-04-02 15:18:59,3,28,22.2,32,15.9,1003.9,2.4,3.1,2,1234.8,0
2019-04-02 15:21:59,3,28,22.2,32,15.8,1003.8,2.0,3.4,4,1234.8,0
2019-04-02 15:24:59,3,28,22.2,32,15.7,1003.8,2.4,3.7,4,1234.8,0
2019-04-02 15:27:59,3,28,22.2,33,15.5,1003.8,1.7,2.4,8,1234.8,0
2019-04-02 15:30:59,3,28,22.2,33,15.4,1003.9,2.7,3.4,8,1234.8,0
2019-04-02 15:33:59,3,28,22.2,33,15.4,1003.7,0.3,1.0,4,1234.8,0
2019-04-02 15:36:59,3,28,22.2,33,15.4,1003.7,0.7,1.4,6,1234.8,0
2019-04-02 15:39:59,3,28,22.2,33,15.4,1003.7,1.0,1.7,0,1234.8,0
2019-04-02 15:42:59,3,28,22.2,33,15.3,1003.7,3.1,4.1,3,1234.8,0
2019-04-02 15:45:59,3,28,22.2,33,15.2,1003.7,2.0,3.4,4,1234.8,0
2019-04-02 15:48:59,3,28,22.1,33,15.2,1003.6,2.4,3.1,4,1234.8,0
2019-04-02 15:51:59,3,28,22.1,33,15.1,1003.6,1.7,3.1,2,1234.8,0
2019-04-02 15:54:59,3,28,22.1,34,15.1,1003.6,2.7,3.4,2,1234.8,0
2019-04-02 15:57:59,3,28,22.1,34,15.0,1003.6,2.7,3.4,4,1234.8,0
2019-04-02 16:00:59,3,28,22.1,33,15.0,1003.4,3.4,3.7,6,1234.8,0
2019-04-02 16:03:59,3,28,22.1,33,15.0,1003.4,3.4,3.7,6,1234.8,0
2019-04-02 16:06:59,3,28,22.1,34,15.0,1003.3,2.0,3.7,10,1234.8,0
2019-04-02 16:09:59,3,28,22.1,34,15.0,1003.3,1.4,1.7,1,1234.8,0
2019-04-02 16:12:59,3,28,22.1,34,15.0,1003.2,1.4,1.7,6,1234.8,0
2019-04-02 16:15:59,3,28,22.1,34,14.9,1003.3,2.0,2.7,8,1234.8,0
2019-04-02 16:18:59,3,28,22.1,34,14.8,1003.2,2.4,3.4,11,1234.8,0
2019-04-02 16:21:59,3,28,22.1,35,14.8,1003.1,1.0,1.7,8,1234.8,0
2019-04-02 16:24:59,3,28,22.0,34,14.8,1003.1,2.4,3.7,4,1234.8,0
2019-04-02 16:27:59,3,28,22.0,34,14.7,1003.0,4.1,4.8,8,1234.8,0
2019-04-02 16:30:59,3,28,22.0,34,14.6,1003.1,2.4,4.1,7,1234.8,0
2019-04-02 16:33:59,3,28,22.1,34,14.6,1003.0,2.0,3.1,4,1234.8,0
2019-04-02 16:36:59,3,29,22.0,34,14.6,1003.0,2.7,4.1,2,1234.8,0
2019-04-02 16:39:59,3,29,22.0,34,14.6,1003.0,2.0,2.7,4,1234.8,0
2019-04-02 16:42:59,3,29,22.0,34,14.6,1002.9,2.0,2.7,4,1234.8,0
2019-04-02 16:45:59,3,29,22.0,34,14.6,1002.9,2.0,3.4,1,1234.8,0
2019-04-02 16:48:59,3,29,22.0,35,14.6,1002.9,1.0,1.7,6,1234.8,0
2019-04-02 16:51:59,3,29,22.0,35,14.5,1002.9,0.7,1.0,6,1234.8,0
2019-04-02 16:54:59,3,30,21.9,35,14.5,1002.8,0.7,1.7,8,1234.8,0
2019-04-02 16:57:59,3,30,21.9,35,14.4,1002.9,1.7,2.4,4,1234.8,0
2019-04-02 17:00:59,3,30,21.9,35,14.4,1002.9,1.7,2.7,5,1234.8,0
2019-04-02 17:03:59,3,30,21.9,35,14.3,1002.8,2.0,2.4,4,1234.8,0
2019-04-02 17:06:59,3,30,21.9,36,14.3,1002.9,1.4,2.0,4,1234.8,0
2019-04-02 17:09:59,3,30,21.9,36,14.2,1002.8,1.4,2.0,8,1234.8,0
2019-04-02 17:12:59,3,30,21.9,36,14.2,1002.8,1.0,1.4,0,1234.8,0
2019-04-02 17:15:59,3,30,21.9,36,14.1,1002.7,2.0,2.4,4,1234.8,0
2019-04-02 17:18:59,3,30,21.9,36,14.1,1002.8,2.0,2.7,6,1234.8,0
2019-04-02 17:21:59,3,30,21.9,36,14.0,1002.7,1.7,2.4,4,1234.8,0
2019-04-02 17:24:59,3,30,21.9,37,14.0,1002.7,0.7,1.4,0,1234.8,0
2019-04-02 17:27:59,3,30,21.9,37,13.9,1002.7,1.4,2.4,2,1234.8,0
2019-04-02 17:30:59,3,30,21.9,37,13.9,1002.6,0.3,0.7,4,1234.8,0
2019-04-02 17:33:59,3,30,21.9,37,13.8,1002.6,0.3,1.0,0,1234.8,0
2019-04-02 17:36:59,3,30,21.9,37,13.8,1002.6,0.7,1.4,6,1234.8,0
2019-04-02 17:39:59,3,30,21.9,38,13.7,1002.7,2.4,2.7,4,1234.8,0
2019-04-02 17:42:59,3,30,21.9,38,13.7,1002.7,1.7,2.4,4,1234.8,0
2019-04-02 17:45:59,3,30,21.9,38,13.7,1002.7,1.0,1.4,2,1234.8,0
2019-04-02 17:48:59,3,30,21.9,38,13.6,1002.7,0.7,1.4,4,1234.8,0
2019-04-02 17:51:59,3,30,21.9,38,13.5,1002.7,1.7,2.0,4,1234.8,0
2019-04-02 17:54:59,3,30,21.9,38,13.5,1002.6,1.0,1.4,4,1234.8,0
2019-04-02 17:57:59,3,30,21.9,39,13.4,1002.7,0.7,1.0,3,1234.8,0
2019-04-02 18:00:59,3,30,21.8,39,13.4,1002.6,1.0,1.7,4,1234.8,0
2019-04-02 18:03:59,3,30,21.8,39,13.4,1002.7,1.0,1.7,4,1234.8,0
2019-04-02 18:06:59,3,30,21.8,39,13.3,1002.6,2.0,2.4,4,1234.8,0
2019-04-02 18:09:59,3,30,21.8,40,13.3,1002.5,2.0,3.1,4,1234.8,0
2019-04-02 18:12:59,3,30,21.9,40,13.2,1002.5,0.7,1.0,4,1234.8,0
2019-04-02 18:15:59,3,30,21.8,40,13.1,1002.5,1.7,2.7,4,1234.8,0
2019-04-02 18:18:59,3,30,21.8,40,13.0,1002.5,0.7,1.0,0,1234.8,0
2019-04-02 18:21:59,3,30,21.8,40,13.0,1002.5,1.4,1.7,4,1234.8,0
2019-04-02 18:24:59,3,30,21.8,40,13.0,1002.5,2.0,2.4,2,1234.8,0
2019-04-02 18:27:59,3,30,21.8,40,12.9,1002.5,1.4,1.7,4,1234.8,0
2019-04-02 18:30:59,3,30,21.8,40,12.9,1002.4,1.0,1.4,4,1234.8,0
2019-04-02 18:33:59,3,30,21.8,40,12.8,1002.3,2.0,2.7,4,1234.8,0
2019-04-02 18:36:59,3,30,21.8,40,12.8,1002.3,0.7,1.0,4,1234.8,0
2019-04-02 18:39:59,3,30,21.8,40,12.7,1002.3,1.7,2.0,2,1234.8,0
2019-04-02 18:42:59,3,30,21.8,40,12.7,1002.2,1.4,2.0,6,1234.8,0
2019-04-02 18:45:59,3,30,21.8,40,12.8,1002.3,1.7,2.7,4,1234.8,0
2019-04-02 18:48:59,3,30,21.8,40,12.8,1002.2,0.7,1.0,4,1234.8,0
2019-04-02 18:51:59,3,30,21.8,40,12.9,1002.1,0.7,1.0,2,1234.8,0
2019-04-02 18:54:59,3,29,21.8,40,12.8,1002.2,1.4,1.7,4,1234.8,0
2019-04-02 18:57:59,3,29,21.8,40,12.8,1002.2,0.7,1.0,4,1234.8,0
2019-04-02 19:00:59,3,29,21.8,40,12.8,1002.2,1.0,1.4,6,1234.8,0
2019-04-02 19:03:59,3,29,21.8,40,12.7,1002.4,0.7,1.0,10,1234.8,0
2019-04-02 19:06:59,3,29,21.8,41,12.7,1002.4,1.4,1.7,4,1234.8,0
2019-04-02 19:09:59,3,29,21.8,41,12.6,1002.2,0.7,1.0,6,1234.8,0
2019-04-02 19:12:59,3,29,21.8,41,12.6,1002.2,0,0.3,4,1234.8,0
2019-04-02 19:15:59,3,29,21.8,41,12.5,1002.2,1.0,1.7,4,1234.8,0
2019-04-02 19:18:59,3,30,21.8,41,12.5,1002.3,0.7,1.4,6,1234.8,0
2019-04-02 19:21:59,3,30,21.8,41,12.5,1002.3,0.3,1.0,4,1234.8,0
2019-04-02 19:24:59,3,30,21.8,41,12.5,1002.2,1.0,1.7,4,1234.8,0
2019-04-02 19:27:59,3,30,21.8,42,12.6,1002.3,1.4,1.7,2,1234.8,0
2019-04-02 19:30:59,3,30,21.8,42,12.6,1002.1,1.4,2.0,4,1234.8,0
2019-04-02 19:33:59,3,30,21.8,42,12.6,1002.1,1.7,2.0,6,1234.8,0
2019-04-02 19:36:59,3,30,21.8,42,12.7,1002.2,1.0,1.7,8,1234.8,0
2019-04-02 19:39:59,3,30,21.8,42,12.7,1002.3,1.4,2.0,4,1234.8,0
2019-04-02 19:42:59,3,30,21.8,42,12.8,1002.2,1.4,2.0,6,1234.8,0
2019-04-02 19:45:59,3,30,21.8,42,12.8,1002.3,1.4,3.1,4,1234.8,0
2019-04-02 19:48:59,3,30,21.8,42,12.8,1002.2,1.0,1.4,4,1234.8,0
2019-04-02 19:51:59,3,30,21.8,42,12.8,1002.1,1.4,2.4,4,1234.8,0
2019-04-02 19:54:59,3,30,21.8,42,12.7,1002.3,1.7,2.4,4,1234.8,0
2019-04-02 19:57:59,3,30,21.8,42,12.7,1002.1,0.3,0.7,6,1234.8,0
2019-04-02 20:00:59,3,30,21.8,42,12.7,1002.0,1.0,1.4,6,1234.8,0
2019-04-02 20:03:59,3,30,21.8,42,12.7,1002.0,1.0,1.4,6,1234.8,0
2019-04-02 20:06:59,3,30,21.8,42,12.7,1002.0,1.0,1.4,6,1234.8,0
2019-04-02 20:09:59,3,30,21.8,43,12.6,1001.8,2.0,2.7,4,1234.8,0
2019-04-02 20:12:59,3,30,21.8,43,12.6,1001.8,1.4,1.7,4,1234.8,0
2019-04-02 20:15:59,3,30,21.8,43,12.6,1001.8,1.4,1.7,2,1234.8,0
2019-04-02 20:18:59,3,30,21.8,43,12.6,1001.7,0.7,1.0,4,1234.8,0
2019-04-02 20:21:59,3,30,21.7,44,12.5,1001.8,2.4,3.4,4,1234.8,0
2019-04-02 20:24:59,3,30,21.7,44,12.5,1001.8,0.7,1.4,2,1234.8,0
2019-04-02 20:27:59,3,30,21.7,44,12.5,1001.8,1.0,1.7,2,1234.8,0
2019-04-02 20:30:59,3,30,21.7,44,12.5,1001.7,1.0,1.4,3,1234.8,0
2019-04-02 20:33:59,3,30,21.7,44,12.5,1001.9,1.4,2.0,10,1234.8,0
2019-04-02 20:36:59,3,30,21.7,45,12.5,1001.7,1.4,2.0,4,1234.8,0
2019-04-02 20:39:59,3,30,21.7,49,12.4,1001.6,0.7,1.0,4,1234.8,0
2019-04-02 20:42:59,3,30,21.7,50,12.4,1001.5,1.4,2.0,4,1234.8,0
2019-04-02 20:45:59,3,30,21.7,50,12.3,1001.5,2.4,3.1,4,1234.8,0
2019-04-02 20:48:59,3,30,21.7,50,12.3,1001.4,1.7,2.0,8,1234.8,0
2019-04-02 20:51:59,3,30,21.7,50,12.3,1001.4,1.4,2.0,8,1234.8,0
2019-04-02 20:54:59,3,30,21.7,50,12.3,1001.4,1.7,2.4,2,1234.8,0
2019-04-02 20:57:59,3,30,21.7,50,12.3,1001.3,2.0,2.7,4,1234.8,0
2019-04-02 21:00:59,3,30,21.7,50,12.3,1001.3,1.7,2.4,4,1234.8,0
2019-04-02 21:03:59,3,30,21.7,50,12.3,1001.3,1.7,2.7,14,1234.8,0
2019-04-02 21:06:59,3,30,21.7,50,12.3,1001.4,1.4,2.4,6,1234.8,0
2019-04-02 21:09:59,3,30,21.7,50,12.2,1001.4,2.0,2.7,6,1234.8,0
2019-04-02 21:12:59,3,30,21.7,50,12.2,1001.4,1.4,1.7,4,1234.8,0
2019-04-02 21:15:59,3,30,21.7,51,12.1,1001.4,1.7,2.4,4,1234.8,0
2019-04-02 21:18:59,3,30,21.7,51,12.1,1001.3,1.0,1.4,2,1234.8,0
2019-04-02 21:21:59,3,30,21.6,51,12.0,1001.2,1.7,2.0,5,1234.8,0
2019-04-02 21:24:59,3,30,21.6,51,12.0,1001.2,1.4,2.0,8,1234.8,0
2019-04-02 21:27:59,3,30,21.6,51,11.9,1001.2,1.0,1.7,6,1234.8,0
2019-04-02 21:30:59,3,30,21.6,51,11.9,1001.1,1.0,1.7,10,1234.8,0
2019-04-02 21:33:59,3,30,21.6,51,11.9,1001.2,1.0,1.7,6,1234.8,0
2019-04-02 21:36:59,3,30,21.6,51,11.9,1001.3,2.0,2.7,10,1234.8,0
2019-04-02 21:39:59,3,30,21.6,51,11.9,1001.3,1.4,2.0,4,1234.8,0
2019-04-02 21:42:59,3,30,21.6,52,11.8,1001.2,1.0,1.4,0,1234.8,0
2019-04-02 21:45:59,3,30,21.6,52,11.8,1001.2,1.4,2.0,0,1234.8,0
2019-04-02 21:48:59,3,30,21.5,52,11.8,1001.2,1.0,1.7,2,1234.8,0
2019-04-02 21:51:59,3,30,21.5,52,11.8,1001.1,1.4,1.7,2,1234.8,0
2019-04-02 21:54:59,3,30,21.5,52,11.7,1001.2,2.0,2.7,2,1234.8,0
2019-04-02 21:57:59,3,30,21.5,52,11.7,1001.2,1.4,2.0,8,1234.8,0
