2019-04-08 00:01:00,3,30,22.3,72,6.0,1003.8,0,0,2,1234.8,0
2019-04-08 00:04:00,3,30,22.3,72,6.0,1003.8,0,0,2,1234.8,0
2019-04-08 00:07:00,3,30,22.3,72,5.8,1003.8,0,0,0,1234.8,0
2019-04-08 00:10:00,3,30,22.3,73,5.8,1003.7,0,0,0,1234.8,0
2019-04-08 00:13:00,3,30,22.3,73,5.7,1003.8,0,0,4,1234.8,0
2019-04-08 00:16:00,3,30,22.3,73,5.7,1003.8,0,0.3,0,1234.8,0
2019-04-08 00:19:00,3,30,22.3,73,5.6,1003.7,0,0,2,1234.8,0
2019-04-08 00:22:00,3,30,22.2,74,5.6,1003.7,0,0,2,1234.8,0
2019-04-08 00:25:00,3,30,22.2,74,5.5,1003.7,0,0,2,1234.8,0
2019-04-08 00:28:00,3,30,22.2,73,5.5,1003.7,0,0,0,1234.8,0
2019-04-08 00:31:00,3,30,22.2,73,5.4,1003.7,0,0.3,0,1234.8,0
2019-04-08 00:34:00,3,30,22.2,73,5.3,1003.8,0,0,2,1234.8,0
2019-04-08 00:37:00,3,30,22.2,73,5.3,1003.8,0,0,2,1234.8,0
2019-04-08 00:40:00,3,30,22.2,74,5.3,1003.8,0,0,2,1234.8,0
2019-04-08 00:43:00,3,30,22.1,74,5.2,1003.8,0,0,2,1234.8,0
2019-04-08 00:46:00,3,30,22.1,74,5.1,1003.8,0,0.3,2,1234.8,0
2019-04-08 00:49:00,3,30,22.1,74,5.1,1003.8,0,0.3,2,1234.8,0
2019-04-08 00:52:00,3,30,22.1,74,5.0,1003.8,0,0,2,1234.8,0
2019-04-08 00:55:00,3,30,22.1,74,5.0,1003.7,0,0,2,1234.8,0
2019-04-08 00:58:00,3,30,22.1,75,4.9,1003.8,0,0,2,1234.8,0
2019-04-08 01:01:00,3,30,22.0,75,4.8,1003.8,0,0,2,1234.8,0
2019-04-08 01:04:00,3,30,22.0,75,4.8,1003.7,0,0,2,1234.8,0
2019-04-08 01:07:00,3,30,22.0,76,4.7,1003.7,0,0,0,1234.8,0
2019-04-08 01:10:00,3,30,22.0,77,4.7,1003.6,0,0.3,2,1234.8,0
2019-04-08 01:13:00,3,31,21.9,78,4.7,1003.7,0,0,0,1234.8,0
2019-04-08 01:16:00,3,31,21.9,78,4.6,1003.7,0,0,2,1234.8,0
2019-04-08 01:19:00,3,31,21.9,78,4.6,1003.7,0,0,2,1234.8,0
2019-04-08 01:22:00,3,31,21.9,79,4.6,1003.6,0,0,0,1234.8,0
2019-04-08 01:25:00,3,31,21.9,79,4.5,1003.7,0,0,0,1234.8,0
2019-04-08 01:28:00,3,31,21.9,79,4.5,1003.8,0,0,0,1234.8,0
2019-04-08 01:31:00,3,31,21.9,79,4.5,1003.6,0,0,0,1234.8,0
2019-04-08 01:34:00,3,31,21.9,79,4.4,1003.6,0,0,0,1234.8,0
2019-04-08 01:37:00,3,31,21.8,79,4.4,1003.7,0,0,0,1234.8,0
2019-04-08 01:40:00,3,31,21.8,80,4.4,1003.6,0,0,0,1234.8,0
2019-04-08 01:43:00,3,31,21.8,80,4.4,1003.7,0,0,0,1234.8,0
2019-04-08 01:46:00,3,31,21.8,80,4.3,1003.7,0,0,0,1234.8,0
2019-04-08 01:49:00,3,31,21.8,80,4.3,1003.6,0,0,2,1234.8,0
2019-04-08 01:52:00,3,31,21.8,80,4.3,1003.6,0,0,0,1234.8,0
2019-04-08 01:55:00,3,31,21.8,80,4.3,1003.5,0.3,0.7,4,1234.8,0
2019-04-08 01:58:00,3,31,21.7,80,4.2,1003.5,0,0,2,1234.8,0
2019-04-08 02:01:00,3,31,21.7,80,4.2,1003.5,0.3,0.7,4,1234.8,0
2019-04-08 02:04:00,3,31,21.7,80,4.2,1003.6,0.3,0.7,4,1234.8,0
2019-04-08 02:07:00,3,31,21.7,80,4.1,1003.6,0,0.7,2,1234.8,0
2019-04-08 02:10:00,3,31,21.7,80,4.1,1003.5,0,0,2,1234.8,0
2019-04-08 02:13:00,3,31,21.7,80,4.1,1003.5,0,0,2,1234.8,0
2019-04-08 02:16:00,3,31,21.7,80,4.1,1003.5,0,0,2,1234.8,0
2019-04-08 02:19:00,3,31,21.6,80,4.0,1003.6,0,0,2,1234.8,0
2019-04-08 02:22:00,3,31,21.6,80,4.0,1003.5,0,0,2,1234.8,0
2019-04-08 02:25:00,3,31,21.6,80,3.9,1003.6,0,0,2,1234.8,0
2019-04-08 02:28:00,3,31,21.6,80,3.8,1003.6,0,0,4,1234.8,0
2019-04-08 02:31:00,3,31,21.6,80,3.8,1003.6,0,0.3,2,1234.8,0
2019-04-08 02:34:00,3,31,21.6,80,3.8,1003.6,0,0,2,1234.8,0
2019-04-08 02:37:00,3,31,21.6,80,3.7,1003.6,0,0,0,1234.8,0
2019-04-08 02:40:00,3,31,21.5,80,3.7,1003.6,0,0,2,1234.8,0
2019-04-08 02:43:00,3,31,21.5,80,3.7,1003.6,0,0,2,1234.8,0
2019-04-08 02:46:00,3,31,21.5,80,3.6,1003.7,0,0,2,1234.8,0
2019-04-08 02:49:00,3,31,21.5,80,3.6,1003.6,0,0,2,1234.8,0
2019-04-08 02:52:00,3,31,21.5,80,3.5,1003.6,0,0,2,1234.8,0
2019-04-08 02:55:00,3,31,21.5,81,3.5,1003.6,0,0,0,1234.8,0
2019-04-08 02:58:00,3,31,21.4,81,3.4,1003.6,0,0,0,1234.8,0
2019-04-08 03:01:00,3,31,21.4,81,3.4,1003.7,0,0,2,1234.8,0
2019-04-08 03:04:00,3,31,21.4,81,3.4,1003.7,0,0,2,1234.8,0
2019-04-08 03:07:00,3,31,21.3,81,3.4,1003.7,0,0,2,1234.8,0
2019-04-08 03:10:00,3,31,21.3,81,3.4,1003.7,0,0,2,1234.8,0
2019-04-08 03:13:00,3,31,21.3,81,3.4,1003.7,0,0,2,1234.8,0
2019-04-08 03:16:00,3,31,21.3,81,3.3,1003.8,0,0,10,1234.8,0
2019-04-08 03:19:00,3,31,21.3,81,3.3,1003.8,0,0,10,1234.8,0
2019-04-08 03:22:00,3,31,21.3,81,3.2,1003.8,0,0,14,1234.8,0
2019-04-08 03:25:00,3,31,21.3,81,3.2,1003.9,0,0,0,1234.8,0
2019-04-08 03:28:00,3,31,21.3,81,3.2,1003.8,0,0,0,1234.8,0
2019-04-08 03:31:00,3,31,21.3,81,3.2,1003.9,0,0,0,1234.8,0
2019-04-08 03:34:00,3,31,21.2,81,3.2,1003.9,0,0,0,1234.8,0
2019-04-08 03:37:00,3,31,21.2,81,3.2,1003.9,0,0,0,1234.8,0
2019-04-08 03:40:00,3,31,21.2,81,3.1,1003.9,0,0,0,1234.8,0
2019-04-08 03:43:00,3,31,21.2,81,3.1,1003.9,0,0,0,1234.8,0
2019-04-08 03:46:00,3,31,21.2,81,3.1,1004.0,0,0,0,1234.8,0
2019-04-08 03:49:00,3,31,21.2,81,3.1,1004.0,0,0,0,1234.8,0
2019-04-08 03:52:00,3,31,21.2,82,3.0,1004.0,0,0,0,1234.8,0
2019-04-08 03:55:00,3,31,21.2,82,3.0,1004.0,0,0,0,1234.8,0
2019-04-08 03:58:00,3,31,21.1,82,2.9,1004.1,0,0,0,1234.8,0
2019-04-08 04:01:00,3,31,21.1,82,2.9,1004.1,0,0,0,1234.8,0
2019-04-08 04:04:00,3,31,21.1,82,2.9,1004.1,0,0,0,1234.8,0
2019-04-08 04:07:00,3,31,21.1,82,2.8,1004.1,0,0,0,1234.8,0
2019-04-08 04:10:00,3,31,21.1,82,2.8,1004.2,0,0,0,1234.8,0
2019-04-08 04:13:00,3,31,21.1,82,2.8,1004.2,0,0,0,1234.8,0
2019-04-08 04:16:00,3,31,21.1,82,2.8,1004.2,0,0,0,1234.8,0
2019-04-08 04:19:00,3,31,21.1,82,2.7,1004.2,0,0,0,1234.8,0
2019-04-08 04:22:00,3,31,21.1,83,2.7,1004.2,0,0,0,1234.8,0
2019-04-08 04:25:00,3,31,21.1,83,2.6,1004.2,0,0,0,1234.8,0
2019-04-08 04:28:00,3,31,21.2,83,2.6,1004.2,0,0,0,1234.8,0
2019-04-08 04:31:00,3,31,21.2,83,2.6,1004.3,0,0,0,1234.8,0
2019-04-08 04:34:00,3,31,21.2,83,2.6,1004.2,0,0,0,1234.8,0
2019-04-08 04:37:00,3,31,21.2,83,2.5,1004.2,0,0,0,1234.8,0
2019-04-08 04:40:00,3,31,21.2,83,2.5,1004.3,0,0,2,1234.8,0
2019-04-08 04:43:00,3,31,21.2,84,2.5,1004.3,0,0,0,1234.8,0
2019-04-08 04:46:00,3,31,21.2,84,2.5,1004.3,0,0,0,1234.8,0
2019-04-08 04:49:00,3,31,21.2,84,2.4,1004.3,0,0,0,1234.8,0
2019-04-08 04:52:00,3,31,21.3,84,2.4,1004.3,0,0,0,1234.8,0
2019-04-08 04:55:00,3,31,21.3,84,2.4,1004.3,0,0,0,1234.8,0
2019-04-08 04:58:00,3,31,21.3,84,2.4,1004.4,0,0,0,1234.8,0
2019-04-08 05:01:00,3,31,21.3,84,2.4,1004.4,0,0,0,1234.8,0
2019-04-08 05:04:00,3,31,21.3,84,2.4,1004.5,0,0,0,1234.8,0
2019-04-08 05:07:00,3,31,21.3,84,2.5,1004.5,0,0,0,1234.8,0
2019-04-08 05:10:00,3,31,21.3,84,2.5,1004.5,0,0,0,1234.8,0
2019-04-08 05:13:00,3,31,21.3,84,2.5,1004.6,0,0,0,1234.8,0
2019-04-08 05:16:00,3,31,21.3,84,2.6,1004.6,0,0,0,1234.8,0
2019-04-08 05:19:00,3,31,21.3,84,2.7,1004.4,0,0,0,1234.8,0
2019-04-08 05:22:00,3,31,21.3,84,2.8,1004.6,0,0,0,1234.8,0
2019-04-08 05:25:00,3,31,21.3,84,2.9,1004.5,0,0,0,1234.8,0
2019-04-08 05:28:00,3,31,21.4,84,3.0,1004.6,0,0,0,1234.8,0
2019-04-08 05:31:00,3,31,21.4,84,3.1,1004.7,0,0,0,1234.8,0
2019-04-08 05:34:00,3,31,21.5,84,3.2,1004.6,0,0,0,1234.8,0
2019-04-08 05:37:00,3,31,21.5,84,3.3,1004.6,0,0,0,1234.8,0
2019-04-08 05:40:00,3,31,21.5,84,3.4,1004.7,0,0,0,1234.8,0
2019-04-08 05:43:00,3,31,21.7,84,3.6,1004.6,0,0,0,1234.8,0
2019-04-08 05:46:00,3,31,21.9,84,3.7,1004.7,0,0,0,1234.8,0
2019-04-08 05:49:00,3,30,22.0,84,3.8,1004.7,0,0,0,1234.8,0
2019-04-08 05:52:00,3,29,22.2,84,4.0,1004.7,0,0,0,1234.8,0
2019-04-08 05:55:00,3,29,22.3,85,4.5,1004.8,0,0,0,1234.8,0
2019-04-08 05:58:00,3,29,22.3,85,5.4,1004.7,0,0,0,1234.8,0
2019-04-08 06:01:00,3,29,22.5,85,5.8,1004.7,0,0,0,1234.8,0
2019-04-08 06:04:00,3,29,22.6,85,5.8,1004.8,0,0,0,1234.8,0
2019-04-08 06:07:00,3,29,22.7,79,7.5,1004.9,0,0,0,1234.8,0
2019-04-08 06:10:00,3,29,22.7,76,8.2,1004.8,0.3,1.0,2,1234.8,0
2019-04-08 06:13:00,3,29,22.7,72,8.5,1004.9,0.3,0.7,0,1234.8,0
2019-04-08 06:16:00,3,29,22.9,68,8.5,1004.8,0.3,0.7,0,1234.8,0
2019-04-08 06:19:00,3,31,23.0,65,8.7,1004.9,0,0,0,1234.8,0
2019-04-08 06:22:00,3,31,23.1,63,8.8,1005.0,0.7,1.0,0,1234.8,0
2019-04-08 06:25:00,3,30,23.1,63,8.9,1005.0,0.7,1.0,0,1234.8,0
2019-04-08 06:28:00,3,30,23.3,62,9.1,1005.1,0.3,0.3,0,1234.8,0
2019-04-08 06:31:00,3,30,23.4,62,9.4,1005.0,0.7,1.0,2,1234.8,0
2019-04-08 06:34:00,3,30,23.5,62,9.6,1004.9,0.3,0.7,0,1234.8,0
2019-04-08 06:37:00,3,29,23.6,61,9.8,1005.0,0.3,0.7,14,1234.8,0
2019-04-08 06:40:00,3,29,23.6,60,10.0,1005.0,0.3,0.7,0,1234.8,0
2019-04-08 06:43:00,3,29,23.7,60,10.2,1005.0,0.7,1.0,0,1234.8,0
2019-04-08 06:46:00,3,29,23.8,60,10.5,1004.9,0.3,0.7,0,1234.8,0
2019-04-08 06:49:00,3,29,23.8,60,10.7,1004.9,0.3,0.7,2,1234.8,0
2019-04-08 06:52:00,3,29,23.8,59,10.9,1005.0,0.7,1.0,2,1234.8,0
2019-04-08 06:55:00,3,27,24.0,58,11.2,1005.0,0,0.3,0,1234.8,0
2019-04-08 06:58:00,3,27,24.0,57,11.5,1005.0,0,0.3,0,1234.8,0
2019-04-08 07:01:00,3,27,24.0,56,11.7,1005.2,0.7,1.0,0,1234.8,0
2019-04-08 07:04:00,3,27,24.1,55,11.9,1005.2,0.7,0.7,0,1234.8,0
2019-04-08 07:07:00,3,27,24.1,54,12.4,1005.1,0,0,2,1234.8,0
2019-04-08 07:10:00,3,27,24.1,50,12.7,1005.3,0,0.3,2,1234.8,0
2019-04-08 07:13:00,3,27,24.1,50,13.0,1005.1,0.3,1.0,0,1234.8,0
2019-04-08 07:16:00,3,27,24.1,49,13.1,1005.2,0.3,0.7,2,1234.8,0
2019-04-08 07:19:00,3,27,24.3,49,13.3,1005.2,0.3,0.7,4,1234.8,0
2019-04-08 07:22:00,3,27,24.4,49,13.6,1005.2,0,0,0,1234.8,0
2019-04-08 07:25:00,3,27,24.3,49,13.9,1005.1,0,0,0,1234.8,0
2019-04-08 07:28:00,3,27,24.4,48,14.3,1005.2,0,0,2,1234.8,0
2019-04-08 07:31:00,3,27,24.5,47,14.8,1005.1,0,0,4,1234.8,0
2019-04-08 07:34:00,3,27,24.5,46,15.3,1005.2,0,0,4,1234.8,0
2019-04-08 07:37:00,3,27,24.5,45,15.5,1005.1,0,0,0,1234.8,0
2019-04-08 07:40:00,3,27,24.3,44,15.7,1005.1,0,0,0,1234.8,0
2019-04-08 07:43:00,3,28,24.1,42,15.9,1005.1,0,0.3,2,1234.8,0
2019-04-08 07:46:00,3,29,23.9,43,15.9,1005.1,0.3,0.7,0,1234.8,0
2019-04-08 07:49:00,3,28,23.8,42,15.9,1005.0,0.3,0.7,2,1234.8,0
2019-04-08 07:52:00,3,29,23.7,40,15.5,1005.0,1.0,1.7,0,1234.8,0
2019-04-08 07:55:00,3,29,23.6,41,15.2,1005.0,0.7,1.0,2,1234.8,0
2019-04-08 07:58:00,3,29,23.6,42,15.3,1005.1,1.0,1.7,0,1234.8,0
2019-04-08 08:01:00,3,29,23.5,42,15.4,1005.1,1.0,1.4,1,1234.8,0
2019-04-08 08:04:00,3,30,23.4,42,15.4,1005.0,1.0,1.4,1,1234.8,0
2019-04-08 08:07:00,3,29,23.4,42,15.2,1005.0,2.0,2.7,2,1234.8,0
2019-04-08 08:10:00,3,31,23.3,41,15.2,1005.1,1.7,2.4,2,1234.8,0
2019-04-08 08:13:00,3,31,23.3,41,15.2,1005.2,1.4,2.0,2,1234.8,0
2019-04-08 08:16:00,3,31,23.1,41,15.3,1005.1,0.7,1.0,0,1234.8,0
2019-04-08 08:19:00,3,31,23.1,42,15.5,1005.2,1.7,2.7,2,1234.8,0
2019-04-08 08:22:00,3,31,23.1,41,15.4,1005.1,1.4,2.0,2,1234.8,0
2019-04-08 08:25:00,3,31,23.0,41,15.4,1005.2,1.4,1.7,2,1234.8,0
2019-04-08 08:28:00,3,32,23.0,42,15.6,1005.2,1.4,1.7,2,1234.8,0
2019-04-08 08:31:00,3,32,23.0,42,16.0,1005.1,1.4,2.4,0,1234.8,0
2019-04-08 08:34:00,3,32,23.0,41,16.2,1005.1,1.7,2.4,0,1234.8,0
2019-04-08 08:37:00,3,32,23.0,41,16.1,1005.1,1.7,2.4,2,1234.8,0
2019-04-08 08:40:00,3,32,23.0,41,16.2,1005.1,1.7,2.7,2,1234.8,0
2019-04-08 08:43:00,3,29,22.9,40,16.3,1005.0,1.0,1.7,0,1234.8,0
2019-04-08 08:46:00,3,29,22.9,40,16.5,1005.0,0,0.3,0,1234.8,0
2019-04-08 08:49:00,3,29,22.9,40,16.7,1004.9,1.7,2.0,14,1234.8,0
2019-04-08 08:52:00,3,29,22.9,40,16.9,1004.9,1.7,2.4,0,1234.8,0
2019-04-08 08:55:00,3,29,22.8,38,16.8,1005.0,2.0,2.4,14,1234.8,0
2019-04-08 08:58:00,3,29,22.7,38,16.8,1005.0,2.4,3.1,14,1234.8,0
2019-04-08 09:01:00,3,29,22.7,40,16.8,1005.0,1.7,2.4,0,1234.8,0
2019-04-08 09:04:00,3,29,22.7,37,16.8,1005.0,1.4,2.0,2,1234.8,0
2019-04-08 09:07:00,3,29,22.7,38,16.8,1005.0,2.0,2.7,2,1234.8,0
2019-04-08 09:10:00,3,29,22.6,38,17.0,1004.9,2.4,3.4,14,1234.8,0
2019-04-08 09:13:00,3,29,22.6,38,17.0,1005.1,1.7,2.0,0,1234.8,0
2019-04-08 09:16:00,3,29,22.6,37,17.2,1004.9,0.7,1.0,14,1234.8,0
2019-04-08 09:19:00,3,29,22.6,33,17.5,1004.9,0.7,1.4,14,1234.8,0
2019-04-08 09:22:00,3,30,22.6,33,17.6,1004.9,1.4,2.0,2,1234.8,0
2019-04-08 09:25:00,3,30,22.5,31,17.6,1004.9,1.7,2.4,0,1234.8,0
2019-04-08 09:28:00,3,30,22.5,30,17.8,1004.8,2.4,2.7,2,1234.8,0
2019-04-08 09:31:00,3,30,22.4,30,17.7,1004.7,2.4,3.4,0,1234.8,0
2019-04-08 09:34:00,3,30,22.4,30,17.7,1004.7,1.4,2.4,0,1234.8,0
2019-04-08 09:37:00,3,30,22.4,30,17.7,1004.8,3.1,3.7,14,1234.8,0
2019-04-08 09:40:00,3,30,22.4,30,17.7,1004.7,1.0,1.7,0,1234.8,0
2019-04-08 09:43:00,3,30,22.3,30,17.7,1004.7,2.0,2.4,4,1234.8,0
2019-04-08 09:46:00,3,30,22.3,30,17.7,1004.7,1.7,2.4,0,1234.8,0
2019-04-08 09:49:00,3,30,22.3,30,17.9,1004.7,0,0,13,1234.8,0
2019-04-08 09:52:00,3,30,22.3,30,18.2,1004.6,2.4,3.7,14,1234.8,0
2019-04-08 09:55:00,3,30,22.3,30,18.5,1004.6,1.4,2.0,0,1234.8,0
2019-04-08 09:58:00,3,30,22.3,28,18.6,1004.6,1.4,1.7,6,1234.8,0
2019-04-08 10:01:00,3,30,22.3,28,18.7,1004.5,1.4,1.7,14,1234.8,0
2019-04-08 10:04:00,3,30,22.3,28,18.7,1004.6,1.4,1.7,14,1234.8,0
2019-04-08 10:07:00,3,30,22.2,27,18.7,1004.5,1.7,2.4,0,1234.8,0
2019-04-08 10:10:00,3,31,22.2,27,18.9,1004.5,1.4,2.7,14,1234.8,0
2019-04-08 10:13:00,3,31,22.2,26,18.9,1004.5,1.7,2.7,4,1234.8,0
2019-04-08 10:16:00,3,31,22.2,25,19.0,1004.5,1.4,1.7,0,1234.8,0
2019-04-08 10:19:00,3,31,22.2,24,19.1,1004.5,1.4,1.7,2,1234.8,0
2019-04-08 10:22:00,3,31,22.2,25,19.3,1004.4,1.4,2.0,8,1234.8,0
2019-04-08 10:25:00,3,31,22.2,25,19.4,1004.5,2.0,2.7,2,1234.8,0
2019-04-08 10:28:00,3,31,22.2,26,19.3,1004.4,1.4,2.0,13,1234.8,0
2019-04-08 10:31:00,3,31,22.2,25,19.3,1004.6,1.4,1.7,14,1234.8,0
2019-04-08 10:34:00,3,31,22.1,25,19.7,1004.4,2.0,2.7,10,1234.8,0
2019-04-08 10:37:00,3,31,22.1,25,19.9,1004.4,0.3,0.3,0,1234.8,0
2019-04-08 10:40:00,3,32,22.1,25,20.2,1004.5,0.7,1.0,0,1234.8,0
2019-04-08 10:43:00,3,32,22.1,24,20.0,1004.4,1.0,1.4,14,1234.8,0
2019-04-08 10:46:00,3,32,22.1,25,20.3,1004.4,0.3,0.7,0,1234.8,0
2019-04-08 10:49:00,3,32,22.1,27,20.7,1004.4,1.0,1.7,14,1234.8,0
2019-04-08 10:52:00,3,32,22.1,25,20.7,1004.3,1.4,2.0,2,1234.8,0
2019-04-08 10:55:00,3,32,22.1,23,20.1,1004.3,3.1,4.1,2,1234.8,0
2019-04-08 10:58:00,3,32,22.1,24,20.0,1004.2,0.7,1.4,14,1234.8,0
2019-04-08 11:01:00,3,32,22.1,24,20.1,1004.4,3.4,4.1,2,1234.8,0
2019-04-08 11:04:00,3,32,22.1,24,19.9,1004.3,1.0,1.7,14,1234.8,0
2019-04-08 11:07:00,3,32,22.1,24,20.0,1004.4,0.7,1.0,0,1234.8,0
2019-04-08 11:10:00,3,32,22.1,23,20.0,1004.3,1.7,2.0,2,1234.8,0
2019-04-08 11:13:00,3,32,22.1,24,20.1,1004.4,1.4,2.0,0,1234.8,0
2019-04-08 11:16:00,3,32,22.1,25,20.4,1004.5,0.7,1.0,14,1234.8,0
2019-04-08 11:19:00,3,32,22.1,24,20.4,1004.3,1.7,2.4,1,1234.8,0
2019-04-08 11:22:00,3,32,22.1,24,20.5,1004.3,1.0,2.0,14,1234.8,0
2019-04-08 11:25:00,3,32,22.1,24,20.5,1004.2,1.7,2.0,0,1234.8,0
2019-04-08 11:28:00,3,32,22.1,25,20.4,1004.3,1.7,2.7,12,1234.8,0
2019-04-08 11:31:00,3,32,22.1,28,20.7,1004.2,0.7,1.7,0,1234.8,0
2019-04-08 11:34:00,3,33,22.1,27,20.7,1004.2,2.0,2.7,2,1234.8,0
2019-04-08 11:37:00,3,33,22.1,27,20.7,1004.2,1.4,1.7,14,1234.8,0
2019-04-08 11:40:00,3,33,22.1,26,20.6,1004.2,1.0,1.7,4,1234.8,0
2019-04-08 11:43:00,3,33,22.2,27,20.5,1004.2,1.7,2.4,2,1234.8,0
2019-04-08 11:46:00,3,34,22.2,30,20.9,1004.1,0.7,1.4,8,1234.8,0
2019-04-08 11:49:00,3,34,22.2,30,21.1,1004.2,2.0,2.7,14,1234.8,0
2019-04-08 11:52:00,3,34,22.3,30,21.3,1004.1,0.7,1.0,4,1234.8,0
2019-04-08 11:55:00,3,34,22.6,28,21.3,1004.2,1.7,2.4,2,1234.8,0
2019-04-08 11:58:00,3,33,22.7,27,21.2,1004.1,2.4,3.1,0,1234.8,0
2019-04-08 12:01:00,3,33,22.9,27,21.0,1004.2,2.4,3.1,0,1234.8,0
2019-04-08 12:04:00,3,34,23.0,27,21.0,1004.2,2.4,3.1,0,1234.8,0
2019-04-08 12:07:00,3,33,23.1,28,20.6,1004.2,1.7,2.0,0,1234.8,0
2019-04-08 12:10:00,3,33,23.1,30,20.6,1004.2,2.4,3.7,2,1234.8,0
2019-04-08 12:13:00,3,33,23.3,28,20.4,1004.2,2.4,3.1,0,1234.8,0
2019-04-08 12:16:00,3,33,23.4,28,20.3,1004.1,1.4,2.0,10,1234.8,0
2019-04-08 12:19:00,3,33,23.4,30,20.6,1004.1,1.4,2.0,2,1234.8,0
2019-04-08 12:22:00,3,33,23.3,30,20.9,1004.0,1.0,1.4,14,1234.8,0
2019-04-08 12:25:00,3,33,23.3,30,21.2,1004.1,0.7,1.0,0,1234.8,0
2019-04-08 12:28:00,3,33,23.2,28,21.1,1004.2,1.4,2.0,4,1234.8,0
2019-04-08 12:31:00,3,33,23.1,30,20.9,1004.1,1.4,1.7,0,1234.8,0
2019-04-08 12:34:00,3,33,23.1,30,21.1,1004.1,1.0,1.4,14,1234.8,0
2019-04-08 12:37:00,3,33,23.1,30,21.1,1004.1,2.0,2.7,2,1234.8,0
2019-04-08 12:40:00,3,33,23.1,28,21.1,1004.1,2.4,3.1,0,1234.8,0
2019-04-08 12:43:00,3,33,23.1,30,20.8,1004.1,1.0,1.4,4,1234.8,0
2019-04-08 12:46:00,3,33,23.1,30,20.7,1004.0,1.7,2.4,0,1234.8,0
2019-04-08 12:49:00,3,33,23.1,30,20.8,1003.9,2.7,3.4,14,1234.8,0
2019-04-08 12:52:00,3,33,23.1,30,20.8,1004.0,2.4,3.1,12,1234.8,0
2019-04-08 12:55:00,3,33,23.1,30,20.9,1004.0,0.7,1.0,2,1234.8,0
2019-04-08 12:58:00,3,33,23.1,30,20.5,1004.0,2.0,2.7,12,1234.8,0
2019-04-08 13:01:00,3,33,23.1,30,20.5,1004.0,1.4,1.7,14,1234.8,0
2019-04-08 13:04:00,3,33,23.1,30,20.6,1004.0,1.0,1.4,14,1234.8,0
2019-04-08 13:07:00,3,33,23.1,30,20.7,1003.8,0.7,1.4,14,1234.8,0
2019-04-08 13:10:00,3,33,23.1,30,20.9,1003.8,1.7,2.4,14,1234.8,0
2019-04-08 13:13:00,3,33,23.1,30,21.0,1003.9,1.4,2.0,14,1234.8,0
2019-04-08 13:16:00,3,33,23.1,30,21.0,1003.9,1.0,1.4,8,1234.8,0
2019-04-08 13:19:00,3,33,23.1,30,21.1,1003.9,2.0,2.7,0,1234.8,0
2019-04-08 13:22:00,3,33,23.1,30,20.8,1003.7,0.7,1.0,4,1234.8,0
2019-04-08 13:25:00,3,33,23.1,30,20.7,1003.7,0,0,10,1234.8,0
2019-04-08 13:28:00,3,33,23.1,30,20.9,1003.9,0.7,1.0,12,1234.8,0
2019-04-08 13:31:00,3,33,23.1,30,21.0,1003.9,3.1,3.4,0,1234.8,0
2019-04-08 13:34:00,3,33,23.1,30,21.1,1003.8,1.4,2.0,8,1234.8,0
2019-04-08 13:37:00,3,33,23.1,30,21.0,1003.8,3.4,4.8,0,1234.8,0
2019-04-08 13:40:00,3,33,23.1,30,20.9,1003.9,1.4,2.4,12,1234.8,0
2019-04-08 13:43:00,3,33,23.1,30,20.7,1003.9,1.4,2.0,2,1234.8,0
2019-04-08 13:46:00,3,33,23.1,30,20.6,1003.7,1.0,1.4,8,1234.8,0
2019-04-08 13:49:00,3,33,23.1,30,20.5,1003.7,1.0,1.4,0,1234.8,0
2019-04-08 13:52:00,3,33,23.1,30,20.2,1003.7,0.7,1.4,4,1234.8,0
2019-04-08 13:55:00,3,33,23.1,30,20.1,1003.8,1.4,1.7,2,1234.8,0
2019-04-08 13:58:00,3,33,23.1,30,20.2,1003.8,1.0,1.4,0,1234.8,0
2019-04-08 14:01:00,3,33,23.1,30,20.1,1003.8,1.4,2.0,4,1234.8,0
2019-04-08 14:04:00,3,33,23.1,30,20.1,1003.7,1.4,2.0,4,1234.8,0
2019-04-08 14:07:00,3,33,23.1,30,19.8,1003.8,3.1,4.1,3,1234.8,0
2019-04-08 14:10:00,3,33,23.1,30,19.6,1003.8,1.7,2.0,12,1234.8,0
2019-04-08 14:13:00,3,33,23.1,31,19.7,1003.8,1.0,1.7,0,1234.8,0
2019-04-08 14:16:00,3,33,23.2,31,19.7,1003.8,2.7,3.4,0,1234.8,0
2019-04-08 14:19:00,3,33,23.3,30,19.6,1003.8,1.0,1.7,15,1234.8,0
2019-04-08 14:22:00,3,33,23.3,31,19.6,1003.8,1.0,1.4,0,1234.8,0
2019-04-08 14:25:00,3,33,23.3,31,19.6,1003.8,1.4,1.7,6,1234.8,0
2019-04-08 14:28:00,3,33,23.3,31,19.9,1003.9,1.4,2.0,6,1234.8,0
2019-04-08 14:31:00,3,33,23.3,31,20.1,1003.9,1.4,2.0,15,1234.8,0
2019-04-08 14:34:00,3,33,23.3,30,20.2,1003.8,2.4,4.1,0,1234.8,0
2019-04-08 14:37:00,3,33,23.3,30,20.0,1003.9,1.7,2.4,2,1234.8,0
2019-04-08 14:40:00,3,33,23.3,31,20.2,1003.9,2.4,2.7,0,1234.8,0
2019-04-08 14:43:00,3,33,23.3,31,20.5,1003.9,1.7,2.4,5,1234.8,0
2019-04-08 14:46:00,3,33,23.4,30,20.7,1003.9,1.7,2.7,3,1234.8,0
2019-04-08 14:49:00,3,33,23.4,30,20.5,1003.9,2.7,3.4,2,1234.8,0
2019-04-08 14:52:00,3,33,23.4,30,20.4,1003.9,1.0,1.4,0,1234.8,0
2019-04-08 14:55:00,3,33,23.4,30,20.5,1003.9,1.4,1.7,2,1234.8,0
2019-04-08 14:58:00,3,33,23.4,31,20.3,1004.0,0.7,1.0,0,1234.8,0
2019-04-08 15:01:00,3,33,23.4,31,20.1,1004.0,1.7,2.4,0,1234.8,0
2019-04-08 15:04:00,3,33,23.4,31,19.9,1004.0,1.0,1.4,4,1234.8,0
2019-04-08 15:07:00,3,33,23.4,31,19.8,1003.9,1.4,1.7,13,1234.8,0
2019-04-08 15:10:00,3,33,23.4,31,19.7,1004.0,1.4,2.0,2,1234.8,0
2019-04-08 15:13:00,3,33,23.4,31,19.6,1004.0,2.0,2.7,2,1234.8,0
2019-04-08 15:16:00,3,33,23.4,31,19.7,1004.0,1.0,1.7,0,1234.8,0
2019-04-08 15:19:00,3,33,23.4,31,20.1,1004.0,1.7,2.4,0,1234.8,0
2019-04-08 15:22:00,3,33,23.4,30,20.2,1004.1,2.4,3.1,0,1234.8,0
2019-04-08 15:25:00,3,33,23.4,31,20.2,1004.0,1.7,2.4,2,1234.8,0
2019-04-08 15:28:00,3,33,23.4,30,20.3,1004.0,1.7,2.7,2,1234.8,0
2019-04-08 15:31:00,3,33,23.4,30,20.4,1004.1,2.0,3.1,0,1234.8,0
2019-04-08 15:34:00,3,33,23.4,30,20.6,1004.1,1.4,1.7,4,1234.8,0
2019-04-08 15:37:00,3,33,23.4,30,20.5,1004.0,1.4,1.7,4,1234.8,0
2019-04-08 15:40:00,3,33,23.4,30,20.0,1004.1,2.7,3.4,2,1234.8,0
2019-04-08 15:43:00,3,33,23.4,30,19.8,1004.1,2.0,2.7,0,1234.8,0
2019-04-08 15:46:00,3,33,23.4,31,19.7,1004.0,2.4,3.1,0,1234.8,0
2019-04-08 15:49:00,3,33,23.4,31,19.6,1004.0,2.7,3.7,2,1234.8,0
2019-04-08 15:52:00,3,33,23.5,31,19.4,1004.1,2.4,3.7,12,1234.8,0
2019-04-08 15:55:00,3,33,23.5,31,19.3,1004.1,2.7,3.4,0,1234.8,0
2019-04-08 15:58:00,3,33,23.5,32,19.2,1004.1,2.7,3.4,0,1234.8,0
2019-04-08 16:01:00,3,33,23.4,32,19.2,1004.1,2.4,3.1,0,1234.8,0
2019-04-08 16:04:00,3,33,23.5,32,19.2,1004.2,2.4,3.1,0,1234.8,0
2019-04-08 16:07:00,3,33,23.5,34,18.9,1004.2,2.4,3.1,2,1234.8,0
2019-04-08 16:10:00,3,33,23.5,35,18.7,1004.2,2.7,4.1,2,1234.8,0
2019-04-08 16:13:00,3,33,23.5,35,18.7,1004.2,1.7,2.4,2,1234.8,0
2019-04-08 16:16:00,3,33,23.5,36,18.6,1004.3,3.4,3.7,2,1234.8,0
2019-04-08 16:19:00,3,33,23.5,38,18.4,1004.3,2.0,3.1,14,1234.8,0
2019-04-08 16:22:00,3,32,23.5,40,18.3,1004.4,2.0,2.7,0,1234.8,0
2019-04-08 16:25:00,3,32,23.5,40,18.1,1004.3,1.4,1.7,14,1234.8,0
2019-04-08 16:28:00,3,32,23.5,41,18.0,1004.4,2.4,3.1,0,1234.8,0
2019-04-08 16:31:00,3,32,23.5,42,17.7,1004.3,5.4,7.5,0,1234.8,0
2019-04-08 16:34:00,3,32,23.5,43,17.5,1004.4,1.0,1.4,0,1234.8,0
2019-04-08 16:37:00,3,32,23.5,49,17.4,1004.3,3.1,4.1,0,1234.8,0
2019-04-08 16:40:00,3,32,23.5,50,17.2,1004.4,3.1,4.1,0,1234.8,0
2019-04-08 16:43:00,3,32,23.5,51,17.0,1004.6,1.4,2.0,0,1234.8,0
2019-04-08 16:46:00,3,32,23.5,51,16.8,1004.4,4.1,5.8,0,1234.8,0
2019-04-08 16:49:00,3,32,23.5,52,16.6,1004.4,3.7,4.8,0,1234.8,0
2019-04-08 16:52:00,3,32,23.5,52,16.3,1004.6,2.7,3.4,2,1234.8,0
2019-04-08 16:55:00,3,32,23.5,52,16.1,1004.7,5.1,7.1,0,1234.8,0
2019-04-08 16:58:00,3,32,23.5,53,15.8,1004.6,3.7,5.8,1,1234.8,0
2019-04-08 17:01:00,3,32,23.4,53,15.7,1004.7,2.7,3.7,2,1234.8,0
2019-04-08 17:04:00,3,32,23.4,53,15.5,1004.8,4.1,5.8,14,1234.8,0
2019-04-08 17:07:00,3,32,23.5,54,15.3,1004.7,1.7,2.4,12,1234.8,0
2019-04-08 17:10:00,3,32,23.5,54,15.1,1004.8,2.7,3.4,0,1234.8,0
2019-04-08 17:13:00,3,32,23.4,54,15.0,1004.9,2.7,3.1,0,1234.8,0
2019-04-08 17:16:00,3,32,23.4,55,14.8,1004.9,3.1,5.1,14,1234.8,0
2019-04-08 17:19:00,3,32,23.4,56,14.5,1004.9,2.4,2.7,2,1234.8,0
2019-04-08 17:22:00,3,32,23.4,58,14.3,1005.0,3.7,4.8,0,1234.8,0
2019-04-08 17:25:00,3,32,23.4,59,14.1,1005.1,3.4,3.7,15,1234.8,0
2019-04-08 17:28:00,3,32,23.4,60,13.9,1005.1,3.7,4.8,0,1234.8,0
2019-04-08 17:31:00,3,32,23.4,60,13.7,1005.1,1.7,2.7,0,1234.8,0
2019-04-08 17:34:00,3,32,23.4,60,13.5,1005.2,3.1,4.8,15,1234.8,0
2019-04-08 17:37:00,3,32,23.4,60,13.4,1005.3,1.7,2.0,1,1234.8,0
2019-04-08 17:40:00,3,32,23.4,60,13.1,1005.3,2.0,2.7,0,1234.8,0
2019-04-08 17:43:00,3,32,23.4,60,12.9,1005.5,2.7,3.4,2,1234.8,0
2019-04-08 17:46:00,3,32,23.4,60,12.7,1005.5,1.7,2.7,2,1234.8,0
2019-04-08 17:49:00,3,32,23.4,60,12.6,1005.5,3.1,4.4,0,1234.8,0
2019-04-08 17:52:00,3,32,23.4,60,12.5,1005.4,1.7,2.4,2,1234.8,0
2019-04-08 17:55:00,3,32,23.4,62,12.3,1005.5,1.4,2.0,4,1234.8,0
2019-04-08 17:58:00,3,32,23.4,63,12.1,1005.6,2.4,3.4,12,1234.8,0
2019-04-08 18:01:00,3,32,23.4,63,12.1,1005.6,1.4,2.4,0,1234.8,0
2019-04-08 18:04:00,3,32,23.4,63,12.1,1005.7,1.4,2.4,0,1234.8,0
2019-04-08 18:07:00,3,33,23.4,62,11.7,1005.7,2.7,3.7,0,1234.8,0
2019-04-08 18:10:00,3,33,23.4,62,11.5,1005.7,2.4,3.4,0,1234.8,0
2019-04-08 18:13:00,3,33,23.4,62,11.3,1005.8,1.7,2.4,14,1234.8,0
2019-04-08 18:16:00,3,33,23.4,63,11.2,1005.9,1.4,1.7,0,1234.8,0
2019-04-08 18:19:00,3,33,23.4,63,11.1,1005.8,2.0,2.7,0,1234.8,0
2019-04-08 18:22:00,3,33,23.4,63,10.9,1005.9,1.0,1.4,0,1234.8,0
2019-04-08 18:25:00,3,33,23.4,63,10.8,1005.9,3.1,3.7,0,1234.8,0
2019-04-08 18:28:00,3,33,23.3,64,10.7,1005.9,2.0,3.1,0,1234.8,0
2019-04-08 18:31:00,3,33,23.3,64,10.6,1006.0,1.7,2.4,14,1234.8,0
2019-04-08 18:34:00,3,33,23.3,64,10.5,1006.1,1.4,2.0,0,1234.8,0
2019-04-08 18:37:00,3,33,23.3,64,10.4,1006.1,1.7,2.4,14,1234.8,0
2019-04-08 18:40:00,3,33,23.3,65,10.4,1006.0,1.4,1.7,0,1234.8,0
2019-04-08 18:43:00,3,33,23.3,65,10.2,1006.1,1.4,2.0,2,1234.8,0
2019-04-08 18:46:00,3,33,23.3,65,10.2,1006.1,1.0,1.7,0,1234.8,0
2019-04-08 18:49:00,3,33,23.3,65,10.1,1006.2,0.7,1.4,0,1234.8,0
2019-04-08 18:52:00,3,33,23.3,65,10.0,1006.3,0.7,1.4,2,1234.8,0
2019-04-08 18:55:00,3,33,23.3,65,9.9,1006.2,1.4,2.0,0,1234.8,0
2019-04-08 18:58:00,3,33,23.3,65,9.8,1006.3,1.4,1.7,0,1234.8,0
2019-04-08 19:01:00,3,33,23.3,65,9.7,1006.3,2.0,2.4,0,1234.8,0
2019-04-08 19:04:00,3,33,23.3,65,9.6,1006.3,2.7,3.7,3,1234.8,0
2019-04-08 19:07:00,3,33,23.3,64,9.5,1006.4,1.7,2.0,0,1234.8,0
2019-04-08 19:10:00,3,33,23.3,63,9.5,1006.2,2.7,3.4,0,1234.8,0
2019-04-08 19:13:00,3,33,23.3,63,9.4,1006.5,2.4,3.4,2,1234.8,0
2019-04-08 19:16:00,3,33,23.3,63,9.3,1006.4,2.0,3.1,2,1234.8,0
2019-04-08 19:19:00,3,33,23.3,63,9.2,1006.5,2.4,3.1,14,1234.8,0
2019-04-08 19:22:00,3,33,23.3,63,9.1,1006.5,0.3,1.0,14,1234.8,0
2019-04-08 19:25:00,3,33,23.3,63,9.1,1006.6,0.3,0.7,0,1234.8,0
2019-04-08 19:28:00,3,33,23.2,64,9.0,1006.5,1.7,2.4,14,1234.8,0
2019-04-08 19:31:00,3,33,23.2,64,8.9,1006.5,1.0,1.4,2,1234.8,0
2019-04-08 19:34:00,3,33,23.2,64,8.8,1006.5,0,0.7,0,1234.8,0
2019-04-08 19:37:00,3,33,23.2,64,8.7,1006.6,1.0,1.4,14,1234.8,0
2019-04-08 19:40:00,3,33,23.2,65,8.7,1006.6,1.0,1.4,0,1234.8,0
2019-04-08 19:43:00,3,33,23.2,65,8.6,1006.6,1.7,2.0,0,1234.8,0
2019-04-08 19:46:00,3,33,23.1,65,8.5,1006.6,3.4,4.4,15,1234.8,0
2019-04-08 19:49:00,3,33,23.1,65,8.4,1006.6,2.0,2.7,2,1234.8,0
2019-04-08 19:52:00,3,33,23.1,65,8.4,1006.6,1.4,2.0,2,1234.8,0
2019-04-08 19:55:00,3,33,23.1,65,8.3,1006.5,1.4,2.4,14,1234.8,0
2019-04-08 19:58:00,3,33,23.1,66,8.2,1006.6,0.7,1.0,0,1234.8,0
2019-04-08 20:01:00,3,33,23.1,66,8.2,1006.6,2.7,3.4,0,1234.8,0
2019-04-08 20:04:00,3,33,23.1,66,8.2,1006.6,2.7,3.4,0,1234.8,0
2019-04-08 20:07:00,3,33,23.1,66,8.0,1006.8,1.0,1.7,4,1234.8,0
2019-04-08 20:10:00,3,33,23.1,67,7.9,1006.7,3.1,4.4,0,1234.8,0
2019-04-08 20:13:00,3,33,23.1,67,7.9,1006.7,0.7,1.0,0,1234.8,0
2019-04-08 20:16:00,3,33,23.1,67,7.8,1006.7,1.7,2.4,2,1234.8,0
2019-04-08 20:19:00,3,33,23.1,67,7.8,1006.7,2.4,2.7,0,1234.8,0
2019-04-08 20:22:00,3,33,23.1,67,7.7,1006.7,2.0,2.4,2,1234.8,0
2019-04-08 20:25:00,3,33,23.1,67,7.7,1006.7,2.0,2.7,0,1234.8,0
2019-04-08 20:28:00,3,33,23.1,68,7.6,1006.8,1.7,2.4,2,1234.8,0
2019-04-08 20:31:00,3,33,23.0,68,7.5,1006.8,2.0,3.7,0,1234.8,0
2019-04-08 20:34:00,3,33,23.0,68,7.5,1006.7,2.0,2.7,14,1234.8,0
2019-04-08 20:37:00,3,33,23.1,68,7.5,1006.7,2.4,3.1,0,1234.8,0
2019-04-08 20:40:00,3,33,23.1,72,7.4,1006.8,2.4,3.4,0,1234.8,0
2019-04-08 20:43:00,3,33,23.0,72,7.3,1006.7,3.4,3.7,2,1234.8,0
2019-04-08 20:46:00,3,32,23.0,73,7.2,1006.9,1.4,2.0,0,1234.8,0
2019-04-08 20:49:00,3,32,23.0,73,7.2,1006.8,1.0,2.0,0,1234.8,0
2019-04-08 20:52:00,3,32,23.0,73,7.1,1006.8,2.0,3.4,14,1234.8,0
2019-04-08 20:55:00,3,32,23.0,73,7.1,1006.8,0.7,1.4,1,1234.8,0
2019-04-08 20:58:00,3,32,23.0,73,7.0,1006.9,1.7,2.4,1,1234.8,0
2019-04-08 21:01:00,3,32,23.0,73,7.0,1006.9,2.4,2.7,0,1234.8,0
2019-04-08 21:04:00,3,32,23.0,74,6.9,1006.9,2.0,3.4,2,1234.8,0
2019-04-08 21:07:00,3,32,23.0,74,6.8,1007.0,1.0,1.4,14,1234.8,0
2019-04-08 21:10:00,3,32,23.0,74,6.8,1007.1,1.0,1.7,2,1234.8,0
2019-04-08 21:13:00,3,32,23.0,74,6.7,1007.0,1.4,2.0,14,1234.8,0
2019-04-08 21:16:00,3,30,22.9,75,6.6,1007.1,1.4,2.0,2,1234.8,0
2019-04-08 21:19:00,3,30,22.9,75,6.6,1007.0,2.0,3.1,2,1234.8,0
2019-04-08 21:22:00,3,30,22.9,75,6.6,1007.0,1.4,2.0,0,1234.8,0
2019-04-08 21:25:00,3,30,22.9,75,6.6,1007.0,2.7,3.1,2,1234.8,0
2019-04-08 21:28:00,3,30,22.9,75,6.5,1007.0,1.7,2.7,1,1234.8,0
2019-04-08 21:31:00,3,30,22.9,75,6.5,1007.1,2.0,2.7,0,1234.8,0
2019-04-08 21:34:00,3,30,22.8,76,6.5,1007.0,1.0,1.7,0,1234.8,0
2019-04-08 21:37:00,3,30,22.8,76,6.4,1007.1,2.4,3.4,0,1234.8,0
2019-04-08 21:40:00,3,30,22.8,76,6.4,1007.0,1.4,1.7,0,1234.8,0
2019-04-08 21:43:00,3,30,22.7,76,6.3,1007.0,1.7,2.4,0,1234.8,0
2019-04-08 21:46:00,3,30,22.7,76,6.3,1007.1,1.0,1.4,0,1234.8,0
2019-04-08 21:49:00,3,30,22.7,77,6.3,1007.2,0.7,1.0,0,1234.8,0
2019-04-08 21:52:00,3,30,22.7,77,6.2,1007.2,1.7,2.7,1,1234.8,0
2019-04-08 21:55:00,3,30,22.7,77,6.1,1007.2,1.4,1.7,4,1234.8,0
2019-04-08 21:58:00,3,30,22.7,77,6.1,1007.3,1.0,1.4,0,1234.8,0
