2019-04-11 00:00:59,3,29,20.4,61,4.3,1015.6,0.3,0.7,3,1234.8,0
2019-04-11 00:03:59,3,29,20.4,61,4.3,1015.6,0.3,0.7,3,1234.8,0
2019-04-11 00:06:59,3,29,20.4,61,4.2,1015.6,1.0,1.7,5,1234.8,0
2019-04-11 00:09:59,3,29,20.4,61,4.2,1015.6,1.7,2.0,2,1234.8,0
2019-04-11 00:12:59,3,29,20.4,62,4.1,1015.7,1.0,1.4,0,1234.8,0
2019-04-11 00:15:59,3,29,20.4,62,4.1,1015.6,1.0,1.7,6,1234.8,0
2019-04-11 00:18:59,3,29,20.3,62,4.0,1015.6,1.7,2.4,4,1234.8,0
2019-04-11 00:21:59,3,29,20.3,62,4.0,1015.7,2.7,4.4,0,1234.8,0
2019-04-11 00:24:59,3,30,20.3,62,3.9,1015.7,0.3,1.4,4,1234.8,0
2019-04-11 00:27:59,3,30,20.3,62,3.9,1015.7,1.7,2.7,4,1234.8,0
2019-04-11 00:30:59,3,30,20.3,63,3.8,1015.8,1.0,1.7,0,1234.8,0
2019-04-11 00:33:59,3,30,20.3,63,3.8,1015.7,0.7,1.0,0,1234.8,0
2019-04-11 00:36:59,3,29,20.3,63,3.8,1015.7,0,0.3,4,1234.8,0
2019-04-11 00:39:59,3,29,20.2,63,3.7,1015.7,0.7,1.0,0,1234.8,0
2019-04-11 00:42:59,3,29,20.2,63,3.7,1015.8,1.4,2.0,4,1234.8,0
2019-04-11 00:45:59,3,30,20.2,63,3.7,1015.8,2.0,3.1,2,1234.8,0
2019-04-11 00:48:59,3,30,20.2,63,3.6,1015.7,0.3,0.7,14,1234.8,0
2019-04-11 00:51:59,3,30,20.2,64,3.6,1015.7,0.3,1.0,14,1234.8,0
2019-04-11 00:54:59,3,30,20.2,64,3.6,1015.8,0.7,1.0,10,1234.8,0
2019-04-11 00:57:59,3,29,20.1,64,3.6,1015.8,1.0,1.7,0,1234.8,0
2019-04-11 01:00:59,3,29,20.1,64,3.5,1015.7,1.4,1.7,2,1234.8,0
2019-04-11 01:03:59,3,29,20.1,64,3.5,1015.9,1.7,2.0,0,1234.8,0
2019-04-11 01:06:59,3,30,20.1,64,3.5,1015.9,1.4,2.0,0,1234.8,0
2019-04-11 01:09:59,3,30,20.1,64,3.4,1015.9,1.4,1.7,0,1234.8,0
2019-04-11 01:12:59,3,30,20.1,64,3.4,1015.9,0.7,1.4,2,1234.8,0
2019-04-11 01:15:59,3,30,20.0,65,3.4,1015.9,0.7,1.0,0,1234.8,0
2019-04-11 01:18:59,3,30,20.0,65,3.3,1015.9,0.7,1.0,0,1234.8,0
2019-04-11 01:21:59,3,30,20.0,65,3.3,1015.9,0.3,1.0,0,1234.8,0
2019-04-11 01:24:59,3,30,20.0,65,3.3,1015.9,1.4,1.7,0,1234.8,0
2019-04-11 01:27:59,3,30,20.0,65,3.2,1015.9,0.3,0.7,14,1234.8,0
2019-04-11 01:30:59,3,30,20.0,65,3.2,1015.9,0.3,0.7,4,1234.8,0
2019-04-11 01:33:59,3,30,20.0,65,3.2,1016.0,0,0.3,0,1234.8,0
2019-04-11 01:36:59,3,30,20.0,66,3.2,1015.8,0,0,15,1234.8,0
2019-04-11 01:39:59,3,31,19.9,66,3.1,1016.0,0.7,1.0,0,1234.8,0
2019-04-11 01:42:59,3,31,19.8,66,3.1,1015.9,0.7,1.4,4,1234.8,0
2019-04-11 01:45:59,3,31,19.8,66,3.1,1015.9,0.7,1.0,0,1234.8,0
2019-04-11 01:48:59,3,31,19.8,67,3.1,1015.9,0.3,1.0,0,1234.8,0
2019-04-11 01:51:59,3,31,19.8,67,3.0,1015.9,1.0,1.4,2,1234.8,0
2019-04-11 01:54:59,3,31,19.8,67,3.0,1016.0,0.7,1.0,0,1234.8,0
2019-04-11 01:57:59,3,31,19.8,67,3.0,1016.0,0.7,1.4,0,1234.8,0
2019-04-11 02:00:59,3,31,19.7,67,3.0,1016.0,0.7,1.0,2,1234.8,0
2019-04-11 02:03:59,3,29,19.7,67,3.0,1016.0,0.7,1.0,2,1234.8,0
2019-04-11 02:06:59,3,30,19.7,67,2.9,1016.0,0.3,0.7,0,1234.8,0
2019-04-11 02:09:59,3,29,19.7,68,2.9,1016.0,0.3,0.7,0,1234.8,0
2019-04-11 02:12:59,3,29,19.7,68,2.9,1016.1,0,0.3,0,1234.8,0
2019-04-11 02:15:59,3,29,19.7,68,2.9,1016.2,1.4,1.7,4,1234.8,0
2019-04-11 02:18:59,3,29,19.7,69,2.9,1016.2,0.7,1.0,4,1234.8,0
2019-04-11 02:21:59,3,31,19.7,69,2.9,1016.1,1.4,1.7,0,1234.8,0
2019-04-11 02:24:59,3,30,19.7,69,2.9,1016.1,1.4,2.0,4,1234.8,0
2019-04-11 02:27:59,3,29,19.6,70,2.8,1016.2,1.0,1.4,2,1234.8,0
2019-04-11 02:30:59,3,29,19.6,70,2.8,1016.2,1.0,1.4,4,1234.8,0
2019-04-11 02:33:59,3,29,19.6,70,2.8,1016.2,0.7,1.0,0,1234.8,0
2019-04-11 02:36:59,3,29,19.6,70,2.8,1016.2,0.3,1.0,4,1234.8,0
2019-04-11 02:39:59,3,29,19.6,70,2.8,1016.1,1.0,1.7,0,1234.8,0
2019-04-11 02:42:59,3,29,19.6,70,2.8,1016.1,1.0,1.7,4,1234.8,0
2019-04-11 02:45:59,3,29,19.6,70,2.8,1016.2,2.0,2.4,4,1234.8,0
2019-04-11 02:48:59,3,29,19.6,70,2.8,1016.2,0,0.3,0,1234.8,0
2019-04-11 02:51:59,3,29,19.5,70,2.8,1016.2,1.4,2.0,0,1234.8,0
2019-04-11 02:54:59,3,29,19.5,70,2.7,1016.3,0.7,1.0,2,1234.8,0
2019-04-11 02:57:59,3,29,19.5,70,2.7,1016.3,1.4,1.7,0,1234.8,0
2019-04-11 03:00:59,3,29,19.5,70,2.7,1016.2,1.7,3.4,2,1234.8,0
2019-04-11 03:03:59,3,29,19.5,70,2.7,1016.3,1.4,1.7,2,1234.8,0
2019-04-11 03:06:59,3,29,19.5,70,2.7,1016.2,1.4,2.0,4,1234.8,0
2019-04-11 03:09:59,3,30,19.5,70,2.7,1016.3,0.7,1.0,0,1234.8,0
2019-04-11 03:12:59,3,30,19.4,70,2.6,1016.3,0.7,1.0,4,1234.8,0
2019-04-11 03:15:59,3,30,19.4,70,2.6,1016.3,0,0.3,0,1234.8,0
2019-04-11 03:18:59,3,30,19.4,70,2.6,1016.3,1.0,1.4,0,1234.8,0
2019-04-11 03:21:59,3,30,19.3,70,2.6,1016.3,0,0.3,0,1234.8,0
2019-04-11 03:24:59,3,30,19.3,70,2.6,1016.3,0,0.3,2,1234.8,0
2019-04-11 03:27:59,3,30,19.3,70,2.5,1016.3,0.3,1.0,2,1234.8,0
2019-04-11 03:30:59,3,30,19.3,70,2.5,1016.3,0.7,1.0,3,1234.8,0
2019-04-11 03:33:59,3,30,19.3,70,2.5,1016.4,0,0.3,0,1234.8,0
2019-04-11 03:36:59,3,30,19.3,70,2.5,1016.4,0.3,1.0,0,1234.8,0
2019-04-11 03:39:59,3,30,19.3,70,2.5,1016.4,0,0.3,4,1234.8,0
2019-04-11 03:42:59,3,30,19.3,70,2.5,1016.4,0.3,0.7,14,1234.8,0
2019-04-11 03:45:59,3,30,19.3,70,2.4,1016.3,0.3,0.7,14,1234.8,0
2019-04-11 03:48:59,3,30,19.3,70,2.4,1016.5,0,0,6,1234.8,0
2019-04-11 03:51:59,3,30,19.2,71,2.4,1016.5,0.7,1.4,2,1234.8,0
2019-04-11 03:54:59,3,30,19.2,71,2.4,1016.4,1.7,2.4,0,1234.8,0
2019-04-11 03:57:59,3,30,19.2,71,2.4,1016.5,0.7,1.0,14,1234.8,0
2019-04-11 04:00:59,3,31,19.2,71,2.3,1016.5,1.0,1.4,0,1234.8,0
2019-04-11 04:03:59,3,31,19.2,71,2.3,1016.5,1.0,1.4,0,1234.8,0
2019-04-11 04:06:59,3,30,19.2,71,2.3,1016.6,0.3,0.7,14,1234.8,0
2019-04-11 04:09:59,3,30,19.2,71,2.3,1016.6,1.0,1.7,0,1234.8,0
2019-04-11 04:12:59,3,31,19.3,71,2.2,1016.5,0.7,1.0,0,1234.8,0
2019-04-11 04:15:59,3,31,19.3,71,2.2,1016.6,0,0,2,1234.8,0
2019-04-11 04:18:59,3,31,19.3,71,2.2,1016.6,1.0,1.4,14,1234.8,0
2019-04-11 04:21:59,3,31,19.3,72,2.1,1016.6,1.4,2.0,2,1234.8,0
2019-04-11 04:24:59,3,30,19.3,72,2.1,1016.6,0.3,0.7,0,1234.8,0
2019-04-11 04:27:59,3,30,19.3,72,2.1,1016.7,0.7,1.0,0,1234.8,0
2019-04-11 04:30:59,3,31,19.4,72,2.0,1016.8,0.7,1.4,0,1234.8,0
2019-04-11 04:33:59,3,31,19.5,72,2.0,1016.8,1.0,1.4,0,1234.8,0
2019-04-11 04:36:59,3,31,19.5,72,2.0,1016.8,1.0,1.4,14,1234.8,0
2019-04-11 04:39:59,3,31,19.6,72,1.9,1016.9,1.0,1.4,0,1234.8,0
2019-04-11 04:42:59,3,30,19.6,73,1.9,1016.9,1.0,2.0,0,1234.8,0
2019-04-11 04:45:59,3,30,19.6,73,1.9,1017.0,0.3,1.0,0,1234.8,0
2019-04-11 04:48:59,3,30,19.6,73,1.9,1017.0,1.0,1.4,2,1234.8,0
2019-04-11 04:51:59,3,31,19.7,73,1.9,1017.1,0.3,1.0,0,1234.8,0
2019-04-11 04:54:59,3,31,19.7,73,1.9,1017.0,0.7,1.0,2,1234.8,0
2019-04-11 04:57:59,3,31,19.7,73,1.9,1017.0,0,0.3,2,1234.8,0
2019-04-11 05:00:59,3,29,19.7,73,1.9,1017.1,1.4,1.7,0,1234.8,0
2019-04-11 05:03:59,3,31,19.8,73,1.9,1017.1,0.7,1.0,2,1234.8,0
2019-04-11 05:06:59,3,31,19.8,73,1.9,1017.2,1.0,1.4,0,1234.8,0
2019-04-11 05:09:59,3,31,19.8,73,1.9,1017.2,0.7,1.0,0,1234.8,0
2019-04-11 05:12:59,3,31,19.8,73,1.9,1017.2,1.7,2.0,0,1234.8,0
2019-04-11 05:15:59,3,30,20.0,73,1.9,1017.3,0.3,1.4,0,1234.8,0
2019-04-11 05:18:59,3,30,20.1,73,2.0,1017.3,1.4,1.7,0,1234.8,0
2019-04-11 05:21:59,3,30,20.3,74,2.1,1017.3,1.4,1.7,2,1234.8,0
2019-04-11 05:24:59,3,30,20.4,73,2.1,1017.4,0.7,1.0,0,1234.8,0
2019-04-11 05:27:59,3,29,20.6,73,2.1,1017.5,1.0,1.4,0,1234.8,0
2019-04-11 05:30:59,3,29,20.7,73,2.1,1017.5,1.4,1.7,2,1234.8,0
2019-04-11 05:33:59,3,28,20.9,73,2.1,1017.6,0.7,1.4,4,1234.8,0
2019-04-11 05:36:59,3,27,21.0,73,2.1,1017.6,1.0,1.7,0,1234.8,0
2019-04-11 05:39:59,3,27,21.1,73,2.1,1017.6,1.4,2.0,14,1234.8,0
2019-04-11 05:42:59,3,26,21.2,73,2.2,1017.7,0.3,0.7,4,1234.8,0
2019-04-11 05:45:59,3,26,21.3,73,2.2,1017.8,0.3,0.7,2,1234.8,0
2019-04-11 05:48:59,3,26,21.3,73,2.3,1017.7,1.4,1.7,4,1234.8,0
2019-04-11 05:51:59,3,26,21.5,73,2.3,1017.8,1.0,1.4,0,1234.8,0
2019-04-11 05:54:59,3,26,21.5,73,2.4,1018.0,0.3,0.7,1,1234.8,0
2019-04-11 05:57:59,3,26,21.6,73,2.5,1017.8,0.7,1.0,14,1234.8,0
2019-04-11 06:00:59,3,26,21.6,73,2.6,1017.9,1.0,1.4,0,1234.8,0
2019-04-11 06:03:59,3,27,21.7,73,2.6,1017.9,1.0,1.4,0,1234.8,0
2019-04-11 06:06:59,3,26,21.8,72,3.0,1017.9,0.7,1.0,0,1234.8,0
2019-04-11 06:09:59,3,26,21.9,72,3.2,1017.9,0.7,1.4,2,1234.8,0
2019-04-11 06:12:59,3,26,21.9,71,3.4,1017.9,0.3,0.7,2,1234.8,0
2019-04-11 06:15:59,3,25,22.1,70,3.8,1018.0,1.7,2.0,0,1234.8,0
2019-04-11 06:18:59,3,25,22.1,70,4.2,1017.9,1.0,2.4,0,1234.8,0
2019-04-11 06:21:59,3,25,22.2,67,4.2,1018.0,2.4,3.1,2,1234.8,0
2019-04-11 06:24:59,3,25,22.2,66,4.3,1018.1,1.0,1.4,4,1234.8,0
2019-04-11 06:27:59,3,25,22.2,66,4.8,1018.2,1.0,1.7,0,1234.8,0
2019-04-11 06:30:59,3,25,22.3,64,5.1,1018.1,0.7,1.0,6,1234.8,0
2019-04-11 06:33:59,3,25,22.3,64,5.5,1018.2,0.3,1.0,0,1234.8,0
2019-04-11 06:36:59,3,25,22.4,63,5.6,1018.2,1.7,2.4,14,1234.8,0
2019-04-11 06:39:59,3,25,22.5,62,5.4,1018.2,1.4,2.0,4,1234.8,0
2019-04-11 06:42:59,3,25,22.5,61,5.5,1018.2,1.0,1.7,2,1234.8,0
2019-04-11 06:45:59,3,25,22.6,61,5.4,1018.2,1.4,2.0,0,1234.8,0
2019-04-11 06:48:59,3,25,22.6,61,5.4,1018.2,2.7,3.1,0,1234.8,0
2019-04-11 06:51:59,3,24,22.6,61,5.4,1018.2,1.0,1.4,2,1234.8,0
2019-04-11 06:54:59,3,24,22.6,61,5.7,1018.3,1.0,1.4,2,1234.8,0
2019-04-11 06:57:59,3,24,22.7,60,5.8,1018.3,1.4,2.0,2,1234.8,0
2019-04-11 07:00:59,3,24,22.7,60,5.7,1018.4,1.7,2.4,0,1234.8,0
2019-04-11 07:03:59,3,24,22.7,59,5.7,1018.4,0.7,1.0,2,1234.8,0
2019-04-11 07:06:59,3,25,22.7,58,6.0,1018.4,2.4,3.7,0,1234.8,0
2019-04-11 07:09:59,3,25,22.7,57,5.8,1018.4,1.0,1.7,10,1234.8,0
2019-04-11 07:12:59,3,25,22.8,57,6.0,1018.4,1.0,1.7,4,1234.8,0
2019-04-11 07:15:59,3,24,22.8,56,6.1,1018.4,1.4,2.0,14,1234.8,0
2019-04-11 07:18:59,3,24,22.9,55,6.1,1018.5,1.7,2.4,15,1234.8,0
2019-04-11 07:21:59,3,24,22.9,55,6.3,1018.5,1.4,2.0,0,1234.8,0
2019-04-11 07:24:59,3,25,22.8,55,6.6,1018.4,1.4,1.7,4,1234.8,0
2019-04-11 07:27:59,3,24,22.7,53,6.5,1018.4,3.7,5.1,0,1234.8,0
2019-04-11 07:30:59,3,24,22.6,52,6.1,1018.4,2.0,2.7,6,1234.8,0
2019-04-11 07:33:59,3,25,22.5,53,6.2,1018.4,0.7,1.4,2,1234.8,0
2019-04-11 07:36:59,3,25,22.4,53,6.3,1018.4,1.4,1.7,2,1234.8,0
2019-04-11 07:39:59,3,25,22.3,53,6.5,1018.5,0.3,0.7,0,1234.8,0
2019-04-11 07:42:59,3,25,22.2,52,7.0,1018.4,1.4,2.7,2,1234.8,0
2019-04-11 07:45:59,3,25,22.2,51,7.0,1018.5,1.7,2.0,13,1234.8,0
2019-04-11 07:48:59,3,26,22.2,50,7.1,1018.4,1.4,2.4,8,1234.8,0
2019-04-11 07:51:59,3,26,22.1,50,7.3,1018.5,1.7,2.0,2,1234.8,0
2019-04-11 07:54:59,3,26,22.1,50,7.2,1018.6,1.0,1.4,8,1234.8,0
2019-04-11 07:57:59,3,26,22.1,50,7.4,1018.4,1.0,2.4,15,1234.8,0
2019-04-11 08:00:59,3,26,22.0,49,7.2,1018.5,3.1,4.1,2,1234.8,0
2019-04-11 08:03:59,3,26,22.0,49,7.2,1018.5,3.1,4.1,2,1234.8,0
2019-04-11 08:06:59,3,27,21.9,51,7.4,1018.4,0,0.7,4,1234.8,0
2019-04-11 08:09:59,3,27,21.9,43,7.6,1018.5,1.7,2.0,2,1234.8,0
2019-04-11 08:12:59,3,27,21.9,48,7.4,1018.5,1.7,2.4,0,1234.8,0
2019-04-11 08:15:59,3,27,21.9,46,7.1,1018.5,2.4,3.1,0,1234.8,0
2019-04-11 08:18:59,3,27,21.8,47,7.3,1018.4,2.0,2.7,2,1234.8,0
2019-04-11 08:21:59,3,27,21.8,41,7.8,1018.3,1.4,2.0,10,1234.8,0
2019-04-11 08:24:59,3,27,21.8,40,7.8,1018.3,1.7,2.7,0,1234.8,0
2019-04-11 08:27:59,3,27,21.8,40,7.8,1018.5,2.0,2.7,4,1234.8,0
2019-04-11 08:30:59,3,27,21.7,40,7.5,1018.4,1.7,2.4,0,1234.8,0
2019-04-11 08:33:59,3,28,21.7,45,7.3,1018.4,1.0,2.4,14,1234.8,0
2019-04-11 08:36:59,3,28,21.7,40,7.7,1018.4,2.4,3.4,0,1234.8,0
2019-04-11 08:39:59,3,28,21.6,40,7.8,1018.3,2.0,2.7,1,1234.8,0
2019-04-11 08:42:59,3,28,21.6,44,7.3,1018.3,1.7,2.4,2,1234.8,0
2019-04-11 08:45:59,3,28,21.5,44,6.9,1018.4,2.0,2.7,2,1234.8,0
2019-04-11 08:48:59,3,27,21.5,43,6.6,1018.4,1.0,1.7,0,1234.8,0
2019-04-11 08:51:59,3,28,21.5,44,6.5,1018.4,1.0,1.7,2,1234.8,0
2019-04-11 08:54:59,3,28,21.5,45,6.6,1018.4,1.0,1.7,14,1234.8,0
2019-04-11 08:57:59,3,28,21.4,45,6.5,1018.5,2.7,3.4,2,1234.8,0
2019-04-11 09:00:59,3,29,21.3,45,6.3,1018.5,2.4,3.1,0,1234.8,0
2019-04-11 09:03:59,3,29,21.3,45,6.2,1018.5,1.0,1.7,6,1234.8,0
2019-04-11 09:06:59,3,29,21.3,45,6.2,1018.4,1.0,1.4,0,1234.8,0
2019-04-11 09:09:59,3,28,21.3,44,6.2,1018.4,2.7,3.7,1,1234.8,0
2019-04-11 09:12:59,3,29,21.3,44,6.2,1018.4,1.4,2.0,0,1234.8,0
2019-04-11 09:15:59,3,29,21.3,44,6.1,1018.4,2.0,2.4,2,1234.8,0
2019-04-11 09:18:59,3,29,21.2,44,6.2,1018.3,1.0,1.4,14,1234.8,0
2019-04-11 09:21:59,3,29,21.2,45,6.8,1018.4,0.7,1.7,4,1234.8,0
2019-04-11 09:24:59,3,28,21.2,40,7.5,1018.3,2.0,3.1,0,1234.8,0
2019-04-11 09:27:59,3,28,21.2,36,7.9,1018.2,1.7,2.0,2,1234.8,0
2019-04-11 09:30:59,3,28,21.2,34,7.7,1018.2,2.7,3.4,0,1234.8,0
2019-04-11 09:33:59,3,28,21.1,41,7.2,1018.3,2.4,3.1,14,1234.8,0
2019-04-11 09:36:59,3,29,21.1,41,6.9,1018.2,2.7,3.7,3,1234.8,0
2019-04-11 09:39:59,3,29,21.1,42,6.6,1018.2,2.4,3.4,0,1234.8,0
2019-04-11 09:42:59,3,29,21.1,43,6.5,1018.3,3.1,3.7,0,1234.8,0
2019-04-11 09:45:59,3,29,21.1,43,6.5,1018.3,2.7,3.4,14,1234.8,0
2019-04-11 09:48:59,3,28,21.1,43,6.5,1018.3,2.0,2.7,14,1234.8,0
2019-04-11 09:51:59,3,29,21.1,42,6.3,1018.4,2.0,2.7,0,1234.8,0
2019-04-11 09:54:59,3,29,21.0,42,6.3,1018.3,2.0,3.1,14,1234.8,0
2019-04-11 09:57:59,3,29,21.1,42,6.4,1018.4,1.4,2.0,4,1234.8,0
2019-04-11 10:00:59,3,29,21.1,42,6.5,1018.3,1.7,2.0,0,1234.8,0
2019-04-11 10:03:59,3,29,21.1,42,6.5,1018.3,1.7,2.0,0,1234.8,0
2019-04-11 10:06:59,3,29,21.3,41,6.7,1018.4,2.4,3.1,14,1234.8,0
2019-04-11 10:09:59,3,29,21.5,41,6.6,1018.3,2.0,2.7,4,1234.8,0
2019-04-11 10:12:59,3,29,21.6,41,6.6,1018.4,2.4,2.7,2,1234.8,0
2019-04-11 10:15:59,3,29,21.7,41,6.6,1018.5,2.7,3.1,14,1234.8,0
2019-04-11 10:18:59,3,29,21.8,42,6.6,1018.5,3.1,4.4,2,1234.8,0
2019-04-11 10:21:59,3,28,21.9,42,6.3,1018.6,3.7,5.1,2,1234.8,0
2019-04-11 10:24:59,3,27,22.0,43,6.2,1018.6,2.7,3.4,2,1234.8,0
2019-04-11 10:27:59,3,26,22.1,44,6.3,1018.5,1.0,1.4,0,1234.8,0
2019-04-11 10:30:59,3,27,22.2,44,6.5,1018.7,2.4,2.7,2,1234.8,0
2019-04-11 10:33:59,3,26,22.3,43,6.4,1018.7,2.4,3.1,14,1234.8,0
2019-04-11 10:36:59,3,26,22.4,43,6.4,1018.7,3.4,4.8,0,1234.8,0
2019-04-11 10:39:59,3,26,22.5,43,6.5,1018.7,1.0,1.4,0,1234.8,0
2019-04-11 10:42:59,3,26,22.5,42,6.6,1018.6,0.3,1.0,2,1234.8,0
2019-04-11 10:45:59,3,26,22.4,42,6.8,1018.6,1.7,2.4,0,1234.8,0
2019-04-11 10:48:59,3,26,22.3,42,7.4,1018.5,1.4,1.7,0,1234.8,0
2019-04-11 10:51:59,3,26,22.2,34,7.7,1018.5,2.7,4.1,2,1234.8,0
2019-04-11 10:54:59,3,26,22.1,40,7.4,1018.6,2.4,3.1,2,1234.8,0
2019-04-11 10:57:59,3,26,22.0,40,7.3,1018.5,0.7,1.0,8,1234.8,0
2019-04-11 11:00:59,3,28,21.9,40,7.4,1018.5,1.0,1.4,0,1234.8,0
2019-04-11 11:03:59,3,28,21.9,41,7.3,1018.4,1.7,2.4,2,1234.8,0
2019-04-11 11:06:59,3,28,21.8,41,7.3,1018.5,1.0,1.4,0,1234.8,0
2019-04-11 11:09:59,3,28,21.8,41,7.3,1018.5,2.7,3.7,0,1234.8,0
2019-04-11 11:12:59,3,28,21.7,41,7.1,1018.4,3.1,4.4,0,1234.8,0
2019-04-11 11:15:59,3,28,21.7,42,6.9,1018.5,2.4,3.1,4,1234.8,0
2019-04-11 11:18:59,3,28,21.7,42,6.8,1018.5,2.0,2.4,6,1234.8,0
2019-04-11 11:21:59,3,28,21.7,42,6.8,1018.5,2.4,3.1,0,1234.8,0
2019-04-11 11:24:59,3,28,21.6,43,6.9,1018.6,2.0,3.1,0,1234.8,0
2019-04-11 11:27:59,3,28,21.6,42,6.7,1018.6,2.0,3.1,0,1234.8,0
2019-04-11 11:30:59,3,28,21.6,43,6.7,1018.5,2.0,2.7,4,1234.8,0
2019-04-11 11:33:59,3,28,21.6,44,6.7,1018.6,0.7,1.4,0,1234.8,0
2019-04-11 11:36:59,3,28,21.6,44,6.9,1018.6,1.0,1.4,0,1234.8,0
2019-04-11 11:39:59,3,28,21.6,43,6.6,1018.6,3.4,4.1,2,1234.8,0
2019-04-11 11:42:59,3,28,21.6,44,6.4,1018.6,2.4,3.1,14,1234.8,0
2019-04-11 11:45:59,3,28,21.6,45,6.3,1018.6,1.7,2.7,15,1234.8,0
2019-04-11 11:48:59,3,28,21.5,45,6.3,1018.7,2.0,3.1,2,1234.8,0
2019-04-11 11:51:59,3,28,21.5,45,6.2,1018.7,3.4,4.8,4,1234.8,0
2019-04-11 11:54:59,3,28,21.5,45,6.2,1018.7,2.0,2.7,2,1234.8,0
2019-04-11 11:57:59,3,28,21.5,45,6.2,1018.7,2.0,2.7,0,1234.8,0
2019-04-11 12:00:59,3,28,21.5,45,6.3,1018.7,1.7,2.4,0,1234.8,0
2019-04-11 12:03:59,3,28,21.5,45,6.3,1018.7,1.7,2.4,0,1234.8,0
2019-04-11 12:06:59,3,28,21.4,45,6.4,1018.7,3.1,3.4,0,1234.8,0
2019-04-11 12:09:59,3,28,21.4,45,6.2,1018.8,2.7,3.4,2,1234.8,0
2019-04-11 12:12:59,3,28,21.4,46,6.2,1018.6,1.7,2.4,3,1234.8,0
2019-04-11 12:15:59,3,29,21.4,46,6.1,1018.7,2.7,3.4,0,1234.8,0
2019-04-11 12:18:59,3,29,21.3,47,6.1,1018.7,2.4,3.4,1,1234.8,0
2019-04-11 12:21:59,3,29,21.3,48,6.3,1018.7,1.7,2.4,0,1234.8,0
2019-04-11 12:24:59,3,29,21.3,48,6.3,1018.5,1.4,1.7,2,1234.8,0
2019-04-11 12:27:59,3,29,21.3,48,6.6,1018.6,1.0,1.4,4,1234.8,0
2019-04-11 12:30:59,3,29,21.3,46,6.6,1018.6,1.4,1.7,2,1234.8,0
2019-04-11 12:33:59,3,29,21.3,46,6.6,1018.7,1.4,1.7,4,1234.8,0
2019-04-11 12:36:59,3,29,21.3,46,6.5,1018.6,1.4,2.4,2,1234.8,0
2019-04-11 12:39:59,3,29,21.3,47,6.5,1018.7,1.0,1.7,4,1234.8,0
2019-04-11 12:42:59,3,29,21.3,48,6.6,1018.5,0.3,0.7,10,1234.8,0
2019-04-11 12:45:59,3,29,21.3,48,6.4,1018.6,1.4,2.4,2,1234.8,0
2019-04-11 12:48:59,3,29,21.3,48,6.3,1018.5,2.7,3.7,0,1234.8,0
2019-04-11 12:51:59,3,29,21.3,49,6.3,1018.6,2.4,3.1,4,1234.8,0
2019-04-11 12:54:59,3,29,21.2,49,6.2,1018.6,2.0,2.7,14,1234.8,0
2019-04-11 12:57:59,3,29,21.2,50,6.2,1018.6,1.0,1.7,2,1234.8,0
2019-04-11 13:00:59,3,28,21.2,50,6.2,1018.6,1.0,2.0,4,1234.8,0
2019-04-11 13:03:59,3,29,21.2,50,6.2,1018.6,0.7,2.0,0,1234.8,0
2019-04-11 13:06:59,3,29,21.2,50,6.1,1018.6,1.0,1.7,2,1234.8,0
2019-04-11 13:09:59,3,29,21.2,50,6.1,1018.6,1.7,2.4,4,1234.8,0
2019-04-11 13:12:59,3,28,21.2,50,6.1,1018.7,1.0,1.7,4,1234.8,0
2019-04-11 13:15:59,3,29,21.2,50,6.0,1018.6,1.7,2.4,4,1234.8,0
2019-04-11 13:18:59,3,28,21.2,50,6.0,1018.6,1.7,2.4,2,1234.8,0
2019-04-11 13:21:59,3,29,21.2,50,6.0,1018.5,0.3,0.7,0,1234.8,0
2019-04-11 13:24:59,3,28,21.2,50,6.2,1018.5,0.7,1.0,4,1234.8,0
2019-04-11 13:27:59,3,29,21.2,50,6.4,1018.6,0.7,1.4,0,1234.8,0
2019-04-11 13:30:59,3,29,21.2,50,6.4,1018.6,1.7,2.4,15,1234.8,0
2019-04-11 13:33:59,3,29,21.2,50,6.3,1018.6,2.0,3.1,0,1234.8,0
2019-04-11 13:36:59,3,28,21.1,50,6.2,1018.6,2.0,3.1,0,1234.8,0
2019-04-11 13:39:59,3,28,21.1,50,6.0,1018.6,1.4,1.7,4,1234.8,0
2019-04-11 13:42:59,3,28,21.1,50,5.9,1018.6,1.0,1.4,2,1234.8,0
2019-04-11 13:45:59,3,28,21.1,50,5.9,1018.5,0.3,1.0,4,1234.8,0
2019-04-11 13:48:59,3,29,21.1,50,6.0,1018.5,1.4,1.4,8,1234.8,0
2019-04-11 13:51:59,3,29,21.1,50,6.0,1018.5,1.7,2.0,2,1234.8,0
2019-04-11 13:54:59,3,29,21.1,50,6.0,1018.6,0.7,1.7,0,1234.8,0
2019-04-11 13:57:59,3,29,21.1,51,6.1,1018.5,2.0,2.7,0,1234.8,0
2019-04-11 14:00:59,3,28,21.1,51,6.1,1018.5,1.4,1.7,2,1234.8,0
2019-04-11 14:03:59,3,29,21.1,51,6.1,1018.5,1.4,1.7,2,1234.8,0
2019-04-11 14:06:59,3,29,21.1,51,6.3,1018.5,1.0,1.7,2,1234.8,0
2019-04-11 14:09:59,3,29,21.2,51,6.3,1018.5,1.7,2.4,12,1234.8,0
2019-04-11 14:12:59,3,29,21.2,50,6.2,1018.4,2.4,3.4,0,1234.8,0
2019-04-11 14:15:59,3,29,21.3,50,6.1,1018.5,2.7,3.1,0,1234.8,0
2019-04-11 14:18:59,3,29,21.6,50,6.0,1018.4,1.7,2.4,4,1234.8,0
2019-04-11 14:21:59,3,29,21.7,51,6.0,1018.4,1.4,2.0,0,1234.8,0
2019-04-11 14:24:59,3,29,21.8,51,6.0,1018.5,1.4,2.0,0,1234.8,0
2019-04-11 14:27:59,3,28,21.9,51,6.0,1018.6,1.4,2.0,0,1234.8,0
2019-04-11 14:30:59,3,27,22.1,51,6.0,1018.6,1.4,1.7,4,1234.8,0
2019-04-11 14:33:59,3,26,22.2,51,5.9,1018.7,2.0,3.1,0,1234.8,0
2019-04-11 14:36:59,3,26,22.2,51,5.9,1018.6,0.7,1.0,14,1234.8,0
2019-04-11 14:39:59,3,26,22.3,51,6.0,1018.6,2.0,2.4,0,1234.8,0
2019-04-11 14:42:59,3,25,22.4,51,6.0,1018.6,0.7,1.4,0,1234.8,0
2019-04-11 14:45:59,3,25,22.5,51,6.0,1018.6,0.7,1.0,0,1234.8,0
2019-04-11 14:48:59,3,25,22.3,51,6.0,1018.6,1.7,2.0,2,1234.8,0
2019-04-11 14:51:59,3,26,22.3,51,5.9,1018.6,1.7,2.0,2,1234.8,0
2019-04-11 14:54:59,3,26,22.2,51,5.9,1018.7,1.0,1.4,2,1234.8,0
2019-04-11 14:57:59,3,26,22.2,51,5.8,1018.6,1.0,1.4,2,1234.8,0
2019-04-11 15:00:59,3,26,22.2,51,5.8,1018.5,1.0,1.4,4,1234.8,0
2019-04-11 15:03:59,3,26,22.1,51,5.8,1018.5,1.0,1.4,0,1234.8,0
2019-04-11 15:06:59,3,26,22.1,52,5.8,1018.5,0,0.7,4,1234.8,0
2019-04-11 15:09:59,3,26,22.0,52,5.9,1018.5,0.3,0.7,15,1234.8,0
2019-04-11 15:12:59,3,26,22.0,52,5.9,1018.6,0.7,1.0,0,1234.8,0
2019-04-11 15:15:59,3,26,22.0,52,5.8,1018.6,1.4,2.0,0,1234.8,0
2019-04-11 15:18:59,3,27,21.9,51,5.8,1018.6,1.0,1.7,2,1234.8,0
2019-04-11 15:21:59,3,27,21.9,51,5.8,1018.5,0.7,1.0,0,1234.8,0
2019-04-11 15:24:59,3,27,21.9,51,5.8,1018.6,1.0,1.7,4,1234.8,0
2019-04-11 15:27:59,3,27,21.9,51,5.9,1018.7,0.7,0.7,0,1234.8,0
2019-04-11 15:30:59,3,27,21.9,52,5.9,1018.6,1.0,1.7,4,1234.8,0
2019-04-11 15:33:59,3,27,21.9,52,5.8,1018.6,1.0,1.7,2,1234.8,0
2019-04-11 15:36:59,3,27,21.9,52,5.8,1018.7,1.4,2.0,6,1234.8,0
2019-04-11 15:39:59,3,27,21.9,52,5.8,1018.5,1.7,3.1,0,1234.8,0
2019-04-11 15:42:59,3,27,21.8,52,5.7,1018.6,0.7,1.0,6,1234.8,0
2019-04-11 15:45:59,3,27,21.8,52,5.7,1018.6,1.0,1.4,4,1234.8,0
2019-04-11 15:48:59,3,27,21.8,52,5.6,1018.6,1.4,2.0,15,1234.8,0
2019-04-11 15:51:59,3,27,21.8,52,5.6,1018.5,1.4,2.0,0,1234.8,0
2019-04-11 15:54:59,3,27,21.8,52,5.5,1018.6,1.7,2.0,2,1234.8,0
2019-04-11 15:57:59,3,27,21.7,52,5.5,1018.6,1.7,2.7,4,1234.8,0
2019-04-11 16:00:59,3,27,21.7,52,5.5,1018.6,0.3,1.0,0,1234.8,0
2019-04-11 16:03:59,3,27,21.7,52,5.5,1018.7,0.3,1.0,0,1234.8,0
2019-04-11 16:06:59,3,27,21.7,52,5.5,1018.6,1.7,2.0,15,1234.8,0
2019-04-11 16:09:59,3,27,21.7,52,5.5,1018.5,1.0,1.7,2,1234.8,0
2019-04-11 16:12:59,3,27,21.6,52,5.4,1018.6,1.7,2.0,0,1234.8,0
2019-04-11 16:15:59,3,27,21.6,52,5.4,1018.6,1.7,2.7,2,1234.8,0
2019-04-11 16:18:59,3,27,21.6,52,5.4,1018.6,1.7,2.4,3,1234.8,0
2019-04-11 16:21:59,3,27,21.5,53,5.4,1018.7,2.4,2.7,2,1234.8,0
2019-04-11 16:24:59,3,27,21.5,53,5.3,1018.7,2.0,2.4,15,1234.8,0
2019-04-11 16:27:59,3,27,21.5,53,5.3,1018.7,1.4,2.0,14,1234.8,0
2019-04-11 16:30:59,3,27,21.5,53,5.3,1018.7,1.0,1.4,0,1234.8,0
2019-04-11 16:33:59,3,28,21.5,53,5.3,1018.7,0.3,0.7,2,1234.8,0
2019-04-11 16:36:59,3,28,21.5,54,5.3,1018.7,1.0,1.4,0,1234.8,0
2019-04-11 16:39:59,3,27,21.4,54,5.3,1018.6,1.0,1.7,0,1234.8,0
2019-04-11 16:42:59,3,27,21.4,54,5.2,1018.7,2.0,2.7,2,1234.8,0
2019-04-11 16:45:59,3,27,21.4,54,5.2,1018.6,0.7,1.4,2,1234.8,0
2019-04-11 16:48:59,3,27,21.3,54,5.2,1018.7,0.7,1.4,6,1234.8,0
2019-04-11 16:51:59,3,27,21.3,54,5.2,1018.7,1.7,2.4,2,1234.8,0
2019-04-11 16:54:59,3,28,21.3,54,5.2,1018.7,0.3,0.7,14,1234.8,0
2019-04-11 16:57:59,3,28,21.3,55,5.2,1018.7,1.0,1.4,14,1234.8,0
2019-04-11 17:00:59,3,28,21.3,56,5.1,1018.7,2.0,2.7,4,1234.8,0
2019-04-11 17:03:59,3,28,21.3,57,5.1,1018.7,1.7,2.4,12,1234.8,0
2019-04-11 17:06:59,3,28,21.3,58,5.0,1018.6,1.4,2.0,4,1234.8,0
2019-04-11 17:09:59,3,28,21.3,58,5.0,1018.7,1.0,1.4,0,1234.8,0
2019-04-11 17:12:59,3,28,21.3,58,5.0,1018.8,1.4,2.0,1,1234.8,0
2019-04-11 17:15:59,3,28,21.3,58,4.9,1018.8,1.0,1.4,0,1234.8,0
2019-04-11 17:18:59,3,28,21.3,58,4.9,1018.8,1.0,1.4,4,1234.8,0
2019-04-11 17:21:59,3,28,21.3,58,4.8,1018.9,1.4,2.4,14,1234.8,0
2019-04-11 17:24:59,3,28,21.3,59,4.8,1018.8,1.7,2.0,8,1234.8,0
2019-04-11 17:27:59,3,28,21.3,59,4.8,1018.9,0.7,1.4,0,1234.8,0
2019-04-11 17:30:59,3,28,21.3,59,4.7,1018.9,1.0,1.4,2,1234.8,0
2019-04-11 17:33:59,3,28,21.3,60,4.7,1019.0,2.0,2.4,0,1234.8,0
2019-04-11 17:36:59,3,28,21.3,60,4.7,1018.9,1.7,2.4,4,1234.8,0
2019-04-11 17:39:59,3,28,21.3,60,4.6,1018.9,1.0,1.7,0,1234.8,0
2019-04-11 17:42:59,3,28,21.3,61,4.6,1019.0,1.4,2.0,0,1234.8,0
2019-04-11 17:45:59,3,27,21.2,61,4.5,1019.1,1.0,1.4,2,1234.8,0
2019-04-11 17:48:59,3,28,21.2,61,4.5,1019.1,1.0,1.4,2,1234.8,0
2019-04-11 17:51:59,3,28,21.2,62,4.5,1019.2,1.7,2.0,1,1234.8,0
2019-04-11 17:54:59,3,28,21.2,62,4.5,1019.1,1.4,1.7,12,1234.8,0
2019-04-11 17:57:59,3,28,21.2,62,4.4,1019.2,1.7,2.0,4,1234.8,0
2019-04-11 18:00:59,3,27,21.2,62,4.4,1019.1,1.4,1.7,2,1234.8,0
2019-04-11 18:03:59,3,27,21.2,62,4.4,1019.2,1.4,1.7,2,1234.8,0
2019-04-11 18:06:59,3,28,21.2,63,4.3,1019.3,2.0,2.7,0,1234.8,0
2019-04-11 18:09:59,3,28,21.2,63,4.3,1019.4,1.0,1.4,0,1234.8,0
2019-04-11 18:12:59,3,27,21.2,63,4.3,1019.4,1.4,1.7,14,1234.8,0
2019-04-11 18:15:59,3,27,21.2,63,4.2,1019.4,1.4,1.7,0,1234.8,0
2019-04-11 18:18:59,3,28,21.2,63,4.2,1019.4,1.0,1.4,6,1234.8,0
2019-04-11 18:21:59,3,28,21.2,63,4.2,1019.5,1.0,1.4,0,1234.8,0
2019-04-11 18:24:59,3,28,21.2,64,4.2,1019.5,0.3,0.7,4,1234.8,0
2019-04-11 18:27:59,3,28,21.2,64,4.2,1019.6,0.3,0.7,15,1234.8,0
2019-04-11 18:30:59,3,28,21.2,64,4.1,1019.7,1.0,1.7,15,1234.8,0
2019-04-11 18:33:59,3,28,21.2,64,4.1,1019.7,0.3,0.7,2,1234.8,0
2019-04-11 18:36:59,3,28,21.2,64,4.1,1019.8,0,0,14,1234.8,0
2019-04-11 18:39:59,3,28,21.2,64,4.1,1019.8,0.7,0.7,0,1234.8,0
2019-04-11 18:42:59,3,28,21.2,64,4.1,1019.8,0.7,1.4,5,1234.8,0
2019-04-11 18:45:59,3,28,21.2,64,4.1,1019.7,1.4,1.7,2,1234.8,0
2019-04-11 18:48:59,3,28,21.2,64,4.1,1019.8,1.4,2.0,0,1234.8,0
2019-04-11 18:51:59,3,28,21.2,63,4.0,1019.7,0.7,1.0,0,1234.8,0
2019-04-11 18:54:59,3,28,21.2,63,4.0,1019.8,0.7,1.0,4,1234.8,0
2019-04-11 18:57:59,3,28,21.2,63,4.0,1019.9,1.7,2.4,2,1234.8,0
2019-04-11 19:00:59,3,28,21.2,63,4.0,1019.8,0.3,0.7,0,1234.8,0
2019-04-11 19:03:59,3,28,21.2,63,4.0,1019.9,0.3,0.7,0,1234.8,0
2019-04-11 19:06:59,3,29,21.2,63,4.0,1019.8,0.7,1.0,2,1234.8,0
2019-04-11 19:09:59,3,28,21.2,63,4.0,1019.8,0,0,0,1234.8,0
2019-04-11 19:12:59,3,28,21.1,63,4.0,1019.8,0.3,1.0,0,1234.8,0
2019-04-11 19:15:59,3,28,21.1,63,3.9,1019.8,0.3,0.7,14,1234.8,0
2019-04-11 19:18:59,3,28,21.2,63,3.9,1019.8,0.7,1.4,2,1234.8,0
2019-04-11 19:21:59,3,29,21.1,63,3.9,1019.7,0.7,1.0,3,1234.8,0
2019-04-11 19:24:59,3,29,21.1,64,3.9,1019.7,0.7,1.7,0,1234.8,0
2019-04-11 19:27:59,3,29,21.1,64,3.9,1019.7,0.7,1.0,2,1234.8,0
2019-04-11 19:30:59,3,28,21.1,64,3.9,1019.8,2.4,3.1,0,1234.8,0
2019-04-11 19:33:59,3,28,21.1,64,3.9,1019.8,1.7,2.4,0,1234.8,0
2019-04-11 19:36:59,3,29,21.1,64,3.9,1019.8,1.4,2.0,0,1234.8,0
2019-04-11 19:39:59,3,29,21.1,64,3.8,1019.7,0.7,1.0,14,1234.8,0
2019-04-11 19:42:59,3,29,21.1,64,3.8,1019.8,1.7,2.0,0,1234.8,0
2019-04-11 19:45:59,3,29,21.1,64,3.8,1019.8,1.7,2.0,4,1234.8,0
2019-04-11 19:48:59,3,28,21.1,64,3.8,1019.8,0.3,0.7,2,1234.8,0
2019-04-11 19:51:59,3,28,21.1,64,3.8,1019.8,1.0,1.7,2,1234.8,0
2019-04-11 19:54:59,3,28,21.1,64,3.8,1019.9,1.4,1.7,4,1234.8,0
2019-04-11 19:57:59,3,28,21.1,64,3.8,1019.8,0.3,0.7,0,1234.8,0
2019-04-11 20:00:59,3,29,21.1,64,3.8,1019.8,1.0,1.4,0,1234.8,0
2019-04-11 20:03:59,3,29,21.1,64,3.8,1019.8,1.0,1.4,0,1234.8,0
2019-04-11 20:06:59,3,29,21.1,64,3.8,1019.8,1.0,1.4,0,1234.8,0
2019-04-11 20:09:59,3,29,21.1,64,3.8,1019.8,1.7,2.4,0,1234.8,0
2019-04-11 20:12:59,3,28,21.1,64,3.7,1019.8,2.0,2.7,2,1234.8,0
2019-04-11 20:15:59,3,28,21.1,64,3.7,1019.8,1.0,1.7,2,1234.8,0
2019-04-11 20:18:59,3,28,21.1,64,3.7,1019.8,0,0,0,1234.8,0
2019-04-11 20:21:59,3,28,21.1,64,3.7,1019.8,1.0,1.4,0,1234.8,0
2019-04-11 20:24:59,3,29,21.1,64,3.7,1019.8,0.3,1.0,2,1234.8,0
2019-04-11 20:27:59,3,28,21.1,64,3.7,1019.8,1.7,2.7,2,1234.8,0
2019-04-11 20:30:59,3,28,21.1,64,3.7,1019.8,1.4,1.7,15,1234.8,0
2019-04-11 20:33:59,3,28,21.1,64,3.7,1019.7,1.7,2.7,0,1234.8,0
2019-04-11 20:36:59,3,28,21.1,65,3.7,1019.8,1.0,1.4,6,1234.8,0
2019-04-11 20:39:59,3,28,21.1,65,3.7,1019.8,1.0,1.4,0,1234.8,0
2019-04-11 20:42:59,3,28,21.1,65,3.7,1019.7,1.4,2.0,0,1234.8,0
2019-04-11 20:45:59,3,28,21.1,65,3.7,1019.8,1.0,1.7,14,1234.8,0
2019-04-11 20:48:59,3,28,21.0,65,3.7,1019.8,1.7,2.0,0,1234.8,0
2019-04-11 20:51:59,3,28,21.0,64,3.7,1019.9,1.0,1.4,2,1234.8,0
2019-04-11 20:54:59,3,28,21.0,64,3.7,1020.0,1.4,1.7,0,1234.8,0
2019-04-11 20:57:59,3,28,21.0,64,3.7,1019.8,1.0,1.4,0,1234.8,0
2019-04-11 21:00:59,3,28,21.0,64,3.6,1019.9,1.0,1.7,2,1234.8,0
2019-04-11 21:03:59,3,28,21.0,64,3.6,1019.8,1.4,1.7,0,1234.8,0
2019-04-11 21:06:59,3,28,21.0,64,3.6,1019.8,0.7,1.4,0,1234.8,0
2019-04-11 21:09:59,3,28,20.9,64,3.6,1019.8,1.0,1.4,0,1234.8,0
2019-04-11 21:12:59,3,29,20.9,64,3.6,1019.8,1.0,1.4,2,1234.8,0
2019-04-11 21:15:59,3,29,20.9,64,3.6,1019.7,1.4,1.7,2,1234.8,0
2019-04-11 21:18:59,3,29,20.9,65,3.5,1019.8,0.3,0.7,0,1234.8,0
2019-04-11 21:21:59,3,29,20.9,65,3.5,1019.7,1.0,1.4,0,1234.8,0
2019-04-11 21:24:59,3,28,20.9,65,3.5,1019.8,0.3,1.0,0,1234.8,0
2019-04-11 21:27:59,3,28,20.9,65,3.5,1019.7,1.4,2.0,2,1234.8,0
2019-04-11 21:30:59,3,28,20.9,65,3.5,1019.9,1.4,1.7,0,1234.8,0
2019-04-11 21:33:59,3,28,20.8,65,3.5,1019.8,1.0,1.7,2,1234.8,0
2019-04-11 21:36:59,3,28,20.8,65,3.5,1019.7,0.3,1.0,14,1234.8,0
2019-04-11 21:39:59,3,28,20.7,65,3.5,1019.8,1.0,1.4,4,1234.8,0
2019-04-11 21:42:59,3,28,20.7,65,3.4,1019.7,0.7,1.0,4,1234.8,0
2019-04-11 21:45:59,3,28,20.7,66,3.4,1019.7,1.0,1.4,0,1234.8,0
2019-04-11 21:48:59,3,28,20.7,66,3.4,1019.8,2.0,2.7,2,1234.8,0
2019-04-11 21:51:59,3,28,20.7,66,3.4,1019.7,0.7,1.0,0,1234.8,0
2019-04-11 21:54:59,3,28,20.7,66,3.4,1019.8,1.7,2.0,2,1234.8,0
2019-04-11 21:57:59,3,28,20.6,67,3.4,1019.8,1.4,1.7,2,1234.8,0
