2011-09-29 00:01:00,20,60,19.7,91,9.9,1023.0,0.0,0.0,0,16.2,0
2011-09-29 00:21:00,20,60,19.7,91,9.7,1023.1,0.0,0.0,0,16.2,0
2011-09-29 00:41:00,20,60,19.6,91,9.7,1023.1,0.0,0.0,0,16.2,0
2011-09-29 01:01:00,20,60,19.5,91,9.5,1023.1,0.0,0.7,0,16.2,0
2011-09-29 01:21:00,20,60,19.4,91,9.2,1023.0,0.0,0.0,0,16.2,0
2011-09-29 01:41:00,20,60,19.4,91,8.9,1022.8,0.0,0.0,0,16.2,0
2011-09-29 02:01:00,20,60,19.3,91,8.9,1022.9,0.0,0.0,0,16.2,0
2011-09-29 02:21:00,20,60,19.2,91,8.7,1022.9,0.0,0.0,0,16.2,0
2011-09-29 02:41:00,20,60,19.1,91,8.5,1022.6,0.0,0.0,0,16.2,0
2011-09-29 03:01:00,20,60,19.1,91,8.4,1022.3,0.0,0.0,0,16.2,0
2011-09-29 03:21:00,20,60,19.0,92,8.4,1022.3,0.0,0.0,0,16.2,0
2011-09-29 03:41:00,20,60,18.9,92,8.3,1022.6,0.0,0.0,0,16.2,0
2011-09-29 04:01:00,20,60,18.8,92,8.0,1022.4,0.0,0.0,0,16.2,0
2011-09-29 04:21:00,20,60,18.7,92,7.8,1022.4,0.0,0.0,0,16.2,0
2011-09-29 04:41:00,20,60,18.7,92,7.7,1022.5,0.0,0.3,0,16.2,0
2011-09-29 05:01:00,20,60,18.6,92,7.6,1022.5,0.0,0.0,2,16.2,0
2011-09-29 05:21:00,20,60,18.5,92,7.4,1022.7,0.0,0.3,2,16.2,0
2011-09-29 05:41:00,20,60,18.4,92,7.6,1022.6,0.0,0.0,2,16.2,0
2011-09-29 06:01:00,20,60,18.4,93,8.6,1022.8,0.0,0.0,2,16.2,0
2011-09-29 06:21:00,20,61,18.3,93,9.7,1022.9,0.0,0.0,2,16.2,0
2011-09-29 06:41:00,20,61,18.7,93,10.5,1022.6,0.0,0.0,2,16.2,0
2011-09-29 07:01:00,20,59,19.4,92,14.4,1023.3,0.0,0.0,2,16.2,0
2011-09-29 07:21:00,20,57,20.0,89,16.8,1023.3,0.0,0.3,10,16.2,0
2011-09-29 07:41:00,20,56,20.4,82,18.8,1023.3,0,0.3,9,16.2,0
2011-09-29 08:01:00,20,56,20.6,76,20.2,1023.3,0,0.3,8,16.2,0
2011-09-29 08:21:00,20,55,21.1,75,19.0,1023.4,0.3,1.0,8,16.2,0
2011-09-29 08:41:00,20,54,21.3,70,20.1,1023.4,0,0.3,10,16.2,0
2011-09-29 09:01:00,20,54,21.4,70,20.3,1023.3,0.3,1.0,14,16.2,0
2011-09-29 09:21:00,20,54,21.5,65,21.9,1023.1,0.3,1.4,14,16.2,0
2011-09-29 09:41:00,20,56,21.7,63,22.4,1023.1,0.3,0.7,12,16.2,0
2011-09-29 10:01:00,20,55,21.9,59,22.3,1022.9,0.3,1.0,12,16.2,0
2011-09-29 10:21:00,20,55,22.1,59,23.2,1023.0,0.3,1.0,12,16.2,0
2011-09-29 10:41:00,20,54,22.2,55,24.1,1023.3,0.3,0.7,10,16.2,0
2011-09-29 11:01:00,20,55,22.0,51,25.7,1023.0,0,0.7,10,16.2,0
2011-09-29 11:21:00,20,57,21.5,46,26.7,1022.9,0.3,1.0,4,16.2,0
2011-09-29 11:41:00,20,57,21.2,43,28.2,1022.6,0,0.7,10,16.2,0
2011-09-29 12:01:00,20,58,21.0,43,27.4,1022.7,0.3,1.0,15,16.2,0
2011-09-29 12:21:00,20,58,20.8,43,27.7,1022.6,0.3,0.7,0,16.2,0
2011-09-29 12:41:00,20,58,20.8,41,28.5,1022.4,0,0.7,10,16.2,0
2011-09-29 13:01:00,20,58,20.8,41,28.8,1022.3,0.3,1.0,10,16.2,0
2011-09-29 13:21:00,20,58,20.8,44,26.7,1022.3,0.3,0.7,12,16.2,0
2011-09-29 13:41:00,20,58,21.4,42,27.9,1022.1,0,0,8,16.2,0
2011-09-29 14:01:00,20,56,22.1,39,29.5,1021.9,0.3,0.7,11,16.2,0
2011-09-29 14:21:00,20,57,22.0,40,28.8,1021.8,0,0.7,12,16.2,0
2011-09-29 14:41:00,20,56,21.9,40,28.2,1021.9,0.3,0.7,14,16.2,0
2011-09-29 15:01:00,20,56,21.8,39,29.0,1021.6,0,0.3,14,16.2,0
2011-09-29 15:21:00,20,56,21.8,42,26.1,1021.7,0,0.3,12,16.2,0
2011-09-29 15:41:00,20,56,21.8,48,25.2,1021.6,0,0,12,16.2,0
2011-09-29 16:01:00,20,57,21.7,54,23.3,1021.8,0,0,12,16.2,0
2011-09-29 16:21:00,20,57,21.7,62,20.4,1021.5,0,0,12,16.2,0
2011-09-29 16:41:00,20,58,21.7,67,18.8,1021.5,0,0,12,16.2,0
2011-09-29 17:01:00,20,58,21.6,72,17.5,1021.4,0,0,12,16.2,0
2011-09-29 17:21:00,20,58,21.6,77,16.4,1021.6,0,0.3,2,16.2,0
2011-09-29 17:41:00,20,58,21.5,78,15.7,1021.5,0,0,2,16.2,0
2011-09-29 18:01:00,20,59,21.5,80,15.0,1021.8,0,0,2,16.2,0
2011-09-29 18:21:00,20,58,21.4,82,14.4,1021.8,0,0,2,16.2,0
2011-09-29 18:41:00,20,59,21.3,83,13.9,1022.0,0,0,2,16.2,0
2011-09-29 19:01:00,20,59,21.3,85,13.5,1022.1,0,0,2,16.2,0
2011-09-29 19:21:00,20,59,21.2,85,13.1,1022.1,0,0,2,16.2,0
2011-09-29 19:41:00,20,59,21.2,86,12.9,1022.0,0,0,2,16.2,0
2011-09-29 20:01:00,20,59,21.1,86,12.6,1022.2,0,0,2,16.2,0
2011-09-29 20:21:00,20,59,21.1,87,12.2,1022.2,0,0,2,16.2,0
2011-09-29 20:41:00,20,59,21.0,87,11.9,1022.2,0,0,2,16.2,0
2011-09-29 21:01:00,20,59,20.9,88,11.6,1022.1,0,0,2,16.2,0
2011-09-29 21:21:00,20,60,20.8,88,11.5,1022.1,0,0,2,16.2,0
2011-09-29 21:41:00,20,60,20.7,88,11.2,1022.1,0,0,2,16.2,0
2011-09-29 22:01:00,20,60,20.7,89,11.0,1022.2,0,0,2,16.2,0
2011-09-29 22:21:00,20,60,20.6,89,10.8,1022.0,0,0,2,16.2,0
2011-09-29 22:41:00,20,60,20.5,89,10.5,1021.8,0,0,2,16.2,0
2011-09-29 23:01:00,20,60,20.4,89,10.2,1021.7,0,0,2,16.2,0
2011-09-29 23:21:00,20,60,20.3,90,10.0,1021.7,0,0,2,16.2,0
2011-09-29 23:41:00,20,60,20.3,90,9.7,1021.8,0,0,2,16.2,0
