2011-12-10 00:09:00,20,46,16.3,70,4.0,998.8,2.0,3.4,12,54.9,0
2011-12-10 00:29:00,20,46,16.1,71,4.1,998.5,2.0,3.4,10,54.9,0
2011-12-10 00:49:00,20,46,16.0,71,3.9,999.0,1.4,2.4,12,54.9,0
2011-12-10 01:09:00,20,46,15.9,72,3.9,998.9,1.7,2.7,10,54.9,0
2011-12-10 01:29:00,20,46,15.8,73,3.7,999.0,2.7,4.8,10,54.9,0
2011-12-10 01:49:00,20,46,15.8,74,3.6,999.0,1.7,2.7,10,54.9,0
2011-12-10 02:09:00,20,47,15.7,75,3.5,999.1,1.4,2.4,12,54.9,0
2011-12-10 02:29:00,20,47,15.6,78,3.3,999.1,1.4,4.1,14,54.9,0
2011-12-10 02:49:00,20,47,15.5,81,3.0,999.4,1.4,2.7,14,54.9,0
2011-12-10 03:09:00,20,47,15.5,83,2.9,999.5,1.0,2.4,12,54.9,0
2011-12-10 03:29:00,20,47,15.4,84,2.6,999.5,0.7,1.7,14,55.2,0
2011-12-10 03:49:00,20,47,15.3,85,2.4,999.5,0.7,1.4,13,55.2,0
2011-12-10 04:09:00,20,47,15.3,86,2.4,999.6,0.7,1.4,10,55.2,0
2011-12-10 04:29:00,20,47,15.2,87,2.6,999.7,0.7,1.4,10,55.2,0
2011-12-10 04:49:00,20,47,15.2,87,2.7,999.6,1.4,2.0,12,55.2,0
2011-12-10 05:09:00,20,47,15.1,87,2.6,999.5,0.7,2.0,12,55.2,0
2011-12-10 05:29:00,20,48,15.1,87,2.5,999.5,1.0,2.7,10,55.2,0
2011-12-10 05:49:00,20,47,15.2,87,2.6,999.8,1.4,2.4,10,55.2,0
2011-12-10 06:09:00,20,47,15.5,87,2.6,999.9,1.7,3.4,10,55.2,0
2011-12-10 06:29:00,20,47,15.7,86,2.7,1000.0,1.4,2.4,12,55.2,0
2011-12-10 06:49:00,20,47,15.9,86,2.9,1000.3,0.7,1.4,14,55.2,0
2011-12-10 07:09:00,20,46,16.0,85,3.0,1000.5,1.4,2.7,8,55.2,0
2011-12-10 07:29:00,20,46,16.0,85,3.1,1000.8,1.0,2.0,14,55.2,0
2011-12-10 07:49:00,20,46,16.1,85,3.1,1000.8,1.4,2.4,11,55.2,0
2011-12-10 08:09:00,20,47,16.2,84,3.1,1001.0,0.7,2.0,12,55.2,0
2011-12-10 08:29:00,20,48,16.3,84,3.4,1001.3,1.0,2.4,8,55.2,0
2011-12-10 08:49:00,20,47,16.6,83,3.8,1001.3,2.0,4.1,10,55.2,0
2011-12-10 09:09:00,20,44,17.4,81,3.9,1001.3,1.7,3.4,14,55.2,0
2011-12-10 09:29:00,20,44,17.9,79,3.9,1001.5,1.4,2.7,10,55.2,0
2011-12-10 09:49:00,20,42,18.6,79,4.2,1001.6,1.4,2.7,12,55.2,0
2011-12-10 10:09:00,20,41,19.1,77,4.7,1001.7,2.4,3.7,12,55.2,0
2011-12-10 10:29:00,20,40,19.3,76,4.7,1001.7,1.0,2.4,10,55.2,0
2011-12-10 10:49:00,20,40,19.4,75,4.5,1001.7,1.7,4.1,10,55.2,0
2011-12-10 11:09:00,20,41,18.9,74,4.6,1001.6,1.4,3.7,12,55.5,0
2011-12-10 11:29:00,20,42,18.3,73,4.9,1001.5,2.0,4.4,13,55.5,0
2011-12-10 11:49:00,20,43,17.8,69,5.7,1001.8,1.7,4.4,10,55.5,0
2011-12-10 12:09:00,20,44,17.4,71,4.9,1001.8,2.7,4.4,9,55.5,0
2011-12-10 12:29:00,20,45,17.2,71,5.2,1001.6,0.7,1.4,12,55.5,0
2011-12-10 12:49:00,20,46,17.0,70,5.3,1001.6,0.7,1.7,10,55.5,0
2011-12-10 13:09:00,20,46,17.0,70,5.1,1001.3,1.7,4.1,6,55.5,0
2011-12-10 13:29:00,20,47,16.9,71,5.0,1001.5,1.0,2.4,12,55.5,0
2011-12-10 13:49:00,20,47,16.9,70,4.9,1001.8,1.4,2.4,12,55.5,0
2011-12-10 14:09:00,20,47,16.9,71,4.8,1001.9,0.7,1.7,11,55.5,0
2011-12-10 14:29:00,20,48,16.9,72,4.7,1002.1,1.4,2.7,0,55.5,0
2011-12-10 14:49:00,20,47,16.9,72,4.5,1001.8,1.0,1.7,10,55.5,0
2011-12-10 15:09:00,20,46,16.9,72,4.6,1001.9,1.7,2.7,14,55.5,0
2011-12-10 15:29:00,20,48,17.0,72,4.5,1001.8,1.7,4.4,14,55.5,0
2011-12-10 15:49:00,20,45,17.9,72,4.4,1001.9,1.4,2.0,13,55.5,0
2011-12-10 16:09:00,20,43,18.7,73,4.2,1001.9,2.0,3.7,10,55.5,0
2011-12-10 16:29:00,20,42,19.3,73,4.3,1002.1,2.7,5.4,0,55.5,0
2011-12-10 16:49:00,20,41,19.7,74,4.2,1002.3,1.4,3.4,10,55.5,0
2011-12-10 17:09:00,20,40,20.1,75,3.8,1002.4,2.7,4.4,10,55.5,0
2011-12-10 17:29:00,20,41,19.6,75,3.4,1002.6,0.7,1.7,10,55.5,0
2011-12-10 17:49:00,20,42,19.0,78,3.0,1003.0,1.4,2.4,14,55.5,0
2011-12-10 18:09:00,20,43,18.5,79,2.7,1003.0,1.0,2.4,14,55.5,0
2011-12-10 18:29:00,20,44,18.0,79,2.8,1003.1,1.4,2.4,9,55.5,0
2011-12-10 18:49:00,20,45,17.7,79,3.0,1003.3,1.4,2.0,10,55.5,0
2011-12-10 19:09:00,20,45,17.5,78,2.9,1003.3,1.0,1.7,8,55.5,0
2011-12-10 19:29:00,20,45,17.4,78,2.9,1003.4,1.7,3.1,12,55.5,0
2011-12-10 19:49:00,20,45,17.3,78,2.9,1003.6,1.0,2.4,14,55.5,0
2011-12-10 20:09:00,20,46,17.1,78,2.9,1003.8,1.7,4.1,12,55.5,0
2011-12-10 20:29:00,20,46,17.1,78,2.9,1004.1,2.0,2.7,14,55.5,0
2011-12-10 20:49:00,20,46,17.0,78,2.8,1004.3,1.4,2.0,10,55.5,0
2011-12-10 21:09:00,20,46,17.0,78,2.8,1004.7,1.4,2.7,12,55.5,0
2011-12-10 21:29:00,20,46,16.9,77,3.0,1004.5,1.4,2.4,10,55.5,0
2011-12-10 21:49:00,20,46,16.8,77,2.9,1004.5,2.0,3.4,8,55.5,0
2011-12-10 22:09:00,20,46,16.7,77,2.8,1004.9,1.4,2.7,10,55.5,0
2011-12-10 22:29:00,20,47,16.6,77,2.8,1005.0,0.7,1.7,10,55.5,0
2011-12-10 22:49:00,20,47,16.5,77,3.0,1005.2,1.0,1.7,12,55.5,0
2011-12-10 23:09:00,20,47,16.4,76,3.1,1005.2,2.7,5.1,10,55.5,0
2011-12-10 23:29:00,20,47,16.3,76,3.0,1005.4,0.7,1.4,14,55.5,0
2011-12-10 23:49:00,20,47,16.2,77,2.8,1005.2,0.7,1.4,10,55.5,0
