2017-04-15 00:02:59,3,36,20.6,72,8.2,1007.0,0.7,1.0,11,256.2,0
2017-04-15 00:05:59,3,36,20.6,72,8.2,1007.0,0.7,1.0,11,256.2,0
2017-04-15 00:08:59,3,36,20.6,72,8.2,1006.9,1.4,1.7,10,256.2,0
2017-04-15 00:11:59,3,36,20.6,72,8.2,1007.0,0.3,0.7,12,256.2,0
2017-04-15 00:14:59,3,36,20.6,72,8.2,1006.9,0.3,0.7,10,256.2,0
2017-04-15 00:17:59,3,36,20.6,72,8.2,1006.7,0.3,0.7,10,256.2,0
2017-04-15 00:20:59,3,36,20.6,72,8.1,1006.9,1.0,1.4,10,256.2,0
2017-04-15 00:23:59,3,36,20.6,73,8.1,1006.8,0.3,0.7,10,256.2,0
2017-04-15 00:26:59,3,36,20.6,73,8.1,1006.8,0.3,0.7,12,256.2,0
2017-04-15 00:29:59,3,36,20.5,73,8.1,1006.8,0.3,0.7,10,256.2,0
2017-04-15 00:32:59,3,36,20.5,73,8.1,1006.8,0.3,0.7,10,256.2,0
2017-04-15 00:35:59,3,36,20.5,73,8.1,1006.8,0.3,0.7,2,256.2,0
2017-04-15 00:38:59,3,36,20.5,73,8.1,1006.7,0.3,1.0,10,256.2,0
2017-04-15 00:41:59,3,36,20.5,73,8.0,1006.7,0.7,1.0,12,256.2,0
2017-04-15 00:44:59,3,36,20.5,74,8.0,1006.7,0.7,1.0,10,256.2,0
2017-04-15 00:47:59,3,36,20.5,74,8.0,1006.7,0.7,1.0,12,256.2,0
2017-04-15 00:50:59,3,36,20.5,74,8.0,1006.6,0.3,0.7,10,256.2,0
2017-04-15 00:53:59,3,36,20.5,74,8.0,1006.6,0.7,1.0,10,256.2,0
2017-04-15 00:56:59,3,36,20.5,74,8.0,1006.5,0.7,1.0,10,256.2,0
2017-04-15 00:59:59,3,36,20.4,74,8.0,1006.6,0.7,1.0,8,256.2,0
2017-04-15 01:02:59,3,36,20.4,75,8.0,1006.5,0.3,0.7,10,256.2,0
2017-04-15 01:05:59,3,36,20.4,75,7.9,1006.4,0.7,1.0,8,256.2,0
2017-04-15 01:08:59,3,36,20.4,75,7.8,1006.5,0.7,0.7,10,256.2,0
2017-04-15 01:11:59,3,36,20.4,75,7.8,1006.5,0.3,0.7,14,256.2,0
2017-04-15 01:14:59,3,36,20.4,75,7.8,1006.5,0.7,1.0,10,256.2,0
2017-04-15 01:17:59,3,36,20.4,75,7.8,1006.5,0.3,0.7,10,256.2,0
2017-04-15 01:20:59,3,36,20.4,75,7.8,1006.5,1.7,2.4,10,256.2,0
2017-04-15 01:23:59,3,36,20.4,75,7.8,1006.4,1.0,1.4,10,256.2,0
2017-04-15 01:26:59,3,36,20.4,75,7.8,1006.5,0.3,0.7,10,256.2,0
2017-04-15 01:29:59,3,36,20.3,76,7.7,1006.4,1.0,1.4,12,256.2,0
2017-04-15 01:32:59,3,36,20.3,76,7.7,1006.4,0.7,1.4,10,256.2,0
2017-04-15 01:35:59,3,36,20.3,76,7.7,1006.4,0.3,0.7,10,256.2,0
2017-04-15 01:38:59,3,36,20.3,76,7.6,1006.4,0.7,1.0,10,256.2,0
2017-04-15 01:41:59,3,36,20.3,76,7.6,1006.4,0.7,1.0,10,256.2,0
2017-04-15 01:44:59,3,36,20.3,76,7.6,1006.3,0.3,0.7,8,256.2,0
2017-04-15 01:47:59,3,36,20.3,76,7.5,1006.4,0.3,0.7,11,256.2,0
2017-04-15 01:50:59,3,36,20.3,77,7.5,1006.3,0.3,0.7,12,256.2,0
2017-04-15 01:53:59,3,36,20.3,82,7.4,1006.4,0.3,0.7,8,256.2,0
2017-04-15 01:56:59,3,36,20.3,82,7.4,1006.2,0,0.3,10,256.2,0
2017-04-15 01:59:59,3,36,20.3,83,7.3,1006.1,0.7,1.0,10,256.2,0
2017-04-15 02:02:59,3,36,20.2,83,7.3,1006.1,0.7,1.0,10,256.2,0
2017-04-15 02:05:59,3,36,20.2,83,7.3,1006.1,0.7,1.0,10,256.2,0
2017-04-15 02:08:59,3,36,20.2,83,7.1,1005.9,0.3,1.0,5,256.2,0
2017-04-15 02:11:59,3,36,20.2,83,7.1,1005.9,0,0.3,8,256.2,0
2017-04-15 02:14:59,3,36,20.2,83,7.0,1005.8,0,0,8,256.2,0
2017-04-15 02:17:59,3,36,20.2,83,6.9,1005.7,0,0,8,256.2,0
2017-04-15 02:20:59,3,36,20.2,83,6.8,1005.7,0,0,14,256.2,0
2017-04-15 02:23:59,3,36,20.2,83,6.7,1005.7,0,0,10,256.2,0
2017-04-15 02:26:59,3,36,20.1,83,6.6,1005.7,0,0,14,256.2,0
2017-04-15 02:29:59,3,36,20.1,84,6.5,1005.7,0,0,12,256.2,0
2017-04-15 02:32:59,3,36,20.1,84,6.5,1005.8,0.3,0.7,10,256.2,0
2017-04-15 02:35:59,3,36,20.1,85,6.4,1005.7,0,0,10,256.2,0
2017-04-15 02:38:59,3,36,20.1,86,6.4,1005.7,0,0,10,256.2,0
2017-04-15 02:41:59,3,36,20.1,86,6.4,1005.7,0,0,8,256.2,0
2017-04-15 02:44:59,3,36,20.1,87,6.3,1005.7,0,0,10,256.2,0
2017-04-15 02:47:59,3,36,20.1,87,6.3,1005.7,0,0.3,10,256.2,0
2017-04-15 02:50:59,3,36,20.1,87,6.3,1005.7,0,0.3,10,256.2,0
2017-04-15 02:53:59,3,36,20.1,87,6.2,1005.6,0,0,12,256.2,0
2017-04-15 02:56:59,3,36,20.1,88,6.2,1005.7,0,0,10,256.2,0
2017-04-15 02:59:59,3,36,20.0,88,6.1,1005.6,0,0,14,256.2,0
2017-04-15 03:02:59,3,36,20.0,88,6.1,1005.5,0.3,0.7,10,256.2,0
2017-04-15 03:05:59,3,36,20.0,88,6.0,1005.6,0,0,12,256.2,0
2017-04-15 03:08:59,3,36,20.0,88,6.0,1005.5,0.3,0.7,10,256.2,0
2017-04-15 03:11:59,3,36,20.0,89,6.0,1005.5,0,0,10,256.2,0
2017-04-15 03:14:59,3,36,20.0,89,6.0,1005.5,0,0,10,256.2,0
2017-04-15 03:17:59,3,36,20.0,89,5.9,1005.4,0,0,10,256.2,0
2017-04-15 03:20:59,3,36,20.0,89,5.9,1005.5,0,0,12,256.2,0
2017-04-15 03:23:59,3,36,20.0,89,5.8,1005.4,0,0,12,256.2,0
2017-04-15 03:26:59,3,36,20.0,89,5.8,1005.4,0,0,12,256.2,0
2017-04-15 03:29:59,3,37,19.8,89,5.7,1005.4,0,0.3,10,256.2,0
2017-04-15 03:32:59,3,37,19.8,89,5.7,1005.3,0,0.3,10,256.2,0
2017-04-15 03:35:59,3,37,19.8,90,5.7,1005.4,0.3,0.7,10,256.2,0
2017-04-15 03:38:59,3,37,19.8,90,5.7,1005.4,0.3,0.7,12,256.2,0
2017-04-15 03:41:59,3,37,19.8,90,5.7,1005.5,0,0.3,10,256.2,0
2017-04-15 03:44:59,3,37,19.8,90,5.7,1005.4,0.3,0.7,10,256.2,0
2017-04-15 03:47:59,3,37,19.8,90,5.7,1005.3,0,0,10,256.2,0
2017-04-15 03:50:59,3,37,19.8,90,5.7,1005.3,0,0.3,8,256.2,0
2017-04-15 03:53:59,3,37,19.8,90,5.6,1005.2,0,0,8,256.2,0
2017-04-15 03:56:59,3,37,19.8,90,5.6,1005.3,0,0.3,8,256.2,0
2017-04-15 03:59:59,3,37,19.8,90,5.6,1005.3,0,0.3,12,256.2,0
2017-04-15 04:02:59,3,37,19.8,90,5.6,1005.2,0,0.3,12,256.2,0
2017-04-15 04:05:59,3,37,19.8,90,5.6,1005.3,0,0.3,12,256.2,0
2017-04-15 04:08:59,3,37,19.8,90,5.5,1005.2,0,0.3,10,256.2,0
2017-04-15 04:11:59,3,37,19.8,90,5.5,1005.1,0,0,12,256.2,0
2017-04-15 04:14:59,3,37,19.8,90,5.5,1005.2,0,0,12,256.2,0
2017-04-15 04:17:59,3,37,19.8,90,5.5,1005.1,0,0,10,256.2,0
2017-04-15 04:20:59,3,37,19.8,90,5.5,1005.1,0,0,12,256.2,0
2017-04-15 04:23:59,3,37,19.8,90,5.5,1005.1,0,0,12,256.2,0
2017-04-15 04:26:59,3,37,19.8,90,5.5,1005.1,0,0,10,256.2,0
2017-04-15 04:29:59,3,37,19.9,91,5.6,1005.0,0,0,10,256.2,0
2017-04-15 04:32:59,3,36,20.0,91,5.6,1004.9,0,0,10,256.2,0
2017-04-15 04:35:59,3,36,20.0,91,5.7,1004.9,0,0,10,256.2,0
2017-04-15 04:38:59,3,36,20.0,91,5.7,1004.9,0,0,10,256.2,0
2017-04-15 04:41:59,3,36,20.0,91,5.8,1004.9,0,0,10,256.2,0
2017-04-15 04:44:59,3,36,20.1,91,5.9,1004.9,0,0,10,256.2,0
2017-04-15 04:47:59,3,36,20.1,91,6.0,1004.9,0,0,10,256.2,0
2017-04-15 04:50:59,3,36,20.1,91,6.0,1004.8,0,0,10,256.2,0
2017-04-15 04:53:59,3,36,20.1,91,6.1,1004.8,1.0,1.7,10,256.2,0
2017-04-15 04:56:59,3,36,20.1,90,6.3,1004.7,0.3,0.7,10,256.2,0
2017-04-15 04:59:59,3,36,20.1,90,6.3,1004.7,0.7,1.0,9,256.2,0
2017-04-15 05:02:59,3,36,20.1,90,6.4,1004.7,0.3,0.7,10,256.2,0
2017-04-15 05:05:59,3,36,20.2,90,6.5,1004.7,0.3,0.7,10,256.2,0
2017-04-15 05:08:59,3,36,20.2,89,6.6,1004.6,1.0,1.4,8,256.2,0
2017-04-15 05:11:59,3,36,20.2,88,6.6,1004.6,0.7,1.0,10,256.2,0
2017-04-15 05:14:59,3,36,20.2,88,6.7,1004.6,0.3,0.7,10,256.2,0
2017-04-15 05:17:59,3,36,20.2,87,6.8,1004.6,0.3,0.7,10,256.2,0
2017-04-15 05:20:59,3,37,20.2,87,6.9,1004.5,1.0,1.7,10,256.2,0
2017-04-15 05:23:59,3,37,20.2,86,6.9,1004.5,0.7,1.4,10,256.2,0
2017-04-15 05:26:59,3,37,20.3,86,7.0,1004.4,0.3,0.7,8,256.2,0
2017-04-15 05:29:59,3,37,20.3,86,7.0,1004.5,1.0,1.4,10,256.2,0
2017-04-15 05:32:59,3,37,20.3,85,7.1,1004.5,0.3,0.7,12,256.2,0
2017-04-15 05:35:59,3,37,20.3,85,7.2,1004.4,0.3,0.7,10,256.2,0
2017-04-15 05:38:59,3,37,20.3,85,7.2,1004.4,0.7,1.4,10,256.2,0
2017-04-15 05:41:59,3,37,20.3,85,7.3,1004.3,0.3,0.7,10,256.2,0
2017-04-15 05:44:59,3,37,20.3,84,7.3,1004.2,0,0,8,256.2,0
2017-04-15 05:47:59,3,37,20.3,84,7.4,1004.2,1.0,1.4,10,256.2,0
2017-04-15 05:50:59,3,37,20.3,79,7.5,1004.3,0.7,1.0,10,256.2,0
2017-04-15 05:53:59,3,37,20.4,79,7.5,1004.2,0.7,1.0,6,256.2,0
2017-04-15 05:56:59,3,37,20.4,78,7.6,1004.1,1.0,1.7,12,256.2,0
2017-04-15 05:59:59,3,37,20.4,77,7.6,1004.0,0.3,0.7,8,256.2,0
2017-04-15 06:02:59,3,37,20.4,77,7.6,1003.9,0.3,0.7,8,256.2,0
2017-04-15 06:05:59,3,37,20.4,77,7.6,1003.9,0.3,0.7,8,256.2,0
2017-04-15 06:08:59,3,37,20.4,76,7.8,1003.9,0.7,1.0,8,256.2,0
2017-04-15 06:11:59,3,37,20.4,76,7.8,1004.0,1.4,2.0,10,256.2,0
2017-04-15 06:14:59,3,37,20.4,76,7.9,1003.9,0.7,1.0,8,256.2,0
2017-04-15 06:17:59,3,37,20.4,76,8.0,1004.0,0.3,0.7,8,256.2,0
2017-04-15 06:20:59,3,38,20.5,76,8.0,1003.9,0.7,1.0,8,256.2,0
2017-04-15 06:23:59,3,38,20.7,75,8.1,1004.0,0.3,0.7,10,256.2,0
2017-04-15 06:26:59,3,38,20.9,75,8.1,1004.1,0.7,1.4,8,256.2,0
2017-04-15 06:29:59,3,37,21.1,75,8.2,1004.1,0.7,1.0,10,256.2,0
2017-04-15 06:32:59,3,37,21.2,74,8.3,1004.1,0.7,1.0,0,256.2,0
2017-04-15 06:35:59,3,37,21.3,74,8.3,1004.1,0.7,1.4,10,256.2,0
2017-04-15 06:38:59,3,36,21.3,74,8.4,1004.1,0.7,1.0,10,256.2,0
2017-04-15 06:41:59,3,36,21.5,74,8.5,1004.0,1.7,2.4,8,256.2,0
2017-04-15 06:44:59,3,35,21.6,73,8.5,1004.0,1.0,1.4,4,256.2,0
2017-04-15 06:47:59,3,35,21.7,73,8.5,1003.8,0.3,0.7,12,256.2,0
2017-04-15 06:50:59,3,35,21.7,73,8.6,1003.8,1.7,2.0,13,256.2,0
2017-04-15 06:53:59,3,35,21.8,72,8.6,1003.8,1.7,2.0,8,256.2,0
2017-04-15 06:56:59,3,35,21.9,72,8.6,1003.7,1.7,2.7,8,256.2,0
2017-04-15 06:59:59,3,35,21.9,72,8.6,1003.6,0.7,1.0,14,256.2,0
2017-04-15 07:02:59,3,34,22.0,72,8.8,1003.7,0.3,0.7,7,256.2,0
2017-04-15 07:05:59,3,33,22.1,71,8.9,1003.6,3.1,3.7,8,256.2,0
2017-04-15 07:08:59,3,33,22.1,71,9.0,1003.5,0.7,1.0,12,256.2,0
2017-04-15 07:11:59,3,33,22.2,71,9.1,1003.5,0.3,0.7,8,256.2,0
2017-04-15 07:14:59,3,33,22.2,71,9.2,1003.6,0.7,1.7,10,256.2,0
2017-04-15 07:17:59,3,33,22.2,70,9.2,1003.6,1.7,2.0,8,256.2,0
2017-04-15 07:20:59,3,33,22.2,70,9.2,1003.5,1.7,2.0,8,256.2,0
2017-04-15 07:23:59,3,32,22.3,70,9.2,1003.6,2.4,3.4,8,256.2,0
2017-04-15 07:26:59,3,32,22.3,71,9.1,1003.7,1.0,1.4,10,256.2,0
2017-04-15 07:29:59,3,32,22.3,72,9.1,1003.6,0.7,1.0,10,256.2,0
2017-04-15 07:32:59,3,32,22.4,73,9.0,1003.5,0.7,1.0,10,256.2,0
2017-04-15 07:35:59,3,32,22.5,73,8.9,1003.7,1.0,1.4,10,256.2,0
2017-04-15 07:38:59,3,32,22.5,74,8.8,1003.6,1.0,1.7,10,256.5,0
2017-04-15 07:41:59,3,32,22.5,75,8.6,1003.6,0.7,1.0,12,256.5,0
2017-04-15 07:44:59,3,32,22.6,76,8.5,1003.6,0.3,0.7,14,256.5,0
2017-04-15 07:47:59,3,32,22.6,77,8.4,1003.6,1.0,1.7,12,256.8,0
2017-04-15 07:50:59,3,32,22.6,78,8.3,1003.5,1.0,1.7,10,256.8,0
2017-04-15 07:53:59,3,32,22.6,80,8.2,1003.5,0.3,0.7,10,256.8,0
2017-04-15 07:56:59,3,32,22.6,80,8.1,1003.5,2.0,2.7,10,257.1,0
2017-04-15 07:59:59,3,32,22.6,81,8.0,1003.4,0.7,1.0,10,257.1,0
2017-04-15 08:02:59,3,32,22.6,81,8.0,1003.5,0.7,1.0,10,257.1,0
2017-04-15 08:05:59,3,32,22.5,81,8.0,1003.5,0.7,1.0,10,257.1,0
2017-04-15 08:08:59,3,32,22.4,83,7.9,1003.4,0.7,1.0,12,257.1,0
2017-04-15 08:11:59,3,32,22.3,84,7.9,1003.4,0.3,0.7,12,257.1,0
2017-04-15 08:14:59,3,32,22.3,84,7.9,1003.4,0.7,1.0,8,257.4,0
2017-04-15 08:17:59,3,32,22.2,85,7.9,1003.4,0.7,1.0,8,257.4,0
2017-04-15 08:20:59,3,32,22.2,85,7.9,1003.3,3.1,4.4,8,257.4,0
2017-04-15 08:23:59,3,32,22.1,85,7.9,1003.4,1.0,1.4,8,257.4,0
2017-04-15 08:26:59,3,32,22.1,86,7.9,1003.4,1.4,1.7,14,257.4,0
2017-04-15 08:29:59,3,33,21.9,86,7.9,1003.3,1.7,2.7,10,257.4,0
2017-04-15 08:32:59,3,34,21.9,87,8.0,1003.3,0.7,1.4,12,257.4,0
2017-04-15 08:35:59,3,34,21.9,87,8.0,1003.3,1.0,1.7,8,257.4,0
2017-04-15 08:38:59,3,34,21.8,87,8.0,1003.3,1.4,1.7,8,257.4,0
2017-04-15 08:41:59,3,34,21.8,87,8.0,1003.2,1.7,2.7,12,257.4,0
2017-04-15 08:44:59,3,34,21.8,87,8.1,1003.1,2.0,2.7,8,257.4,0
2017-04-15 08:47:59,3,34,21.8,87,8.2,1003.1,0.7,1.0,10,257.4,0
2017-04-15 08:50:59,3,34,21.8,87,8.3,1003.1,1.4,2.0,10,257.4,0
2017-04-15 08:53:59,3,34,21.7,88,8.4,1003.1,1.0,1.4,10,257.4,0
2017-04-15 08:56:59,3,34,21.7,88,8.5,1003.1,1.0,1.4,8,257.4,0
2017-04-15 08:59:59,3,34,21.7,88,8.6,1003.0,1.7,2.0,10,257.4,0
2017-04-15 09:02:59,3,34,21.6,88,8.7,1003.0,1.0,1.7,14,257.4,0
2017-04-15 09:05:59,3,34,21.6,87,8.7,1003.0,1.4,1.7,10,257.4,0
2017-04-15 09:08:59,3,34,21.6,87,8.7,1002.9,1.4,2.0,10,257.4,0
2017-04-15 09:11:59,3,34,21.5,86,8.7,1002.9,1.7,2.4,10,257.4,0
2017-04-15 09:14:59,3,34,21.5,86,8.7,1002.9,1.7,2.4,10,257.4,0
2017-04-15 09:17:59,3,34,21.5,86,8.6,1002.9,1.7,2.4,12,257.7,0
2017-04-15 09:20:59,3,34,21.5,86,8.6,1003.0,1.0,1.7,10,257.7,0
2017-04-15 09:23:59,3,35,21.4,87,8.6,1002.9,1.7,2.0,14,257.7,0
2017-04-15 09:26:59,3,35,21.3,87,8.6,1002.8,1.0,1.7,10,257.7,0
2017-04-15 09:29:59,3,35,21.3,87,8.6,1002.8,2.0,2.7,10,257.7,0
2017-04-15 09:32:59,3,35,21.3,87,8.6,1002.8,1.4,1.7,10,257.7,0
2017-04-15 09:35:59,3,35,21.3,88,8.7,1002.8,1.7,2.4,10,258.0,0
2017-04-15 09:38:59,3,35,21.2,88,8.7,1002.9,2.4,3.1,8,258.0,0
2017-04-15 09:41:59,3,35,21.2,89,8.8,1002.9,0.7,1.7,12,258.0,0
2017-04-15 09:44:59,3,35,21.2,89,8.8,1002.8,0.7,1.0,8,258.0,0
2017-04-15 09:47:59,3,36,21.2,89,8.8,1002.8,2.0,3.7,8,258.0,0
2017-04-15 09:50:59,3,36,21.2,89,8.8,1002.7,1.0,1.7,10,258.0,0
2017-04-15 09:53:59,3,36,21.1,89,8.9,1002.8,1.0,1.4,10,258.0,0
2017-04-15 09:56:59,3,36,21.1,89,9.0,1002.7,2.0,2.7,10,258.0,0
2017-04-15 09:59:59,3,36,21.1,89,9.0,1002.6,1.4,1.7,10,258.0,0
2017-04-15 10:02:59,3,36,21.1,89,9.0,1002.6,1.4,1.7,10,258.0,0
2017-04-15 10:05:59,3,36,21.1,89,9.0,1002.6,1.4,1.7,10,258.0,0
2017-04-15 10:08:59,3,36,21.1,89,9.0,1002.7,2.0,2.7,10,258.0,0
2017-04-15 10:11:59,3,36,21.1,89,9.0,1002.5,2.0,2.7,10,258.0,0
2017-04-15 10:14:59,3,36,21.0,89,9.0,1002.5,1.4,2.0,8,258.0,0
2017-04-15 10:17:59,3,36,21.0,89,9.0,1002.5,2.0,4.1,10,258.0,0
2017-04-15 10:20:59,3,37,21.0,89,9.1,1002.5,2.0,3.1,8,258.0,0
2017-04-15 10:23:59,3,37,21.0,88,9.1,1002.4,1.4,1.7,11,258.0,0
2017-04-15 10:26:59,3,37,21.0,88,9.1,1002.4,1.7,2.0,10,258.0,0
2017-04-15 10:29:59,3,38,20.9,88,9.1,1002.4,1.0,1.7,9,258.0,0
2017-04-15 10:32:59,3,38,20.9,88,9.1,1002.4,0.7,1.0,12,258.0,0
2017-04-15 10:35:59,3,38,20.9,89,9.1,1002.2,1.4,1.7,10,258.0,0
2017-04-15 10:38:59,3,38,20.9,89,9.1,1002.2,1.7,2.4,10,258.0,0
2017-04-15 10:41:59,3,38,20.9,89,9.1,1002.2,1.7,2.0,8,258.0,0
2017-04-15 10:44:59,3,38,20.9,88,9.1,1002.2,1.4,1.7,14,258.0,0
2017-04-15 10:47:59,3,38,20.9,88,9.1,1002.2,1.4,2.7,8,258.0,0
2017-04-15 10:50:59,3,38,20.9,88,9.1,1002.2,2.4,3.4,10,258.0,0
2017-04-15 10:53:59,3,38,20.9,88,9.2,1002.1,2.4,3.4,10,258.0,0
2017-04-15 10:56:59,3,39,20.9,88,9.2,1002.2,2.0,2.7,11,258.0,0
2017-04-15 10:59:59,3,39,20.8,88,9.3,1002.2,2.0,2.7,10,258.0,0
2017-04-15 11:02:59,3,39,20.8,88,9.4,1002.2,2.4,3.7,10,258.0,0
2017-04-15 11:05:59,3,39,20.8,87,9.4,1002.0,1.4,1.7,12,258.0,0
2017-04-15 11:08:59,3,39,20.7,87,9.5,1002.1,1.7,2.7,8,258.0,0
2017-04-15 11:11:59,3,39,20.7,87,9.5,1002.1,1.4,1.7,10,258.0,0
2017-04-15 11:14:59,3,39,20.7,87,9.5,1002.0,1.7,2.7,12,258.0,0
2017-04-15 11:17:59,3,39,20.7,87,9.5,1002.0,1.4,2.0,12,258.0,0
2017-04-15 11:20:59,3,39,20.7,87,9.5,1002.0,1.7,2.7,12,258.0,0
2017-04-15 11:23:59,3,39,20.7,87,9.5,1001.9,1.4,2.0,14,258.0,0
2017-04-15 11:26:59,3,39,20.7,87,9.5,1002.0,1.4,1.7,10,258.0,0
2017-04-15 11:29:59,3,39,20.7,87,9.5,1002.0,2.0,3.1,10,258.0,0
2017-04-15 11:32:59,3,39,20.7,87,9.6,1002.0,1.4,1.7,11,258.0,0
2017-04-15 11:35:59,3,40,20.7,87,9.7,1001.9,1.0,1.7,12,258.0,0
2017-04-15 11:38:59,3,40,20.7,87,9.8,1001.8,2.4,3.1,10,258.0,0
2017-04-15 11:41:59,3,40,20.7,87,9.8,1001.9,2.0,3.1,12,258.0,0
2017-04-15 11:44:59,3,40,20.7,86,9.8,1001.9,1.7,2.0,14,258.0,0
2017-04-15 11:47:59,3,40,20.7,86,9.8,1001.8,2.0,3.1,8,258.0,0
2017-04-15 11:50:59,3,40,20.7,86,9.9,1001.8,2.0,3.4,10,258.0,0
2017-04-15 11:53:59,3,40,20.7,86,10.0,1001.8,1.7,2.0,10,258.0,0
2017-04-15 11:56:59,3,40,20.7,86,10.3,1001.7,2.4,4.1,10,258.0,0
2017-04-15 11:59:59,3,40,20.7,85,10.6,1001.6,2.4,3.4,8,258.0,0
2017-04-15 12:02:59,3,40,20.7,85,10.6,1001.7,2.4,3.4,8,258.0,0
2017-04-15 12:05:59,3,40,20.7,85,10.6,1001.6,2.4,3.4,8,258.0,0
2017-04-15 12:08:59,3,40,20.7,82,10.9,1001.7,1.7,2.7,10,258.0,0
2017-04-15 12:11:59,3,40,20.7,82,10.9,1001.6,2.7,4.1,0,258.0,0
2017-04-15 12:14:59,3,40,20.7,82,11.0,1001.6,2.7,4.4,12,258.0,0
2017-04-15 12:17:59,3,40,20.7,82,11.4,1001.5,2.0,3.4,10,258.0,0
2017-04-15 12:20:59,3,40,20.8,80,11.5,1001.6,2.4,5.1,8,258.0,0
2017-04-15 12:23:59,3,40,20.9,80,11.6,1001.5,1.7,2.4,10,258.0,0
2017-04-15 12:26:59,3,40,20.9,78,11.7,1001.5,4.1,5.4,10,258.0,0
2017-04-15 12:29:59,3,40,20.9,77,11.8,1001.4,3.4,4.4,8,258.0,0
2017-04-15 12:32:59,3,40,20.9,76,11.9,1001.4,2.7,3.7,10,258.0,0
2017-04-15 12:35:59,3,40,20.9,75,11.8,1001.4,2.0,3.1,10,258.0,0
2017-04-15 12:38:59,3,40,20.9,75,11.7,1001.4,2.4,2.7,10,258.0,0
2017-04-15 12:41:59,3,40,20.9,75,11.4,1001.5,2.0,3.4,10,258.0,0
2017-04-15 12:44:59,3,40,20.9,77,11.0,1001.8,3.7,5.1,8,258.3,0
2017-04-15 12:47:59,3,40,20.9,80,10.5,1001.8,3.1,4.4,12,258.9,0
2017-04-15 12:50:59,3,40,20.9,80,10.1,1001.8,2.7,3.7,6,258.9,0
2017-04-15 12:53:59,3,40,20.9,81,9.9,1001.8,2.4,5.1,10,258.9,0
2017-04-15 12:56:59,3,40,20.9,82,9.8,1001.9,4.4,5.1,12,259.2,0
2017-04-15 12:59:59,3,40,20.9,80,9.5,1002.0,3.7,5.1,2,259.2,0
2017-04-15 13:02:59,3,40,20.9,80,9.2,1002.0,4.8,7.1,14,259.2,0
2017-04-15 13:05:59,3,40,20.9,80,9.0,1001.8,2.4,3.7,11,259.2,0
2017-04-15 13:08:59,3,40,20.9,79,9.0,1001.6,1.4,2.4,10,259.2,0
2017-04-15 13:11:59,3,40,20.9,79,9.1,1001.6,2.0,2.4,10,259.2,0
2017-04-15 13:14:59,3,41,20.9,79,9.2,1001.7,1.4,1.7,12,259.2,0
2017-04-15 13:17:59,3,41,20.9,78,9.4,1001.8,1.7,2.4,9,259.2,0
2017-04-15 13:20:59,3,41,20.9,77,9.5,1001.8,2.7,4.1,12,259.2,0
2017-04-15 13:23:59,3,40,21.1,77,9.6,1001.7,1.0,2.0,10,259.2,0
2017-04-15 13:26:59,3,40,21.2,76,9.7,1001.5,1.7,2.0,12,259.2,0
2017-04-15 13:29:59,3,39,21.3,75,9.8,1001.6,2.4,3.1,8,259.2,0
2017-04-15 13:32:59,3,39,21.5,75,9.8,1001.7,1.7,2.0,10,259.2,0
2017-04-15 13:35:59,3,39,21.6,74,9.8,1001.7,2.7,3.4,10,259.2,0
2017-04-15 13:38:59,3,39,21.7,73,9.9,1001.8,1.0,1.7,10,259.2,0
2017-04-15 13:41:59,3,39,21.7,73,10.0,1001.8,1.7,2.4,10,259.2,0
2017-04-15 13:44:59,3,39,21.8,73,10.1,1001.9,2.7,4.1,4,259.2,0
2017-04-15 13:47:59,3,38,21.8,73,10.1,1001.9,2.4,3.4,14,259.2,0
2017-04-15 13:50:59,3,38,21.9,72,10.1,1001.8,2.7,3.4,8,259.2,0
2017-04-15 13:53:59,3,36,22.0,72,10.2,1001.9,1.7,2.4,12,259.2,0
2017-04-15 13:56:59,3,36,22.1,72,10.3,1001.9,1.4,2.0,10,259.2,0
2017-04-15 13:59:59,3,36,22.2,72,10.4,1001.8,3.1,4.1,12,259.2,0
2017-04-15 14:02:59,3,36,22.2,72,10.4,1001.8,3.1,4.1,12,259.2,0
2017-04-15 14:05:59,3,35,22.2,72,10.4,1001.8,3.1,4.1,12,259.2,0
2017-04-15 14:08:59,3,35,22.3,71,11.1,1001.7,1.7,2.4,14,259.2,0
2017-04-15 14:11:59,3,35,22.3,70,11.2,1001.7,2.0,2.7,8,259.2,0
2017-04-15 14:14:59,3,35,22.3,70,11.3,1001.7,2.4,3.7,10,259.2,0
2017-04-15 14:17:59,3,35,22.4,69,11.6,1001.7,2.0,2.7,14,259.2,0
2017-04-15 14:20:59,3,35,22.4,67,11.8,1001.8,2.0,3.1,10,259.2,0
2017-04-15 14:23:59,3,35,22.3,67,11.7,1001.9,2.0,2.4,14,259.2,0
2017-04-15 14:26:59,3,35,22.2,70,11.4,1002.5,3.1,4.4,0,259.2,0
2017-04-15 14:29:59,3,35,22.2,70,10.2,1002.6,2.7,4.1,0,259.8,0
2017-04-15 14:32:59,3,35,22.2,72,9.3,1002.6,1.4,1.7,10,260.1,0
2017-04-15 14:35:59,3,35,22.1,75,8.7,1002.7,3.7,5.1,12,260.4,0
2017-04-15 14:38:59,3,36,22.1,77,8.5,1002.6,2.0,3.1,11,260.4,0
2017-04-15 14:41:59,3,36,22.0,80,8.3,1002.4,2.0,2.7,2,260.4,0
2017-04-15 14:44:59,3,36,22.0,81,8.3,1002.5,3.1,4.1,10,260.4,0
2017-04-15 14:47:59,3,37,21.9,82,8.4,1002.4,1.7,2.4,12,260.4,0
2017-04-15 14:50:59,3,37,21.9,82,8.5,1002.4,1.4,2.7,12,260.4,0
2017-04-15 14:53:59,3,37,21.9,83,8.6,1002.4,2.0,3.1,12,260.4,0
2017-04-15 14:56:59,3,37,21.9,83,8.9,1002.6,3.1,4.1,12,260.4,0
2017-04-15 14:59:59,3,37,21.8,83,9.5,1002.5,0.7,1.0,14,260.4,0
2017-04-15 15:02:59,3,37,21.8,83,9.9,1002.5,1.0,1.7,0,260.4,0
2017-04-15 15:05:59,3,37,21.8,82,10.3,1002.4,0.3,1.0,10,260.4,0
2017-04-15 15:08:59,3,37,21.8,80,10.8,1002.3,1.7,2.0,10,260.4,0
2017-04-15 15:11:59,3,37,21.8,78,11.0,1002.4,2.0,2.4,10,260.4,0
2017-04-15 15:14:59,3,38,21.8,76,11.0,1002.5,2.4,3.7,14,260.4,0
2017-04-15 15:17:59,3,38,21.8,75,10.8,1002.4,1.0,1.4,10,260.4,0
2017-04-15 15:20:59,3,37,21.7,74,10.7,1002.4,2.4,2.7,8,260.4,0
2017-04-15 15:23:59,3,37,21.7,74,10.7,1002.4,0.7,1.0,12,260.4,0
2017-04-15 15:26:59,3,37,21.7,74,10.7,1002.6,1.0,1.4,10,260.4,0
2017-04-15 15:29:59,3,38,21.7,73,10.5,1002.5,4.1,5.4,12,260.4,0
2017-04-15 15:32:59,3,38,21.7,72,10.2,1002.6,1.4,2.0,12,260.4,0
2017-04-15 15:35:59,3,38,21.6,72,10.0,1002.6,2.7,3.7,12,260.4,0
2017-04-15 15:38:59,3,38,21.6,72,10.0,1002.5,1.0,1.7,14,260.4,0
2017-04-15 15:41:59,3,38,21.6,72,10.3,1002.5,2.0,3.1,2,260.4,0
2017-04-15 15:44:59,3,38,21.6,72,10.5,1002.5,2.7,3.4,8,260.4,0
2017-04-15 15:47:59,3,38,21.5,71,10.6,1002.5,1.4,1.7,10,260.4,0
2017-04-15 15:50:59,3,38,21.5,70,10.7,1002.5,2.4,3.1,10,260.4,0
2017-04-15 15:53:59,3,38,21.5,69,10.7,1002.3,2.4,3.1,12,260.4,0
2017-04-15 15:56:59,3,38,21.5,65,10.6,1002.5,1.7,3.4,10,260.4,0
2017-04-15 15:59:59,3,38,21.5,65,10.5,1002.4,2.7,3.4,12,260.4,0
2017-04-15 16:02:59,3,39,21.5,65,10.5,1002.4,2.7,3.4,12,260.4,0
2017-04-15 16:05:59,3,39,21.5,65,10.5,1002.4,2.7,3.4,12,260.4,0
2017-04-15 16:08:59,3,39,21.5,64,10.2,1002.5,1.4,2.0,12,260.4,0
2017-04-15 16:11:59,3,39,21.5,65,10.1,1002.4,1.7,2.4,12,260.4,0
2017-04-15 16:14:59,3,39,21.4,65,10.0,1002.5,1.4,2.0,14,260.4,0
2017-04-15 16:17:59,3,39,21.4,65,10.1,1002.5,2.0,2.4,9,260.4,0
2017-04-15 16:20:59,3,39,21.3,65,10.2,1002.5,1.0,1.4,9,260.4,0
2017-04-15 16:23:59,3,39,21.3,65,10.4,1002.5,2.0,3.1,10,260.4,0
2017-04-15 16:26:59,3,39,21.3,64,10.5,1002.5,2.0,2.7,6,260.4,0
2017-04-15 16:29:59,3,39,21.3,64,10.4,1002.6,1.4,2.0,10,260.4,0
2017-04-15 16:32:59,3,39,21.3,64,10.4,1002.4,2.0,2.4,10,260.4,0
2017-04-15 16:35:59,3,39,21.3,65,10.3,1002.5,0.7,1.0,10,260.4,0
2017-04-15 16:38:59,3,39,21.3,65,10.3,1002.5,2.0,2.4,12,260.4,0
2017-04-15 16:41:59,3,39,21.3,64,10.3,1002.5,1.7,2.7,14,260.4,0
2017-04-15 16:44:59,3,39,21.3,63,10.3,1002.5,1.4,1.7,14,260.4,0
2017-04-15 16:47:59,3,39,21.3,61,10.4,1002.4,3.1,4.4,14,260.4,0
2017-04-15 16:50:59,3,39,21.3,61,10.5,1002.5,1.4,1.7,12,260.4,0
2017-04-15 16:53:59,3,39,21.3,61,10.6,1002.7,2.0,2.4,10,260.4,0
2017-04-15 16:56:59,3,39,21.3,61,10.6,1002.7,1.7,2.4,10,260.4,0
2017-04-15 16:59:59,3,39,21.3,61,10.4,1002.6,2.0,2.4,8,260.4,0
2017-04-15 17:02:59,3,39,21.3,61,10.3,1002.7,1.4,1.7,12,260.4,0
2017-04-15 17:05:59,3,39,21.3,61,10.3,1002.7,1.4,2.0,12,260.4,0
2017-04-15 17:08:59,3,39,21.3,62,10.2,1002.7,1.7,2.7,11,260.4,0
2017-04-15 17:11:59,3,39,21.3,61,10.2,1002.8,2.0,2.7,12,260.4,0
2017-04-15 17:14:59,3,39,21.3,61,10.2,1002.7,1.7,2.4,11,260.4,0
2017-04-15 17:17:59,3,39,21.3,61,10.1,1002.8,1.4,1.7,8,260.4,0
2017-04-15 17:20:59,3,39,21.3,61,10.0,1002.8,2.7,3.4,10,260.4,0
2017-04-15 17:23:59,3,39,21.2,61,10.0,1002.8,1.0,1.7,10,260.4,0
2017-04-15 17:26:59,3,39,21.2,60,9.9,1002.7,1.7,3.4,4,260.4,0
2017-04-15 17:29:59,3,39,21.2,60,9.9,1002.8,0.7,1.0,10,260.4,0
2017-04-15 17:32:59,3,39,21.2,61,9.8,1002.9,2.0,2.7,12,260.4,0
2017-04-15 17:35:59,3,39,21.2,61,9.7,1002.9,0.7,1.4,14,260.4,0
2017-04-15 17:38:59,3,39,21.2,62,9.7,1002.9,1.0,1.7,0,260.4,0
2017-04-15 17:41:59,3,39,21.2,61,9.6,1003.0,2.7,5.1,8,260.4,0
2017-04-15 17:44:59,3,39,21.2,61,9.6,1003.1,0.7,1.0,15,260.4,0
2017-04-15 17:47:59,3,39,21.2,61,9.5,1003.1,2.0,2.7,0,260.4,0
2017-04-15 17:50:59,3,39,21.2,61,9.4,1003.2,3.4,4.8,14,260.4,0
2017-04-15 17:53:59,3,39,21.2,61,9.3,1003.3,1.4,2.0,14,260.4,0
2017-04-15 17:56:59,3,39,21.2,61,9.2,1003.3,3.1,4.8,14,260.4,0
2017-04-15 17:59:59,3,39,21.2,61,9.1,1003.3,2.0,2.7,10,260.4,0
2017-04-15 18:02:59,3,39,21.2,61,9.1,1003.4,2.0,2.7,10,260.4,0
2017-04-15 18:05:59,3,39,21.2,61,9.1,1003.3,2.0,2.7,10,260.4,0
2017-04-15 18:08:59,3,39,21.2,63,8.9,1003.3,1.0,1.7,15,260.4,0
2017-04-15 18:11:59,3,39,21.2,64,8.8,1003.4,1.4,1.7,10,260.4,0
2017-04-15 18:14:59,3,39,21.2,65,8.7,1003.4,0.7,1.4,14,260.4,0
2017-04-15 18:17:59,3,39,21.2,64,8.6,1003.5,1.4,1.7,10,260.4,0
2017-04-15 18:20:59,3,39,21.2,64,8.5,1003.5,1.4,1.7,12,260.4,0
2017-04-15 18:23:59,3,39,21.2,64,8.4,1003.5,1.0,1.4,12,260.4,0
2017-04-15 18:26:59,3,39,21.2,64,8.3,1003.5,0.7,1.0,9,260.4,0
2017-04-15 18:29:59,3,39,21.2,65,8.2,1003.6,1.7,2.0,10,260.4,0
2017-04-15 18:32:59,3,39,21.2,66,8.1,1003.6,0.3,0.7,14,260.4,0
2017-04-15 18:35:59,3,39,21.2,66,8.0,1003.7,1.4,2.4,13,260.4,0
2017-04-15 18:38:59,3,39,21.2,67,8.0,1003.8,0.7,1.0,12,260.4,0
2017-04-15 18:41:59,3,39,21.2,66,7.9,1003.8,1.4,2.7,14,260.4,0
2017-04-15 18:44:59,3,39,21.2,66,7.9,1003.8,2.0,3.1,8,260.4,0
2017-04-15 18:47:59,3,39,21.2,66,7.8,1004.0,1.7,2.4,14,260.4,0
2017-04-15 18:50:59,3,39,21.2,66,7.8,1003.9,2.0,3.1,10,260.4,0
2017-04-15 18:53:59,3,39,21.2,66,7.8,1004.0,1.4,2.0,14,260.4,0
2017-04-15 18:56:59,3,39,21.2,67,7.7,1004.0,0.7,1.0,14,260.4,0
2017-04-15 18:59:59,3,39,21.1,67,7.6,1004.0,1.7,2.0,12,260.4,0
2017-04-15 19:02:59,3,39,21.2,67,7.6,1004.1,1.4,2.0,14,260.4,0
2017-04-15 19:05:59,3,39,21.2,68,7.5,1004.1,2.0,2.7,12,260.4,0
2017-04-15 19:08:59,3,39,21.2,68,7.5,1004.2,1.4,2.0,8,260.4,0
2017-04-15 19:11:59,3,39,21.2,68,7.5,1004.3,1.7,2.0,14,260.4,0
2017-04-15 19:14:59,3,39,21.1,69,7.5,1004.3,1.0,1.4,12,260.4,0
2017-04-15 19:17:59,3,39,21.1,69,7.5,1004.4,1.7,2.0,13,260.4,0
2017-04-15 19:20:59,3,39,21.1,72,7.4,1004.4,1.4,2.0,10,260.4,0
2017-04-15 19:23:59,3,39,21.1,72,7.4,1004.3,2.4,4.4,8,260.4,0
2017-04-15 19:26:59,3,39,21.1,72,7.3,1004.4,1.0,1.4,14,260.4,0
2017-04-15 19:29:59,3,39,21.1,72,7.3,1004.4,1.7,2.4,14,260.4,0
2017-04-15 19:32:59,3,39,21.1,73,7.2,1004.4,0.7,1.0,10,260.4,0
2017-04-15 19:35:59,3,39,21.1,73,7.2,1004.4,1.0,1.7,8,260.4,0
2017-04-15 19:38:59,3,39,21.1,73,7.2,1004.3,1.0,1.4,10,260.4,0
2017-04-15 19:41:59,3,39,21.1,73,7.2,1004.3,1.0,1.4,14,260.4,0
2017-04-15 19:44:59,3,39,21.1,73,7.1,1004.3,0.7,1.0,10,260.4,0
2017-04-15 19:47:59,3,39,21.1,74,7.1,1004.3,1.0,1.4,10,260.4,0
2017-04-15 19:50:59,3,39,21.1,73,7.0,1004.4,0.7,0.7,10,260.4,0
2017-04-15 19:53:59,3,39,21.1,73,7.0,1004.3,0.7,1.0,12,260.4,0
2017-04-15 19:56:59,3,39,21.1,73,7.0,1004.3,2.0,3.1,10,260.4,0
2017-04-15 19:59:59,3,39,21.1,73,7.0,1004.5,2.0,2.4,9,260.4,0
2017-04-15 20:02:59,3,39,21.1,73,7.0,1004.4,2.0,2.4,9,260.4,0
2017-04-15 20:05:59,3,39,21.1,73,7.0,1004.5,2.0,2.4,9,260.4,0
2017-04-15 20:08:59,3,39,21.1,72,7.1,1004.4,2.0,3.4,13,260.4,0
2017-04-15 20:11:59,3,39,21.1,71,7.1,1004.5,1.0,1.7,10,260.4,0
2017-04-15 20:14:59,3,39,21.1,71,7.0,1004.5,1.4,1.7,14,260.4,0
2017-04-15 20:17:59,3,39,21.1,71,7.0,1004.5,2.7,3.7,10,260.4,0
2017-04-15 20:20:59,3,39,21.1,71,7.0,1004.5,2.0,3.1,10,260.4,0
2017-04-15 20:23:59,3,39,21.1,71,6.9,1004.5,1.4,2.4,10,260.4,0
2017-04-15 20:26:59,3,39,21.1,71,6.8,1004.6,2.0,2.7,12,260.4,0
2017-04-15 20:29:59,3,39,21.1,71,6.8,1004.6,1.4,1.7,9,260.4,0
2017-04-15 20:32:59,3,39,21.1,71,6.7,1004.6,1.7,2.4,0,260.4,0
2017-04-15 20:35:59,3,39,21.1,72,6.7,1004.5,1.4,1.7,2,260.4,0
2017-04-15 20:38:59,3,39,21.1,72,6.6,1004.6,2.0,2.4,8,260.4,0
2017-04-15 20:41:59,3,39,21.1,72,6.6,1004.6,3.1,4.1,10,260.4,0
2017-04-15 20:44:59,3,39,21.0,72,6.6,1004.6,1.7,2.4,10,260.4,0
2017-04-15 20:47:59,3,39,21.0,72,6.5,1004.6,2.4,3.4,10,260.4,0
2017-04-15 20:50:59,3,39,21.0,72,6.4,1004.6,2.7,4.1,10,260.4,0
2017-04-15 20:53:59,3,39,21.0,73,6.3,1004.7,1.4,2.0,12,260.4,0
2017-04-15 20:56:59,3,39,21.0,73,6.2,1004.7,3.1,4.1,8,260.4,0
2017-04-15 20:59:59,3,40,20.9,74,6.2,1004.8,2.0,2.7,10,260.4,0
2017-04-15 21:02:59,3,39,21.0,74,6.2,1004.7,1.4,1.7,8,260.4,0
2017-04-15 21:05:59,3,39,21.0,75,6.1,1004.6,1.7,2.4,8,260.4,0
2017-04-15 21:08:59,3,40,20.9,76,6.0,1004.7,1.4,2.0,8,260.4,0
2017-04-15 21:11:59,3,40,20.9,77,5.9,1004.7,1.4,2.0,14,260.4,0
2017-04-15 21:14:59,3,40,20.9,77,5.9,1004.6,2.0,3.4,14,260.4,0
2017-04-15 21:17:59,3,40,20.9,78,5.9,1004.8,1.7,2.0,10,260.4,0
2017-04-15 21:20:59,3,40,20.9,79,5.8,1004.8,0.7,1.4,10,260.4,0
2017-04-15 21:23:59,3,40,20.9,79,5.8,1004.8,1.0,1.7,12,260.4,0
2017-04-15 21:26:59,3,40,20.9,80,5.7,1004.7,1.4,2.7,10,260.4,0
2017-04-15 21:29:59,3,40,20.9,80,5.7,1004.8,1.4,1.7,10,260.4,0
2017-04-15 21:32:59,3,40,20.8,80,5.7,1004.8,1.0,1.7,12,260.4,0
2017-04-15 21:35:59,3,40,20.8,80,5.6,1004.8,1.7,2.0,10,260.4,0
2017-04-15 21:38:59,3,40,20.7,80,5.6,1004.8,1.0,1.4,11,260.4,0
2017-04-15 21:41:59,3,40,20.7,80,5.6,1004.8,1.7,2.4,13,260.4,0
2017-04-15 21:44:59,3,40,20.7,80,5.6,1004.8,2.7,3.7,10,260.4,0
2017-04-15 21:47:59,3,40,20.7,80,5.7,1004.9,1.7,2.7,10,260.4,0
2017-04-15 21:50:59,3,40,20.7,80,5.7,1004.8,1.4,2.0,8,260.4,0
2017-04-15 21:53:59,3,40,20.7,80,5.7,1004.8,1.4,2.0,8,260.4,0
2017-04-15 21:56:59,3,40,20.7,79,5.7,1004.9,1.7,2.0,11,260.4,0
2017-04-15 21:59:59,3,40,20.7,77,5.8,1004.9,1.7,2.0,10,260.4,0
