2017-04-16 00:00:00,3,37,20.1,77,5.2,1005.0,1.0,1.4,8,260.4,0
2017-04-16 00:03:00,3,37,20.0,77,5.2,1005.0,1.0,1.4,8,260.4,0
2017-04-16 00:06:00,3,37,20.0,77,5.2,1004.9,1.0,1.4,8,260.4,0
2017-04-16 00:09:00,3,37,20.0,78,5.1,1005.0,1.0,1.7,14,260.4,0
2017-04-16 00:12:00,3,37,20.0,79,5.0,1005.0,2.4,3.1,10,260.4,0
2017-04-16 00:15:00,3,37,20.0,79,5.0,1005.0,2.4,3.1,8,260.4,0
2017-04-16 00:18:00,3,37,20.0,80,4.9,1004.9,2.4,4.1,14,260.4,0
2017-04-16 00:21:00,3,37,20.0,80,4.9,1005.1,1.4,2.0,10,260.4,0
2017-04-16 00:24:00,3,38,19.9,80,4.8,1005.0,1.7,2.7,12,260.4,0
2017-04-16 00:27:00,3,38,19.9,80,4.7,1005.1,1.0,1.4,12,260.4,0
2017-04-16 00:30:00,3,38,19.8,80,4.7,1005.0,1.7,2.4,10,260.4,0
2017-04-16 00:33:00,3,38,19.8,80,4.6,1005.1,2.0,2.4,12,260.4,0
2017-04-16 00:36:00,3,38,19.8,80,4.6,1004.9,2.0,3.1,10,260.4,0
2017-04-16 00:39:00,3,38,19.8,81,4.5,1004.9,2.0,2.4,14,260.4,0
2017-04-16 00:42:00,3,38,19.8,81,4.5,1005.0,1.4,2.0,12,260.4,0
2017-04-16 00:45:00,3,38,19.8,81,4.5,1005.0,1.4,2.4,10,260.4,0
2017-04-16 00:48:00,3,38,19.7,81,4.5,1004.9,2.4,3.4,10,260.4,0
2017-04-16 00:51:00,3,38,19.7,81,4.5,1004.9,2.0,2.7,8,260.4,0
2017-04-16 00:54:00,3,38,19.7,81,4.5,1004.9,0.7,1.0,10,260.4,0
2017-04-16 00:57:00,3,38,19.7,81,4.4,1004.9,1.7,2.4,10,260.4,0
2017-04-16 01:00:00,3,38,19.7,81,4.4,1004.9,1.0,1.4,10,260.4,0
2017-04-16 01:03:00,3,38,19.7,81,4.4,1004.9,3.4,4.4,12,260.4,0
2017-04-16 01:06:00,3,38,19.7,81,4.4,1004.9,2.0,2.7,10,260.4,0
2017-04-16 01:09:00,3,38,19.6,81,4.5,1005.0,1.4,1.7,10,260.4,0
2017-04-16 01:12:00,3,38,19.6,80,4.5,1005.0,1.4,2.0,10,260.4,0
2017-04-16 01:15:00,3,38,19.6,80,4.5,1004.9,2.4,3.1,10,260.4,0
2017-04-16 01:18:00,3,38,19.6,80,4.5,1005.0,1.7,2.4,10,260.4,0
2017-04-16 01:21:00,3,38,19.6,80,4.5,1005.0,1.0,1.7,10,260.4,0
2017-04-16 01:24:00,3,37,19.6,80,4.5,1005.0,1.4,2.0,8,260.4,0
2017-04-16 01:27:00,3,37,19.5,80,4.5,1004.9,1.4,2.7,10,260.4,0
2017-04-16 01:30:00,3,37,19.5,80,4.6,1004.9,1.4,2.0,12,260.4,0
2017-04-16 01:33:00,3,37,19.5,80,4.5,1004.9,2.0,3.4,8,260.4,0
2017-04-16 01:36:00,3,37,19.5,80,4.6,1004.9,2.0,3.4,0,260.4,0
2017-04-16 01:39:00,3,37,19.5,80,4.6,1005.0,2.0,2.7,12,260.4,0
2017-04-16 01:42:00,3,37,19.4,79,4.6,1004.9,3.1,4.1,10,260.4,0
2017-04-16 01:45:00,3,37,19.4,79,4.6,1004.9,1.7,2.7,12,260.4,0
2017-04-16 01:48:00,3,37,19.3,79,4.6,1004.9,1.0,1.4,12,260.4,0
2017-04-16 01:51:00,3,37,19.3,79,4.6,1004.9,2.7,3.7,10,260.4,0
2017-04-16 01:54:00,3,37,19.3,79,4.6,1005.0,1.4,1.7,8,260.4,0
2017-04-16 01:57:00,3,37,19.3,79,4.6,1004.9,1.7,2.0,10,260.4,0
2017-04-16 02:00:00,3,37,19.3,80,4.6,1004.9,2.0,2.4,10,260.4,0
2017-04-16 02:03:00,3,37,19.3,80,4.6,1004.9,2.0,2.4,10,260.4,0
2017-04-16 02:06:00,3,37,19.3,80,4.6,1005.0,2.0,2.4,10,260.4,0
2017-04-16 02:09:00,3,37,19.2,80,4.5,1005.0,1.7,2.7,12,260.4,0
2017-04-16 02:13:00,4,37,19.2,80,4.5,1004.9,2.4,3.1,10,260.4,0
2017-04-16 02:16:00,3,37,19.2,80,4.5,1004.9,2.4,3.1,10,260.4,0
2017-04-16 02:19:00,3,37,19.2,80,4.5,1005.0,1.7,2.0,12,260.4,0
2017-04-16 02:22:00,3,37,19.2,80,4.5,1004.9,1.7,2.4,12,260.4,0
2017-04-16 02:25:00,3,37,19.2,80,4.5,1004.9,1.7,2.4,12,260.4,0
2017-04-16 02:28:00,3,37,19.2,80,4.5,1004.9,3.4,4.4,14,260.4,0
2017-04-16 02:31:00,3,37,19.1,80,4.5,1004.9,1.4,2.0,10,260.4,0
2017-04-16 02:34:00,3,37,19.1,80,4.5,1004.9,2.0,3.1,12,260.4,0
2017-04-16 02:37:00,3,37,19.1,80,4.5,1004.9,1.7,2.4,10,260.4,0
2017-04-16 02:40:00,3,37,19.1,80,4.5,1004.9,2.7,3.1,10,260.4,0
2017-04-16 02:43:00,3,37,19.1,80,4.5,1004.8,2.0,3.1,10,260.4,0
2017-04-16 02:46:00,3,37,19.1,80,4.6,1004.8,1.7,2.4,12,260.4,0
2017-04-16 02:49:00,3,37,19.1,80,4.6,1004.8,2.0,2.7,10,260.4,0
2017-04-16 02:52:00,3,37,19.0,80,4.6,1004.9,2.4,2.7,12,260.4,0
2017-04-16 02:55:00,3,37,19.0,80,4.6,1004.9,1.0,1.7,10,260.4,0
2017-04-16 02:58:00,3,37,19.0,80,4.6,1004.8,2.7,4.1,8,260.4,0
2017-04-16 03:01:00,3,37,19.0,80,4.6,1004.7,1.7,2.0,10,260.4,0
2017-04-16 03:04:00,3,37,19.0,80,4.7,1004.7,3.1,4.1,8,260.4,0
2017-04-16 03:07:00,3,37,19.0,80,4.7,1004.8,1.0,1.7,10,260.4,0
2017-04-16 03:10:00,3,36,19.0,80,4.8,1004.7,1.4,2.0,12,260.4,0
2017-04-16 03:13:00,3,37,18.9,80,4.8,1004.7,2.4,3.4,10,260.4,0
2017-04-16 03:16:00,3,37,18.9,80,4.8,1004.7,2.4,3.1,10,260.4,0
2017-04-16 03:19:00,3,37,18.9,80,4.8,1004.7,1.7,2.0,14,260.4,0
2017-04-16 03:22:00,3,37,18.9,80,4.9,1004.7,2.0,3.1,8,260.4,0
2017-04-16 03:25:00,3,37,18.9,80,4.9,1004.7,1.4,1.7,11,260.4,0
2017-04-16 03:28:00,3,37,18.8,80,4.9,1004.7,2.7,3.1,10,260.4,0
2017-04-16 03:31:00,3,37,18.8,80,4.9,1004.6,2.0,2.4,10,260.4,0
2017-04-16 03:34:00,3,37,18.8,80,4.9,1004.6,2.4,3.4,11,260.4,0
2017-04-16 03:37:00,3,37,18.8,80,5.0,1004.6,2.4,3.1,10,260.4,0
2017-04-16 03:40:00,3,37,18.8,80,5.0,1004.7,2.0,3.4,9,260.4,0
2017-04-16 03:43:00,3,37,18.8,80,5.0,1004.7,1.0,1.4,10,260.4,0
2017-04-16 03:46:00,3,37,18.8,80,5.0,1004.6,2.0,2.7,10,260.4,0
2017-04-16 03:49:00,3,37,18.8,80,5.0,1004.7,2.4,3.4,10,260.4,0
2017-04-16 03:52:00,3,37,18.8,80,5.0,1004.6,2.4,3.7,11,260.4,0
2017-04-16 03:55:00,3,37,18.7,80,5.0,1004.6,1.4,1.7,12,260.4,0
2017-04-16 03:58:00,3,37,18.8,80,5.0,1004.7,1.0,1.4,10,260.4,0
2017-04-16 04:01:00,3,37,18.7,80,5.0,1004.7,1.7,2.7,12,260.4,0
2017-04-16 04:04:00,3,37,18.7,80,5.0,1004.8,1.7,2.7,12,260.4,0
2017-04-16 04:07:00,3,37,18.7,80,5.0,1004.8,2.4,3.7,10,260.4,0
2017-04-16 04:10:00,3,37,18.8,80,5.1,1004.7,2.0,2.4,10,260.4,0
2017-04-16 04:13:00,3,37,18.8,80,5.1,1004.8,2.4,3.7,10,260.4,0
2017-04-16 04:16:00,3,37,18.8,80,5.2,1004.7,1.4,1.7,12,260.4,0
2017-04-16 04:19:00,3,37,18.8,80,5.2,1004.8,2.4,2.7,10,260.4,0
2017-04-16 04:22:00,3,37,18.8,80,5.2,1004.8,1.7,2.7,10,260.4,0
2017-04-16 04:25:00,3,37,18.8,80,5.2,1004.8,2.7,4.1,10,260.4,0
2017-04-16 04:28:00,3,37,18.8,81,5.2,1004.8,1.4,1.7,10,260.4,0
2017-04-16 04:31:00,3,37,18.9,81,5.2,1004.8,1.7,2.4,14,260.4,0
2017-04-16 04:34:00,3,37,18.9,81,5.3,1004.8,2.0,3.1,8,260.4,0
2017-04-16 04:37:00,3,37,18.9,81,5.3,1004.9,1.7,2.4,12,260.4,0
2017-04-16 04:40:00,3,36,19.0,81,5.3,1005.0,1.4,2.0,12,260.4,0
2017-04-16 04:43:00,3,36,19.0,81,5.3,1005.0,1.4,1.7,10,260.4,0
2017-04-16 04:46:00,3,36,19.0,81,5.3,1005.0,2.0,2.7,10,260.4,0
2017-04-16 04:49:00,3,36,19.0,81,5.3,1005.1,2.7,4.1,10,260.4,0
2017-04-16 04:52:00,3,36,19.1,81,5.4,1005.0,2.4,3.7,9,260.4,0
2017-04-16 04:55:00,3,36,19.1,81,5.4,1005.1,1.7,2.7,10,260.4,0
2017-04-16 04:58:00,3,36,19.1,81,5.4,1005.1,2.0,3.4,10,260.4,0
2017-04-16 05:01:00,3,36,19.2,80,5.5,1005.0,2.4,3.1,10,260.4,0
2017-04-16 05:04:00,3,36,19.2,80,5.5,1005.0,2.4,2.7,10,260.4,0
2017-04-16 05:07:00,3,36,19.2,80,5.5,1005.2,2.4,3.4,12,260.4,0
2017-04-16 05:10:00,3,36,19.2,80,5.5,1005.0,2.4,3.4,10,260.4,0
2017-04-16 05:13:00,3,36,19.2,80,5.5,1005.1,2.0,2.7,8,260.4,0
2017-04-16 05:16:00,3,36,19.2,80,5.5,1005.1,1.4,2.0,6,260.4,0
2017-04-16 05:19:00,3,36,19.3,80,5.6,1005.1,1.4,2.0,10,260.4,0
2017-04-16 05:22:00,3,36,19.3,81,5.6,1005.2,1.4,2.4,10,260.4,0
2017-04-16 05:25:00,3,36,19.3,81,5.6,1005.2,2.4,3.1,10,260.4,0
2017-04-16 05:28:00,3,36,19.3,80,5.6,1005.4,1.4,1.7,10,260.4,0
2017-04-16 05:31:00,3,36,19.3,80,5.6,1005.3,2.4,3.7,10,260.4,0
2017-04-16 05:34:00,3,36,19.3,80,5.6,1005.4,1.7,2.7,9,260.4,0
2017-04-16 05:37:00,3,36,19.4,80,5.7,1005.3,1.7,2.7,14,260.4,0
2017-04-16 05:40:00,3,36,19.4,80,5.7,1005.4,2.4,3.7,12,260.4,0
2017-04-16 05:43:00,3,36,19.4,80,5.7,1005.4,2.4,4.1,10,260.4,0
2017-04-16 05:46:00,3,36,19.4,80,5.7,1005.4,1.7,2.4,10,260.4,0
2017-04-16 05:49:00,3,36,19.5,80,5.7,1005.5,1.0,1.4,10,260.4,0
2017-04-16 05:52:00,3,36,19.5,80,5.8,1005.5,1.4,2.0,12,260.4,0
2017-04-16 05:55:00,3,37,19.5,80,5.9,1005.5,2.0,2.7,10,260.4,0
2017-04-16 05:58:00,3,37,19.5,80,6.0,1005.6,2.4,3.4,4,260.4,0
2017-04-16 06:01:00,3,37,19.5,80,6.0,1005.6,1.0,1.7,10,260.4,0
2017-04-16 06:04:00,3,37,19.6,80,6.0,1005.7,1.0,1.7,10,260.4,0
2017-04-16 06:07:00,3,37,19.6,79,6.1,1005.7,2.0,3.1,10,260.4,0
2017-04-16 06:10:00,3,37,19.6,79,6.2,1005.7,2.0,2.4,14,260.4,0
2017-04-16 06:13:00,3,37,19.6,79,6.3,1005.9,1.4,2.7,14,260.4,0
2017-04-16 06:16:00,3,37,19.6,79,6.5,1005.9,0.7,1.0,0,260.4,0
2017-04-16 06:19:00,3,37,19.6,79,6.7,1005.9,3.1,3.7,14,260.4,0
2017-04-16 06:22:00,3,37,19.6,77,6.7,1006.0,3.1,4.8,14,260.4,0
2017-04-16 06:25:00,3,37,19.6,76,6.6,1006.1,2.4,3.4,12,260.4,0
2017-04-16 06:28:00,3,37,19.6,77,6.6,1006.1,1.4,2.0,10,260.4,0
2017-04-16 06:31:00,3,37,19.6,77,6.6,1006.1,1.4,2.7,12,260.4,0
2017-04-16 06:34:00,3,37,19.7,77,6.6,1006.0,2.4,3.1,12,260.4,0
2017-04-16 06:37:00,3,38,19.7,76,6.4,1006.1,2.7,3.7,12,260.4,0
2017-04-16 06:40:00,3,38,19.7,77,6.3,1006.1,2.0,2.7,13,260.4,0
2017-04-16 06:43:00,3,38,19.7,78,6.2,1006.2,1.0,1.7,10,260.4,0
2017-04-16 06:46:00,3,38,19.7,80,6.1,1006.3,1.7,2.7,14,260.4,0
2017-04-16 06:49:00,3,38,19.7,81,6.1,1006.3,1.4,2.0,12,260.4,0
2017-04-16 06:52:00,3,38,19.7,81,6.0,1006.3,0.7,1.0,10,260.4,0
2017-04-16 06:55:00,3,38,19.7,81,6.0,1006.3,1.0,1.4,0,260.4,0
2017-04-16 06:58:00,3,38,19.7,82,6.0,1006.3,0.3,0.7,8,260.4,0
2017-04-16 07:01:00,3,38,19.7,82,6.0,1006.4,0.7,1.0,14,260.4,0
2017-04-16 07:04:00,3,38,19.7,82,5.8,1006.5,2.0,2.7,0,260.4,0
2017-04-16 07:07:00,3,38,19.7,83,5.7,1006.6,1.4,2.4,14,260.4,0
2017-04-16 07:10:00,3,38,19.7,83,5.3,1006.6,2.0,2.7,2,260.4,0
2017-04-16 07:13:00,3,38,19.7,83,4.9,1006.6,1.0,1.4,12,260.4,0
2017-04-16 07:16:00,3,39,19.7,83,4.7,1006.6,1.4,1.7,14,260.4,0
2017-04-16 07:19:00,3,40,19.7,84,4.7,1006.7,1.4,1.7,15,260.4,0
2017-04-16 07:22:00,3,41,19.8,85,4.6,1006.7,1.7,2.0,0,260.4,0
2017-04-16 07:25:00,3,41,19.8,85,4.6,1006.8,1.0,1.7,14,260.4,0
2017-04-16 07:28:00,3,39,20.1,86,4.6,1006.7,2.0,2.7,15,260.4,0
2017-04-16 07:31:00,3,39,20.2,86,4.6,1006.7,1.4,1.7,0,260.4,0
2017-04-16 07:34:00,3,38,20.4,86,4.7,1007.0,1.0,2.0,10,260.4,0
2017-04-16 07:37:00,3,37,20.5,86,4.8,1006.9,1.7,2.7,14,260.4,0
2017-04-16 07:40:00,3,36,20.7,86,4.9,1006.8,1.4,2.7,10,260.4,0
2017-04-16 07:43:00,3,36,20.7,86,5.1,1006.9,1.0,1.4,12,260.4,0
2017-04-16 07:46:00,3,36,20.9,87,5.4,1006.9,1.4,1.7,12,260.4,0
2017-04-16 07:49:00,3,34,21.0,86,5.7,1006.9,2.0,2.4,14,260.4,0
2017-04-16 07:52:00,3,34,21.1,85,6.0,1007.1,2.0,2.4,0,260.4,0
2017-04-16 07:55:00,3,34,21.1,84,6.3,1007.1,2.4,3.1,13,260.4,0
2017-04-16 07:58:00,3,34,21.2,82,6.5,1007.2,1.4,1.7,14,260.4,0
2017-04-16 08:01:00,3,34,21.3,82,6.7,1007.1,0.7,1.0,0,260.4,0
2017-04-16 08:04:00,3,34,21.4,82,6.7,1007.2,0.7,1.0,0,260.4,0
2017-04-16 08:07:00,3,33,21.5,82,6.7,1007.3,0.7,1.0,0,260.4,0
2017-04-16 08:10:00,3,33,21.5,77,7.0,1007.2,1.4,2.0,14,260.4,0
2017-04-16 08:13:00,3,33,21.6,75,7.0,1007.2,2.7,3.7,0,260.4,0
2017-04-16 08:16:00,3,33,21.6,74,7.1,1007.3,2.0,3.1,14,260.4,0
2017-04-16 08:19:00,3,33,21.6,70,7.5,1007.3,1.7,3.4,12,260.4,0
2017-04-16 08:22:00,3,33,21.7,70,7.8,1007.3,2.4,2.7,15,260.4,0
2017-04-16 08:25:00,3,33,21.6,69,8.4,1007.2,1.4,1.7,12,260.4,0
2017-04-16 08:28:00,3,33,21.5,66,9.4,1007.2,2.4,3.7,15,260.4,0
2017-04-16 08:31:00,3,33,21.5,63,9.5,1007.2,2.4,3.7,14,260.4,0
2017-04-16 08:34:00,3,33,21.4,62,9.3,1007.4,2.4,3.4,14,260.4,0
2017-04-16 08:37:00,3,33,21.3,61,9.0,1007.4,2.0,2.7,14,260.4,0
2017-04-16 08:40:00,3,34,21.3,61,9.2,1007.5,1.4,1.7,14,260.4,0
2017-04-16 08:43:00,3,34,21.2,62,9.5,1007.5,2.4,3.4,12,260.4,0
2017-04-16 08:46:00,3,34,21.2,61,9.4,1007.4,1.4,2.0,14,260.4,0
2017-04-16 08:49:00,3,34,21.2,60,8.8,1007.4,2.4,3.1,10,260.4,0
2017-04-16 08:52:00,3,34,21.2,61,8.5,1007.5,1.7,2.0,10,260.4,0
2017-04-16 08:55:00,3,34,21.1,62,8.3,1007.6,1.0,1.7,10,260.4,0
2017-04-16 08:58:00,3,34,21.1,63,8.2,1007.7,1.4,1.7,0,260.4,0
2017-04-16 09:01:00,3,34,21.1,64,8.1,1007.6,1.7,2.4,12,260.4,0
2017-04-16 09:04:00,3,34,21.1,64,8.1,1007.7,2.4,3.7,14,260.4,0
2017-04-16 09:07:00,3,34,21.0,65,8.2,1007.6,1.0,1.7,10,260.4,0
2017-04-16 09:10:00,3,34,21.0,65,8.6,1007.6,1.4,2.4,10,260.4,0
2017-04-16 09:13:00,3,35,20.9,63,8.9,1007.7,2.4,3.1,0,260.4,0
2017-04-16 09:16:00,3,35,20.9,63,9.5,1007.5,2.0,2.7,12,260.4,0
2017-04-16 09:19:00,3,35,20.9,63,10.0,1007.6,1.4,1.7,14,260.4,0
2017-04-16 09:22:00,3,35,20.8,61,10.5,1007.6,1.7,2.0,14,260.4,0
2017-04-16 09:25:00,3,35,20.7,60,10.8,1007.6,1.7,2.4,14,260.4,0
2017-04-16 09:28:00,3,35,20.7,60,10.6,1007.6,1.7,2.7,10,260.4,0
2017-04-16 09:31:00,3,35,20.6,60,10.4,1007.6,2.0,3.1,14,260.4,0
2017-04-16 09:34:00,3,36,20.6,60,10.0,1007.8,1.0,1.7,14,260.4,0
2017-04-16 09:37:00,3,36,20.6,61,9.7,1007.8,1.7,3.4,0,260.4,0
2017-04-16 09:40:00,3,36,20.6,60,9.5,1007.8,2.7,3.4,10,260.4,0
2017-04-16 09:43:00,3,36,20.6,58,9.6,1007.8,3.4,4.4,12,260.4,0
2017-04-16 09:46:00,3,36,20.5,57,9.7,1007.8,2.0,3.1,14,260.4,0
2017-04-16 09:49:00,3,36,20.5,56,9.6,1007.7,1.7,2.0,12,260.4,0
2017-04-16 09:52:00,3,36,20.5,59,9.5,1007.6,1.4,1.7,12,260.4,0
2017-04-16 09:55:00,3,36,20.5,60,9.4,1007.7,1.0,1.4,14,260.4,0
2017-04-16 09:58:00,3,36,20.5,60,9.3,1007.6,0.7,1.0,0,260.4,0
2017-04-16 10:01:00,3,36,20.4,60,9.2,1007.7,2.0,3.1,2,260.4,0
2017-04-16 10:04:00,3,37,20.4,60,9.2,1007.7,2.0,3.1,2,260.4,0
2017-04-16 10:07:00,3,37,20.4,60,10.2,1007.7,1.0,1.7,2,260.4,0
2017-04-16 10:10:00,3,37,20.4,58,10.0,1007.6,2.7,3.4,13,260.4,0
2017-04-16 10:13:00,3,37,20.4,57,9.6,1007.7,2.0,2.4,10,260.4,0
2017-04-16 10:16:00,3,37,20.4,58,9.3,1007.8,2.7,3.4,14,260.4,0
2017-04-16 10:19:00,3,37,20.4,58,9.1,1007.8,1.4,2.0,0,260.4,0
2017-04-16 10:22:00,3,37,20.4,60,9.3,1007.8,1.4,2.0,12,260.4,0
2017-04-16 10:25:00,3,38,20.4,58,9.5,1007.8,1.7,2.4,3,260.4,0
2017-04-16 10:28:00,3,38,20.3,58,9.4,1007.8,2.4,2.7,12,260.4,0
2017-04-16 10:31:00,3,38,20.3,58,9.2,1007.8,1.7,3.1,2,260.4,0
2017-04-16 10:34:00,3,38,20.3,59,9.1,1007.8,1.7,2.4,12,260.4,0
2017-04-16 10:37:00,3,38,20.3,57,8.9,1007.9,2.4,3.4,14,260.4,0
2017-04-16 10:40:00,3,38,20.3,60,8.8,1008.0,1.7,3.4,10,260.4,0
2017-04-16 10:43:00,3,38,20.3,61,8.7,1007.9,1.7,2.7,14,260.4,0
2017-04-16 10:46:00,3,38,20.3,63,8.6,1008.0,2.0,2.7,12,260.4,0
2017-04-16 10:49:00,3,38,20.3,64,8.5,1008.0,2.7,4.4,10,260.4,0
2017-04-16 10:52:00,3,38,20.3,65,8.6,1008.0,1.4,2.0,12,260.4,0
2017-04-16 10:55:00,3,38,20.3,65,8.6,1008.0,1.7,2.7,11,260.4,0
2017-04-16 10:58:00,3,38,20.2,66,8.5,1008.0,1.4,2.0,10,260.4,0
2017-04-16 11:01:00,3,38,20.2,66,8.5,1008.0,1.4,1.7,0,260.4,0
2017-04-16 11:04:00,3,38,20.2,65,8.6,1008.0,2.4,3.7,10,260.4,0
2017-04-16 11:07:00,3,38,20.2,64,8.6,1008.0,1.4,2.0,12,260.4,0
2017-04-16 11:10:00,3,38,20.2,63,9.0,1008.1,1.0,2.4,10,260.4,0
2017-04-16 11:13:00,3,38,20.2,61,9.5,1008.1,2.4,4.4,15,260.4,0
2017-04-16 11:16:00,3,38,20.2,60,9.5,1008.0,1.7,2.0,2,260.4,0
2017-04-16 11:19:00,3,38,20.2,60,9.4,1008.0,2.0,3.1,0,260.4,0
2017-04-16 11:22:00,3,38,20.2,60,9.4,1008.0,2.0,2.4,0,260.4,0
2017-04-16 11:25:00,3,38,20.2,60,9.2,1008.1,1.4,2.0,2,260.4,0
2017-04-16 11:28:00,3,39,20.2,62,8.9,1008.1,1.7,3.1,0,260.4,0
2017-04-16 11:31:00,3,39,20.2,64,8.5,1008.1,2.0,3.1,0,260.4,0
2017-04-16 11:34:00,3,40,20.2,65,8.0,1008.1,1.4,1.7,0,260.4,0
2017-04-16 11:37:00,3,40,20.2,67,7.5,1008.3,2.7,3.4,0,260.4,0
2017-04-16 11:40:00,3,40,20.2,73,7.3,1008.4,1.0,1.4,0,260.4,0
2017-04-16 11:43:00,3,39,20.2,74,7.2,1008.4,1.4,2.0,4,260.4,0
2017-04-16 11:46:00,3,39,20.2,75,7.1,1008.4,2.0,2.7,0,260.4,0
2017-04-16 11:49:00,3,39,20.2,75,7.2,1008.3,1.0,1.4,0,260.4,0
2017-04-16 11:52:00,3,40,20.2,76,7.4,1008.4,1.0,1.4,14,260.4,0
2017-04-16 11:55:00,3,40,20.2,71,7.5,1008.4,1.7,2.0,10,260.4,0
2017-04-16 11:58:00,3,40,20.3,71,7.6,1008.4,0.3,0.7,14,260.4,0
2017-04-16 12:01:00,3,40,20.3,71,7.7,1008.7,0.3,1.4,2,260.4,0
2017-04-16 12:04:00,3,40,20.3,71,7.7,1008.6,0.3,1.4,2,260.4,0
2017-04-16 12:07:00,3,40,20.3,71,7.5,1008.8,1.7,2.4,2,260.4,0
2017-04-16 12:10:00,3,40,20.3,76,7.3,1008.8,0.7,1.0,14,260.4,0
2017-04-16 12:13:00,3,40,20.3,78,7.1,1008.8,0.7,1.0,12,260.7,0
2017-04-16 12:16:00,3,40,20.3,80,6.9,1008.9,1.0,1.4,10,260.7,0
2017-04-16 12:19:00,3,40,20.3,81,6.8,1008.9,1.0,1.4,10,260.7,0
2017-04-16 12:22:00,3,40,20.3,82,6.6,1008.9,0.7,1.0,0,261.0,0
2017-04-16 12:25:00,3,40,20.3,83,6.6,1008.9,1.7,2.0,14,261.0,0
2017-04-16 12:28:00,3,40,20.4,84,6.4,1009.0,1.0,1.4,13,261.0,0
2017-04-16 12:31:00,3,40,20.4,85,6.4,1009.0,0.3,0.7,12,261.0,0
2017-04-16 12:34:00,3,40,20.4,86,6.4,1008.9,1.7,2.0,12,261.0,0
2017-04-16 12:37:00,3,40,20.4,86,6.3,1009.1,1.4,1.7,12,261.3,0
2017-04-16 12:40:00,3,40,20.4,87,6.2,1009.0,0.3,1.4,12,261.3,0
2017-04-16 12:43:00,3,40,20.4,87,6.1,1008.9,0.7,1.0,14,261.3,0
2017-04-16 12:46:00,3,40,20.4,87,6.1,1008.9,0.3,0.7,14,261.3,0
2017-04-16 12:49:00,3,40,20.4,87,6.2,1008.8,0.3,0.7,13,261.3,0
2017-04-16 12:52:00,3,40,20.4,86,6.5,1008.9,0.7,1.0,14,261.3,0
2017-04-16 12:55:00,3,40,20.4,87,6.8,1008.9,0.3,0.7,14,261.3,0
2017-04-16 12:58:00,3,40,20.5,82,7.6,1008.9,0.3,0.7,14,261.3,0
2017-04-16 13:01:00,3,40,20.5,83,8.4,1008.9,0.3,1.0,12,261.3,0
2017-04-16 13:04:00,3,40,20.5,81,9.0,1008.9,1.0,1.7,9,261.3,0
2017-04-16 13:07:00,3,40,20.5,79,9.1,1009.0,1.0,1.4,0,261.3,0
2017-04-16 13:10:00,3,40,20.5,74,9.0,1008.9,1.0,1.4,12,261.3,0
2017-04-16 13:13:00,3,40,20.5,71,9.1,1008.9,0.7,1.0,2,261.3,0
2017-04-16 13:16:00,3,40,20.5,72,9.5,1008.8,0.3,1.4,2,261.3,0
2017-04-16 13:19:00,3,40,20.5,71,9.7,1008.9,0.7,1.0,0,261.3,0
2017-04-16 13:22:00,3,40,20.5,70,9.7,1008.8,0.7,1.0,0,261.3,0
2017-04-16 13:25:00,3,40,20.5,68,9.4,1008.8,0,0.7,12,261.3,0
2017-04-16 13:28:00,3,40,20.5,69,9.2,1008.8,0.7,1.0,14,261.3,0
2017-04-16 13:31:00,3,40,20.6,69,9.1,1008.8,0,0.7,2,261.3,0
2017-04-16 13:34:00,3,40,20.6,70,8.6,1008.9,1.4,1.7,0,261.3,0
2017-04-16 13:37:00,3,40,20.6,71,8.2,1008.9,0.3,0.7,14,261.3,0
2017-04-16 13:40:00,3,40,20.6,73,8.0,1008.9,0.7,1.4,2,261.6,0
2017-04-16 13:43:00,3,40,20.6,74,7.7,1009.0,1.7,2.0,0,261.6,0
2017-04-16 13:46:00,3,40,20.6,80,7.1,1009.1,1.4,2.4,1,261.9,0
2017-04-16 13:49:00,3,40,20.6,81,6.7,1009.0,2.4,3.1,14,261.9,0
2017-04-16 13:52:00,3,40,20.6,82,6.5,1009.0,1.4,1.7,0,262.5,0
2017-04-16 13:55:00,3,41,20.6,83,6.5,1009.0,0.7,0.7,3,262.8,0
2017-04-16 13:58:00,3,41,20.6,83,6.6,1008.9,0.7,1.0,0,262.8,0
2017-04-16 14:01:00,3,41,20.7,83,6.6,1009.0,0.3,0.7,0,262.8,0
2017-04-16 14:04:00,3,41,20.7,83,6.6,1009.0,0.3,0.7,0,262.8,0
2017-04-16 14:07:00,3,41,20.9,85,6.6,1009.2,0.3,0.7,12,262.8,0
2017-04-16 14:10:00,3,39,21.1,86,6.6,1009.2,0.7,1.0,10,262.8,0
2017-04-16 14:13:00,3,39,21.2,87,6.6,1009.1,0,0.3,0,263.1,0
2017-04-16 14:16:00,3,39,21.3,87,6.5,1009.2,0.3,0.7,0,263.1,0
2017-04-16 14:19:00,3,38,21.5,87,6.5,1009.1,0.7,1.4,12,263.1,0
2017-04-16 14:22:00,3,38,21.6,87,6.8,1009.1,0,0.3,10,263.1,0
2017-04-16 14:25:00,3,37,21.7,83,7.5,1009.1,0.3,0.7,10,263.1,0
2017-04-16 14:28:00,3,37,21.7,82,8.4,1009.1,0.3,0.7,10,263.1,0
2017-04-16 14:31:00,3,37,21.8,80,9.1,1009.2,0,0.3,14,263.1,0
2017-04-16 14:34:00,3,36,21.9,75,9.6,1009.2,0,0.3,12,263.1,0
2017-04-16 14:37:00,3,36,21.9,72,9.4,1009.3,0,0,10,263.1,0
2017-04-16 14:40:00,3,35,22.0,71,9.1,1009.3,0,0,10,263.1,0
2017-04-16 14:43:00,3,35,22.1,71,9.2,1009.3,0.3,0.3,10,263.1,0
2017-04-16 14:46:00,3,35,22.2,72,9.8,1009.3,0.3,0.7,10,263.1,0
2017-04-16 14:49:00,3,35,22.2,70,10.0,1009.3,0.7,1.0,8,263.1,0
2017-04-16 14:52:00,3,35,22.2,69,9.5,1009.2,0.7,1.0,10,263.1,0
2017-04-16 14:55:00,3,35,22.2,70,9.1,1009.3,0.3,0.7,8,263.1,0
2017-04-16 14:58:00,3,34,22.3,70,8.6,1009.4,0.7,0.7,10,263.1,0
2017-04-16 15:01:00,3,34,22.3,72,8.3,1009.3,0.7,1.0,8,263.1,0
2017-04-16 15:04:00,3,34,22.4,74,8.1,1009.4,0.3,0.7,4,263.1,0
2017-04-16 15:07:00,3,34,22.5,75,7.8,1009.4,0.3,0.7,6,263.1,0
2017-04-16 15:10:00,3,34,22.5,75,7.6,1009.3,0.7,1.0,10,263.1,0
2017-04-16 15:13:00,3,34,22.5,82,7.4,1009.5,0.3,0.7,14,263.4,0
2017-04-16 15:16:00,3,34,22.3,83,7.2,1009.5,0.3,0.3,0,263.4,0
2017-04-16 15:19:00,3,34,22.3,83,7.1,1009.3,0,0.3,6,263.4,0
2017-04-16 15:22:00,3,34,22.2,85,7.0,1009.4,0.7,1.0,10,263.4,0
2017-04-16 15:25:00,3,34,22.2,86,7.0,1009.3,0,0.3,12,263.4,0
2017-04-16 15:28:00,3,34,22.1,87,7.0,1009.4,0,0,6,263.4,0
2017-04-16 15:31:00,3,34,22.1,87,7.0,1009.4,0,0,10,263.4,0
2017-04-16 15:34:00,3,35,22.0,88,7.2,1009.4,0,0.3,8,263.4,0
2017-04-16 15:37:00,3,36,21.9,83,7.5,1009.4,0.3,0.7,8,263.4,0
2017-04-16 15:40:00,3,36,21.9,84,8.5,1009.5,0,0.3,12,263.4,0
2017-04-16 15:43:00,3,36,21.9,83,9.4,1009.4,0.3,0.7,10,263.4,0
2017-04-16 15:46:00,3,36,21.9,77,10.2,1009.5,1.0,1.4,8,263.4,0
2017-04-16 15:49:00,3,36,21.9,72,10.3,1009.5,1.0,1.4,10,263.4,0
2017-04-16 15:52:00,3,36,21.9,70,10.0,1009.5,1.0,1.4,8,263.4,0
2017-04-16 15:55:00,3,36,21.9,69,9.5,1009.5,0.7,1.0,10,263.4,0
2017-04-16 15:58:00,3,36,21.8,71,9.2,1009.4,0,0.3,8,263.4,0
2017-04-16 16:01:00,3,36,21.8,71,9.1,1009.5,0,0.3,10,263.4,0
2017-04-16 16:05:00,4,36,21.8,71,9.1,1009.5,0,0.3,10,263.4,0
2017-04-16 16:08:00,3,36,21.8,72,9.0,1009.5,0.7,1.0,8,263.4,0
2017-04-16 16:11:00,3,36,21.8,72,8.7,1009.5,0.3,0.7,10,263.4,0
2017-04-16 16:14:00,3,36,21.7,73,8.6,1009.5,0.3,0.7,8,263.4,0
2017-04-16 16:17:00,3,36,21.7,74,8.4,1009.5,0.3,0.7,10,263.4,0
2017-04-16 16:20:00,3,36,21.7,74,8.2,1009.4,0.3,0.7,8,263.4,0
2017-04-16 16:23:00,3,36,21.7,75,8.0,1009.3,1.0,1.4,8,263.4,0
2017-04-16 16:26:00,3,36,21.6,75,7.9,1009.4,0.3,0.7,10,263.4,0
2017-04-16 16:29:00,3,36,21.6,77,7.8,1009.3,0.3,0.7,10,263.4,0
2017-04-16 16:32:00,3,37,21.5,78,7.9,1009.2,0.3,0.7,4,263.4,0
2017-04-16 16:35:00,3,36,21.5,78,8.0,1009.2,0.3,1.0,4,263.4,0
2017-04-16 16:38:00,3,37,21.5,79,8.3,1009.2,0.7,1.0,2,263.4,0
2017-04-16 16:41:00,3,37,21.5,77,8.3,1009.1,0.7,1.0,2,263.4,0
2017-04-16 16:44:00,3,37,21.5,77,8.1,1009.2,0,0.3,6,263.4,0
2017-04-16 16:47:00,3,37,21.5,77,8.1,1009.2,0,0,4,263.4,0
2017-04-16 16:50:00,3,37,21.5,77,7.9,1009.2,0,0,2,263.4,0
2017-04-16 16:53:00,3,37,21.4,78,7.8,1009.3,0,0.3,2,263.4,0
2017-04-16 16:56:00,3,37,21.3,79,7.6,1009.3,0,0,2,263.4,0
2017-04-16 16:59:00,3,37,21.3,79,7.6,1009.3,0,0,2,263.4,0
2017-04-16 17:02:00,3,37,21.3,80,7.5,1009.2,0,0,4,263.4,0
2017-04-16 17:05:00,3,37,21.3,85,7.4,1009.2,0,0,4,263.4,0
2017-04-16 17:08:00,3,37,21.3,87,7.4,1009.3,0,0,4,263.4,0
2017-04-16 17:11:00,3,37,21.3,87,7.4,1009.2,0,0,4,263.4,0
2017-04-16 17:14:00,3,37,21.3,87,7.4,1009.2,0,0,8,263.4,0
2017-04-16 17:17:00,3,37,21.3,88,7.4,1009.1,0,0,8,263.4,0
2017-04-16 17:20:00,3,37,21.2,88,7.3,1009.2,0.3,0.7,8,263.4,0
2017-04-16 17:23:00,3,37,21.2,88,7.2,1009.3,0,0,7,263.4,0
2017-04-16 17:26:00,3,37,21.2,88,7.2,1009.2,0,0.3,8,263.4,0
2017-04-16 17:29:00,3,37,21.2,88,7.1,1009.2,0,0.3,4,263.4,0
2017-04-16 17:32:00,3,37,21.2,89,7.0,1009.2,0.3,0.3,4,263.4,0
2017-04-16 17:35:00,3,38,21.2,89,7.0,1009.3,0,0,8,263.4,0
2017-04-16 17:38:00,3,38,21.2,89,7.0,1009.2,0,0.3,4,263.4,0
2017-04-16 17:41:00,3,38,21.2,89,6.9,1009.3,0,0,12,263.4,0
2017-04-16 17:44:00,3,38,21.2,90,6.9,1009.4,0.3,0.3,14,263.4,0
2017-04-16 17:47:00,3,38,21.2,90,6.9,1009.5,0,0,0,263.4,0
2017-04-16 17:50:00,3,38,21.2,90,6.8,1009.5,0.3,0.7,0,263.7,0
2017-04-16 17:53:00,3,38,21.2,90,6.8,1009.7,0.7,1.0,10,264.0,0
2017-04-16 17:56:00,3,38,21.2,91,6.7,1009.6,0.7,1.0,0,264.3,0
2017-04-16 17:59:00,3,38,21.2,91,6.5,1009.6,0.3,0.7,9,264.6,0
2017-04-16 18:02:00,3,38,21.2,91,6.4,1009.7,0.7,1.0,8,264.6,0
2017-04-16 18:05:00,3,38,21.2,91,6.4,1009.6,0.7,1.0,8,264.6,0
2017-04-16 18:08:00,3,38,21.2,90,6.2,1009.6,0.7,1.0,10,264.9,0
2017-04-16 18:11:00,3,38,21.2,90,6.0,1009.7,0.7,1.0,9,264.9,0
2017-04-16 18:14:00,3,38,21.2,90,5.9,1009.7,0.3,0.3,10,264.9,0
2017-04-16 18:17:00,3,38,21.1,90,5.7,1009.8,0.7,1.0,12,264.9,0
2017-04-16 18:20:00,3,38,21.1,89,5.5,1009.9,0,0,0,264.9,0
2017-04-16 18:23:00,3,38,21.1,89,5.4,1009.8,0,0,0,264.9,0
2017-04-16 18:26:00,3,38,21.1,89,5.3,1009.8,0,0,4,264.9,0
2017-04-16 18:29:00,3,38,21.1,89,5.2,1009.9,0.3,0.7,10,264.9,0
2017-04-16 18:32:00,3,38,21.1,89,5.1,1009.9,0.7,1.0,8,264.9,0
2017-04-16 18:35:00,3,38,21.1,89,5.1,1009.9,0,0.3,6,264.9,0
2017-04-16 18:38:00,3,38,21.1,89,5.1,1010.0,0,0,0,264.9,0
2017-04-16 18:41:00,3,38,21.1,90,5.0,1009.9,0,0.3,0,264.9,0
2017-04-16 18:44:00,3,38,21.1,90,5.0,1010.0,0,0,2,264.9,0
2017-04-16 18:47:00,3,38,21.1,90,4.9,1010.0,0,0,2,264.9,0
2017-04-16 18:50:00,3,38,21.1,90,4.9,1010.0,0,0,10,264.9,0
2017-04-16 18:53:00,3,38,21.1,90,4.8,1010.0,0,0,10,264.9,0
2017-04-16 18:56:00,3,38,21.1,90,4.8,1010.0,0,0,10,264.9,0
2017-04-16 18:59:00,3,38,21.1,91,4.8,1010.0,0,0,2,264.9,0
2017-04-16 19:02:00,3,38,21.1,91,4.7,1009.9,0,0,5,264.9,0
2017-04-16 19:05:00,3,38,21.1,91,4.6,1010.0,0,0,0,264.9,0
2017-04-16 19:08:00,3,38,21.1,91,4.6,1010.1,0,0,4,264.9,0
2017-04-16 19:11:00,3,38,21.1,91,4.5,1010.0,0,0,4,264.9,0
2017-04-16 19:14:00,3,38,21.1,91,4.5,1010.0,0,0,4,264.9,0
2017-04-16 19:17:00,3,38,21.1,91,4.4,1010.0,0,0,12,264.9,0
2017-04-16 19:20:00,3,38,21.1,91,4.4,1009.9,0,0,4,264.9,0
2017-04-16 19:23:00,3,38,21.1,92,4.3,1010.0,0,0,4,264.9,0
2017-04-16 19:26:00,3,38,21.1,92,4.3,1010.1,0,0,4,264.9,0
2017-04-16 19:29:00,3,38,21.1,92,4.2,1010.1,0,0,4,264.9,0
2017-04-16 19:32:00,3,38,21.1,92,4.2,1010.0,0,0,10,264.9,0
2017-04-16 19:35:00,3,38,21.1,92,4.1,1010.0,0,0,10,264.9,0
2017-04-16 19:38:00,3,38,21.1,92,4.1,1010.1,0,0,0,264.9,0
2017-04-16 19:41:00,3,38,21.1,92,4.1,1010.2,0,0,0,264.9,0
2017-04-16 19:44:00,3,38,21.1,92,4.0,1010.1,0,0,0,264.9,0
2017-04-16 19:47:00,3,38,21.1,92,4.0,1010.1,0,0,0,264.9,0
2017-04-16 19:50:00,3,38,21.1,92,3.9,1010.1,0,0,0,264.9,0
2017-04-16 19:53:00,3,38,21.1,93,3.9,1010.1,0,0,0,264.9,0
2017-04-16 19:56:00,3,38,21.1,93,3.9,1010.1,0,0,0,264.9,0
2017-04-16 19:59:00,3,38,21.1,93,3.9,1010.1,0,0,0,264.9,0
2017-04-16 20:02:00,3,38,21.0,93,3.9,1010.1,0,0,0,264.9,0
2017-04-16 20:05:00,3,38,21.1,93,3.9,1010.0,0,0,0,264.9,0
2017-04-16 20:09:00,4,38,21.0,94,3.9,1010.1,0,0,10,264.9,0
2017-04-16 20:12:00,3,38,21.0,94,4.0,1010.0,0,0,10,264.9,0
2017-04-16 20:15:00,3,38,21.0,94,4.0,1010.0,0,0.3,14,264.9,0
2017-04-16 20:18:00,3,38,21.0,94,4.0,1010.1,0,0,12,264.9,0
2017-04-16 20:21:00,3,38,21.0,94,4.0,1010.1,0,0,14,264.9,0
2017-04-16 20:24:00,3,38,21.0,94,4.0,1010.0,0,0,12,264.9,0
2017-04-16 20:27:00,3,38,21.0,95,4.0,1010.0,0,0,12,264.9,0
2017-04-16 20:30:00,3,38,21.0,95,4.0,1010.1,0,0,12,264.9,0
2017-04-16 20:33:00,3,38,21.0,95,4.1,1010.1,0,0,14,264.9,0
2017-04-16 20:36:00,3,38,21.0,95,4.1,1010.0,0,0,4,264.9,0
2017-04-16 20:39:00,3,38,21.0,95,4.1,1010.1,0,0,10,264.9,0
2017-04-16 20:42:00,3,38,21.0,95,4.1,1009.9,0,0,10,264.9,0
2017-04-16 20:45:00,3,37,21.0,95,4.1,1009.9,0,0,2,264.9,0
2017-04-16 20:48:00,3,37,21.0,95,4.1,1009.9,0,0,2,264.9,0
2017-04-16 20:51:00,3,38,20.9,95,4.0,1009.9,0,0,0,264.9,0
2017-04-16 20:54:00,3,38,20.9,95,3.9,1010.0,0,0,0,264.9,0
2017-04-16 20:57:00,3,38,20.9,95,3.8,1009.9,0,0,0,264.9,0
2017-04-16 21:00:00,3,38,20.9,95,3.8,1009.9,0,0,0,264.9,0
2017-04-16 21:03:00,3,38,20.9,95,3.7,1009.9,0,0,0,264.9,0
2017-04-16 21:06:00,3,38,20.9,95,3.7,1009.9,0,0,4,264.9,0
2017-04-16 21:09:00,3,38,20.9,95,3.7,1009.9,0,0,4,264.9,0
2017-04-16 21:12:00,3,38,20.9,95,3.6,1009.9,0,0,4,264.9,0
2017-04-16 21:15:00,3,38,20.9,95,3.6,1009.9,0,0,4,264.9,0
2017-04-16 21:18:00,3,38,20.9,95,3.5,1009.9,0,0,4,264.9,0
2017-04-16 21:21:00,3,38,20.8,95,3.5,1009.9,0,0,4,264.9,0
2017-04-16 21:24:00,3,38,20.8,95,3.4,1009.9,0,0,4,264.9,0
2017-04-16 21:27:00,3,38,20.8,95,3.4,1009.8,0,0,4,264.9,0
2017-04-16 21:30:00,3,38,20.7,96,3.3,1009.8,0,0,4,264.9,0
2017-04-16 21:33:00,3,38,20.7,96,3.3,1009.8,0,0,4,264.9,0
2017-04-16 21:36:00,3,38,20.7,96,3.2,1009.8,0,0,4,264.9,0
2017-04-16 21:39:00,3,38,20.7,96,3.2,1009.8,0,0,4,264.9,0
2017-04-16 21:42:00,3,38,20.7,96,3.2,1009.7,0,0,2,264.9,0
2017-04-16 21:45:00,3,38,20.7,96,3.2,1009.7,0,0,2,264.9,0
2017-04-16 21:48:00,3,38,20.7,96,3.1,1009.8,0,0,0,264.9,0
2017-04-16 21:51:00,3,38,20.7,96,3.1,1009.7,0,0,0,264.9,0
2017-04-16 21:54:00,3,38,20.6,96,3.0,1009.7,0,0,4,264.9,0
2017-04-16 21:57:00,3,37,20.6,96,3.0,1009.8,0,0,4,264.9,0
