2017-04-10 00:02:59,3,35,22.3,90,6.0,1012.6,0,0,4,249.9,0
2017-04-10 00:05:59,3,35,22.2,90,6.0,1012.6,0,0,4,249.9,0
2017-04-10 00:08:59,3,35,22.2,91,5.9,1012.5,0,0,4,249.9,0
2017-04-10 00:11:59,3,35,22.2,91,5.9,1012.5,0,0,4,249.9,0
2017-04-10 00:14:59,3,35,22.2,91,5.8,1012.5,0,0,4,249.9,0
2017-04-10 00:17:59,3,35,22.2,91,5.8,1012.5,0,0,4,249.9,0
2017-04-10 00:20:59,3,35,22.2,91,5.7,1012.3,0,0,4,249.9,0
2017-04-10 00:23:59,3,35,22.2,91,5.6,1012.2,0,0,14,249.9,0
2017-04-10 00:26:59,3,35,22.2,91,5.6,1012.3,0,0,14,249.9,0
2017-04-10 00:29:59,3,35,22.2,91,5.6,1012.2,0,0,14,249.9,0
2017-04-10 00:32:59,3,35,22.2,91,5.6,1012.2,0,0,4,249.9,0
2017-04-10 00:35:59,3,35,22.1,91,5.6,1012.1,0,0,4,249.9,0
2017-04-10 00:38:59,3,35,22.1,91,5.6,1012.1,0,0,4,249.9,0
2017-04-10 00:41:59,3,35,22.1,91,5.6,1012.1,0,0,4,249.9,0
2017-04-10 00:44:59,3,35,22.1,91,5.6,1012.0,0,0,4,249.9,0
2017-04-10 00:47:59,3,35,22.1,91,5.6,1012.0,0,0,4,249.9,0
2017-04-10 00:50:59,3,35,22.1,91,5.6,1012.0,0,0,4,249.9,0
2017-04-10 00:53:59,3,35,22.0,91,5.5,1011.9,0,0,4,249.9,0
2017-04-10 00:56:59,3,35,22.0,91,5.5,1011.9,0,0,4,249.9,0
2017-04-10 00:59:59,3,36,21.9,91,5.5,1011.9,0,0,4,249.9,0
2017-04-10 01:02:59,3,36,21.9,91,5.5,1011.8,0,0,6,249.9,0
2017-04-10 01:05:59,3,36,21.9,91,5.5,1011.7,0,0,6,249.9,0
2017-04-10 01:08:59,3,36,21.9,91,5.5,1011.6,0,0,6,249.9,0
2017-04-10 01:11:59,3,36,21.9,91,5.5,1011.7,0,0,6,249.9,0
2017-04-10 01:14:59,3,36,21.9,91,5.4,1011.6,0,0,6,249.9,0
2017-04-10 01:17:59,3,36,21.9,91,5.4,1011.5,0,0,6,249.9,0
2017-04-10 01:20:59,3,36,21.8,91,5.4,1011.5,0,0,6,249.9,0
2017-04-10 01:23:59,3,36,21.8,91,5.4,1011.4,0,0,6,249.9,0
2017-04-10 01:26:59,3,36,21.8,91,5.4,1011.5,0,0,6,249.9,0
2017-04-10 01:29:59,3,36,21.8,91,5.4,1011.4,0,0,6,249.9,0
2017-04-10 01:32:59,3,36,21.8,91,5.3,1011.4,0,0,6,249.9,0
2017-04-10 01:35:59,3,36,21.8,92,5.4,1011.3,0,0,4,249.9,0
2017-04-10 01:38:59,3,36,21.8,92,5.4,1011.1,0,0,4,249.9,0
2017-04-10 01:41:59,3,36,21.8,92,5.4,1011.2,0,0,4,249.9,0
2017-04-10 01:44:59,3,36,21.8,92,5.3,1011.1,0,0,4,249.9,0
2017-04-10 01:47:59,3,36,21.7,92,5.3,1011.1,0,0,4,249.9,0
2017-04-10 01:50:59,3,36,21.7,92,5.2,1011.0,0,0,4,249.9,0
2017-04-10 01:53:59,3,36,21.7,92,5.2,1011.0,0,0,4,249.9,0
2017-04-10 01:56:59,3,36,21.7,92,5.2,1010.9,0,0,4,249.9,0
2017-04-10 01:59:59,3,36,21.7,92,5.2,1010.9,0,0,4,249.9,0
2017-04-10 02:02:59,3,36,21.7,92,5.2,1010.9,0,0,4,249.9,0
2017-04-10 02:05:59,3,36,21.7,92,5.2,1010.7,0,0,4,249.9,0
2017-04-10 02:08:59,3,36,21.7,92,5.2,1010.8,0,0,4,249.9,0
2017-04-10 02:11:59,3,36,21.7,92,5.2,1010.7,0,0,4,249.9,0
2017-04-10 02:14:59,3,36,21.6,92,5.2,1010.6,0,0,4,249.9,0
2017-04-10 02:17:59,3,36,21.6,92,5.1,1010.5,0,0,4,249.9,0
2017-04-10 02:20:59,3,36,21.6,92,5.1,1010.4,0,0,4,249.9,0
2017-04-10 02:23:59,3,36,21.6,92,5.0,1010.5,0,0,4,249.9,0
2017-04-10 02:26:59,3,36,21.6,92,5.0,1010.5,0,0,4,249.9,0
2017-04-10 02:29:59,3,36,21.6,92,5.0,1010.5,0,0,4,249.9,0
2017-04-10 02:32:59,3,36,21.5,92,5.0,1010.4,0,0,4,249.9,0
2017-04-10 02:35:59,3,36,21.5,92,5.0,1010.3,0,0,4,249.9,0
2017-04-10 02:38:59,3,36,21.5,93,5.1,1010.3,0,0,4,249.9,0
2017-04-10 02:41:59,3,36,21.5,93,5.1,1010.2,0,0,4,249.9,0
2017-04-10 02:44:59,3,36,21.5,93,5.1,1010.1,0,0,4,249.9,0
2017-04-10 02:47:59,3,36,21.5,93,5.1,1010.0,0,0,4,249.9,0
2017-04-10 02:50:59,3,36,21.5,93,5.2,1010.1,0,0,4,249.9,0
2017-04-10 02:53:59,3,36,21.5,93,5.2,1009.9,0,0,4,249.9,0
2017-04-10 02:56:59,3,36,21.4,93,5.1,1009.8,0,0,4,249.9,0
2017-04-10 02:59:59,3,36,21.4,93,5.1,1009.7,0,0,4,249.9,0
2017-04-10 03:02:59,3,36,21.4,93,5.1,1009.7,0,0,4,249.9,0
2017-04-10 03:05:59,3,36,21.3,94,5.1,1009.7,0,0,4,249.9,0
2017-04-10 03:08:59,3,36,21.3,94,5.1,1009.7,0,0.3,4,249.9,0
2017-04-10 03:11:59,3,36,21.3,94,5.2,1009.6,0,0,4,249.9,0
2017-04-10 03:14:59,3,36,21.3,94,5.2,1009.6,0,0,4,249.9,0
2017-04-10 03:17:59,3,36,21.3,94,5.2,1009.5,0,0,4,249.9,0
2017-04-10 03:20:59,3,36,21.3,94,5.2,1009.5,0,0,4,249.9,0
2017-04-10 03:23:59,3,36,21.3,94,5.2,1009.5,0,0,4,249.9,0
2017-04-10 03:26:59,3,36,21.2,94,5.3,1009.3,0,0,4,249.9,0
2017-04-10 03:29:59,3,36,21.2,94,5.3,1009.4,0,0,4,249.9,0
2017-04-10 03:32:59,3,36,21.2,95,5.4,1009.4,0,0,8,249.9,0
2017-04-10 03:35:59,3,36,21.2,95,5.4,1009.3,0,0,8,249.9,0
2017-04-10 03:38:59,3,36,21.2,95,5.4,1009.3,0,0,8,249.9,0
2017-04-10 03:41:59,3,36,21.2,95,5.4,1009.2,0,0,8,249.9,0
2017-04-10 03:44:59,3,36,21.2,95,5.4,1009.2,0,0,8,249.9,0
2017-04-10 03:47:59,3,36,21.2,95,5.5,1009.1,0,0,8,249.9,0
2017-04-10 03:50:59,3,36,21.2,95,5.5,1009.1,0,0,8,249.9,0
2017-04-10 03:53:59,3,36,21.2,95,5.4,1009.1,0,0,8,249.9,0
2017-04-10 03:56:59,3,36,21.2,95,5.4,1009.1,0,0.3,8,249.9,0
2017-04-10 03:59:59,3,36,21.1,95,5.4,1008.9,0,0,8,249.9,0
2017-04-10 04:02:59,3,36,21.1,95,5.4,1009.1,0,0,8,249.9,0
2017-04-10 04:05:59,3,36,21.1,95,5.4,1009.0,0,0,8,249.9,0
2017-04-10 04:08:59,3,36,21.1,96,5.5,1008.9,0,0,8,249.9,0
2017-04-10 04:11:59,3,36,21.1,96,5.5,1008.8,0,0,8,249.9,0
2017-04-10 04:14:59,3,36,21.1,96,5.6,1008.9,0,0,4,249.9,0
2017-04-10 04:17:59,3,36,21.2,96,5.7,1008.9,0,0,10,249.9,0
2017-04-10 04:20:59,3,36,21.2,97,5.7,1008.8,0,0,10,249.9,0
2017-04-10 04:23:59,3,36,21.2,97,5.7,1008.8,0,0,8,249.9,0
2017-04-10 04:26:59,3,36,21.2,97,5.8,1008.8,0,0.3,8,249.9,0
2017-04-10 04:29:59,3,36,21.2,97,5.8,1008.8,0,0,8,249.9,0
2017-04-10 04:32:59,3,36,21.2,97,5.8,1008.8,0,0,8,249.9,0
2017-04-10 04:35:59,3,36,21.2,97,5.8,1008.7,0,0,8,249.9,0
2017-04-10 04:38:59,3,36,21.2,97,5.8,1008.6,0,0,8,249.9,0
2017-04-10 04:41:59,3,36,21.2,97,5.9,1008.6,0,0,8,249.9,0
2017-04-10 04:44:59,3,36,21.2,97,5.9,1008.6,0,0,8,249.9,0
2017-04-10 04:47:59,3,36,21.2,98,6.0,1008.6,0,0,8,249.9,0
2017-04-10 04:50:59,3,36,21.2,98,6.0,1008.5,0,0,8,249.9,0
2017-04-10 04:53:59,3,36,21.3,98,6.1,1008.6,0,0.3,8,249.9,0
2017-04-10 04:56:59,3,36,21.3,98,6.2,1008.5,0,0,2,249.9,0
2017-04-10 04:59:59,3,36,21.3,98,6.3,1008.5,0,0,2,249.9,0
2017-04-10 05:02:59,3,36,21.3,98,6.3,1008.6,0,0,2,249.9,0
2017-04-10 05:05:59,3,36,21.3,98,6.4,1008.6,0,0,10,249.9,0
2017-04-10 05:08:59,3,37,21.5,99,6.5,1008.6,0,0,10,249.9,0
2017-04-10 05:11:59,3,36,21.6,99,6.6,1008.6,0,0,4,249.9,0
2017-04-10 05:14:59,3,36,21.7,99,6.8,1008.6,0,0,4,249.9,0
2017-04-10 05:17:59,3,36,21.9,99,6.9,1008.6,0,0.3,8,249.9,0
2017-04-10 05:20:59,3,36,21.9,99,7.3,1008.6,1.0,1.4,8,249.9,0
2017-04-10 05:23:59,3,34,22.1,95,7.6,1008.5,0.3,0.7,8,249.9,0
2017-04-10 05:26:59,3,34,22.2,96,7.8,1008.5,0.7,1.0,8,249.9,0
2017-04-10 05:29:59,3,34,22.2,96,8.1,1008.5,0.3,0.7,12,249.9,0
2017-04-10 05:32:59,3,34,22.3,96,8.3,1008.6,0.7,1.0,8,249.9,0
2017-04-10 05:35:59,3,33,22.3,96,8.5,1008.6,0.3,0.7,8,249.9,0
2017-04-10 05:38:59,3,33,22.5,96,8.6,1008.4,0.7,1.0,10,249.9,0
2017-04-10 05:41:59,3,33,22.5,96,8.8,1008.4,0.7,1.4,8,249.9,0
2017-04-10 05:44:59,3,33,22.6,95,9.0,1008.5,0.7,1.0,10,249.9,0
2017-04-10 05:47:59,3,34,22.6,94,9.2,1008.4,1.4,1.7,12,249.9,0
2017-04-10 05:50:59,3,34,22.7,93,9.4,1008.5,0.7,1.0,6,249.9,0
2017-04-10 05:53:59,3,34,22.7,92,9.8,1008.5,0.7,1.0,8,249.9,0
2017-04-10 05:56:59,3,34,22.8,90,10.6,1008.4,0.7,1.0,10,249.9,0
2017-04-10 05:59:59,3,34,22.9,87,11.5,1008.3,1.0,1.4,8,249.9,0
2017-04-10 06:02:59,3,34,23.0,87,11.5,1008.3,1.0,1.4,8,249.9,0
2017-04-10 06:05:59,3,34,23.0,87,11.5,1008.3,1.0,1.4,8,249.9,0
2017-04-10 06:08:59,3,34,23.0,73,12.7,1008.2,1.4,1.7,10,249.9,0
2017-04-10 06:11:59,3,34,23.2,72,13.2,1008.3,0.7,1.0,10,249.9,0
2017-04-10 06:14:59,3,34,23.2,71,13.6,1008.3,1.0,1.4,8,249.9,0
2017-04-10 06:17:59,3,34,23.2,70,13.8,1008.3,1.4,2.0,8,249.9,0
2017-04-10 06:20:59,3,34,23.3,69,13.9,1008.1,1.4,1.7,10,249.9,0
2017-04-10 06:23:59,3,34,23.4,68,13.9,1008.1,1.0,1.7,8,249.9,0
2017-04-10 06:26:59,3,34,23.4,68,14.0,1008.2,0.7,1.0,8,249.9,0
2017-04-10 06:29:59,3,34,23.4,67,14.3,1008.1,1.0,1.4,8,249.9,0
2017-04-10 06:32:59,3,34,23.5,66,14.5,1008.1,1.0,1.4,8,249.9,0
2017-04-10 06:35:59,3,34,23.5,65,14.7,1008.2,1.0,1.4,12,249.9,0
2017-04-10 06:38:59,3,34,23.5,65,15.1,1008.0,1.0,1.4,8,249.9,0
2017-04-10 06:41:59,3,34,23.5,64,15.5,1008.0,0.7,1.0,6,249.9,0
2017-04-10 06:44:59,3,34,23.6,63,16.0,1008.0,0.7,1.0,8,249.9,0
2017-04-10 06:47:59,3,34,23.7,62,16.5,1008.0,0.3,0.7,10,249.9,0
2017-04-10 06:50:59,3,34,23.7,61,16.8,1008.0,1.0,1.7,12,249.9,0
2017-04-10 06:53:59,3,34,23.7,60,16.8,1007.9,1.0,1.7,12,249.9,0
2017-04-10 06:56:59,3,34,23.8,60,17.0,1007.9,0.3,0.7,10,249.9,0
2017-04-10 06:59:59,3,34,23.8,58,17.3,1007.9,1.0,1.7,10,249.9,0
2017-04-10 07:02:59,3,34,23.9,57,17.4,1007.9,1.4,2.0,8,249.9,0
2017-04-10 07:05:59,3,34,23.9,54,17.7,1007.9,0.3,0.7,6,249.9,0
2017-04-10 07:08:59,3,34,23.9,52,18.0,1007.9,1.0,1.7,8,249.9,0
2017-04-10 07:11:59,3,34,23.9,51,18.2,1008.1,1.0,1.7,10,249.9,0
2017-04-10 07:14:59,3,34,23.9,51,18.3,1008.0,0.7,1.0,7,249.9,0
2017-04-10 07:17:59,3,34,23.9,51,18.3,1008.1,1.0,1.4,12,249.9,0
2017-04-10 07:20:59,3,34,23.9,51,18.3,1007.9,0.7,1.4,10,249.9,0
2017-04-10 07:23:59,3,33,24.1,51,18.6,1007.9,0.3,0.7,10,249.9,0
2017-04-10 07:26:59,3,33,24.0,51,18.9,1008.0,1.0,1.7,8,249.9,0
2017-04-10 07:29:59,3,33,24.0,49,19.0,1008.0,1.0,1.7,12,249.9,0
2017-04-10 07:32:59,3,33,24.0,49,19.0,1008.0,1.7,2.4,9,249.9,0
2017-04-10 07:35:59,3,33,24.1,49,19.0,1007.9,1.0,1.7,6,249.9,0
2017-04-10 07:38:59,3,33,24.1,49,19.2,1008.0,1.0,1.4,10,249.9,0
2017-04-10 07:41:59,3,33,24.1,47,19.3,1007.9,2.0,3.1,10,249.9,0
2017-04-10 07:44:59,3,33,24.1,47,19.4,1007.9,0.7,1.0,10,249.9,0
2017-04-10 07:47:59,3,33,24.1,46,19.4,1007.8,1.7,2.0,10,249.9,0
2017-04-10 07:50:59,3,33,24.1,46,19.4,1007.8,2.0,2.7,10,249.9,0
2017-04-10 07:53:59,3,33,24.1,46,19.5,1007.9,1.0,1.7,12,249.9,0
2017-04-10 07:56:59,3,33,24.1,45,19.5,1007.7,1.4,2.0,8,249.9,0
2017-04-10 07:59:59,3,33,24.1,45,19.4,1007.9,1.4,1.7,10,249.9,0
2017-04-10 08:02:59,3,32,24.1,45,19.4,1007.9,1.4,1.7,10,249.9,0
2017-04-10 08:05:59,3,33,24.2,45,19.4,1007.9,1.4,1.7,10,249.9,0
2017-04-10 08:08:59,3,33,24.3,45,19.5,1007.8,2.4,3.1,10,249.9,0
2017-04-10 08:11:59,3,33,24.3,45,19.8,1007.8,1.4,2.0,12,249.9,0
2017-04-10 08:14:59,3,33,24.3,44,19.7,1007.8,2.0,2.7,10,249.9,0
2017-04-10 08:17:59,3,33,24.3,46,20.0,1007.8,1.0,1.7,12,249.9,0
2017-04-10 08:20:59,3,33,24.3,44,20.1,1007.8,3.4,4.1,10,249.9,0
2017-04-10 08:23:59,3,33,24.3,44,19.8,1007.8,3.4,6.1,10,249.9,0
2017-04-10 08:26:59,3,33,24.4,44,19.5,1007.8,3.4,4.1,14,249.9,0
2017-04-10 08:29:59,3,33,24.4,45,19.7,1007.8,3.4,4.1,10,249.9,0
2017-04-10 08:32:59,3,33,24.4,45,19.9,1007.9,1.0,1.7,9,249.9,0
2017-04-10 08:35:59,3,33,24.4,44,20.3,1007.8,1.7,2.4,0,249.9,0
2017-04-10 08:38:59,3,33,24.4,43,20.3,1007.9,2.0,3.1,10,249.9,0
2017-04-10 08:41:59,3,33,24.3,43,20.4,1007.8,1.0,1.4,12,249.9,0
2017-04-10 08:44:59,3,33,24.1,43,20.8,1007.8,1.7,2.4,10,249.9,0
2017-04-10 08:47:59,3,33,24.0,42,20.7,1007.7,2.4,3.1,9,249.9,0
2017-04-10 08:50:59,3,34,23.9,41,20.5,1007.7,3.1,3.4,10,249.9,0
2017-04-10 08:53:59,3,34,23.8,42,20.2,1007.5,2.0,2.7,12,249.9,0
2017-04-10 08:56:59,3,34,23.7,42,20.3,1007.6,3.1,4.4,12,249.9,0
2017-04-10 08:59:59,3,34,23.6,43,20.4,1007.6,1.0,1.7,12,249.9,0
2017-04-10 09:02:59,3,34,23.5,42,20.6,1007.5,2.4,3.7,10,249.9,0
2017-04-10 09:05:59,3,34,23.5,42,20.6,1007.6,1.7,3.7,12,249.9,0
2017-04-10 09:08:59,3,34,23.5,42,20.8,1007.5,1.4,2.0,10,249.9,0
2017-04-10 09:11:59,3,34,23.4,42,21.1,1007.5,2.4,3.1,12,249.9,0
2017-04-10 09:14:59,3,34,23.4,42,21.2,1007.5,2.7,4.1,0,249.9,0
2017-04-10 09:17:59,3,34,23.3,41,21.5,1007.4,2.0,3.4,12,249.9,0
2017-04-10 09:20:59,3,34,23.3,41,21.6,1007.5,2.4,3.4,10,249.9,0
2017-04-10 09:23:59,3,35,23.2,41,21.6,1007.3,1.7,2.4,14,249.9,0
2017-04-10 09:26:59,3,34,23.2,41,21.6,1007.4,2.7,4.1,10,249.9,0
2017-04-10 09:29:59,3,35,23.2,41,21.5,1007.3,3.7,5.4,8,249.9,0
2017-04-10 09:32:59,3,35,23.2,41,21.7,1007.3,1.7,2.0,12,249.9,0
2017-04-10 09:35:59,3,34,23.0,40,22.0,1007.4,2.4,3.1,12,249.9,0
2017-04-10 09:38:59,3,34,23.0,41,22.2,1007.4,2.0,3.1,10,249.9,0
2017-04-10 09:41:59,3,34,23.0,40,22.1,1007.4,2.0,2.7,10,249.9,0
2017-04-10 09:44:59,3,34,23.0,41,21.8,1007.4,2.4,3.4,14,249.9,0
2017-04-10 09:47:59,3,34,23.0,42,21.6,1007.4,0.7,1.7,10,249.9,0
2017-04-10 09:50:59,3,34,23.0,41,21.7,1007.4,3.7,5.8,10,249.9,0
2017-04-10 09:53:59,3,34,22.9,41,21.6,1007.3,3.7,5.1,14,249.9,0
2017-04-10 09:56:59,3,34,22.9,42,21.6,1007.4,1.7,2.7,8,249.9,0
2017-04-10 09:59:59,3,34,22.9,41,21.7,1007.5,5.1,6.5,11,249.9,0
2017-04-10 10:02:59,3,34,22.9,41,21.7,1007.4,5.1,6.5,11,249.9,0
2017-04-10 10:05:59,3,34,22.9,41,21.7,1007.5,5.1,6.5,11,249.9,0
2017-04-10 10:08:59,3,35,22.8,41,21.2,1007.4,3.4,4.4,10,249.9,0
2017-04-10 10:11:59,3,35,22.7,42,21.0,1007.5,3.1,4.1,10,249.9,0
2017-04-10 10:14:59,3,35,22.7,41,21.0,1007.5,3.1,4.1,10,249.9,0
2017-04-10 10:17:59,3,35,22.7,41,20.9,1007.6,4.1,6.5,10,249.9,0
2017-04-10 10:20:59,3,35,22.7,42,20.8,1007.6,2.4,3.4,10,249.9,0
2017-04-10 10:23:59,3,35,22.7,42,20.8,1007.6,3.1,5.1,12,249.9,0
2017-04-10 10:26:59,3,35,22.7,43,20.7,1007.7,2.7,3.7,10,249.9,0
2017-04-10 10:29:59,3,35,22.7,42,20.7,1007.6,3.4,4.8,10,249.9,0
2017-04-10 10:32:59,3,35,22.7,43,20.9,1007.7,3.1,4.4,12,249.9,0
2017-04-10 10:35:59,3,36,22.7,43,20.8,1007.6,1.0,1.7,12,249.9,0
2017-04-10 10:38:59,3,36,22.7,43,20.6,1007.7,2.0,3.1,10,249.9,0
2017-04-10 10:41:59,3,36,22.7,44,20.4,1007.7,3.4,4.1,10,249.9,0
2017-04-10 10:44:59,3,36,22.7,45,20.4,1007.7,2.4,3.7,8,249.9,0
2017-04-10 10:47:59,3,36,22.6,44,20.1,1007.8,3.1,5.8,8,249.9,0
2017-04-10 10:50:59,3,37,22.6,45,20.0,1008.0,2.7,3.7,12,249.9,0
2017-04-10 10:53:59,3,37,22.6,46,19.9,1007.8,1.4,2.0,13,249.9,0
2017-04-10 10:56:59,3,37,22.6,46,20.3,1007.9,2.4,3.7,14,249.9,0
2017-04-10 10:59:59,3,37,22.6,44,20.2,1008.0,3.4,4.8,12,249.9,0
2017-04-10 11:02:59,3,37,22.6,45,19.9,1007.8,2.4,4.1,8,249.9,0
2017-04-10 11:05:59,3,37,22.6,46,19.6,1008.0,1.7,2.0,14,249.9,0
2017-04-10 11:08:59,3,37,22.6,47,19.5,1008.0,3.1,5.4,10,249.9,0
2017-04-10 11:11:59,3,38,22.6,47,19.1,1008.0,2.7,4.1,10,249.9,0
2017-04-10 11:14:59,3,38,22.6,48,19.0,1008.0,1.7,2.4,10,249.9,0
2017-04-10 11:17:59,3,38,22.6,49,19.0,1008.1,2.7,4.1,6,249.9,0
2017-04-10 11:20:59,3,38,22.6,48,18.9,1008.2,3.4,4.8,10,249.9,0
2017-04-10 11:23:59,3,38,22.6,50,19.0,1008.2,2.0,3.1,8,249.9,0
2017-04-10 11:26:59,3,38,22.6,48,19.1,1008.2,2.4,3.4,10,249.9,0
2017-04-10 11:29:59,3,38,22.6,47,18.9,1008.2,3.4,4.4,12,249.9,0
2017-04-10 11:32:59,3,38,22.6,48,18.6,1008.3,1.4,2.0,14,249.9,0
2017-04-10 11:35:59,3,38,22.6,50,18.5,1008.4,3.4,4.1,8,249.9,0
2017-04-10 11:38:59,3,38,22.6,50,18.3,1008.4,2.7,3.4,14,249.9,0
2017-04-10 11:41:59,3,38,22.6,50,18.1,1008.5,3.4,5.1,10,249.9,0
2017-04-10 11:44:59,3,38,22.6,50,17.8,1008.6,4.1,6.1,0,249.9,0
2017-04-10 11:47:59,3,38,22.6,50,17.6,1008.7,1.7,2.4,12,249.9,0
2017-04-10 11:50:59,3,38,22.6,53,17.4,1008.7,2.7,4.8,14,249.9,0
2017-04-10 11:53:59,3,38,22.6,54,17.4,1008.8,1.0,2.0,10,249.9,0
2017-04-10 11:56:59,3,38,22.6,54,17.4,1008.8,2.0,3.7,12,249.9,0
2017-04-10 11:59:59,3,38,22.6,53,17.4,1008.9,2.4,3.1,14,249.9,0
2017-04-10 12:02:59,3,38,22.6,53,17.4,1009.0,2.4,3.1,14,249.9,0
2017-04-10 12:05:59,3,38,22.6,53,17.4,1008.9,2.4,3.1,14,249.9,0
2017-04-10 12:08:59,3,38,22.6,53,17.0,1008.9,2.0,2.4,6,249.9,0
2017-04-10 12:11:59,3,38,22.6,53,16.9,1009.1,2.4,3.7,14,249.9,0
2017-04-10 12:14:59,3,38,22.6,54,16.8,1009.0,1.7,2.7,14,249.9,0
2017-04-10 12:17:59,3,38,22.6,54,16.7,1009.1,1.7,2.7,0,249.9,0
2017-04-10 12:20:59,3,38,22.6,54,16.4,1009.2,2.0,2.7,14,249.9,0
2017-04-10 12:23:59,3,38,22.6,55,16.1,1009.2,2.0,3.7,14,249.9,0
2017-04-10 12:26:59,3,39,22.6,55,15.9,1009.2,2.7,3.7,12,249.9,0
2017-04-10 12:29:59,3,39,22.6,56,15.8,1009.3,2.4,3.1,0,249.9,0
2017-04-10 12:32:59,3,39,22.6,57,15.8,1009.3,1.4,2.0,10,249.9,0
2017-04-10 12:35:59,3,39,22.6,57,15.8,1009.3,1.4,2.4,1,249.9,0
2017-04-10 12:38:59,3,39,22.6,57,15.8,1009.4,3.7,6.1,0,249.9,0
2017-04-10 12:41:59,3,38,22.6,57,15.9,1009.5,2.7,4.8,0,249.9,0
2017-04-10 12:44:59,3,38,22.6,57,16.1,1009.5,2.4,3.4,12,249.9,0
2017-04-10 12:47:59,3,38,22.6,55,16.0,1009.5,3.1,3.7,12,249.9,0
2017-04-10 12:50:59,3,39,22.6,55,16.0,1009.4,3.1,4.4,2,249.9,0
2017-04-10 12:53:59,3,38,22.6,55,16.0,1009.5,3.4,5.8,12,249.9,0
2017-04-10 12:56:59,3,38,22.6,55,15.7,1009.5,2.4,3.7,2,249.9,0
2017-04-10 12:59:59,3,39,22.6,57,15.7,1009.6,1.7,2.4,10,249.9,0
2017-04-10 13:02:59,3,39,22.6,56,15.8,1009.6,1.4,2.0,12,249.9,0
2017-04-10 13:05:59,3,39,22.6,55,15.9,1009.4,1.7,2.4,14,249.9,0
2017-04-10 13:08:59,3,39,22.6,56,15.9,1009.5,0.7,1.0,14,249.9,0
2017-04-10 13:11:59,3,39,22.6,55,16.0,1009.6,3.1,4.1,14,249.9,0
2017-04-10 13:14:59,3,39,22.6,54,15.9,1009.6,2.7,4.4,10,249.9,0
2017-04-10 13:17:59,3,39,22.6,54,15.7,1009.6,3.4,4.4,14,249.9,0
2017-04-10 13:20:59,3,39,22.6,54,15.5,1009.7,2.0,2.7,14,249.9,0
2017-04-10 13:23:59,3,39,22.6,55,15.3,1009.8,2.0,3.1,14,249.9,0
2017-04-10 13:26:59,3,39,22.5,54,15.1,1009.8,2.0,3.7,12,249.9,0
2017-04-10 13:29:59,3,39,22.5,55,15.0,1009.8,3.1,5.1,14,249.9,0
2017-04-10 13:32:59,3,39,22.5,55,14.9,1009.7,2.0,3.1,14,249.9,0
2017-04-10 13:35:59,3,39,22.5,54,14.8,1009.8,2.4,3.4,12,249.9,0
2017-04-10 13:38:59,3,39,22.6,54,14.8,1009.8,1.4,2.0,10,249.9,0
2017-04-10 13:41:59,3,39,22.6,53,14.9,1009.8,2.4,3.1,14,249.9,0
2017-04-10 13:44:59,3,39,22.6,53,14.9,1010.0,2.7,3.4,14,249.9,0
2017-04-10 13:47:59,3,39,22.6,51,15.0,1009.9,3.7,5.1,14,249.9,0
2017-04-10 13:50:59,3,39,22.5,52,15.2,1009.9,2.0,2.4,14,249.9,0
2017-04-10 13:53:59,3,39,22.6,51,15.4,1010.1,3.1,4.1,10,249.9,0
2017-04-10 13:56:59,3,39,22.6,50,15.5,1009.8,2.0,2.7,14,249.9,0
2017-04-10 13:59:59,3,39,22.6,50,15.6,1009.9,2.7,4.1,12,249.9,0
2017-04-10 14:02:59,3,39,22.6,50,15.6,1010.0,2.7,4.1,12,249.9,0
2017-04-10 14:05:59,3,39,22.6,50,15.6,1010.1,2.7,4.1,12,249.9,0
2017-04-10 14:08:59,3,39,22.6,48,15.5,1010.2,3.7,4.8,10,249.9,0
2017-04-10 14:11:59,3,39,22.6,49,15.3,1010.3,3.1,3.4,4,249.9,0
2017-04-10 14:14:59,3,39,22.6,50,15.1,1010.3,2.0,3.1,14,249.9,0
2017-04-10 14:17:59,3,39,22.6,50,14.8,1010.3,2.0,3.1,10,249.9,0
2017-04-10 14:20:59,3,39,22.6,51,14.6,1010.3,1.4,2.7,14,249.9,0
2017-04-10 14:23:59,3,39,22.6,51,14.4,1010.5,3.4,4.8,12,249.9,0
2017-04-10 14:26:59,3,39,22.6,51,14.1,1010.3,2.0,3.4,14,249.9,0
2017-04-10 14:29:59,3,39,22.6,52,14.1,1010.4,2.7,4.1,12,249.9,0
2017-04-10 14:32:59,3,39,22.6,52,14.1,1010.3,1.4,2.0,14,249.9,0
2017-04-10 14:35:59,3,39,22.6,51,14.0,1010.4,2.7,3.7,10,249.9,0
2017-04-10 14:38:59,3,39,22.6,51,14.1,1010.5,1.7,3.1,12,249.9,0
2017-04-10 14:41:59,3,39,22.6,51,14.4,1010.5,2.4,3.7,14,249.9,0
2017-04-10 14:44:59,3,39,22.6,50,14.7,1010.3,2.4,4.4,8,249.9,0
2017-04-10 14:47:59,3,39,22.6,50,15.0,1010.4,3.1,4.1,6,249.9,0
2017-04-10 14:50:59,3,39,22.6,50,15.2,1010.4,1.0,2.0,14,249.9,0
2017-04-10 14:53:59,3,39,22.6,48,14.8,1010.3,1.7,2.4,14,249.9,0
2017-04-10 14:56:59,3,39,22.6,49,14.5,1010.5,3.1,5.8,14,249.9,0
2017-04-10 14:59:59,3,39,22.6,50,14.1,1010.7,2.4,3.7,0,249.9,0
2017-04-10 15:02:59,3,39,22.6,51,14.0,1010.6,1.7,2.4,8,249.9,0
2017-04-10 15:05:59,3,39,22.6,51,14.3,1010.5,2.7,4.1,14,249.9,0
2017-04-10 15:08:59,3,39,22.6,51,14.5,1010.5,1.4,1.7,12,249.9,0
2017-04-10 15:11:59,3,39,22.6,50,14.9,1010.5,2.7,3.7,14,249.9,0
2017-04-10 15:14:59,3,39,22.6,50,15.1,1010.4,1.7,2.4,14,249.9,0
2017-04-10 15:17:59,3,39,22.7,48,15.4,1010.6,2.7,3.7,12,249.9,0
2017-04-10 15:20:59,3,39,22.7,46,15.5,1010.5,1.7,2.4,14,249.9,0
2017-04-10 15:23:59,3,39,22.7,44,15.2,1010.5,1.7,2.4,12,249.9,0
2017-04-10 15:26:59,3,39,22.7,45,14.8,1010.6,2.7,4.1,0,249.9,0
2017-04-10 15:29:59,3,39,22.7,46,14.3,1010.6,1.0,1.7,14,249.9,0
2017-04-10 15:32:59,3,39,22.7,46,14.2,1010.6,1.7,2.7,14,249.9,0
2017-04-10 15:35:59,3,39,22.7,45,13.9,1010.6,2.7,3.4,12,249.9,0
2017-04-10 15:38:59,3,39,22.7,46,13.8,1010.6,2.0,2.7,15,249.9,0
2017-04-10 15:41:59,3,39,22.7,46,13.7,1010.6,1.4,1.7,12,249.9,0
2017-04-10 15:44:59,3,39,22.7,46,13.5,1010.7,2.0,2.7,12,249.9,0
2017-04-10 15:47:59,3,39,22.7,46,13.4,1010.8,1.0,1.4,14,249.9,0
2017-04-10 15:50:59,3,39,22.7,47,13.4,1010.7,0.7,1.4,10,249.9,0
2017-04-10 15:53:59,3,39,22.7,47,13.4,1010.8,2.0,3.4,10,249.9,0
2017-04-10 15:56:59,3,39,22.7,45,13.2,1010.8,1.4,2.4,14,249.9,0
2017-04-10 15:59:59,3,39,22.7,44,13.3,1010.8,2.0,3.1,14,249.9,0
2017-04-10 16:02:59,3,39,22.7,44,13.3,1010.7,2.0,3.1,14,249.9,0
2017-04-10 16:05:59,3,39,22.7,44,13.3,1010.8,2.0,3.1,14,249.9,0
2017-04-10 16:08:59,3,39,22.7,43,13.3,1010.8,2.4,3.1,14,249.9,0
2017-04-10 16:11:59,3,39,22.7,43,13.3,1010.8,3.4,4.4,14,249.9,0
2017-04-10 16:14:59,3,39,22.7,43,13.2,1010.9,2.0,3.4,1,249.9,0
2017-04-10 16:17:59,3,39,22.7,44,13.1,1010.8,1.7,2.0,10,249.9,0
2017-04-10 16:20:59,3,39,22.7,44,13.1,1010.8,2.0,3.1,8,249.9,0
2017-04-10 16:23:59,3,39,22.7,44,12.9,1010.8,2.0,2.7,14,249.9,0
2017-04-10 16:26:59,3,39,22.7,44,12.7,1011.0,1.4,1.7,14,249.9,0
2017-04-10 16:29:59,3,39,22.6,43,12.5,1010.9,2.0,2.7,12,249.9,0
2017-04-10 16:32:59,3,39,22.6,47,12.4,1010.8,1.7,2.4,14,249.9,0
2017-04-10 16:35:59,3,39,22.6,47,12.3,1010.8,1.7,2.0,12,249.9,0
2017-04-10 16:38:59,3,39,22.6,48,12.2,1011.0,3.1,4.4,2,249.9,0
2017-04-10 16:41:59,3,39,22.6,44,12.5,1010.9,2.0,3.1,12,249.9,0
2017-04-10 16:44:59,3,39,22.6,44,13.0,1010.9,2.0,2.7,10,249.9,0
2017-04-10 16:47:59,3,39,22.6,43,13.1,1010.9,2.4,3.4,9,249.9,0
2017-04-10 16:50:59,3,39,22.6,43,13.1,1010.9,2.7,4.4,2,249.9,0
2017-04-10 16:53:59,3,39,22.6,43,12.9,1010.9,3.1,4.8,12,249.9,0
2017-04-10 16:56:59,3,39,22.6,43,12.8,1010.9,2.0,2.7,12,249.9,0
2017-04-10 16:59:59,3,39,22.6,44,12.6,1010.9,2.7,3.4,10,249.9,0
2017-04-10 17:02:59,3,39,22.6,48,12.4,1010.9,2.4,3.4,14,249.9,0
2017-04-10 17:05:59,3,39,22.6,50,12.2,1010.9,1.4,1.7,14,249.9,0
2017-04-10 17:08:59,3,39,22.6,50,12.0,1011.0,2.4,3.4,14,249.9,0
2017-04-10 17:11:59,3,39,22.6,50,11.9,1011.0,2.0,2.4,0,249.9,0
2017-04-10 17:14:59,3,39,22.6,50,11.7,1011.0,1.7,2.7,12,249.9,0
2017-04-10 17:17:59,3,39,22.6,50,11.6,1011.1,2.0,2.7,14,249.9,0
2017-04-10 17:20:59,3,39,22.6,51,11.4,1011.1,1.0,1.7,10,249.9,0
2017-04-10 17:23:59,3,39,22.6,51,11.3,1011.0,1.0,1.7,14,249.9,0
2017-04-10 17:26:59,3,38,22.6,52,11.3,1010.9,1.7,2.4,12,249.9,0
2017-04-10 17:29:59,3,38,22.6,52,11.2,1011.1,1.4,1.7,12,249.9,0
2017-04-10 17:32:59,3,38,22.6,52,11.2,1011.1,3.1,3.7,0,249.9,0
2017-04-10 17:35:59,3,38,22.5,52,11.2,1011.1,2.7,4.1,0,249.9,0
2017-04-10 17:38:59,3,39,22.6,52,11.2,1011.1,1.4,2.7,12,249.9,0
2017-04-10 17:41:59,3,38,22.6,52,11.2,1011.2,1.7,2.0,14,249.9,0
2017-04-10 17:44:59,3,38,22.5,52,11.1,1011.2,2.0,2.7,14,249.9,0
2017-04-10 17:47:59,3,38,22.6,52,11.1,1011.2,1.0,1.7,14,249.9,0
2017-04-10 17:50:59,3,38,22.5,53,11.1,1011.3,2.4,3.1,12,249.9,0
2017-04-10 17:53:59,3,38,22.5,53,11.1,1011.3,2.4,3.7,7,249.9,0
2017-04-10 17:56:59,3,38,22.5,52,11.0,1011.3,2.0,2.7,14,249.9,0
2017-04-10 17:59:59,3,38,22.5,52,10.8,1011.4,1.7,2.4,14,249.9,0
2017-04-10 18:02:59,3,38,22.5,52,10.8,1011.5,1.7,2.4,14,249.9,0
2017-04-10 18:05:59,3,38,22.5,52,10.8,1011.4,1.7,2.4,14,249.9,0
2017-04-10 18:08:59,3,38,22.5,53,10.6,1011.5,1.7,2.7,12,249.9,0
2017-04-10 18:11:59,3,38,22.5,53,10.5,1011.6,1.0,1.7,0,249.9,0
2017-04-10 18:14:59,3,38,22.5,54,10.4,1011.6,1.0,1.7,14,249.9,0
2017-04-10 18:17:59,3,38,22.5,54,10.4,1011.5,1.7,2.7,14,249.9,0
2017-04-10 18:20:59,3,38,22.5,54,10.4,1011.5,2.4,3.1,14,249.9,0
2017-04-10 18:23:59,3,38,22.5,54,10.3,1011.7,2.0,3.1,12,249.9,0
2017-04-10 18:26:59,3,38,22.5,55,10.3,1011.6,1.0,1.4,14,249.9,0
2017-04-10 18:29:59,3,38,22.5,55,10.2,1011.6,3.4,4.1,12,249.9,0
2017-04-10 18:32:59,3,38,22.5,54,10.2,1011.7,0.7,1.7,14,249.9,0
2017-04-10 18:35:59,3,38,22.5,54,10.2,1011.6,1.7,2.7,0,249.9,0
2017-04-10 18:38:59,3,38,22.5,54,10.2,1011.7,1.4,1.7,14,249.9,0
2017-04-10 18:41:59,3,38,22.5,54,10.1,1011.8,2.7,3.7,14,249.9,0
2017-04-10 18:44:59,3,38,22.5,54,10.1,1011.8,2.7,3.1,12,249.9,0
2017-04-10 18:47:59,3,38,22.5,54,10.0,1011.9,1.7,2.4,12,249.9,0
2017-04-10 18:50:59,3,38,22.5,53,9.9,1011.9,3.1,4.1,12,249.9,0
2017-04-10 18:53:59,3,38,22.4,52,9.8,1011.9,2.0,3.1,14,249.9,0
2017-04-10 18:56:59,3,38,22.4,52,9.8,1012.1,2.4,3.1,12,249.9,0
2017-04-10 18:59:59,3,38,22.4,53,9.7,1012.0,1.7,2.7,11,249.9,0
2017-04-10 19:02:59,3,38,22.4,53,9.6,1012.1,1.7,2.4,12,249.9,0
2017-04-10 19:05:59,3,38,22.4,53,9.5,1012.0,2.4,3.4,14,249.9,0
2017-04-10 19:08:59,3,38,22.4,54,9.4,1012.1,1.4,1.7,9,249.9,0
2017-04-10 19:11:59,3,38,22.4,54,9.3,1012.0,1.7,2.4,4,249.9,0
2017-04-10 19:14:59,3,38,22.4,54,9.2,1012.1,2.0,3.1,12,249.9,0
2017-04-10 19:17:59,3,38,22.3,55,9.1,1012.1,1.4,1.7,14,249.9,0
2017-04-10 19:20:59,3,38,22.3,55,9.1,1012.1,0.7,1.4,14,249.9,0
2017-04-10 19:23:59,3,38,22.3,56,9.0,1012.0,1.7,2.0,15,249.9,0
2017-04-10 19:26:59,3,38,22.3,56,8.9,1012.0,1.4,2.0,10,249.9,0
2017-04-10 19:29:59,3,38,22.3,57,8.8,1012.0,1.7,2.0,0,249.9,0
2017-04-10 19:32:59,3,38,22.3,57,8.8,1012.1,0.3,1.4,0,249.9,0
2017-04-10 19:35:59,3,38,22.3,57,8.7,1012.1,0.7,1.0,10,249.9,0
2017-04-10 19:38:59,3,38,22.3,58,8.6,1012.0,1.0,1.4,12,249.9,0
2017-04-10 19:41:59,3,38,22.3,58,8.6,1012.0,1.4,2.0,14,249.9,0
2017-04-10 19:44:59,3,38,22.3,58,8.5,1012.1,1.0,1.7,12,249.9,0
2017-04-10 19:47:59,3,38,22.3,59,8.4,1012.0,0.3,0.7,0,249.9,0
2017-04-10 19:50:59,3,38,22.3,60,8.3,1012.0,1.7,2.0,10,249.9,0
2017-04-10 19:53:59,3,38,22.3,60,8.3,1012.1,0.7,1.0,10,249.9,0
2017-04-10 19:56:59,3,38,22.3,61,8.2,1012.1,0.7,1.0,10,249.9,0
2017-04-10 19:59:59,3,38,22.3,61,8.2,1012.0,0.7,1.0,14,249.9,0
2017-04-10 20:02:59,3,37,22.3,61,8.2,1012.1,0.7,1.0,14,249.9,0
2017-04-10 20:05:59,3,37,22.3,61,8.2,1012.1,0.7,1.0,14,249.9,0
2017-04-10 20:08:59,3,37,22.3,61,8.0,1011.9,0.7,1.0,14,249.9,0
2017-04-10 20:11:59,3,37,22.3,62,7.9,1012.0,1.0,1.4,14,249.9,0
2017-04-10 20:14:59,3,37,22.3,62,7.8,1012.0,0.3,0.7,12,249.9,0
2017-04-10 20:17:59,3,37,22.3,62,7.7,1012.0,1.0,1.4,12,249.9,0
2017-04-10 20:20:59,3,37,22.3,62,7.7,1011.9,1.0,1.0,10,249.9,0
2017-04-10 20:23:59,3,37,22.3,62,7.7,1012.0,1.4,2.0,12,249.9,0
2017-04-10 20:26:59,3,37,22.2,62,7.7,1011.9,0.7,1.0,10,249.9,0
2017-04-10 20:29:59,3,37,22.2,62,7.6,1012.0,0.7,1.7,12,249.9,0
2017-04-10 20:32:59,3,37,22.2,62,7.6,1012.0,0.3,0.7,10,249.9,0
2017-04-10 20:35:59,3,37,22.2,63,7.5,1011.9,1.0,1.7,12,249.9,0
2017-04-10 20:38:59,3,37,22.2,63,7.5,1011.9,0.3,0.7,12,249.9,0
2017-04-10 20:41:59,3,37,22.2,63,7.5,1012.0,0,0.3,10,249.9,0
2017-04-10 20:44:59,3,37,22.2,68,7.4,1012.0,0.7,1.4,10,249.9,0
2017-04-10 20:47:59,3,37,22.2,68,7.4,1012.0,1.4,1.7,10,249.9,0
2017-04-10 20:50:59,3,37,22.2,68,7.3,1012.0,0.7,1.0,10,249.9,0
2017-04-10 20:53:59,3,36,22.2,68,7.3,1012.1,1.4,1.7,10,249.9,0
2017-04-10 20:56:59,3,36,22.2,67,7.3,1012.1,0.7,1.4,10,249.9,0
2017-04-10 20:59:59,3,36,22.2,68,7.3,1012.0,1.4,1.7,12,249.9,0
2017-04-10 21:02:59,3,36,22.2,68,7.2,1012.1,0.7,1.0,10,249.9,0
2017-04-10 21:05:59,3,36,22.2,68,7.2,1012.0,1.4,2.0,10,249.9,0
2017-04-10 21:08:59,3,36,22.1,69,7.2,1012.1,0.7,1.0,12,249.9,0
2017-04-10 21:11:59,3,36,22.1,69,7.3,1012.0,1.0,1.4,10,249.9,0
2017-04-10 21:14:59,3,36,22.1,69,7.3,1012.0,1.0,1.4,10,249.9,0
2017-04-10 21:17:59,3,36,22.1,69,7.3,1012.0,0.7,1.0,9,249.9,0
2017-04-10 21:20:59,3,36,22.1,69,7.2,1012.0,0.3,0.7,0,249.9,0
2017-04-10 21:23:59,3,36,22.1,69,7.2,1012.0,0.3,0.7,10,249.9,0
2017-04-10 21:26:59,3,36,22.1,69,7.2,1012.1,0.3,0.7,6,249.9,0
2017-04-10 21:29:59,3,36,22.1,69,7.1,1012.1,0.7,1.0,12,249.9,0
2017-04-10 21:32:59,3,35,22.0,69,7.1,1012.1,1.0,1.4,10,249.9,0
2017-04-10 21:35:59,3,35,22.0,69,7.1,1012.0,0.7,1.0,10,249.9,0
2017-04-10 21:38:59,3,36,22.0,70,7.1,1012.1,1.0,1.4,11,249.9,0
2017-04-10 21:41:59,3,36,22.0,70,7.1,1012.1,0.3,0.7,10,249.9,0
2017-04-10 21:44:59,3,36,22.0,70,7.1,1012.1,0.3,0.7,10,249.9,0
2017-04-10 21:47:59,3,36,21.9,70,7.1,1012.0,1.0,1.4,12,249.9,0
2017-04-10 21:50:59,3,36,21.9,70,7.1,1012.1,1.7,2.4,0,249.9,0
2017-04-10 21:53:59,3,36,21.9,69,7.2,1012.1,1.7,1.7,12,249.9,0
2017-04-10 21:56:59,3,36,21.9,69,7.2,1012.1,0.7,1.0,10,249.9,0
2017-04-10 21:59:59,3,36,21.9,70,7.2,1012.1,0.3,0.7,0,249.9,0
