2020-09-06 00:01:00,3,57,21.2,91,13.1,1010.8,0.3,0.7,12,1913.7,0
2020-09-06 00:04:00,3,57,21.2,91,13.1,1010.7,0.3,0.7,12,1913.7,0
2020-09-06 00:07:00,3,57,21.2,90,13.1,1010.9,0,0,12,1913.7,0
2020-09-06 00:10:00,3,57,21.2,90,13.1,1010.9,0.7,1.0,10,1913.7,0
2020-09-06 00:13:00,3,57,21.2,89,13.1,1010.9,1.0,1.4,10,1913.7,0
2020-09-06 00:16:00,3,57,21.2,89,13.1,1010.9,0.7,1.4,10,1913.7,0
2020-09-06 00:19:00,3,57,21.2,88,13.1,1011.0,1.0,1.4,12,1913.7,0
2020-09-06 00:22:00,3,57,21.2,88,13.1,1011.0,0.7,1.0,12,1913.7,0
2020-09-06 00:25:00,3,57,21.2,88,13.1,1011.0,1.0,1.4,10,1913.7,0
2020-09-06 00:28:00,3,57,21.1,87,13.0,1011.0,0.7,1.0,12,1913.7,0
2020-09-06 00:31:00,3,57,21.1,87,13.0,1010.9,0.7,1.0,10,1913.7,0
2020-09-06 00:34:00,3,57,21.1,87,13.0,1010.9,1.0,1.4,11,1913.7,0
2020-09-06 00:37:00,3,57,21.1,87,13.0,1010.9,0.3,0.7,12,1913.7,0
2020-09-06 00:40:00,3,57,21.1,86,13.0,1010.8,0.3,1.0,12,1913.7,0
2020-09-06 00:43:00,3,57,21.1,86,13.0,1010.8,0.3,0.7,10,1913.7,0
2020-09-06 00:46:00,3,57,21.1,86,13.0,1010.8,1.4,1.7,10,1913.7,0
2020-09-06 00:49:00,3,57,21.1,86,13.0,1010.7,0.7,1.0,12,1913.7,0
2020-09-06 00:52:00,3,57,21.1,86,12.9,1010.8,0.7,1.0,10,1913.7,0
2020-09-06 00:55:00,3,57,21.1,86,12.9,1010.9,1.0,1.4,10,1913.7,0
2020-09-06 00:58:00,3,57,21.1,86,12.8,1010.8,0.7,1.0,11,1913.7,0
2020-09-06 01:01:00,3,57,21.1,86,12.8,1010.9,0.7,1.0,10,1913.7,0
2020-09-06 01:04:00,3,57,21.1,86,12.8,1010.9,1.4,2.0,10,1913.7,0
2020-09-06 01:07:00,3,57,21.1,86,12.7,1010.8,1.0,1.4,12,1913.7,0
2020-09-06 01:10:00,3,57,21.1,86,12.7,1011.0,0.7,1.0,10,1913.7,0
2020-09-06 01:13:00,3,57,21.1,86,12.6,1010.9,0.7,1.0,10,1913.7,0
2020-09-06 01:16:00,3,57,21.1,86,12.6,1010.8,1.0,1.4,10,1913.7,0
2020-09-06 01:19:00,3,57,21.1,86,12.5,1010.8,0.7,1.0,12,1913.7,0
2020-09-06 01:22:00,3,57,21.1,86,12.5,1010.8,1.0,1.7,10,1913.7,0
2020-09-06 01:25:00,3,57,21.1,90,12.4,1010.9,0.7,1.0,10,1913.7,0
2020-09-06 01:28:00,3,57,21.1,90,12.4,1010.9,1.0,1.4,10,1913.7,0
2020-09-06 01:31:00,3,57,21.1,91,12.4,1010.9,0.7,1.4,14,1913.7,0
2020-09-06 01:34:00,3,57,21.0,91,12.3,1010.9,0.7,0.7,10,1913.7,0
2020-09-06 01:37:00,3,57,21.0,91,12.3,1011.0,0.7,1.0,10,1913.7,0
2020-09-06 01:40:00,3,57,21.0,91,12.3,1010.9,1.0,1.4,12,1913.7,0
2020-09-06 01:43:00,3,57,21.0,91,12.2,1010.9,0.3,1.0,10,1913.7,0
2020-09-06 01:46:00,3,57,21.0,91,12.2,1010.9,0.3,0.7,10,1913.7,0
2020-09-06 01:49:00,3,57,21.0,91,12.1,1010.8,0.7,1.4,10,1913.7,0
2020-09-06 01:52:00,3,57,21.0,91,12.1,1010.9,0.3,0.7,10,1913.7,0
2020-09-06 01:55:00,3,57,21.0,91,12.0,1010.9,0,0,12,1913.7,0
2020-09-06 01:58:00,3,57,21.0,91,12.0,1010.8,0,0,12,1913.7,0
2020-09-06 02:01:00,3,57,21.0,91,11.9,1010.7,0,0,10,1913.7,0
2020-09-06 02:04:00,3,57,21.0,91,11.9,1010.8,0,0,10,1913.7,0
2020-09-06 02:07:00,3,57,21.0,92,11.7,1010.8,0,0,12,1913.7,0
2020-09-06 02:10:00,3,57,21.0,92,11.7,1010.9,0,0,12,1913.7,0
2020-09-06 02:13:00,3,57,21.0,92,11.7,1010.9,0.3,0.7,12,1913.7,0
2020-09-06 02:16:00,3,57,21.0,92,11.6,1010.9,0,0,12,1913.7,0
2020-09-06 02:19:00,3,58,20.9,92,11.5,1010.9,0,0,12,1913.7,0
2020-09-06 02:22:00,3,58,20.9,92,11.5,1010.9,0,0,12,1913.7,0
2020-09-06 02:25:00,3,58,20.9,92,11.5,1010.8,0,0,12,1913.7,0
2020-09-06 02:28:00,3,58,20.9,92,11.5,1010.9,0,0,12,1913.7,0
2020-09-06 02:31:00,3,58,20.9,93,11.4,1010.9,0,0,12,1913.7,0
2020-09-06 02:34:00,3,58,20.9,93,11.4,1010.9,0,0,10,1913.7,0
2020-09-06 02:37:00,3,58,20.9,93,11.3,1010.9,0.3,0.7,10,1913.7,0
2020-09-06 02:40:00,3,58,20.9,93,11.3,1011.0,0.3,0.7,12,1913.7,0
2020-09-06 02:43:00,3,58,20.9,93,11.3,1010.9,0,0.3,14,1913.7,0
2020-09-06 02:46:00,3,58,20.9,93,11.3,1010.9,0,0,14,1913.7,0
2020-09-06 02:49:00,3,58,20.9,93,11.2,1010.9,0,0,12,1913.7,0
2020-09-06 02:52:00,3,58,20.9,94,11.2,1010.9,0,0.3,12,1913.7,0
2020-09-06 02:55:00,3,58,20.9,94,11.1,1010.8,0,0,10,1913.7,0
2020-09-06 02:58:00,3,58,20.9,94,11.1,1010.8,0,0.3,10,1913.7,0
2020-09-06 03:01:00,3,58,20.9,94,11.0,1010.8,0,0,12,1913.7,0
2020-09-06 03:04:00,3,58,20.9,94,11.0,1010.8,0,0,12,1913.7,0
2020-09-06 03:07:00,3,58,20.9,94,10.9,1010.9,0,0.3,12,1913.7,0
2020-09-06 03:10:00,3,58,20.8,94,10.9,1010.8,0.3,0.7,12,1913.7,0
2020-09-06 03:13:00,3,58,20.8,94,10.9,1010.8,0,0.3,12,1913.7,0
2020-09-06 03:16:00,3,58,20.8,94,10.8,1010.9,0.3,0.7,12,1913.7,0
2020-09-06 03:19:00,3,58,20.8,95,10.9,1010.8,0,0,10,1913.7,0
2020-09-06 03:22:00,3,57,20.8,95,10.8,1010.8,0.3,0.7,8,1913.7,0
2020-09-06 03:25:00,3,57,20.7,95,10.8,1010.9,0.3,0.7,12,1913.7,0
2020-09-06 03:28:00,3,57,20.7,95,10.8,1010.9,0.7,0.7,11,1913.7,0
2020-09-06 03:31:00,3,57,20.7,95,10.8,1010.8,0.3,0.7,12,1913.7,0
2020-09-06 03:34:00,3,57,20.7,95,10.8,1010.7,0.3,0.7,10,1913.7,0
2020-09-06 03:37:00,3,57,20.7,96,10.8,1010.8,0.3,0.7,12,1913.7,0
2020-09-06 03:40:00,3,57,20.7,96,10.8,1010.8,0,0,12,1913.7,0
2020-09-06 03:43:00,3,57,20.7,96,10.8,1010.9,0.3,1.0,12,1913.7,0
2020-09-06 03:46:00,3,57,20.7,96,10.8,1010.7,0,0,10,1913.7,0
2020-09-06 03:49:00,3,57,20.7,96,10.7,1010.8,0,0,10,1913.7,0
2020-09-06 03:52:00,3,57,20.7,96,10.7,1010.8,0,0,10,1913.7,0
2020-09-06 03:55:00,3,57,20.7,96,10.7,1010.8,0,0,12,1913.7,0
2020-09-06 03:58:00,3,57,20.7,96,10.7,1010.8,0,0,12,1913.7,0
2020-09-06 04:01:00,3,57,20.7,96,10.6,1010.9,0,0,12,1913.7,0
2020-09-06 04:04:00,3,57,20.6,96,10.6,1010.9,0,0,12,1913.7,0
2020-09-06 04:07:00,3,57,20.6,97,10.6,1010.8,0,0,12,1913.7,0
2020-09-06 04:10:00,3,57,20.6,97,10.5,1010.9,0,0,12,1913.7,0
2020-09-06 04:13:00,3,57,20.6,97,10.5,1010.8,0,0.7,10,1913.7,0
2020-09-06 04:16:00,3,57,20.6,97,10.5,1010.9,0,0.3,10,1913.7,0
2020-09-06 04:19:00,3,57,20.6,97,10.5,1010.9,0,0,12,1913.7,0
2020-09-06 04:22:00,3,57,20.6,97,10.5,1010.8,0,0.3,10,1913.7,0
2020-09-06 04:25:00,3,57,20.6,97,10.5,1010.9,0.7,0.7,10,1913.7,0
2020-09-06 04:28:00,3,57,20.6,97,10.5,1011.0,0.7,1.0,10,1913.7,0
2020-09-06 04:31:00,3,57,20.6,97,10.5,1011.0,0.7,1.0,10,1913.7,0
2020-09-06 04:34:00,3,57,20.6,97,10.5,1011.0,0,0.3,10,1913.7,0
2020-09-06 04:37:00,3,57,20.6,97,10.5,1011.0,0.7,1.0,14,1913.7,0
2020-09-06 04:40:00,3,57,20.6,98,10.5,1010.9,0.7,0.7,12,1913.7,0
2020-09-06 04:43:00,3,57,20.6,98,10.5,1011.0,0,0.7,10,1913.7,0
2020-09-06 04:46:00,3,57,20.6,98,10.5,1011.0,0.3,0.7,12,1913.7,0
2020-09-06 04:49:00,3,57,20.6,98,10.5,1011.0,0,0.3,10,1913.7,0
2020-09-06 04:52:00,3,57,20.6,98,10.4,1011.0,0,0.3,12,1913.7,0
2020-09-06 04:55:00,3,57,20.5,98,10.4,1011.1,0.3,0.7,12,1913.7,0
2020-09-06 04:58:00,3,57,20.5,98,10.4,1011.1,0.3,0.7,10,1913.7,0
2020-09-06 05:01:00,3,57,20.5,98,10.4,1011.1,0.7,1.0,12,1913.7,0
2020-09-06 05:04:00,3,57,20.5,98,10.4,1011.1,0.7,1.0,10,1913.7,0
2020-09-06 05:07:00,3,57,20.5,98,10.5,1011.2,1.7,2.4,10,1913.7,0
2020-09-06 05:10:00,3,57,20.5,98,10.5,1011.2,1.0,2.0,14,1913.7,0
2020-09-06 05:13:00,3,57,20.5,98,10.5,1011.2,1.4,1.7,10,1913.7,0
2020-09-06 05:16:00,3,57,20.5,98,10.6,1011.2,2.0,2.7,10,1913.7,0
2020-09-06 05:19:00,3,57,20.5,99,10.6,1011.2,1.4,1.7,10,1913.7,0
2020-09-06 05:22:00,3,57,20.5,99,10.7,1011.2,0.3,0.7,10,1913.7,0
2020-09-06 05:25:00,3,57,20.5,99,10.7,1011.1,0.3,0.7,12,1913.7,0
2020-09-06 05:28:00,3,57,20.5,99,10.8,1011.1,0.3,0.7,12,1913.7,0
2020-09-06 05:31:00,3,57,20.5,99,10.8,1011.1,1.0,1.4,10,1913.7,0
2020-09-06 05:34:00,3,57,20.5,99,10.9,1011.1,1.7,2.4,10,1913.7,0
2020-09-06 05:37:00,3,57,20.5,99,11.0,1011.1,1.0,1.7,13,1913.7,0
2020-09-06 05:40:00,3,57,20.5,99,11.0,1011.1,1.0,1.7,10,1913.7,0
2020-09-06 05:43:00,3,57,20.4,98,11.1,1011.1,1.4,1.7,12,1913.7,0
2020-09-06 05:46:00,3,57,20.4,98,11.2,1011.0,1.7,2.7,10,1913.7,0
2020-09-06 05:49:00,3,57,20.4,98,11.3,1011.1,1.0,1.4,10,1913.7,0
2020-09-06 05:52:00,3,57,20.4,98,11.4,1011.1,0.7,1.0,10,1913.7,0
2020-09-06 05:55:00,3,57,20.4,97,11.6,1011.0,1.4,1.7,10,1913.7,0
2020-09-06 05:58:00,3,58,20.4,97,12.0,1011.0,1.0,1.7,10,1913.7,0
2020-09-06 06:01:00,3,58,20.5,96,12.4,1011.0,1.4,1.7,12,1913.7,0
2020-09-06 06:04:00,3,58,20.6,96,12.4,1011.1,1.4,1.7,12,1913.7,0
2020-09-06 06:07:00,3,57,20.7,90,13.4,1011.1,0.7,1.0,12,1913.7,0
2020-09-06 06:10:00,3,57,20.8,88,13.6,1011.1,0.7,1.0,10,1913.7,0
2020-09-06 06:13:00,3,56,21.0,85,14.0,1011.1,0.7,1.0,10,1913.7,0
2020-09-06 06:16:00,3,56,21.1,83,14.4,1011.0,1.4,1.7,10,1913.7,0
2020-09-06 06:19:00,3,55,21.2,80,14.5,1011.1,1.0,1.4,10,1913.7,0
2020-09-06 06:22:00,3,55,21.2,78,14.5,1011.1,2.0,3.1,10,1913.7,0
2020-09-06 06:25:00,3,54,21.3,76,14.3,1011.1,2.7,3.4,12,1913.7,0
2020-09-06 06:28:00,3,54,21.5,76,14.3,1011.1,2.0,2.4,10,1913.7,0
2020-09-06 06:31:00,3,54,21.5,75,14.3,1011.1,1.7,2.0,12,1913.7,0
2020-09-06 06:34:00,3,54,21.6,75,14.5,1011.1,0.7,1.0,12,1913.7,0
2020-09-06 06:37:00,3,54,21.7,75,14.8,1011.2,1.0,1.7,10,1913.7,0
2020-09-06 06:40:00,3,54,21.7,74,15.0,1011.2,1.0,1.4,12,1913.7,0
2020-09-06 06:43:00,3,54,21.8,73,15.1,1011.3,1.4,1.7,10,1913.7,0
2020-09-06 06:46:00,3,53,21.8,73,15.2,1011.4,1.0,1.7,12,1913.7,0
2020-09-06 06:49:00,3,53,21.9,72,15.0,1011.3,1.4,2.0,10,1913.7,0
2020-09-06 06:52:00,3,52,22.0,72,15.0,1011.6,0.3,0.7,12,1913.7,0
2020-09-06 06:55:00,3,52,22.1,73,15.4,1011.4,1.0,1.4,8,1913.7,0
2020-09-06 06:58:00,3,52,22.2,72,15.6,1011.5,1.4,1.7,12,1913.7,0
2020-09-06 07:01:00,3,52,22.2,71,15.7,1011.5,2.4,2.7,12,1913.7,0
2020-09-06 07:04:00,3,52,22.3,70,15.3,1011.5,1.7,2.4,10,1913.7,0
2020-09-06 07:07:00,3,52,22.3,71,15.2,1011.4,1.0,1.7,12,1913.7,0
2020-09-06 07:10:00,3,51,22.3,71,15.3,1011.5,2.4,3.1,12,1913.7,0
2020-09-06 07:13:00,3,51,22.5,71,15.4,1011.5,2.4,3.1,12,1913.7,0
2020-09-06 07:16:00,3,51,22.6,72,15.6,1011.6,1.4,2.4,10,1913.7,0
2020-09-06 07:19:00,3,51,22.6,71,15.4,1011.6,1.4,2.0,12,1913.7,0
2020-09-06 07:22:00,3,51,22.7,71,15.5,1011.6,2.4,3.1,12,1913.7,0
2020-09-06 07:25:00,3,51,22.7,71,15.5,1011.6,1.7,2.7,10,1913.7,0
2020-09-06 07:28:00,3,51,22.7,71,15.6,1011.8,2.0,3.4,12,1913.7,0
2020-09-06 07:31:00,3,51,22.8,70,15.7,1011.7,2.7,3.4,12,1913.7,0
2020-09-06 07:34:00,3,51,22.9,71,15.8,1011.9,0.7,1.0,11,1913.7,0
2020-09-06 07:37:00,3,51,22.9,70,16.0,1011.8,1.7,2.4,12,1913.7,0
2020-09-06 07:40:00,3,52,23.0,70,15.9,1011.7,1.0,1.7,13,1913.7,0
2020-09-06 07:43:00,3,52,23.0,70,16.0,1011.9,2.4,3.1,14,1913.7,0
2020-09-06 07:46:00,3,52,23.1,70,15.9,1011.9,3.4,4.1,12,1913.7,0
2020-09-06 07:49:00,3,51,23.1,69,15.7,1011.8,2.0,2.7,10,1913.7,0
2020-09-06 07:52:00,3,51,23.1,70,15.8,1011.8,2.0,2.4,10,1913.7,0
2020-09-06 07:55:00,3,51,23.1,69,16.0,1011.8,1.4,2.4,14,1913.7,0
2020-09-06 07:58:00,3,51,23.0,69,16.0,1011.9,2.0,2.7,10,1913.7,0
2020-09-06 08:01:00,3,50,22.9,69,16.0,1011.8,2.4,3.1,10,1913.7,0
2020-09-06 08:04:00,3,50,22.8,69,16.0,1012.0,2.4,3.1,10,1913.7,0
2020-09-06 08:07:00,3,50,22.7,67,16.0,1011.8,2.0,3.4,12,1913.7,0
2020-09-06 08:10:00,3,51,22.6,67,15.9,1011.9,1.7,2.7,12,1913.7,0
2020-09-06 08:13:00,3,51,22.6,68,16.0,1011.9,2.4,2.7,14,1913.7,0
2020-09-06 08:16:00,3,51,22.6,68,16.1,1011.9,1.7,2.4,10,1913.7,0
2020-09-06 08:19:00,3,51,22.5,68,16.3,1011.9,1.0,1.7,10,1913.7,0
2020-09-06 08:22:00,3,51,22.4,69,16.6,1011.9,1.0,1.7,14,1913.7,0
2020-09-06 08:25:00,3,51,22.3,67,16.9,1011.9,1.4,2.0,12,1913.7,0
2020-09-06 08:28:00,3,51,22.3,65,16.9,1011.9,3.4,4.4,12,1913.7,0
2020-09-06 08:31:00,3,51,22.2,64,16.8,1011.9,2.4,3.1,10,1913.7,0
2020-09-06 08:34:00,3,51,22.2,63,16.7,1011.9,1.7,2.0,12,1913.7,0
2020-09-06 08:37:00,3,51,22.2,63,16.7,1012.0,3.1,4.4,10,1913.7,0
2020-09-06 08:40:00,3,51,22.2,63,16.7,1012.0,1.0,1.7,7,1913.7,0
2020-09-06 08:43:00,3,51,22.1,64,16.8,1011.8,1.4,2.0,12,1913.7,0
2020-09-06 08:46:00,3,51,22.1,65,17.0,1011.9,1.7,2.0,12,1913.7,0
2020-09-06 08:49:00,3,51,22.0,65,17.4,1011.9,2.4,3.1,12,1913.7,0
2020-09-06 08:52:00,3,51,22.0,60,17.7,1011.8,2.4,3.1,14,1913.7,0
2020-09-06 08:55:00,3,52,21.9,59,17.6,1011.9,1.4,2.4,10,1913.7,0
2020-09-06 08:58:00,3,52,21.9,59,17.5,1011.8,0.7,1.4,14,1913.7,0
2020-09-06 09:01:00,3,53,21.9,60,17.7,1011.8,2.7,3.1,10,1913.7,0
2020-09-06 09:04:00,3,53,21.9,59,17.9,1011.8,1.7,2.4,10,1913.7,0
2020-09-06 09:07:00,3,53,21.9,58,18.1,1011.8,2.0,3.1,12,1913.7,0
2020-09-06 09:10:00,3,53,21.9,57,17.8,1011.7,1.4,1.7,8,1913.7,0
2020-09-06 09:13:00,3,53,21.8,56,17.7,1011.8,2.4,3.1,11,1913.7,0
2020-09-06 09:16:00,3,53,21.8,55,17.6,1011.8,2.0,3.1,12,1913.7,0
2020-09-06 09:19:00,3,53,21.8,60,17.4,1011.7,2.0,2.7,12,1913.7,0
2020-09-06 09:22:00,3,53,21.8,59,17.3,1011.7,2.7,3.7,12,1913.7,0
2020-09-06 09:25:00,3,53,21.8,60,17.3,1011.7,0.7,1.0,10,1913.7,0
2020-09-06 09:28:00,3,53,21.8,57,17.8,1011.6,1.0,1.4,12,1913.7,0
2020-09-06 09:31:00,3,53,21.8,54,18.1,1011.6,2.0,3.1,10,1913.7,0
2020-09-06 09:34:00,3,53,21.7,52,18.1,1011.6,2.0,2.7,11,1913.7,0
2020-09-06 09:37:00,3,53,21.7,53,18.2,1011.6,1.4,3.1,12,1913.7,0
2020-09-06 09:40:00,3,53,21.7,53,18.2,1011.7,2.0,2.7,14,1913.7,0
2020-09-06 09:43:00,3,53,21.7,53,18.4,1011.7,2.4,3.1,11,1913.7,0
2020-09-06 09:46:00,3,53,21.7,52,18.4,1011.7,3.1,5.1,12,1913.7,0
2020-09-06 09:49:00,3,53,21.6,52,18.4,1011.7,0.7,1.0,14,1913.7,0
2020-09-06 09:52:00,3,53,21.6,51,18.6,1011.7,1.7,2.0,0,1913.7,0
2020-09-06 09:55:00,3,53,21.6,51,18.6,1011.7,2.7,3.7,6,1913.7,0
2020-09-06 09:58:00,3,53,21.6,51,18.7,1011.7,2.4,3.7,10,1913.7,0
2020-09-06 10:01:00,3,53,21.6,50,18.5,1011.6,2.4,3.4,14,1913.7,0
2020-09-06 10:04:00,3,53,21.5,50,18.5,1011.7,2.4,3.4,14,1913.7,0
2020-09-06 10:07:00,3,53,21.5,50,17.9,1011.7,1.4,2.0,12,1913.7,0
2020-09-06 10:10:00,3,53,21.5,51,17.8,1011.6,1.4,2.0,11,1913.7,0
2020-09-06 10:13:00,3,53,21.5,54,18.2,1011.6,0.7,1.0,12,1913.7,0
2020-09-06 10:16:00,3,53,21.5,51,18.3,1011.6,1.7,2.4,14,1913.7,0
2020-09-06 10:19:00,3,53,21.5,52,18.1,1011.6,1.4,2.0,14,1913.7,0
2020-09-06 10:22:00,3,53,21.5,51,18.1,1011.5,2.0,2.4,12,1913.7,0
2020-09-06 10:25:00,3,53,21.5,52,18.3,1011.6,1.4,2.4,14,1913.7,0
2020-09-06 10:28:00,3,53,21.5,50,18.3,1011.6,1.7,2.4,12,1913.7,0
2020-09-06 10:31:00,3,54,21.5,50,18.2,1011.8,2.0,2.7,10,1913.7,0
2020-09-06 10:34:00,3,54,21.4,51,18.1,1011.6,2.0,2.7,12,1913.7,0
2020-09-06 10:37:00,3,54,21.4,50,18.1,1011.7,3.1,4.8,12,1913.7,0
2020-09-06 10:40:00,3,54,21.3,50,17.7,1011.7,1.7,3.1,10,1913.7,0
2020-09-06 10:43:00,3,54,21.3,52,17.5,1011.7,1.0,1.7,12,1913.7,0
2020-09-06 10:46:00,3,54,21.3,56,17.4,1011.6,2.0,2.4,10,1913.7,0
2020-09-06 10:49:00,3,54,21.3,53,17.5,1011.6,1.4,2.0,12,1913.7,0
2020-09-06 10:52:00,3,54,21.3,52,17.8,1011.6,1.7,2.4,14,1913.7,0
2020-09-06 10:55:00,3,54,21.3,51,18.0,1011.5,1.4,2.0,8,1913.7,0
2020-09-06 10:58:00,3,54,21.3,50,18.2,1011.5,2.4,3.7,0,1913.7,0
2020-09-06 11:01:00,3,54,21.3,51,18.7,1011.5,1.4,2.0,12,1913.7,0
2020-09-06 11:04:00,3,54,21.3,50,19.2,1011.5,1.4,2.0,12,1913.7,0
2020-09-06 11:07:00,3,54,21.3,47,19.0,1011.6,1.7,2.4,10,1913.7,0
2020-09-06 11:10:00,3,54,21.3,49,18.5,1011.5,2.0,3.4,12,1913.7,0
2020-09-06 11:13:00,3,54,21.3,50,17.9,1011.5,2.0,2.7,12,1913.7,0
2020-09-06 11:16:00,3,54,21.3,51,17.5,1011.6,1.7,2.0,10,1913.7,0
2020-09-06 11:19:00,3,55,21.3,55,17.2,1011.6,1.0,1.4,14,1913.7,0
2020-09-06 11:22:00,3,55,21.3,57,17.1,1011.7,1.4,2.0,10,1913.7,0
2020-09-06 11:25:00,3,55,21.3,56,17.0,1011.6,1.4,1.7,12,1913.7,0
2020-09-06 11:28:00,3,55,21.3,58,17.1,1011.6,1.4,1.7,12,1913.7,0
2020-09-06 11:31:00,3,55,21.3,53,17.7,1011.6,1.7,2.4,12,1913.7,0
2020-09-06 11:34:00,3,55,21.3,53,18.1,1011.6,1.4,1.7,12,1913.7,0
2020-09-06 11:37:00,3,55,21.3,52,18.8,1011.5,1.7,2.0,10,1913.7,0
2020-09-06 11:40:00,3,55,21.3,49,19.2,1011.5,2.4,3.7,8,1913.7,0
2020-09-06 11:43:00,3,54,21.3,46,19.0,1011.5,3.4,5.1,12,1913.7,0
2020-09-06 11:46:00,3,54,21.3,47,19.0,1011.6,1.7,2.0,14,1913.7,0
2020-09-06 11:49:00,3,54,21.3,47,19.2,1011.5,1.0,1.4,14,1913.7,0
2020-09-06 11:52:00,3,54,21.3,45,19.2,1011.6,2.4,3.7,12,1913.7,0
2020-09-06 11:55:00,3,54,21.3,47,19.2,1011.5,1.7,2.4,12,1913.7,0
2020-09-06 11:58:00,3,55,21.3,45,19.4,1011.5,3.1,3.7,10,1913.7,0
2020-09-06 12:01:00,3,55,21.3,45,19.4,1011.6,2.4,3.7,10,1913.7,0
2020-09-06 12:04:00,3,55,21.3,45,19.4,1011.5,2.4,3.7,10,1913.7,0
2020-09-06 12:07:00,3,55,21.3,45,19.8,1011.6,1.7,2.0,12,1913.7,0
2020-09-06 12:10:00,3,55,21.3,45,19.9,1011.5,1.7,2.4,12,1913.7,0
2020-09-06 12:13:00,3,55,21.3,45,19.7,1011.5,1.4,2.0,14,1913.7,0
2020-09-06 12:16:00,3,55,21.3,45,19.5,1011.5,2.4,3.1,10,1913.7,0
2020-09-06 12:19:00,3,55,21.3,45,19.5,1011.5,1.7,2.4,11,1913.7,0
2020-09-06 12:22:00,3,55,21.3,46,19.5,1011.6,1.4,2.4,11,1913.7,0
2020-09-06 12:25:00,3,55,21.3,45,19.2,1011.6,3.1,4.1,12,1913.7,0
2020-09-06 12:28:00,3,55,21.3,48,18.7,1011.6,1.0,1.4,14,1913.7,0
2020-09-06 12:31:00,3,55,21.4,50,18.8,1011.6,1.0,1.7,12,1913.7,0
2020-09-06 12:34:00,3,55,21.4,50,18.9,1011.7,0.7,1.0,12,1913.7,0
2020-09-06 12:37:00,3,55,21.4,48,18.8,1011.6,1.7,2.7,14,1913.7,0
2020-09-06 12:40:00,3,55,21.5,50,18.5,1011.6,1.4,1.7,12,1913.7,0
2020-09-06 12:43:00,3,55,21.5,50,18.4,1011.6,1.7,2.4,12,1913.7,0
2020-09-06 12:46:00,3,55,21.5,51,18.5,1011.6,1.4,1.7,0,1913.7,0
2020-09-06 12:49:00,3,55,21.5,51,18.7,1011.5,1.4,2.0,10,1913.7,0
2020-09-06 12:52:00,3,55,21.5,50,18.8,1011.5,1.7,2.4,9,1913.7,0
2020-09-06 12:55:00,3,55,21.5,49,18.9,1011.5,1.4,1.7,8,1913.7,0
2020-09-06 12:58:00,3,55,21.5,47,19.1,1011.5,1.7,2.0,14,1913.7,0
2020-09-06 13:01:00,3,55,21.6,48,19.1,1011.5,0.7,1.0,10,1913.7,0
2020-09-06 13:04:00,3,55,21.6,46,18.9,1011.5,1.7,2.4,12,1913.7,0
2020-09-06 13:07:00,3,55,21.6,47,18.6,1011.5,1.4,2.0,14,1913.7,0
2020-09-06 13:10:00,3,55,21.6,48,18.5,1011.5,1.7,2.0,8,1913.7,0
2020-09-06 13:13:00,3,55,21.6,49,18.5,1011.5,2.4,3.1,14,1913.7,0
2020-09-06 13:16:00,3,55,21.6,51,18.7,1011.5,2.0,2.4,14,1913.7,0
2020-09-06 13:19:00,3,55,21.7,50,19.2,1011.5,1.4,1.7,14,1913.7,0
2020-09-06 13:22:00,3,55,21.7,49,19.4,1011.5,1.0,1.7,0,1913.7,0
2020-09-06 13:25:00,3,55,21.7,45,19.4,1011.5,2.4,3.4,13,1913.7,0
2020-09-06 13:28:00,3,55,21.7,46,19.4,1011.5,2.0,3.1,10,1913.7,0
2020-09-06 13:31:00,3,55,21.7,47,19.6,1011.5,1.0,1.4,11,1913.7,0
2020-09-06 13:34:00,3,55,21.7,47,19.7,1011.6,1.4,1.7,14,1913.7,0
2020-09-06 13:37:00,3,55,21.7,45,19.9,1011.5,0.7,1.0,13,1913.7,0
2020-09-06 13:40:00,3,55,21.7,44,19.7,1011.5,1.7,2.0,8,1913.7,0
2020-09-06 13:43:00,3,55,21.7,44,19.3,1011.6,3.1,4.8,8,1913.7,0
2020-09-06 13:46:00,3,55,21.7,45,19.0,1011.7,1.4,1.7,10,1913.7,0
2020-09-06 13:49:00,3,55,21.8,46,18.7,1011.7,1.0,1.4,10,1913.7,0
2020-09-06 13:52:00,3,55,21.8,48,18.8,1011.6,1.0,1.7,12,1913.7,0
2020-09-06 13:55:00,3,55,21.8,47,18.8,1011.6,0.7,1.4,12,1913.7,0
2020-09-06 13:58:00,3,55,21.8,47,18.9,1011.7,1.4,1.7,12,1913.7,0
2020-09-06 14:01:00,3,55,21.8,47,18.9,1011.6,0.7,1.0,10,1913.7,0
2020-09-06 14:04:00,3,55,21.8,47,18.9,1011.5,0.7,1.0,10,1913.7,0
2020-09-06 14:07:00,3,55,21.8,46,18.5,1011.5,0,0.7,10,1913.7,0
2020-09-06 14:10:00,3,55,21.8,48,18.5,1011.5,0.3,0.7,10,1913.7,0
2020-09-06 14:13:00,3,55,21.8,50,18.5,1011.5,0.3,0.7,12,1913.7,0
2020-09-06 14:16:00,3,55,21.8,50,18.7,1011.6,1.7,2.4,12,1913.7,0
2020-09-06 14:19:00,3,54,21.8,47,18.9,1011.4,2.4,3.1,12,1913.7,0
2020-09-06 14:22:00,3,54,21.9,46,19.1,1011.6,2.0,2.7,10,1913.7,0
2020-09-06 14:25:00,3,54,21.9,44,19.5,1011.5,2.0,3.1,10,1913.7,0
2020-09-06 14:28:00,3,54,21.9,44,19.4,1011.5,3.4,5.4,14,1913.7,0
2020-09-06 14:31:00,3,54,21.9,45,19.3,1011.5,2.4,3.4,14,1913.7,0
2020-09-06 14:34:00,3,54,21.9,46,19.2,1011.5,1.0,1.4,11,1913.7,0
2020-09-06 14:37:00,3,54,21.9,48,19.0,1011.6,0.3,1.0,10,1913.7,0
2020-09-06 14:40:00,3,54,21.9,48,18.8,1011.5,1.0,1.7,12,1913.7,0
2020-09-06 14:43:00,3,54,21.9,46,18.5,1011.5,1.4,1.7,10,1913.7,0
2020-09-06 14:46:00,3,54,21.9,48,18.4,1011.6,0.3,0.7,12,1913.7,0
2020-09-06 14:49:00,3,54,21.9,49,18.6,1011.6,1.0,1.4,14,1913.7,0
2020-09-06 14:52:00,3,54,21.9,46,18.7,1011.5,0.7,1.4,10,1913.7,0
2020-09-06 14:55:00,3,54,21.9,47,19.0,1011.5,1.0,1.7,12,1913.7,0
2020-09-06 14:58:00,3,54,21.9,46,19.1,1011.6,0.7,1.7,12,1913.7,0
2020-09-06 15:01:00,3,54,21.9,48,19.5,1011.6,0.3,0.7,10,1913.7,0
2020-09-06 15:04:00,3,54,21.9,46,20.1,1011.6,1.4,1.7,10,1913.7,0
2020-09-06 15:07:00,3,54,21.9,44,20.4,1011.6,1.0,1.7,12,1913.7,0
2020-09-06 15:10:00,3,53,22.0,44,20.4,1011.6,2.0,2.7,12,1913.7,0
2020-09-06 15:13:00,3,53,22.0,44,20.1,1011.5,1.4,2.4,14,1913.7,0
2020-09-06 15:16:00,3,53,22.1,44,19.8,1011.7,1.4,2.0,12,1913.7,0
2020-09-06 15:19:00,3,52,22.1,45,19.9,1011.6,1.7,2.0,12,1913.7,0
2020-09-06 15:22:00,3,52,22.0,43,19.8,1011.6,1.4,2.0,12,1913.7,0
2020-09-06 15:25:00,3,52,22.1,44,19.7,1011.6,1.0,1.0,10,1913.7,0
2020-09-06 15:28:00,3,52,22.1,44,19.9,1011.6,1.4,2.0,10,1913.7,0
2020-09-06 15:31:00,3,52,22.1,43,19.9,1011.6,1.7,2.4,10,1913.7,0
2020-09-06 15:34:00,3,52,22.1,44,19.9,1011.6,0.7,1.0,12,1913.7,0
2020-09-06 15:37:00,3,52,22.1,44,20.1,1011.6,1.4,2.0,12,1913.7,0
2020-09-06 15:40:00,3,52,22.2,43,20.1,1011.7,1.7,2.7,12,1913.7,0
2020-09-06 15:43:00,3,52,22.2,44,20.0,1011.6,0.7,1.4,8,1913.7,0
2020-09-06 15:46:00,3,52,22.2,44,20.1,1011.6,1.4,2.7,12,1913.7,0
2020-09-06 15:49:00,3,52,22.2,44,20.0,1011.6,1.4,2.0,14,1913.7,0
2020-09-06 15:52:00,3,52,22.2,43,19.9,1011.6,1.7,2.0,14,1913.7,0
2020-09-06 15:55:00,3,52,22.2,44,19.8,1011.6,0.7,1.0,12,1913.7,0
2020-09-06 15:58:00,3,52,22.2,45,19.8,1011.6,1.0,1.4,14,1913.7,0
2020-09-06 16:01:00,3,52,22.2,46,19.6,1011.6,2.0,2.4,12,1913.7,0
2020-09-06 16:04:00,3,52,22.2,46,19.6,1011.8,2.0,2.4,12,1913.7,0
2020-09-06 16:07:00,3,52,22.3,47,19.0,1011.7,0.7,1.0,10,1913.7,0
2020-09-06 16:10:00,3,52,22.3,48,18.9,1011.7,1.7,2.4,12,1913.7,0
2020-09-06 16:13:00,3,52,22.3,49,18.6,1011.7,0.7,1.0,12,1913.7,0
2020-09-06 16:16:00,3,52,22.3,50,18.4,1011.7,0.7,1.0,12,1913.7,0
2020-09-06 16:19:00,3,52,22.3,50,18.2,1011.8,1.0,1.4,10,1913.7,0
2020-09-06 16:22:00,3,52,22.3,50,18.0,1011.8,1.0,1.4,12,1913.7,0
2020-09-06 16:25:00,3,52,22.3,50,17.9,1011.9,0.7,0.7,14,1913.7,0
2020-09-06 16:28:00,3,52,22.3,51,17.8,1012.0,0,0,10,1913.7,0
2020-09-06 16:31:00,3,52,22.3,52,17.7,1011.9,0,0,12,1913.7,0
2020-09-06 16:34:00,3,52,22.3,52,17.6,1011.9,0,0,12,1913.7,0
2020-09-06 16:37:00,3,52,22.3,53,17.5,1011.9,0,0,12,1913.7,0
2020-09-06 16:40:00,3,52,22.3,59,17.4,1012.0,0,0,14,1913.7,0
2020-09-06 16:43:00,3,52,22.3,60,17.3,1012.1,0,0,14,1913.7,0
2020-09-06 16:46:00,3,52,22.3,60,17.2,1012.1,0,0,12,1913.7,0
2020-09-06 16:49:00,3,52,22.3,60,17.2,1012.1,0,0,12,1913.7,0
2020-09-06 16:52:00,3,52,22.4,61,17.1,1012.2,0.3,0.7,14,1913.7,0
2020-09-06 16:55:00,3,52,22.4,60,17.0,1012.3,1.0,1.7,14,1913.7,0
2020-09-06 16:58:00,3,52,22.3,58,17.0,1012.2,0.7,1.4,12,1913.7,0
2020-09-06 17:01:00,3,52,22.4,59,17.0,1012.2,1.7,2.4,0,1913.7,0
2020-09-06 17:04:00,3,52,22.4,59,17.0,1012.3,1.4,1.7,14,1913.7,0
2020-09-06 17:07:00,3,52,22.4,60,16.9,1012.3,0.7,1.0,14,1913.7,0
2020-09-06 17:10:00,3,52,22.4,60,16.8,1012.3,0.7,0.7,14,1913.7,0
2020-09-06 17:13:00,3,52,22.4,61,16.8,1012.2,1.0,1.4,12,1913.7,0
2020-09-06 17:16:00,3,52,22.4,61,16.7,1012.4,0.3,0.7,14,1913.7,0
2020-09-06 17:19:00,3,52,22.4,61,16.6,1012.2,0,0.3,12,1913.7,0
2020-09-06 17:22:00,3,52,22.4,61,16.5,1012.3,0,0,12,1913.7,0
2020-09-06 17:25:00,3,52,22.4,61,16.5,1012.4,0.3,0.7,12,1913.7,0
2020-09-06 17:28:00,3,52,22.4,61,16.4,1012.4,0,0,14,1913.7,0
2020-09-06 17:31:00,3,52,22.4,62,16.3,1012.4,0,0,12,1913.7,0
2020-09-06 17:34:00,3,52,22.4,62,16.2,1012.5,0,0,12,1913.7,0
2020-09-06 17:37:00,3,52,22.3,62,16.1,1012.7,0,0,12,1913.7,0
2020-09-06 17:40:00,3,52,22.3,63,15.9,1012.6,0,0,12,1913.7,0
2020-09-06 17:43:00,3,52,22.3,63,15.7,1012.7,0,0,12,1913.7,0
2020-09-06 17:46:00,3,52,22.3,64,15.6,1012.6,0,0,12,1913.7,0
2020-09-06 17:49:00,3,52,22.3,64,15.4,1012.7,0,0,12,1913.7,0
2020-09-06 17:52:00,3,52,22.3,65,15.2,1012.6,0,0,0,1913.7,0
2020-09-06 17:55:00,3,52,22.3,65,15.0,1012.6,0,0,0,1913.7,0
2020-09-06 17:58:00,3,52,22.3,66,14.9,1012.6,0,0,0,1913.7,0
2020-09-06 18:01:00,3,52,22.3,67,14.7,1012.6,0,0,0,1913.7,0
2020-09-06 18:04:00,3,52,22.3,67,14.7,1012.6,0,0,0,1913.7,0
2020-09-06 18:07:00,3,52,22.3,69,14.3,1012.7,0,0,0,1913.7,0
2020-09-06 18:10:00,3,52,22.3,70,14.2,1012.6,0,0,0,1913.7,0
2020-09-06 18:13:00,3,52,22.3,70,14.1,1012.7,0,0,4,1913.7,0
2020-09-06 18:16:00,3,52,22.3,70,14.0,1012.7,0,0,4,1913.7,0
2020-09-06 18:19:00,3,52,22.3,71,13.9,1012.8,0,0,14,1913.7,0
2020-09-06 18:22:00,3,52,22.3,71,13.9,1012.7,0,0,14,1913.7,0
2020-09-06 18:25:00,3,52,22.3,71,13.8,1012.8,0,0,14,1913.7,0
2020-09-06 18:28:00,3,52,22.3,72,13.8,1012.7,0,0,14,1913.7,0
2020-09-06 18:31:00,3,52,22.3,72,13.8,1012.7,0,0,14,1913.7,0
2020-09-06 18:34:00,3,52,22.3,73,13.7,1012.7,0,0,14,1913.7,0
2020-09-06 18:37:00,3,52,22.3,73,13.7,1012.7,0,0,14,1913.7,0
2020-09-06 18:40:00,3,52,22.3,73,13.7,1012.8,0,0,14,1913.7,0
2020-09-06 18:43:00,3,52,22.3,73,13.7,1012.8,0,0,14,1913.7,0
2020-09-06 18:46:00,3,52,22.3,73,13.7,1012.8,0,0,14,1913.7,0
2020-09-06 18:49:00,3,52,22.3,74,13.6,1012.9,0,0,14,1913.7,0
2020-09-06 18:52:00,3,52,22.3,74,13.6,1012.8,0,0,14,1913.7,0
2020-09-06 18:55:00,3,52,22.3,74,13.6,1012.9,0,0,14,1913.7,0
2020-09-06 18:58:00,3,52,22.3,74,13.6,1012.9,0,0,14,1913.7,0
2020-09-06 19:01:00,3,52,22.2,75,13.6,1013.0,0,0,14,1913.7,0
2020-09-06 19:04:00,3,52,22.2,75,13.5,1012.9,0,0,14,1913.7,0
2020-09-06 19:07:00,3,52,22.2,75,13.4,1012.9,0,0,14,1913.7,0
2020-09-06 19:10:00,3,52,22.2,75,13.4,1013.0,0,0,14,1913.7,0
2020-09-06 19:13:00,3,52,22.2,76,13.3,1013.0,0,0,14,1913.7,0
2020-09-06 19:16:00,3,52,22.2,76,13.2,1012.9,0,0,14,1913.7,0
2020-09-06 19:19:00,3,52,22.2,76,13.2,1013.0,0,0,14,1913.7,0
2020-09-06 19:22:00,3,52,22.2,77,13.1,1013.0,0,0,14,1913.7,0
2020-09-06 19:25:00,3,52,22.2,77,13.1,1013.1,0,0,14,1913.7,0
2020-09-06 19:28:00,3,52,22.2,78,13.0,1013.2,0,0,14,1913.7,0
2020-09-06 19:31:00,3,52,22.2,78,13.0,1013.2,0,0,14,1913.7,0
2020-09-06 19:34:00,3,52,22.2,78,12.9,1013.2,0,0,14,1913.7,0
2020-09-06 19:37:00,3,52,22.2,78,12.9,1013.3,0,0,14,1913.7,0
2020-09-06 19:40:00,3,52,22.2,79,12.8,1013.2,0,0,14,1913.7,0
2020-09-06 19:43:00,3,52,22.2,79,12.8,1013.2,0,0,14,1913.7,0
2020-09-06 19:46:00,3,52,22.2,79,12.7,1013.2,0,0,14,1913.7,0
2020-09-06 19:49:00,3,52,22.2,80,12.6,1013.3,0,0,14,1913.7,0
2020-09-06 19:52:00,3,52,22.2,80,12.6,1013.3,0,0,14,1913.7,0
2020-09-06 19:55:00,3,52,22.1,80,12.5,1013.3,0,0,14,1913.7,0
2020-09-06 19:58:00,3,52,22.1,82,12.4,1013.3,0,0,14,1913.7,0
2020-09-06 20:01:00,3,52,22.1,83,12.4,1013.4,0,0,14,1913.7,0
2020-09-06 20:04:00,3,52,22.1,83,12.3,1013.5,0,0,14,1913.7,0
2020-09-06 20:07:00,3,52,22.1,83,12.2,1013.4,0,0,14,1913.7,0
2020-09-06 20:10:00,3,52,22.1,83,12.2,1013.4,0,0,14,1913.7,0
2020-09-06 20:13:00,3,52,22.1,84,12.2,1013.3,0,0,14,1913.7,0
2020-09-06 20:16:00,3,52,22.1,84,12.2,1013.4,0,0,14,1913.7,0
2020-09-06 20:19:00,3,52,22.1,84,12.2,1013.4,0,0,14,1913.7,0
2020-09-06 20:22:00,3,52,22.1,85,12.2,1013.4,0,0,14,1913.7,0
2020-09-06 20:25:00,3,52,22.1,85,12.3,1013.4,0,0,14,1913.7,0
2020-09-06 20:28:00,3,52,22.1,85,12.3,1013.5,0,0,14,1913.7,0
2020-09-06 20:31:00,3,52,22.1,86,12.3,1013.3,0,0,14,1913.7,0
2020-09-06 20:34:00,3,52,22.1,86,12.3,1013.4,0,0,14,1913.7,0
2020-09-06 20:37:00,3,52,22.1,86,12.4,1013.4,0,0,14,1913.7,0
2020-09-06 20:40:00,3,52,22.0,86,12.4,1013.4,0,0,14,1913.7,0
2020-09-06 20:43:00,3,52,22.0,83,12.5,1013.5,0,0,4,1913.7,0
2020-09-06 20:46:00,3,52,22.0,83,12.5,1013.4,0,0,12,1913.7,0
2020-09-06 20:49:00,3,52,22.0,83,12.6,1013.4,0,0,0,1913.7,0
2020-09-06 20:52:00,3,52,22.0,83,12.6,1013.5,0,0,0,1913.7,0
2020-09-06 20:55:00,3,52,22.0,83,12.7,1013.4,0,0,0,1913.7,0
2020-09-06 20:58:00,3,52,22.0,83,12.7,1013.3,0,0,0,1913.7,0
2020-09-06 21:01:00,3,52,22.0,83,12.7,1013.4,0,0,0,1913.7,0
2020-09-06 21:04:00,3,53,21.9,83,12.7,1013.4,0,0,0,1913.7,0
2020-09-06 21:07:00,3,53,21.9,83,12.7,1013.4,0,0,12,1913.7,0
2020-09-06 21:10:00,3,53,21.9,83,12.7,1013.5,0,0,12,1913.7,0
2020-09-06 21:13:00,3,53,21.9,83,12.7,1013.4,0,0,12,1913.7,0
2020-09-06 21:16:00,3,53,21.9,83,12.7,1013.4,0,0,14,1913.7,0
2020-09-06 21:19:00,3,53,21.9,83,12.8,1013.5,0,0.3,14,1913.7,0
2020-09-06 21:22:00,3,53,21.9,83,12.7,1013.5,0,0,14,1913.7,0
2020-09-06 21:25:00,3,53,21.9,82,12.7,1013.6,0,0,14,1913.7,0
2020-09-06 21:28:00,3,53,21.9,82,12.6,1013.5,0,0,14,1913.7,0
2020-09-06 21:31:00,3,53,21.9,82,12.6,1013.4,0,0,14,1913.7,0
2020-09-06 21:34:00,3,53,21.9,82,12.5,1013.5,0,0,14,1913.7,0
2020-09-06 21:37:00,3,53,21.9,85,12.4,1013.6,0,0,14,1913.7,0
2020-09-06 21:40:00,3,53,21.9,85,12.3,1013.5,0,0.3,14,1913.7,0
2020-09-06 21:43:00,3,53,21.9,85,12.3,1013.5,0,0,14,1913.7,0
2020-09-06 21:46:00,3,53,21.9,85,12.2,1013.5,0,0,14,1913.7,0
2020-09-06 21:49:00,3,53,21.9,85,12.2,1013.6,0,0,14,1913.7,0
2020-09-06 21:52:00,3,53,21.8,85,12.1,1013.5,0,0,14,1913.7,0
2020-09-06 21:55:00,3,53,21.8,86,12.0,1013.5,0,0,14,1913.7,0
2020-09-06 21:58:00,3,53,21.8,86,12.0,1013.6,0,0,14,1913.7,0
2020-09-06 22:01:00,3,53,21.8,86,11.9,1013.5,0,0,14,1913.7,0
2020-09-06 22:04:00,3,53,21.8,86,11.9,1013.5,0,0,14,1913.7,0
2020-09-06 22:07:00,3,53,21.8,87,11.8,1013.5,0,0.3,14,1913.7,0
2020-09-06 22:10:00,3,53,21.8,87,11.8,1013.5,0,0,14,1913.7,0
2020-09-06 22:13:00,3,53,21.8,88,11.8,1013.6,0,0,14,1913.7,0
2020-09-06 22:16:00,3,53,21.8,88,11.7,1013.6,0,0,14,1913.7,0
2020-09-06 22:19:00,3,53,21.8,88,11.7,1013.5,0,0,14,1913.7,0
2020-09-06 22:22:00,3,53,21.8,88,11.7,1013.6,0,0,14,1913.7,0
2020-09-06 22:25:00,3,53,21.8,89,11.6,1013.6,0,0,14,1913.7,0
2020-09-06 22:28:00,3,53,21.8,89,11.6,1013.7,0,0,14,1913.7,0
2020-09-06 22:31:00,3,53,21.8,89,11.5,1013.6,0,0,14,1913.7,0
2020-09-06 22:34:00,3,53,21.8,89,11.5,1013.6,0,0,0,1913.7,0
2020-09-06 22:37:00,3,53,21.8,89,11.4,1013.7,0,0,0,1913.7,0
2020-09-06 22:40:00,3,53,21.8,90,11.3,1013.8,0,0,0,1913.7,0
2020-09-06 22:43:00,3,53,21.7,90,11.2,1013.8,0,0,0,1913.7,0
2020-09-06 22:46:00,3,53,21.7,90,11.2,1013.8,0,0,0,1913.7,0
2020-09-06 22:49:00,3,53,21.7,90,11.1,1013.9,0,0,0,1913.7,0
2020-09-06 22:52:00,3,53,21.7,90,11.0,1013.7,0,0,0,1913.7,0
2020-09-06 22:55:00,3,53,21.7,90,11.0,1013.9,0,0,0,1913.7,0
2020-09-06 22:58:00,3,53,21.7,90,10.9,1013.9,0,0,0,1913.7,0
2020-09-06 23:01:00,3,53,21.7,90,10.8,1013.8,0,0,0,1913.7,0
2020-09-06 23:04:00,3,53,21.7,90,10.8,1013.9,0,0,0,1913.7,0
2020-09-06 23:07:00,3,53,21.7,90,10.7,1013.9,0,0,6,1913.7,0
2020-09-06 23:10:00,3,53,21.7,90,10.7,1013.9,0,0,6,1913.7,0
2020-09-06 23:13:00,3,53,21.7,90,10.6,1013.9,0,0,6,1913.7,0
2020-09-06 23:16:00,3,53,21.7,90,10.5,1013.9,0,0,6,1913.7,0
2020-09-06 23:19:00,3,53,21.7,90,10.4,1014.0,0,0,6,1913.7,0
2020-09-06 23:22:00,3,53,21.7,90,10.4,1013.8,0,0,6,1913.7,0
2020-09-06 23:25:00,3,53,21.7,90,10.3,1014.0,0,0,6,1913.7,0
2020-09-06 23:28:00,3,53,21.6,90,10.3,1013.9,0,0,6,1913.7,0
2020-09-06 23:31:00,3,53,21.6,90,10.2,1014.0,0,0,6,1913.7,0
2020-09-06 23:34:00,3,53,21.6,90,10.2,1014.0,0,0,6,1913.7,0
2020-09-06 23:37:00,3,53,21.6,91,10.1,1013.9,0,0,6,1913.7,0
2020-09-06 23:40:00,3,53,21.6,91,10.1,1014.0,0,0,6,1913.7,0
2020-09-06 23:43:00,3,53,21.6,91,10.1,1014.0,0,0,6,1913.7,0
2020-09-06 23:46:00,3,53,21.6,91,10.1,1014.1,0,0,6,1913.7,0
2020-09-06 23:49:00,3,53,21.6,91,10.1,1014.0,0,0,6,1913.7,0
2020-09-06 23:52:00,3,53,21.6,91,10.1,1014.1,0,0,6,1913.7,0
2020-09-06 23:55:00,3,53,21.5,91,10.1,1014.0,0,0,6,1913.7,0
2020-09-06 23:58:00,3,53,21.5,91,10.1,1014.0,0,0,6,1913.7,0
