2020-09-04 00:01:00,3,53,22.2,99,15.2,1012.0,0,0.3,10,1905.6,0
2020-09-04 00:04:00,3,53,22.2,99,15.2,1012.0,0.3,0.7,12,1905.6,0
2020-09-04 00:07:00,3,53,22.2,99,15.3,1012.0,0.3,0.7,12,1905.6,0
2020-09-04 00:10:00,3,53,22.2,99,15.3,1011.9,0.7,1.0,14,1905.6,0
2020-09-04 00:13:00,3,53,22.2,99,15.3,1012.0,0.7,1.0,10,1905.6,0
2020-09-04 00:16:00,3,53,22.2,99,15.3,1011.9,0.3,1.0,12,1905.6,0
2020-09-04 00:19:00,3,53,22.2,99,15.3,1011.9,1.0,1.7,6,1905.9,0
2020-09-04 00:22:00,3,53,22.2,99,15.3,1011.9,0.7,1.0,13,1905.9,0
2020-09-04 00:25:00,3,53,22.2,99,15.3,1011.9,0.7,1.0,9,1905.9,0
2020-09-04 00:28:00,3,53,22.2,99,15.3,1012.0,1.0,1.4,8,1905.9,0
2020-09-04 00:31:00,3,53,22.2,99,15.3,1011.8,0.7,1.4,12,1905.9,0
2020-09-04 00:34:00,3,53,22.2,99,15.3,1011.9,1.0,1.4,10,1905.9,0
2020-09-04 00:37:00,3,53,22.2,99,15.3,1011.8,0.7,1.0,14,1905.9,0
2020-09-04 00:40:00,3,53,22.2,99,15.3,1011.9,0.3,0.7,8,1905.9,0
2020-09-04 00:43:00,3,53,22.2,99,15.4,1011.9,1.4,1.7,8,1906.2,0
2020-09-04 00:46:00,3,53,22.2,99,15.4,1011.9,0.3,0.7,0,1906.2,0
2020-09-04 00:49:00,3,53,22.2,99,15.4,1011.8,0.3,0.3,8,1906.2,0
2020-09-04 00:52:00,3,53,22.2,99,15.4,1011.9,1.0,1.7,8,1906.5,0
2020-09-04 00:55:00,3,53,22.2,99,15.4,1011.7,0.3,1.0,10,1906.5,0
2020-09-04 00:58:00,3,53,22.2,99,15.4,1011.8,0.7,1.4,8,1906.5,0
2020-09-04 01:01:00,3,53,22.2,99,15.4,1011.8,0.3,0.7,12,1906.8,0
2020-09-04 01:04:00,3,53,22.2,99,15.4,1011.8,0.3,0.7,12,1906.8,0
2020-09-04 01:07:00,3,53,22.2,99,15.4,1011.7,0.3,0.7,10,1907.1,0
2020-09-04 01:10:00,3,53,22.2,99,15.4,1011.7,0.7,1.0,9,1907.1,0
2020-09-04 01:13:00,3,53,22.1,99,15.4,1011.7,1.0,2.0,10,1907.1,0
2020-09-04 01:16:00,3,53,22.1,99,15.4,1011.7,0.7,1.0,0,1907.4,0
2020-09-04 01:19:00,3,53,22.1,99,15.4,1011.7,0.7,1.0,10,1907.4,0
2020-09-04 01:22:00,3,53,22.2,99,15.4,1011.6,0.7,1.4,14,1907.4,0
2020-09-04 01:25:00,3,53,22.1,99,15.5,1011.6,1.4,2.0,12,1907.4,0
2020-09-04 01:28:00,3,53,22.1,99,15.5,1011.5,0,0.3,10,1907.4,0
2020-09-04 01:31:00,3,53,22.1,99,15.5,1011.6,0.3,0.7,12,1907.4,0
2020-09-04 01:34:00,3,53,22.1,99,15.5,1011.5,0.3,0.7,14,1907.7,0
2020-09-04 01:37:00,3,53,22.1,99,15.5,1011.6,0.7,1.0,14,1907.7,0
2020-09-04 01:40:00,3,53,22.1,99,15.5,1011.5,1.0,1.4,10,1907.7,0
2020-09-04 01:43:00,3,53,22.1,99,15.5,1011.5,0.7,1.4,14,1907.7,0
2020-09-04 01:46:00,3,53,22.1,99,15.5,1011.5,0.7,1.0,14,1907.7,0
2020-09-04 01:49:00,3,53,22.1,99,15.5,1011.5,0.3,1.0,12,1907.7,0
2020-09-04 01:52:00,3,53,22.1,99,15.5,1011.4,0.7,1.4,4,1907.7,0
2020-09-04 01:55:00,3,53,22.1,99,15.5,1011.5,0.7,1.0,12,1907.7,0
2020-09-04 01:58:00,3,53,22.1,99,15.5,1011.5,0.7,1.0,10,1907.7,0
2020-09-04 02:01:00,3,53,22.1,99,15.5,1011.5,0.3,0.7,11,1907.7,0
2020-09-04 02:04:00,3,53,22.1,99,15.5,1011.6,0.3,0.7,11,1907.7,0
2020-09-04 02:07:00,3,53,22.1,99,15.6,1011.5,0,0.3,12,1907.7,0
2020-09-04 02:10:00,3,53,22.1,99,15.6,1011.6,1.0,1.7,8,1907.7,0
2020-09-04 02:13:00,3,53,22.1,99,15.6,1011.5,0.3,0.7,14,1907.7,0
2020-09-04 02:16:00,3,53,22.1,99,15.6,1011.5,0.7,1.4,14,1907.7,0
2020-09-04 02:19:00,3,53,22.1,99,15.6,1011.5,0.7,1.0,12,1907.7,0
2020-09-04 02:22:00,3,53,22.0,99,15.6,1011.6,1.4,1.7,10,1907.7,0
2020-09-04 02:25:00,3,53,22.0,99,15.7,1011.5,0,0.7,10,1907.7,0
2020-09-04 02:28:00,3,53,22.0,99,15.7,1011.4,0.7,1.0,12,1908.0,0
2020-09-04 02:31:00,3,53,22.0,99,15.7,1011.4,1.4,2.7,10,1908.0,0
2020-09-04 02:34:00,3,53,22.0,99,15.7,1011.4,1.4,1.7,14,1908.0,0
2020-09-04 02:37:00,3,53,22.0,99,15.7,1011.3,1.4,1.7,14,1908.0,0
2020-09-04 02:40:00,3,53,22.0,99,15.7,1011.4,1.0,1.4,10,1908.0,0
2020-09-04 02:43:00,3,53,22.0,99,15.7,1011.4,0.3,0.7,12,1908.0,0
2020-09-04 02:46:00,3,53,22.0,99,15.7,1011.3,0.7,1.0,12,1908.0,0
2020-09-04 02:49:00,3,54,21.9,99,15.7,1011.3,1.7,2.0,12,1908.0,0
2020-09-04 02:52:00,3,54,21.9,99,15.7,1011.4,0.7,1.0,10,1908.0,0
2020-09-04 02:55:00,3,54,21.9,99,15.8,1011.3,0.7,1.0,8,1908.0,0
2020-09-04 02:58:00,3,54,21.9,99,15.8,1011.3,1.0,1.7,8,1908.0,0
2020-09-04 03:01:00,3,54,21.9,99,15.8,1011.3,0.7,1.0,12,1908.0,0
2020-09-04 03:04:00,3,54,21.9,99,15.8,1011.4,0.7,1.0,12,1908.0,0
2020-09-04 03:07:00,3,54,21.9,99,15.8,1011.3,0.7,1.0,12,1908.0,0
2020-09-04 03:10:00,3,54,21.9,99,15.8,1011.3,0.3,1.0,14,1908.0,0
2020-09-04 03:13:00,3,54,21.9,99,15.8,1011.4,1.0,1.7,10,1908.0,0
2020-09-04 03:16:00,3,54,21.9,99,15.9,1011.4,1.0,1.4,10,1908.0,0
2020-09-04 03:19:00,3,54,21.9,99,15.9,1011.5,0.7,1.0,10,1908.0,0
2020-09-04 03:22:00,3,54,21.9,99,15.9,1011.4,0.3,0.7,12,1908.0,0
2020-09-04 03:25:00,3,54,21.9,99,15.9,1011.5,0,0.3,8,1908.0,0
2020-09-04 03:28:00,3,54,21.9,99,15.9,1011.5,0.7,1.0,10,1908.0,0
2020-09-04 03:31:00,3,54,21.9,99,15.9,1011.4,0.7,1.0,12,1908.3,0
2020-09-04 03:34:00,3,54,21.9,99,15.9,1011.5,0.7,1.0,12,1908.3,0
2020-09-04 03:37:00,3,54,21.9,99,15.9,1011.4,0.7,1.0,10,1908.3,0
2020-09-04 03:40:00,3,54,21.9,99,15.9,1011.5,1.0,1.7,10,1908.3,0
2020-09-04 03:43:00,3,54,21.9,99,15.9,1011.5,0.3,0.7,10,1908.3,0
2020-09-04 03:46:00,3,54,21.9,99,15.9,1011.6,1.0,1.4,12,1908.3,0
2020-09-04 03:49:00,3,54,21.9,99,15.9,1011.5,0.7,1.0,12,1908.3,0
2020-09-04 03:52:00,3,54,21.9,99,15.9,1011.5,1.0,1.4,12,1908.3,0
2020-09-04 03:55:00,3,54,21.9,99,15.9,1011.5,0.7,1.0,10,1908.3,0
2020-09-04 03:58:00,3,54,21.9,99,15.9,1011.6,0.3,0.7,8,1908.3,0
2020-09-04 04:01:00,3,54,21.9,99,15.9,1011.6,0.3,0.7,12,1908.3,0
2020-09-04 04:04:00,3,54,21.9,99,15.9,1011.6,0.3,0.7,12,1908.3,0
2020-09-04 04:07:00,3,54,21.8,99,15.9,1011.7,0.3,0.7,10,1908.3,0
2020-09-04 04:10:00,3,54,21.9,99,15.9,1011.7,0,0.3,10,1908.3,0
2020-09-04 04:13:00,3,54,21.9,99,15.9,1011.7,0,0.7,10,1908.3,0
2020-09-04 04:16:00,3,54,21.8,99,15.9,1011.7,0.3,0.7,12,1908.3,0
2020-09-04 04:19:00,3,54,21.8,99,15.9,1011.7,0.3,0.7,10,1908.3,0
2020-09-04 04:22:00,3,54,21.8,99,15.9,1011.8,0,0,10,1908.3,0
2020-09-04 04:25:00,3,55,21.8,99,15.9,1011.7,0.3,0.7,12,1908.3,0
2020-09-04 04:28:00,3,55,21.8,99,15.9,1011.8,0.3,0.7,10,1908.3,0
2020-09-04 04:31:00,3,55,21.8,99,15.9,1011.7,0.7,1.0,14,1908.3,0
2020-09-04 04:34:00,3,55,21.8,99,15.9,1011.9,0,0.3,14,1908.3,0
2020-09-04 04:37:00,3,55,21.8,99,15.9,1011.9,0.7,1.4,12,1908.3,0
2020-09-04 04:40:00,3,55,21.8,99,15.9,1011.9,1.4,2.0,8,1908.3,0
2020-09-04 04:43:00,3,55,21.8,99,15.9,1011.8,0.3,0.7,6,1908.3,0
2020-09-04 04:46:00,3,55,21.8,99,15.9,1011.8,1.4,2.0,10,1908.3,0
2020-09-04 04:49:00,3,55,21.8,99,15.9,1011.7,0,0,6,1908.3,0
2020-09-04 04:52:00,3,55,21.8,99,15.8,1011.8,1.0,1.4,6,1908.3,0
2020-09-04 04:55:00,3,55,21.8,99,15.8,1011.6,0.3,1.0,9,1908.3,0
2020-09-04 04:58:00,3,55,21.8,99,15.8,1011.7,0,0.7,14,1908.3,0
2020-09-04 05:01:00,3,55,21.8,99,15.8,1011.8,0,0.3,12,1908.3,0
2020-09-04 05:04:00,3,55,21.8,99,15.8,1011.8,0,0,14,1908.3,0
2020-09-04 05:07:00,3,55,21.8,99,15.8,1011.8,0,0.3,12,1908.3,0
2020-09-04 05:10:00,3,55,21.8,99,15.8,1011.8,0,0.3,12,1908.3,0
2020-09-04 05:13:00,3,55,21.8,99,15.8,1011.9,0.3,0.7,10,1908.3,0
2020-09-04 05:16:00,3,55,21.8,99,15.8,1011.9,0.3,0.7,12,1908.3,0
2020-09-04 05:19:00,3,55,21.8,99,15.8,1012.1,0.7,1.0,8,1908.3,0
2020-09-04 05:22:00,3,55,21.8,99,15.8,1012.1,1.0,1.7,12,1908.3,0
2020-09-04 05:25:00,3,55,21.8,99,15.8,1012.2,0.7,1.0,10,1908.3,0
2020-09-04 05:28:00,3,55,21.8,99,15.8,1012.0,0.7,1.0,13,1908.3,0
2020-09-04 05:31:00,3,55,21.8,99,15.8,1012.0,0.3,1.0,10,1908.3,0
2020-09-04 05:34:00,3,55,21.8,99,15.8,1011.9,0.3,0.3,10,1908.3,0
2020-09-04 05:37:00,3,55,21.8,99,15.9,1012.0,0.3,0.7,12,1908.3,0
2020-09-04 05:40:00,3,55,21.8,99,15.9,1012.1,0.3,0.7,12,1908.3,0
2020-09-04 05:43:00,3,55,21.8,99,15.9,1012.2,0.3,0.7,12,1908.3,0
2020-09-04 05:46:00,3,56,21.8,99,15.9,1012.0,0.3,0.7,15,1908.3,0
2020-09-04 05:49:00,3,56,21.8,99,15.9,1012.2,0.3,0.7,10,1908.3,0
2020-09-04 05:52:00,3,57,21.8,99,15.9,1012.3,0.7,1.0,12,1908.3,0
2020-09-04 05:55:00,3,57,21.9,99,16.0,1012.3,0.3,0.7,12,1908.3,0
2020-09-04 05:58:00,3,57,21.9,99,16.0,1012.3,0.7,1.0,12,1908.3,0
2020-09-04 06:01:00,3,57,21.9,99,16.0,1012.3,1.4,1.7,12,1908.3,0
2020-09-04 06:04:00,3,56,22.1,99,16.0,1012.4,1.4,1.7,12,1908.3,0
2020-09-04 06:07:00,3,56,22.2,99,16.1,1012.4,0.7,1.0,10,1908.3,0
2020-09-04 06:10:00,3,56,22.2,99,16.1,1012.4,0,0.3,10,1908.3,0
2020-09-04 06:13:00,3,56,22.3,99,16.1,1012.5,0.3,0.7,12,1908.3,0
2020-09-04 06:16:00,3,55,22.3,99,16.1,1012.6,0.3,0.7,12,1908.3,0
2020-09-04 06:19:00,3,55,22.5,99,16.2,1012.6,0.3,0.7,10,1908.3,0
2020-09-04 06:22:00,3,55,22.5,99,16.2,1012.6,0.3,0.7,10,1908.3,0
2020-09-04 06:25:00,3,55,22.6,99,16.2,1012.6,0.3,0.7,12,1908.3,0
2020-09-04 06:28:00,3,55,22.6,99,16.2,1012.6,0,0.3,8,1908.3,0
2020-09-04 06:31:00,3,55,22.7,99,16.2,1012.6,0,0,12,1908.3,0
2020-09-04 06:34:00,3,55,22.7,99,16.2,1012.6,0,0,10,1908.3,0
2020-09-04 06:37:00,3,54,22.7,99,16.2,1012.8,0.3,0.7,0,1908.3,0
2020-09-04 06:40:00,3,54,22.9,99,16.3,1012.8,0.3,0.7,12,1908.3,0
2020-09-04 06:43:00,3,55,23.0,99,16.3,1012.7,0.3,0.7,12,1908.3,0
2020-09-04 06:46:00,3,55,23.0,99,16.3,1012.9,0.7,1.0,13,1908.3,0
2020-09-04 06:49:00,3,55,23.0,99,16.3,1013.0,0.7,1.0,8,1908.3,0
2020-09-04 06:52:00,3,55,23.1,99,16.3,1013.0,0.3,0.7,14,1908.3,0
2020-09-04 06:55:00,3,55,23.1,99,16.3,1013.1,0.7,1.4,10,1908.3,0
2020-09-04 06:58:00,3,55,23.2,99,16.3,1013.0,0,0,10,1908.3,0
2020-09-04 07:01:00,3,55,23.3,99,16.3,1013.1,0.3,1.0,10,1908.3,0
2020-09-04 07:04:00,3,55,23.3,99,16.3,1013.1,0.7,1.0,10,1908.3,0
2020-09-04 07:07:00,3,55,23.4,99,16.4,1013.2,1.0,1.4,10,1908.3,0
2020-09-04 07:10:00,3,55,23.4,99,16.4,1013.2,0.3,0.7,10,1908.3,0
2020-09-04 07:13:00,3,55,23.4,99,16.4,1013.3,1.4,1.7,10,1908.3,0
2020-09-04 07:16:00,3,55,23.5,99,16.4,1013.2,0.3,0.7,10,1908.3,0
2020-09-04 07:19:00,3,54,23.6,99,16.4,1013.3,0.7,1.0,14,1908.3,0
2020-09-04 07:22:00,3,54,23.6,99,16.4,1013.3,0.7,1.0,10,1908.3,0
2020-09-04 07:25:00,3,54,23.6,99,16.4,1013.5,0.7,1.0,10,1908.3,0
2020-09-04 07:28:00,3,54,23.6,99,16.4,1013.6,0.7,0.7,12,1908.3,0
2020-09-04 07:31:00,3,54,23.7,99,16.4,1013.6,0.3,0.7,12,1908.3,0
2020-09-04 07:34:00,3,54,23.6,99,16.4,1013.7,0,0.3,12,1908.3,0
2020-09-04 07:37:00,3,54,23.6,99,16.5,1013.6,0.7,1.0,14,1908.3,0
2020-09-04 07:40:00,3,54,23.5,99,16.5,1013.7,0,0,12,1908.3,0
2020-09-04 07:43:00,3,54,23.4,99,16.5,1013.6,0.3,1.0,10,1908.3,0
2020-09-04 07:46:00,3,54,23.4,99,16.5,1013.5,0.7,1.4,10,1908.3,0
2020-09-04 07:49:00,3,54,23.4,99,16.5,1013.7,0.7,1.0,12,1908.3,0
2020-09-04 07:52:00,3,55,23.3,99,16.5,1013.7,0.3,0.7,10,1908.3,0
2020-09-04 07:55:00,3,55,23.3,99,16.6,1013.7,0.3,0.7,10,1908.3,0
2020-09-04 07:58:00,3,55,23.2,99,16.6,1013.7,0.3,0.7,10,1908.3,0
2020-09-04 08:01:00,3,55,23.2,99,16.7,1013.7,0,0.3,8,1908.3,0
2020-09-04 08:04:00,3,55,23.1,99,16.7,1013.7,0,0.3,8,1908.3,0
2020-09-04 08:07:00,3,55,23.1,99,16.8,1013.8,0.3,0.3,12,1908.3,0
2020-09-04 08:10:00,3,55,23.1,99,16.8,1013.8,0.3,0.7,10,1908.3,0
2020-09-04 08:13:00,3,55,23.1,99,16.8,1013.7,0,0,10,1908.3,0
2020-09-04 08:16:00,3,55,23.0,99,16.8,1013.8,0,0,12,1908.3,0
2020-09-04 08:19:00,3,55,23.0,99,16.8,1013.8,0,0,10,1908.3,0
2020-09-04 08:22:00,3,55,23.0,99,16.8,1013.9,0.7,1.0,14,1908.3,0
2020-09-04 08:25:00,3,55,23.0,99,16.8,1013.8,0,0.3,12,1908.3,0
2020-09-04 08:28:00,3,55,23.0,99,16.8,1013.8,0,0.3,10,1908.3,0
2020-09-04 08:31:00,3,54,22.9,99,16.8,1013.8,0,0,10,1908.3,0
2020-09-04 08:34:00,3,54,22.9,99,16.8,1013.8,0,0,8,1908.3,0
2020-09-04 08:37:00,3,54,22.8,99,16.9,1013.8,0,0.3,12,1908.3,0
2020-09-04 08:40:00,3,54,22.8,99,16.9,1013.9,0,0,14,1908.3,0
2020-09-04 08:43:00,3,54,22.7,99,16.9,1014.1,0.3,0.7,12,1908.3,0
2020-09-04 08:46:00,3,54,22.7,99,16.9,1014.0,0,0,10,1908.3,0
2020-09-04 08:49:00,3,55,22.7,99,17.0,1014.0,0,0,10,1908.3,0
2020-09-04 08:52:00,3,55,22.7,99,17.0,1014.2,0.3,0.7,14,1908.3,0
2020-09-04 08:55:00,3,55,22.8,99,17.1,1014.2,0.3,0.7,10,1908.3,0
2020-09-04 08:58:00,3,55,22.9,99,17.1,1014.1,1.0,1.4,12,1908.3,0
2020-09-04 09:01:00,3,55,22.9,99,17.1,1014.1,0.7,1.0,12,1908.3,0
2020-09-04 09:04:00,3,55,23.0,99,17.2,1014.1,0.7,1.4,10,1908.3,0
2020-09-04 09:07:00,3,55,23.0,99,17.2,1014.2,0.7,1.0,12,1908.3,0
2020-09-04 09:10:00,3,55,23.0,99,17.3,1014.1,1.0,1.0,10,1908.3,0
2020-09-04 09:13:00,3,55,23.1,99,17.4,1014.1,0.3,1.0,12,1908.3,0
2020-09-04 09:16:00,3,55,23.2,99,17.5,1014.2,1.0,1.7,10,1908.3,0
2020-09-04 09:19:00,3,55,23.3,99,17.7,1014.2,1.0,1.4,12,1908.3,0
2020-09-04 09:22:00,3,55,23.3,99,17.7,1014.3,0.3,0.7,7,1908.3,0
2020-09-04 09:25:00,3,55,23.3,99,17.9,1014.1,1.7,2.0,12,1908.3,0
2020-09-04 09:28:00,3,55,23.2,98,18.1,1014.1,1.0,1.4,11,1908.3,0
2020-09-04 09:31:00,3,55,23.1,96,18.5,1014.0,0.7,1.0,8,1908.3,0
2020-09-04 09:34:00,3,55,23.1,94,18.9,1014.1,0.3,0.7,9,1908.3,0
2020-09-04 09:37:00,3,55,23.1,92,19.2,1014.0,1.0,1.7,12,1908.3,0
2020-09-04 09:40:00,3,55,23.1,88,19.4,1014.0,1.4,2.4,12,1908.3,0
2020-09-04 09:43:00,3,55,23.0,83,19.3,1014.1,1.7,2.4,12,1908.3,0
2020-09-04 09:46:00,3,55,23.0,81,19.2,1014.2,1.0,2.0,10,1908.3,0
2020-09-04 09:49:00,3,55,23.0,80,18.9,1014.0,1.0,1.4,10,1908.3,0
2020-09-04 09:52:00,3,55,23.0,81,19.0,1014.2,0.7,1.4,10,1908.3,0
2020-09-04 09:55:00,3,55,23.0,81,19.1,1014.1,1.0,1.4,10,1908.3,0
2020-09-04 09:58:00,3,55,23.0,81,19.4,1014.2,1.0,1.4,14,1908.3,0
2020-09-04 10:01:00,3,54,22.9,81,19.7,1014.2,0,0.3,12,1908.3,0
2020-09-04 10:04:00,3,54,22.9,81,19.7,1014.1,0,0.3,12,1908.3,0
2020-09-04 10:07:00,3,54,22.9,78,20.0,1014.1,1.4,2.4,10,1908.3,0
2020-09-04 10:10:00,3,54,22.9,76,19.9,1014.1,1.4,1.7,10,1908.3,0
2020-09-04 10:13:00,3,55,22.9,76,19.8,1014.1,1.4,2.4,8,1908.3,0
2020-09-04 10:16:00,3,55,22.9,75,19.8,1014.0,1.4,1.7,10,1908.3,0
2020-09-04 10:19:00,3,55,22.9,75,19.9,1013.9,1.0,1.4,14,1908.3,0
2020-09-04 10:22:00,3,55,22.8,74,19.9,1013.9,1.7,2.0,14,1908.3,0
2020-09-04 10:25:00,3,55,22.8,75,20.0,1013.9,1.4,2.0,12,1908.3,0
2020-09-04 10:28:00,3,55,22.8,74,20.2,1013.9,1.4,1.7,10,1908.3,0
2020-09-04 10:31:00,3,55,22.8,74,20.4,1013.8,0.7,1.0,10,1908.3,0
2020-09-04 10:34:00,3,55,22.8,73,20.5,1013.9,2.4,2.7,10,1908.3,0
2020-09-04 10:37:00,3,55,22.8,73,20.7,1013.9,0.7,1.4,12,1908.3,0
2020-09-04 10:40:00,3,55,22.7,71,20.9,1013.9,2.7,3.4,10,1908.3,0
2020-09-04 10:43:00,3,55,22.7,70,20.8,1014.0,0.7,1.4,8,1908.3,0
2020-09-04 10:46:00,3,55,22.7,70,20.9,1013.9,2.0,2.4,11,1908.3,0
2020-09-04 10:49:00,3,55,22.7,70,21.0,1013.8,1.7,2.0,11,1908.3,0
2020-09-04 10:52:00,3,55,22.7,70,20.9,1013.8,0.7,1.4,10,1908.3,0
2020-09-04 10:55:00,3,55,22.7,70,21.2,1013.9,1.4,2.0,12,1908.3,0
2020-09-04 10:58:00,3,55,22.7,68,21.1,1013.9,2.0,3.1,12,1908.3,0
2020-09-04 11:01:00,3,55,22.7,69,20.9,1013.9,1.4,1.7,12,1908.3,0
2020-09-04 11:04:00,3,55,22.7,69,20.8,1014.0,1.7,2.7,12,1908.3,0
2020-09-04 11:07:00,3,55,22.7,69,20.7,1013.9,1.4,2.0,12,1908.3,0
2020-09-04 11:10:00,3,56,22.7,68,20.9,1014.0,2.7,3.7,11,1908.3,0
2020-09-04 11:13:00,3,56,22.7,70,21.2,1014.0,1.0,1.7,12,1908.3,0
2020-09-04 11:16:00,3,56,22.7,66,21.5,1014.0,2.0,2.7,10,1908.3,0
2020-09-04 11:19:00,3,56,22.7,66,21.3,1014.0,1.7,2.0,12,1908.3,0
2020-09-04 11:22:00,3,56,22.7,67,21.3,1014.0,1.7,2.4,10,1908.3,0
2020-09-04 11:25:00,3,56,22.7,68,21.4,1013.9,2.0,2.7,12,1908.3,0
2020-09-04 11:28:00,3,56,22.7,68,21.6,1014.0,1.4,2.0,0,1908.3,0
2020-09-04 11:31:00,3,56,22.7,66,21.7,1014.1,2.0,3.1,12,1908.3,0
2020-09-04 11:34:00,3,56,22.7,65,21.6,1014.0,1.4,1.7,10,1908.3,0
2020-09-04 11:37:00,3,56,22.7,66,21.4,1014.0,1.0,1.7,12,1908.3,0
2020-09-04 11:40:00,3,56,22.7,67,21.3,1014.0,1.4,1.7,10,1908.3,0
2020-09-04 11:43:00,3,56,22.7,65,21.1,1014.1,1.7,2.4,12,1908.3,0
2020-09-04 11:46:00,3,56,22.7,66,21.0,1014.1,1.4,2.4,14,1908.3,0
2020-09-04 11:49:00,3,56,22.7,65,21.0,1014.0,1.4,2.4,12,1908.3,0
2020-09-04 11:52:00,3,56,22.7,65,21.0,1014.0,2.0,2.7,10,1908.3,0
2020-09-04 11:55:00,3,56,22.7,66,20.8,1014.0,1.0,1.7,12,1908.3,0
2020-09-04 11:58:00,3,56,22.7,68,20.7,1014.0,0.7,1.0,12,1908.3,0
2020-09-04 12:01:00,3,56,22.7,68,20.6,1014.0,1.0,1.4,12,1908.3,0
2020-09-04 12:04:00,3,56,22.7,68,20.6,1014.0,1.0,1.4,12,1908.3,0
2020-09-04 12:07:00,3,56,22.7,69,21.0,1013.9,1.4,1.7,12,1908.3,0
2020-09-04 12:10:00,3,56,22.7,68,21.2,1013.9,1.0,1.4,12,1908.3,0
2020-09-04 12:13:00,3,56,22.7,67,21.5,1013.9,1.4,1.7,10,1908.3,0
2020-09-04 12:16:00,3,56,22.7,66,21.8,1013.9,0.7,1.7,12,1908.3,0
2020-09-04 12:19:00,3,56,22.7,63,22.0,1013.8,1.4,1.7,12,1908.3,0
2020-09-04 12:22:00,3,56,22.7,61,22.0,1014.0,2.0,2.7,10,1908.3,0
2020-09-04 12:25:00,3,56,22.7,61,22.0,1013.9,1.0,1.7,12,1908.3,0
2020-09-04 12:28:00,3,56,22.7,62,22.2,1013.8,1.4,1.7,12,1908.3,0
2020-09-04 12:31:00,3,56,22.7,62,22.2,1013.9,1.4,2.0,12,1908.3,0
2020-09-04 12:34:00,3,56,22.8,63,22.2,1013.9,1.0,1.4,10,1908.3,0
2020-09-04 12:37:00,3,56,22.8,61,22.5,1013.8,0.7,1.0,12,1908.3,0
2020-09-04 12:40:00,3,56,22.8,57,22.7,1013.9,0.7,1.0,10,1908.3,0
2020-09-04 12:43:00,3,57,22.8,57,22.9,1013.8,0.3,0.7,8,1908.3,0
2020-09-04 12:46:00,3,57,22.8,58,23.0,1013.7,0.7,1.7,12,1908.3,0
2020-09-04 12:49:00,3,57,22.8,54,23.1,1013.8,1.7,2.0,10,1908.3,0
2020-09-04 12:52:00,3,58,22.9,53,23.2,1013.8,1.4,1.7,10,1908.3,0
2020-09-04 12:55:00,3,58,22.9,52,23.1,1013.8,1.0,1.4,14,1908.3,0
2020-09-04 12:58:00,3,58,22.9,52,23.0,1013.7,1.0,1.4,14,1908.3,0
2020-09-04 13:01:00,3,58,22.9,51,22.9,1013.8,1.4,2.0,10,1908.3,0
2020-09-04 13:04:00,3,58,23.0,53,23.0,1013.8,1.0,1.4,10,1908.3,0
2020-09-04 13:07:00,3,58,23.0,50,23.1,1013.8,1.4,2.0,12,1908.3,0
2020-09-04 13:10:00,3,58,23.0,51,23.1,1013.9,2.0,2.4,12,1908.6,0
2020-09-04 13:13:00,3,58,23.0,51,23.0,1013.9,1.7,2.4,10,1908.6,0
2020-09-04 13:16:00,3,58,23.0,51,23.0,1013.9,1.4,2.0,12,1908.6,0
2020-09-04 13:19:00,3,58,23.0,51,23.0,1013.8,1.7,2.0,12,1908.6,0
2020-09-04 13:22:00,3,57,23.0,52,23.2,1013.8,1.4,2.0,14,1908.6,0
2020-09-04 13:25:00,3,57,23.0,52,23.3,1013.8,0.7,1.4,10,1908.6,0
2020-09-04 13:28:00,3,57,23.0,50,23.4,1013.8,1.4,1.7,10,1908.6,0
2020-09-04 13:31:00,3,57,23.0,50,23.5,1013.7,0.7,1.0,10,1908.6,0
2020-09-04 13:34:00,3,57,23.0,49,23.6,1013.6,1.7,2.4,0,1908.6,0
2020-09-04 13:37:00,3,57,23.0,50,23.3,1013.7,0.7,1.0,8,1908.6,0
2020-09-04 13:40:00,3,57,23.0,51,23.2,1013.5,1.0,1.7,12,1908.6,0
2020-09-04 13:43:00,3,57,23.1,51,23.3,1013.7,1.4,2.0,12,1908.6,0
2020-09-04 13:46:00,3,57,23.1,51,23.2,1013.7,1.4,2.0,14,1908.6,0
2020-09-04 13:49:00,3,57,23.1,51,23.3,1013.6,1.0,1.7,12,1908.6,0
2020-09-04 13:52:00,3,57,23.1,52,23.4,1013.7,0.7,1.0,10,1908.6,0
2020-09-04 13:55:00,3,57,23.1,52,23.6,1013.8,1.0,1.4,10,1908.6,0
2020-09-04 13:58:00,3,57,23.1,52,23.7,1013.7,1.4,2.0,10,1908.6,0
2020-09-04 14:01:00,3,57,23.1,53,23.7,1013.6,0.7,1.0,12,1908.6,0
2020-09-04 14:04:00,3,57,23.1,53,23.7,1013.7,0.7,1.0,12,1908.6,0
2020-09-04 14:07:00,3,57,23.1,54,23.2,1013.7,1.4,2.0,14,1908.6,0
2020-09-04 14:10:00,3,57,23.2,55,23.3,1013.7,0.7,1.7,10,1908.6,0
2020-09-04 14:13:00,3,56,23.2,54,23.4,1013.7,1.7,2.4,8,1908.6,0
2020-09-04 14:16:00,3,56,23.3,55,23.0,1013.7,0.3,0.7,10,1908.6,0
2020-09-04 14:19:00,3,56,23.3,56,22.7,1013.7,0.7,1.0,12,1908.6,0
2020-09-04 14:22:00,3,56,23.3,57,22.6,1013.7,0.3,0.3,10,1908.6,0
2020-09-04 14:25:00,3,56,23.3,58,22.6,1013.7,0.7,1.4,12,1908.6,0
2020-09-04 14:28:00,3,56,23.3,58,22.5,1013.7,0.7,1.0,10,1908.6,0
2020-09-04 14:31:00,3,56,23.3,60,22.4,1013.6,0.7,1.0,12,1908.6,0
2020-09-04 14:34:00,3,56,23.4,61,22.3,1013.6,0.7,1.4,12,1908.6,0
2020-09-04 14:37:00,3,56,23.4,61,22.3,1013.5,0.7,1.0,12,1908.6,0
2020-09-04 14:40:00,3,56,23.4,61,22.4,1013.5,0.3,0.7,6,1908.6,0
2020-09-04 14:43:00,3,56,23.4,57,22.5,1013.5,1.4,1.7,10,1908.6,0
2020-09-04 14:46:00,3,56,23.4,57,22.6,1013.5,1.0,1.4,12,1908.6,0
2020-09-04 14:49:00,3,56,23.4,58,22.8,1013.5,0.3,0.7,12,1908.6,0
2020-09-04 14:52:00,3,56,23.4,57,23.0,1013.4,1.7,2.7,14,1908.6,0
2020-09-04 14:55:00,3,56,23.4,56,23.0,1013.4,1.7,2.4,12,1908.6,0
2020-09-04 14:58:00,3,56,23.4,55,22.9,1013.4,2.7,3.7,12,1908.6,0
2020-09-04 15:01:00,3,56,23.4,56,23.0,1013.4,1.0,1.4,8,1908.6,0
2020-09-04 15:04:00,3,56,23.5,54,23.3,1013.3,1.0,1.7,12,1908.6,0
2020-09-04 15:07:00,3,56,23.5,53,23.6,1013.4,2.7,3.4,12,1908.6,0
2020-09-04 15:10:00,3,56,23.5,52,23.7,1013.4,1.0,1.7,12,1908.6,0
2020-09-04 15:13:00,3,56,23.5,51,23.8,1013.4,1.0,1.7,14,1908.6,0
2020-09-04 15:16:00,3,56,23.6,52,23.5,1013.4,0.7,1.0,12,1908.6,0
2020-09-04 15:19:00,3,56,23.6,51,23.3,1013.4,1.7,2.4,10,1908.6,0
2020-09-04 15:22:00,3,56,23.6,52,23.0,1013.5,1.4,1.7,12,1908.6,0
2020-09-04 15:25:00,3,56,23.6,53,22.7,1013.4,1.0,1.4,11,1908.6,0
2020-09-04 15:28:00,3,56,23.6,54,22.6,1013.4,1.0,1.0,12,1908.6,0
2020-09-04 15:31:00,3,56,23.6,55,22.5,1013.5,0.7,1.0,10,1908.6,0
2020-09-04 15:34:00,3,55,23.6,59,22.3,1013.4,1.4,1.7,12,1908.6,0
2020-09-04 15:37:00,3,55,23.6,60,22.1,1013.4,0.7,1.0,12,1908.6,0
2020-09-04 15:40:00,3,55,23.6,60,22.0,1013.3,0.3,0.7,12,1908.6,0
2020-09-04 15:43:00,3,55,23.6,60,21.9,1013.2,0.3,0.7,10,1908.6,0
2020-09-04 15:46:00,3,55,23.6,61,21.8,1013.3,0.7,1.0,12,1908.6,0
2020-09-04 15:49:00,3,55,23.6,62,21.8,1013.3,0.3,0.7,10,1908.6,0
2020-09-04 15:52:00,3,55,23.6,61,22.0,1013.2,1.0,1.7,12,1908.6,0
2020-09-04 15:55:00,3,55,23.6,61,22.3,1013.1,0.3,0.7,10,1908.6,0
2020-09-04 15:58:00,3,55,23.6,56,22.5,1013.2,1.0,1.4,12,1908.6,0
2020-09-04 16:01:00,3,55,23.6,60,22.4,1013.2,0.3,0.7,10,1908.6,0
2020-09-04 16:04:00,3,55,23.6,60,22.4,1013.2,0.3,0.7,10,1908.6,0
2020-09-04 16:07:00,3,55,23.6,61,21.9,1013.1,0.7,1.0,10,1908.6,0
2020-09-04 16:10:00,3,55,23.6,61,21.8,1013.1,0,0.3,12,1908.6,0
2020-09-04 16:13:00,3,55,23.6,62,21.7,1013.2,0,0.3,12,1908.6,0
2020-09-04 16:16:00,3,55,23.6,62,21.8,1013.1,0,0,12,1908.6,0
2020-09-04 16:19:00,3,55,23.7,63,21.8,1013.1,0,0,10,1908.6,0
2020-09-04 16:22:00,3,55,23.7,63,21.9,1013.1,0,0,10,1908.6,0
2020-09-04 16:25:00,3,55,23.7,62,22.0,1013.1,1.0,1.4,12,1908.6,0
2020-09-04 16:28:00,3,55,23.7,62,22.0,1013.2,0,0.3,12,1908.6,0
2020-09-04 16:31:00,3,55,23.7,62,22.0,1013.0,0.7,1.0,0,1908.6,0
2020-09-04 16:34:00,3,55,23.7,62,21.9,1013.0,0,0.3,10,1908.6,0
2020-09-04 16:37:00,3,55,23.7,62,21.9,1013.0,0,0.3,12,1908.6,0
2020-09-04 16:40:00,3,55,23.7,63,22.0,1013.1,0,0,10,1908.6,0
2020-09-04 16:43:00,3,55,23.7,63,22.0,1013.1,0,0.3,10,1908.6,0
2020-09-04 16:46:00,3,55,23.7,63,22.1,1013.0,0,0.3,12,1908.6,0
2020-09-04 16:49:00,3,55,23.7,63,22.0,1013.0,0,0.3,10,1908.6,0
2020-09-04 16:52:00,3,55,23.7,64,21.9,1013.0,0,0.3,10,1908.6,0
2020-09-04 16:55:00,3,55,23.7,64,21.8,1012.9,0,0.3,8,1908.6,0
2020-09-04 16:58:00,3,55,23.7,64,21.7,1012.9,0,0.3,8,1908.6,0
2020-09-04 17:01:00,3,55,23.7,65,21.5,1012.9,0,0,8,1908.6,0
2020-09-04 17:04:00,3,55,23.7,66,21.4,1013.0,0.7,1.0,10,1908.6,0
2020-09-04 17:07:00,3,56,23.7,66,21.3,1012.8,0,0.3,12,1908.6,0
2020-09-04 17:10:00,3,56,23.7,66,21.2,1012.9,0,0,0,1908.6,0
2020-09-04 17:13:00,3,56,23.7,67,21.1,1012.9,0,0.3,14,1908.6,0
2020-09-04 17:16:00,3,56,23.7,67,21.0,1012.9,0,0,14,1908.6,0
2020-09-04 17:19:00,3,56,23.7,68,20.9,1012.9,0,0,12,1908.6,0
2020-09-04 17:22:00,3,56,23.7,68,20.8,1012.8,0,0,12,1908.6,0
2020-09-04 17:25:00,3,56,23.7,69,20.7,1012.9,0,0,8,1908.6,0
2020-09-04 17:28:00,3,56,23.7,70,20.6,1012.9,0,0.3,8,1908.6,0
2020-09-04 17:31:00,3,56,23.7,70,20.4,1012.9,0,0.3,8,1908.6,0
2020-09-04 17:34:00,3,56,23.7,70,20.3,1012.8,0,0.3,8,1908.6,0
2020-09-04 17:37:00,3,56,23.7,71,20.1,1012.8,0,0.3,8,1908.6,0
2020-09-04 17:40:00,3,56,23.7,71,20.0,1012.8,0,0,8,1908.6,0
2020-09-04 17:43:00,3,56,23.7,72,19.8,1012.6,0,0.3,8,1908.6,0
2020-09-04 17:46:00,3,56,23.7,72,19.6,1012.7,0,0,8,1908.6,0
2020-09-04 17:49:00,3,56,23.7,72,19.5,1012.6,0,0,8,1908.6,0
2020-09-04 17:52:00,3,56,23.6,73,19.3,1012.7,0,0,8,1908.6,0
2020-09-04 17:55:00,3,56,23.6,73,19.1,1012.7,0,0,8,1908.6,0
2020-09-04 17:58:00,3,56,23.6,74,19.0,1012.7,0,0,8,1908.6,0
2020-09-04 18:01:00,3,56,23.6,74,18.9,1012.7,0,0,8,1908.6,0
2020-09-04 18:04:00,3,56,23.6,74,18.9,1012.8,0,0,8,1908.6,0
2020-09-04 18:07:00,3,56,23.6,76,18.5,1012.8,0,0.3,8,1908.6,0
2020-09-04 18:10:00,3,56,23.6,76,18.5,1012.8,0,0,8,1908.6,0
2020-09-04 18:13:00,3,56,23.6,77,18.3,1012.8,0,0,8,1908.6,0
2020-09-04 18:16:00,3,56,23.6,77,18.2,1012.8,0,0,8,1908.6,0
2020-09-04 18:19:00,3,56,23.6,78,18.1,1012.8,0,0.3,8,1908.6,0
2020-09-04 18:22:00,3,56,23.6,79,18.0,1012.6,0,0,0,1908.6,0
2020-09-04 18:25:00,3,56,23.6,80,17.9,1012.9,0,0,0,1908.6,0
2020-09-04 18:28:00,3,56,23.6,80,17.8,1012.8,0,0.3,0,1908.6,0
2020-09-04 18:31:00,3,56,23.6,80,17.7,1012.9,0,0,0,1908.6,0
2020-09-04 18:34:00,3,56,23.6,81,17.6,1012.9,0,0,0,1908.6,0
2020-09-04 18:37:00,3,56,23.6,81,17.5,1012.8,0,0,0,1908.6,0
2020-09-04 18:40:00,3,56,23.6,84,17.4,1012.9,0,0,0,1908.6,0
2020-09-04 18:43:00,3,56,23.6,85,17.4,1012.9,0,0,0,1908.6,0
2020-09-04 18:46:00,3,56,23.6,85,17.3,1012.9,0,0.3,0,1908.6,0
2020-09-04 18:49:00,3,56,23.6,85,17.2,1012.9,0,0.3,0,1908.6,0
2020-09-04 18:52:00,3,56,23.6,85,17.2,1013.0,0,0,0,1908.6,0
2020-09-04 18:55:00,3,56,23.6,86,17.1,1013.0,0,0,0,1908.6,0
2020-09-04 18:58:00,3,56,23.6,86,17.1,1013.0,0,0.3,0,1908.6,0
2020-09-04 19:01:00,3,56,23.6,86,17.0,1013.0,0,0,0,1908.6,0
2020-09-04 19:04:00,3,56,23.6,86,17.0,1013.0,0,0,10,1908.6,0
2020-09-04 19:07:00,3,57,23.6,87,16.9,1012.9,0,0,10,1908.6,0
2020-09-04 19:10:00,3,57,23.6,87,16.9,1013.0,0,0,10,1908.6,0
2020-09-04 19:13:00,3,57,23.6,87,16.9,1012.9,0,0.3,13,1908.6,0
2020-09-04 19:16:00,3,57,23.6,88,16.9,1012.9,0,0,13,1908.6,0
2020-09-04 19:19:00,3,57,23.6,88,16.8,1013.0,0,0.3,13,1908.6,0
2020-09-04 19:22:00,3,57,23.6,88,16.8,1013.0,0,0,13,1908.6,0
2020-09-04 19:25:00,3,57,23.6,89,16.8,1013.0,0,0,14,1908.6,0
2020-09-04 19:28:00,3,57,23.6,89,16.8,1012.9,0,0.3,14,1908.6,0
2020-09-04 19:31:00,3,57,23.6,89,16.8,1013.0,0,0.3,14,1908.6,0
2020-09-04 19:34:00,3,57,23.6,90,16.8,1012.8,0,0,8,1908.6,0
2020-09-04 19:37:00,3,57,23.6,90,16.8,1013.0,0,0,8,1908.6,0
2020-09-04 19:40:00,3,57,23.6,90,16.8,1012.9,0,0,8,1908.6,0
2020-09-04 19:43:00,3,57,23.5,90,16.8,1012.8,0,0,8,1908.6,0
2020-09-04 19:46:00,3,57,23.5,90,16.8,1012.7,0,0,13,1908.6,0
2020-09-04 19:49:00,3,57,23.5,90,16.8,1012.8,0,0.3,13,1908.6,0
2020-09-04 19:52:00,3,57,23.5,90,16.8,1012.8,0,0,13,1908.6,0
2020-09-04 19:55:00,3,57,23.5,90,16.7,1012.8,0,0,13,1908.6,0
2020-09-04 19:58:00,3,57,23.5,91,16.7,1012.8,0,0,13,1908.6,0
2020-09-04 20:01:00,3,57,23.5,91,16.7,1012.7,0,0,13,1908.6,0
2020-09-04 20:04:00,3,57,23.4,91,16.7,1012.7,0,0,13,1908.6,0
2020-09-04 20:07:00,3,57,23.4,91,16.6,1012.7,0,0,13,1908.6,0
2020-09-04 20:10:00,3,57,23.5,91,16.6,1012.7,0,0,13,1908.6,0
2020-09-04 20:13:00,3,57,23.5,91,16.6,1012.6,0,0,8,1908.6,0
2020-09-04 20:16:00,3,57,23.5,91,16.6,1012.6,0,0.3,14,1908.6,0
2020-09-04 20:19:00,3,57,23.5,91,16.6,1012.6,0.3,0.7,8,1908.6,0
2020-09-04 20:22:00,3,57,23.4,91,16.7,1012.6,0,0,12,1908.6,0
2020-09-04 20:25:00,3,57,23.4,92,16.8,1012.6,0,0.3,8,1908.6,0
2020-09-04 20:28:00,3,57,23.4,92,16.8,1012.5,0,0,0,1908.6,0
2020-09-04 20:31:00,3,57,23.4,92,16.9,1012.5,0,0,0,1908.6,0
2020-09-04 20:34:00,3,57,23.4,92,16.9,1012.6,0,0,0,1908.6,0
2020-09-04 20:37:00,3,57,23.4,92,16.8,1012.5,0,0,0,1908.6,0
2020-09-04 20:40:00,3,57,23.4,92,16.8,1012.5,0,0,10,1908.6,0
2020-09-04 20:43:00,3,57,23.4,92,16.8,1012.6,0,0,10,1908.6,0
2020-09-04 20:46:00,3,57,23.4,92,16.8,1012.5,0,0,4,1908.6,0
2020-09-04 20:49:00,3,57,23.4,92,16.8,1012.4,0,0,12,1908.6,0
2020-09-04 20:52:00,3,57,23.4,92,16.7,1012.4,0,0,8,1908.6,0
2020-09-04 20:55:00,3,57,23.4,92,16.7,1012.4,0,0,6,1908.6,0
2020-09-04 20:58:00,3,57,23.4,92,16.7,1012.4,0,0,8,1908.6,0
2020-09-04 21:01:00,3,57,23.4,92,16.7,1012.3,0,0,0,1908.6,0
2020-09-04 21:04:00,3,57,23.4,92,16.7,1012.2,0,0,10,1908.6,0
2020-09-04 21:07:00,3,57,23.4,92,16.7,1012.2,0,0,10,1908.6,0
2020-09-04 21:10:00,3,57,23.4,92,16.6,1012.1,0,0,10,1908.6,0
2020-09-04 21:13:00,3,57,23.4,92,16.6,1012.2,0,0,10,1908.6,0
2020-09-04 21:16:00,3,57,23.4,92,16.6,1012.1,0,0,10,1908.6,0
2020-09-04 21:19:00,3,57,23.4,93,16.6,1012.0,0,0,8,1908.6,0
2020-09-04 21:22:00,3,57,23.4,93,16.6,1012.1,0,0,0,1908.6,0
2020-09-04 21:25:00,3,57,23.4,93,16.7,1012.0,0,0.3,8,1908.6,0
2020-09-04 21:28:00,3,57,23.4,93,16.7,1012.0,0,0,0,1908.6,0
2020-09-04 21:31:00,3,57,23.4,94,16.8,1012.0,0,0.3,8,1908.6,0
2020-09-04 21:34:00,3,57,23.4,94,16.8,1012.0,0,0,0,1908.6,0
2020-09-04 21:37:00,3,57,23.3,94,16.8,1011.9,0,0.3,14,1908.6,0
2020-09-04 21:40:00,3,57,23.3,94,16.9,1012.0,0,0,0,1908.6,0
2020-09-04 21:43:00,3,57,23.3,94,16.8,1012.0,0,0.3,15,1908.6,0
2020-09-04 21:46:00,3,57,23.3,94,16.9,1012.0,0,0,0,1908.6,0
2020-09-04 21:49:00,3,57,23.3,94,16.9,1012.0,0,0.3,10,1908.6,0
2020-09-04 21:52:00,3,57,23.3,95,16.9,1012.0,0,0,0,1908.6,0
2020-09-04 21:55:00,3,57,23.3,95,16.8,1012.0,0,0.3,0,1908.6,0
2020-09-04 21:58:00,3,57,23.3,95,16.8,1012.0,0,0.3,12,1908.6,0
2020-09-04 22:01:00,3,57,23.3,94,16.7,1011.9,0,0,12,1908.6,0
2020-09-04 22:04:00,3,57,23.3,94,16.7,1011.9,0,0,12,1908.6,0
2020-09-04 22:07:00,3,57,23.3,94,16.6,1011.9,0,0,12,1908.6,0
2020-09-04 22:10:00,3,57,23.3,94,16.5,1011.9,0,0,12,1908.6,0
2020-09-04 22:13:00,3,57,23.3,94,16.5,1011.9,0,0,12,1908.6,0
2020-09-04 22:16:00,3,57,23.3,94,16.4,1011.9,0,0,12,1908.6,0
2020-09-04 22:19:00,3,57,23.2,94,16.4,1011.8,0,0,0,1908.6,0
2020-09-04 22:22:00,3,57,23.2,94,16.4,1011.9,0,0,0,1908.6,0
2020-09-04 22:25:00,3,57,23.2,94,16.3,1011.9,0,0,0,1908.6,0
2020-09-04 22:28:00,3,57,23.2,95,16.3,1011.8,0,0,0,1908.6,0
2020-09-04 22:31:00,3,57,23.2,95,16.3,1011.7,0,0,0,1908.6,0
2020-09-04 22:34:00,3,57,23.2,95,16.2,1011.7,0,0,10,1908.6,0
2020-09-04 22:37:00,3,57,23.2,95,16.2,1011.8,0,0,10,1908.6,0
2020-09-04 22:40:00,3,57,23.2,95,16.2,1011.7,0,0,10,1908.6,0
2020-09-04 22:43:00,3,57,23.1,95,16.2,1011.7,0,0,10,1908.6,0
2020-09-04 22:46:00,3,57,23.2,95,16.1,1011.6,0,0,10,1908.6,0
2020-09-04 22:49:00,3,57,23.1,95,16.1,1011.6,0,0,10,1908.6,0
2020-09-04 22:52:00,3,57,23.1,95,16.1,1011.6,0,0,10,1908.6,0
2020-09-04 22:55:00,3,57,23.1,95,16.2,1011.5,0,0,10,1908.6,0
2020-09-04 22:58:00,3,57,23.1,95,16.2,1011.5,0,0,14,1908.6,0
2020-09-04 23:01:00,3,57,23.1,96,16.3,1011.6,0,0,8,1908.6,0
2020-09-04 23:04:00,3,57,23.1,96,16.3,1011.6,0,0,12,1908.6,0
2020-09-04 23:07:00,3,57,23.1,96,16.4,1011.7,0,0.3,12,1908.6,0
2020-09-04 23:10:00,3,57,23.1,97,16.4,1011.6,0,0.3,12,1908.6,0
2020-09-04 23:13:00,3,57,23.1,97,16.5,1011.7,0,0,12,1908.6,0
2020-09-04 23:16:00,3,57,23.1,97,16.5,1011.6,0,0,12,1908.6,0
2020-09-04 23:19:00,3,57,23.1,97,16.4,1011.6,0,0,12,1908.6,0
2020-09-04 23:22:00,3,57,23.1,97,16.4,1011.5,0,0,12,1908.6,0
2020-09-04 23:25:00,3,57,23.1,97,16.3,1011.5,0,0,12,1908.6,0
2020-09-04 23:28:00,3,57,23.1,97,16.3,1011.5,0,0.3,8,1908.6,0
2020-09-04 23:31:00,3,57,23.1,97,16.3,1011.6,0,0,8,1908.6,0
2020-09-04 23:34:00,3,57,23.1,97,16.3,1011.5,0,0,10,1908.6,0
2020-09-04 23:37:00,3,57,23.1,97,16.3,1011.4,0,0,14,1908.6,0
2020-09-04 23:40:00,3,57,23.1,97,16.3,1011.4,0,0,14,1908.6,0
2020-09-04 23:43:00,3,57,23.1,97,16.3,1011.5,0,0,14,1908.6,0
2020-09-04 23:46:00,3,57,23.1,97,16.2,1011.3,0,0,14,1908.6,0
2020-09-04 23:49:00,3,57,23.0,97,16.1,1011.4,0,0,6,1908.6,0
2020-09-04 23:52:00,3,57,23.0,97,16.1,1011.3,0,0,6,1908.6,0
2020-09-04 23:55:00,3,57,23.0,97,16.0,1011.3,0,0,6,1908.6,0
2020-09-04 23:58:00,3,57,23.0,97,16.0,1011.3,0,0,6,1908.6,0
