2020-09-10 00:01:00,3,58,22.9,88,14.2,1012.4,0.7,1.0,14,1913.7,0
2020-09-10 00:04:00,3,58,22.9,88,14.2,1012.6,0.7,1.0,14,1913.7,0
2020-09-10 00:07:00,3,58,22.9,86,14.0,1012.5,0.7,1.7,12,1913.7,0
2020-09-10 00:10:00,3,58,22.9,85,13.9,1012.6,0.7,1.0,14,1913.7,0
2020-09-10 00:13:00,3,58,22.9,85,13.8,1012.6,1.0,1.7,14,1913.7,0
2020-09-10 00:16:00,3,57,22.8,84,13.7,1012.7,0.7,1.0,14,1913.7,0
2020-09-10 00:19:00,3,57,22.8,84,13.6,1012.7,0.7,1.4,14,1913.7,0
2020-09-10 00:22:00,3,57,22.8,84,13.6,1012.5,0.3,0.7,12,1913.7,0
2020-09-10 00:25:00,3,57,22.8,84,13.5,1012.6,0.7,1.0,14,1913.7,0
2020-09-10 00:28:00,3,57,22.7,84,13.4,1012.6,0.3,0.7,14,1913.7,0
2020-09-10 00:31:00,3,57,22.7,84,13.4,1012.6,0.7,1.0,14,1913.7,0
2020-09-10 00:34:00,3,57,22.7,84,13.3,1012.7,0.7,1.0,14,1913.7,0
2020-09-10 00:37:00,3,57,22.7,84,13.2,1012.6,0.7,1.0,12,1913.7,0
2020-09-10 00:40:00,3,57,22.7,85,13.2,1012.6,0,0.7,14,1913.7,0
2020-09-10 00:43:00,3,57,22.7,85,13.1,1012.6,0.3,0.7,12,1913.7,0
2020-09-10 00:46:00,3,57,22.7,85,13.1,1012.7,0.3,0.7,14,1913.7,0
2020-09-10 00:49:00,3,57,22.7,85,13.0,1012.7,0,0,12,1913.7,0
2020-09-10 00:52:00,3,57,22.7,85,12.9,1012.6,0.3,0.7,14,1913.7,0
2020-09-10 00:55:00,3,57,22.7,85,12.9,1012.6,0,0.3,14,1913.7,0
2020-09-10 00:58:00,3,57,22.7,86,12.8,1012.7,0,0.3,14,1913.7,0
2020-09-10 01:01:00,3,57,22.7,86,12.8,1012.7,0,0.3,14,1913.7,0
2020-09-10 01:04:00,3,57,22.7,86,12.8,1012.8,0,0,14,1913.7,0
2020-09-10 01:07:00,3,57,22.7,86,12.7,1012.7,0.3,0.7,14,1913.7,0
2020-09-10 01:10:00,3,57,22.7,86,12.7,1012.6,0,0.3,13,1913.7,0
2020-09-10 01:13:00,3,57,22.7,87,12.6,1012.7,0.7,1.4,12,1913.7,0
2020-09-10 01:16:00,3,57,22.6,87,12.6,1012.7,0.3,1.0,14,1913.7,0
2020-09-10 01:19:00,3,57,22.6,87,12.6,1012.7,0.3,0.7,14,1913.7,0
2020-09-10 01:22:00,3,57,22.6,87,12.6,1012.7,0.7,1.0,14,1913.7,0
2020-09-10 01:25:00,3,57,22.6,88,12.6,1012.8,0,0,12,1913.7,0
2020-09-10 01:28:00,3,57,22.6,88,12.6,1012.7,0.3,0.7,12,1913.7,0
2020-09-10 01:31:00,3,57,22.6,88,12.6,1012.8,0.3,0.7,14,1913.7,0
2020-09-10 01:34:00,3,57,22.6,88,12.5,1012.8,0.3,0.7,14,1913.7,0
2020-09-10 01:37:00,3,57,22.6,88,12.5,1012.9,0.7,1.0,12,1913.7,0
2020-09-10 01:40:00,3,57,22.6,88,12.5,1012.9,0,0,14,1913.7,0
2020-09-10 01:43:00,3,57,22.6,88,12.5,1012.9,0,0.3,12,1913.7,0
2020-09-10 01:46:00,3,57,22.6,91,12.4,1012.9,0,0,12,1913.7,0
2020-09-10 01:49:00,3,56,22.6,91,12.4,1012.9,0.3,0.3,12,1913.7,0
2020-09-10 01:52:00,3,56,22.6,91,12.3,1012.9,0,0.3,12,1913.7,0
2020-09-10 01:55:00,3,56,22.6,91,12.3,1012.9,0,0,12,1913.7,0
2020-09-10 01:58:00,3,56,22.6,91,12.3,1013.0,0.7,0.7,14,1913.7,0
2020-09-10 02:01:00,3,56,22.6,92,12.3,1013.0,0,0.3,14,1913.7,0
2020-09-10 02:04:00,3,56,22.5,92,12.3,1013.0,0,0.3,14,1913.7,0
2020-09-10 02:07:00,3,56,22.5,92,12.2,1013.1,0.3,0.7,12,1913.7,0
2020-09-10 02:10:00,3,56,22.5,92,12.2,1013.1,0.7,1.0,14,1913.7,0
2020-09-10 02:13:00,3,56,22.5,92,12.2,1013.1,0.3,0.7,14,1913.7,0
2020-09-10 02:16:00,3,56,22.5,92,12.2,1013.2,0,0.3,12,1913.7,0
2020-09-10 02:19:00,3,56,22.5,92,12.2,1013.2,0,0,12,1913.7,0
2020-09-10 02:22:00,3,56,22.5,92,12.1,1013.2,0,0,12,1913.7,0
2020-09-10 02:25:00,3,56,22.5,92,12.1,1013.3,0,0.3,12,1913.7,0
2020-09-10 02:28:00,3,56,22.5,93,12.1,1013.2,0.3,0.7,12,1913.7,0
2020-09-10 02:31:00,3,56,22.4,93,12.0,1013.1,0.3,0.7,14,1913.7,0
2020-09-10 02:34:00,3,56,22.4,93,12.1,1013.2,0,0.3,14,1913.7,0
2020-09-10 02:37:00,3,56,22.4,93,12.0,1013.2,0,0.3,14,1913.7,0
2020-09-10 02:40:00,3,56,22.4,93,12.0,1013.3,0.7,1.0,12,1913.7,0
2020-09-10 02:43:00,3,56,22.3,93,12.0,1013.2,0.7,1.0,12,1913.7,0
2020-09-10 02:46:00,3,56,22.3,94,12.0,1013.2,0.3,1.0,10,1913.7,0
2020-09-10 02:49:00,3,56,22.3,94,12.0,1013.2,0,0,10,1913.7,0
2020-09-10 02:52:00,3,56,22.3,94,11.9,1013.3,0.3,0.7,10,1913.7,0
2020-09-10 02:55:00,3,56,22.3,94,11.9,1013.2,0,0.3,10,1913.7,0
2020-09-10 02:58:00,3,56,22.3,94,11.8,1013.2,0.7,1.0,12,1913.7,0
2020-09-10 03:01:00,3,56,22.3,94,11.8,1013.2,0.7,1.0,10,1913.7,0
2020-09-10 03:04:00,3,56,22.3,94,11.8,1013.1,1.4,1.7,12,1913.7,0
2020-09-10 03:07:00,3,56,22.3,95,11.8,1013.1,0.3,1.0,10,1913.7,0
2020-09-10 03:10:00,3,56,22.3,95,11.8,1013.1,0.7,1.0,12,1913.7,0
2020-09-10 03:13:00,3,56,22.2,95,11.8,1013.2,0.7,1.0,12,1913.7,0
2020-09-10 03:16:00,3,56,22.2,95,11.8,1013.2,0.3,0.7,12,1913.7,0
2020-09-10 03:19:00,3,55,22.2,95,11.7,1013.3,0.7,1.0,10,1913.7,0
2020-09-10 03:22:00,3,55,22.2,95,11.7,1013.2,0.7,1.0,10,1913.7,0
2020-09-10 03:25:00,3,55,22.2,95,11.7,1013.2,0.3,0.7,10,1913.7,0
2020-09-10 03:28:00,3,55,22.2,95,11.6,1013.3,0.7,1.0,11,1913.7,0
2020-09-10 03:31:00,3,55,22.2,95,11.6,1013.3,0.7,1.4,12,1913.7,0
2020-09-10 03:34:00,3,55,22.2,95,11.6,1013.3,1.0,1.4,10,1913.7,0
2020-09-10 03:37:00,3,55,22.2,95,11.5,1013.5,0.3,0.7,11,1913.7,0
2020-09-10 03:40:00,3,55,22.2,95,11.5,1013.4,1.0,1.4,12,1913.7,0
2020-09-10 03:43:00,3,55,22.2,96,11.5,1013.5,0.7,1.0,10,1913.7,0
2020-09-10 03:46:00,3,55,22.2,96,11.4,1013.6,0.7,1.4,12,1913.7,0
2020-09-10 03:49:00,3,55,22.2,96,11.4,1013.5,0.7,1.0,12,1913.7,0
2020-09-10 03:52:00,3,55,22.2,96,11.4,1013.5,0.7,1.0,12,1913.7,0
2020-09-10 03:55:00,3,55,22.1,96,11.4,1013.4,0.3,0.7,12,1913.7,0
2020-09-10 03:58:00,3,55,22.1,96,11.4,1013.5,0.3,0.7,12,1913.7,0
2020-09-10 04:01:00,3,55,22.1,96,11.4,1013.6,0.3,0.7,12,1913.7,0
2020-09-10 04:04:00,3,55,22.1,96,11.4,1013.6,0.3,0.7,12,1913.7,0
2020-09-10 04:07:00,3,55,22.1,96,11.3,1013.6,0.3,0.7,10,1914.0,0
2020-09-10 04:10:00,3,55,22.1,96,11.3,1013.5,1.0,1.4,12,1914.0,0
2020-09-10 04:13:00,3,55,22.1,96,11.3,1013.6,0,0.3,12,1914.0,0
2020-09-10 04:16:00,3,55,22.0,97,11.3,1013.6,0.7,1.0,14,1914.0,0
2020-09-10 04:19:00,3,55,22.0,97,11.3,1013.7,0.3,0.7,12,1914.0,0
2020-09-10 04:22:00,3,55,22.1,97,11.3,1013.7,0.3,0.7,10,1914.0,0
2020-09-10 04:25:00,3,55,22.0,97,11.3,1013.7,0.7,1.0,12,1914.0,0
2020-09-10 04:28:00,3,55,22.0,97,11.3,1013.7,0.7,1.0,10,1914.0,0
2020-09-10 04:31:00,3,55,22.0,97,11.2,1013.7,0.7,1.0,10,1914.0,0
2020-09-10 04:34:00,3,56,21.9,97,11.2,1013.8,0.7,1.0,10,1914.0,0
2020-09-10 04:37:00,3,56,21.9,97,11.2,1013.7,0.7,1.0,12,1914.0,0
2020-09-10 04:40:00,3,56,21.9,97,11.2,1013.6,0.7,1.4,12,1914.0,0
2020-09-10 04:43:00,3,56,21.9,97,11.2,1013.9,0.7,0.7,12,1914.0,0
2020-09-10 04:46:00,3,56,21.9,98,11.2,1013.8,0.7,1.0,10,1914.0,0
2020-09-10 04:49:00,3,56,21.9,98,11.2,1013.8,0.7,1.0,12,1914.0,0
2020-09-10 04:52:00,3,55,21.9,98,11.3,1013.8,0.7,1.4,12,1914.0,0
2020-09-10 04:55:00,3,55,21.9,98,11.3,1013.9,1.4,2.0,14,1914.0,0
2020-09-10 04:58:00,3,55,21.9,98,11.3,1013.9,1.4,1.7,12,1914.0,0
2020-09-10 05:01:00,3,55,21.8,98,11.3,1013.9,1.0,1.4,10,1914.0,0
2020-09-10 05:04:00,3,55,21.8,98,11.3,1013.9,0.7,1.0,12,1914.0,0
2020-09-10 05:07:00,3,55,21.8,98,11.3,1013.9,1.4,2.0,12,1914.0,0
2020-09-10 05:10:00,3,55,21.8,98,11.3,1013.9,0.3,0.7,12,1914.0,0
2020-09-10 05:13:00,3,54,21.8,98,11.3,1013.8,1.0,1.4,10,1914.0,0
2020-09-10 05:16:00,3,54,21.8,99,11.4,1013.9,1.0,1.4,12,1914.0,0
2020-09-10 05:19:00,3,54,21.8,99,11.4,1013.9,0.3,0.7,10,1914.0,0
2020-09-10 05:22:00,3,54,21.8,99,11.4,1013.9,1.0,1.4,10,1914.0,0
2020-09-10 05:25:00,3,54,21.8,99,11.4,1013.9,0.3,1.0,12,1914.0,0
2020-09-10 05:28:00,3,54,21.8,99,11.5,1014.0,0,0.3,12,1914.0,0
2020-09-10 05:31:00,3,54,21.8,99,11.5,1014.0,0.3,0.7,10,1914.0,0
2020-09-10 05:34:00,3,54,21.8,99,11.6,1014.0,0.7,1.0,10,1914.0,0
2020-09-10 05:37:00,3,54,21.8,99,11.6,1014.1,0.7,1.0,10,1914.0,0
2020-09-10 05:40:00,3,53,21.8,99,11.7,1014.2,0.7,1.0,10,1914.0,0
2020-09-10 05:43:00,3,53,21.9,99,11.8,1014.3,0.3,0.7,10,1914.0,0
2020-09-10 05:46:00,3,53,21.9,99,11.8,1014.3,1.0,1.7,12,1914.0,0
2020-09-10 05:49:00,3,52,22.0,99,12.0,1014.3,0.7,1.0,10,1914.0,0
2020-09-10 05:52:00,3,51,22.1,99,12.3,1014.4,0.3,0.7,12,1914.0,0
2020-09-10 05:55:00,3,51,22.2,97,12.8,1014.3,1.0,1.7,12,1914.0,0
2020-09-10 05:58:00,3,51,22.2,97,13.2,1014.3,0.7,1.0,12,1914.0,0
2020-09-10 06:01:00,3,51,22.3,97,13.4,1014.4,0.7,1.0,12,1914.0,0
2020-09-10 06:04:00,3,51,22.3,97,13.4,1014.4,0.7,1.0,12,1914.0,0
2020-09-10 06:07:00,3,51,22.5,95,14.1,1014.5,0.3,0.7,11,1914.0,0
2020-09-10 06:10:00,3,51,22.6,94,14.4,1014.6,1.0,1.4,14,1914.0,0
2020-09-10 06:13:00,3,51,22.7,92,14.4,1014.5,1.0,1.4,10,1914.0,0
2020-09-10 06:16:00,3,51,22.7,90,14.6,1014.7,1.0,1.4,10,1914.0,0
2020-09-10 06:19:00,3,51,22.9,88,14.6,1014.8,1.0,1.4,12,1914.0,0
2020-09-10 06:22:00,3,52,23.0,87,14.7,1014.7,2.0,2.4,12,1914.0,0
2020-09-10 06:25:00,3,52,23.0,84,14.7,1014.8,1.4,2.0,12,1914.0,0
2020-09-10 06:28:00,3,52,23.0,83,14.8,1014.9,1.0,1.4,14,1914.0,0
2020-09-10 06:31:00,3,52,23.1,82,15.0,1014.9,1.7,2.0,14,1914.0,0
2020-09-10 06:34:00,3,52,23.1,81,15.1,1015.0,1.7,2.4,10,1914.0,0
2020-09-10 06:37:00,3,52,23.1,81,15.2,1014.9,1.0,1.7,12,1914.0,0
2020-09-10 06:40:00,3,51,23.3,80,15.2,1014.9,1.7,2.0,12,1914.0,0
2020-09-10 06:43:00,3,51,23.3,80,15.2,1014.9,1.4,2.7,12,1914.0,0
2020-09-10 06:46:00,3,50,23.4,80,15.2,1015.0,1.7,2.0,12,1914.0,0
2020-09-10 06:49:00,3,50,23.4,80,15.3,1015.1,1.0,1.7,14,1914.0,0
2020-09-10 06:52:00,3,50,23.4,79,15.3,1015.3,1.0,1.4,12,1914.0,0
2020-09-10 06:55:00,3,50,23.5,79,15.4,1015.2,1.0,1.4,10,1914.0,0
2020-09-10 06:58:00,3,50,23.6,79,15.6,1015.2,1.0,1.4,12,1914.0,0
2020-09-10 07:01:00,3,50,23.6,78,15.8,1015.3,1.0,2.0,10,1914.0,0
2020-09-10 07:04:00,3,51,23.6,77,15.9,1015.3,2.4,3.1,12,1914.0,0
2020-09-10 07:07:00,3,50,23.7,76,15.9,1015.3,1.7,2.4,12,1914.0,0
2020-09-10 07:10:00,3,51,23.7,76,15.9,1015.4,1.4,2.0,12,1914.0,0
2020-09-10 07:13:00,3,50,23.8,75,15.9,1015.4,2.0,2.4,10,1914.0,0
2020-09-10 07:16:00,3,50,23.8,75,15.8,1015.4,1.7,2.0,10,1914.0,0
2020-09-10 07:19:00,3,50,23.9,76,15.9,1015.5,1.4,1.7,10,1914.0,0
2020-09-10 07:22:00,3,51,23.9,76,16.1,1015.5,2.4,3.4,13,1914.0,0
2020-09-10 07:25:00,3,49,24.0,75,16.3,1015.6,1.4,2.0,12,1914.0,0
2020-09-10 07:28:00,3,49,24.0,74,16.4,1015.6,1.7,2.0,12,1914.0,0
2020-09-10 07:31:00,3,49,24.1,74,16.3,1015.6,2.0,2.7,10,1914.0,0
2020-09-10 07:34:00,3,48,24.1,74,16.4,1015.7,2.0,3.1,12,1914.0,0
2020-09-10 07:37:00,3,48,24.1,73,16.3,1015.6,1.0,1.4,14,1914.0,0
2020-09-10 07:40:00,3,48,24.0,74,16.5,1015.7,2.4,3.7,10,1914.0,0
2020-09-10 07:43:00,3,50,23.8,72,16.5,1015.7,2.4,2.7,12,1914.0,0
2020-09-10 07:46:00,3,50,23.8,72,16.4,1015.8,2.0,3.1,12,1914.0,0
2020-09-10 07:49:00,3,51,23.7,72,16.3,1015.8,1.7,2.4,14,1914.0,0
2020-09-10 07:52:00,3,51,23.6,73,16.5,1015.7,1.0,1.4,8,1914.0,0
2020-09-10 07:55:00,3,51,23.6,73,16.8,1015.8,1.7,3.1,12,1914.0,0
2020-09-10 07:58:00,3,51,23.5,72,16.9,1015.7,1.4,2.0,12,1914.0,0
2020-09-10 08:01:00,3,52,23.4,72,17.0,1015.7,2.4,3.1,10,1914.0,0
2020-09-10 08:04:00,3,52,23.4,72,17.0,1015.6,2.4,3.1,10,1914.0,0
2020-09-10 08:07:00,3,52,23.4,71,17.1,1015.7,2.0,2.4,14,1914.0,0
2020-09-10 08:10:00,3,52,23.3,70,17.0,1015.8,1.4,1.7,10,1914.0,0
2020-09-10 08:13:00,3,52,23.3,71,17.0,1015.9,1.7,3.4,10,1914.0,0
2020-09-10 08:16:00,3,52,23.3,70,17.0,1015.8,2.7,3.7,13,1914.0,0
2020-09-10 08:19:00,3,52,23.1,70,16.8,1015.9,2.7,3.1,12,1914.0,0
2020-09-10 08:22:00,3,52,23.1,70,16.8,1015.8,1.4,2.0,12,1914.0,0
2020-09-10 08:25:00,3,52,23.1,71,17.0,1015.8,1.0,1.4,10,1914.0,0
2020-09-10 08:28:00,3,52,23.1,70,17.3,1015.8,1.0,1.7,12,1914.0,0
2020-09-10 08:31:00,3,52,23.0,70,17.4,1015.8,1.7,2.4,12,1914.0,0
2020-09-10 08:34:00,3,52,23.0,66,17.5,1015.8,1.7,2.0,10,1914.0,0
2020-09-10 08:37:00,3,52,23.0,65,17.6,1015.8,1.7,2.4,8,1914.0,0
2020-09-10 08:40:00,3,52,23.0,65,17.9,1015.9,2.4,3.1,12,1914.0,0
2020-09-10 08:43:00,3,53,23.0,63,17.9,1015.9,2.0,2.7,14,1914.0,0
2020-09-10 08:46:00,3,51,22.9,62,17.9,1015.9,1.0,1.7,12,1914.0,0
2020-09-10 08:49:00,3,51,22.9,62,17.9,1015.8,1.7,2.4,10,1914.0,0
2020-09-10 08:52:00,3,51,22.9,63,18.0,1015.7,1.7,2.4,13,1914.0,0
2020-09-10 08:55:00,3,52,22.9,62,18.1,1015.8,1.7,2.4,12,1914.0,0
2020-09-10 08:58:00,3,52,22.9,62,18.2,1015.9,1.0,1.4,12,1914.0,0
2020-09-10 09:01:00,3,52,22.9,61,18.3,1015.8,1.4,1.7,0,1914.0,0
2020-09-10 09:04:00,3,52,22.9,62,18.5,1015.9,1.0,1.7,14,1914.0,0
2020-09-10 09:07:00,3,52,22.8,61,18.0,1015.8,1.0,1.7,14,1914.0,0
2020-09-10 09:10:00,3,52,22.8,61,17.8,1015.9,2.4,3.1,8,1914.0,0
2020-09-10 09:13:00,3,52,22.8,62,17.9,1015.9,1.7,2.7,0,1914.0,0
2020-09-10 09:16:00,3,52,22.7,61,17.8,1015.8,1.4,2.0,0,1914.0,0
2020-09-10 09:19:00,3,52,22.7,61,18.0,1016.0,1.0,1.7,14,1914.0,0
2020-09-10 09:22:00,3,52,22.7,61,18.1,1015.9,1.0,1.7,0,1914.0,0
2020-09-10 09:25:00,3,52,22.7,61,18.2,1015.9,1.4,1.7,12,1914.0,0
2020-09-10 09:28:00,3,52,22.7,61,18.0,1015.9,1.7,2.0,0,1914.0,0
2020-09-10 09:31:00,3,52,22.7,60,17.6,1015.8,1.7,2.0,14,1914.0,0
2020-09-10 09:34:00,3,52,22.7,60,17.5,1015.9,1.0,1.7,10,1914.0,0
2020-09-10 09:37:00,3,53,22.7,59,17.5,1015.8,2.0,2.7,12,1914.0,0
2020-09-10 09:40:00,3,53,22.6,59,17.7,1015.8,1.4,1.7,12,1914.0,0
2020-09-10 09:43:00,3,53,22.6,57,18.0,1015.7,2.4,3.1,12,1914.0,0
2020-09-10 09:46:00,3,53,22.6,56,18.1,1015.7,2.4,3.4,12,1914.0,0
2020-09-10 09:49:00,3,53,22.6,57,17.8,1015.7,1.4,1.7,14,1914.0,0
2020-09-10 09:52:00,3,53,22.6,59,17.9,1015.6,2.0,2.4,0,1914.0,0
2020-09-10 09:55:00,3,53,22.6,57,18.4,1015.7,1.4,2.0,14,1914.0,0
2020-09-10 09:58:00,3,53,22.6,55,18.6,1015.6,1.4,1.7,14,1914.0,0
2020-09-10 10:01:00,3,53,22.6,54,18.8,1015.6,1.0,1.7,14,1914.0,0
2020-09-10 10:04:00,3,53,22.6,54,18.8,1015.5,1.0,1.7,14,1914.0,0
2020-09-10 10:07:00,3,53,22.6,53,19.0,1015.6,1.4,2.7,12,1914.0,0
2020-09-10 10:10:00,3,53,22.5,51,18.7,1015.6,0.7,1.4,12,1914.0,0
2020-09-10 10:13:00,3,53,22.5,51,18.4,1015.6,0.7,1.4,14,1914.0,0
2020-09-10 10:16:00,3,53,22.5,52,18.0,1015.5,1.4,2.0,14,1914.0,0
2020-09-10 10:19:00,3,53,22.5,53,17.8,1015.5,0.7,1.0,13,1914.0,0
2020-09-10 10:22:00,3,53,22.5,53,17.7,1015.6,1.4,1.7,0,1914.0,0
2020-09-10 10:25:00,3,53,22.5,54,17.6,1015.6,1.4,1.7,12,1914.0,0
2020-09-10 10:28:00,3,53,22.5,58,17.4,1015.5,2.0,2.4,14,1914.0,0
2020-09-10 10:31:00,3,53,22.5,58,17.3,1015.5,1.4,2.4,14,1914.0,0
2020-09-10 10:34:00,3,53,22.5,57,17.2,1015.5,2.0,3.1,0,1914.0,0
2020-09-10 10:37:00,3,53,22.5,56,17.1,1015.5,1.7,2.7,12,1914.0,0
2020-09-10 10:40:00,3,53,22.4,57,17.1,1015.5,1.0,1.4,12,1914.0,0
2020-09-10 10:43:00,3,53,22.4,58,17.0,1015.6,0.7,1.0,4,1914.0,0
2020-09-10 10:46:00,3,53,22.5,60,17.1,1015.6,0.7,1.0,,1914.0,2048
2020-09-10 10:49:00,3,53,22.5,54,17.7,1015.6,1.7,2.4,0,1914.0,0
2020-09-10 10:52:00,3,53,22.4,53,18.2,1015.3,1.4,2.4,12,1914.0,0
2020-09-10 10:55:00,3,53,22.4,51,18.7,1015.3,1.4,2.0,14,1914.0,0
2020-09-10 10:58:00,3,54,22.4,51,18.9,1015.4,1.7,2.4,10,1914.0,0
2020-09-10 11:01:00,3,54,22.4,51,19.4,1015.3,2.0,2.7,10,1914.0,0
2020-09-10 11:04:00,3,54,22.4,50,19.2,1015.2,1.0,1.0,12,1914.0,0
2020-09-10 11:07:00,3,54,22.3,50,18.8,1015.3,1.0,1.4,14,1914.0,0
2020-09-10 11:10:00,3,54,22.3,49,18.4,1015.4,2.0,2.4,12,1914.0,0
2020-09-10 11:13:00,3,54,22.3,50,18.0,1015.4,1.0,1.7,0,1914.0,0
2020-09-10 11:16:00,3,54,22.3,51,17.8,1015.3,1.4,2.0,12,1914.0,0
2020-09-10 11:19:00,3,54,22.3,51,18.1,1015.3,2.0,3.1,12,1914.0,0
2020-09-10 11:22:00,3,54,22.3,50,18.5,1015.2,0.7,1.0,0,1914.0,0
2020-09-10 11:25:00,3,54,22.3,50,19.1,1015.2,1.0,1.4,14,1914.0,0
2020-09-10 11:28:00,3,54,22.3,49,19.8,1015.2,0.7,1.4,12,1914.0,0
2020-09-10 11:31:00,3,54,22.3,46,20.1,1015.2,1.7,2.7,14,1914.0,0
2020-09-10 11:34:00,3,55,22.3,46,20.1,1015.3,2.7,3.1,12,1914.0,0
2020-09-10 11:37:00,3,55,22.3,46,20.0,1015.2,1.0,2.4,,1914.0,2048
2020-09-10 11:40:00,3,55,22.3,50,20.3,1015.3,0.7,1.0,0,1914.0,0
2020-09-10 11:43:00,3,55,22.3,44,20.7,1015.4,1.4,2.0,14,1914.0,0
2020-09-10 11:46:00,3,55,22.3,42,20.7,1015.3,2.4,3.1,12,1914.0,0
2020-09-10 11:49:00,3,55,22.3,44,20.6,1015.3,2.0,2.4,0,1914.0,0
2020-09-10 11:52:00,3,55,22.3,46,20.7,1015.3,1.4,2.0,12,1914.0,0
2020-09-10 11:55:00,3,55,22.3,45,20.4,1015.3,1.0,1.4,12,1914.0,0
2020-09-10 11:58:00,3,55,22.3,47,20.2,1015.2,1.0,1.4,10,1914.0,0
2020-09-10 12:01:00,3,55,22.3,46,19.7,1015.2,1.0,1.7,0,1914.0,0
2020-09-10 12:04:00,3,55,22.3,46,19.7,1015.2,1.0,1.7,0,1914.0,0
2020-09-10 12:07:00,3,56,22.3,48,19.4,1015.2,0.7,1.4,14,1914.0,0
2020-09-10 12:10:00,3,56,22.3,48,19.4,1015.2,0.7,1.0,0,1914.0,0
2020-09-10 12:13:00,3,56,22.3,48,19.3,1015.2,1.4,1.7,12,1914.0,0
2020-09-10 12:16:00,3,56,22.3,48,19.2,1015.3,1.0,1.4,14,1914.0,0
2020-09-10 12:19:00,3,56,22.4,49,19.3,1015.2,1.4,1.7,10,1914.0,0
2020-09-10 12:22:00,3,56,22.4,46,19.4,1015.2,1.4,1.7,10,1914.0,0
2020-09-10 12:25:00,3,56,22.4,48,19.4,1015.3,1.0,2.0,12,1914.0,0
2020-09-10 12:28:00,3,56,22.5,47,19.5,1015.1,1.7,2.7,14,1914.0,0
2020-09-10 12:31:00,3,56,22.5,48,19.5,1015.2,0.7,1.4,,1914.0,2048
2020-09-10 12:34:00,3,56,22.5,46,19.5,1015.2,2.4,3.4,12,1914.0,0
2020-09-10 12:37:00,3,56,22.5,47,19.4,1015.1,2.4,3.1,14,1914.0,0
2020-09-10 12:40:00,3,56,22.5,49,19.8,1015.0,1.0,1.4,14,1914.0,0
2020-09-10 12:43:00,3,55,22.5,45,20.1,1015.0,2.7,3.4,12,1914.0,0
2020-09-10 12:46:00,3,55,22.5,43,20.1,1015.1,3.7,4.4,12,1914.0,0
2020-09-10 12:49:00,3,54,22.5,45,19.8,1015.0,2.0,2.7,13,1914.0,0
2020-09-10 12:52:00,3,54,22.5,46,19.8,1015.1,1.4,2.4,14,1914.0,0
2020-09-10 12:55:00,3,53,22.5,42,19.4,1015.0,1.4,2.4,14,1914.0,0
2020-09-10 12:58:00,3,53,22.5,44,19.1,1015.1,1.4,2.0,14,1914.0,0
2020-09-10 13:01:00,3,52,22.5,45,18.7,1015.2,1.4,1.7,11,1914.0,0
2020-09-10 13:04:00,3,51,22.5,47,18.5,1015.1,1.4,2.0,12,1914.0,0
2020-09-10 13:07:00,3,51,22.5,49,18.6,1015.1,1.0,1.4,12,1914.0,0
2020-09-10 13:10:00,3,51,22.5,48,18.9,1015.0,1.0,1.4,12,1914.0,0
2020-09-10 13:13:00,3,50,22.5,48,19.1,1015.0,1.0,1.4,10,1914.0,0
2020-09-10 13:16:00,3,50,22.5,47,19.3,1015.0,1.0,1.7,10,1914.0,0
2020-09-10 13:19:00,3,50,22.5,46,19.4,1015.1,1.0,1.7,0,1914.0,0
2020-09-10 13:22:00,3,50,22.5,47,19.6,1015.0,1.4,1.7,10,1914.0,0
2020-09-10 13:25:00,3,50,22.5,48,20.3,1014.9,1.0,1.7,12,1914.0,0
2020-09-10 13:28:00,3,50,22.5,43,20.5,1014.9,2.0,2.4,12,1914.0,0
2020-09-10 13:31:00,3,50,22.5,43,20.4,1014.9,1.4,2.4,14,1914.0,0
2020-09-10 13:34:00,3,50,22.5,42,20.4,1014.8,1.7,2.7,10,1914.0,0
2020-09-10 13:37:00,3,50,22.5,40,20.4,1014.9,2.0,2.7,10,1914.0,0
2020-09-10 13:40:00,3,50,22.6,41,20.1,1014.9,1.0,1.4,10,1914.0,0
2020-09-10 13:43:00,3,50,22.6,42,19.6,1015.0,0.7,1.0,14,1914.0,0
2020-09-10 13:46:00,3,50,22.6,44,19.5,1015.0,0.3,0.7,14,1914.0,0
2020-09-10 13:49:00,3,50,22.6,46,19.3,1015.0,0.7,1.0,0,1914.0,0
2020-09-10 13:52:00,3,49,22.6,47,19.2,1015.0,0.3,1.0,14,1914.0,0
2020-09-10 13:55:00,3,49,22.6,48,19.3,1014.8,0.7,1.0,0,1914.0,0
2020-09-10 13:58:00,3,49,22.6,48,19.6,1014.8,1.0,1.4,12,1914.0,0
2020-09-10 14:01:00,3,49,22.6,46,19.8,1014.9,1.4,1.7,14,1914.0,0
2020-09-10 14:04:00,3,49,22.6,46,19.8,1014.9,1.4,1.7,14,1914.0,0
2020-09-10 14:07:00,3,49,22.6,43,20.4,1014.8,2.0,3.1,14,1914.0,0
2020-09-10 14:10:00,3,49,22.6,43,20.1,1014.8,1.4,1.4,0,1914.0,0
2020-09-10 14:13:00,3,49,22.6,45,19.6,1014.9,1.0,1.7,,1914.0,2048
2020-09-10 14:16:00,3,49,22.6,46,19.3,1014.8,0.7,1.0,12,1914.0,0
2020-09-10 14:19:00,3,49,22.6,49,19.0,1014.8,0.7,1.0,12,1914.0,0
2020-09-10 14:22:00,3,49,22.6,50,18.9,1014.8,0.3,0.7,12,1914.0,0
2020-09-10 14:25:00,3,49,22.6,49,18.6,1014.9,1.7,2.0,8,1914.0,0
2020-09-10 14:28:00,3,49,22.6,50,18.4,1014.9,1.0,1.4,14,1914.0,0
2020-09-10 14:31:00,3,48,22.6,51,18.4,1014.8,0,0.3,14,1914.0,0
2020-09-10 14:34:00,3,48,22.6,51,18.4,1014.9,1.0,1.4,14,1914.0,0
2020-09-10 14:37:00,3,48,22.6,51,18.3,1014.9,0,0.3,10,1914.0,0
2020-09-10 14:40:00,3,48,22.6,51,18.2,1014.7,0.7,1.4,14,1914.0,0
2020-09-10 14:43:00,3,48,22.6,51,18.1,1014.8,0.7,1.4,0,1914.0,0
2020-09-10 14:46:00,3,48,22.6,51,18.1,1014.7,1.0,1.4,0,1914.0,0
2020-09-10 14:49:00,3,48,22.6,51,18.0,1014.8,0.7,1.0,12,1914.0,0
2020-09-10 14:52:00,3,48,22.6,51,18.0,1014.7,0.7,1.0,0,1914.0,0
2020-09-10 14:55:00,3,48,22.6,51,18.0,1014.7,1.4,2.0,14,1914.0,0
2020-09-10 14:58:00,3,48,22.6,51,17.9,1014.7,0.7,1.0,12,1914.0,0
2020-09-10 15:01:00,3,48,22.6,51,17.9,1014.7,0.3,0.3,0,1914.0,0
2020-09-10 15:04:00,3,48,22.6,51,17.9,1014.6,1.0,1.4,12,1914.0,0
2020-09-10 15:07:00,3,48,22.6,52,17.9,1014.7,0,0,14,1914.0,0
2020-09-10 15:10:00,3,48,22.6,51,17.9,1014.6,1.4,2.0,14,1914.0,0
2020-09-10 15:13:00,3,47,22.6,51,18.1,1014.5,0.7,1.4,12,1914.0,0
2020-09-10 15:16:00,3,47,22.6,50,18.3,1014.5,0.7,1.7,12,1914.0,0
2020-09-10 15:19:00,3,47,22.6,49,18.6,1014.5,1.0,1.4,12,1914.0,0
2020-09-10 15:22:00,3,47,22.6,50,19.0,1014.6,1.0,1.7,14,1914.0,0
2020-09-10 15:25:00,3,47,22.6,50,19.6,1014.5,0,0.7,0,1914.0,0
2020-09-10 15:28:00,3,47,22.6,47,20.0,1014.5,0,0,0,1914.0,0
2020-09-10 15:31:00,3,47,22.6,44,20.3,1014.4,1.0,1.7,12,1914.0,0
2020-09-10 15:34:00,3,47,22.6,44,20.5,1014.5,0,0.7,12,1914.0,0
2020-09-10 15:37:00,3,47,22.6,43,20.6,1014.5,1.7,2.4,12,1914.0,0
2020-09-10 15:40:00,3,47,22.6,44,20.3,1014.5,0.3,0.7,12,1914.0,0
2020-09-10 15:43:00,3,46,22.6,44,20.2,1014.5,1.7,2.0,10,1914.0,0
2020-09-10 15:46:00,3,46,22.6,45,20.2,1014.4,1.0,1.4,0,1914.0,0
2020-09-10 15:49:00,3,46,22.6,46,20.1,1014.4,0.7,1.7,14,1914.0,0
2020-09-10 15:52:00,3,46,22.6,47,20.0,1014.3,0.7,1.0,14,1914.0,0
2020-09-10 15:55:00,3,46,22.6,47,19.6,1014.3,0.7,1.0,14,1914.0,0
2020-09-10 15:58:00,3,46,22.6,46,19.3,1014.3,1.0,1.7,14,1914.0,0
2020-09-10 16:01:00,3,47,22.6,47,19.1,1014.3,0,0,14,1914.0,0
2020-09-10 16:04:00,3,47,22.6,47,19.1,1014.4,0,0,14,1914.0,0
2020-09-10 16:07:00,3,47,22.6,48,18.5,1014.4,0.7,1.0,12,1914.0,0
2020-09-10 16:10:00,3,47,22.7,48,18.3,1014.4,1.0,1.7,12,1914.0,0
2020-09-10 16:13:00,3,47,22.7,49,18.1,1014.3,0.3,0.7,12,1914.0,0
2020-09-10 16:16:00,3,47,22.7,50,17.9,1014.3,0.3,0.7,14,1914.0,0
2020-09-10 16:19:00,3,47,22.7,50,17.8,1014.3,0,0.3,14,1914.0,0
2020-09-10 16:22:00,3,47,22.7,50,17.7,1014.3,0,0.3,14,1914.0,0
2020-09-10 16:25:00,3,48,22.7,50,17.5,1014.2,0.7,1.0,14,1914.0,0
2020-09-10 16:28:00,3,48,22.7,53,17.4,1014.2,0,0,14,1914.0,0
2020-09-10 16:31:00,3,48,22.7,54,17.3,1014.2,0,0.3,14,1914.0,0
2020-09-10 16:34:00,3,48,22.7,55,17.3,1014.2,0.3,0.3,14,1914.0,0
2020-09-10 16:37:00,3,48,22.7,55,17.4,1014.2,0,0.3,14,1914.0,0
2020-09-10 16:40:00,3,48,22.7,54,17.4,1014.1,0.3,1.0,12,1914.0,0
2020-09-10 16:43:00,3,48,22.7,51,17.5,1014.1,0,0,14,1914.0,0
2020-09-10 16:46:00,3,48,22.7,51,17.5,1014.1,0,0,14,1914.0,0
2020-09-10 16:49:00,3,48,22.7,51,17.5,1014.1,0,0.3,14,1914.0,0
2020-09-10 16:52:00,3,48,22.7,51,17.5,1014.2,0,0,14,1914.0,0
2020-09-10 16:55:00,3,48,22.7,55,17.4,1014.2,0,0,14,1914.0,0
2020-09-10 16:58:00,3,48,22.7,55,17.3,1014.1,0,0,14,1914.0,0
2020-09-10 17:01:00,3,48,22.7,56,17.2,1014.2,0,0,14,1914.0,0
2020-09-10 17:04:00,3,48,22.7,56,17.0,1014.1,0,0,14,1914.0,0
2020-09-10 17:07:00,3,48,22.7,56,16.9,1014.2,0,0,14,1914.0,0
2020-09-10 17:10:00,3,48,22.7,58,16.7,1014.1,0,0,14,1914.0,0
2020-09-10 17:13:00,3,48,22.7,60,16.5,1014.1,0,0,14,1914.0,0
2020-09-10 17:16:00,3,48,22.7,60,16.3,1014.0,0,0,14,1914.0,0
2020-09-10 17:19:00,3,48,22.7,60,16.1,1014.1,0,0,14,1914.0,0
2020-09-10 17:22:00,3,48,22.7,61,15.9,1014.1,0,0,14,1914.0,0
2020-09-10 17:25:00,3,48,22.7,62,15.7,1014.1,0,0,14,1914.0,0
2020-09-10 17:28:00,3,48,22.7,62,15.5,1014.1,0,0,14,1914.0,0
2020-09-10 17:31:00,3,48,22.7,63,15.3,1014.2,0,0,14,1914.0,0
2020-09-10 17:34:00,3,48,22.7,64,15.1,1014.0,0,0,14,1914.0,0
2020-09-10 17:37:00,3,48,22.7,65,14.9,1014.1,0,0,14,1914.0,0
2020-09-10 17:40:00,3,48,22.7,66,14.7,1014.2,0,0.3,14,1914.0,0
2020-09-10 17:43:00,3,48,22.7,66,14.5,1014.2,0,0,14,1914.0,0
2020-09-10 17:46:00,3,48,22.7,67,14.4,1014.1,0,0,14,1914.0,0
2020-09-10 17:49:00,3,48,22.7,67,14.2,1014.2,0,0,14,1914.0,0
2020-09-10 17:52:00,3,48,22.7,68,14.0,1014.1,0,0,14,1914.0,0
2020-09-10 17:55:00,3,48,22.7,70,13.9,1014.3,0,0,14,1914.0,0
2020-09-10 17:58:00,3,48,22.7,70,13.8,1014.2,0,0,14,1914.0,0
2020-09-10 18:01:00,3,48,22.7,70,13.6,1014.2,0,0,14,1914.0,0
2020-09-10 18:04:00,3,48,22.6,70,13.6,1014.2,0,0,14,1914.0,0
2020-09-10 18:07:00,3,48,22.6,71,13.3,1014.2,0,0.3,14,1914.0,0
2020-09-10 18:10:00,3,48,22.6,71,13.2,1014.2,0,0,14,1914.0,0
2020-09-10 18:13:00,3,48,22.6,72,13.1,1014.3,0,0,14,1914.0,0
2020-09-10 18:16:00,3,48,22.6,72,13.0,1014.2,0,0,14,1914.0,0
2020-09-10 18:19:00,3,49,22.6,73,12.8,1014.2,0,0,14,1914.0,0
2020-09-10 18:22:00,3,49,22.6,73,12.7,1014.2,0,0,14,1914.0,0
2020-09-10 18:25:00,3,49,22.6,73,12.6,1014.3,0,0,14,1914.0,0
2020-09-10 18:28:00,3,49,22.6,74,12.5,1014.3,0,0,14,1914.0,0
2020-09-10 18:31:00,3,49,22.6,78,12.4,1014.3,0,0,14,1914.0,0
2020-09-10 18:34:00,3,49,22.6,78,12.4,1014.3,0,0,14,1914.0,0
2020-09-10 18:37:00,3,49,22.6,79,12.3,1014.3,0,0,14,1914.0,0
2020-09-10 18:40:00,3,49,22.6,79,12.2,1014.3,0,0,14,1914.0,0
2020-09-10 18:43:00,3,49,22.6,80,12.1,1014.3,0,0,14,1914.0,0
2020-09-10 18:46:00,3,49,22.6,80,12.0,1014.4,0,0,14,1914.0,0
2020-09-10 18:49:00,3,49,22.6,80,11.9,1014.3,0,0,14,1914.0,0
2020-09-10 18:52:00,3,49,22.6,80,11.8,1014.2,0,0,14,1914.0,0
2020-09-10 18:55:00,3,49,22.6,81,11.7,1014.3,0,0.3,14,1914.0,0
2020-09-10 18:58:00,3,49,22.6,81,11.6,1014.3,0,0,14,1914.0,0
2020-09-10 19:01:00,3,49,22.6,81,11.5,1014.3,0,0,14,1914.0,0
2020-09-10 19:04:00,3,49,22.6,81,11.5,1014.3,0,0.3,14,1914.0,0
2020-09-10 19:07:00,3,49,22.6,82,11.4,1014.2,0,0,14,1914.0,0
2020-09-10 19:10:00,3,49,22.6,82,11.3,1014.2,0,0,14,1914.0,0
2020-09-10 19:13:00,3,49,22.6,82,11.2,1014.2,0,0,14,1914.0,0
2020-09-10 19:16:00,3,49,22.6,82,11.2,1014.3,0,0,14,1914.0,0
2020-09-10 19:19:00,3,49,22.5,83,11.1,1014.3,0,0,14,1914.0,0
2020-09-10 19:22:00,3,49,22.5,83,11.0,1014.4,0,0.3,14,1914.0,0
2020-09-10 19:25:00,3,49,22.5,83,10.9,1014.4,0,0,14,1914.0,0
2020-09-10 19:28:00,3,49,22.5,83,10.8,1014.3,0,0,14,1914.0,0
2020-09-10 19:31:00,3,49,22.5,83,10.7,1014.4,0,0,14,1914.0,0
2020-09-10 19:34:00,3,49,22.5,83,10.7,1014.4,0,0,14,1914.0,0
2020-09-10 19:37:00,3,49,22.5,83,10.6,1014.3,0,0,14,1914.0,0
2020-09-10 19:40:00,3,49,22.5,83,10.6,1014.3,0,0,14,1914.0,0
2020-09-10 19:43:00,3,49,22.5,84,10.5,1014.3,0,0,14,1914.0,0
2020-09-10 19:46:00,3,49,22.5,85,10.5,1014.2,0,0,14,1914.0,0
2020-09-10 19:49:00,3,49,22.5,85,10.5,1014.2,0,0,14,1914.0,0
2020-09-10 19:52:00,3,49,22.4,85,10.4,1014.2,0,0,14,1914.0,0
2020-09-10 19:55:00,3,49,22.4,86,10.3,1014.2,0,0,14,1914.0,0
2020-09-10 19:58:00,3,49,22.4,86,10.3,1014.3,0,0,14,1914.0,0
2020-09-10 20:01:00,3,49,22.4,86,10.2,1014.2,0,0,14,1914.0,0
2020-09-10 20:04:00,3,49,22.3,86,10.2,1014.2,0,0,14,1914.0,0
2020-09-10 20:07:00,3,49,22.3,86,10.1,1014.2,0,0,14,1914.0,0
2020-09-10 20:10:00,3,49,22.3,86,10.0,1014.2,0,0,14,1914.0,0
2020-09-10 20:13:00,3,49,22.3,87,10.0,1014.3,0,0,14,1914.0,0
2020-09-10 20:16:00,3,49,22.3,87,9.9,1014.2,0,0,14,1914.0,0
2020-09-10 20:19:00,3,49,22.3,87,9.9,1014.3,0,0,14,1914.0,0
2020-09-10 20:22:00,3,49,22.3,87,9.8,1014.3,0,0,14,1914.0,0
2020-09-10 20:25:00,3,49,22.3,87,9.8,1014.2,0,0,14,1914.0,0
2020-09-10 20:28:00,3,49,22.3,88,9.7,1014.2,0,0,14,1914.0,0
2020-09-10 20:31:00,3,49,22.3,88,9.7,1014.2,0,0,14,1914.0,0
2020-09-10 20:34:00,3,49,22.3,88,9.7,1014.2,0,0,14,1914.0,0
2020-09-10 20:37:00,3,49,22.3,88,9.7,1014.3,0,0,14,1914.0,0
2020-09-10 20:40:00,3,49,22.3,89,9.6,1014.2,0,0,14,1914.0,0
2020-09-10 20:43:00,3,49,22.3,89,9.6,1014.2,0,0,14,1914.0,0
2020-09-10 20:46:00,3,49,22.2,89,9.5,1014.2,0,0,14,1914.0,0
2020-09-10 20:49:00,3,49,22.2,89,9.5,1014.2,0,0,14,1914.0,0
2020-09-10 20:52:00,3,49,22.2,90,9.4,1014.2,0,0,14,1914.0,0
2020-09-10 20:55:00,3,49,22.2,90,9.4,1014.1,0,0,14,1914.0,0
2020-09-10 20:58:00,3,49,22.2,90,9.3,1014.2,0,0,14,1914.0,0
2020-09-10 21:01:00,3,49,22.2,90,9.3,1014.1,0,0,14,1914.0,0
2020-09-10 21:04:00,3,49,22.2,90,9.3,1014.1,0,0,14,1914.0,0
2020-09-10 21:07:00,3,49,22.2,90,9.2,1014.0,0,0,14,1914.0,0
2020-09-10 21:10:00,3,49,22.2,90,9.2,1014.1,0,0,14,1914.0,0
2020-09-10 21:13:00,3,49,22.2,90,9.2,1014.1,0,0,4,1914.0,0
2020-09-10 21:16:00,3,49,22.2,90,9.1,1014.0,0,0,4,1914.0,0
2020-09-10 21:19:00,3,49,22.2,91,9.1,1013.9,0,0,4,1914.0,0
2020-09-10 21:22:00,3,49,22.2,91,9.0,1014.0,0,0,4,1914.0,0
2020-09-10 21:25:00,3,49,22.2,91,9.0,1014.0,0,0,4,1914.0,0
2020-09-10 21:28:00,3,49,22.2,91,8.9,1013.9,0,0,4,1914.0,0
2020-09-10 21:31:00,3,49,22.1,91,8.9,1013.9,0,0,4,1914.0,0
2020-09-10 21:34:00,3,49,22.1,91,8.8,1013.9,0,0,4,1914.0,0
2020-09-10 21:37:00,3,49,22.1,91,8.8,1014.0,0,0,4,1914.0,0
2020-09-10 21:40:00,3,49,22.1,91,8.7,1013.9,0,0,4,1914.0,0
2020-09-10 21:43:00,3,49,22.1,91,8.7,1013.9,0,0,4,1914.0,0
2020-09-10 21:46:00,3,49,22.1,91,8.6,1014.0,0,0,4,1914.0,0
2020-09-10 21:49:00,3,49,22.1,91,8.6,1014.0,0,0,4,1914.0,0
2020-09-10 21:52:00,3,49,22.1,91,8.6,1014.0,0,0,4,1914.0,0
2020-09-10 21:55:00,3,49,22.0,91,8.6,1014.1,0,0,4,1914.0,0
2020-09-10 21:58:00,3,49,22.0,91,8.6,1013.9,0,0,4,1914.0,0
