2020-09-22 00:01:00,3,47,21.0,91,10.1,1007.7,0,0,13,1914.0,0
2020-09-22 00:04:00,3,47,21.0,91,10.1,1007.7,0,0,13,1914.0,0
2020-09-22 00:07:00,3,47,21.0,91,10.0,1007.6,0,0,13,1914.0,0
2020-09-22 00:10:00,3,47,21.0,91,10.0,1007.7,0,0,13,1914.0,0
2020-09-22 00:13:00,3,48,20.9,91,10.0,1007.6,0,0,13,1914.0,0
2020-09-22 00:16:00,3,47,21.0,91,9.9,1007.6,0,0,13,1914.0,0
2020-09-22 00:19:00,3,47,20.9,91,9.9,1007.6,0,0,14,1914.0,0
2020-09-22 00:22:00,3,47,20.9,91,9.9,1007.5,0,0,14,1914.0,0
2020-09-22 00:25:00,3,47,20.9,91,9.8,1007.5,0,0,14,1914.0,0
2020-09-22 00:28:00,3,47,20.9,91,9.8,1007.5,0,0,13,1914.0,0
2020-09-22 00:31:00,3,47,20.9,91,9.8,1007.4,0,0,13,1914.0,0
2020-09-22 00:34:00,3,47,20.9,91,9.8,1007.5,0,0,13,1914.0,0
2020-09-22 00:37:00,3,47,20.9,92,9.8,1007.4,0,0,13,1914.0,0
2020-09-22 00:40:00,3,47,20.9,92,9.7,1007.5,0,0,13,1914.0,0
2020-09-22 00:43:00,3,47,20.9,92,9.7,1007.4,0,0,13,1914.0,0
2020-09-22 00:46:00,3,47,20.9,92,9.7,1007.2,0,0,13,1914.0,0
2020-09-22 00:49:00,3,47,20.9,92,9.6,1007.4,0,0,13,1914.0,0
2020-09-22 00:52:00,3,47,20.8,92,9.6,1007.3,0,0,13,1914.0,0
2020-09-22 00:55:00,3,47,20.8,92,9.6,1007.4,0,0,13,1914.0,0
2020-09-22 00:58:00,3,47,20.8,92,9.5,1007.2,0,0,14,1914.0,0
2020-09-22 01:01:00,3,47,20.8,92,9.5,1007.3,0,0,13,1914.0,0
2020-09-22 01:04:00,3,47,20.8,92,9.5,1007.4,0,0,13,1914.0,0
2020-09-22 01:07:00,3,47,20.7,92,9.5,1007.2,0,0,13,1914.0,0
2020-09-22 01:10:00,3,47,20.7,92,9.5,1007.2,0,0,13,1914.0,0
2020-09-22 01:13:00,3,47,20.7,92,9.5,1007.1,0,0,0,1914.0,0
2020-09-22 01:16:00,3,47,20.7,92,9.4,1007.1,0,0,0,1914.0,0
2020-09-22 01:19:00,3,47,20.7,92,9.4,1007.2,0,0,0,1914.0,0
2020-09-22 01:22:00,3,47,20.7,92,9.4,1007.2,0,0,0,1914.0,0
2020-09-22 01:25:00,3,47,20.7,92,9.4,1007.1,0,0,0,1914.0,0
2020-09-22 01:28:00,3,47,20.7,92,9.4,1007.1,0,0,0,1914.0,0
2020-09-22 01:31:00,3,47,20.7,92,9.4,1007.1,0,0,0,1914.0,0
2020-09-22 01:34:00,3,47,20.7,92,9.3,1007.1,0,0,0,1914.0,0
2020-09-22 01:37:00,3,47,20.7,92,9.3,1006.9,0,0,0,1914.0,0
2020-09-22 01:40:00,3,47,20.7,92,9.3,1007.0,0,0,13,1914.0,0
2020-09-22 01:43:00,3,47,20.7,93,9.3,1006.9,0,0,13,1914.0,0
2020-09-22 01:46:00,3,47,20.6,93,9.3,1007.0,0,0,13,1914.0,0
2020-09-22 01:49:00,3,47,20.6,93,9.2,1006.8,0,0,13,1914.0,0
2020-09-22 01:52:00,3,47,20.6,93,9.2,1007.0,0,0,13,1914.0,0
2020-09-22 01:55:00,3,47,20.6,93,9.2,1007.0,0,0,13,1914.0,0
2020-09-22 01:58:00,3,47,20.6,93,9.1,1006.8,0,0,13,1914.0,0
2020-09-22 02:01:00,3,47,20.6,93,9.1,1006.9,0,0,0,1914.0,0
2020-09-22 02:04:00,3,47,20.6,93,9.1,1006.8,0,0,0,1914.0,0
2020-09-22 02:07:00,3,47,20.6,93,9.1,1006.9,0,0,0,1914.0,0
2020-09-22 02:10:00,3,47,20.6,93,9.0,1006.8,0,0,0,1914.0,0
2020-09-22 02:13:00,3,47,20.6,93,9.0,1006.8,0,0,0,1914.0,0
2020-09-22 02:16:00,3,47,20.6,93,9.0,1006.7,0,0,0,1914.0,0
2020-09-22 02:19:00,3,47,20.6,93,9.0,1006.7,0,0,0,1914.0,0
2020-09-22 02:22:00,3,47,20.5,93,9.0,1006.6,0,0,0,1914.0,0
2020-09-22 02:25:00,3,47,20.5,93,8.9,1006.6,0,0,0,1914.0,0
2020-09-22 02:28:00,3,47,20.5,93,8.9,1006.7,0,0,0,1914.0,0
2020-09-22 02:31:00,3,47,20.5,93,8.9,1006.7,0,0,0,1914.0,0
2020-09-22 02:34:00,3,47,20.5,93,8.9,1006.6,0,0,13,1914.0,0
2020-09-22 02:37:00,3,47,20.5,93,8.8,1006.7,0,0,13,1914.0,0
2020-09-22 02:40:00,3,47,20.5,93,8.8,1006.7,0,0,13,1914.0,0
2020-09-22 02:43:00,3,47,20.4,93,8.8,1006.7,0,0,13,1914.0,0
2020-09-22 02:46:00,3,47,20.4,93,8.8,1006.6,0,0,13,1914.0,0
2020-09-22 02:49:00,3,47,20.4,93,8.7,1006.7,0,0,0,1914.0,0
2020-09-22 02:52:00,3,47,20.4,93,8.7,1006.5,0,0,0,1914.0,0
2020-09-22 02:55:00,3,47,20.4,93,8.7,1006.6,0,0,0,1914.0,0
2020-09-22 02:58:00,3,47,20.4,93,8.7,1006.7,0,0,0,1914.0,0
2020-09-22 03:01:00,3,47,20.4,93,8.7,1006.6,0,0,0,1914.0,0
2020-09-22 03:04:00,3,47,20.4,93,8.7,1006.6,0,0,0,1914.0,0
2020-09-22 03:07:00,3,47,20.4,93,8.7,1006.6,0,0,0,1914.0,0
2020-09-22 03:10:00,3,47,20.4,93,8.7,1006.6,0,0,0,1914.0,0
2020-09-22 03:13:00,3,47,20.4,93,8.6,1006.6,0,0,0,1914.0,0
2020-09-22 03:16:00,3,47,20.4,93,8.6,1006.7,0,0,0,1914.0,0
2020-09-22 03:19:00,3,47,20.4,93,8.6,1006.6,0,0,0,1914.0,0
2020-09-22 03:22:00,3,47,20.3,93,8.6,1006.6,0,0,13,1914.0,0
2020-09-22 03:25:00,3,47,20.3,93,8.5,1006.6,0,0,13,1914.0,0
2020-09-22 03:28:00,3,47,20.3,93,8.5,1006.6,0,0,13,1914.0,0
2020-09-22 03:31:00,3,47,20.3,93,8.5,1006.5,0,0,13,1914.0,0
2020-09-22 03:34:00,3,47,20.3,93,8.4,1006.5,0,0,13,1914.0,0
2020-09-22 03:37:00,3,47,20.3,93,8.4,1006.4,0,0,13,1914.0,0
2020-09-22 03:40:00,3,47,20.3,93,8.4,1006.3,0,0,13,1914.0,0
2020-09-22 03:43:00,3,47,20.3,93,8.3,1006.4,0,0,13,1914.0,0
2020-09-22 03:46:00,3,47,20.3,93,8.3,1006.4,0,0,13,1914.0,0
2020-09-22 03:49:00,3,47,20.3,93,8.3,1006.4,0,0,13,1914.0,0
2020-09-22 03:52:00,3,47,20.3,93,8.3,1006.5,0,0,13,1914.0,0
2020-09-22 03:55:00,3,47,20.3,93,8.3,1006.4,0,0,13,1914.0,0
2020-09-22 03:58:00,3,47,20.3,93,8.2,1006.4,0,0,13,1914.0,0
2020-09-22 04:01:00,3,47,20.3,93,8.2,1006.4,0,0,13,1914.0,0
2020-09-22 04:04:00,3,47,20.3,93,8.2,1006.3,0,0,13,1914.0,0
2020-09-22 04:07:00,3,47,20.3,93,8.2,1006.3,0,0,13,1914.0,0
2020-09-22 04:10:00,3,47,20.2,93,8.2,1006.4,0,0,0,1914.0,0
2020-09-22 04:13:00,3,47,20.2,93,8.2,1006.3,0,0,0,1914.0,0
2020-09-22 04:16:00,3,47,20.2,94,8.1,1006.4,0,0,0,1914.0,0
2020-09-22 04:19:00,3,47,20.2,94,8.1,1006.4,0,0,0,1914.0,0
2020-09-22 04:22:00,3,47,20.2,94,8.1,1006.2,0,0,0,1914.0,0
2020-09-22 04:25:00,3,47,20.2,94,8.1,1006.4,0,0,0,1914.0,0
2020-09-22 04:28:00,3,47,20.2,94,8.1,1006.3,0,0,0,1914.0,0
2020-09-22 04:31:00,3,47,20.2,94,8.1,1006.3,0,0,0,1914.0,0
2020-09-22 04:34:00,3,47,20.2,94,8.1,1006.3,0,0,0,1914.0,0
2020-09-22 04:37:00,3,47,20.1,94,8.0,1006.2,0,0,0,1914.0,0
2020-09-22 04:40:00,3,47,20.1,94,8.0,1006.2,0,0,0,1914.0,0
2020-09-22 04:43:00,3,47,20.1,94,8.0,1006.2,0,0,0,1914.0,0
2020-09-22 04:46:00,3,47,20.1,94,8.0,1006.2,0,0,0,1914.0,0
2020-09-22 04:49:00,3,47,20.1,94,8.0,1006.2,0,0,0,1914.0,0
2020-09-22 04:52:00,3,47,20.1,94,8.0,1006.3,0,0,0,1914.0,0
2020-09-22 04:55:00,3,47,20.1,94,8.0,1006.3,0,0,0,1914.0,0
2020-09-22 04:58:00,3,47,20.1,94,8.0,1006.2,0,0,0,1914.0,0
2020-09-22 05:01:00,3,47,20.1,94,7.9,1006.3,0,0,0,1914.0,0
2020-09-22 05:04:00,3,47,20.1,94,7.9,1006.2,0,0,0,1914.0,0
2020-09-22 05:07:00,3,47,20.1,94,7.9,1006.3,0,0,0,1914.0,0
2020-09-22 05:10:00,3,47,20.1,94,7.9,1006.3,0,0,0,1914.0,0
2020-09-22 05:13:00,3,47,20.1,94,8.0,1006.3,0,0,0,1914.0,0
2020-09-22 05:16:00,3,47,20.1,94,8.0,1006.4,0,0,0,1914.0,0
2020-09-22 05:19:00,3,47,20.0,94,8.0,1006.3,0,0,0,1914.0,0
2020-09-22 05:22:00,3,47,20.0,94,8.0,1006.4,0,0,0,1914.0,0
2020-09-22 05:25:00,3,47,20.0,94,8.0,1006.4,0,0,0,1914.0,0
2020-09-22 05:28:00,3,47,20.0,94,8.1,1006.4,0,0,4,1914.0,0
2020-09-22 05:31:00,3,47,20.0,94,8.1,1006.4,0,0,4,1914.0,0
2020-09-22 05:34:00,3,47,20.0,94,8.2,1006.3,0,0,4,1914.0,0
2020-09-22 05:37:00,3,47,20.0,94,8.3,1006.4,0,0,4,1914.0,0
2020-09-22 05:40:00,3,47,20.0,95,8.6,1006.4,0,0,4,1914.0,0
2020-09-22 05:43:00,3,47,20.0,95,8.8,1006.4,0,0,0,1914.0,0
2020-09-22 05:46:00,3,48,20.0,95,9.0,1006.4,0,0,0,1914.0,0
2020-09-22 05:49:00,3,48,20.0,95,9.1,1006.4,0,0,0,1914.0,0
2020-09-22 05:52:00,3,48,20.0,95,9.3,1006.4,0,0,0,1914.0,0
2020-09-22 05:55:00,3,48,20.0,95,9.6,1006.3,0,0,0,1914.0,0
2020-09-22 05:58:00,3,48,20.0,95,9.8,1006.3,0,0,0,1914.0,0
2020-09-22 06:01:00,3,48,20.0,95,10.0,1006.4,0,0,0,1914.0,0
2020-09-22 06:04:00,3,48,20.0,95,10.0,1006.3,0,0,0,1914.0,0
2020-09-22 06:07:00,3,48,20.0,95,10.1,1006.2,0,0,0,1914.0,0
2020-09-22 06:10:00,3,48,20.0,95,10.1,1006.3,0,0,0,1914.0,0
2020-09-22 06:13:00,3,48,20.0,94,10.1,1006.3,0,0,0,1914.0,0
2020-09-22 06:16:00,3,49,20.0,93,10.1,1006.3,0,0,0,1914.0,0
2020-09-22 06:19:00,3,50,20.1,93,10.2,1006.4,0,0,0,1914.0,0
2020-09-22 06:22:00,3,49,20.1,92,10.2,1006.3,0,0,0,1914.0,0
2020-09-22 06:25:00,3,49,20.2,92,10.3,1006.2,0,0,0,1914.0,0
2020-09-22 06:28:00,3,49,20.3,91,10.4,1006.4,0,0,0,1914.0,0
2020-09-22 06:31:00,3,49,20.4,91,10.5,1006.3,0,0,0,1914.0,0
2020-09-22 06:34:00,3,49,20.5,91,10.6,1006.3,0,0,0,1914.0,0
2020-09-22 06:37:00,3,49,20.6,91,10.8,1006.3,0,0,0,1914.0,0
2020-09-22 06:40:00,3,49,20.6,91,11.0,1006.4,0,0,4,1914.0,0
2020-09-22 06:43:00,3,48,20.7,91,11.3,1006.3,0,0,4,1914.0,0
2020-09-22 06:46:00,3,48,20.9,91,11.7,1006.4,0,0,4,1914.0,0
2020-09-22 06:49:00,3,47,21.0,91,12.3,1006.3,0,0,0,1914.0,0
2020-09-22 06:52:00,3,46,21.0,87,13.1,1006.3,0,0,0,1914.0,0
2020-09-22 06:55:00,3,46,21.1,88,14.0,1006.4,0,0,0,1914.0,0
2020-09-22 06:58:00,3,46,21.2,88,14.7,1006.5,0,0,0,1914.0,0
2020-09-22 07:01:00,3,46,21.3,87,15.6,1006.4,0,0,0,1914.0,0
2020-09-22 07:04:00,3,46,21.3,84,16.5,1006.5,0,0,8,1914.0,0
2020-09-22 07:07:00,3,45,21.4,82,17.2,1006.5,0,0,12,1914.0,0
2020-09-22 07:10:00,3,45,21.5,75,17.7,1006.4,0,0,0,1914.0,0
2020-09-22 07:13:00,3,45,21.5,72,18.3,1006.5,0,0,8,1914.0,0
2020-09-22 07:16:00,3,45,21.6,68,18.4,1006.6,0.3,0.7,6,1914.0,0
2020-09-22 07:19:00,3,45,21.6,66,18.6,1006.4,0,0.3,13,1914.0,0
2020-09-22 07:22:00,3,45,21.7,66,18.9,1006.4,0,0,8,1914.0,0
2020-09-22 07:25:00,3,45,21.7,64,19.0,1006.5,1.0,1.4,6,1914.0,0
2020-09-22 07:28:00,3,45,21.7,63,19.1,1006.4,0,0,13,1914.0,0
2020-09-22 07:31:00,3,45,21.7,62,19.3,1006.5,0,0,8,1914.0,0
2020-09-22 07:34:00,3,45,21.7,62,19.3,1006.5,1.0,1.4,9,1914.0,0
2020-09-22 07:37:00,3,45,21.6,61,19.2,1006.6,0.7,1.4,8,1914.0,0
2020-09-22 07:40:00,3,45,21.6,61,19.2,1006.6,0.7,1.0,8,1914.0,0
2020-09-22 07:43:00,3,45,21.5,61,19.1,1006.5,0.7,1.4,8,1914.0,0
2020-09-22 07:46:00,3,45,21.5,62,19.2,1006.5,0,0,8,1914.0,0
2020-09-22 07:49:00,3,45,21.5,61,19.4,1006.4,1.0,1.4,6,1914.0,0
2020-09-22 07:52:00,3,46,21.4,61,19.4,1006.4,0.3,1.0,8,1914.0,0
2020-09-22 07:55:00,3,46,21.4,61,19.2,1006.3,0.3,1.0,12,1914.0,0
2020-09-22 07:58:00,3,46,21.3,61,19.3,1006.3,0.7,1.4,8,1914.0,0
2020-09-22 08:01:00,3,46,21.3,61,19.3,1006.3,0.7,1.0,6,1914.0,0
2020-09-22 08:04:00,3,46,21.3,61,19.3,1006.3,0.7,1.0,6,1914.0,0
2020-09-22 08:07:00,3,46,21.3,60,19.8,1006.3,0,0.3,8,1914.0,0
2020-09-22 08:10:00,3,46,21.2,61,20.0,1006.3,0,0.7,8,1914.0,0
2020-09-22 08:13:00,3,46,21.2,60,20.2,1006.2,1.0,1.4,14,1914.0,0
2020-09-22 08:16:00,3,46,21.2,59,20.0,1006.2,0.7,1.0,10,1914.0,0
2020-09-22 08:19:00,3,46,21.2,60,20.1,1006.2,0,0.3,6,1914.0,0
2020-09-22 08:22:00,3,46,21.2,60,20.5,1006.1,1.0,1.4,4,1914.0,0
2020-09-22 08:25:00,3,47,21.1,59,20.6,1006.2,0.3,1.0,8,1914.0,0
2020-09-22 08:28:00,3,47,21.1,58,20.7,1006.1,1.0,1.7,8,1914.0,0
2020-09-22 08:31:00,3,47,21.1,59,20.6,1006.1,1.0,1.7,10,1914.0,0
2020-09-22 08:34:00,3,47,21.1,59,20.6,1006.0,1.0,1.7,10,1914.0,0
2020-09-22 08:37:00,3,47,21.1,59,20.6,1006.0,0,0.3,4,1914.0,0
2020-09-22 08:40:00,3,47,21.1,59,20.9,1006.0,1.4,1.7,10,1914.0,0
2020-09-22 08:43:00,3,48,21.1,58,21.2,1005.9,0.3,1.0,8,1914.0,0
2020-09-22 08:46:00,3,48,21.0,59,21.3,1005.9,0.3,1.0,6,1914.0,0
2020-09-22 08:49:00,3,48,21.0,57,21.4,1005.9,1.0,1.4,10,1914.0,0
2020-09-22 08:52:00,3,48,21.0,57,21.4,1005.8,1.0,1.4,8,1914.0,0
2020-09-22 08:55:00,3,48,21.0,57,21.4,1005.7,1.0,2.0,8,1914.0,0
2020-09-22 08:58:00,3,48,21.0,55,21.2,1005.8,1.4,2.4,8,1914.0,0
2020-09-22 09:01:00,3,49,20.9,56,21.1,1005.8,0.3,0.7,8,1914.0,0
2020-09-22 09:04:00,3,49,20.9,56,21.2,1005.7,0.7,1.0,9,1914.0,0
2020-09-22 09:07:00,3,49,20.9,56,21.5,1005.7,1.0,1.7,10,1914.0,0
2020-09-22 09:10:00,3,49,20.9,56,21.7,1005.7,0,0.7,8,1914.0,0
2020-09-22 09:13:00,3,50,20.9,54,22.0,1005.6,2.0,2.7,4,1914.0,0
2020-09-22 09:16:00,3,50,20.9,54,22.0,1005.7,0.7,1.4,14,1914.0,0
2020-09-22 09:19:00,3,50,20.9,53,22.0,1005.5,1.4,1.7,10,1914.0,0
2020-09-22 09:22:00,3,50,20.9,54,22.1,1005.5,0,0,15,1914.0,0
2020-09-22 09:25:00,3,50,20.8,51,22.5,1005.5,1.0,1.4,8,1914.0,0
2020-09-22 09:28:00,3,50,20.8,51,22.5,1005.5,1.0,2.0,12,1914.0,0
2020-09-22 09:31:00,3,50,20.8,50,22.6,1005.4,1.0,1.4,4,1914.0,0
2020-09-22 09:34:00,3,50,20.8,50,22.5,1005.4,0.7,1.0,12,1914.0,0
2020-09-22 09:37:00,3,50,20.8,50,22.8,1005.3,1.7,2.4,12,1914.0,0
2020-09-22 09:40:00,3,50,20.7,51,23.0,1005.3,0.3,0.7,10,1914.0,0
2020-09-22 09:43:00,3,50,20.7,50,23.5,1005.4,2.0,2.7,8,1914.0,0
2020-09-22 09:46:00,3,51,20.8,48,23.3,1005.4,2.0,2.7,6,1914.0,0
2020-09-22 09:49:00,3,51,20.8,50,23.1,1005.4,0.7,1.0,8,1914.0,0
2020-09-22 09:52:00,3,51,20.8,50,23.0,1005.2,1.0,2.0,8,1914.0,0
2020-09-22 09:55:00,3,51,20.8,49,23.0,1005.2,1.7,2.0,7,1914.0,0
2020-09-22 09:58:00,3,51,20.8,50,23.0,1005.3,1.4,2.0,10,1914.0,0
2020-09-22 10:01:00,3,51,20.8,49,23.0,1005.1,1.4,2.0,6,1914.0,0
2020-09-22 10:04:00,3,51,20.8,49,23.0,1005.2,1.4,2.0,6,1914.0,0
2020-09-22 10:07:00,3,51,20.8,50,23.0,1005.2,1.0,1.4,8,1914.0,0
2020-09-22 10:10:00,3,51,20.9,49,23.1,1005.1,1.0,1.4,6,1914.0,0
2020-09-22 10:13:00,3,51,20.9,49,23.4,1005.1,1.0,1.4,14,1914.0,0
2020-09-22 10:16:00,3,51,20.9,48,23.6,1005.0,0.7,1.0,4,1914.0,0
2020-09-22 10:19:00,3,51,20.9,47,23.6,1005.1,1.4,1.7,14,1914.0,0
2020-09-22 10:22:00,3,51,20.9,47,23.7,1005.0,0.7,1.0,0,1914.0,0
2020-09-22 10:25:00,3,51,20.9,48,24.0,1005.0,1.4,2.0,10,1914.0,0
2020-09-22 10:28:00,3,51,20.9,45,24.1,1005.0,1.0,1.7,14,1914.0,0
2020-09-22 10:31:00,3,52,20.9,46,24.0,1005.0,1.0,1.7,10,1914.0,0
2020-09-22 10:34:00,3,52,20.9,46,24.1,1005.0,0.7,1.0,8,1914.0,0
2020-09-22 10:37:00,3,52,20.9,46,24.2,1004.9,1.0,1.4,10,1914.0,0
2020-09-22 10:40:00,3,52,20.9,46,24.4,1004.8,0.7,1.0,10,1914.0,0
2020-09-22 10:43:00,3,52,20.9,44,24.6,1004.8,2.0,2.7,8,1914.0,0
2020-09-22 10:46:00,3,52,20.9,44,24.3,1004.9,1.0,1.4,10,1914.0,0
2020-09-22 10:49:00,3,52,20.9,45,24.4,1004.9,2.0,2.4,8,1914.0,0
2020-09-22 10:52:00,3,52,20.9,45,24.4,1004.8,1.4,1.7,6,1914.0,0
2020-09-22 10:55:00,3,52,20.9,45,24.4,1004.8,1.7,2.4,12,1914.0,0
2020-09-22 10:58:00,3,52,20.9,46,24.6,1004.8,0.7,1.0,11,1914.0,0
2020-09-22 11:01:00,3,51,21.0,45,24.9,1004.8,1.0,1.4,6,1914.0,0
2020-09-22 11:04:00,3,51,21.0,43,25.1,1004.7,1.0,1.4,10,1914.0,0
2020-09-22 11:07:00,3,51,21.0,43,25.1,1004.8,1.0,1.4,10,1914.0,0
2020-09-22 11:10:00,3,51,21.0,43,25.2,1004.7,0.3,0.7,4,1914.0,0
2020-09-22 11:13:00,3,51,21.0,43,25.5,1004.8,1.4,2.0,8,1914.0,0
2020-09-22 11:16:00,3,51,21.0,42,25.5,1004.7,1.4,2.0,8,1914.0,0
2020-09-22 11:19:00,3,51,21.0,42,25.3,1004.8,1.4,1.7,10,1914.0,0
2020-09-22 11:22:00,3,51,21.1,43,25.3,1004.7,1.0,1.4,7,1914.0,0
2020-09-22 11:25:00,3,51,21.1,43,25.6,1004.7,1.4,2.0,12,1914.0,0
2020-09-22 11:28:00,3,51,21.1,43,25.6,1004.7,0.7,1.7,8,1914.0,0
2020-09-22 11:31:00,3,51,21.1,43,25.6,1004.7,0.3,0.7,11,1914.0,0
2020-09-22 11:34:00,3,52,21.1,43,25.7,1004.7,1.4,1.7,14,1914.0,0
2020-09-22 11:37:00,3,52,21.1,42,25.7,1004.7,0.7,1.0,8,1914.0,0
2020-09-22 11:40:00,3,52,21.1,42,25.9,1004.6,0,0,12,1914.0,0
2020-09-22 11:43:00,3,52,21.2,41,26.1,1004.7,1.0,1.4,12,1914.0,0
2020-09-22 11:46:00,3,52,21.2,42,26.2,1004.5,1.4,2.0,10,1914.0,0
2020-09-22 11:49:00,3,52,21.2,41,26.1,1004.6,1.0,1.4,8,1914.0,0
2020-09-22 11:52:00,3,52,21.2,42,26.2,1004.4,0.7,1.0,10,1914.0,0
2020-09-22 11:55:00,3,52,21.2,43,26.5,1004.6,0.3,0.7,11,1914.0,0
2020-09-22 11:58:00,3,52,21.2,41,26.7,1004.5,0.7,1.0,8,1914.0,0
2020-09-22 12:01:00,3,52,21.2,41,26.7,1004.5,1.0,1.4,10,1914.0,0
2020-09-22 12:04:00,3,52,21.3,41,26.7,1004.4,1.0,1.4,10,1914.0,0
2020-09-22 12:07:00,3,52,21.3,41,26.4,1004.4,1.0,2.0,12,1914.0,0
2020-09-22 12:10:00,3,52,21.3,41,26.5,1004.4,0.3,0.7,8,1914.0,0
2020-09-22 12:13:00,3,52,21.3,40,26.4,1004.4,1.4,2.0,8,1914.0,0
2020-09-22 12:16:00,3,52,21.3,41,26.4,1004.4,1.0,1.4,10,1914.0,0
2020-09-22 12:19:00,3,52,21.3,41,26.4,1004.3,0,0.7,8,1914.0,0
2020-09-22 12:22:00,3,52,21.3,41,26.5,1004.3,2.0,3.4,12,1914.0,0
2020-09-22 12:25:00,3,52,21.4,40,26.4,1004.3,1.4,2.0,10,1914.0,0
2020-09-22 12:28:00,3,52,21.5,41,26.3,1004.3,0.7,1.4,8,1914.0,0
2020-09-22 12:31:00,3,53,21.5,41,26.2,1004.3,1.4,2.4,8,1914.0,0
2020-09-22 12:34:00,3,53,21.5,40,26.1,1004.3,1.0,1.4,14,1914.0,0
2020-09-22 12:37:00,3,53,21.6,40,26.0,1004.3,0.7,1.7,12,1914.0,0
2020-09-22 12:40:00,3,53,21.7,41,26.0,1004.2,0.7,1.4,8,1914.0,0
2020-09-22 12:43:00,3,53,21.7,41,26.1,1004.2,1.0,1.4,10,1914.0,0
2020-09-22 12:46:00,3,53,21.8,41,26.1,1004.2,0.3,1.0,9,1914.0,0
2020-09-22 12:49:00,3,53,21.9,41,26.2,1004.2,1.7,2.4,13,1914.0,0
2020-09-22 12:52:00,3,52,21.9,41,26.1,1004.2,1.4,2.7,10,1914.0,0
2020-09-22 12:55:00,3,51,22.1,40,26.1,1004.1,0.3,0.7,12,1914.0,0
2020-09-22 12:58:00,3,51,22.2,40,26.2,1004.2,0.7,1.0,5,1914.0,0
2020-09-22 13:01:00,3,51,22.3,40,26.2,1004.3,0.3,0.7,6,1914.0,0
2020-09-22 13:04:00,3,51,22.3,40,26.4,1004.3,0.7,1.4,8,1914.0,0
2020-09-22 13:07:00,3,50,22.5,41,26.5,1004.3,1.0,2.0,8,1914.0,0
2020-09-22 13:10:00,3,50,22.6,40,26.4,1004.2,1.0,1.4,12,1914.0,0
2020-09-22 13:13:00,3,50,22.7,41,26.5,1004.3,0.7,1.4,9,1914.0,0
2020-09-22 13:16:00,3,50,22.7,41,26.6,1004.3,0,0.7,0,1914.0,0
2020-09-22 13:19:00,3,50,22.9,41,26.8,1004.2,1.0,1.4,13,1914.0,0
2020-09-22 13:22:00,3,50,23.0,40,26.7,1004.3,1.7,2.4,4,1914.0,0
2020-09-22 13:25:00,3,50,23.1,40,26.6,1004.3,0.3,1.0,6,1914.0,0
2020-09-22 13:28:00,3,50,23.1,40,26.7,1004.2,0.7,1.0,10,1914.0,0
2020-09-22 13:31:00,3,50,23.1,40,26.8,1004.2,0.3,1.0,12,1914.0,0
2020-09-22 13:34:00,3,50,23.1,40,27.0,1004.2,0.3,0.7,8,1914.0,0
2020-09-22 13:37:00,3,50,23.2,39,27.1,1004.1,1.4,1.7,13,1914.0,0
2020-09-22 13:40:00,3,49,23.3,39,26.9,1004.2,1.0,1.7,8,1914.0,0
2020-09-22 13:43:00,3,49,23.3,39,26.9,1004.2,1.0,1.7,8,1914.0,0
2020-09-22 13:46:00,3,49,23.3,40,26.8,1004.1,0.3,1.0,4,1914.0,0
2020-09-22 13:49:00,3,49,23.3,38,27.0,1004.2,1.0,1.7,10,1914.0,0
2020-09-22 13:52:00,3,49,23.3,38,26.8,1004.2,1.0,1.4,8,1914.0,0
2020-09-22 13:55:00,3,48,23.3,37,26.8,1004.1,1.0,1.4,8,1914.0,0
2020-09-22 13:58:00,3,48,23.3,37,26.9,1004.1,0.7,1.0,10,1914.0,0
2020-09-22 14:01:00,3,48,23.3,38,27.0,1004.0,0.3,0.7,4,1914.0,0
2020-09-22 14:04:00,3,48,23.3,38,27.0,1003.9,0.3,0.7,4,1914.0,0
2020-09-22 14:07:00,3,48,23.3,37,27.3,1003.9,0.7,0.7,6,1914.0,0
2020-09-22 14:10:00,3,48,23.3,38,27.3,1003.9,0.3,0.7,10,1914.0,0
2020-09-22 14:13:00,3,48,23.3,33,27.5,1003.8,1.0,1.4,8,1914.0,0
2020-09-22 14:16:00,3,48,23.3,32,27.5,1003.8,0.7,1.0,10,1914.0,0
2020-09-22 14:19:00,3,48,23.3,33,27.6,1003.7,0.3,0.7,6,1914.0,0
2020-09-22 14:22:00,3,47,23.2,32,27.5,1003.7,0.3,0.7,0,1914.0,0
2020-09-22 14:25:00,3,47,23.2,32,27.6,1003.8,0.3,1.0,12,1914.0,0
2020-09-22 14:28:00,3,47,23.3,32,27.9,1003.6,1.0,1.4,10,1914.0,0
2020-09-22 14:31:00,3,47,23.3,32,28.1,1003.5,0.3,0.7,6,1914.0,0
2020-09-22 14:34:00,3,47,23.3,32,28.3,1003.5,0,0,8,1914.0,0
2020-09-22 14:37:00,3,47,23.3,31,28.4,1003.5,1.4,1.7,8,1914.0,0
2020-09-22 14:40:00,3,47,23.3,31,28.2,1003.5,0.3,0.7,8,1914.0,0
2020-09-22 14:43:00,3,47,23.3,31,28.2,1003.4,0.3,0.3,0,1914.0,0
2020-09-22 14:46:00,3,46,23.3,31,28.3,1003.4,0.7,1.0,10,1914.0,0
2020-09-22 14:49:00,3,46,23.3,31,28.6,1003.4,0,0.3,8,1914.0,0
2020-09-22 14:52:00,3,46,23.3,31,28.6,1003.3,0.3,0.7,10,1914.0,0
2020-09-22 14:55:00,3,46,23.4,30,28.2,1003.3,0.3,0.7,8,1914.0,0
2020-09-22 14:58:00,3,46,23.4,31,27.9,1003.3,0,0,10,1914.0,0
2020-09-22 15:01:00,3,46,23.4,31,27.6,1003.2,0.3,0.7,8,1914.0,0
2020-09-22 15:04:00,3,46,23.6,34,27.3,1003.2,0,0,8,1914.0,0
2020-09-22 15:07:00,3,46,23.6,35,27.0,1003.2,0.3,0.7,6,1914.0,0
2020-09-22 15:10:00,3,46,23.7,35,26.9,1003.3,0,0.3,13,1914.0,0
2020-09-22 15:13:00,3,46,23.7,36,26.7,1003.2,0,0.3,8,1914.0,0
2020-09-22 15:16:00,3,45,23.8,37,26.7,1003.1,0,0.3,6,1914.0,0
2020-09-22 15:19:00,3,45,23.8,36,26.8,1003.1,0.3,1.0,10,1914.0,0
2020-09-22 15:22:00,3,45,23.8,35,27.0,1003.1,1.0,1.4,8,1914.0,0
2020-09-22 15:25:00,3,45,23.8,35,27.0,1003.0,0,0.7,4,1914.0,0
2020-09-22 15:28:00,3,45,23.8,35,27.0,1003.0,0,0.7,14,1914.0,0
2020-09-22 15:31:00,3,45,23.8,35,26.8,1003.0,0,0.7,6,1914.0,0
2020-09-22 15:34:00,3,45,23.8,35,26.7,1002.9,0,0,4,1914.0,0
2020-09-22 15:37:00,3,45,23.8,36,26.6,1002.8,0,0,10,1914.0,0
2020-09-22 15:40:00,3,45,23.8,35,26.8,1002.8,0.3,0.7,8,1914.0,0
2020-09-22 15:43:00,3,45,23.8,36,26.9,1002.8,0,0,8,1914.0,0
2020-09-22 15:46:00,3,45,23.8,35,27.0,1002.8,0,0.3,8,1914.0,0
2020-09-22 15:49:00,3,45,23.8,35,26.9,1002.8,0.3,1.0,8,1914.0,0
2020-09-22 15:52:00,3,45,23.8,35,26.7,1002.7,0,0.3,4,1914.0,0
2020-09-22 15:55:00,3,45,23.8,37,26.2,1002.8,0,0,12,1914.0,0
2020-09-22 15:58:00,3,45,23.8,38,25.9,1002.7,0,0,8,1914.0,0
2020-09-22 16:01:00,3,45,23.8,40,25.6,1002.7,0,0,4,1914.0,0
2020-09-22 16:04:00,3,45,23.8,40,25.6,1002.8,0,0,4,1914.0,0
2020-09-22 16:07:00,3,45,23.8,40,24.8,1002.7,0,0,8,1914.0,0
2020-09-22 16:10:00,3,45,23.7,41,24.6,1002.7,0,0,8,1914.0,0
2020-09-22 16:13:00,3,45,23.7,44,24.3,1002.6,0,0,0,1914.0,0
2020-09-22 16:16:00,3,45,23.7,45,24.0,1002.7,0,0,0,1914.0,0
2020-09-22 16:19:00,3,45,23.7,46,23.6,1002.5,0,0,0,1914.0,0
2020-09-22 16:22:00,3,45,23.7,47,23.5,1002.7,0,0,0,1914.0,0
2020-09-22 16:25:00,3,45,23.7,48,23.2,1002.6,0,0,0,1914.0,0
2020-09-22 16:28:00,3,45,23.7,50,22.9,1002.6,0,0,0,1914.0,0
2020-09-22 16:31:00,3,45,23.7,50,22.7,1002.5,0,0,0,1914.0,0
2020-09-22 16:34:00,3,45,23.6,53,22.4,1002.6,0,0,0,1914.0,0
2020-09-22 16:37:00,3,45,23.6,55,22.1,1002.6,0,0,0,1914.0,0
2020-09-22 16:40:00,3,45,23.6,57,21.7,1002.5,0,0,0,1914.0,0
2020-09-22 16:43:00,3,45,23.6,57,21.5,1002.6,0,0,0,1914.0,0
2020-09-22 16:46:00,3,45,23.6,57,21.3,1002.5,0,0,12,1914.0,0
2020-09-22 16:49:00,3,45,23.6,59,21.0,1002.5,0,0,0,1914.0,0
2020-09-22 16:52:00,3,45,23.6,59,20.8,1002.5,0,0,0,1914.0,0
2020-09-22 16:55:00,3,45,23.6,61,20.6,1002.5,0,0,4,1914.0,0
2020-09-22 16:58:00,3,45,23.6,61,20.4,1002.4,0,0,11,1914.0,0
2020-09-22 17:01:00,3,46,23.5,61,20.2,1002.5,0,0,0,1914.0,0
2020-09-22 17:04:00,3,46,23.5,62,20.0,1002.5,0,0,12,1914.0,0
2020-09-22 17:07:00,3,46,23.4,62,19.8,1002.5,0,0,0,1914.0,0
2020-09-22 17:10:00,3,46,23.4,62,19.6,1002.6,0,0,0,1914.0,0
2020-09-22 17:13:00,3,46,23.4,63,19.4,1002.4,0,0,0,1914.0,0
2020-09-22 17:16:00,3,46,23.4,63,19.2,1002.4,0,0,0,1914.0,0
2020-09-22 17:19:00,3,46,23.4,64,19.1,1002.6,0,0,0,1914.0,0
2020-09-22 17:22:00,3,46,23.4,64,18.9,1002.5,0,0,0,1914.0,0
2020-09-22 17:25:00,3,46,23.4,64,18.8,1002.5,0,0,0,1914.0,0
2020-09-22 17:28:00,3,46,23.5,64,18.6,1002.4,0,0,0,1914.0,0
2020-09-22 17:31:00,3,46,23.6,65,18.4,1002.6,0,0,0,1914.0,0
2020-09-22 17:34:00,3,46,23.6,66,18.3,1002.5,0,0,0,1914.0,0
2020-09-22 17:37:00,3,46,23.6,66,18.1,1002.4,0,0,0,1914.0,0
2020-09-22 17:40:00,3,46,23.7,66,18.0,1002.4,0,0,0,1914.0,0
2020-09-22 17:43:00,3,46,23.8,67,17.8,1002.5,0,0,0,1914.0,0
2020-09-22 17:46:00,3,46,23.8,67,17.7,1002.3,0,0,0,1914.0,0
2020-09-22 17:49:00,3,46,23.8,67,17.6,1002.5,0,0,0,1914.0,0
2020-09-22 17:52:00,3,46,23.9,67,17.5,1002.4,0,0,0,1914.0,0
2020-09-22 17:55:00,3,45,24.0,70,17.3,1002.4,0,0,0,1914.0,0
2020-09-22 17:58:00,3,44,24.0,70,17.3,1002.5,0,0,0,1914.0,0
2020-09-22 18:01:00,3,44,24.0,70,17.1,1002.5,0,0,0,1914.0,0
2020-09-22 18:04:00,3,45,23.9,70,17.1,1002.4,0,0,0,1914.0,0
2020-09-22 18:07:00,3,45,23.8,71,16.8,1002.4,0,0,0,1914.0,0
2020-09-22 18:10:00,3,45,23.8,71,16.8,1002.3,0,0,0,1914.0,0
2020-09-22 18:13:00,3,45,23.8,71,16.6,1002.3,0,0,0,1914.0,0
2020-09-22 18:16:00,3,46,23.8,71,16.6,1002.3,0,0,0,1914.0,0
2020-09-22 18:19:00,3,46,23.8,71,16.5,1002.3,0,0,0,1914.0,0
2020-09-22 18:22:00,3,46,23.7,72,16.4,1002.3,0,0,0,1914.0,0
2020-09-22 18:25:00,3,46,23.7,72,16.3,1002.3,0,0,0,1914.0,0
2020-09-22 18:28:00,3,46,23.7,72,16.3,1002.3,0,0,0,1914.0,0
2020-09-22 18:31:00,3,46,23.7,72,16.1,1002.2,0,0,0,1914.0,0
2020-09-22 18:34:00,3,46,23.7,72,16.1,1002.2,0,0,0,1914.0,0
2020-09-22 18:37:00,3,46,23.6,73,16.0,1002.3,0,0,0,1914.0,0
2020-09-22 18:40:00,3,46,23.6,73,15.9,1002.2,0,0,0,1914.0,0
2020-09-22 18:43:00,3,46,23.6,73,15.8,1002.2,0,0,0,1914.0,0
2020-09-22 18:46:00,3,46,23.6,73,15.8,1002.2,0,0,0,1914.0,0
2020-09-22 18:49:00,3,46,23.6,73,15.7,1002.2,0,0,0,1914.0,0
2020-09-22 18:52:00,3,46,23.6,74,15.6,1002.2,0,0,0,1914.0,0
2020-09-22 18:55:00,3,46,23.5,74,15.6,1002.3,0,0,0,1914.0,0
2020-09-22 18:58:00,3,46,23.5,74,15.5,1002.2,0,0,0,1914.0,0
2020-09-22 19:01:00,3,46,23.4,74,15.4,1002.1,0,0,0,1914.0,0
2020-09-22 19:04:00,3,46,23.4,74,15.4,1002.1,0,0,0,1914.0,0
2020-09-22 19:07:00,3,46,23.4,74,15.3,1002.1,0,0,0,1914.0,0
2020-09-22 19:10:00,3,46,23.4,75,15.2,1002.2,0,0,0,1914.0,0
2020-09-22 19:13:00,3,46,23.4,75,15.2,1002.1,0,0,0,1914.0,0
2020-09-22 19:16:00,3,46,23.4,75,15.1,1002.1,0,0,0,1914.0,0
2020-09-22 19:19:00,3,46,23.4,75,15.0,1002.1,0,0,0,1914.0,0
2020-09-22 19:22:00,3,46,23.4,75,15.0,1002.2,0,0,0,1914.0,0
2020-09-22 19:25:00,3,46,23.4,75,14.9,1002.2,0,0,0,1914.0,0
2020-09-22 19:28:00,3,46,23.3,75,14.9,1002.3,0,0,0,1914.0,0
2020-09-22 19:31:00,3,46,23.3,76,14.8,1002.2,0,0,0,1914.0,0
2020-09-22 19:34:00,3,46,23.3,76,14.8,1002.2,0,0,0,1914.0,0
2020-09-22 19:37:00,3,47,23.3,76,14.7,1002.2,0,0,0,1914.0,0
2020-09-22 19:40:00,3,47,23.3,77,14.7,1002.1,0,0,0,1914.0,0
2020-09-22 19:43:00,3,47,23.3,77,14.6,1002.1,0,0,0,1914.0,0
2020-09-22 19:46:00,3,47,23.3,77,14.6,1002.1,0,0,0,1914.0,0
2020-09-22 19:49:00,3,47,23.2,77,14.5,1002.1,0,0,0,1914.0,0
2020-09-22 19:52:00,3,47,23.2,77,14.5,1002.0,0,0,0,1914.0,0
2020-09-22 19:55:00,3,47,23.1,78,14.4,1002.0,0,0,0,1914.0,0
2020-09-22 19:58:00,3,47,23.1,78,14.4,1002.0,0,0,0,1914.0,0
2020-09-22 20:01:00,3,47,23.1,78,14.3,1002.0,0,0,0,1914.0,0
2020-09-22 20:04:00,3,47,23.1,78,14.3,1002.1,0,0,0,1914.0,0
2020-09-22 20:07:00,3,47,23.1,78,14.2,1002.0,0,0,0,1914.0,0
2020-09-22 20:10:00,3,47,23.1,78,14.2,1002.0,0,0,0,1914.0,0
2020-09-22 20:13:00,3,47,23.1,79,14.2,1002.0,0,0,0,1914.0,0
2020-09-22 20:16:00,3,47,23.1,79,14.1,1001.9,0,0,0,1914.0,0
2020-09-22 20:19:00,3,47,23.1,79,14.1,1002.0,0,0,0,1914.0,0
2020-09-22 20:22:00,3,47,23.1,79,14.1,1001.9,0,0,0,1914.0,0
2020-09-22 20:25:00,3,47,23.1,80,14.0,1001.9,0,0,0,1914.0,0
2020-09-22 20:28:00,3,47,23.0,80,14.0,1001.9,0,0,0,1914.0,0
2020-09-22 20:31:00,3,47,23.0,80,13.9,1002.0,0,0,0,1914.0,0
2020-09-22 20:34:00,3,47,23.0,80,13.9,1001.9,0,0,0,1914.0,0
2020-09-22 20:37:00,3,47,23.0,80,13.9,1001.9,0,0,0,1914.0,0
2020-09-22 20:40:00,3,47,23.0,80,13.9,1001.9,0,0,0,1914.0,0
2020-09-22 20:43:00,3,47,23.0,80,13.8,1001.9,0,0,0,1914.0,0
2020-09-22 20:46:00,3,47,23.0,80,13.8,1001.9,0,0,0,1914.0,0
2020-09-22 20:49:00,3,47,23.0,80,13.8,1001.8,0,0,0,1914.0,0
2020-09-22 20:52:00,3,47,23.0,80,13.7,1001.8,0,0,0,1914.0,0
2020-09-22 20:55:00,3,47,23.0,80,13.7,1001.8,0,0,0,1914.0,0
2020-09-22 20:58:00,3,47,23.0,80,13.7,1001.8,0,0,0,1914.0,0
2020-09-22 21:01:00,3,47,23.0,80,13.6,1001.7,0,0,0,1914.0,0
2020-09-22 21:04:00,3,47,23.0,80,13.6,1001.8,0,0,0,1914.0,0
2020-09-22 21:07:00,3,47,23.0,81,13.5,1001.8,0,0,0,1914.0,0
2020-09-22 21:10:00,3,48,22.9,81,13.5,1001.8,0,0,0,1914.0,0
2020-09-22 21:13:00,3,48,22.9,81,13.5,1001.8,0,0,6,1914.0,0
2020-09-22 21:16:00,3,48,22.9,81,13.4,1001.7,0,0,12,1914.0,0
2020-09-22 21:19:00,3,48,22.9,81,13.4,1001.8,0,0,12,1914.0,0
2020-09-22 21:22:00,3,48,22.9,81,13.4,1001.7,0,0,12,1914.0,0
2020-09-22 21:25:00,3,48,22.9,81,13.4,1001.7,0,0,0,1914.0,0
2020-09-22 21:28:00,3,48,22.9,81,13.3,1001.7,0,0,0,1914.0,0
2020-09-22 21:31:00,3,48,22.9,81,13.3,1001.7,0,0,0,1914.0,0
2020-09-22 21:34:00,3,48,22.9,81,13.3,1001.6,0,0,0,1914.0,0
2020-09-22 21:37:00,3,48,22.9,81,13.2,1001.6,0,0,0,1914.0,0
2020-09-22 21:40:00,3,48,22.9,82,13.2,1001.6,0,0,0,1914.0,0
2020-09-22 21:43:00,3,48,22.9,82,13.2,1001.6,0,0,0,1914.0,0
2020-09-22 21:46:00,3,48,22.9,82,13.2,1001.6,0,0,0,1914.0,0
2020-09-22 21:49:00,3,48,22.8,82,13.1,1001.5,0,0,0,1914.0,0
2020-09-22 21:52:00,3,48,22.8,82,13.1,1001.5,0,0,0,1914.0,0
2020-09-22 21:55:00,3,48,22.8,82,13.1,1001.5,0,0,0,1914.0,0
2020-09-22 21:58:00,3,48,22.8,82,13.1,1001.4,0,0,0,1914.0,0
