2020-09-15 00:00:59,3,53,24.6,92,15.2,1018.2,0.0,0.0,0,1914.0,0
2020-09-15 00:03:59,3,53,24.6,92,15.2,1018.2,0.0,0.0,0,1914.0,0
2020-09-15 00:06:59,3,53,24.6,92,15.2,1018.2,0.0,0.0,0,1914.0,0
2020-09-15 00:09:59,3,53,24.6,92,15.2,1018.2,0.0,0.0,0,1914.0,0
2020-09-15 00:12:59,3,53,24.6,92,15.2,1018.2,0.0,0.0,0,1914.0,0
2020-09-15 00:15:59,3,53,24.6,92,15.2,1018.2,0.0,0.0,0,1914.0,0
2020-09-15 00:18:59,3,53,24.6,92,15.2,1018.2,0.0,0.0,0,1914.0,0
2020-09-15 00:21:59,3,53,24.6,93,15.2,1018.1,0.0,0.0,0,1914.0,0
2020-09-15 00:24:59,3,53,24.5,93,15.2,1018.2,0.0,0.0,0,1914.0,0
2020-09-15 00:27:59,3,53,24.5,93,15.2,1018.3,0.0,0.0,0,1914.0,0
2020-09-15 00:30:59,3,53,24.5,93,15.1,1018.1,0.0,0.0,0,1914.0,0
2020-09-15 00:33:59,3,53,24.5,93,15.1,1018.2,0.0,0.0,0,1914.0,0
2020-09-15 00:36:59,3,53,24.5,94,15.1,1018.2,0.0,0.0,0,1914.0,0
2020-09-15 00:39:59,3,53,24.4,94,15.0,1018.1,0.0,0.0,0,1914.0,0
2020-09-15 00:42:59,3,53,24.4,94,15.0,1018.1,0.0,0.0,0,1914.0,0
2020-09-15 00:45:59,3,53,24.4,94,15.0,1018.0,0.0,0.0,0,1914.0,0
2020-09-15 00:48:59,3,53,24.4,94,14.9,1018.0,0.0,0.0,0,1914.0,0
2020-09-15 00:51:59,3,53,24.4,94,14.9,1018.0,0.0,0.0,0,1914.0,0
2020-09-15 00:54:59,3,53,24.4,94,14.9,1018.0,0.0,0.0,0,1914.0,0
2020-09-15 00:57:59,3,53,24.4,94,14.8,1018.1,0.0,0.0,0,1914.0,0
2020-09-15 01:00:59,3,53,24.4,94,14.8,1018.0,0.0,0.0,0,1914.0,0
2020-09-15 01:03:59,3,53,24.4,94,14.8,1017.9,0.0,0.0,0,1914.0,0
2020-09-15 01:06:59,3,53,24.4,94,14.8,1017.9,0.0,0.0,0,1914.0,0
2020-09-15 01:09:59,3,53,24.4,94,14.7,1018.0,0.0,0.0,0,1914.0,0
2020-09-15 01:12:59,3,53,24.4,94,14.7,1017.9,0.0,0.0,0,1914.0,0
2020-09-15 01:15:59,3,53,24.4,94,14.7,1017.9,0.0,0.0,0,1914.0,0
2020-09-15 01:18:59,3,53,24.4,95,14.7,1017.9,0.0,0.0,0,1914.0,0
2020-09-15 01:21:59,3,53,24.4,95,14.7,1017.9,0.0,0.0,0,1914.0,0
2020-09-15 01:24:59,3,53,24.3,95,14.6,1017.9,0.0,0.0,0,1914.0,0
2020-09-15 01:27:59,3,53,24.3,95,14.6,1017.9,0.0,0.0,0,1914.0,0
2020-09-15 01:30:59,3,53,24.3,95,14.6,1017.8,0.0,0.0,0,1914.0,0
2020-09-15 01:33:59,3,53,24.3,95,14.6,1017.8,0.0,0.0,0,1914.0,0
2020-09-15 01:36:59,3,53,24.3,95,14.6,1017.8,0.0,0.0,0,1914.0,0
2020-09-15 01:39:59,3,53,24.3,95,14.5,1017.7,0.0,0.0,0,1914.0,0
2020-09-15 01:42:59,3,53,24.3,95,14.5,1017.9,0.0,0.0,0,1914.0,0
2020-09-15 01:45:59,3,53,24.3,95,14.5,1017.9,0.0,0.0,0,1914.0,0
2020-09-15 01:48:59,3,53,24.3,95,14.4,1017.8,0.0,0.0,0,1914.0,0
2020-09-15 01:51:59,3,53,24.3,95,14.4,1017.8,0.0,0.0,0,1914.0,0
2020-09-15 01:54:59,3,53,24.3,95,14.4,1017.8,0.0,0.0,0,1914.0,0
2020-09-15 01:57:59,3,53,24.3,95,14.4,1017.7,0.0,0.0,0,1914.0,0
2020-09-15 02:00:59,3,53,24.2,95,14.3,1017.7,0.0,0.0,0,1914.0,0
2020-09-15 02:03:59,3,53,24.2,95,14.3,1017.7,0.0,0.0,0,1914.0,0
2020-09-15 02:06:59,3,53,24.2,95,14.3,1017.7,0.0,0.0,0,1914.0,0
2020-09-15 02:09:59,3,53,24.1,95,14.3,1017.6,0.0,0.0,0,1914.0,0
2020-09-15 02:12:59,3,53,24.1,95,14.3,1017.6,0.0,0.0,0,1914.0,0
2020-09-15 02:15:59,3,53,24.1,95,14.2,1017.6,0.0,0.0,0,1914.0,0
2020-09-15 02:18:59,3,53,24.1,95,14.2,1017.7,0.0,0.0,0,1914.0,0
2020-09-15 02:21:59,3,53,24.1,95,14.1,1017.6,0.0,0.0,0,1914.0,0
2020-09-15 02:24:59,3,53,24.1,95,14.1,1017.6,0.0,0.0,0,1914.0,0
2020-09-15 02:27:59,3,53,24.1,95,14.1,1017.5,0.0,0.0,0,1914.0,0
2020-09-15 02:30:59,3,53,24.1,95,14.1,1017.5,0.0,0.0,0,1914.0,0
2020-09-15 02:33:59,3,53,24.1,95,14.1,1017.5,0.0,0.0,0,1914.0,0
2020-09-15 02:36:59,3,53,24.1,95,14.0,1017.5,0.0,0.0,0,1914.0,0
2020-09-15 02:39:59,3,53,24.1,95,14.0,1017.4,0.0,0.0,0,1914.0,0
2020-09-15 02:42:59,3,53,24.1,95,14.0,1017.4,0.0,0.0,0,1914.0,0
2020-09-15 02:45:59,3,53,24.1,95,14.0,1017.4,0.0,0.0,0,1914.0,0
2020-09-15 02:48:59,3,53,24.1,95,14.0,1017.4,0.0,0.0,0,1914.0,0
2020-09-15 02:51:59,3,53,24.1,96,14.0,1017.4,0.0,0.0,0,1914.0,0
2020-09-15 02:54:59,3,53,24.1,96,14.0,1017.4,0.0,0.0,0,1914.0,0
2020-09-15 02:57:59,3,53,24.1,96,14.0,1017.3,0.0,0.0,0,1914.0,0
2020-09-15 03:00:59,3,53,24.0,96,14.0,1017.4,0.0,0.0,0,1914.0,0
2020-09-15 03:03:59,3,53,24.0,96,13.9,1017.4,0.0,0.0,0,1914.0,0
2020-09-15 03:06:59,3,53,24.0,96,13.9,1017.3,0.0,0.0,0,1914.0,0
2020-09-15 03:09:59,3,53,24.0,96,13.9,1017.3,0.0,0.0,0,1914.0,0
2020-09-15 03:12:59,3,53,24.0,96,13.9,1017.4,0.0,0.0,0,1914.0,0
2020-09-15 03:15:59,3,53,24.0,96,13.8,1017.3,0.0,0.0,0,1914.0,0
2020-09-15 03:18:59,3,53,24.0,96,13.8,1017.2,0.0,0.0,0,1914.0,0
2020-09-15 03:21:59,3,53,24.0,96,13.8,1017.2,0.0,0.0,0,1914.0,0
2020-09-15 03:24:59,3,53,24.0,96,13.8,1017.2,0.0,0.0,0,1914.0,0
2020-09-15 03:27:59,3,53,24.0,96,13.7,1017.1,0.0,0.0,0,1914.0,0
2020-09-15 03:30:59,3,54,23.9,96,13.7,1017.1,0.0,0.0,0,1914.0,0
2020-09-15 03:33:59,3,54,23.9,96,13.7,1017.1,0.0,0.0,0,1914.0,0
2020-09-15 03:36:59,3,54,23.8,96,13.7,1017.0,0.0,0.0,0,1914.0,0
2020-09-15 03:39:59,3,54,23.8,96,13.6,1017.0,0.0,0.0,0,1914.0,0
2020-09-15 03:42:59,3,54,23.8,96,13.6,1017.1,0.0,0.0,0,1914.0,0
2020-09-15 03:45:59,3,54,23.8,96,13.6,1017.1,0.0,0.0,0,1914.0,0
2020-09-15 03:48:59,3,54,23.8,96,13.6,1017.0,0.0,0.0,0,1914.0,0
2020-09-15 03:51:59,3,54,23.8,96,13.5,1017.0,0.0,0.0,0,1914.0,0
2020-09-15 03:54:59,3,54,23.8,96,13.5,1016.9,0.0,0.0,0,1914.0,0
2020-09-15 03:57:59,3,54,23.8,96,13.5,1016.9,0.0,0.0,0,1914.0,0
2020-09-15 04:00:59,3,54,23.8,96,13.5,1016.9,0.0,0.0,0,1914.0,0
2020-09-15 04:03:59,3,54,23.8,96,13.5,1016.9,0.0,0.0,0,1914.0,0
2020-09-15 04:06:59,3,54,23.8,97,13.6,1016.9,0.0,0.0,0,1914.0,0
2020-09-15 04:09:59,3,54,23.8,97,13.6,1016.9,0.0,0.0,0,1914.0,0
2020-09-15 04:12:59,3,54,23.8,97,13.6,1016.8,0.0,0.0,0,1914.0,0
2020-09-15 04:15:59,3,54,23.8,97,13.6,1016.8,0.0,0.0,0,1914.0,0
2020-09-15 04:18:59,3,54,23.8,97,13.6,1016.8,0.0,0.0,0,1914.0,0
2020-09-15 04:21:59,3,54,23.8,97,13.5,1016.8,0.0,0.0,0,1914.0,0
2020-09-15 04:24:59,3,54,23.8,97,13.5,1016.8,0.0,0.0,0,1914.0,0
2020-09-15 04:27:59,3,54,23.7,97,13.5,1016.9,0.0,0.0,0,1914.0,0
2020-09-15 04:30:59,3,54,23.7,97,13.5,1016.8,0.0,0.0,0,1914.0,0
2020-09-15 04:33:59,3,54,23.7,97,13.5,1016.8,0.0,0.0,0,1914.0,0
2020-09-15 04:36:59,3,54,23.7,97,13.5,1016.8,0.0,0.0,0,1914.0,0
2020-09-15 04:39:59,3,54,23.7,97,13.5,1016.8,0.0,0.0,0,1914.0,0
2020-09-15 04:42:59,3,54,23.7,97,13.5,1016.7,0.0,0.0,0,1914.0,0
2020-09-15 04:45:59,3,54,23.7,97,13.4,1016.6,0.0,0.0,0,1914.0,0
2020-09-15 04:48:59,3,54,23.7,97,13.4,1016.6,0.0,0.0,0,1914.0,0
2020-09-15 04:51:59,3,54,23.7,97,13.4,1016.8,0.0,0.0,0,1914.0,0
2020-09-15 04:54:59,3,54,23.6,97,13.4,1016.7,0.0,0.0,0,1914.0,0
2020-09-15 04:57:59,3,54,23.6,98,13.4,1016.7,0.0,0.0,0,1914.0,0
2020-09-15 05:00:59,3,54,23.6,98,13.4,1016.7,0.0,0.0,0,1914.0,0
2020-09-15 05:03:59,3,54,23.6,98,13.5,1016.7,0.0,0.0,0,1914.0,0
2020-09-15 05:06:59,3,54,23.6,98,13.5,1016.6,0.0,0.0,0,1914.0,0
2020-09-15 05:09:59,3,54,23.6,98,13.5,1016.6,0.0,0.0,0,1914.0,0
2020-09-15 05:12:59,3,54,23.6,98,13.5,1016.7,0.0,0.0,0,1914.0,0
2020-09-15 05:15:59,3,54,23.6,98,13.6,1016.6,0.0,0.0,0,1914.0,0
2020-09-15 05:18:59,3,54,23.6,98,13.6,1016.7,0.0,0.0,0,1914.0,0
2020-09-15 05:21:59,3,54,23.6,98,13.7,1016.6,0.0,0.0,0,1914.0,0
2020-09-15 05:24:59,3,54,23.6,98,13.7,1016.6,0.0,0.0,0,1914.0,0
2020-09-15 05:27:59,3,54,23.5,98,13.8,1016.7,0.0,0.0,0,1914.0,0
2020-09-15 05:30:59,3,54,23.6,99,13.9,1016.6,0.0,0.0,0,1914.0,0
2020-09-15 05:33:59,3,54,23.6,99,14.0,1016.6,0.0,0.0,0,1914.0,0
2020-09-15 05:36:59,3,54,23.7,99,14.1,1016.6,0.0,0.0,0,1914.0,0
2020-09-15 05:39:59,3,54,23.8,99,14.2,1016.5,0.0,0.0,0,1914.0,0
2020-09-15 05:42:59,3,54,23.8,99,14.4,1016.6,0.0,0.0,0,1914.0,0
2020-09-15 05:45:59,3,53,24.0,99,14.8,1016.6,0.0,0.0,0,1914.0,0
2020-09-15 05:48:59,3,52,24.1,99,15.2,1016.7,0.0,0.0,0,1914.0,0
2020-09-15 05:51:59,3,52,24.1,99,15.4,1016.7,0.0,0.0,0,1914.0,0
2020-09-15 05:54:59,3,52,24.3,99,16.0,1016.6,0.0,0.0,0,1914.0,0
2020-09-15 05:57:59,3,52,24.3,99,16.3,1016.7,0.0,0.0,0,1914.0,0
2020-09-15 06:00:59,3,52,24.4,99,16.7,1016.7,0.0,0.0,0,1914.0,0
2020-09-15 06:03:59,3,52,24.4,99,16.7,1016.7,0.0,0.0,0,1914.0,0
2020-09-15 06:06:59,3,52,24.6,99,17.3,1016.6,0.0,0.0,0,1914.0,0
2020-09-15 06:09:59,3,52,24.6,99,17.5,1016.6,0.0,0.0,0,1914.0,0
2020-09-15 06:12:59,3,52,24.7,99,17.9,1016.5,0.0,0.0,0,1914.0,0
2020-09-15 06:15:59,3,52,24.7,99,18.3,1016.7,0.0,0.0,0,1914.0,0
2020-09-15 06:18:59,3,52,24.7,99,18.7,1016.6,0.0,0.0,0,1914.0,0
2020-09-15 06:21:59,3,52,24.8,98,19.0,1016.6,0.0,0.0,0,1914.0,0
2020-09-15 06:24:59,3,52,24.9,96,19.5,1016.5,0.0,0.0,0,1914.0,0
2020-09-15 06:27:59,3,52,24.9,94,20.0,1016.5,0.0,0.0,14,1914.0,0
2020-09-15 06:30:59,3,50,25.0,90,20.4,1016.5,0.0,0.0,0,1914.0,0
2020-09-15 06:33:59,3,50,25.1,87,20.7,1016.5,0.0,0.0,15,1914.0,0
2020-09-15 06:36:59,3,50,25.1,82,21.2,1016.5,0.0,0.0,0,1914.0,0
2020-09-15 06:39:59,3,50,25.1,79,21.8,1016.5,0.0,0.0,0,1914.0,0
2020-09-15 06:42:59,3,50,25.1,76,22.3,1016.5,0.0,0.0,8,1914.0,0
2020-09-15 06:45:59,3,50,25.1,72,22.7,1016.5,0.3,0.7,0,1914.0,0
2020-09-15 06:48:59,3,50,25.1,68,22.7,1016.6,0.3,0.7,0,1914.0,0
2020-09-15 06:51:59,3,50,25.2,66,22.7,1016.5,0.0,0.3,4,1914.0,0
2020-09-15 06:54:59,3,50,25.2,67,22.9,1016.5,0.0,0.0,0,1914.0,0
2020-09-15 06:57:59,3,50,25.2,65,23.2,1016.6,0.7,1.0,8,1914.0,0
2020-09-15 07:00:59,3,50,25.2,64,23.4,1016.5,0.3,1.0,10,1914.0,0
2020-09-15 07:03:59,3,50,25.2,62,23.4,1016.5,1.0,1.4,6,1914.0,0
2020-09-15 07:06:59,3,50,25.2,63,23.5,1016.6,0.3,0.7,6,1914.0,0
2020-09-15 07:09:59,3,50,25.2,63,23.7,1016.6,0.0,0.3,10,1914.0,0
2020-09-15 07:12:59,3,50,25.2,62,23.9,1016.5,0.3,0.7,0,1914.0,0
2020-09-15 07:15:59,3,50,25.2,62,24.0,1016.6,0.7,1.0,4,1914.0,0
2020-09-15 07:18:59,3,49,25.2,61,24.0,1016.5,0.3,0.7,10,1914.0,0
2020-09-15 07:21:59,3,49,25.2,61,24.1,1016.6,0.0,0.7,8,1914.0,0
2020-09-15 07:24:59,3,49,25.2,61,24.3,1016.7,0.0,0.0,8,1914.0,0
2020-09-15 07:27:59,3,49,25.2,61,24.5,1016.6,0.0,0.0,4,1914.0,0
2020-09-15 07:30:59,3,49,25.2,61,24.7,1016.6,0.0,0.0,8,1914.0,0
2020-09-15 07:33:59,3,49,25.2,60,24.7,1016.6,0.0,0.3,6,1914.0,0
2020-09-15 07:36:59,3,50,25.2,60,24.8,1016.6,0.0,0.7,8,1914.0,0
2020-09-15 07:39:59,3,50,25.2,60,25.1,1016.6,1.0,1.4,4,1914.0,0
2020-09-15 07:42:59,3,50,25.2,59,25.1,1016.6,0.7,1.4,4,1914.0,0
2020-09-15 07:45:59,3,50,25.2,58,25.0,1016.5,1.0,1.7,9,1914.0,0
2020-09-15 07:48:59,3,50,25.2,58,24.9,1016.6,0.3,1.0,10,1914.0,0
2020-09-15 07:51:59,3,50,25.2,60,25.0,1016.6,0.3,1.0,4,1914.0,0
2020-09-15 07:54:59,3,50,25.0,57,25.0,1016.6,1.0,1.7,4,1914.0,0
2020-09-15 07:57:59,3,50,25.0,57,25.1,1016.6,0.7,1.4,6,1914.0,0
2020-09-15 08:00:59,3,51,25.0,57,25.2,1016.5,0.7,1.4,0,1914.0,0
2020-09-15 08:03:59,3,52,24.9,57,25.2,1016.7,0.7,1.4,0,1914.0,0
2020-09-15 08:06:59,3,52,24.9,58,25.7,1016.7,0.7,1.4,12,1914.0,0
2020-09-15 08:10:00,3,52,24.8,57,25.9,1016.7,0.7,1.0,12,1914.0,0
2020-09-15 08:13:00,3,52,24.8,55,26.0,1016.6,2.0,2.7,8,1914.0,0
2020-09-15 08:16:00,3,52,24.7,55,25.6,1016.6,1.7,2.0,8,1914.0,0
2020-09-15 08:19:00,3,52,24.7,56,25.5,1016.6,1.0,1.4,10,1914.0,0
2020-09-15 08:22:00,3,52,24.7,56,25.5,1016.6,1.0,1.4,9,1914.0,0
2020-09-15 08:25:00,3,52,24.7,56,25.4,1016.7,1.4,1.7,4,1914.0,0
2020-09-15 08:28:00,3,52,24.6,57,25.3,1016.7,1.4,1.7,10,1914.0,0
2020-09-15 08:31:00,3,52,24.6,58,25.4,1016.6,0.3,1.0,6,1914.0,0
2020-09-15 08:34:00,3,52,24.6,57,25.6,1016.6,1.0,1.7,4,1914.0,0
2020-09-15 08:37:00,3,52,24.6,56,25.8,1016.6,1.0,1.4,6,1914.0,0
2020-09-15 08:40:00,3,52,24.5,57,26.0,1016.6,0.7,1.0,14,1914.0,0
2020-09-15 08:43:00,3,52,24.5,56,26.3,1016.6,1.0,1.4,6,1914.0,0
2020-09-15 08:46:00,3,53,24.4,54,26.4,1016.5,1.7,2.4,10,1914.0,0
2020-09-15 08:49:00,3,52,24.4,54,26.3,1016.6,0.7,1.4,0,1914.0,0
2020-09-15 08:52:00,3,52,24.4,54,26.2,1016.7,1.7,2.4,8,1914.0,0
2020-09-15 08:55:00,3,53,24.4,55,26.1,1016.6,0.7,1.0,8,1914.0,0
2020-09-15 08:58:00,3,53,24.4,54,26.1,1016.5,0.7,1.4,7,1914.0,0
2020-09-15 09:01:00,3,53,24.4,54,26.2,1016.5,1.0,1.4,14,1914.0,0
2020-09-15 09:04:00,3,53,24.4,54,26.4,1016.5,0.7,1.4,6,1914.0,0
2020-09-15 09:07:00,3,53,24.4,53,26.5,1016.4,1.0,1.4,12,1914.0,0
2020-09-15 09:10:00,3,53,24.4,53,26.7,1016.4,1.0,1.4,6,1914.0,0
2020-09-15 09:13:00,3,53,24.3,54,27.1,1016.4,0.7,1.4,4,1914.0,0
2020-09-15 09:16:00,3,53,24.3,53,27.2,1016.4,1.0,1.7,12,1914.0,0
2020-09-15 09:19:00,3,53,24.3,52,27.2,1016.4,1.7,2.0,8,1914.0,0
2020-09-15 09:22:00,3,53,24.3,53,27.2,1016.3,0.0,0.0,6,1914.0,0
2020-09-15 09:25:00,3,53,24.3,48,27.5,1016.4,0.3,1.0,10,1914.0,0
2020-09-15 09:28:00,3,53,24.3,49,27.8,1016.4,0.7,1.0,0,1914.0,0
2020-09-15 09:31:00,3,53,24.3,48,28.1,1016.3,0.7,1.4,8,1914.0,0
2020-09-15 09:34:00,3,53,24.3,48,28.4,1016.2,1.0,1.7,12,1914.0,0
2020-09-15 09:37:00,3,53,24.3,46,28.6,1016.1,1.0,1.7,0,1914.0,0
2020-09-15 09:40:00,3,53,24.3,48,28.7,1016.1,1.0,1.7,4,1914.0,0
2020-09-15 09:43:00,3,53,24.3,46,28.6,1015.9,1.0,1.7,8,1914.0,0
2020-09-15 09:46:00,3,53,24.3,46,28.4,1016.1,0.7,1.0,8,1914.0,0
2020-09-15 09:49:00,3,53,24.3,46,28.4,1016.0,1.0,1.4,13,1914.0,0
2020-09-15 09:52:00,3,54,24.3,46,28.3,1016.0,0.7,1.4,10,1914.0,0
2020-09-15 09:55:00,3,54,24.3,47,28.5,1016.1,0.7,1.4,9,1914.0,0
2020-09-15 09:58:00,3,54,24.3,47,28.8,1016.1,0.7,1.4,8,1914.0,0
2020-09-15 10:01:00,3,54,24.3,47,29.0,1016.0,1.0,1.7,13,1914.0,0
2020-09-15 10:04:00,3,54,24.3,47,29.0,1015.9,1.0,1.7,13,1914.0,0
2020-09-15 10:07:00,3,54,24.4,44,29.0,1015.9,1.4,1.7,14,1914.0,0
2020-09-15 10:10:00,3,55,24.4,44,29.0,1015.9,1.4,1.7,8,1914.0,0
2020-09-15 10:13:00,3,55,24.4,44,28.9,1015.9,0.7,1.4,8,1914.0,0
2020-09-15 10:16:00,3,55,24.4,44,28.9,1015.8,1.4,1.7,12,1914.0,0
2020-09-15 10:19:00,3,55,24.4,44,29.1,1015.9,1.4,3.4,8,1914.0,0
2020-09-15 10:22:00,3,55,24.4,44,29.1,1015.9,2.0,3.1,8,1914.0,0
2020-09-15 10:25:00,3,55,24.4,43,28.9,1015.8,1.4,2.0,13,1914.0,0
2020-09-15 10:28:00,3,55,24.4,44,29.0,1015.8,1.4,1.7,8,1914.0,0
2020-09-15 10:31:00,3,55,24.4,44,29.1,1015.6,1.4,2.4,8,1914.0,0
2020-09-15 10:34:00,3,55,24.4,45,29.3,1015.6,1.4,2.0,10,1914.0,0
2020-09-15 10:37:00,3,55,24.4,45,29.5,1015.6,0.7,1.0,6,1914.0,0
2020-09-15 10:40:00,3,55,24.4,43,29.6,1015.6,0.7,1.4,0,1914.0,0
2020-09-15 10:43:00,3,56,24.4,42,29.7,1015.5,1.4,1.7,4,1914.0,0
2020-09-15 10:46:00,3,56,24.5,43,29.7,1015.6,1.4,2.0,4,1914.0,0
2020-09-15 10:49:00,3,56,24.5,43,30.0,1015.5,1.7,2.0,0,1914.0,0
2020-09-15 10:52:00,3,56,24.6,42,29.9,1015.5,0.7,1.7,6,1914.0,0
2020-09-15 10:55:00,3,56,24.6,43,30.1,1015.5,0.7,1.4,10,1914.0,0
2020-09-15 10:58:00,3,56,24.6,42,30.3,1015.5,2.4,2.7,8,1914.0,0
2020-09-15 11:01:00,3,56,24.6,41,30.2,1015.4,1.4,1.7,6,1914.0,0
2020-09-15 11:04:00,3,56,24.6,42,30.2,1015.3,0.3,1.0,12,1914.0,0
2020-09-15 11:07:00,3,56,24.6,42,30.4,1015.3,1.0,1.7,4,1914.0,0
2020-09-15 11:10:00,3,56,24.6,41,30.5,1015.3,2.0,2.7,8,1914.0,0
2020-09-15 11:13:00,3,56,24.7,41,30.4,1015.3,1.7,2.4,9,1914.0,0
2020-09-15 11:16:00,3,56,24.7,42,30.4,1015.3,1.0,1.4,10,1914.0,0
2020-09-15 11:19:00,3,56,24.7,42,30.6,1015.2,0.3,1.0,4,1914.0,0
2020-09-15 11:22:00,3,56,24.7,41,30.8,1015.2,0.7,1.0,8,1914.0,0
2020-09-15 11:25:00,3,56,24.7,40,31.0,1015.1,0.7,1.4,5,1914.0,0
2020-09-15 11:28:00,3,56,24.7,41,31.1,1015.1,1.4,1.7,0,1914.0,0
2020-09-15 11:31:00,3,56,24.7,40,31.3,1015.0,1.0,1.4,10,1914.0,0
2020-09-15 11:34:00,3,56,24.7,40,31.5,1014.9,1.0,1.7,8,1914.0,0
2020-09-15 11:37:00,3,56,24.7,40,31.3,1014.9,1.4,2.0,0,1914.0,0
2020-09-15 11:40:00,3,56,24.7,40,31.1,1014.9,0.7,1.4,8,1914.0,0
2020-09-15 11:43:00,3,56,24.7,40,31.1,1014.9,1.7,2.4,6,1914.0,0
2020-09-15 11:46:00,3,56,24.8,40,31.0,1014.9,1.0,2.0,8,1914.0,0
2020-09-15 11:49:00,3,56,24.8,40,30.9,1014.9,1.4,2.0,8,1914.0,0
2020-09-15 11:52:00,3,56,24.8,40,30.8,1014.9,1.7,2.7,8,1914.0,0
2020-09-15 11:55:00,3,56,24.9,40,30.7,1014.8,2.0,2.4,12,1914.0,0
2020-09-15 11:58:00,3,56,24.9,40,30.6,1014.8,1.7,2.0,8,1914.0,0
2020-09-15 12:01:00,3,56,24.9,40,30.7,1014.8,1.7,2.7,14,1914.0,0
2020-09-15 12:04:00,3,56,24.9,40,30.7,1014.6,1.7,2.7,14,1914.0,0
2020-09-15 12:07:00,3,56,24.9,39,30.8,1014.7,2.4,3.4,4,1914.0,0
2020-09-15 12:10:00,3,56,24.9,40,30.7,1014.6,1.7,3.1,4,1914.0,0
2020-09-15 12:13:00,3,56,24.9,40,30.6,1014.6,0.7,1.4,6,1914.0,0
2020-09-15 12:16:00,3,55,25.0,40,30.6,1014.7,1.7,2.0,10,1914.0,0
2020-09-15 12:19:00,3,55,25.0,40,30.6,1014.6,2.4,3.7,4,1914.0,0
2020-09-15 12:22:00,3,55,25.0,40,30.7,1014.6,1.4,2.4,10,1914.0,0
2020-09-15 12:25:00,3,55,25.0,40,30.6,1014.6,1.0,1.4,8,1914.0,0
2020-09-15 12:28:00,3,55,25.0,40,30.7,1014.5,1.4,2.0,6,1914.0,0
2020-09-15 12:31:00,3,55,25.0,40,31.0,1014.4,1.4,2.0,8,1914.0,0
2020-09-15 12:34:00,3,56,25.1,40,31.0,1014.5,1.0,1.7,8,1914.0,0
2020-09-15 12:37:00,3,56,25.1,40,31.2,1014.4,2.4,4.1,4,1914.0,0
2020-09-15 12:40:00,3,56,25.1,40,31.0,1014.5,1.0,1.4,14,1914.0,0
2020-09-15 12:43:00,3,56,25.1,40,31.0,1014.4,1.0,1.7,12,1914.0,0
2020-09-15 12:46:00,3,56,25.1,40,31.0,1014.4,1.7,2.0,10,1914.0,0
2020-09-15 12:49:00,3,56,25.1,40,31.0,1014.4,1.4,2.0,10,1914.0,0
2020-09-15 12:52:00,3,56,25.1,40,31.2,1014.3,1.4,2.0,8,1914.0,0
2020-09-15 12:55:00,3,56,25.1,40,31.2,1014.3,2.0,2.7,8,1914.0,0
2020-09-15 12:58:00,3,56,25.1,39,31.1,1014.2,2.0,2.7,8,1914.0,0
2020-09-15 13:01:00,3,56,25.1,40,31.0,1014.3,1.7,2.4,0,1914.0,0
2020-09-15 13:04:00,3,55,25.1,40,31.1,1014.2,0.7,1.0,8,1914.0,0
2020-09-15 13:07:00,3,55,25.1,40,31.3,1014.2,1.0,2.0,7,1914.0,0
2020-09-15 13:10:00,3,55,25.2,40,31.3,1014.1,1.4,1.7,10,1914.0,0
2020-09-15 13:13:00,3,55,25.2,40,31.3,1014.2,1.0,1.4,10,1914.0,0
2020-09-15 13:16:00,3,55,25.2,39,31.4,1014.1,1.7,2.4,14,1914.0,0
2020-09-15 13:19:00,3,55,25.2,39,31.3,1014.1,1.4,2.4,8,1914.0,0
2020-09-15 13:22:00,3,55,25.2,38,31.4,1013.9,1.0,1.4,12,1914.0,0
2020-09-15 13:25:00,3,55,25.2,37,31.3,1014.0,2.4,3.1,6,1914.0,0
2020-09-15 13:28:00,3,55,25.2,38,31.2,1013.9,0.7,1.4,14,1914.0,0
2020-09-15 13:31:00,3,55,25.2,38,31.4,1013.9,1.7,2.7,6,1914.0,0
2020-09-15 13:34:00,3,55,25.2,38,31.4,1013.9,1.0,1.4,5,1914.0,0
2020-09-15 13:37:00,3,55,25.2,37,31.3,1013.9,1.0,1.7,10,1914.0,0
2020-09-15 13:40:00,3,55,25.2,36,31.3,1013.9,1.4,2.0,8,1914.0,0
2020-09-15 13:43:00,3,55,25.2,37,31.3,1013.9,1.0,1.7,6,1914.0,0
2020-09-15 13:46:00,3,55,25.2,36,31.3,1013.9,2.0,2.7,4,1914.0,0
2020-09-15 13:49:00,3,55,25.2,36,31.3,1013.8,1.0,1.7,10,1914.0,0
2020-09-15 13:52:00,3,55,25.2,36,31.4,1013.7,1.0,1.7,6,1914.0,0
2020-09-15 13:55:00,3,55,25.2,36,31.4,1013.7,1.0,2.4,6,1914.0,0
2020-09-15 13:58:00,3,55,25.2,36,31.5,1013.6,1.0,1.7,8,1914.0,0
2020-09-15 14:01:00,3,55,25.2,35,31.6,1013.7,1.4,2.0,8,1914.0,0
2020-09-15 14:04:00,3,55,25.2,35,31.6,1013.7,1.4,2.0,8,1914.0,0
2020-09-15 14:07:00,3,55,25.2,35,31.5,1013.5,1.4,2.0,4,1914.0,0
2020-09-15 14:10:00,3,55,25.2,34,31.5,1013.6,1.4,2.4,4,1914.0,0
2020-09-15 14:13:00,3,55,25.2,35,31.5,1013.5,1.4,2.0,12,1914.0,0
2020-09-15 14:16:00,3,55,25.2,34,31.7,1013.5,2.0,2.7,6,1914.0,0
2020-09-15 14:19:00,3,54,26.0,34,31.9,1013.5,1.4,1.7,12,1914.0,0
2020-09-15 14:22:00,3,54,26.1,34,32.0,1013.5,2.0,3.4,6,1914.0,0
2020-09-15 14:25:00,3,54,26.1,34,32.0,1013.3,1.0,1.4,5,1914.0,0
2020-09-15 14:28:00,3,54,26.1,33,32.0,1013.3,1.4,1.7,8,1914.0,0
2020-09-15 14:31:00,3,54,26.1,34,32.1,1013.4,0.3,1.4,,1914.0,2048
2020-09-15 14:34:00,3,54,26.1,34,32.3,1013.4,0.3,1.0,8,1914.0,0
2020-09-15 14:37:00,3,54,26.1,31,32.5,1013.2,0.7,1.4,14,1914.0,0
2020-09-15 14:40:00,3,54,26.1,31,32.5,1013.3,2.0,2.4,10,1914.0,0
2020-09-15 14:43:00,3,53,26.1,34,32.4,1013.3,0.7,1.4,8,1914.0,0
2020-09-15 14:46:00,3,53,26.0,34,32.3,1013.3,0.7,1.4,4,1914.0,0
2020-09-15 14:49:00,3,53,26.1,33,32.1,1013.2,1.4,3.1,8,1914.0,0
2020-09-15 14:52:00,3,53,26.1,34,31.9,1013.2,1.0,1.7,8,1914.0,0
2020-09-15 14:55:00,3,53,26.1,34,31.9,1013.2,1.0,1.7,10,1914.0,0
2020-09-15 14:58:00,3,53,26.1,34,31.8,1013.1,1.4,1.7,6,1914.0,0
2020-09-15 15:01:00,3,53,26.1,34,32.0,1013.2,0.7,1.0,,1914.0,2048
2020-09-15 15:04:00,3,53,26.1,33,32.3,1013.2,1.7,2.4,4,1914.0,0
2020-09-15 15:07:00,3,53,26.1,33,32.1,1013.1,1.4,2.4,10,1914.0,0
2020-09-15 15:10:00,3,53,26.1,33,32.0,1013.1,0.3,0.7,4,1914.0,0
2020-09-15 15:13:00,3,53,26.1,34,32.2,1013.1,0.3,1.0,8,1914.0,0
2020-09-15 15:16:00,3,53,26.1,33,32.3,1013.0,1.7,2.4,8,1914.0,0
2020-09-15 15:19:00,3,53,26.1,34,32.3,1013.0,0.3,0.7,10,1914.0,0
2020-09-15 15:22:00,3,53,26.1,34,32.3,1013.0,0.3,0.7,8,1914.0,0
2020-09-15 15:25:00,3,53,26.2,33,32.2,1012.9,1.0,1.4,8,1914.0,0
2020-09-15 15:28:00,3,53,26.2,33,32.2,1013.0,0.7,1.0,5,1914.0,0
2020-09-15 15:31:00,3,53,26.2,34,32.4,1012.8,0,0.7,8,1914.0,0
2020-09-15 15:34:00,3,53,26.2,34,32.4,1012.8,1.0,1.4,6,1914.0,0
2020-09-15 15:37:00,3,53,26.3,35,32.3,1012.9,0,0,8,1914.0,0
2020-09-15 15:40:00,3,53,26.3,35,32.3,1012.7,0.7,1.4,14,1914.0,0
2020-09-15 15:43:00,3,53,26.3,34,32.3,1012.7,0.7,1.4,8,1914.0,0
2020-09-15 15:46:00,3,53,26.3,35,32.2,1012.8,0,0,4,1914.0,0
2020-09-15 15:49:00,3,53,26.3,36,32.1,1012.7,0.3,0.7,4,1914.0,0
2020-09-15 15:52:00,3,53,26.3,37,31.7,1012.7,0.7,1.0,6,1914.0,0
2020-09-15 15:55:00,3,53,26.3,38,31.3,1012.7,0.3,0.7,0,1914.0,0
2020-09-15 15:58:00,3,53,26.3,39,31.1,1012.7,0.3,0.7,8,1914.0,0
2020-09-15 16:01:00,3,53,26.3,40,30.8,1012.7,0,0.3,8,1914.0,0
2020-09-15 16:04:00,3,53,26.3,40,30.8,1012.7,0,0.3,8,1914.0,0
2020-09-15 16:07:00,3,53,26.3,40,30.2,1012.8,0.7,1.4,6,1914.0,0
2020-09-15 16:10:00,3,53,26.4,41,30.0,1012.6,0.7,1.4,10,1914.0,0
2020-09-15 16:13:00,3,53,26.4,41,29.8,1012.8,0.7,1.0,10,1914.0,0
2020-09-15 16:16:00,3,53,26.4,41,29.6,1012.7,0.3,0.7,6,1914.0,0
2020-09-15 16:19:00,3,53,26.4,41,29.5,1012.7,0,0.3,6,1914.0,0
2020-09-15 16:22:00,3,53,26.4,41,29.4,1012.8,0.7,1.4,14,1914.0,0
2020-09-15 16:25:00,3,53,26.5,42,29.2,1012.8,0.7,1.0,4,1914.0,0
2020-09-15 16:28:00,3,53,26.5,42,29.1,1012.8,0,0,,1914.0,2048
2020-09-15 16:31:00,3,53,26.5,42,29.0,1012.8,0.7,1.0,4,1914.0,0
2020-09-15 16:34:00,3,53,26.5,42,28.9,1012.8,1.0,1.7,7,1914.0,0
2020-09-15 16:37:00,3,53,26.5,43,28.8,1012.8,0.3,1.0,12,1914.0,0
2020-09-15 16:40:00,3,53,26.5,42,28.7,1012.8,0,0.7,0,1914.0,0
2020-09-15 16:43:00,3,53,26.5,43,28.6,1012.8,0,0,4,1914.0,0
2020-09-15 16:46:00,3,53,26.5,43,28.4,1012.7,0,0.7,6,1914.0,0
2020-09-15 16:49:00,3,53,26.5,44,28.3,1012.7,0,0.3,0,1914.0,0
2020-09-15 16:52:00,3,53,26.5,44,28.1,1012.7,0,0,0,1914.0,0
2020-09-15 16:55:00,3,53,26.5,44,27.9,1012.8,0,0,0,1914.0,0
2020-09-15 16:58:00,3,53,26.5,47,27.7,1012.9,0,0,0,1914.0,0
2020-09-15 17:01:00,3,53,26.5,51,27.3,1012.7,0,0.3,0,1914.0,0
2020-09-15 17:04:00,3,53,26.5,52,27.0,1012.7,0,0.3,6,1914.0,0
2020-09-15 17:07:00,3,53,26.5,53,26.7,1012.7,0.3,0.7,6,1914.0,0
2020-09-15 17:10:00,3,53,26.5,53,26.5,1012.7,0,0.3,14,1914.0,0
2020-09-15 17:13:00,3,53,26.5,52,26.4,1012.7,0,0,14,1914.0,0
2020-09-15 17:16:00,3,53,26.5,53,26.2,1012.6,0,0,,1914.0,2048
2020-09-15 17:19:00,3,53,26.5,53,26.1,1012.7,0,0.7,8,1914.0,0
2020-09-15 17:22:00,3,53,26.5,53,26.0,1012.6,0,0.3,,1914.0,2048
2020-09-15 17:25:00,3,53,26.5,53,25.9,1012.6,0,0,10,1914.0,0
2020-09-15 17:28:00,3,53,26.5,54,25.8,1012.7,0,0,0,1914.0,0
2020-09-15 17:31:00,3,53,26.5,54,25.6,1012.7,0,0,0,1914.0,0
2020-09-15 17:34:00,3,53,26.5,54,25.5,1012.7,0,0,4,1914.0,0
2020-09-15 17:37:00,3,53,26.5,56,25.3,1012.7,0,0.3,4,1914.0,0
2020-09-15 17:40:00,3,53,26.5,56,25.1,1012.8,0,0,4,1914.0,0
2020-09-15 17:43:00,3,53,26.5,57,25.0,1012.8,0,0.3,4,1914.0,0
2020-09-15 17:46:00,3,53,26.5,58,24.8,1012.8,0,0.3,4,1914.0,0
2020-09-15 17:49:00,3,53,26.5,60,24.5,1012.7,0,0,4,1914.0,0
2020-09-15 17:52:00,3,53,26.5,61,24.3,1012.8,0,0,4,1914.0,0
2020-09-15 17:55:00,3,53,26.5,61,24.0,1012.8,0,0,2,1914.0,0
2020-09-15 17:58:00,3,53,26.5,62,23.8,1012.8,0,0,2,1914.0,0
2020-09-15 18:01:00,3,53,26.5,62,23.6,1012.8,0,0,2,1914.0,0
2020-09-15 18:04:00,3,53,26.5,62,23.6,1012.8,0,0,2,1914.0,0
2020-09-15 18:07:00,3,53,26.5,63,23.1,1012.8,0,0,2,1914.0,0
2020-09-15 18:10:00,3,53,26.5,64,23.0,1012.9,0,0,2,1914.0,0
2020-09-15 18:13:00,3,53,26.5,65,22.8,1012.9,0,0,,1914.0,2048
2020-09-15 18:16:00,3,53,26.5,66,22.6,1012.9,0,0,,1914.0,2048
2020-09-15 18:19:00,3,53,26.4,67,22.5,1012.9,0,0.3,,1914.0,2048
2020-09-15 18:22:00,3,53,26.4,71,22.3,1012.9,0,0,,1914.0,2048
2020-09-15 18:25:00,3,53,26.4,71,22.2,1012.9,0,0,,1914.0,2048
2020-09-15 18:28:00,3,53,26.4,71,22.0,1012.9,0,0,,1914.0,2048
2020-09-15 18:31:00,3,53,26.4,71,21.9,1012.9,0,0,,1914.0,2048
2020-09-15 18:34:00,3,53,26.4,71,21.8,1012.8,0,0,,1914.0,2048
2020-09-15 18:37:00,3,53,26.4,71,21.6,1013.0,0,0,,1914.0,2048
2020-09-15 18:40:00,3,53,26.3,72,21.5,1012.9,0,0,,1914.0,2048
2020-09-15 18:43:00,3,53,26.3,72,21.4,1012.8,0,0,,1914.0,2048
2020-09-15 18:46:00,3,53,26.3,72,21.3,1012.8,0,0,,1914.0,2048
2020-09-15 18:49:00,3,53,26.3,72,21.2,1012.9,0,0,,1914.0,2048
2020-09-15 18:52:00,3,53,26.3,72,21.1,1012.8,0,0,,1914.0,2048
2020-09-15 18:55:00,3,53,26.3,73,21.0,1012.7,0,0,,1914.0,2048
2020-09-15 18:58:00,3,53,26.3,73,20.9,1012.9,0,0,,1914.0,2048
2020-09-15 19:01:00,3,53,26.3,73,20.8,1012.8,0,0,,1914.0,2048
2020-09-15 19:04:00,3,53,26.3,73,20.7,1012.8,0,0,,1914.0,2048
2020-09-15 19:07:00,3,53,26.3,73,20.6,1012.7,0,0,13,1914.0,0
2020-09-15 19:10:00,3,53,26.3,74,20.6,1012.7,0,0,13,1914.0,0
2020-09-15 19:13:00,3,53,26.3,74,20.5,1012.7,0,0,13,1914.0,0
2020-09-15 19:16:00,3,53,26.3,74,20.4,1012.7,0,0,13,1914.0,0
2020-09-15 19:19:00,3,53,26.3,74,20.4,1012.8,0,0,13,1914.0,0
2020-09-15 19:22:00,3,53,26.3,74,20.3,1012.7,0,0,13,1914.0,0
2020-09-15 19:25:00,3,53,26.3,74,20.2,1012.7,0,0,15,1914.0,0
2020-09-15 19:28:00,3,53,26.3,74,20.1,1012.6,0,0,15,1914.0,0
2020-09-15 19:31:00,3,53,26.3,75,20.1,1012.7,0,0,15,1914.0,0
2020-09-15 19:34:00,3,53,26.3,75,20.0,1012.7,0,0.3,15,1914.0,0
2020-09-15 19:37:00,3,53,26.3,75,20.0,1012.6,0,0,15,1914.0,0
2020-09-15 19:40:00,3,53,26.3,75,19.9,1012.6,0,0,15,1914.0,0
2020-09-15 19:43:00,3,53,26.2,75,19.8,1012.7,0,0,15,1914.0,0
2020-09-15 19:46:00,3,53,26.1,75,19.8,1012.6,0,0,10,1914.0,0
2020-09-15 19:49:00,3,53,26.1,75,19.7,1012.6,0,0,10,1914.0,0
2020-09-15 19:52:00,3,53,26.1,75,19.6,1012.6,0,0,1,1914.0,0
2020-09-15 19:55:00,3,53,26.1,75,19.5,1012.6,0,0,9,1914.0,0
2020-09-15 19:58:00,3,53,26.1,75,19.5,1012.6,0,0,9,1914.0,0
2020-09-15 20:01:00,3,53,26.1,76,19.4,1012.5,0,0,9,1914.0,0
2020-09-15 20:04:00,3,53,26.1,76,19.4,1012.5,0,0,9,1914.0,0
2020-09-15 20:07:00,3,53,26.1,76,19.3,1012.6,0,0,,1914.0,2048
2020-09-15 20:10:00,3,53,26.1,77,19.2,1012.5,0,0,,1914.0,2048
2020-09-15 20:13:00,3,53,26.1,77,19.2,1012.5,0,0,,1914.0,2048
2020-09-15 20:16:00,3,53,26.1,77,19.1,1012.6,0,0,,1914.0,2048
2020-09-15 20:19:00,3,53,26.1,78,19.0,1012.5,0,0,,1914.0,2048
2020-09-15 20:22:00,3,53,26.1,78,19.0,1012.5,0,0,,1914.0,2048
2020-09-15 20:25:00,3,53,26.1,78,18.9,1012.5,0,0,,1914.0,2048
2020-09-15 20:28:00,3,53,26.1,78,18.9,1012.5,0,0,,1914.0,2048
2020-09-15 20:31:00,3,53,26.1,79,18.8,1012.5,0,0,,1914.0,2048
2020-09-15 20:34:00,3,53,26.1,79,18.7,1012.4,0,0,,1914.0,2048
2020-09-15 20:37:00,3,53,26.1,79,18.7,1012.5,0,0,12,1914.0,0
2020-09-15 20:40:00,3,53,26.1,80,18.6,1012.5,0,0,12,1914.0,0
2020-09-15 20:43:00,3,53,26.1,80,18.6,1012.4,0,0,12,1914.0,0
2020-09-15 20:46:00,3,53,26.1,80,18.5,1012.5,0,0,12,1914.0,0
2020-09-15 20:49:00,3,53,26.1,80,18.4,1012.5,0,0,12,1914.0,0
2020-09-15 20:52:00,3,53,26.1,80,18.4,1012.5,0,0,12,1914.0,0
2020-09-15 20:55:00,3,53,26.1,80,18.3,1012.6,0,0,12,1914.0,0
2020-09-15 20:58:00,3,53,26.1,80,18.3,1012.5,0,0,12,1914.0,0
2020-09-15 21:01:00,3,53,26.0,80,18.2,1012.4,0,0,12,1914.0,0
2020-09-15 21:04:00,3,53,26.1,80,18.1,1012.5,0,0,12,1914.0,0
2020-09-15 21:07:00,3,53,26.0,80,18.1,1012.4,0,0,12,1914.0,0
2020-09-15 21:10:00,3,53,26.1,80,18.0,1012.4,0,0,12,1914.0,0
2020-09-15 21:13:00,3,53,26.1,81,18.0,1012.5,0,0,12,1914.0,0
2020-09-15 21:16:00,3,53,26.1,81,18.0,1012.4,0,0,12,1914.0,0
2020-09-15 21:19:00,3,53,26.1,81,17.9,1012.5,0,0,12,1914.0,0
2020-09-15 21:22:00,3,52,26.0,81,17.9,1012.5,0,0,12,1914.0,0
2020-09-15 21:25:00,3,52,26.1,81,17.8,1012.4,0,0,12,1914.0,0
2020-09-15 21:28:00,3,52,26.1,81,17.8,1012.3,0,0,12,1914.0,0
2020-09-15 21:31:00,3,52,26.1,81,17.7,1012.4,0,0,12,1914.0,0
2020-09-15 21:34:00,3,52,26.1,81,17.7,1012.4,0,0,12,1914.0,0
2020-09-15 21:37:00,3,52,26.1,81,17.6,1012.3,0,0,12,1914.0,0
2020-09-15 21:40:00,3,52,26.1,81,17.6,1012.4,0,0,12,1914.0,0
2020-09-15 21:43:00,3,52,26.1,82,17.5,1012.3,0,0,12,1914.0,0
2020-09-15 21:46:00,3,52,26.1,82,17.5,1012.3,0,0,12,1914.0,0
2020-09-15 21:49:00,3,52,26.1,82,17.5,1012.3,0,0,12,1914.0,0
2020-09-15 21:52:00,3,52,26.1,85,17.4,1012.3,0,0,12,1914.0,0
2020-09-15 21:55:00,3,52,26.1,85,17.4,1012.4,0,0,12,1914.0,0
2020-09-15 21:58:00,3,52,26.1,85,17.4,1012.4,0,0,12,1914.0,0
