2017-12-13 00:00:59,3,37,19.1,81,2.9,1006.8,0.7,1.0,8,733.5,0
2017-12-13 00:03:59,3,37,19.0,81,2.9,1006.7,0.7,1.0,10,733.5,0
2017-12-13 00:06:59,3,37,19.0,81,2.9,1006.8,1.0,1.4,10,733.5,0
2017-12-13 00:09:59,3,37,19.0,81,2.9,1006.8,1.4,1.7,9,733.5,0
2017-12-13 00:12:59,3,37,19.0,81,2.9,1006.8,1.0,1.4,10,733.5,0
2017-12-13 00:15:59,3,37,19.0,81,2.9,1006.8,1.4,2.4,10,733.5,0
2017-12-13 00:18:59,3,38,18.9,81,2.9,1006.8,1.7,2.7,10,733.5,0
2017-12-13 00:21:59,3,38,18.9,81,2.9,1006.7,0.7,1.0,10,733.5,0
2017-12-13 00:24:59,3,38,18.9,81,2.9,1006.8,1.4,1.7,10,733.5,0
2017-12-13 00:27:59,3,38,18.9,81,2.9,1006.8,1.0,1.4,11,733.5,0
2017-12-13 00:30:59,3,38,18.8,81,2.9,1006.8,1.0,1.4,10,733.5,0
2017-12-13 00:33:59,3,38,18.8,81,2.9,1006.9,1.0,1.4,10,733.5,0
2017-12-13 00:36:59,3,38,18.8,81,2.9,1006.9,1.4,1.7,9,733.5,0
2017-12-13 00:39:59,3,38,18.8,81,2.9,1006.9,1.4,1.7,10,733.5,0
2017-12-13 00:42:59,3,38,18.8,81,2.9,1007.0,0.3,0.7,12,733.5,0
2017-12-13 00:45:59,3,38,18.8,81,2.9,1007.0,1.0,1.4,10,733.5,0
2017-12-13 00:48:59,3,38,18.8,81,2.9,1007.0,0.7,1.0,10,733.5,0
2017-12-13 00:51:59,3,38,18.7,81,2.8,1007.0,0.7,1.0,10,733.5,0
2017-12-13 00:54:59,3,38,18.6,81,2.8,1007.0,1.7,2.4,8,733.5,0
2017-12-13 00:57:59,3,38,18.6,81,2.8,1007.0,1.4,2.0,10,733.5,0
2017-12-13 01:00:59,3,38,18.6,81,2.9,1006.8,0.7,1.0,10,733.5,0
2017-12-13 01:03:59,3,38,18.6,81,2.9,1006.9,0.7,1.0,10,733.5,0
2017-12-13 01:06:59,3,38,18.6,80,2.9,1006.9,1.0,1.4,10,733.5,0
2017-12-13 01:09:59,3,38,18.6,80,2.9,1006.9,0.7,1.4,10,733.5,0
2017-12-13 01:12:59,3,38,18.5,80,2.9,1007.0,1.4,1.7,10,733.5,0
2017-12-13 01:15:59,3,38,18.5,80,2.9,1006.9,1.4,1.7,8,733.5,0
2017-12-13 01:18:59,3,38,18.5,80,2.9,1006.9,0.7,1.0,10,733.5,0
2017-12-13 01:21:59,3,38,18.5,80,2.9,1006.9,1.4,2.0,10,733.5,0
2017-12-13 01:24:59,3,38,18.5,80,2.9,1007.0,1.0,1.4,8,733.5,0
2017-12-13 01:27:59,3,38,18.5,80,2.9,1007.0,1.0,1.7,8,733.5,0
2017-12-13 01:30:59,3,38,18.4,80,2.9,1007.1,1.7,2.0,10,733.5,0
2017-12-13 01:33:59,3,38,18.4,80,3.0,1007.1,1.0,1.4,10,733.5,0
2017-12-13 01:36:59,3,38,18.4,80,3.0,1007.1,3.4,4.1,10,733.5,0
2017-12-13 01:39:59,3,38,18.4,79,3.1,1007.2,2.4,3.1,10,733.5,0
2017-12-13 01:42:59,3,38,18.4,77,3.1,1007.2,1.7,2.7,10,733.5,0
2017-12-13 01:45:59,3,38,18.4,76,3.1,1007.1,2.0,2.4,10,733.5,0
2017-12-13 01:48:59,3,38,18.4,76,3.1,1007.2,2.0,2.4,8,733.5,0
2017-12-13 01:51:59,3,38,18.3,75,3.2,1007.2,2.0,3.1,10,733.5,0
2017-12-13 01:54:59,3,38,18.3,74,3.2,1007.3,1.7,2.4,8,733.5,0
2017-12-13 01:57:59,3,38,18.3,73,3.2,1007.3,4.4,5.1,10,733.8,0
2017-12-13 02:00:59,3,38,18.3,72,3.2,1007.3,1.7,2.7,10,733.8,0
2017-12-13 02:03:59,3,38,18.3,72,3.2,1007.3,1.7,3.1,12,733.8,0
2017-12-13 02:06:59,3,38,18.3,71,3.1,1007.3,1.4,2.4,10,733.8,0
2017-12-13 02:09:59,3,38,18.2,71,3.0,1007.3,1.7,2.7,8,733.8,0
2017-12-13 02:12:59,3,38,18.2,71,3.0,1007.3,1.4,2.0,10,733.8,0
2017-12-13 02:15:59,3,38,18.2,72,3.0,1007.4,1.4,1.7,8,733.8,0
2017-12-13 02:18:59,3,38,18.2,72,3.0,1007.4,1.0,1.4,8,733.8,0
2017-12-13 02:21:59,3,38,18.1,72,2.9,1007.4,2.0,2.7,8,733.8,0
2017-12-13 02:24:59,3,38,18.1,72,2.9,1007.4,1.0,1.4,8,733.8,0
2017-12-13 02:27:59,3,38,18.1,72,2.9,1007.3,1.0,1.4,10,733.8,0
2017-12-13 02:30:59,3,38,18.1,73,2.9,1007.3,1.7,2.0,8,733.8,0
2017-12-13 02:33:59,3,38,18.1,73,2.8,1007.4,1.4,1.7,8,733.8,0
2017-12-13 02:36:59,3,38,18.1,73,2.7,1007.5,1.0,1.4,10,733.8,0
2017-12-13 02:39:59,3,38,18.1,73,2.6,1007.4,1.4,1.7,10,733.8,0
2017-12-13 02:42:59,3,38,18.1,74,2.6,1007.2,1.4,1.7,10,733.8,0
2017-12-13 02:45:59,3,38,18.1,74,2.6,1007.4,0.7,1.0,10,733.8,0
2017-12-13 02:48:59,3,38,18.0,74,2.5,1007.2,0.3,0.7,8,733.8,0
2017-12-13 02:51:59,3,38,18.0,74,2.4,1007.3,0.7,1.0,10,733.8,0
2017-12-13 02:54:59,3,38,18.0,74,2.3,1007.3,0.3,0.7,8,733.8,0
2017-12-13 02:57:59,3,38,18.0,74,2.1,1007.3,0,0,8,733.8,0
2017-12-13 03:00:59,3,38,18.0,75,2.1,1007.3,0,0,13,733.8,0
2017-12-13 03:03:59,3,38,18.0,75,2.1,1007.2,0,0,13,733.8,0
2017-12-13 03:06:59,3,38,18.0,75,1.8,1007.2,0.7,1.4,8,733.8,0
2017-12-13 03:09:59,3,38,18.0,76,1.8,1007.2,1.0,1.4,12,733.8,0
2017-12-13 03:12:59,3,38,18.0,76,1.7,1007.2,0,0,8,733.8,0
2017-12-13 03:15:59,3,38,17.9,76,1.6,1007.2,0,0,8,733.8,0
2017-12-13 03:18:59,3,38,17.9,77,1.6,1007.3,0,0,8,733.8,0
2017-12-13 03:21:59,3,38,17.9,77,1.5,1007.3,0.3,0.7,12,733.8,0
2017-12-13 03:24:59,3,38,17.9,77,1.4,1007.1,0,0,10,733.8,0
2017-12-13 03:27:59,3,38,17.9,77,1.3,1007.1,0,0.3,11,733.8,0
2017-12-13 03:30:59,3,38,17.9,78,1.2,1007.1,0.3,0.7,10,733.8,0
2017-12-13 03:33:59,3,38,17.9,78,1.2,1006.9,0,0.7,10,733.8,0
2017-12-13 03:36:59,3,38,17.9,78,1.1,1007.0,0.3,0.7,10,733.8,0
2017-12-13 03:39:59,3,38,17.9,79,1.1,1007.0,0,0.3,10,733.8,0
2017-12-13 03:42:59,3,38,17.9,79,1.0,1006.9,0,0.3,12,733.8,0
2017-12-13 03:45:59,3,38,17.9,79,1.0,1007.0,0,0,8,733.8,0
2017-12-13 03:48:59,3,38,17.9,79,0.9,1007.0,0,0.3,8,733.8,0
2017-12-13 03:51:59,3,38,17.9,80,0.8,1007.0,0.3,0.3,8,733.8,0
2017-12-13 03:54:59,3,38,17.9,80,0.8,1007.0,0.7,1.4,10,733.8,0
2017-12-13 03:57:59,3,38,17.8,80,0.8,1007.1,0,0,10,733.8,0
2017-12-13 04:00:59,3,38,17.8,80,0.8,1006.9,0.3,0.7,12,733.8,0
2017-12-13 04:03:59,3,38,17.8,80,0.7,1006.9,0,0.3,10,733.8,0
2017-12-13 04:06:59,3,38,17.8,80,0.7,1006.9,0.3,0.7,8,733.8,0
2017-12-13 04:09:59,3,38,17.8,80,0.7,1006.9,0.3,0.7,8,733.8,0
2017-12-13 04:12:59,3,38,17.7,80,0.6,1006.8,0.7,1.0,7,733.8,0
2017-12-13 04:15:59,3,38,17.7,80,0.6,1006.8,0,0.3,0,733.8,0
2017-12-13 04:18:59,3,38,17.7,80,0.6,1006.9,0,0.3,14,733.8,0
2017-12-13 04:21:59,3,38,17.7,81,0.6,1006.9,1.4,1.7,10,733.8,0
2017-12-13 04:24:59,3,38,17.7,81,0.7,1006.9,0.3,0.7,10,733.8,0
2017-12-13 04:27:59,3,38,17.7,81,0.7,1006.7,0.3,0.7,10,733.8,0
2017-12-13 04:30:59,3,38,17.7,81,0.6,1006.9,0,0.3,12,733.8,0
2017-12-13 04:33:59,3,38,17.7,81,0.6,1006.8,0.3,0.7,14,733.8,0
2017-12-13 04:36:59,3,38,17.7,81,0.6,1006.8,0.3,0.7,12,733.8,0
2017-12-13 04:39:59,3,38,17.7,81,0.6,1006.8,0.3,0.7,0,733.8,0
2017-12-13 04:42:59,3,38,17.7,81,0.6,1006.8,0.7,1.0,14,733.8,0
2017-12-13 04:45:59,3,38,17.7,81,0.6,1006.7,0,0,8,733.8,0
2017-12-13 04:48:59,3,38,17.7,81,0.5,1006.8,0,0.3,6,733.8,0
2017-12-13 04:51:59,3,38,17.7,81,0.5,1006.8,0,0,10,733.8,0
2017-12-13 04:54:59,3,38,17.7,80,0.5,1006.8,0.7,1.4,14,733.8,0
2017-12-13 04:57:59,3,38,17.7,81,0.5,1006.7,0,0.7,2,733.8,0
2017-12-13 05:00:59,3,38,17.7,81,0.5,1006.7,0.3,0.7,10,733.8,0
2017-12-13 05:03:59,3,38,17.7,81,0.5,1006.8,0.3,0.7,10,733.8,0
2017-12-13 05:06:59,3,38,17.7,80,0.4,1006.7,1.4,1.7,8,733.8,0
2017-12-13 05:09:59,3,38,17.7,80,0.4,1006.8,0.3,0.7,10,733.8,0
2017-12-13 05:12:59,3,38,17.8,80,0.4,1006.9,0.3,0.7,8,733.8,0
2017-12-13 05:15:59,3,38,17.9,80,0.4,1006.8,0.7,1.0,8,733.8,0
2017-12-13 05:18:59,3,38,17.9,80,0.4,1006.8,0,0,8,733.8,0
2017-12-13 05:21:59,3,38,17.9,80,0.3,1006.9,0,0,14,733.8,0
2017-12-13 05:24:59,3,37,18.0,80,0.3,1006.8,0,0.3,10,733.8,0
2017-12-13 05:27:59,3,37,18.0,80,0.3,1006.8,0,0,6,733.8,0
2017-12-13 05:30:59,3,37,18.0,80,0.3,1006.8,0,0.7,6,733.8,0
2017-12-13 05:33:59,3,37,18.1,80,0.4,1006.5,1.4,1.7,8,733.8,0
2017-12-13 05:36:59,3,37,18.1,80,0.5,1006.7,0.3,0.7,8,733.8,0
2017-12-13 05:39:59,3,37,18.2,80,0.5,1006.7,0.3,0.7,10,733.8,0
2017-12-13 05:42:59,3,37,18.3,80,0.5,1006.7,0,0.3,12,733.8,0
2017-12-13 05:45:59,3,37,18.3,80,0.6,1006.6,1.4,1.7,8,733.8,0
2017-12-13 05:48:59,3,37,18.4,80,0.7,1006.7,1.0,1.4,8,733.8,0
2017-12-13 05:51:59,3,37,18.4,80,0.8,1006.7,0.7,1.4,8,733.8,0
2017-12-13 05:54:59,3,36,18.5,80,0.8,1006.6,0.3,1.0,8,733.8,0
2017-12-13 05:57:59,3,36,18.5,80,0.8,1006.7,0.7,0.7,10,733.8,0
2017-12-13 06:00:59,3,36,18.5,80,0.8,1006.7,0.7,1.0,6,733.8,0
2017-12-13 06:03:59,3,36,18.6,80,0.8,1006.6,0.3,1.0,8,733.8,0
2017-12-13 06:06:59,3,36,18.6,80,0.8,1006.5,2.0,2.7,6,733.8,0
2017-12-13 06:09:59,3,36,18.6,80,0.8,1006.6,1.4,2.0,8,733.8,0
2017-12-13 06:12:59,3,36,18.7,80,0.7,1006.5,1.7,2.4,6,733.8,0
2017-12-13 06:15:59,3,36,18.8,80,0.8,1006.5,1.7,2.0,14,733.8,0
2017-12-13 06:18:59,3,36,18.8,79,0.7,1006.6,0.7,1.0,8,733.8,0
2017-12-13 06:21:59,3,36,18.8,79,0.7,1006.5,2.4,2.7,8,733.8,0
2017-12-13 06:24:59,3,36,18.8,79,0.6,1006.5,1.0,1.4,0,733.8,0
2017-12-13 06:27:59,3,36,18.8,79,0.6,1006.4,0.7,1.0,8,733.8,0
2017-12-13 06:30:59,3,36,18.8,79,0.6,1006.5,1.0,1.4,6,733.8,0
2017-12-13 06:33:59,3,36,18.9,79,0.6,1006.5,1.0,1.4,4,733.8,0
2017-12-13 06:36:59,3,36,18.9,79,0.6,1006.5,0.7,1.0,8,733.8,0
2017-12-13 06:39:59,3,36,18.9,79,0.6,1006.6,1.0,1.4,12,733.8,0
2017-12-13 06:42:59,3,36,18.9,79,0.5,1006.4,1.7,2.4,8,733.8,0
2017-12-13 06:45:59,3,36,18.9,79,0.5,1006.4,1.4,1.7,8,733.8,0
2017-12-13 06:48:59,3,35,19.0,79,0.4,1006.4,0,0,12,733.8,0
2017-12-13 06:51:59,3,35,19.0,79,0.4,1006.4,2.0,2.7,8,733.8,0
2017-12-13 06:54:59,3,35,19.0,79,0.4,1006.3,1.0,1.4,8,733.8,0
2017-12-13 06:57:59,3,35,19.0,80,0.4,1006.4,1.0,1.7,8,733.8,0
2017-12-13 07:00:59,3,35,19.0,80,0.4,1006.5,0.7,1.0,8,733.8,0
2017-12-13 07:03:59,3,35,19.1,80,0.4,1006.4,0.7,1.0,8,733.8,0
2017-12-13 07:06:59,3,35,19.3,80,0.4,1006.4,0.7,1.0,8,733.8,0
2017-12-13 07:09:59,3,35,19.6,80,0.4,1006.6,1.4,2.0,8,733.8,0
2017-12-13 07:12:59,3,34,19.8,80,0.4,1006.5,0.3,0.7,8,733.8,0
2017-12-13 07:15:59,3,34,19.9,80,0.4,1006.6,0,0.3,10,733.8,0
2017-12-13 07:18:59,3,33,20.1,80,0.4,1006.4,0.3,0.7,10,733.8,0
2017-12-13 07:21:59,3,32,20.2,80,0.4,1006.5,0.7,1.0,14,733.8,0
2017-12-13 07:24:59,3,32,20.4,80,0.4,1006.4,1.7,2.4,8,733.8,0
2017-12-13 07:27:59,3,32,20.4,80,0.4,1006.4,2.4,3.1,8,733.8,0
2017-12-13 07:30:59,3,32,20.5,80,0.5,1006.4,1.0,2.0,6,733.8,0
2017-12-13 07:33:59,3,32,20.6,80,0.5,1006.4,2.4,3.1,8,733.8,0
2017-12-13 07:36:59,3,32,20.7,80,0.5,1006.4,0.7,1.4,10,733.8,0
2017-12-13 07:39:59,3,32,20.8,80,0.5,1006.4,1.0,1.4,10,733.8,0
2017-12-13 07:42:59,3,32,20.9,80,0.6,1006.4,1.0,1.7,8,733.8,0
2017-12-13 07:45:59,3,31,21.0,80,0.6,1006.5,0.3,0.7,2,733.8,0
2017-12-13 07:48:59,3,31,21.1,80,0.5,1006.5,0.3,0.7,10,733.8,0
2017-12-13 07:51:59,3,31,21.1,80,0.5,1006.4,2.0,3.1,10,733.8,0
2017-12-13 07:54:59,3,31,21.2,80,0.5,1006.4,1.0,1.4,10,733.8,0
2017-12-13 07:57:59,3,30,21.2,80,0.5,1006.5,1.4,1.7,8,733.8,0
2017-12-13 08:00:59,3,30,21.3,80,0.5,1006.4,1.4,1.7,6,733.8,0
2017-12-13 08:03:59,3,30,21.3,80,0.6,1006.5,1.7,2.4,8,733.8,0
2017-12-13 08:06:59,3,30,21.3,79,0.6,1006.4,2.0,2.4,8,733.8,0
2017-12-13 08:09:59,3,30,21.5,79,0.6,1006.4,2.0,3.1,8,733.8,0
2017-12-13 08:12:59,3,30,21.5,79,0.6,1006.2,1.4,2.0,12,733.8,0
2017-12-13 08:15:59,3,30,21.5,79,0.7,1006.1,1.0,2.0,8,733.8,0
2017-12-13 08:18:59,3,30,21.5,78,0.7,1006.2,1.4,1.7,6,733.8,0
2017-12-13 08:21:59,3,30,21.5,78,0.8,1006.2,0.7,1.4,12,733.8,0
2017-12-13 08:24:59,3,30,21.6,78,0.8,1006.1,1.0,1.4,8,733.8,0
2017-12-13 08:27:59,3,30,21.6,77,0.9,1006.2,2.4,3.7,8,733.8,0
2017-12-13 08:30:59,3,30,21.7,77,1.0,1006.0,1.0,1.4,8,733.8,0
2017-12-13 08:33:59,3,30,21.7,76,1.1,1006.0,2.7,3.4,8,733.8,0
2017-12-13 08:36:59,3,30,21.7,75,1.2,1006.1,2.4,3.1,6,733.8,0
2017-12-13 08:39:59,3,30,21.7,75,1.2,1006.0,1.4,2.4,8,733.8,0
2017-12-13 08:42:59,3,30,21.8,74,1.3,1006.0,1.4,2.0,8,733.8,0
2017-12-13 08:45:59,3,30,21.7,74,1.3,1006.0,0.7,1.0,8,733.8,0
2017-12-13 08:48:59,3,30,21.6,74,1.4,1005.9,1.0,1.7,10,733.8,0
2017-12-13 08:51:59,3,30,21.6,73,1.5,1005.9,1.0,1.4,10,733.8,0
2017-12-13 08:54:59,3,30,21.5,73,1.5,1005.8,0.7,1.0,8,733.8,0
2017-12-13 08:57:59,3,30,21.4,73,1.6,1005.7,1.4,2.0,10,733.8,0
2017-12-13 09:00:59,3,30,21.3,72,1.6,1005.7,1.7,2.0,6,733.8,0
2017-12-13 09:03:59,3,30,21.3,72,1.6,1005.7,1.7,2.0,6,733.8,0
2017-12-13 09:06:59,3,30,21.2,71,1.8,1005.7,0.7,1.4,8,733.8,0
2017-12-13 09:09:59,3,31,21.2,71,1.9,1005.7,1.0,1.4,14,733.8,0
2017-12-13 09:12:59,3,31,21.1,71,2.0,1005.6,1.0,2.0,8,733.8,0
2017-12-13 09:15:59,3,31,21.1,70,2.0,1005.6,1.0,1.4,8,733.8,0
2017-12-13 09:18:59,3,31,21.1,70,2.0,1005.4,2.7,4.4,6,733.8,0
2017-12-13 09:21:59,3,31,21.0,70,2.1,1005.4,3.4,4.1,8,733.8,0
2017-12-13 09:24:59,3,31,21.0,70,2.2,1005.5,2.0,3.4,10,733.8,0
2017-12-13 09:27:59,3,32,20.9,69,2.2,1005.4,1.7,2.7,8,733.8,0
2017-12-13 09:30:59,3,32,20.9,69,2.2,1005.2,2.4,3.4,8,733.8,0
2017-12-13 09:33:59,3,32,20.8,69,2.3,1005.1,2.0,2.7,8,733.8,0
2017-12-13 09:36:59,3,32,20.7,69,2.5,1005.0,1.4,2.0,10,733.8,0
2017-12-13 09:39:59,3,32,20.7,68,2.6,1005.0,3.1,4.1,6,733.8,0
2017-12-13 09:42:59,3,32,20.6,67,2.9,1004.9,2.0,2.7,4,733.8,0
2017-12-13 09:45:59,3,32,20.6,66,3.0,1005.0,1.4,2.0,8,733.8,0
2017-12-13 09:48:59,3,32,20.6,65,3.1,1004.8,2.4,3.4,8,733.8,0
2017-12-13 09:51:59,3,32,20.5,65,3.1,1004.7,3.4,4.1,6,733.8,0
2017-12-13 09:54:59,3,32,20.5,65,3.0,1004.7,2.0,3.1,8,733.8,0
2017-12-13 09:57:59,3,32,20.5,65,3.0,1004.8,1.0,1.7,12,733.8,0
2017-12-13 10:00:59,3,32,20.4,65,3.1,1004.6,2.0,2.4,8,733.8,0
2017-12-13 10:03:59,3,32,20.4,65,3.1,1004.6,2.4,2.7,8,733.8,0
2017-12-13 10:06:59,3,33,20.4,65,3.2,1004.6,1.4,2.0,10,733.8,0
2017-12-13 10:09:59,3,33,20.3,64,3.2,1004.5,2.4,3.1,6,733.8,0
2017-12-13 10:12:59,3,33,20.3,65,3.5,1004.4,2.4,3.1,14,733.8,0
2017-12-13 10:15:59,3,33,20.3,64,3.7,1004.4,1.7,2.7,10,733.8,0
2017-12-13 10:18:59,3,33,20.2,64,3.8,1004.3,1.7,2.4,10,733.8,0
2017-12-13 10:21:59,3,33,20.2,63,3.8,1004.2,2.7,3.7,12,733.8,0
2017-12-13 10:24:59,3,33,20.2,62,3.6,1004.1,2.0,3.7,8,733.8,0
2017-12-13 10:27:59,3,33,20.1,63,3.5,1004.1,2.7,4.8,10,733.8,0
2017-12-13 10:30:59,3,33,20.1,63,3.5,1004.0,3.1,3.7,12,733.8,0
2017-12-13 10:33:59,3,33,20.1,63,3.4,1003.9,2.7,3.7,7,733.8,0
2017-12-13 10:36:59,3,33,20.1,63,3.4,1003.8,2.7,3.7,5,733.8,0
2017-12-13 10:39:59,3,33,20.0,63,3.4,1003.7,1.0,1.7,8,733.8,0
2017-12-13 10:42:59,3,33,20.0,64,3.5,1003.7,1.7,2.7,8,733.8,0
2017-12-13 10:45:59,3,33,20.0,63,3.6,1003.5,3.1,3.4,10,733.8,0
2017-12-13 10:48:59,3,33,20.0,63,3.6,1003.5,3.4,4.8,8,733.8,0
2017-12-13 10:51:59,3,34,19.9,63,3.6,1003.4,1.7,2.7,10,733.8,0
2017-12-13 10:54:59,3,34,19.9,63,3.7,1003.3,3.1,4.8,10,733.8,0
2017-12-13 10:57:59,3,35,19.8,63,3.7,1003.3,1.4,1.7,12,733.8,0
2017-12-13 11:00:59,3,35,19.8,63,3.7,1003.2,1.0,3.1,7,733.8,0
2017-12-13 11:03:59,3,35,19.8,63,3.7,1003.1,1.0,3.1,7,733.8,0
2017-12-13 11:06:59,3,35,19.8,62,4.1,1003.1,2.7,4.1,10,733.8,0
2017-12-13 11:09:59,3,35,19.8,62,4.3,1003.0,2.0,3.1,10,733.8,0
2017-12-13 11:12:59,3,35,19.7,62,4.4,1002.9,2.7,3.4,8,733.8,0
2017-12-13 11:15:59,3,35,19.7,62,4.4,1002.9,3.1,4.4,8,733.8,0
2017-12-13 11:18:59,3,35,19.7,62,4.5,1002.7,1.7,2.0,10,733.8,0
2017-12-13 11:21:59,3,35,19.7,62,4.6,1002.7,3.7,4.8,8,733.8,0
2017-12-13 11:24:59,3,35,19.7,61,4.6,1002.6,1.7,2.4,8,733.8,0
2017-12-13 11:27:59,3,35,19.7,61,4.7,1002.6,2.4,4.4,8,733.8,0
2017-12-13 11:30:59,3,35,19.7,61,4.9,1002.5,1.0,1.7,8,733.8,0
2017-12-13 11:33:59,3,36,19.6,61,5.2,1002.6,2.0,2.4,8,733.8,0
2017-12-13 11:36:59,3,36,19.6,60,5.3,1002.4,4.4,5.4,8,733.8,0
2017-12-13 11:39:59,3,36,19.6,60,5.0,1002.2,1.7,2.7,8,733.8,0
2017-12-13 11:42:59,3,36,19.6,60,4.8,1002.0,2.4,3.1,10,733.8,0
2017-12-13 11:45:59,3,36,19.6,61,4.7,1002.0,1.0,1.7,14,733.8,0
2017-12-13 11:48:59,3,36,19.6,61,4.7,1001.9,2.7,3.7,10,733.8,0
2017-12-13 11:51:59,3,36,19.6,61,4.7,1001.8,1.4,2.7,8,733.8,0
2017-12-13 11:54:59,3,37,19.6,61,4.7,1001.8,3.1,3.7,8,733.8,0
2017-12-13 11:57:59,3,38,19.6,61,4.6,1001.7,2.4,3.1,8,733.8,0
2017-12-13 12:00:59,3,38,19.6,61,4.6,1001.6,0.7,1.4,10,733.8,0
2017-12-13 12:03:59,3,38,19.6,61,4.6,1001.6,1.7,2.4,12,733.8,0
2017-12-13 12:06:59,3,38,19.7,61,4.6,1001.6,2.0,2.7,6,733.8,0
2017-12-13 12:09:59,3,38,19.9,61,4.5,1001.6,2.4,2.7,10,733.8,0
2017-12-13 12:12:59,3,36,20.1,61,4.4,1001.4,2.0,2.4,8,733.8,0
2017-12-13 12:15:59,3,36,20.2,61,4.3,1001.4,1.7,2.0,6,733.8,0
2017-12-13 12:18:59,3,35,20.3,62,4.3,1001.4,2.0,3.1,8,733.8,0
2017-12-13 12:21:59,3,35,20.4,62,4.3,1001.2,3.1,4.4,8,733.8,0
2017-12-13 12:24:59,3,35,20.4,62,4.4,1001.3,1.7,2.7,8,733.8,0
2017-12-13 12:27:59,3,34,20.5,62,4.4,1001.4,2.7,4.1,6,733.8,0
2017-12-13 12:30:59,3,34,20.5,62,4.4,1001.3,3.1,4.4,9,733.8,0
2017-12-13 12:33:59,3,34,20.6,62,4.4,1001.1,1.4,2.0,10,733.8,0
2017-12-13 12:36:59,3,34,20.7,62,4.4,1000.9,2.0,3.1,8,733.8,0
2017-12-13 12:39:59,3,34,20.9,62,4.3,1000.8,4.1,5.1,8,733.8,0
2017-12-13 12:42:59,3,33,20.9,62,4.3,1000.7,1.7,2.4,6,733.8,0
2017-12-13 12:45:59,3,32,21.1,62,4.3,1000.6,1.0,2.4,8,733.8,0
2017-12-13 12:48:59,3,32,21.1,62,4.3,1000.7,1.0,1.4,10,733.8,0
2017-12-13 12:51:59,3,32,21.2,62,4.3,1000.6,2.7,5.4,6,733.8,0
2017-12-13 12:54:59,3,32,21.3,62,4.4,1000.7,2.0,3.7,8,733.8,0
2017-12-13 12:57:59,3,32,21.4,62,4.4,1000.4,3.1,5.1,8,733.8,0
2017-12-13 13:00:59,3,32,21.5,62,4.4,1000.3,3.1,4.8,8,733.8,0
2017-12-13 13:03:59,3,31,21.6,62,4.4,1000.3,3.1,4.8,8,733.8,0
2017-12-13 13:06:59,3,31,21.7,62,4.4,1000.2,3.1,4.8,8,733.8,0
2017-12-13 13:09:59,3,31,21.7,62,4.3,1000.2,1.4,1.7,4,733.8,0
2017-12-13 13:12:59,3,31,21.7,62,4.3,1000.2,1.4,2.4,0,733.8,0
2017-12-13 13:15:59,3,31,21.8,62,4.3,1000.3,2.0,2.7,8,733.8,0
2017-12-13 13:18:59,3,31,21.8,62,4.3,1000.2,3.4,4.4,6,733.8,0
2017-12-13 13:21:59,3,31,21.9,62,4.3,1000.2,2.0,2.7,8,733.8,0
2017-12-13 13:24:59,3,31,21.9,62,4.3,1000.1,1.7,2.7,8,733.8,0
2017-12-13 13:27:59,3,30,22.0,62,4.2,1000.0,1.4,2.4,9,733.8,0
2017-12-13 13:30:59,3,30,22.1,62,4.2,1000.0,1.7,2.4,4,733.8,0
2017-12-13 13:33:59,3,29,22.1,62,4.2,999.9,1.4,2.0,14,733.8,0
2017-12-13 13:36:59,3,29,22.2,62,4.2,999.8,2.0,3.1,7,733.8,0
2017-12-13 13:39:59,3,29,22.2,62,4.2,999.7,2.0,2.4,2,733.8,0
2017-12-13 13:42:59,3,29,22.2,62,4.2,999.6,1.7,3.4,10,733.8,0
2017-12-13 13:45:59,3,29,22.2,62,4.2,999.6,2.4,3.1,7,733.8,0
2017-12-13 13:48:59,3,29,22.3,62,4.2,999.5,3.1,3.7,10,733.8,0
2017-12-13 13:51:59,3,29,22.3,62,4.2,999.4,2.0,3.1,10,733.8,0
2017-12-13 13:54:59,3,29,22.3,62,4.2,999.4,1.7,2.4,6,733.8,0
2017-12-13 13:57:59,3,29,22.3,62,4.2,999.3,2.4,4.4,6,733.8,0
2017-12-13 14:00:59,3,29,22.3,62,4.2,999.2,1.4,1.7,8,733.8,0
2017-12-13 14:03:59,3,29,22.3,63,4.2,999.3,1.4,2.0,14,733.8,0
2017-12-13 14:06:59,3,29,22.3,63,4.1,999.1,1.0,1.4,5,733.8,0
2017-12-13 14:09:59,3,29,22.3,63,4.1,999.1,1.7,2.0,10,733.8,0
2017-12-13 14:12:59,3,29,22.4,63,4.1,999.0,3.4,5.1,8,733.8,0
2017-12-13 14:15:59,3,29,22.5,63,4.1,999.0,2.7,3.4,6,733.8,0
2017-12-13 14:18:59,3,29,22.5,63,4.1,998.9,1.4,2.4,5,733.8,0
2017-12-13 14:21:59,3,29,22.5,63,4.0,998.8,2.4,2.7,8,733.8,0
2017-12-13 14:24:59,3,29,22.5,63,4.0,998.8,1.7,2.4,8,733.8,0
2017-12-13 14:27:59,3,29,22.5,63,3.9,998.6,1.4,1.7,14,733.8,0
2017-12-13 14:30:59,3,29,22.5,64,3.9,998.7,1.4,2.0,8,733.8,0
2017-12-13 14:33:59,3,29,22.5,64,3.9,998.6,1.0,2.0,12,733.8,0
2017-12-13 14:36:59,3,29,22.5,64,3.9,998.5,2.4,2.7,10,733.8,0
2017-12-13 14:39:59,3,29,22.5,64,3.9,998.4,1.4,2.0,14,733.8,0
2017-12-13 14:42:59,3,29,22.5,64,3.9,998.3,1.4,2.4,12,733.8,0
2017-12-13 14:45:59,3,29,22.6,64,3.9,998.3,2.0,2.4,8,733.8,0
2017-12-13 14:48:59,3,29,22.6,64,3.8,998.2,1.0,1.7,4,733.8,0
2017-12-13 14:51:59,3,29,22.6,64,3.8,998.2,2.7,3.7,1,733.8,0
2017-12-13 14:54:59,3,29,22.6,64,3.8,998.1,3.7,5.1,6,733.8,0
2017-12-13 14:57:59,3,29,22.6,64,3.9,998.0,2.0,2.7,7,733.8,0
2017-12-13 15:00:59,3,29,22.6,64,3.9,997.9,1.4,1.4,5,733.8,0
2017-12-13 15:03:59,3,29,22.6,64,3.9,997.8,1.4,1.4,5,733.8,0
2017-12-13 15:06:59,3,29,22.6,64,3.8,997.8,1.7,2.0,10,733.8,0
2017-12-13 15:09:59,3,28,22.6,63,3.8,997.6,2.0,2.7,4,733.8,0
2017-12-13 15:12:59,3,28,22.6,63,3.9,997.6,2.4,3.4,10,733.8,0
2017-12-13 15:15:59,3,28,22.6,63,3.9,997.5,2.4,3.7,10,733.8,0
2017-12-13 15:18:59,3,28,22.6,63,3.9,997.5,1.4,2.4,8,733.8,0
2017-12-13 15:21:59,3,28,22.4,63,3.9,997.3,1.0,1.7,12,733.8,0
2017-12-13 15:24:59,3,29,22.3,63,3.9,997.3,2.7,3.4,10,733.8,0
2017-12-13 15:27:59,3,29,22.3,62,4.0,997.1,4.1,5.8,7,733.8,0
2017-12-13 15:30:59,3,29,22.3,62,4.0,997.0,2.4,3.1,8,733.8,0
2017-12-13 15:33:59,3,29,22.3,62,4.0,996.9,1.4,2.0,9,733.8,0
2017-12-13 15:36:59,3,28,22.5,62,4.0,996.8,2.0,2.7,10,733.8,0
2017-12-13 15:39:59,3,28,22.5,62,4.1,996.8,2.0,3.4,9,733.8,0
2017-12-13 15:42:59,3,28,22.5,62,4.1,996.7,2.0,4.1,6,733.8,0
2017-12-13 15:45:59,3,28,22.6,61,4.2,996.6,2.0,2.7,0,733.8,0
2017-12-13 15:48:59,3,28,22.6,61,4.2,996.6,1.7,2.7,8,733.8,0
2017-12-13 15:51:59,3,28,22.6,61,4.2,996.6,2.4,3.1,8,733.8,0
2017-12-13 15:54:59,3,28,22.6,61,4.3,996.5,2.0,3.1,8,733.8,0
2017-12-13 15:57:59,3,28,22.4,61,4.3,996.3,3.4,5.8,8,733.8,0
2017-12-13 16:00:59,3,28,22.3,60,4.4,996.3,1.7,2.4,8,733.8,0
2017-12-13 16:03:59,3,28,22.2,60,4.4,996.1,2.4,3.1,6,733.8,0
2017-12-13 16:06:59,3,28,22.2,61,4.3,996.0,2.4,6.8,8,733.8,0
2017-12-13 16:09:59,3,29,22.1,60,4.3,996.1,1.7,2.0,4,733.8,0
2017-12-13 16:12:59,3,29,22.0,60,4.3,996.0,1.4,3.7,8,733.8,0
2017-12-13 16:15:59,3,30,21.9,60,4.3,995.9,3.7,5.8,7,733.8,0
2017-12-13 16:18:59,3,30,21.9,60,4.4,995.9,3.1,5.1,8,733.8,0
2017-12-13 16:21:59,3,30,21.9,60,4.4,995.8,3.1,4.8,8,733.8,0
2017-12-13 16:24:59,3,30,21.8,60,4.4,995.8,2.4,2.7,8,733.8,0
2017-12-13 16:27:59,3,30,21.8,60,4.4,995.6,1.4,2.0,14,733.8,0
2017-12-13 16:30:59,3,30,21.8,60,4.4,995.6,2.0,2.7,9,733.8,0
2017-12-13 16:33:59,3,30,21.8,60,4.4,995.5,2.4,2.7,2,733.8,0
2017-12-13 16:36:59,3,30,21.7,60,4.5,995.6,3.4,4.4,8,733.8,0
2017-12-13 16:39:59,3,30,21.7,60,4.5,995.6,3.1,3.7,6,733.8,0
2017-12-13 16:42:59,3,30,21.6,59,4.6,995.4,2.0,3.4,8,733.8,0
2017-12-13 16:45:59,3,30,21.6,59,4.6,995.4,2.0,3.1,2,733.8,0
2017-12-13 16:48:59,3,30,21.6,59,4.6,995.2,1.7,2.7,11,733.8,0
2017-12-13 16:51:59,3,30,21.5,59,4.6,995.4,3.1,4.8,8,733.8,0
2017-12-13 16:54:59,3,30,21.5,60,4.6,995.1,2.0,3.1,8,733.8,0
2017-12-13 16:57:59,3,30,21.4,61,4.4,995.1,3.1,4.1,12,733.8,0
2017-12-13 17:00:59,3,30,21.4,61,4.3,995.0,2.4,4.1,2,733.8,0
2017-12-13 17:03:59,3,30,21.3,61,4.3,994.9,2.4,4.1,2,733.8,0
2017-12-13 17:06:59,3,30,21.3,63,4.1,994.8,4.8,7.8,6,733.8,0
2017-12-13 17:09:59,3,31,21.3,65,4.0,994.8,4.1,4.8,8,733.8,0
2017-12-13 17:12:59,3,31,21.2,67,3.7,994.7,3.7,4.8,8,733.8,0
2017-12-13 17:15:59,3,31,21.2,69,3.7,994.7,3.1,3.7,2,733.8,0
2017-12-13 17:18:59,3,31,21.2,70,3.4,994.6,3.1,3.7,8,733.8,0
2017-12-13 17:21:59,3,31,21.1,72,3.2,994.5,2.4,3.1,9,733.8,0
2017-12-13 17:24:59,3,31,21.1,73,3.1,994.4,3.7,5.4,8,734.1,0
2017-12-13 17:27:59,3,31,21.1,74,3.0,994.4,2.0,3.4,6,734.1,0
2017-12-13 17:30:59,3,31,21.0,75,3.0,994.3,3.4,5.4,0,734.1,0
2017-12-13 17:33:59,3,31,21.0,76,2.9,994.2,2.0,2.4,8,734.1,0
2017-12-13 17:36:59,3,31,21.0,77,2.8,994.2,2.4,3.1,8,734.1,0
2017-12-13 17:39:59,3,31,21.0,77,2.8,994.2,1.0,1.4,8,734.1,0
2017-12-13 17:42:59,3,32,20.9,78,2.8,994.1,3.4,4.1,6,734.1,0
2017-12-13 17:45:59,3,32,20.9,79,2.8,994.0,2.0,2.7,8,734.1,0
2017-12-13 17:48:59,3,32,20.9,79,2.8,993.9,1.4,2.0,8,734.1,0
2017-12-13 17:51:59,3,32,20.9,79,2.8,993.8,2.0,3.1,8,734.4,0
2017-12-13 17:54:59,3,32,20.9,78,2.8,993.7,2.4,3.4,6,734.4,0
2017-12-13 17:57:59,3,32,20.9,78,2.9,993.7,1.7,3.7,6,734.4,0
2017-12-13 18:00:59,3,32,20.9,77,3.0,993.6,2.0,2.7,8,734.4,0
2017-12-13 18:03:59,3,32,20.8,77,3.0,993.5,2.7,3.4,10,734.4,0
2017-12-13 18:06:59,3,32,20.8,76,3.0,993.4,4.1,6.5,8,734.4,0
2017-12-13 18:09:59,3,32,20.8,76,3.0,993.4,1.0,1.7,8,734.4,0
2017-12-13 18:12:59,3,33,20.7,76,3.0,993.3,2.0,2.7,8,734.4,0
2017-12-13 18:15:59,3,33,20.7,76,3.0,993.3,2.0,3.1,10,734.4,0
2017-12-13 18:18:59,3,33,20.7,76,3.0,993.1,2.0,2.7,2,734.4,0
2017-12-13 18:21:59,3,33,20.7,76,3.0,993.1,3.1,4.1,6,734.4,0
2017-12-13 18:24:59,3,33,20.7,76,3.0,993.1,2.4,3.7,6,734.4,0
2017-12-13 18:27:59,3,33,20.7,77,2.9,993.1,2.7,4.1,8,734.4,0
2017-12-13 18:30:59,3,33,20.7,77,2.9,993.0,2.0,3.4,8,734.4,0
2017-12-13 18:33:59,3,33,20.7,78,2.8,992.8,3.4,4.8,10,734.7,0
2017-12-13 18:36:59,3,33,20.7,79,2.8,992.7,1.7,2.4,8,734.7,0
2017-12-13 18:39:59,3,33,20.7,79,2.7,992.7,5.1,7.1,7,734.7,0
2017-12-13 18:42:59,3,33,20.7,80,2.6,992.7,3.7,4.8,12,734.7,0
2017-12-13 18:45:59,3,33,20.6,80,2.6,992.5,3.1,3.7,9,734.7,0
2017-12-13 18:48:59,3,33,20.6,80,2.5,992.5,3.1,5.8,8,734.7,0
2017-12-13 18:51:59,3,33,20.7,80,2.5,992.4,3.1,5.8,8,734.7,0
2017-12-13 18:54:59,3,33,20.7,81,2.5,992.3,2.7,4.4,8,734.7,0
2017-12-13 18:57:59,3,33,20.6,81,2.4,992.4,1.0,1.7,10,734.7,0
2017-12-13 19:00:59,3,33,20.6,81,2.3,992.4,2.4,3.7,0,735.0,0
2017-12-13 19:03:59,3,33,20.6,81,2.3,992.3,2.4,3.7,0,735.0,0
2017-12-13 19:06:59,3,33,20.6,81,2.2,992.1,1.0,1.4,0,735.0,0
2017-12-13 19:09:59,3,33,20.6,81,2.1,992.1,2.0,3.4,10,735.0,0
2017-12-13 19:12:59,3,33,20.6,82,2.1,992.0,4.1,5.4,8,735.0,0
2017-12-13 19:15:59,3,33,20.6,82,2.0,992.1,2.0,2.7,6,735.0,0
2017-12-13 19:18:59,3,33,20.6,82,2.0,991.9,2.0,2.7,8,735.3,0
2017-12-13 19:21:59,3,33,20.6,82,2.0,991.9,2.0,3.1,2,735.3,0
2017-12-13 19:24:59,3,33,20.6,82,2.0,991.8,2.0,3.1,12,735.3,0
2017-12-13 19:27:59,3,33,20.6,83,2.0,991.8,4.1,5.1,8,735.3,0
2017-12-13 19:30:59,3,33,20.6,83,2.0,991.6,2.4,3.4,8,735.3,0
2017-12-13 19:33:59,3,33,20.6,83,2.0,991.5,2.0,3.1,10,735.3,0
2017-12-13 19:36:59,3,33,20.6,83,2.0,991.5,1.0,1.7,8,735.3,0
2017-12-13 19:39:59,3,33,20.6,83,1.9,991.5,1.7,2.7,8,735.3,0
2017-12-13 19:42:59,3,33,20.6,83,1.9,991.4,0.7,1.4,5,735.3,0
2017-12-13 19:45:59,3,33,20.6,83,1.9,991.3,1.7,2.4,6,735.3,0
2017-12-13 19:48:59,3,33,20.5,83,1.8,991.3,2.4,4.1,6,735.3,0
2017-12-13 19:51:59,3,33,20.5,83,1.8,991.2,3.1,4.1,8,735.6,0
2017-12-13 19:54:59,3,33,20.5,83,1.8,991.1,3.1,4.1,10,735.6,0
2017-12-13 19:57:59,3,33,20.5,84,1.8,991.0,2.7,4.8,10,735.6,0
2017-12-13 20:00:59,3,33,20.5,84,1.8,990.9,2.7,3.4,8,735.6,0
2017-12-13 20:03:59,3,33,20.5,84,1.8,990.9,3.4,4.4,8,735.6,0
2017-12-13 20:06:59,3,33,20.5,84,1.8,990.9,3.1,4.4,6,735.6,0
2017-12-13 20:09:59,3,33,20.5,84,1.8,990.8,3.7,4.4,2,735.6,0
2017-12-13 20:12:59,3,33,20.5,84,1.8,990.7,3.1,4.8,8,735.9,0
2017-12-13 20:15:59,3,33,20.5,84,1.8,990.6,2.4,4.8,8,735.9,0
2017-12-13 20:18:59,3,33,20.5,84,1.8,990.6,1.7,2.7,6,735.9,0
2017-12-13 20:21:59,3,33,20.5,84,1.8,990.5,2.7,3.7,8,735.9,0
2017-12-13 20:24:59,3,33,20.5,84,1.9,990.4,3.7,4.8,8,735.9,0
2017-12-13 20:27:59,3,33,20.5,84,1.9,990.5,2.4,3.4,6,735.9,0
2017-12-13 20:30:59,3,33,20.5,84,1.9,990.4,2.4,3.1,0,735.9,0
2017-12-13 20:33:59,3,33,20.5,84,1.9,990.4,1.0,2.7,8,735.9,0
2017-12-13 20:36:59,3,33,20.5,84,1.9,990.3,3.1,5.1,12,736.2,0
2017-12-13 20:39:59,3,33,20.5,84,1.9,990.4,1.0,2.0,9,736.2,0
2017-12-13 20:42:59,3,33,20.4,84,1.9,990.2,3.1,4.8,8,736.2,0
2017-12-13 20:45:59,3,33,20.4,84,1.9,990.2,2.0,2.7,8,736.2,0
2017-12-13 20:48:59,3,33,20.4,84,1.9,990.0,0.7,1.4,10,736.2,0
2017-12-13 20:51:59,3,33,20.4,84,1.9,990.0,2.0,2.7,8,736.2,0
2017-12-13 20:54:59,3,33,20.4,84,1.9,990.0,4.1,6.1,8,736.5,0
2017-12-13 20:57:59,3,33,20.4,84,1.9,989.8,2.0,3.1,2,736.5,0
2017-12-13 21:00:59,3,33,20.4,84,1.9,989.8,3.1,4.4,5,736.5,0
2017-12-13 21:03:59,3,33,20.4,84,1.9,989.7,3.1,4.4,5,736.5,0
2017-12-13 21:06:59,3,33,20.4,84,1.9,989.6,4.1,5.4,8,736.8,0
2017-12-13 21:09:59,3,33,20.4,84,2.0,989.6,3.4,4.1,10,736.8,0
2017-12-13 21:12:59,3,33,20.4,84,2.0,989.4,2.4,3.1,0,736.8,0
2017-12-13 21:15:59,3,33,20.4,84,2.0,989.5,1.4,1.7,8,736.8,0
2017-12-13 21:18:59,3,33,20.4,84,2.0,989.3,2.0,3.4,12,737.1,0
2017-12-13 21:21:59,3,33,20.4,84,2.0,989.2,1.7,2.4,4,737.1,0
2017-12-13 21:24:59,3,33,20.4,84,2.0,989.2,1.7,3.1,8,737.1,0
2017-12-13 21:27:59,3,33,20.4,84,2.0,989.0,3.4,4.1,8,737.1,0
2017-12-13 21:30:59,3,33,20.4,84,2.0,989.0,1.4,2.0,10,737.1,0
2017-12-13 21:33:59,3,33,20.4,85,2.0,988.8,3.1,4.8,8,737.1,0
2017-12-13 21:36:59,3,33,20.4,85,2.1,988.8,1.4,2.0,14,737.1,0
2017-12-13 21:39:59,3,33,20.4,85,2.1,988.7,1.0,1.4,8,737.1,0
2017-12-13 21:42:59,3,33,20.3,85,2.1,988.5,2.0,3.1,6,737.1,0
2017-12-13 21:45:59,3,33,20.3,85,2.1,988.4,1.4,2.0,12,737.1,0
2017-12-13 21:48:59,3,33,20.3,85,2.1,988.3,3.4,4.8,4,737.1,0
2017-12-13 21:51:59,3,33,20.3,85,2.2,988.3,2.0,2.7,8,737.1,0
2017-12-13 21:54:59,3,33,20.3,85,2.2,988.1,1.7,2.7,10,737.1,0
2017-12-13 21:57:59,3,33,20.3,84,2.2,988.1,2.0,2.7,8,737.1,0
2017-12-13 22:00:59,3,33,20.2,84,2.2,988.0,1.4,2.0,5,737.1,0
2017-12-13 22:03:59,3,33,20.3,84,2.2,987.9,0.7,1.4,7,737.1,0
2017-12-13 22:06:59,3,33,20.2,84,2.2,987.7,0.7,1.0,0,737.1,0
2017-12-13 22:09:59,3,33,20.2,84,2.2,987.8,2.0,2.7,0,737.1,0
2017-12-13 22:12:59,3,33,20.2,84,2.2,987.7,1.7,2.4,4,737.1,0
2017-12-13 22:15:59,3,33,20.2,84,2.2,987.7,3.4,4.8,8,737.1,0
2017-12-13 22:18:59,3,33,20.2,84,2.2,987.5,2.0,3.4,8,737.1,0
2017-12-13 22:21:59,3,33,20.1,84,2.3,987.6,1.0,1.7,6,737.1,0
2017-12-13 22:24:59,3,33,20.1,84,2.3,987.4,1.4,2.0,7,737.1,0
2017-12-13 22:27:59,3,33,20.1,84,2.3,987.3,3.1,4.8,7,737.1,0
2017-12-13 22:30:59,3,33,20.1,84,2.3,987.2,2.7,4.1,6,737.1,0
2017-12-13 22:33:59,3,33,20.1,84,2.3,987.4,2.7,3.7,5,737.1,0
2017-12-13 22:36:59,3,33,20.1,84,2.3,987.3,3.7,4.8,9,737.1,0
2017-12-13 22:39:59,3,33,20.0,83,2.3,987.1,2.7,3.4,8,737.1,0
2017-12-13 22:42:59,3,33,20.0,83,2.4,987.0,1.4,2.0,8,737.1,0
2017-12-13 22:45:59,3,33,20.0,83,2.4,987.0,2.0,2.7,10,737.1,0
2017-12-13 22:48:59,3,33,20.0,83,2.4,986.9,1.7,2.7,14,737.1,0
2017-12-13 22:51:59,3,33,20.0,83,2.4,986.8,1.4,2.7,14,737.1,0
2017-12-13 22:54:59,3,34,19.9,83,2.4,986.7,1.4,1.7,4,737.1,0
2017-12-13 22:57:59,3,34,19.9,83,2.4,986.6,1.4,1.7,14,737.1,0
2017-12-13 23:00:59,3,34,19.9,83,2.4,986.6,0.7,1.0,6,737.1,0
2017-12-13 23:03:59,3,34,19.8,83,2.4,986.4,0.7,1.0,6,737.1,0
2017-12-13 23:06:59,3,34,19.8,83,2.4,986.4,2.4,3.4,2,737.1,0
2017-12-13 23:09:59,3,34,19.8,82,2.4,986.3,2.4,3.7,8,737.1,0
2017-12-13 23:12:59,3,34,19.8,82,2.4,986.1,2.0,3.1,8,737.1,0
2017-12-13 23:15:59,3,34,19.8,82,2.4,986.1,1.7,3.7,8,737.1,0
2017-12-13 23:18:59,3,34,19.7,82,2.5,986.2,1.0,1.7,4,737.1,0
2017-12-13 23:21:59,3,34,19.7,82,2.4,986.0,1.4,1.7,8,737.1,0
2017-12-13 23:24:59,3,34,19.7,82,2.4,985.9,3.7,4.8,6,737.1,0
2017-12-13 23:27:59,3,34,19.7,82,2.4,985.8,4.1,6.5,8,737.1,0
2017-12-13 23:30:59,3,34,19.7,82,2.4,985.7,3.1,3.7,12,737.1,0
2017-12-13 23:33:59,3,34,19.6,82,2.4,985.7,1.4,2.4,6,737.1,0
2017-12-13 23:36:59,3,34,19.6,82,2.4,985.4,2.0,2.7,4,737.1,0
2017-12-13 23:39:59,3,34,19.6,82,2.4,985.4,2.0,3.1,8,737.1,0
2017-12-13 23:42:59,3,34,19.6,82,2.4,985.2,2.4,2.7,8,737.1,0
2017-12-13 23:45:59,3,34,19.6,81,2.4,985.1,2.0,2.7,8,737.1,0
2017-12-13 23:48:59,3,34,19.5,81,2.4,984.9,0.7,1.0,2,737.1,0
2017-12-13 23:51:59,3,34,19.5,81,2.4,984.7,1.0,1.4,10,737.1,0
2017-12-13 23:54:59,3,34,19.5,81,2.5,984.6,2.0,2.7,4,737.1,0
2017-12-13 23:57:59,3,34,19.5,81,2.5,984.6,2.7,3.4,8,737.1,0
