2017-12-21 00:01:00,3,36,19.8,90,5.1,1023.1,0.7,1.0,10,746.7,0
2017-12-21 00:04:00,3,36,19.8,90,5.1,1022.8,1.0,1.4,8,746.7,0
2017-12-21 00:07:00,3,36,19.8,90,5.1,1022.6,0.7,1.0,8,746.7,0
2017-12-21 00:10:00,3,36,19.8,90,5.0,1022.6,0.7,1.0,12,746.7,0
2017-12-21 00:13:00,3,36,19.8,90,5.0,1022.6,1.0,1.4,12,746.7,0
2017-12-21 00:16:00,3,36,19.8,90,5.0,1022.7,0.7,1.0,12,746.7,0
2017-12-21 00:19:00,3,36,19.7,90,5.0,1022.7,1.0,1.4,8,746.7,0
2017-12-21 00:22:00,3,36,19.7,90,5.1,1022.6,0.7,1.4,9,746.7,0
2017-12-21 00:25:00,3,36,19.7,90,5.1,1022.6,1.4,2.0,8,746.7,0
2017-12-21 00:28:00,3,36,19.7,91,5.1,1022.5,1.0,1.4,10,746.7,0
2017-12-21 00:31:00,3,36,19.7,91,5.1,1022.5,0.7,1.0,9,746.7,0
2017-12-21 00:34:00,3,36,19.7,91,5.1,1022.4,0.3,0.7,9,746.7,0
2017-12-21 00:37:00,3,36,19.6,91,5.1,1022.3,0.3,0.7,8,746.7,0
2017-12-21 00:40:00,3,36,19.6,91,5.1,1022.4,0.7,1.0,10,746.7,0
2017-12-21 00:43:00,3,36,19.6,91,5.1,1022.4,1.0,1.4,10,746.7,0
2017-12-21 00:46:00,3,36,19.6,91,5.1,1022.4,0.7,1.0,10,746.7,0
2017-12-21 00:49:00,3,36,19.6,91,5.2,1022.2,0.7,1.0,8,746.7,0
2017-12-21 00:52:00,3,36,19.6,91,5.2,1022.3,0.7,1.4,10,746.7,0
2017-12-21 00:55:00,3,36,19.6,91,5.2,1022.2,1.0,1.7,10,746.7,0
2017-12-21 00:58:00,3,36,19.5,91,5.2,1022.2,1.0,1.0,12,746.7,0
2017-12-21 01:01:00,3,36,19.5,91,5.3,1022.1,1.0,1.4,10,746.7,0
2017-12-21 01:04:00,3,36,19.5,91,5.3,1022.1,1.0,1.4,10,746.7,0
2017-12-21 01:07:00,3,36,19.5,91,5.3,1022.2,1.0,1.4,10,746.7,0
2017-12-21 01:10:00,3,36,19.4,91,5.3,1022.0,1.0,1.4,10,746.7,0
2017-12-21 01:13:00,3,36,19.4,91,5.3,1022.2,1.4,2.0,9,746.7,0
2017-12-21 01:16:00,3,36,19.4,91,5.3,1022.3,0.7,1.0,14,746.7,0
2017-12-21 01:19:00,3,36,19.4,91,5.4,1022.2,1.0,1.7,9,746.7,0
2017-12-21 01:22:00,3,36,19.3,91,5.4,1022.2,1.0,1.4,10,746.7,0
2017-12-21 01:25:00,3,36,19.3,91,5.4,1022.1,0.7,1.4,10,746.7,0
2017-12-21 01:28:00,3,36,19.3,91,5.4,1022.1,1.0,1.4,10,746.7,0
2017-12-21 01:31:00,3,36,19.3,91,5.4,1022.1,0.7,1.0,10,746.7,0
2017-12-21 01:34:00,3,36,19.3,91,5.4,1022.0,0.3,0.7,8,746.7,0
2017-12-21 01:37:00,3,36,19.2,91,5.4,1022.0,1.0,1.4,10,746.7,0
2017-12-21 01:40:00,3,36,19.2,91,5.4,1022.1,1.7,2.0,10,746.7,0
2017-12-21 01:43:00,3,36,19.2,91,5.5,1022.1,0.7,1.0,10,746.7,0
2017-12-21 01:46:00,3,36,19.2,91,5.5,1022.0,1.0,1.4,10,746.7,0
2017-12-21 01:49:00,3,36,19.2,91,5.5,1022.1,1.4,1.7,10,747.0,0
2017-12-21 01:52:00,3,36,19.2,91,5.5,1022.1,1.0,1.4,12,747.0,0
2017-12-21 01:55:00,3,36,19.2,91,5.5,1022.1,2.0,2.7,10,747.0,0
2017-12-21 01:58:00,3,36,19.2,91,5.5,1022.0,1.4,2.0,10,747.0,0
2017-12-21 02:01:00,3,36,19.1,91,5.5,1022.0,0.7,1.0,10,747.0,0
2017-12-21 02:04:00,3,36,19.1,91,5.5,1021.9,1.0,1.4,10,747.0,0
2017-12-21 02:07:00,3,36,19.1,91,5.6,1021.9,1.0,1.0,10,747.0,0
2017-12-21 02:10:00,3,36,19.1,91,5.6,1021.9,1.0,1.4,10,747.0,0
2017-12-21 02:13:00,3,36,19.1,91,5.6,1021.8,0.7,1.0,10,747.0,0
2017-12-21 02:16:00,3,36,19.1,91,5.6,1021.8,0.7,1.0,10,747.0,0
2017-12-21 02:19:00,3,36,19.1,91,5.6,1021.7,1.0,1.4,11,747.0,0
2017-12-21 02:22:00,3,36,19.1,91,5.6,1021.9,0.3,0.7,8,747.0,0
2017-12-21 02:25:00,3,36,19.1,91,5.7,1021.9,1.0,1.4,10,747.0,0
2017-12-21 02:28:00,3,36,19.0,91,5.7,1021.7,0.7,1.0,10,747.0,0
2017-12-21 02:31:00,3,36,19.0,91,5.7,1021.6,0.7,1.0,10,747.0,0
2017-12-21 02:34:00,3,36,19.0,91,5.7,1021.5,0.7,1.0,10,747.0,0
2017-12-21 02:37:00,3,36,19.0,91,5.7,1021.5,0.7,1.0,10,747.0,0
2017-12-21 02:40:00,3,36,19.0,91,5.7,1021.5,0.7,1.4,8,747.0,0
2017-12-21 02:43:00,3,36,19.0,91,5.7,1021.6,0.7,1.0,10,747.0,0
2017-12-21 02:46:00,3,36,19.0,91,5.8,1021.5,1.7,2.4,10,747.0,0
2017-12-21 02:49:00,3,37,18.9,91,5.8,1021.4,1.0,1.7,10,747.0,0
2017-12-21 02:52:00,3,37,18.9,91,5.8,1021.5,1.4,1.7,8,747.0,0
2017-12-21 02:55:00,3,37,18.9,91,5.8,1021.5,1.0,1.7,8,747.0,0
2017-12-21 02:58:00,3,37,18.9,91,5.8,1021.5,0.7,1.0,10,747.0,0
2017-12-21 03:01:00,3,37,18.9,91,5.9,1021.5,0,0,12,747.0,0
2017-12-21 03:04:00,3,37,18.9,91,5.9,1021.5,0,0,12,747.0,0
2017-12-21 03:07:00,3,37,18.8,91,5.9,1021.3,0,0,12,747.0,0
2017-12-21 03:10:00,3,37,18.8,91,5.9,1021.3,3.1,3.7,12,747.0,0
2017-12-21 03:13:00,3,37,18.8,91,5.9,1021.5,1.7,2.0,10,747.0,0
2017-12-21 03:16:00,3,37,18.8,91,5.9,1021.4,0.7,1.0,10,747.0,0
2017-12-21 03:19:00,3,37,18.8,91,5.9,1021.4,0.3,0.7,10,747.0,0
2017-12-21 03:22:00,3,37,18.8,91,5.9,1021.3,0.7,1.0,12,747.0,0
2017-12-21 03:25:00,3,37,18.8,91,5.9,1021.4,0.3,1.0,10,747.0,0
2017-12-21 03:28:00,3,37,18.8,91,5.9,1021.3,0.7,1.4,10,747.0,0
2017-12-21 03:31:00,3,37,18.7,91,5.9,1021.3,0.7,1.0,12,747.0,0
2017-12-21 03:34:00,3,37,18.7,91,5.9,1021.3,1.0,1.4,10,747.0,0
2017-12-21 03:37:00,3,37,18.6,91,5.9,1021.2,1.4,2.0,8,747.0,0
2017-12-21 03:40:00,3,37,18.6,91,5.9,1021.3,0.7,1.0,10,747.0,0
2017-12-21 03:43:00,3,37,18.6,92,6.0,1021.1,1.0,1.4,10,747.0,0
2017-12-21 03:46:00,3,37,18.6,92,6.0,1021.2,0.7,1.0,11,747.0,0
2017-12-21 03:49:00,3,37,18.6,92,6.0,1021.3,1.0,1.7,9,747.0,0
2017-12-21 03:52:00,3,37,18.6,92,6.0,1021.1,1.4,1.7,10,747.0,0
2017-12-21 03:55:00,3,37,18.6,92,6.0,1021.2,1.0,1.4,10,747.0,0
2017-12-21 03:58:00,3,37,18.6,92,6.0,1021.1,0.7,1.0,12,747.0,0
2017-12-21 04:01:00,3,37,18.6,92,6.0,1021.2,1.0,1.4,8,747.0,0
2017-12-21 04:04:00,3,37,18.5,92,6.0,1021.1,1.4,1.7,10,747.0,0
2017-12-21 04:07:00,3,37,18.5,92,6.0,1021.0,1.0,1.4,12,747.0,0
2017-12-21 04:10:00,3,37,18.5,92,6.1,1021.0,1.7,2.4,9,747.0,0
2017-12-21 04:13:00,3,37,18.5,92,6.1,1020.8,1.0,1.4,10,747.0,0
2017-12-21 04:16:00,3,37,18.6,92,6.1,1020.9,1.7,2.4,10,747.0,0
2017-12-21 04:19:00,3,37,18.5,92,6.1,1020.9,1.4,2.0,9,747.0,0
2017-12-21 04:22:00,3,37,18.5,92,6.1,1021.0,1.0,1.4,10,747.0,0
2017-12-21 04:25:00,3,37,18.5,92,6.1,1020.8,1.0,1.4,10,747.0,0
2017-12-21 04:28:00,3,37,18.5,92,6.1,1020.9,0.7,0.7,8,747.0,0
2017-12-21 04:31:00,3,37,18.4,92,6.1,1020.8,0.7,1.0,10,747.0,0
2017-12-21 04:34:00,3,37,18.4,92,6.2,1020.9,1.0,1.4,10,747.0,0
2017-12-21 04:37:00,3,37,18.4,92,6.2,1020.8,0.3,0.7,8,747.0,0
2017-12-21 04:40:00,3,37,18.4,92,6.2,1020.9,1.0,1.4,10,747.0,0
2017-12-21 04:43:00,3,37,18.4,92,6.2,1020.9,1.0,1.7,14,747.0,0
2017-12-21 04:46:00,3,37,18.4,92,6.2,1020.7,0.7,1.0,10,747.0,0
2017-12-21 04:49:00,3,37,18.4,92,6.2,1020.7,0.7,0.7,10,747.0,0
2017-12-21 04:52:00,3,37,18.4,92,6.2,1020.7,0.3,0.7,10,747.3,0
2017-12-21 04:55:00,3,37,18.4,92,6.3,1020.7,0.3,0.7,12,747.3,0
2017-12-21 04:58:00,3,37,18.4,92,6.3,1020.7,0.3,0.7,10,747.3,0
2017-12-21 05:01:00,3,37,18.4,92,6.3,1020.7,0.3,0.7,8,747.3,0
2017-12-21 05:04:00,3,37,18.4,92,6.3,1020.7,0.3,0.7,8,747.3,0
2017-12-21 05:07:00,3,37,18.4,92,6.3,1020.7,0.3,0.7,8,747.3,0
2017-12-21 05:10:00,3,37,18.4,92,6.4,1020.8,0.3,0.7,12,747.3,0
2017-12-21 05:13:00,3,37,18.5,92,6.4,1020.7,0.7,1.0,10,747.3,0
2017-12-21 05:16:00,3,37,18.5,92,6.4,1020.7,0.3,0.7,10,747.3,0
2017-12-21 05:19:00,3,37,18.5,92,6.4,1020.8,0.7,1.0,12,747.3,0
2017-12-21 05:22:00,3,37,18.5,92,6.4,1020.8,0.3,0.7,10,747.3,0
2017-12-21 05:25:00,3,38,18.6,92,6.4,1020.8,0.7,1.0,10,747.3,0
2017-12-21 05:28:00,3,38,18.6,92,6.4,1020.8,1.0,1.4,10,747.3,0
2017-12-21 05:31:00,3,38,18.6,92,6.5,1020.8,0.7,1.0,10,747.3,0
2017-12-21 05:34:00,3,38,18.7,92,6.5,1020.8,0.7,1.0,10,747.3,0
2017-12-21 05:37:00,3,38,18.8,92,6.5,1020.7,0.7,1.4,12,747.3,0
2017-12-21 05:40:00,3,38,18.8,92,6.5,1020.8,1.4,2.0,10,747.3,0
2017-12-21 05:43:00,3,38,18.9,92,6.5,1020.9,0.7,1.0,12,747.3,0
2017-12-21 05:46:00,3,38,18.9,92,6.5,1020.8,0.7,1.0,10,747.3,0
2017-12-21 05:49:00,3,37,19.0,92,6.5,1020.7,0.7,1.0,10,747.6,0
2017-12-21 05:52:00,3,37,19.0,92,6.5,1020.6,1.0,2.0,12,747.6,0
2017-12-21 05:55:00,3,37,19.1,92,6.5,1020.7,0.7,1.4,12,747.6,0
2017-12-21 05:58:00,3,37,19.1,92,6.6,1020.6,1.7,2.4,10,747.6,0
2017-12-21 06:01:00,3,37,19.2,92,6.6,1020.7,0.3,0.7,10,747.6,0
2017-12-21 06:04:00,3,37,19.2,92,6.6,1020.8,1.0,1.4,11,747.6,0
2017-12-21 06:07:00,3,37,19.2,92,6.6,1020.7,1.7,3.1,9,747.6,0
2017-12-21 06:10:00,3,37,19.2,92,6.6,1020.7,0.7,1.0,10,747.6,0
2017-12-21 06:13:00,3,37,19.3,92,6.6,1020.7,1.0,1.4,8,747.6,0
2017-12-21 06:16:00,3,37,19.3,92,6.6,1020.6,1.0,1.4,10,747.6,0
2017-12-21 06:19:00,3,37,19.3,92,6.6,1020.5,1.4,1.7,12,747.6,0
2017-12-21 06:22:00,3,37,19.3,92,6.6,1020.5,0.7,1.0,10,747.6,0
2017-12-21 06:25:00,3,37,19.4,92,6.6,1020.6,1.0,1.4,13,747.6,0
2017-12-21 06:28:00,3,37,19.5,92,6.6,1020.6,1.0,1.4,8,747.6,0
2017-12-21 06:31:00,3,37,19.5,92,6.7,1020.5,0.7,1.0,8,747.6,0
2017-12-21 06:34:00,3,37,19.5,92,6.7,1020.5,0.3,0.7,10,747.6,0
2017-12-21 06:37:00,3,37,19.5,92,6.7,1020.5,1.0,1.4,10,747.6,0
2017-12-21 06:40:00,3,37,19.6,92,6.7,1020.4,1.0,1.4,6,747.6,0
2017-12-21 06:43:00,3,38,19.6,92,6.7,1020.5,1.7,2.0,14,747.9,0
2017-12-21 06:46:00,3,38,19.6,92,6.7,1020.5,1.4,1.7,9,747.9,0
2017-12-21 06:49:00,3,38,19.6,92,6.8,1020.4,0.7,1.4,12,747.9,0
2017-12-21 06:52:00,3,38,19.6,92,6.8,1020.6,0.7,1.0,10,747.9,0
2017-12-21 06:55:00,3,38,19.7,92,6.8,1020.6,1.0,1.4,10,747.9,0
2017-12-21 06:58:00,3,38,19.7,92,6.8,1020.6,0.7,1.0,10,747.9,0
2017-12-21 07:01:00,3,38,19.7,92,6.8,1020.8,1.0,2.0,12,747.9,0
2017-12-21 07:04:00,3,38,19.7,92,6.8,1020.6,1.0,2.0,12,747.9,0
2017-12-21 07:07:00,3,38,19.7,92,6.8,1020.7,1.0,2.0,12,747.9,0
2017-12-21 07:10:00,3,38,19.7,92,6.8,1020.8,1.4,1.7,14,747.9,0
2017-12-21 07:13:00,3,38,19.7,92,6.8,1020.8,1.4,1.7,14,747.9,0
2017-12-21 07:16:00,3,38,19.7,93,6.8,1020.8,0.7,1.0,14,747.9,0
2017-12-21 07:19:00,3,38,19.8,92,6.8,1020.8,1.4,1.7,12,747.9,0
2017-12-21 07:22:00,3,38,19.8,93,6.8,1020.8,0.3,0.7,12,747.9,0
2017-12-21 07:25:00,3,38,19.8,93,6.8,1020.8,0.7,1.4,12,747.9,0
2017-12-21 07:28:00,3,39,19.8,93,6.8,1020.9,1.0,1.4,14,747.9,0
2017-12-21 07:31:00,3,41,19.8,93,6.8,1020.8,1.4,2.0,12,747.9,0
2017-12-21 07:34:00,3,41,19.9,93,6.9,1020.8,1.4,2.0,12,747.9,0
2017-12-21 07:37:00,3,40,20.0,93,6.9,1020.9,0.7,1.0,12,747.9,0
2017-12-21 07:40:00,3,40,20.1,93,6.9,1021.0,1.4,2.4,12,747.9,0
2017-12-21 07:43:00,3,40,20.4,93,6.9,1021.1,0.7,1.4,12,747.9,0
2017-12-21 07:46:00,3,38,20.5,93,6.9,1021.2,0.7,1.0,12,747.9,0
2017-12-21 07:49:00,3,38,20.7,93,6.9,1021.0,1.0,1.4,12,747.9,0
2017-12-21 07:52:00,3,37,20.7,93,7.0,1021.1,1.7,2.4,12,747.9,0
2017-12-21 07:55:00,3,37,20.9,93,7.0,1021.0,2.4,3.1,13,747.9,0
2017-12-21 07:58:00,3,36,21.0,93,7.0,1021.0,1.4,1.7,12,747.9,0
2017-12-21 08:01:00,3,35,21.1,93,7.0,1021.0,1.4,1.7,12,747.9,0
2017-12-21 08:04:00,3,35,21.2,93,7.0,1021.1,1.4,1.7,12,747.9,0
2017-12-21 08:07:00,3,35,21.2,93,7.0,1021.0,1.4,1.7,12,747.9,0
2017-12-21 08:10:00,3,34,21.3,,,1021.0,,,,747.9,2112
2017-12-21 08:13:00,3,34,21.3,,,1021.1,,,,747.9,2112
2017-12-21 08:16:00,3,34,21.3,,,1021.0,,,,747.9,2112
2017-12-21 08:19:00,3,34,21.2,,,1020.9,,,,747.9,2112
2017-12-21 08:22:00,3,34,21.1,,,1020.9,,,,747.9,2112
2017-12-21 08:25:00,3,34,21.1,,,1021.0,,,,747.9,2112
2017-12-21 08:28:00,3,35,21.0,,,1020.9,,,,747.9,2112
2017-12-21 08:31:00,3,35,21.0,,,1021.0,,,,747.9,2112
2017-12-21 08:34:00,3,36,20.9,,,1021.0,,,,747.9,2112
2017-12-21 08:37:00,3,36,20.9,,,1020.8,,,,747.9,2112
2017-12-21 08:40:00,3,36,20.9,,,1020.8,,,,747.9,2112
2017-12-21 08:43:00,3,36,20.8,,,1020.9,,,,747.9,2112
2017-12-21 08:46:00,3,36,20.8,,,1020.9,,,,747.9,2112
2017-12-21 08:49:00,3,36,20.7,,,1020.9,,,,747.9,2112
2017-12-21 08:52:00,3,36,20.7,,,1021.0,,,,747.9,2112
2017-12-21 08:55:00,3,36,20.7,,,1020.9,,,,747.9,2112
2017-12-21 08:58:00,3,37,20.7,,,1021.0,,,,747.9,2112
2017-12-21 09:01:00,3,37,20.7,,,1020.9,,,,747.9,2112
2017-12-21 09:04:00,3,37,20.6,,,1021.0,,,,747.9,2112
2017-12-21 09:07:00,3,37,20.6,,,1021.0,,,,747.9,2112
2017-12-21 09:10:00,3,37,20.6,,,1020.9,,,,747.9,2112
2017-12-21 09:13:00,3,37,20.6,,,1020.9,,,,747.9,2112
2017-12-21 09:16:00,3,37,20.6,,,1020.9,,,,747.9,2112
2017-12-21 09:19:00,3,37,20.5,,,1021.1,,,,747.9,2112
2017-12-21 09:22:00,3,37,20.5,,,1020.9,,,,747.9,2112
2017-12-21 09:25:00,3,37,20.5,,,1021.1,,,,747.9,2112
2017-12-21 09:28:00,3,37,20.5,,,1021.1,,,,747.9,2112
2017-12-21 09:31:00,3,38,20.5,,,1021.1,,,,747.9,2112
2017-12-21 09:34:00,3,38,20.5,,,1021.2,,,,747.9,2112
2017-12-21 09:37:00,3,38,20.5,,,1021.2,,,,747.9,2112
2017-12-21 09:40:00,3,38,20.5,,,1021.1,,,,747.9,2112
2017-12-21 09:43:00,3,38,20.5,,,1021.2,,,,747.9,2112
2017-12-21 09:46:00,3,38,20.5,,,1021.1,,,,747.9,2112
2017-12-21 09:49:00,3,38,20.5,,,1021.2,,,,747.9,2112
2017-12-21 09:52:00,3,38,20.5,,,1021.2,,,,747.9,2112
2017-12-21 09:55:00,3,38,20.5,,,1021.2,,,,747.9,2112
2017-12-21 09:58:00,3,38,20.5,,,1021.2,,,,747.9,2112
2017-12-21 10:01:00,3,38,20.4,,,1021.1,,,,747.9,2112
2017-12-21 10:04:00,3,38,20.5,,,1021.1,,,,747.9,2112
2017-12-21 10:07:00,3,38,20.4,,,1021.2,,,,747.9,2112
2017-12-21 10:10:00,3,38,20.4,,,1021.1,,,,747.9,2112
2017-12-21 10:13:00,3,38,20.4,,,1021.1,,,,747.9,2112
2017-12-21 10:16:00,3,38,20.4,,,1021.2,,,,747.9,2112
2017-12-21 10:19:00,3,38,20.4,,,1021.1,,,,747.9,2112
2017-12-21 10:22:00,3,38,20.4,,,1021.0,,,,747.9,2112
2017-12-21 10:25:00,3,38,20.4,,,1021.0,,,,747.9,2112
2017-12-21 10:28:00,3,38,20.4,,,1020.9,,,,747.9,2112
2017-12-21 10:31:00,3,38,20.4,,,1021.0,,,,747.9,2112
2017-12-21 10:34:00,3,38,20.3,,,1020.9,,,,747.9,2112
2017-12-21 10:37:00,3,38,20.3,,,1021.0,,,,747.9,2112
2017-12-21 10:40:00,3,39,20.3,,,1020.9,,,,747.9,2112
2017-12-21 10:43:00,3,41,20.3,,,1020.9,,,,747.9,2112
2017-12-21 10:46:00,3,41,20.3,,,1020.9,,,,747.9,2112
2017-12-21 10:49:00,3,41,20.4,,,1020.9,,,,747.9,2112
2017-12-21 10:52:00,3,41,20.5,,,1020.9,,,,747.9,2112
2017-12-21 10:55:00,3,40,20.7,,,1020.8,,,,747.9,2112
2017-12-21 10:58:00,3,40,20.9,,,1020.9,,,,747.9,2112
2017-12-21 11:01:00,3,39,21.0,,,1021.0,,,,747.9,2112
2017-12-21 11:04:00,3,38,21.1,,,1021.0,,,,747.9,2112
2017-12-21 11:07:00,3,38,21.2,,,1021.1,,,,747.9,2112
2017-12-21 11:10:00,3,38,21.2,,,1021.2,,,,747.9,2112
2017-12-21 11:13:00,3,37,21.3,,,1021.1,,,,747.9,2112
2017-12-21 11:16:00,3,37,21.3,,,1021.2,,,,747.9,2112
2017-12-21 11:19:00,3,37,21.4,,,1021.1,,,,747.9,2112
2017-12-21 11:22:00,3,37,21.5,,,1021.1,,,,747.9,2112
2017-12-21 11:25:00,3,36,21.5,,,1021.1,,,,747.9,2112
2017-12-21 11:28:00,3,36,21.5,,,1021.1,,,,747.9,2112
2017-12-21 11:31:00,3,36,21.5,,,1021.2,,,,747.9,2112
2017-12-21 11:34:00,3,36,21.3,,,1021.0,,,,747.9,2112
2017-12-21 11:37:00,3,36,21.3,,,1021.0,,,,747.9,2112
2017-12-21 11:40:00,3,37,21.3,,,1020.9,,,,747.9,2112
2017-12-21 11:43:00,3,37,21.2,,,1021.1,,,,747.9,2112
2017-12-21 11:46:00,3,37,21.2,,,1021.2,,,,747.9,2112
2017-12-21 11:49:00,3,37,21.2,,,1021.2,,,,747.9,2112
2017-12-21 11:52:00,3,37,21.1,,,1021.3,,,,747.9,2112
2017-12-21 11:55:00,3,37,21.1,,,1021.3,,,,747.9,2112
2017-12-21 11:58:00,3,37,21.1,,,1021.2,,,,747.9,2112
2017-12-21 12:01:00,3,37,21.1,,,1021.1,,,,747.9,2112
2017-12-21 12:04:00,3,37,21.0,,,1021.2,,,,747.9,2112
2017-12-21 12:07:00,3,37,21.0,,,1021.1,,,,747.9,2112
2017-12-21 12:10:00,3,37,21.0,,,1021.1,,,,747.9,2112
2017-12-21 12:13:00,3,38,20.9,,,1021.1,,,,747.9,2112
2017-12-21 12:16:00,3,38,20.9,,,1021.0,,,,747.9,2112
2017-12-21 12:19:00,3,38,20.9,,,1021.1,,,,747.9,2112
2017-12-21 12:22:00,3,38,20.8,,,1021.1,,,,747.9,2112
2017-12-21 12:25:00,3,38,20.7,,,1021.2,,,,747.9,2112
2017-12-21 12:28:00,3,38,20.7,,,1021.3,,,,747.9,2112
2017-12-21 12:31:00,3,38,20.7,,,1021.1,,,,747.9,2112
2017-12-21 12:34:00,3,38,20.7,,,1021.2,,,,747.9,2112
2017-12-21 12:37:00,3,38,20.6,,,1021.1,,,,747.9,2112
2017-12-21 12:40:00,3,38,20.6,,,1021.1,,,,747.9,2112
2017-12-21 12:43:00,3,39,20.6,,,1021.2,,,,747.9,2112
2017-12-21 12:46:00,3,39,20.6,,,1021.3,,,,747.9,2112
2017-12-21 12:49:00,3,39,20.6,,,1021.3,,,,747.9,2112
2017-12-21 12:52:00,3,39,20.6,,,1021.2,,,,747.9,2112
2017-12-21 12:55:00,3,39,20.6,,,1021.2,,,,747.9,2112
2017-12-21 12:58:00,3,40,20.6,,,1021.1,,,,747.9,2112
2017-12-21 13:01:00,3,40,20.6,,,1021.1,,,,747.9,2112
2017-12-21 13:04:00,3,40,20.6,,,1021.2,,,,747.9,2112
2017-12-21 13:07:00,3,40,20.6,,,1021.1,,,,747.9,2112
2017-12-21 13:10:00,3,40,20.6,,,1021.3,,,,747.9,2112
2017-12-21 13:13:00,3,40,20.6,,,1021.3,,,,747.9,2112
2017-12-21 13:16:00,3,40,20.6,,,1021.2,,,,747.9,2112
2017-12-21 13:19:00,3,40,20.6,,,1021.2,,,,747.9,2112
2017-12-21 13:22:00,3,40,20.6,,,1021.2,,,,747.9,2112
2017-12-21 13:25:00,3,40,20.6,,,1021.2,,,,747.9,2112
2017-12-21 13:28:00,3,40,20.6,,,1021.1,,,,747.9,2112
2017-12-21 13:31:00,3,40,20.6,,,1021.2,,,,747.9,2112
2017-12-21 13:34:00,3,40,20.6,,,1021.1,,,,747.9,2112
2017-12-21 13:37:00,3,40,20.6,,,1021.2,,,,747.9,2112
2017-12-21 13:40:00,3,40,20.7,,,1021.1,,,,747.9,2112
2017-12-21 13:43:00,3,40,20.7,,,1021.0,,,,747.9,2112
2017-12-21 13:46:00,3,41,20.7,,,1021.0,,,,747.9,2112
2017-12-21 13:49:00,3,42,20.7,,,1021.0,,,,747.9,2112
2017-12-21 13:52:00,3,41,20.9,,,1020.9,,,,747.9,2112
2017-12-21 13:55:00,3,40,21.0,,,1021.2,,,,747.9,2112
2017-12-21 13:58:00,3,39,21.2,,,1021.2,,,,747.9,2112
2017-12-21 14:01:00,3,39,21.4,,,1021.2,,,,747.9,2112
2017-12-21 14:04:00,3,39,21.5,,,1021.2,,,,747.9,2112
2017-12-21 14:07:00,3,38,21.6,,,1021.3,,,,747.9,2112
2017-12-21 14:10:00,3,38,21.7,,,1021.5,,,,747.9,2112
2017-12-21 14:13:00,3,37,21.7,,,1021.6,,,,747.9,2112
2017-12-21 14:16:00,3,37,21.8,,,1021.7,,,,747.9,2112
2017-12-21 14:19:00,3,37,21.8,,,1021.8,,,,747.9,2112
2017-12-21 14:22:00,3,36,21.9,,,1021.8,,,,747.9,2112
2017-12-21 14:25:00,3,36,21.9,,,1021.7,,,,747.9,2112
2017-12-21 14:28:00,3,35,22.0,,,1021.6,,,,747.9,2112
2017-12-21 14:31:00,3,35,22.1,,,1021.7,,,,747.9,2112
2017-12-21 14:34:00,3,35,22.2,,,1021.7,,,,747.9,2112
2017-12-21 14:37:00,3,35,22.2,,,1021.6,,,,747.9,2112
2017-12-21 14:40:00,3,34,22.2,,,1021.7,,,,747.9,2112
2017-12-21 14:43:00,3,34,22.3,,,1021.7,,,,747.9,2112
2017-12-21 14:46:00,3,34,22.3,,,1022.0,,,,747.9,2112
2017-12-21 14:49:00,3,34,22.3,,,1022.0,,,,747.9,2112
2017-12-21 14:52:00,3,34,22.3,,,1022.1,,,,747.9,2112
2017-12-21 14:55:00,3,34,22.3,,,1022.1,,,,747.9,2112
2017-12-21 14:58:00,3,34,22.3,,,1022.1,,,,747.9,2112
2017-12-21 15:01:00,3,34,22.4,,,1022.1,,,,747.9,2112
2017-12-21 15:04:00,3,34,22.4,,,1022.2,,,,747.9,2112
2017-12-21 15:07:00,3,34,22.5,,,1022.1,,,,747.9,2112
2017-12-21 15:10:00,3,34,22.5,,,1022.2,,,,747.9,2112
2017-12-21 15:13:00,3,34,22.5,,,1022.2,,,,747.9,2112
2017-12-21 15:16:00,3,34,22.6,,,1022.0,,,,747.9,2112
2017-12-21 15:19:00,3,33,22.6,,,1022.2,,,,747.9,2112
2017-12-21 15:22:00,3,33,22.6,,,1022.2,,,,747.9,2112
2017-12-21 15:25:00,3,33,22.7,,,1022.4,,,,747.9,2112
2017-12-21 15:28:00,3,33,22.7,,,1022.4,,,,747.9,2112
2017-12-21 15:31:00,3,33,22.7,,,1022.6,,,,747.9,2112
2017-12-21 15:34:00,3,33,22.8,,,1022.6,,,,747.9,2112
2017-12-21 15:37:00,3,33,22.9,,,1022.6,,,,747.9,2112
2017-12-21 15:40:00,3,34,23.0,,,1022.5,,,,747.9,2112
2017-12-21 15:43:00,3,34,23.0,,,1022.4,,,,747.9,2112
2017-12-21 15:46:00,3,34,23.0,,,1022.7,,,,747.9,2112
2017-12-21 15:49:00,3,34,23.0,,,1022.6,,,,747.9,2112
2017-12-21 15:52:00,3,34,23.0,,,1022.5,,,,747.9,2112
2017-12-21 15:55:00,3,34,23.0,,,1022.7,,,,747.9,2112
2017-12-21 15:58:00,3,34,23.0,,,1022.9,,,,747.9,2112
2017-12-21 16:01:00,3,34,23.0,,,1022.7,,,,747.9,2112
2017-12-21 16:04:00,3,34,23.1,,,1022.7,,,,747.9,2112
2017-12-21 16:07:00,3,34,23.1,,,1022.8,,,,747.9,2112
2017-12-21 16:10:00,3,34,23.1,,,1022.7,,,,747.9,2112
2017-12-21 16:13:00,3,33,23.1,,,1022.9,,,,747.9,2112
2017-12-21 16:16:00,3,33,23.1,,,1022.9,,,,747.9,2112
2017-12-21 16:19:00,3,33,23.1,,,1023.0,,,,747.9,2112
2017-12-21 16:22:00,3,33,23.2,,,1023.0,,,,747.9,2112
2017-12-21 16:25:00,3,33,23.3,,,1022.9,,,,747.9,2112
2017-12-21 16:28:00,3,33,23.4,,,1023.1,,,,747.9,2112
2017-12-21 16:31:00,3,33,23.3,,,1022.9,,,,747.9,2112
2017-12-21 16:34:00,3,33,23.2,,,1023.1,,,,747.9,2112
2017-12-21 16:37:00,3,33,23.1,,,1023.1,,,,747.9,2112
2017-12-21 16:40:00,3,33,23.0,,,1023.2,,,,747.9,2112
2017-12-21 16:43:00,3,33,22.9,,,1023.3,,,,747.9,2112
2017-12-21 16:46:00,3,33,22.7,,,1023.3,,,,747.9,2112
2017-12-21 16:49:00,3,33,22.7,,,1023.3,,,,747.9,2112
2017-12-21 16:52:00,3,33,22.6,,,1023.3,,,,747.9,2112
2017-12-21 16:55:00,3,33,22.6,,,1023.1,,,,747.9,2112
2017-12-21 16:58:00,3,33,22.5,,,1023.1,,,,747.9,2112
2017-12-21 17:01:00,3,33,22.5,,,1023.1,,,,747.9,2112
2017-12-21 17:04:00,3,34,22.4,,,1023.2,,,,747.9,2112
2017-12-21 17:07:00,3,34,22.3,,,1023.1,,,,747.9,2112
2017-12-21 17:10:00,3,34,22.3,,,1023.1,,,,747.9,2112
2017-12-21 17:13:00,3,34,22.2,,,1023.2,,,,747.9,2112
2017-12-21 17:16:00,3,34,22.2,,,1023.3,,,,747.9,2112
2017-12-21 17:19:00,3,34,22.2,,,1023.2,,,,747.9,2112
2017-12-21 17:22:00,3,34,22.1,,,1023.1,,,,747.9,2112
2017-12-21 17:25:00,3,34,22.1,,,1023.1,,,,747.9,2112
2017-12-21 17:28:00,3,34,22.1,,,1023.1,,,,747.9,2112
2017-12-21 17:31:00,3,34,22.0,,,1023.1,,,,747.9,2112
2017-12-21 17:34:00,3,35,21.9,,,1023.1,,,,747.9,2112
2017-12-21 17:37:00,3,36,21.9,,,1023.2,,,,747.9,2112
2017-12-21 17:40:00,3,36,21.8,,,1023.2,,,,747.9,2112
2017-12-21 17:43:00,3,36,21.8,,,1023.2,,,,747.9,2112
2017-12-21 17:46:00,3,36,21.8,,,1023.1,,,,747.9,2112
2017-12-21 17:49:00,3,36,21.8,,,1023.4,,,,747.9,2112
2017-12-21 17:52:00,3,36,21.8,,,1023.5,,,,747.9,2112
2017-12-21 17:55:00,3,36,21.7,,,1023.3,,,,747.9,2112
2017-12-21 17:58:00,3,36,21.7,,,1023.4,,,,747.9,2112
2017-12-21 18:01:00,3,36,21.6,,,1023.4,,,,747.9,2112
2017-12-21 18:04:00,3,36,21.6,,,1023.4,,,,747.9,2112
2017-12-21 18:07:00,3,36,21.6,,,1023.4,,,,747.9,2112
2017-12-21 18:10:00,3,36,21.6,,,1023.4,,,,747.9,2112
2017-12-21 18:13:00,3,36,21.6,,,1023.4,,,,747.9,2112
2017-12-21 18:16:00,3,36,21.5,,,1023.4,,,,747.9,2112
2017-12-21 18:19:00,3,36,21.5,,,1023.4,,,,747.9,2112
2017-12-21 18:22:00,3,36,21.5,,,1023.3,,,,747.9,2112
2017-12-21 18:25:00,3,37,21.5,82,5.7,1023.5,1.4,2.4,12,747.9,0
2017-12-21 18:28:00,3,37,21.5,82,5.7,1023.5,1.0,1.7,4,747.9,0
2017-12-21 18:31:00,3,37,21.5,82,5.7,1023.5,0.3,0.7,8,747.9,0
2017-12-21 18:34:00,3,37,21.4,82,5.7,1023.5,1.0,1.4,8,747.9,0
2017-12-21 18:37:00,3,37,21.4,83,5.6,1023.5,0.3,0.7,10,747.9,0
2017-12-21 18:40:00,3,37,21.3,83,5.6,1023.5,0.7,1.0,10,747.9,0
2017-12-21 18:43:00,3,37,21.3,83,5.6,1023.4,1.0,1.4,12,747.9,0
2017-12-21 18:46:00,3,37,21.3,83,5.6,1023.3,0.3,0.7,14,747.9,0
2017-12-21 18:49:00,3,37,21.3,83,5.6,1023.2,0.7,1.0,10,747.9,0
2017-12-21 18:52:00,3,37,21.3,83,5.6,1023.2,0.3,0.7,8,747.9,0
2017-12-21 18:55:00,3,37,21.3,83,5.6,1023.3,1.0,1.7,12,747.9,0
2017-12-21 18:58:00,3,37,21.3,83,5.6,1023.4,0.3,0.7,12,747.9,0
2017-12-21 19:01:00,3,37,21.3,83,5.6,1023.4,0.3,0.7,12,747.9,0
2017-12-21 19:04:00,3,37,21.3,83,5.6,1023.5,0.3,0.7,12,747.9,0
2017-12-21 19:07:00,3,37,21.3,83,5.6,1023.4,0.3,0.7,12,747.9,0
2017-12-21 19:10:00,3,37,21.3,83,5.6,1023.5,1.4,2.0,10,747.9,0
2017-12-21 19:13:00,3,37,21.2,83,5.6,1023.6,1.0,1.4,10,747.9,0
2017-12-21 19:16:00,3,37,21.2,83,5.6,1023.8,0.7,1.4,10,747.9,0
2017-12-21 19:19:00,3,37,21.2,83,5.6,1023.8,0.7,1.0,12,747.9,0
2017-12-21 19:22:00,3,37,21.2,83,5.6,1023.8,0.3,1.0,10,747.9,0
2017-12-21 19:25:00,3,37,21.2,83,5.5,1023.6,1.4,2.0,12,747.9,0
2017-12-21 19:28:00,3,37,21.2,83,5.5,1023.7,1.4,2.0,12,747.9,0
2017-12-21 19:31:00,3,37,21.2,83,5.5,1023.7,1.0,1.4,10,747.9,0
2017-12-21 19:34:00,3,37,21.2,83,5.5,1023.5,1.4,2.7,14,747.9,0
2017-12-21 19:37:00,3,37,21.2,83,5.5,1023.5,1.0,1.4,12,747.9,0
2017-12-21 19:40:00,3,37,21.2,83,5.4,1023.5,1.0,1.4,10,747.9,0
2017-12-21 19:43:00,3,37,21.2,83,5.4,1023.4,2.0,3.1,12,747.9,0
2017-12-21 19:46:00,3,38,21.2,83,5.4,1023.3,1.7,2.0,0,747.9,0
2017-12-21 19:49:00,3,38,21.2,83,5.3,1023.2,1.0,1.4,8,747.9,0
2017-12-21 19:52:00,3,38,21.2,83,5.3,1023.4,1.0,1.4,10,747.9,0
2017-12-21 19:55:00,3,37,21.2,83,5.3,1023.3,0.7,1.0,8,747.9,0
2017-12-21 19:58:00,3,37,21.2,83,5.3,1023.3,1.0,1.4,10,747.9,0
2017-12-21 20:01:00,3,37,21.1,83,5.2,1023.4,1.4,1.7,8,747.9,0
2017-12-21 20:04:00,3,37,21.1,83,5.2,1023.3,1.0,1.4,10,747.9,0
2017-12-21 20:07:00,3,37,21.1,83,5.2,1023.4,1.0,1.7,10,747.9,0
2017-12-21 20:10:00,3,37,21.1,83,5.2,1023.2,1.4,1.7,10,747.9,0
2017-12-21 20:13:00,3,37,21.1,83,5.2,1023.3,2.7,3.4,10,747.9,0
2017-12-21 20:16:00,3,37,21.1,83,5.2,1023.3,1.0,1.4,10,747.9,0
2017-12-21 20:19:00,3,37,21.1,83,5.2,1023.3,0,0.3,12,747.9,0
2017-12-21 20:22:00,3,37,21.1,83,5.2,1023.4,1.0,1.4,11,747.9,0
2017-12-21 20:25:00,3,37,21.1,83,5.2,1023.3,0.7,1.0,10,747.9,0
2017-12-21 20:28:00,3,38,21.1,83,5.2,1023.3,0.7,1.0,8,747.9,0
2017-12-21 20:31:00,3,38,21.1,83,5.2,1023.2,1.4,2.0,10,747.9,0
2017-12-21 20:34:00,3,38,21.1,84,5.2,1023.3,1.0,1.4,8,747.9,0
2017-12-21 20:37:00,3,38,21.1,84,5.3,1023.4,0.7,1.0,10,747.9,0
2017-12-21 20:40:00,3,38,21.1,84,5.3,1023.3,0.7,1.4,8,747.9,0
2017-12-21 20:43:00,3,37,21.1,84,5.3,1023.4,1.0,1.4,8,747.9,0
2017-12-21 20:46:00,3,37,21.1,84,5.4,1023.4,1.4,1.7,12,747.9,0
2017-12-21 20:49:00,3,37,21.1,84,5.4,1023.4,1.0,1.7,0,747.9,0
2017-12-21 20:52:00,3,37,21.1,84,5.4,1023.5,2.0,3.1,6,747.9,0
2017-12-21 20:55:00,3,38,21.1,84,5.4,1023.5,1.0,1.4,10,747.9,0
2017-12-21 20:58:00,3,38,21.1,84,5.4,1023.4,2.0,2.7,14,747.9,0
2017-12-21 21:01:00,3,38,21.1,84,5.5,1023.4,1.4,2.4,12,747.9,0
2017-12-21 21:04:00,3,38,21.1,84,5.5,1023.4,1.4,2.4,12,747.9,0
2017-12-21 21:07:00,3,37,21.1,84,5.5,1023.4,0.7,1.4,12,747.9,0
2017-12-21 21:10:00,3,37,21.1,84,5.5,1023.3,1.7,2.4,10,747.9,0
2017-12-21 21:13:00,3,37,21.1,84,5.4,1023.4,0.7,1.0,10,747.9,0
2017-12-21 21:16:00,3,37,21.1,84,5.4,1023.5,1.0,1.4,11,747.9,0
2017-12-21 21:19:00,3,37,21.1,84,5.4,1023.5,2.4,3.1,14,747.9,0
2017-12-21 21:22:00,3,37,21.1,84,5.4,1023.4,1.0,1.7,6,747.9,0
2017-12-21 21:25:00,3,37,21.0,84,5.4,1023.6,1.0,1.4,8,747.9,0
2017-12-21 21:28:00,3,37,21.0,84,5.4,1023.6,0.7,1.0,14,747.9,0
2017-12-21 21:31:00,3,37,21.0,84,5.4,1023.6,1.4,1.7,14,747.9,0
2017-12-21 21:34:00,3,37,21.0,84,5.4,1023.6,1.0,1.4,12,747.9,0
2017-12-21 21:37:00,3,37,21.0,84,5.4,1023.7,2.4,3.1,0,747.9,0
2017-12-21 21:40:00,3,37,21.0,84,5.4,1023.7,0.7,1.4,10,747.9,0
2017-12-21 21:43:00,3,37,21.0,84,5.4,1023.7,1.7,2.0,12,747.9,0
2017-12-21 21:46:00,3,37,21.0,84,5.4,1023.8,1.0,1.4,10,747.9,0
2017-12-21 21:49:00,3,37,21.0,84,5.4,1023.6,1.7,2.0,12,747.9,0
2017-12-21 21:52:00,3,37,21.0,84,5.5,1023.7,0.7,1.0,12,747.9,0
2017-12-21 21:55:00,3,38,20.9,84,5.5,1023.6,1.0,1.4,10,747.9,0
2017-12-21 21:58:00,3,38,20.9,84,5.5,1023.6,1.0,1.7,0,747.9,0
2017-12-21 22:01:00,3,38,20.9,84,5.5,1023.6,1.4,2.0,10,747.9,0
2017-12-21 22:04:00,3,38,20.9,84,5.5,1023.6,1.0,1.7,6,747.9,0
2017-12-21 22:07:00,3,38,20.9,84,5.5,1023.6,1.0,1.4,10,747.9,0
2017-12-21 22:10:00,3,38,20.9,84,5.5,1023.4,0.7,1.0,14,747.9,0
2017-12-21 22:13:00,3,38,20.9,84,5.5,1023.5,0.3,0.7,12,747.9,0
2017-12-21 22:16:00,3,38,20.8,84,5.5,1023.5,0.7,1.4,12,747.9,0
2017-12-21 22:19:00,3,38,20.8,84,5.5,1023.5,1.4,1.7,12,747.9,0
2017-12-21 22:22:00,3,38,20.7,84,5.5,1023.4,0.7,1.4,9,747.9,0
2017-12-21 22:25:00,3,38,20.7,84,5.5,1023.6,1.0,1.7,11,747.9,0
2017-12-21 22:28:00,3,38,20.7,84,5.5,1023.6,0.7,1.0,14,747.9,0
2017-12-21 22:31:00,3,38,20.7,84,5.5,1023.7,0.7,1.0,14,747.9,0
2017-12-21 22:34:00,3,38,20.7,84,5.5,1023.7,1.0,1.7,10,747.9,0
2017-12-21 22:37:00,3,38,20.7,84,5.5,1023.7,0.7,1.0,10,747.9,0
2017-12-21 22:40:00,3,38,20.7,84,5.5,1023.7,0.7,1.0,10,747.9,0
2017-12-21 22:43:00,3,38,20.6,84,5.5,1023.7,2.0,2.4,10,747.9,0
2017-12-21 22:46:00,3,38,20.6,84,5.5,1023.6,1.7,2.4,8,747.9,0
2017-12-21 22:49:00,3,38,20.6,85,5.5,1023.7,1.0,1.4,14,747.9,0
2017-12-21 22:52:00,3,38,20.6,85,5.5,1023.6,0.7,1.4,8,747.9,0
2017-12-21 22:55:00,3,37,20.6,85,5.5,1023.7,1.4,2.4,8,747.9,0
2017-12-21 22:58:00,3,37,20.6,85,5.5,1023.6,1.7,2.4,12,747.9,0
