2019-07-07 00:01:00,3,49,22.8,83,13.2,1003.2,0.7,1.0,14,1351.2,0
2019-07-07 00:04:00,3,49,22.8,83,13.2,1003.3,0.7,1.0,14,1351.2,0
2019-07-07 00:07:00,3,49,22.8,83,13.2,1003.3,0.7,1.0,14,1351.2,0
2019-07-07 00:10:00,3,49,22.8,82,13.2,1003.4,1.4,2.0,10,1351.2,0
2019-07-07 00:13:00,3,49,22.7,82,13.2,1003.3,0.7,1.4,14,1351.2,0
2019-07-07 00:16:00,3,49,22.7,82,13.1,1003.4,1.0,1.4,11,1351.2,0
2019-07-07 00:19:00,3,49,22.7,82,13.1,1003.3,1.0,1.4,10,1351.2,0
2019-07-07 00:22:00,3,49,22.7,82,13.1,1003.2,1.0,1.4,10,1351.2,0
2019-07-07 00:25:00,3,49,22.7,82,13.0,1003.2,1.4,2.0,10,1351.2,0
2019-07-07 00:28:00,3,49,22.7,81,13.0,1003.2,0.7,1.0,12,1351.2,0
2019-07-07 00:31:00,3,49,22.7,81,13.0,1003.3,1.0,1.7,10,1351.2,0
2019-07-07 00:34:00,3,49,22.7,81,13.0,1003.1,1.0,1.4,12,1351.2,0
2019-07-07 00:37:00,3,49,22.7,81,12.9,1003.1,0.7,1.4,12,1351.2,0
2019-07-07 00:40:00,3,49,22.7,81,12.9,1003.2,0,0.3,10,1351.2,0
2019-07-07 00:43:00,3,49,22.7,81,12.9,1003.2,0.7,1.4,12,1351.2,0
2019-07-07 00:46:00,3,49,22.7,81,12.8,1003.2,1.0,1.7,12,1351.2,0
2019-07-07 00:49:00,3,49,22.7,81,12.8,1003.2,1.0,1.7,10,1351.2,0
2019-07-07 00:52:00,3,49,22.7,81,12.8,1003.3,0.7,1.4,12,1351.2,0
2019-07-07 00:55:00,3,49,22.7,81,12.8,1003.2,1.0,1.0,10,1351.2,0
2019-07-07 00:58:00,3,49,22.7,80,12.8,1003.2,1.0,1.4,10,1351.2,0
2019-07-07 01:01:00,3,49,22.7,80,12.8,1003.2,0.7,1.0,8,1351.2,0
2019-07-07 01:04:00,3,49,22.7,80,12.7,1003.3,0.7,1.0,10,1351.2,0
2019-07-07 01:07:00,3,49,22.6,80,12.7,1003.2,1.4,2.0,12,1351.2,0
2019-07-07 01:10:00,3,49,22.6,80,12.7,1003.2,0.7,1.0,10,1351.2,0
2019-07-07 01:13:00,3,49,22.6,80,12.7,1003.3,1.0,1.4,10,1351.2,0
2019-07-07 01:16:00,3,49,22.6,79,12.7,1003.3,1.0,1.7,12,1351.2,0
2019-07-07 01:19:00,3,49,22.6,79,12.7,1003.1,1.0,1.7,11,1351.2,0
2019-07-07 01:22:00,3,49,22.6,78,12.7,1003.1,1.4,2.0,12,1351.2,0
2019-07-07 01:25:00,3,49,22.6,78,12.7,1003.1,0.7,1.4,10,1351.2,0
2019-07-07 01:28:00,3,49,22.6,77,12.6,1003.1,1.4,2.0,10,1351.2,0
2019-07-07 01:31:00,3,49,22.6,77,12.6,1003.0,1.4,2.0,10,1351.2,0
2019-07-07 01:34:00,3,49,22.6,77,12.5,1003.0,0.7,1.0,12,1351.2,0
2019-07-07 01:37:00,3,49,22.6,77,12.5,1003.1,1.0,1.7,12,1351.2,0
2019-07-07 01:40:00,3,49,22.6,81,12.4,1003.0,0.3,0.7,10,1351.2,0
2019-07-07 01:43:00,3,49,22.6,81,12.3,1003.0,0.7,1.0,10,1351.2,0
2019-07-07 01:46:00,3,49,22.6,81,12.2,1003.0,1.7,2.7,13,1351.2,0
2019-07-07 01:49:00,3,49,22.5,81,12.2,1003.0,0.3,1.0,10,1351.2,0
2019-07-07 01:52:00,3,49,22.5,81,12.2,1003.1,0.7,1.0,10,1351.2,0
2019-07-07 01:55:00,3,48,22.5,81,12.1,1003.0,1.0,1.7,10,1351.2,0
2019-07-07 01:58:00,3,48,22.5,82,12.1,1002.9,0.7,1.0,12,1351.2,0
2019-07-07 02:01:00,3,48,22.5,82,12.1,1002.8,2.0,2.4,10,1351.2,0
2019-07-07 02:04:00,3,48,22.5,82,12.1,1002.9,2.0,2.4,10,1351.2,0
2019-07-07 02:07:00,3,48,22.5,81,12.2,1002.9,1.4,2.0,11,1351.5,0
2019-07-07 02:10:00,3,48,22.5,81,12.1,1002.8,1.4,2.0,12,1351.5,0
2019-07-07 02:13:00,3,48,22.5,81,12.1,1002.8,1.0,1.4,12,1351.5,0
2019-07-07 02:16:00,3,48,22.5,81,12.1,1003.0,1.0,1.7,10,1351.5,0
2019-07-07 02:19:00,3,48,22.5,81,12.1,1002.9,1.0,2.0,10,1351.5,0
2019-07-07 02:22:00,3,48,22.5,81,12.1,1002.9,1.0,2.0,12,1351.5,0
2019-07-07 02:25:00,3,48,22.4,81,12.1,1002.9,1.7,2.0,10,1351.5,0
2019-07-07 02:28:00,3,48,22.4,81,12.1,1002.9,1.0,1.4,10,1351.5,0
2019-07-07 02:31:00,3,48,22.4,81,12.1,1002.9,1.4,1.7,10,1351.5,0
2019-07-07 02:34:00,3,48,22.4,81,12.1,1002.9,1.0,1.7,8,1351.5,0
2019-07-07 02:37:00,3,48,22.3,81,12.1,1002.9,1.4,1.7,12,1351.5,0
2019-07-07 02:40:00,3,48,22.3,81,12.2,1002.9,2.0,2.7,12,1351.5,0
2019-07-07 02:43:00,3,48,22.3,80,12.2,1002.9,1.0,1.7,11,1351.5,0
2019-07-07 02:46:00,3,48,22.3,80,12.3,1002.9,1.7,2.4,10,1351.5,0
2019-07-07 02:49:00,3,48,22.3,80,12.3,1002.9,1.0,1.7,8,1351.5,0
2019-07-07 02:52:00,3,48,22.3,80,12.3,1002.9,1.0,1.4,12,1351.5,0
2019-07-07 02:55:00,3,48,22.3,80,12.3,1003.0,1.7,2.0,10,1351.5,0
2019-07-07 02:58:00,3,48,22.3,80,12.3,1003.0,1.0,1.7,10,1351.5,0
2019-07-07 03:01:00,3,48,22.3,80,12.3,1003.0,1.7,2.0,10,1351.5,0
2019-07-07 03:04:00,3,48,22.3,80,12.3,1003.0,2.0,2.7,10,1351.5,0
2019-07-07 03:07:00,3,48,22.3,80,12.3,1003.0,1.7,2.7,10,1351.5,0
2019-07-07 03:10:00,3,48,22.2,80,12.4,1002.9,1.4,1.7,8,1351.5,0
2019-07-07 03:13:00,3,48,22.2,80,12.3,1002.9,1.4,1.7,14,1351.5,0
2019-07-07 03:16:00,3,48,22.2,80,12.3,1002.9,1.0,1.7,10,1351.5,0
2019-07-07 03:19:00,3,48,22.2,80,12.3,1002.9,1.4,1.7,12,1351.5,0
2019-07-07 03:22:00,3,48,22.2,80,12.3,1002.9,0.7,1.0,14,1351.5,0
2019-07-07 03:25:00,3,48,22.2,80,12.3,1002.9,1.4,1.7,12,1351.5,0
2019-07-07 03:28:00,3,48,22.2,80,12.3,1002.9,2.0,3.1,8,1351.5,0
2019-07-07 03:31:00,3,48,22.2,80,12.4,1002.8,2.4,3.7,14,1351.5,0
2019-07-07 03:34:00,3,48,22.2,80,12.4,1002.8,1.4,2.0,10,1351.5,0
2019-07-07 03:37:00,3,48,22.2,80,12.4,1002.8,2.0,2.4,10,1351.5,0
2019-07-07 03:40:00,3,48,22.2,80,12.4,1002.8,1.4,1.7,10,1351.5,0
2019-07-07 03:43:00,3,48,22.2,80,12.4,1002.8,2.7,3.4,12,1351.5,0
2019-07-07 03:46:00,3,48,22.2,80,12.4,1002.9,2.0,2.7,10,1351.5,0
2019-07-07 03:49:00,3,48,22.2,76,12.5,1002.9,0.7,1.0,10,1351.5,0
2019-07-07 03:52:00,3,48,22.2,76,12.5,1003.0,1.7,2.4,12,1351.5,0
2019-07-07 03:55:00,3,48,22.2,76,12.5,1002.9,1.0,1.4,12,1351.5,0
2019-07-07 03:58:00,3,48,22.2,76,12.5,1003.0,1.0,1.7,10,1351.5,0
2019-07-07 04:01:00,3,48,22.1,76,12.5,1002.9,1.4,1.7,11,1351.5,0
2019-07-07 04:04:00,3,48,22.1,76,12.5,1003.0,1.4,1.7,11,1351.5,0
2019-07-07 04:07:00,3,48,22.1,76,12.6,1003.0,2.0,3.1,10,1351.5,0
2019-07-07 04:10:00,3,48,22.1,76,12.6,1002.9,1.7,2.0,12,1351.5,0
2019-07-07 04:13:00,3,48,22.1,76,12.6,1003.0,1.0,1.4,12,1351.5,0
2019-07-07 04:16:00,3,48,22.1,75,12.7,1003.0,1.4,1.7,8,1351.5,0
2019-07-07 04:19:00,3,48,22.1,75,12.7,1003.0,1.7,2.0,12,1351.5,0
2019-07-07 04:22:00,3,48,22.1,75,12.7,1003.1,2.0,2.4,10,1351.5,0
2019-07-07 04:25:00,3,48,22.0,75,12.7,1003.0,1.4,1.7,12,1351.5,0
2019-07-07 04:28:00,3,48,22.0,75,12.8,1003.0,1.7,2.0,10,1351.5,0
2019-07-07 04:31:00,3,48,22.1,75,12.8,1003.1,1.0,1.4,12,1351.5,0
2019-07-07 04:34:00,3,48,22.0,76,12.8,1003.1,1.4,1.7,10,1351.5,0
2019-07-07 04:37:00,3,48,22.0,76,12.8,1003.0,1.4,2.0,8,1351.5,0
2019-07-07 04:40:00,3,48,22.0,76,12.9,1003.1,1.4,1.7,10,1351.5,0
2019-07-07 04:43:00,3,48,22.0,76,12.9,1003.0,1.0,1.4,10,1351.5,0
2019-07-07 04:46:00,3,49,21.9,75,12.9,1003.1,1.0,1.4,10,1351.5,0
2019-07-07 04:49:00,3,49,21.9,75,13.0,1003.1,1.7,2.0,8,1351.5,0
2019-07-07 04:52:00,3,49,21.9,75,13.0,1003.1,1.0,1.4,9,1351.5,0
2019-07-07 04:55:00,3,49,21.9,75,13.0,1002.9,0.7,1.0,12,1351.5,0
2019-07-07 04:58:00,3,49,21.9,75,13.1,1003.1,1.0,1.4,10,1351.5,0
2019-07-07 05:01:00,3,49,21.9,75,13.1,1003.2,1.4,2.0,12,1351.5,0
2019-07-07 05:04:00,3,49,21.9,75,13.1,1003.3,1.0,1.7,10,1351.5,0
2019-07-07 05:07:00,3,49,21.9,75,13.2,1003.1,1.7,2.4,8,1351.5,0
2019-07-07 05:10:00,3,49,21.9,75,13.2,1003.1,1.7,2.4,10,1351.5,0
2019-07-07 05:13:00,3,49,21.9,75,13.3,1003.2,1.0,1.4,10,1351.5,0
2019-07-07 05:16:00,3,49,21.9,75,13.4,1003.3,1.0,1.4,10,1351.5,0
2019-07-07 05:19:00,3,49,21.9,75,13.4,1003.2,1.0,1.4,10,1351.5,0
2019-07-07 05:22:00,3,48,22.0,75,13.5,1003.2,0.7,1.0,12,1351.5,0
2019-07-07 05:25:00,3,48,22.2,75,13.5,1003.4,1.0,1.4,12,1351.5,0
2019-07-07 05:28:00,3,48,22.3,75,13.5,1003.4,1.0,1.4,12,1351.5,0
2019-07-07 05:31:00,3,48,22.4,75,13.5,1003.4,1.4,1.7,10,1351.5,0
2019-07-07 05:34:00,3,48,22.6,75,13.5,1003.4,1.4,1.7,12,1351.5,0
2019-07-07 05:37:00,3,47,22.6,75,13.5,1003.4,0.7,1.4,8,1351.5,0
2019-07-07 05:40:00,3,47,22.7,75,13.6,1003.5,1.0,1.7,12,1351.5,0
2019-07-07 05:43:00,3,46,22.9,75,13.6,1003.6,1.7,2.7,14,1351.5,0
2019-07-07 05:46:00,3,45,23.0,75,13.6,1003.6,0.7,1.7,10,1351.5,0
2019-07-07 05:49:00,3,44,23.0,75,13.6,1003.6,2.4,3.1,12,1351.5,0
2019-07-07 05:52:00,3,44,23.1,74,13.6,1003.6,1.0,1.4,0,1351.5,0
2019-07-07 05:55:00,3,44,23.1,75,13.7,1003.8,1.4,1.7,10,1351.5,0
2019-07-07 05:58:00,3,44,23.2,74,13.7,1003.7,1.7,2.0,14,1351.5,0
2019-07-07 06:01:00,3,44,23.3,74,13.7,1003.8,1.4,1.7,10,1351.5,0
2019-07-07 06:04:00,3,44,23.4,74,13.7,1003.8,1.4,1.7,10,1351.5,0
2019-07-07 06:07:00,3,44,23.4,74,14.0,1003.8,1.7,2.0,10,1351.5,0
2019-07-07 06:10:00,3,44,23.4,74,14.1,1003.7,1.0,1.7,12,1351.5,0
2019-07-07 06:13:00,3,43,23.5,74,14.1,1003.7,2.4,3.4,10,1351.5,0
2019-07-07 06:16:00,3,44,23.6,73,14.3,1003.9,1.7,2.0,12,1351.5,0
2019-07-07 06:19:00,3,44,23.6,73,14.3,1003.9,2.4,4.1,12,1351.5,0
2019-07-07 06:22:00,3,44,23.7,73,14.3,1003.8,1.7,2.4,10,1351.5,0
2019-07-07 06:25:00,3,44,23.8,73,14.5,1003.8,1.7,2.7,12,1351.5,0
2019-07-07 06:28:00,3,43,23.9,73,14.7,1003.9,1.4,2.0,10,1351.5,0
2019-07-07 06:31:00,3,42,24.0,73,14.8,1004.0,2.7,3.7,14,1351.5,0
2019-07-07 06:34:00,3,42,24.1,72,14.7,1003.9,1.7,3.1,12,1351.5,0
2019-07-07 06:37:00,3,42,24.1,71,14.7,1004.0,1.7,2.4,10,1351.5,0
2019-07-07 06:40:00,3,42,24.1,71,14.9,1004.1,1.4,2.0,10,1351.5,0
2019-07-07 06:43:00,3,42,24.2,71,15.0,1004.1,1.4,2.4,9,1351.5,0
2019-07-07 06:46:00,3,42,24.3,71,15.1,1004.3,2.0,2.7,14,1351.5,0
2019-07-07 06:49:00,3,42,24.3,70,15.0,1004.1,1.4,1.7,10,1351.5,0
2019-07-07 06:52:00,3,42,24.4,70,15.3,1004.1,1.7,3.1,12,1351.5,0
2019-07-07 06:55:00,3,42,24.4,70,15.4,1004.1,1.4,2.0,12,1351.5,0
2019-07-07 06:58:00,3,42,24.4,68,15.5,1004.1,2.4,3.4,12,1351.5,0
2019-07-07 07:01:00,3,41,24.5,67,15.3,1004.2,2.4,2.7,10,1351.5,0
2019-07-07 07:04:00,3,41,24.5,67,15.3,1004.1,2.4,4.4,12,1351.5,0
2019-07-07 07:07:00,3,41,24.6,66,15.3,1004.1,2.4,3.1,10,1351.5,0
2019-07-07 07:10:00,3,41,24.6,67,15.2,1004.0,2.0,3.4,12,1351.5,0
2019-07-07 07:13:00,3,41,24.6,67,15.1,1004.0,3.4,4.4,8,1351.5,0
2019-07-07 07:16:00,3,41,24.7,67,15.1,1004.1,2.0,2.4,14,1351.5,0
2019-07-07 07:19:00,3,41,24.7,66,15.0,1004.1,3.1,4.4,14,1351.5,0
2019-07-07 07:22:00,3,41,24.7,64,14.8,1004.2,2.4,4.1,12,1351.5,0
2019-07-07 07:25:00,3,41,24.7,65,14.7,1004.1,2.0,2.7,14,1351.5,0
2019-07-07 07:28:00,3,41,24.7,66,14.8,1004.1,1.4,1.7,14,1351.5,0
2019-07-07 07:31:00,3,41,24.7,66,15.1,1004.1,1.4,1.7,12,1351.5,0
2019-07-07 07:34:00,3,41,24.7,64,15.6,1004.1,3.4,4.1,14,1351.5,0
2019-07-07 07:37:00,3,40,25.0,61,15.8,1004.1,1.4,2.4,12,1351.5,0
2019-07-07 07:40:00,3,40,25.0,61,16.0,1004.2,2.0,3.1,14,1351.5,0
2019-07-07 07:43:00,3,41,24.9,60,15.9,1004.1,2.7,3.7,14,1351.5,0
2019-07-07 07:46:00,3,41,24.9,60,15.8,1004.0,2.4,3.4,10,1351.5,0
2019-07-07 07:49:00,3,40,25.0,60,16.0,1004.1,2.7,3.7,12,1351.5,0
2019-07-07 07:52:00,3,40,25.0,60,16.1,1004.2,2.4,4.1,0,1351.5,0
2019-07-07 07:55:00,3,40,25.1,60,16.0,1004.2,1.7,2.7,14,1351.5,0
2019-07-07 07:58:00,3,40,25.1,60,16.0,1004.1,3.1,5.4,12,1351.5,0
2019-07-07 08:01:00,3,40,25.1,61,16.0,1004.2,1.0,2.0,14,1351.5,0
2019-07-07 08:04:00,3,40,25.2,61,16.0,1004.2,1.0,2.0,14,1351.5,0
2019-07-07 08:07:00,3,40,25.2,57,16.8,1004.2,2.4,3.1,12,1351.5,0
2019-07-07 08:10:00,3,39,25.2,58,16.8,1004.2,2.4,3.4,12,1351.5,0
2019-07-07 08:13:00,3,39,25.2,59,16.9,1004.4,2.4,3.1,10,1351.5,0
2019-07-07 08:16:00,3,39,25.2,56,16.9,1004.2,3.7,5.4,14,1351.5,0
2019-07-07 08:19:00,3,39,25.2,56,16.6,1004.3,1.7,2.7,12,1351.5,0
2019-07-07 08:22:00,3,39,25.2,57,16.4,1004.3,1.4,2.0,14,1351.5,0
2019-07-07 08:25:00,3,39,25.2,57,16.3,1004.4,2.4,3.4,12,1351.5,0
2019-07-07 08:28:00,3,39,25.2,58,16.4,1004.3,1.4,1.7,12,1351.5,0
2019-07-07 08:31:00,3,38,25.2,58,16.5,1004.4,3.4,4.1,9,1351.5,0
2019-07-07 08:34:00,3,38,25.2,57,16.6,1004.4,1.7,2.7,12,1351.5,0
2019-07-07 08:37:00,3,38,25.2,56,16.5,1004.4,2.7,3.4,12,1351.5,0
2019-07-07 08:40:00,3,38,25.2,54,16.4,1004.5,2.7,3.4,12,1351.5,0
2019-07-07 08:43:00,3,39,25.1,53,16.2,1004.3,4.4,6.8,14,1351.5,0
2019-07-07 08:46:00,3,39,25.0,53,16.1,1004.4,3.1,5.8,12,1351.5,0
2019-07-07 08:49:00,3,41,24.8,54,16.0,1004.5,4.8,6.1,14,1351.5,0
2019-07-07 08:52:00,3,41,24.8,55,16.0,1004.5,2.7,3.7,14,1351.5,0
2019-07-07 08:55:00,3,41,24.6,55,15.9,1004.4,2.0,3.1,12,1351.5,0
2019-07-07 08:58:00,3,41,24.5,56,16.1,1004.5,2.0,3.1,14,1351.5,0
2019-07-07 09:01:00,3,41,24.5,57,16.3,1004.5,2.0,2.4,10,1351.5,0
2019-07-07 09:04:00,3,41,24.4,56,16.5,1004.5,1.0,1.7,12,1351.5,0
2019-07-07 09:07:00,3,41,24.3,55,16.5,1004.5,1.7,3.1,12,1351.5,0
2019-07-07 09:10:00,3,41,24.3,56,16.4,1004.7,2.7,4.1,12,1351.5,0
2019-07-07 09:13:00,3,41,24.1,55,16.3,1004.7,1.7,2.0,15,1351.5,0
2019-07-07 09:16:00,3,41,24.1,58,16.5,1004.6,1.4,1.7,11,1351.5,0
2019-07-07 09:19:00,3,41,24.1,57,16.6,1004.7,1.4,2.4,14,1351.5,0
2019-07-07 09:22:00,3,41,24.0,56,16.5,1004.7,1.4,2.0,12,1351.5,0
2019-07-07 09:25:00,3,42,24.0,56,16.3,1004.7,1.7,2.4,0,1351.5,0
2019-07-07 09:28:00,3,43,23.9,57,16.2,1004.8,1.0,2.0,12,1351.5,0
2019-07-07 09:31:00,3,43,23.8,59,16.2,1004.8,1.7,2.4,14,1351.5,0
2019-07-07 09:34:00,3,43,23.8,59,16.3,1004.8,2.7,3.7,14,1351.5,0
2019-07-07 09:37:00,3,43,23.8,58,16.3,1004.7,2.0,3.4,12,1351.5,0
2019-07-07 09:40:00,3,43,23.7,57,16.4,1004.7,2.4,3.1,10,1351.5,0
2019-07-07 09:43:00,3,43,23.7,55,16.5,1004.7,2.0,3.7,12,1351.5,0
2019-07-07 09:46:00,3,43,23.6,56,16.6,1004.7,2.7,3.4,10,1351.5,0
2019-07-07 09:49:00,3,43,23.6,57,16.7,1004.6,1.7,2.4,14,1351.5,0
2019-07-07 09:52:00,3,43,23.6,55,16.8,1004.7,3.4,4.4,12,1351.5,0
2019-07-07 09:55:00,3,43,23.6,54,16.8,1004.8,2.4,3.4,8,1351.5,0
2019-07-07 09:58:00,3,43,23.6,53,16.8,1004.8,3.4,4.8,14,1351.5,0
2019-07-07 10:01:00,3,43,23.5,55,16.7,1004.7,2.4,3.4,14,1351.5,0
2019-07-07 10:04:00,3,44,23.4,55,16.7,1004.7,2.4,3.4,14,1351.5,0
2019-07-07 10:07:00,3,44,23.4,54,17.4,1004.7,2.0,3.4,14,1351.5,0
2019-07-07 10:10:00,3,44,23.4,50,17.5,1004.6,2.0,3.4,14,1351.5,0
2019-07-07 10:13:00,3,44,23.4,51,17.1,1004.8,3.1,5.1,10,1351.5,0
2019-07-07 10:16:00,3,44,23.4,52,16.8,1004.9,2.7,3.7,13,1351.5,0
2019-07-07 10:19:00,3,44,23.4,51,16.6,1004.9,3.7,6.1,12,1351.5,0
2019-07-07 10:22:00,3,44,23.3,51,16.3,1004.9,2.7,4.4,12,1351.5,0
2019-07-07 10:25:00,3,44,23.3,52,16.2,1005.0,1.4,2.0,8,1351.5,0
2019-07-07 10:28:00,3,44,23.3,53,16.3,1004.9,2.4,3.4,10,1351.5,0
2019-07-07 10:31:00,3,44,23.3,53,16.4,1004.9,1.4,2.0,14,1351.5,0
2019-07-07 10:34:00,3,44,23.2,52,16.5,1004.9,2.0,3.4,10,1351.5,0
2019-07-07 10:37:00,3,44,23.2,52,17.0,1004.9,1.0,1.7,12,1351.5,0
2019-07-07 10:40:00,3,44,23.1,47,17.6,1004.7,1.7,2.0,12,1351.5,0
2019-07-07 10:43:00,3,44,23.1,47,17.7,1004.8,1.7,2.4,14,1351.5,0
2019-07-07 10:46:00,3,44,23.1,43,17.6,1004.7,2.0,3.1,14,1351.5,0
2019-07-07 10:49:00,3,44,23.1,46,17.4,1004.8,2.7,3.4,12,1351.5,0
2019-07-07 10:52:00,3,45,23.1,48,17.2,1004.9,1.7,3.1,0,1351.5,0
2019-07-07 10:55:00,3,45,23.1,50,17.2,1005.0,1.7,2.4,12,1351.5,0
2019-07-07 10:58:00,3,45,23.1,51,17.2,1005.0,1.7,2.4,14,1351.5,0
2019-07-07 11:01:00,3,45,23.0,50,17.3,1005.0,1.7,2.4,12,1351.5,0
2019-07-07 11:04:00,3,45,23.0,50,17.3,1005.0,2.7,4.8,10,1351.5,0
2019-07-07 11:07:00,3,45,23.0,50,17.4,1004.9,1.0,1.4,14,1351.5,0
2019-07-07 11:10:00,3,45,23.0,47,17.6,1004.9,1.7,2.0,12,1351.5,0
2019-07-07 11:13:00,3,45,23.0,45,17.6,1005.0,3.1,3.7,12,1351.5,0
2019-07-07 11:16:00,3,45,23.0,48,17.4,1004.9,2.7,3.7,14,1351.5,0
2019-07-07 11:19:00,3,45,23.0,49,17.4,1005.0,3.1,5.1,12,1351.5,0
2019-07-07 11:22:00,3,45,23.0,50,17.4,1005.0,1.7,2.4,14,1351.5,0
2019-07-07 11:25:00,3,45,23.0,46,17.6,1005.1,1.7,2.4,12,1351.5,0
2019-07-07 11:28:00,3,45,23.0,47,17.9,1005.0,1.4,2.4,12,1351.5,0
2019-07-07 11:31:00,3,46,22.9,44,17.9,1005.0,3.4,4.1,14,1351.5,0
2019-07-07 11:34:00,3,46,22.9,43,17.6,1005.0,2.0,2.4,14,1351.5,0
2019-07-07 11:37:00,3,46,22.9,44,17.7,1005.0,2.7,3.4,12,1351.5,0
2019-07-07 11:40:00,3,46,22.9,44,17.8,1005.0,2.7,4.1,0,1351.5,0
2019-07-07 11:43:00,3,46,22.9,43,17.7,1005.1,3.4,4.4,14,1351.5,0
2019-07-07 11:46:00,3,46,22.9,45,17.6,1005.2,2.7,3.7,14,1351.5,0
2019-07-07 11:49:00,3,46,22.9,46,17.6,1005.1,1.0,1.4,12,1351.5,0
2019-07-07 11:52:00,3,46,22.9,47,17.8,1005.1,1.4,1.7,12,1351.5,0
2019-07-07 11:55:00,3,46,22.9,47,18.0,1005.1,1.7,2.7,12,1351.5,0
2019-07-07 11:58:00,3,47,22.9,46,18.4,1005.1,1.0,1.7,12,1351.5,0
2019-07-07 12:01:00,3,47,22.8,44,18.4,1005.0,2.7,3.4,8,1351.5,0
2019-07-07 12:04:00,3,47,22.9,44,18.4,1005.0,2.7,3.4,8,1351.5,0
2019-07-07 12:07:00,3,47,22.8,43,17.7,1005.2,3.1,4.4,0,1351.5,0
2019-07-07 12:10:00,3,47,22.8,45,17.7,1005.2,1.7,2.0,0,1351.5,0
2019-07-07 12:13:00,3,47,22.8,44,17.7,1005.2,2.4,3.4,0,1351.5,0
2019-07-07 12:16:00,3,47,22.8,44,17.6,1005.2,1.7,2.7,14,1351.5,0
2019-07-07 12:19:00,3,47,22.8,44,17.5,1005.2,2.0,3.4,12,1351.5,0
2019-07-07 12:22:00,3,47,22.8,44,17.5,1005.3,4.1,4.8,0,1351.5,0
2019-07-07 12:25:00,3,48,22.8,44,17.5,1005.2,1.7,2.7,0,1351.5,0
2019-07-07 12:28:00,3,48,22.8,44,17.6,1005.3,3.4,4.8,12,1351.5,0
2019-07-07 12:31:00,3,48,22.8,45,17.6,1005.3,1.7,2.4,14,1351.5,0
2019-07-07 12:34:00,3,48,22.8,44,17.7,1005.3,1.7,2.4,12,1351.5,0
2019-07-07 12:37:00,3,48,22.8,44,17.8,1005.2,1.0,1.4,0,1351.5,0
2019-07-07 12:40:00,3,48,22.8,44,18.0,1005.2,2.0,3.4,14,1351.5,0
2019-07-07 12:43:00,3,48,22.8,44,18.2,1005.3,2.7,4.4,14,1351.5,0
2019-07-07 12:46:00,3,48,22.8,43,18.2,1005.3,3.1,4.1,14,1351.5,0
2019-07-07 12:49:00,3,48,22.8,43,18.3,1005.3,1.7,2.4,14,1351.5,0
2019-07-07 12:52:00,3,48,22.8,43,18.5,1005.2,1.4,2.4,0,1351.5,0
2019-07-07 12:55:00,3,48,22.8,42,18.6,1005.2,2.4,3.7,0,1351.5,0
2019-07-07 12:58:00,3,48,22.8,42,18.5,1005.2,1.7,2.7,12,1351.5,0
2019-07-07 13:01:00,3,48,22.8,44,18.7,1005.3,1.7,2.0,12,1351.5,0
2019-07-07 13:04:00,3,48,22.8,43,19.0,1005.3,2.0,3.1,4,1351.5,0
2019-07-07 13:07:00,3,48,22.7,44,19.0,1005.3,1.0,1.7,12,1351.5,0
2019-07-07 13:10:00,3,48,22.7,42,18.9,1005.3,2.0,2.7,10,1351.5,0
2019-07-07 13:13:00,3,48,22.7,43,18.7,1005.3,1.4,1.7,14,1351.5,0
2019-07-07 13:16:00,3,48,22.7,43,18.5,1005.2,2.0,2.7,2,1351.5,0
2019-07-07 13:19:00,3,48,22.7,43,18.4,1005.4,2.4,3.1,10,1351.5,0
2019-07-07 13:22:00,3,48,22.7,43,18.2,1005.3,1.4,1.7,14,1351.5,0
2019-07-07 13:25:00,3,48,22.7,43,18.3,1005.3,1.0,1.4,10,1351.5,0
2019-07-07 13:28:00,3,48,22.7,44,18.7,1005.3,1.0,1.4,8,1351.5,0
2019-07-07 13:31:00,3,48,22.7,43,19.3,1005.3,2.0,2.4,12,1351.5,0
2019-07-07 13:34:00,3,48,22.7,43,19.4,1005.3,1.4,2.0,12,1351.5,0
2019-07-07 13:37:00,3,48,22.7,42,19.2,1005.3,1.7,2.0,12,1351.5,0
2019-07-07 13:40:00,3,48,22.7,43,19.0,1005.3,1.4,2.4,13,1351.5,0
2019-07-07 13:43:00,3,48,22.7,43,19.0,1005.3,0.3,0.7,10,1351.5,0
2019-07-07 13:46:00,3,48,22.7,43,19.1,1005.4,1.0,1.7,12,1351.5,0
2019-07-07 13:49:00,3,48,22.7,42,18.9,1005.4,2.7,3.7,2,1351.5,0
2019-07-07 13:52:00,3,48,22.7,42,18.7,1005.4,3.1,4.1,12,1351.5,0
2019-07-07 13:55:00,3,48,22.7,43,18.8,1005.4,1.7,3.4,12,1351.5,0
2019-07-07 13:58:00,3,48,22.8,42,18.7,1005.3,2.4,3.1,0,1351.5,0
2019-07-07 14:01:00,3,48,22.7,43,18.7,1005.4,1.7,2.0,14,1351.5,0
2019-07-07 14:04:00,3,48,22.8,43,18.7,1005.4,1.7,2.0,14,1351.5,0
2019-07-07 14:07:00,3,48,22.8,43,18.7,1005.3,1.7,2.0,14,1351.5,0
2019-07-07 14:10:00,3,48,22.8,42,18.6,1005.4,2.4,4.1,15,1351.5,0
2019-07-07 14:13:00,3,48,22.8,41,18.8,1005.5,2.0,3.7,12,1351.5,0
2019-07-07 14:16:00,3,48,22.8,41,19.1,1005.3,1.0,1.7,14,1351.5,0
2019-07-07 14:19:00,3,48,22.8,41,19.4,1005.4,2.4,3.7,10,1351.5,0
2019-07-07 14:22:00,3,48,22.8,40,19.5,1005.4,1.0,1.7,14,1351.5,0
2019-07-07 14:25:00,3,48,22.9,41,19.3,1005.4,1.4,2.0,0,1351.5,0
2019-07-07 14:28:00,3,48,22.9,41,19.1,1005.5,1.7,2.0,12,1351.5,0
2019-07-07 14:31:00,3,48,22.9,42,19.1,1005.6,2.0,4.4,14,1351.5,0
2019-07-07 14:34:00,3,48,22.9,43,19.0,1005.6,1.7,2.4,12,1351.5,0
2019-07-07 14:37:00,3,48,22.9,42,18.9,1005.5,1.7,2.7,0,1351.5,0
2019-07-07 14:40:00,3,48,22.9,41,18.6,1005.5,2.4,3.1,12,1351.5,0
2019-07-07 14:43:00,3,48,22.9,43,18.5,1005.6,2.4,3.1,0,1351.5,0
2019-07-07 14:46:00,3,48,22.9,44,18.3,1005.6,3.1,4.8,14,1351.5,0
2019-07-07 14:49:00,3,48,22.9,45,18.5,1005.5,2.7,3.7,14,1351.5,0
2019-07-07 14:52:00,3,48,22.9,47,19.1,1005.5,1.4,1.7,0,1351.5,0
2019-07-07 14:55:00,3,48,22.9,44,19.1,1005.6,2.0,2.7,14,1351.5,0
2019-07-07 14:58:00,3,48,22.9,44,18.8,1005.6,2.4,3.4,12,1351.5,0
2019-07-07 15:01:00,3,46,23.0,45,18.5,1005.5,2.7,3.4,2,1351.5,0
2019-07-07 15:04:00,3,46,23.0,44,18.2,1005.6,2.0,2.4,14,1351.5,0
2019-07-07 15:07:00,3,46,23.0,45,18.1,1005.6,2.4,3.4,14,1351.5,0
2019-07-07 15:10:00,3,46,23.0,44,18.0,1005.7,3.1,4.1,14,1351.5,0
2019-07-07 15:13:00,3,46,23.0,45,18.0,1005.7,2.0,2.7,13,1351.5,0
2019-07-07 15:16:00,3,46,23.0,46,17.9,1005.6,1.7,2.4,0,1351.5,0
2019-07-07 15:19:00,3,46,23.0,46,18.0,1005.6,3.1,4.4,14,1351.5,0
2019-07-07 15:22:00,3,46,23.0,45,18.0,1005.7,5.1,8.2,14,1351.5,0
2019-07-07 15:25:00,3,46,23.0,43,17.8,1005.7,2.7,4.1,14,1351.5,0
2019-07-07 15:28:00,3,46,23.0,43,17.9,1005.7,2.4,3.7,14,1351.5,0
2019-07-07 15:31:00,3,46,23.0,44,17.8,1005.7,1.4,1.7,12,1351.5,0
2019-07-07 15:34:00,3,46,23.0,46,17.9,1005.6,1.4,1.7,12,1351.5,0
2019-07-07 15:37:00,3,46,23.0,45,17.8,1005.7,2.7,4.4,14,1351.5,0
2019-07-07 15:40:00,3,46,23.0,45,17.6,1005.7,1.4,2.0,14,1351.5,0
2019-07-07 15:43:00,3,46,23.0,45,17.6,1005.8,3.4,5.1,14,1351.5,0
2019-07-07 15:46:00,3,46,23.0,45,17.5,1005.7,2.7,4.1,12,1351.5,0
2019-07-07 15:49:00,3,46,23.0,46,17.5,1005.7,1.0,1.4,14,1351.5,0
2019-07-07 15:52:00,3,46,23.1,49,17.6,1005.7,2.4,3.4,14,1351.5,0
2019-07-07 15:55:00,3,46,23.1,50,17.8,1005.7,1.4,2.0,12,1351.5,0
2019-07-07 15:58:00,3,46,23.1,50,18.0,1005.7,0.3,0.7,2,1351.5,0
2019-07-07 16:01:00,3,46,23.1,50,18.1,1005.7,1.4,2.0,0,1351.5,0
2019-07-07 16:04:00,3,46,23.1,50,18.1,1005.8,1.4,2.0,0,1351.5,0
2019-07-07 16:07:00,3,46,23.1,47,17.9,1005.8,3.4,5.1,14,1351.5,0
2019-07-07 16:10:00,3,46,23.1,47,17.6,1005.8,2.4,3.1,12,1351.5,0
2019-07-07 16:13:00,3,46,23.1,51,17.3,1005.8,3.1,4.4,14,1351.5,0
2019-07-07 16:16:00,3,46,23.1,52,17.2,1005.9,2.4,3.4,14,1351.5,0
2019-07-07 16:19:00,3,46,23.1,53,17.2,1005.9,0.3,0.7,8,1351.5,0
2019-07-07 16:22:00,3,46,23.1,52,17.2,1005.9,2.0,2.7,14,1351.5,0
2019-07-07 16:25:00,3,46,23.1,52,17.2,1005.8,2.4,3.4,14,1351.5,0
2019-07-07 16:28:00,3,46,23.1,52,17.1,1005.9,2.0,4.1,12,1351.5,0
2019-07-07 16:31:00,3,46,23.1,51,17.0,1005.9,2.4,3.7,0,1351.5,0
2019-07-07 16:34:00,3,46,23.1,51,17.0,1005.9,1.7,2.7,15,1351.5,0
2019-07-07 16:37:00,3,46,23.1,51,17.0,1005.8,3.4,4.8,14,1351.5,0
2019-07-07 16:40:00,3,46,23.1,50,17.1,1006.0,1.4,2.0,14,1351.5,0
2019-07-07 16:43:00,3,46,23.1,50,17.1,1006.1,1.7,2.4,14,1351.5,0
2019-07-07 16:46:00,3,46,23.1,50,17.1,1006.0,1.4,2.0,12,1351.5,0
2019-07-07 16:49:00,3,46,23.1,50,17.1,1006.0,1.7,2.4,12,1351.5,0
2019-07-07 16:52:00,3,46,23.1,50,17.1,1006.0,2.7,4.1,8,1351.5,0
2019-07-07 16:55:00,3,46,23.1,49,17.1,1006.0,2.4,3.4,12,1351.5,0
2019-07-07 16:58:00,3,46,23.1,49,17.0,1006.1,1.7,2.7,14,1351.5,0
2019-07-07 17:01:00,3,46,23.1,50,16.9,1006.0,2.4,3.4,12,1351.5,0
2019-07-07 17:04:00,3,46,23.1,49,16.9,1006.1,2.0,2.4,12,1351.5,0
2019-07-07 17:07:00,3,46,23.1,49,16.8,1006.0,2.4,3.7,14,1351.5,0
2019-07-07 17:10:00,3,46,23.1,49,16.7,1006.0,2.7,3.7,12,1351.5,0
2019-07-07 17:13:00,3,46,23.1,50,16.6,1006.1,1.4,2.0,14,1351.5,0
2019-07-07 17:16:00,3,46,23.1,50,16.6,1006.2,0.7,1.0,0,1351.5,0
2019-07-07 17:19:00,3,46,23.1,50,16.6,1006.0,3.1,4.8,14,1351.5,0
2019-07-07 17:22:00,3,46,23.1,50,16.5,1006.1,1.4,2.0,11,1351.5,0
2019-07-07 17:25:00,3,46,23.1,50,16.5,1006.2,2.0,2.4,12,1351.5,0
2019-07-07 17:28:00,3,46,23.1,50,16.4,1006.3,1.7,3.1,12,1351.5,0
2019-07-07 17:31:00,3,46,23.1,51,16.3,1006.3,2.7,4.1,12,1351.5,0
2019-07-07 17:34:00,3,46,23.1,51,16.3,1006.2,1.0,1.7,14,1351.5,0
2019-07-07 17:37:00,3,46,23.1,51,16.2,1006.2,1.7,2.7,12,1351.5,0
2019-07-07 17:40:00,3,45,23.1,51,16.2,1006.2,2.0,2.7,12,1351.5,0
2019-07-07 17:43:00,3,45,23.1,52,16.2,1006.3,0.7,1.0,13,1351.5,0
2019-07-07 17:46:00,3,45,23.1,52,16.1,1006.4,1.7,2.4,14,1351.5,0
2019-07-07 17:49:00,3,45,23.1,51,16.1,1006.4,1.4,2.0,14,1351.5,0
2019-07-07 17:52:00,3,45,23.1,52,16.1,1006.4,1.4,1.7,14,1351.5,0
2019-07-07 17:55:00,3,45,23.1,52,16.1,1006.4,1.0,1.7,12,1351.5,0
2019-07-07 17:58:00,3,45,23.1,51,16.1,1006.4,1.0,1.7,12,1351.5,0
2019-07-07 18:01:00,3,45,23.1,51,16.1,1006.5,2.0,3.1,12,1351.5,0
2019-07-07 18:04:00,3,45,23.1,51,16.1,1006.4,2.0,3.1,12,1351.5,0
2019-07-07 18:07:00,3,45,23.1,50,16.0,1006.4,1.4,1.7,14,1351.5,0
2019-07-07 18:10:00,3,45,23.1,51,16.0,1006.6,1.4,1.7,13,1351.5,0
2019-07-07 18:13:00,3,45,23.1,50,15.9,1006.5,1.4,2.0,12,1351.5,0
2019-07-07 18:16:00,3,45,23.1,50,15.9,1006.5,1.7,2.4,0,1351.5,0
2019-07-07 18:19:00,3,45,23.1,51,15.9,1006.6,1.0,1.4,10,1351.5,0
2019-07-07 18:22:00,3,45,23.1,51,15.8,1006.7,1.0,1.7,0,1351.5,0
2019-07-07 18:25:00,3,45,23.1,51,15.8,1006.6,1.7,2.0,14,1351.5,0
2019-07-07 18:28:00,3,45,23.1,51,15.7,1006.6,1.7,2.7,12,1351.5,0
2019-07-07 18:31:00,3,45,23.0,51,15.7,1006.6,1.0,1.7,12,1351.5,0
2019-07-07 18:34:00,3,45,23.0,51,15.7,1006.6,0.3,0.7,0,1351.5,0
2019-07-07 18:37:00,3,45,23.0,51,15.7,1006.5,0.7,1.0,12,1351.5,0
2019-07-07 18:40:00,3,45,23.0,51,15.6,1006.7,0,0.7,12,1351.5,0
2019-07-07 18:43:00,3,45,23.0,51,15.6,1006.7,0,0.7,12,1351.5,0
2019-07-07 18:46:00,3,45,23.0,51,15.6,1006.7,0.3,1.0,12,1351.5,0
2019-07-07 18:49:00,3,45,23.0,52,15.6,1006.9,1.0,1.7,14,1351.5,0
2019-07-07 18:52:00,3,45,23.0,52,15.6,1006.8,0.7,1.0,12,1351.5,0
2019-07-07 18:55:00,3,45,23.0,52,15.6,1006.8,0.7,1.4,12,1351.5,0
2019-07-07 18:58:00,3,45,23.0,52,15.5,1006.7,0.7,1.4,8,1351.5,0
2019-07-07 19:01:00,3,45,23.0,52,15.5,1006.7,0.7,1.0,14,1351.5,0
2019-07-07 19:04:00,3,45,23.0,52,15.4,1006.7,0.3,0.7,12,1351.5,0
2019-07-07 19:07:00,3,45,23.0,53,15.3,1006.6,0.7,1.0,14,1351.5,0
2019-07-07 19:10:00,3,45,23.0,53,15.3,1006.7,0.3,1.4,14,1351.5,0
2019-07-07 19:13:00,3,45,23.0,53,15.2,1006.7,0.7,1.0,14,1351.5,0
2019-07-07 19:16:00,3,45,23.0,53,15.2,1006.8,0.3,0.7,12,1351.5,0
2019-07-07 19:19:00,3,45,23.0,54,15.2,1006.8,0,0.7,12,1351.5,0
2019-07-07 19:22:00,3,45,23.0,54,15.2,1006.8,0.7,1.0,12,1351.5,0
2019-07-07 19:25:00,3,45,23.0,54,15.2,1006.8,2.0,2.4,12,1351.5,0
2019-07-07 19:28:00,3,45,23.0,55,15.2,1006.8,0.7,1.0,14,1351.5,0
2019-07-07 19:31:00,3,45,23.0,54,15.2,1006.8,1.0,1.7,12,1351.5,0
2019-07-07 19:34:00,3,47,22.9,54,15.2,1006.8,1.0,1.4,11,1351.5,0
2019-07-07 19:37:00,3,47,22.9,55,15.2,1006.9,1.0,1.7,14,1351.5,0
2019-07-07 19:40:00,3,47,22.9,55,15.2,1006.8,1.4,2.0,12,1351.5,0
2019-07-07 19:43:00,3,47,22.9,55,15.2,1007.0,1.0,1.7,12,1351.5,0
2019-07-07 19:46:00,3,47,22.9,55,15.1,1007.0,0.3,0.7,10,1351.5,0
2019-07-07 19:49:00,3,47,22.9,55,15.0,1007.0,0.7,1.0,12,1351.5,0
2019-07-07 19:52:00,3,47,22.9,56,15.0,1007.0,0,0,12,1351.5,0
2019-07-07 19:55:00,3,47,22.9,56,14.9,1007.0,0.3,0.7,12,1351.5,0
2019-07-07 19:58:00,3,47,22.9,56,14.8,1007.1,1.0,1.4,8,1351.5,0
2019-07-07 20:01:00,3,47,22.9,57,14.8,1007.1,0.7,1.0,12,1351.5,0
2019-07-07 20:04:00,3,47,22.9,57,14.8,1007.2,0.7,1.0,12,1351.5,0
2019-07-07 20:07:00,3,47,22.9,56,14.6,1007.1,2.4,3.7,14,1351.5,0
2019-07-07 20:10:00,3,47,22.9,56,14.6,1007.0,1.4,1.7,12,1351.5,0
2019-07-07 20:13:00,3,47,22.9,56,14.5,1007.1,1.0,1.4,9,1351.5,0
2019-07-07 20:16:00,3,47,22.9,56,14.4,1007.2,1.7,2.4,14,1351.5,0
2019-07-07 20:19:00,3,47,22.9,56,14.4,1007.2,1.0,1.4,14,1351.5,0
2019-07-07 20:22:00,3,47,22.9,57,14.3,1007.2,1.0,1.4,12,1351.5,0
2019-07-07 20:25:00,3,47,22.8,57,14.2,1007.2,1.0,1.4,0,1351.5,0
2019-07-07 20:28:00,3,47,22.8,57,14.1,1007.2,2.4,3.7,14,1351.5,0
2019-07-07 20:31:00,3,47,22.8,58,14.1,1007.2,1.0,2.0,12,1351.5,0
2019-07-07 20:34:00,3,47,22.8,58,14.1,1007.2,1.4,2.0,12,1351.5,0
2019-07-07 20:37:00,3,47,22.8,59,14.0,1007.2,1.4,1.7,12,1351.5,0
2019-07-07 20:40:00,3,47,22.7,59,13.9,1007.2,1.0,1.4,12,1351.5,0
2019-07-07 20:43:00,3,47,22.7,60,13.9,1007.2,0,0.3,10,1351.5,0
2019-07-07 20:46:00,3,47,22.7,60,13.8,1007.2,0.7,1.0,14,1351.5,0
2019-07-07 20:49:00,3,46,22.7,60,13.8,1007.2,1.4,2.0,14,1351.5,0
2019-07-07 20:52:00,3,46,22.7,60,13.8,1007.2,1.7,2.4,8,1351.5,0
2019-07-07 20:55:00,3,46,22.7,60,13.8,1007.2,0.7,1.0,12,1351.5,0
2019-07-07 20:58:00,3,46,22.7,60,13.7,1007.3,1.0,1.4,12,1351.5,0
2019-07-07 21:01:00,3,46,22.7,61,13.6,1007.3,0.7,1.4,14,1351.5,0
2019-07-07 21:04:00,3,46,22.7,61,13.6,1007.4,0.7,1.0,12,1351.5,0
2019-07-07 21:07:00,3,46,22.7,61,13.6,1007.4,0,0,14,1351.5,0
2019-07-07 21:10:00,3,46,22.7,61,13.6,1007.5,0.7,1.4,10,1351.5,0
2019-07-07 21:13:00,3,46,22.7,61,13.5,1007.4,0.7,1.0,12,1351.5,0
2019-07-07 21:16:00,3,46,22.7,62,13.5,1007.4,0.7,1.0,12,1351.5,0
2019-07-07 21:19:00,3,46,22.7,62,13.5,1007.5,0.7,1.0,12,1351.5,0
2019-07-07 21:22:00,3,46,22.7,62,13.5,1007.5,0.3,0.7,12,1351.5,0
2019-07-07 21:25:00,3,46,22.7,62,13.5,1007.5,0.7,1.0,14,1351.5,0
2019-07-07 21:28:00,3,46,22.7,62,13.6,1007.5,0.7,1.0,12,1351.5,0
2019-07-07 21:31:00,3,46,22.7,62,13.6,1007.5,0.3,0.7,12,1351.5,0
2019-07-07 21:34:00,3,46,22.7,62,13.6,1007.5,1.0,1.4,12,1351.5,0
2019-07-07 21:37:00,3,46,22.6,62,13.6,1007.6,0.7,1.0,12,1351.5,0
2019-07-07 21:40:00,3,46,22.6,62,13.6,1007.4,1.0,2.4,14,1351.5,0
2019-07-07 21:43:00,3,46,22.6,62,13.6,1007.4,0.7,1.0,12,1351.5,0
2019-07-07 21:46:00,3,46,22.6,62,13.6,1007.4,1.0,1.4,12,1351.5,0
2019-07-07 21:49:00,3,46,22.6,63,13.6,1007.5,1.0,2.0,14,1351.5,0
2019-07-07 21:52:00,3,46,22.6,62,13.6,1007.6,0.7,1.4,14,1351.5,0
2019-07-07 21:55:00,3,46,22.6,63,13.6,1007.6,0.7,1.0,12,1351.5,0
2019-07-07 21:58:00,3,46,22.6,63,13.6,1007.6,1.0,2.0,12,1351.5,0
