2019-07-27 00:01:00,3,45,26.2,63,21.2,1005.2,0.7,1.4,0,1369.5,0
2019-07-27 00:04:00,3,45,25.4,63,21.2,1005.1,0.7,1.4,0,1369.5,0
2019-07-27 00:07:00,3,46,25.4,62,21.2,1005.2,0.7,1.0,0,1369.5,0
2019-07-27 00:10:00,3,45,25.4,62,21.2,1005.1,2.4,5.1,2,1369.5,0
2019-07-27 00:13:00,3,45,25.3,61,21.3,1005.1,0.7,1.4,4,1369.5,0
2019-07-27 00:16:00,3,45,25.3,61,21.3,1005.1,1.7,2.4,4,1369.5,0
2019-07-27 00:19:00,3,44,25.3,61,21.4,1005.1,1.0,1.7,4,1369.5,0
2019-07-27 00:22:00,3,44,25.3,60,21.4,1005.0,0.7,1.0,0,1369.5,0
2019-07-27 00:25:00,3,44,25.3,60,21.4,1005.0,1.0,1.4,0,1369.5,0
2019-07-27 00:28:00,3,44,25.3,60,21.4,1005.0,0.7,1.0,4,1369.5,0
2019-07-27 00:31:00,3,44,25.4,60,21.4,1005.0,1.0,1.7,14,1369.5,0
2019-07-27 00:34:00,3,44,25.4,60,21.4,1005.0,1.7,2.4,0,1369.5,0
2019-07-27 00:37:00,3,43,25.3,60,21.4,1004.9,0.7,1.0,1,1369.5,0
2019-07-27 00:40:00,3,43,25.3,60,21.3,1005.0,1.4,2.0,0,1369.5,0
2019-07-27 00:43:00,3,44,25.3,60,21.3,1004.9,1.7,2.7,4,1369.5,0
2019-07-27 00:46:00,3,44,25.3,60,21.3,1005.0,1.0,1.7,2,1369.5,0
2019-07-27 00:49:00,3,43,25.3,60,21.2,1004.9,0.3,0.7,2,1369.5,0
2019-07-27 00:52:00,3,44,25.3,60,21.2,1004.8,0.3,0.7,0,1369.5,0
2019-07-27 00:55:00,3,43,25.3,60,21.1,1004.9,1.0,1.7,0,1369.5,0
2019-07-27 00:58:00,3,43,25.3,61,21.1,1004.9,0.7,1.0,2,1369.5,0
2019-07-27 01:01:00,3,43,25.3,61,21.1,1004.9,1.0,1.4,4,1369.5,0
2019-07-27 01:04:00,3,43,25.3,61,21.0,1004.7,1.0,1.4,5,1369.5,0
2019-07-27 01:07:00,3,44,25.3,61,21.0,1004.8,0.7,1.0,2,1369.5,0
2019-07-27 01:10:00,3,44,25.3,61,21.0,1004.7,0.7,1.4,3,1369.5,0
2019-07-27 01:13:00,3,44,25.3,61,20.9,1004.7,0.7,1.4,2,1369.5,0
2019-07-27 01:16:00,3,44,25.3,61,20.9,1004.7,1.7,2.7,2,1369.5,0
2019-07-27 01:19:00,3,44,25.3,62,21.0,1004.6,1.0,2.0,0,1369.5,0
2019-07-27 01:22:00,3,44,25.3,62,21.0,1004.6,0.3,1.0,0,1369.5,0
2019-07-27 01:25:00,3,44,25.3,62,21.0,1004.6,1.7,2.7,6,1369.5,0
2019-07-27 01:28:00,3,44,25.3,62,21.0,1004.5,2.0,2.7,15,1369.5,0
2019-07-27 01:31:00,3,44,25.3,62,21.0,1004.6,1.7,2.7,6,1369.5,0
2019-07-27 01:34:00,3,44,25.3,62,21.0,1004.5,0.3,0.7,2,1369.5,0
2019-07-27 01:37:00,3,45,25.2,62,20.9,1004.5,1.4,2.0,2,1369.5,0
2019-07-27 01:40:00,3,45,25.2,62,20.9,1004.5,0.7,1.0,2,1369.5,0
2019-07-27 01:43:00,3,45,25.2,62,20.9,1004.5,0.3,1.0,0,1369.5,0
2019-07-27 01:46:00,3,45,25.2,62,20.8,1004.4,0.3,1.0,0,1369.5,0
2019-07-27 01:49:00,3,45,25.2,63,20.7,1004.3,1.4,1.7,2,1369.5,0
2019-07-27 01:52:00,3,45,25.2,63,20.7,1004.4,0.7,1.0,2,1369.5,0
2019-07-27 01:55:00,3,45,25.2,63,20.6,1004.3,1.0,1.4,2,1369.5,0
2019-07-27 01:58:00,3,45,25.2,63,20.5,1004.4,1.4,1.7,2,1369.5,0
2019-07-27 02:01:00,3,45,25.2,63,20.5,1004.3,1.0,1.0,0,1369.5,0
2019-07-27 02:04:00,3,46,25.2,63,20.5,1004.2,1.0,1.0,0,1369.5,0
2019-07-27 02:07:00,3,46,25.2,63,20.5,1004.2,1.0,1.0,0,1369.5,0
2019-07-27 02:10:00,3,46,25.2,64,20.3,1004.1,0.3,0.7,1,1369.5,0
2019-07-27 02:13:00,3,46,25.2,64,20.3,1004.2,1.0,1.7,0,1369.5,0
2019-07-27 02:16:00,3,46,25.2,65,20.3,1004.2,2.0,3.1,2,1369.5,0
2019-07-27 02:19:00,3,46,25.1,65,20.3,1004.2,1.0,1.4,2,1369.5,0
2019-07-27 02:22:00,3,46,25.1,65,20.2,1004.2,1.4,3.4,2,1369.5,0
2019-07-27 02:25:00,3,46,25.1,65,20.2,1004.2,0.7,1.0,0,1369.5,0
2019-07-27 02:28:00,3,46,25.1,65,20.2,1004.3,0.3,0.7,0,1369.5,0
2019-07-27 02:31:00,3,47,25.1,65,20.1,1004.3,0.3,0.7,0,1369.5,0
2019-07-27 02:34:00,3,47,25.1,66,20.0,1004.3,0,0.3,0,1369.5,0
2019-07-27 02:37:00,3,47,25.1,66,20.0,1004.2,0,0,4,1369.5,0
2019-07-27 02:40:00,3,47,25.1,66,19.9,1004.3,0.3,0.7,0,1369.5,0
2019-07-27 02:43:00,3,47,25.1,67,19.8,1004.3,0.3,0.7,0,1369.5,0
2019-07-27 02:46:00,3,48,25.1,67,19.7,1004.4,0.3,0.7,0,1369.5,0
2019-07-27 02:49:00,3,48,25.1,68,19.6,1004.3,0.3,0.7,2,1369.5,0
2019-07-27 02:52:00,3,48,25.0,68,19.5,1004.3,0,0.7,0,1369.5,0
2019-07-27 02:55:00,3,48,25.0,69,19.4,1004.3,0.7,0.7,0,1369.5,0
2019-07-27 02:58:00,3,48,25.0,69,19.4,1004.2,0.3,1.0,0,1369.5,0
2019-07-27 03:01:00,3,48,25.0,70,19.3,1004.2,0.7,1.4,0,1369.5,0
2019-07-27 03:04:00,3,48,25.0,70,19.2,1004.2,0.3,0.7,0,1369.5,0
2019-07-27 03:07:00,3,48,25.0,70,19.2,1004.2,0.3,0.7,0,1369.5,0
2019-07-27 03:10:00,3,49,25.0,70,19.0,1004.2,0,0.7,0,1369.5,0
2019-07-27 03:13:00,3,49,25.0,70,19.0,1004.2,0.3,0.7,0,1369.5,0
2019-07-27 03:16:00,3,49,25.0,71,18.9,1004.3,0.3,0.7,0,1369.5,0
2019-07-27 03:19:00,3,50,24.8,71,18.8,1004.3,0.3,0.7,0,1369.5,0
2019-07-27 03:22:00,3,50,24.8,71,18.8,1004.3,0.3,0.7,2,1369.5,0
2019-07-27 03:25:00,3,50,24.8,71,18.7,1004.2,0.7,1.0,0,1369.5,0
2019-07-27 03:28:00,3,51,24.8,72,18.7,1004.2,0.7,1.0,0,1369.5,0
2019-07-27 03:31:00,3,51,24.8,72,18.8,1004.1,0,0.3,2,1369.5,0
2019-07-27 03:34:00,3,51,24.8,72,18.8,1004.2,0.7,1.0,2,1369.5,0
2019-07-27 03:37:00,3,51,24.8,72,18.7,1004.1,0.3,0.7,0,1369.5,0
2019-07-27 03:40:00,3,51,24.8,72,18.7,1004.1,0,0,0,1369.5,0
2019-07-27 03:43:00,3,51,24.7,72,18.7,1004.1,0.7,1.0,0,1369.5,0
2019-07-27 03:46:00,3,51,24.7,73,18.7,1004.1,1.0,1.4,15,1369.5,0
2019-07-27 03:49:00,3,51,24.7,73,18.7,1004.1,0.7,1.4,0,1369.5,0
2019-07-27 03:52:00,3,51,24.7,73,18.7,1004.1,1.4,1.7,2,1369.5,0
2019-07-27 03:55:00,3,51,24.7,73,18.7,1004.0,1.0,1.4,0,1369.5,0
2019-07-27 03:58:00,3,52,24.7,73,18.7,1003.9,1.0,1.7,0,1369.5,0
2019-07-27 04:01:00,3,52,24.6,73,18.7,1004.0,1.0,1.4,0,1369.5,0
2019-07-27 04:04:00,3,52,24.6,73,18.7,1004.0,1.0,1.4,0,1369.5,0
2019-07-27 04:07:00,3,52,24.5,73,18.7,1004.1,1.0,1.4,0,1369.5,0
2019-07-27 04:10:00,3,52,24.5,73,18.7,1004.0,0,0,0,1369.5,0
2019-07-27 04:13:00,3,52,24.5,73,18.8,1004.0,1.4,1.7,4,1369.5,0
2019-07-27 04:16:00,3,52,24.5,74,18.8,1004.0,1.0,1.4,0,1369.5,0
2019-07-27 04:19:00,3,52,24.5,74,18.8,1004.0,1.0,1.4,4,1369.5,0
2019-07-27 04:22:00,3,52,24.5,73,18.8,1004.0,0,0.3,0,1369.5,0
2019-07-27 04:25:00,3,52,24.5,73,18.9,1003.9,0.3,0.7,0,1369.5,0
2019-07-27 04:28:00,3,52,24.5,74,19.0,1004.0,1.7,2.4,0,1369.5,0
2019-07-27 04:31:00,3,52,24.5,74,19.0,1004.0,0.7,1.0,14,1369.5,0
2019-07-27 04:34:00,3,53,24.4,73,19.0,1004.0,0.7,1.0,0,1369.5,0
2019-07-27 04:37:00,3,53,24.4,73,19.1,1004.0,1.0,1.4,4,1369.5,0
2019-07-27 04:40:00,3,53,24.4,73,19.1,1004.0,1.0,1.7,0,1369.5,0
2019-07-27 04:43:00,3,53,24.4,73,19.2,1003.9,0.7,1.0,4,1369.5,0
2019-07-27 04:46:00,3,53,24.4,73,19.2,1004.0,0.7,1.0,0,1369.5,0
2019-07-27 04:49:00,3,53,24.3,73,19.3,1004.2,1.0,1.7,0,1369.5,0
2019-07-27 04:52:00,3,53,24.3,73,19.3,1004.1,1.0,1.7,0,1369.5,0
2019-07-27 04:55:00,3,53,24.4,73,19.4,1004.1,1.4,1.7,2,1369.5,0
2019-07-27 04:58:00,3,53,24.3,73,19.4,1004.2,1.0,1.4,2,1369.5,0
2019-07-27 05:01:00,3,53,24.3,73,19.4,1004.1,1.4,2.0,2,1369.5,0
2019-07-27 05:04:00,3,53,24.2,73,19.5,1004.1,1.0,1.7,14,1369.5,0
2019-07-27 05:07:00,3,53,24.3,73,19.5,1004.1,2.7,3.1,0,1369.5,0
2019-07-27 05:10:00,3,53,24.3,72,19.5,1004.1,1.0,1.7,0,1369.5,0
2019-07-27 05:13:00,3,53,24.2,72,19.6,1004.1,0.3,0.7,0,1369.5,0
2019-07-27 05:16:00,3,53,24.2,73,19.7,1004.1,0.7,1.0,2,1369.5,0
2019-07-27 05:19:00,3,53,24.2,72,19.7,1004.0,1.0,1.7,0,1369.5,0
2019-07-27 05:22:00,3,54,24.2,72,19.8,1004.1,1.7,2.7,4,1369.5,0
2019-07-27 05:25:00,3,54,24.2,72,19.8,1004.0,1.4,2.0,2,1369.5,0
2019-07-27 05:28:00,3,54,24.2,72,19.9,1004.1,1.4,1.7,0,1369.5,0
2019-07-27 05:31:00,3,54,24.2,72,19.9,1004.0,1.0,1.4,0,1369.5,0
2019-07-27 05:34:00,3,54,24.2,72,20.0,1004.0,1.0,2.0,10,1369.5,0
2019-07-27 05:37:00,3,54,24.2,71,20.0,1003.9,1.0,1.4,0,1369.5,0
2019-07-27 05:40:00,3,54,24.2,71,20.1,1003.9,0.3,1.0,0,1369.5,0
2019-07-27 05:43:00,3,54,24.2,71,20.2,1004.0,1.4,2.0,0,1369.5,0
2019-07-27 05:46:00,3,54,24.2,71,20.2,1003.9,0.7,1.0,4,1369.5,0
2019-07-27 05:49:00,3,54,24.2,71,20.3,1003.9,1.0,1.7,0,1369.5,0
2019-07-27 05:52:00,3,54,24.2,71,20.4,1004.0,1.0,1.4,0,1369.5,0
2019-07-27 05:55:00,3,54,24.2,70,20.5,1004.1,2.4,3.1,14,1369.5,0
2019-07-27 05:58:00,3,54,24.2,70,20.5,1004.1,1.7,2.4,2,1369.5,0
2019-07-27 06:01:00,3,54,24.2,70,20.5,1004.1,2.0,2.7,2,1369.5,0
2019-07-27 06:04:00,3,54,24.3,70,20.5,1004.1,2.0,2.7,2,1369.5,0
2019-07-27 06:07:00,3,54,24.3,70,20.6,1004.2,1.0,1.4,0,1369.5,0
2019-07-27 06:10:00,3,54,24.3,70,20.7,1004.2,1.0,1.7,13,1369.5,0
2019-07-27 06:13:00,3,54,24.3,70,21.0,1004.1,1.7,2.4,2,1369.5,0
2019-07-27 06:16:00,3,54,24.4,68,21.4,1004.2,1.4,2.4,2,1369.5,0
2019-07-27 06:19:00,3,54,24.3,66,21.7,1004.1,1.7,2.4,2,1369.5,0
2019-07-27 06:22:00,3,54,24.3,65,21.9,1004.0,1.7,2.7,2,1369.5,0
2019-07-27 06:25:00,3,54,24.3,65,22.1,1004.0,0.7,1.0,4,1369.5,0
2019-07-27 06:28:00,3,54,24.3,62,22.5,1004.1,1.0,1.7,0,1369.5,0
2019-07-27 06:31:00,3,54,24.4,61,22.5,1004.0,0.7,1.0,0,1369.5,0
2019-07-27 06:34:00,3,54,24.4,61,22.9,1004.1,1.7,2.4,0,1369.5,0
2019-07-27 06:37:00,3,54,24.4,60,23.0,1004.1,1.0,1.7,2,1369.5,0
2019-07-27 06:40:00,3,54,24.4,61,23.2,1004.1,0.3,0.7,0,1369.5,0
2019-07-27 06:43:00,3,54,24.4,60,23.5,1004.2,0.3,0.3,2,1369.5,0
2019-07-27 06:46:00,3,54,24.4,58,23.7,1004.1,1.0,1.4,0,1369.5,0
2019-07-27 06:49:00,3,54,24.4,57,23.5,1004.1,1.7,2.0,2,1369.5,0
2019-07-27 06:52:00,3,54,24.4,58,23.3,1004.0,1.7,2.0,0,1369.5,0
2019-07-27 06:55:00,3,54,24.4,58,23.2,1004.1,2.0,2.7,0,1369.5,0
2019-07-27 06:58:00,3,54,24.5,58,23.2,1004.1,1.7,2.4,0,1369.5,0
2019-07-27 07:01:00,3,54,24.7,58,23.3,1004.1,2.0,3.1,0,1369.5,0
2019-07-27 07:04:00,3,53,25.0,57,23.6,1004.1,1.7,2.7,2,1369.5,0
2019-07-27 07:07:00,3,52,25.0,58,23.7,1004.1,0.7,1.4,2,1369.5,0
2019-07-27 07:10:00,3,52,25.1,56,24.1,1004.1,1.7,2.0,14,1369.5,0
2019-07-27 07:13:00,3,52,25.2,57,24.2,1003.9,0.3,0.7,2,1369.5,0
2019-07-27 07:16:00,3,52,25.2,55,24.6,1004.0,1.4,2.0,14,1369.5,0
2019-07-27 07:19:00,3,51,25.2,54,24.7,1004.1,1.7,2.4,4,1369.5,0
2019-07-27 07:22:00,3,51,25.2,53,24.6,1004.0,1.0,1.7,2,1369.5,0
2019-07-27 07:25:00,3,51,25.2,54,24.9,1004.0,1.0,1.4,0,1369.5,0
2019-07-27 07:28:00,3,51,25.3,54,24.9,1003.9,0.7,1.4,2,1369.5,0
2019-07-27 07:31:00,3,50,26.2,53,24.8,1003.9,1.7,2.0,2,1369.5,0
2019-07-27 07:34:00,3,49,26.2,53,24.7,1003.7,0.7,1.0,2,1369.5,0
2019-07-27 07:37:00,3,49,26.2,53,24.8,1003.8,1.0,1.7,0,1369.5,0
2019-07-27 07:40:00,3,49,26.2,53,25.1,1003.8,0.3,0.7,2,1369.5,0
2019-07-27 07:43:00,3,49,26.2,52,25.2,1003.7,0.7,1.0,8,1369.5,0
2019-07-27 07:46:00,3,49,26.2,51,25.3,1003.7,0.7,1.0,0,1369.5,0
2019-07-27 07:49:00,3,49,26.3,52,25.4,1003.7,0.7,1.0,14,1369.5,0
2019-07-27 07:52:00,3,49,26.3,52,25.5,1003.9,1.7,2.4,2,1369.5,0
2019-07-27 07:55:00,3,49,26.3,51,25.0,1003.8,2.4,3.1,0,1369.5,0
2019-07-27 07:58:00,3,49,26.3,52,24.9,1003.9,2.0,2.4,1,1369.5,0
2019-07-27 08:01:00,3,49,26.4,52,24.7,1003.7,1.4,2.0,14,1369.5,0
2019-07-27 08:04:00,3,49,26.3,52,24.7,1003.8,1.4,2.0,14,1369.5,0
2019-07-27 08:07:00,3,49,26.3,51,25.2,1003.6,0.7,2.0,6,1369.5,0
2019-07-27 08:10:00,3,49,26.2,50,25.3,1003.7,1.4,2.4,4,1369.5,0
2019-07-27 08:13:00,3,49,26.2,50,25.4,1003.7,1.7,2.4,4,1369.5,0
2019-07-27 08:16:00,3,49,26.2,50,25.2,1003.6,2.4,3.7,2,1369.5,0
2019-07-27 08:19:00,3,49,26.1,50,25.1,1003.6,1.4,1.7,2,1369.5,0
2019-07-27 08:22:00,3,49,26.1,50,25.3,1003.5,1.4,1.7,14,1369.5,0
2019-07-27 08:25:00,3,49,26.1,50,25.6,1003.5,1.4,2.4,4,1369.5,0
2019-07-27 08:28:00,3,49,26.1,47,25.5,1003.6,2.4,3.7,14,1369.5,0
2019-07-27 08:31:00,3,49,26.1,48,25.4,1003.5,1.7,2.4,4,1369.5,0
2019-07-27 08:34:00,3,49,26.2,48,25.5,1003.5,2.0,2.7,2,1369.5,0
2019-07-27 08:37:00,3,50,26.1,49,25.4,1003.5,1.0,1.4,4,1369.5,0
2019-07-27 08:40:00,3,51,25.3,50,25.9,1003.5,0.7,1.0,6,1369.5,0
2019-07-27 08:43:00,3,51,25.3,48,26.1,1003.4,1.4,2.7,2,1369.5,0
2019-07-27 08:46:00,3,51,25.3,47,26.0,1003.4,4.4,5.8,2,1369.5,0
2019-07-27 08:49:00,3,51,25.3,48,25.8,1003.4,1.0,1.4,0,1369.5,0
2019-07-27 08:52:00,3,51,25.3,48,25.9,1003.3,2.0,2.7,4,1369.5,0
2019-07-27 08:55:00,3,51,25.3,49,26.0,1003.3,2.4,3.4,0,1369.5,0
2019-07-27 08:58:00,3,51,25.3,49,26.0,1003.3,2.0,2.7,2,1369.5,0
2019-07-27 09:01:00,3,51,25.3,48,25.7,1003.3,0.7,1.0,8,1369.5,0
2019-07-27 09:04:00,3,51,25.3,50,25.8,1003.3,1.0,1.7,14,1369.5,0
2019-07-27 09:07:00,3,51,25.3,49,26.0,1003.2,1.7,2.4,1,1369.5,0
2019-07-27 09:10:00,3,51,26.1,48,26.0,1003.2,3.4,4.1,2,1369.5,0
2019-07-27 09:13:00,3,51,26.2,49,25.9,1003.2,1.7,2.7,2,1369.5,0
2019-07-27 09:16:00,3,51,26.2,48,26.1,1003.3,2.7,3.7,4,1369.5,0
2019-07-27 09:19:00,3,50,26.2,47,26.0,1003.2,2.7,3.7,2,1369.5,0
2019-07-27 09:22:00,3,50,26.3,49,26.0,1003.1,1.4,2.0,0,1369.5,0
2019-07-27 09:25:00,3,50,26.3,48,26.3,1003.2,1.4,2.0,0,1369.5,0
2019-07-27 09:28:00,3,50,26.3,46,26.1,1003.2,4.8,5.8,2,1369.5,0
2019-07-27 09:31:00,3,50,26.2,48,25.9,1003.2,1.4,2.4,2,1369.5,0
2019-07-27 09:34:00,3,50,26.2,48,26.2,1003.2,2.0,2.7,0,1369.5,0
2019-07-27 09:37:00,3,50,26.2,47,26.5,1003.2,1.7,2.0,0,1369.5,0
2019-07-27 09:40:00,3,50,26.2,45,26.4,1003.1,2.4,3.4,0,1369.5,0
2019-07-27 09:43:00,3,50,26.1,47,26.3,1003.1,1.4,2.0,2,1369.5,0
2019-07-27 09:46:00,3,50,26.1,48,26.1,1003.1,1.0,1.7,0,1369.5,0
2019-07-27 09:49:00,3,51,26.2,48,26.1,1003.0,3.4,4.1,0,1369.5,0
2019-07-27 09:52:00,3,51,26.2,47,26.0,1002.9,2.0,3.1,0,1369.5,0
2019-07-27 09:55:00,3,51,26.2,49,26.2,1003.0,1.0,1.4,4,1369.5,0
2019-07-27 09:58:00,3,51,26.2,47,26.9,1003.0,1.7,2.7,13,1369.5,0
2019-07-27 10:01:00,3,51,26.2,43,26.8,1002.9,1.7,2.4,2,1369.5,0
2019-07-27 10:04:00,3,51,26.2,43,26.8,1002.9,1.7,2.4,2,1369.5,0
2019-07-27 10:07:00,3,51,26.2,43,27.2,1002.9,1.4,2.4,14,1369.5,0
2019-07-27 10:10:00,3,51,26.1,43,27.2,1002.9,1.7,2.0,4,1369.5,0
2019-07-27 10:13:00,3,51,26.2,43,27.2,1002.8,3.1,4.8,4,1369.5,0
2019-07-27 10:16:00,3,51,26.2,44,26.8,1002.9,1.4,2.0,14,1369.5,0
2019-07-27 10:19:00,3,51,26.1,44,26.8,1002.9,1.0,1.4,8,1369.5,0
2019-07-27 10:22:00,3,51,26.2,43,27.0,1002.8,1.4,2.4,4,1369.5,0
2019-07-27 10:25:00,3,51,26.2,43,26.5,1002.9,2.0,3.1,14,1369.5,0
2019-07-27 10:28:00,3,51,26.1,44,26.6,1002.6,1.0,2.4,6,1369.5,0
2019-07-27 10:31:00,3,51,26.1,44,26.6,1002.7,1.7,2.4,4,1369.5,0
2019-07-27 10:34:00,3,51,26.1,43,26.5,1002.7,1.4,2.0,14,1369.5,0
2019-07-27 10:37:00,3,51,26.1,43,26.1,1002.7,2.7,4.4,0,1369.5,0
2019-07-27 10:40:00,3,51,26.1,44,25.7,1002.7,1.4,2.0,0,1369.5,0
2019-07-27 10:43:00,3,51,26.1,45,25.8,1002.6,1.7,2.4,2,1369.5,0
2019-07-27 10:46:00,3,52,26.1,44,26.0,1002.6,2.0,2.7,10,1369.5,0
2019-07-27 10:49:00,3,52,26.1,44,26.1,1002.6,1.4,1.7,6,1369.5,0
2019-07-27 10:52:00,3,52,26.1,43,26.4,1002.6,3.1,4.1,4,1369.5,0
2019-07-27 10:55:00,3,52,26.1,43,26.2,1002.5,1.4,2.0,4,1369.5,0
2019-07-27 10:58:00,3,52,26.1,43,26.3,1002.5,1.4,3.1,4,1369.5,0
2019-07-27 11:01:00,3,52,26.1,43,26.4,1002.5,1.4,2.0,14,1369.5,0
2019-07-27 11:04:00,3,52,26.1,42,26.5,1002.5,2.7,3.4,0,1369.5,0
2019-07-27 11:07:00,3,52,26.2,42,26.6,1002.4,1.4,1.7,4,1369.5,0
2019-07-27 11:10:00,3,52,26.2,42,27.2,1002.4,1.0,1.4,8,1369.5,0
2019-07-27 11:13:00,3,52,26.2,37,27.5,1002.4,2.0,2.4,4,1369.5,0
2019-07-27 11:16:00,3,52,26.2,41,27.4,1002.2,1.0,1.4,12,1369.5,0
2019-07-27 11:19:00,3,52,26.1,41,27.3,1002.3,2.4,3.1,0,1369.5,0
2019-07-27 11:22:00,3,52,26.1,39,27.5,1002.3,1.4,2.0,4,1369.5,0
2019-07-27 11:25:00,3,52,26.1,37,28.0,1002.2,1.4,2.0,2,1369.5,0
2019-07-27 11:28:00,3,52,26.2,37,28.2,1002.3,1.7,2.0,2,1369.5,0
2019-07-27 11:31:00,3,52,26.1,35,28.4,1002.2,1.7,2.4,12,1369.5,0
2019-07-27 11:34:00,3,52,26.1,35,28.6,1002.1,2.0,2.7,12,1369.5,0
2019-07-27 11:37:00,3,52,26.1,36,28.7,1002.1,0.7,1.0,0,1369.5,0
2019-07-27 11:40:00,3,52,26.1,35,28.7,1002.1,2.0,3.1,0,1369.5,0
2019-07-27 11:43:00,3,52,26.2,37,28.7,1002.1,0.3,0.7,15,1369.5,0
2019-07-27 11:46:00,3,52,26.2,35,28.4,1002.1,2.7,3.4,0,1369.5,0
2019-07-27 11:49:00,3,52,26.2,36,27.7,1002.0,1.4,2.0,0,1369.5,0
2019-07-27 11:52:00,3,52,26.2,41,27.2,1002.0,0.7,1.4,0,1369.5,0
2019-07-27 11:55:00,3,52,26.1,41,27.0,1002.1,1.7,2.4,0,1369.5,0
2019-07-27 11:58:00,3,52,26.1,41,27.2,1002.0,2.0,2.4,8,1369.5,0
2019-07-27 12:01:00,3,52,26.1,41,27.2,1001.9,2.0,2.4,4,1369.5,0
2019-07-27 12:04:00,3,52,26.1,41,27.2,1001.8,2.0,2.4,4,1369.5,0
2019-07-27 12:07:00,3,52,26.2,41,27.2,1001.8,1.4,2.7,0,1369.5,0
2019-07-27 12:10:00,3,52,26.2,41,27.2,1001.7,1.0,1.4,8,1369.5,0
2019-07-27 12:13:00,3,52,26.2,41,27.3,1001.7,1.4,2.4,4,1369.5,0
2019-07-27 12:16:00,3,52,26.2,35,27.5,1001.7,2.4,3.1,2,1369.5,0
2019-07-27 12:19:00,3,52,26.1,35,27.7,1001.5,2.7,4.4,6,1369.5,0
2019-07-27 12:22:00,3,52,26.1,36,28.1,1001.5,2.4,4.1,2,1369.5,0
2019-07-27 12:25:00,3,51,26.1,36,28.1,1001.6,2.4,4.1,4,1369.5,0
2019-07-27 12:28:00,3,51,26.2,35,27.7,1001.6,2.0,4.8,0,1369.5,0
2019-07-27 12:31:00,3,51,26.2,37,27.7,1001.5,1.0,1.7,2,1369.5,0
2019-07-27 12:34:00,3,51,26.2,35,27.6,1001.4,2.7,3.7,0,1369.5,0
2019-07-27 12:37:00,3,51,26.2,36,27.9,1001.4,2.4,3.1,4,1369.5,0
2019-07-27 12:40:00,3,51,26.2,35,28.2,1001.3,1.7,2.4,0,1369.5,0
2019-07-27 12:43:00,3,51,26.2,35,28.3,1001.4,1.0,1.7,10,1369.5,0
2019-07-27 12:46:00,3,51,26.2,34,28.3,1001.3,1.4,2.0,0,1369.5,0
2019-07-27 12:49:00,3,51,26.2,35,27.7,1001.3,2.4,2.7,2,1369.5,0
2019-07-27 12:52:00,3,51,26.3,40,27.2,1001.3,1.7,2.4,0,1369.5,0
2019-07-27 12:55:00,3,51,26.3,40,26.9,1001.3,2.0,3.1,2,1369.5,0
2019-07-27 12:58:00,3,51,26.3,41,26.7,1001.2,2.0,3.1,2,1369.5,0
2019-07-27 13:01:00,3,51,26.3,41,26.5,1001.3,1.0,2.0,2,1369.5,0
2019-07-27 13:04:00,3,51,26.3,42,26.5,1001.2,1.4,2.4,12,1369.5,0
2019-07-27 13:07:00,3,51,26.3,42,26.5,1001.3,1.4,1.7,2,1369.5,0
2019-07-27 13:10:00,3,51,26.3,42,26.5,1001.3,1.7,2.0,14,1369.5,0
2019-07-27 13:13:00,3,51,26.3,42,26.8,1001.1,1.4,1.7,2,1369.5,0
2019-07-27 13:16:00,3,51,26.3,41,27.2,1001.0,1.7,2.7,9,1369.5,0
2019-07-27 13:19:00,3,51,26.3,38,27.5,1001.0,1.0,1.4,0,1369.5,0
2019-07-27 13:22:00,3,51,26.3,36,27.6,1001.1,1.7,2.4,0,1369.5,0
2019-07-27 13:25:00,3,51,26.3,36,28.0,1000.9,2.7,3.7,4,1369.5,0
2019-07-27 13:28:00,3,51,26.3,36,28.1,1000.9,3.1,4.1,14,1369.5,0
2019-07-27 13:31:00,3,51,26.3,36,27.8,1000.8,2.4,4.4,0,1369.5,0
2019-07-27 13:34:00,3,51,26.4,36,27.6,1001.0,1.7,2.7,13,1369.5,0
2019-07-27 13:37:00,3,51,26.4,41,27.4,1000.9,1.4,1.7,4,1369.5,0
2019-07-27 13:40:00,3,51,26.4,41,27.2,1000.8,2.4,3.4,0,1369.5,0
2019-07-27 13:43:00,3,51,26.5,41,27.1,1001.0,1.0,2.0,0,1369.5,0
2019-07-27 13:46:00,3,51,26.5,41,27.0,1000.7,1.7,2.4,0,1369.5,0
2019-07-27 13:49:00,3,51,26.5,42,26.9,1000.8,1.4,1.7,14,1369.5,0
2019-07-27 13:52:00,3,51,26.5,42,27.1,1000.7,2.4,2.7,0,1369.5,0
2019-07-27 13:55:00,3,51,26.5,41,27.3,1000.7,2.0,3.1,4,1369.5,0
2019-07-27 13:58:00,3,51,26.5,38,27.5,1000.6,2.0,2.7,0,1369.5,0
2019-07-27 14:01:00,3,51,26.5,37,27.6,1000.6,2.4,3.4,14,1369.5,0
2019-07-27 14:04:00,3,51,26.6,37,27.6,1000.5,2.4,3.4,14,1369.5,0
2019-07-27 14:07:00,3,51,26.6,37,27.6,1000.4,2.4,3.4,14,1369.5,0
2019-07-27 14:10:00,3,51,26.6,36,27.8,1000.3,2.0,2.4,0,1369.5,0
2019-07-27 14:13:00,3,51,26.6,36,28.0,1000.4,1.4,1.7,0,1369.5,0
2019-07-27 14:16:00,3,51,26.6,35,28.3,1000.2,1.7,3.4,2,1369.5,0
2019-07-27 14:19:00,3,51,26.6,34,28.4,1000.3,2.0,4.8,2,1369.5,0
2019-07-27 14:22:00,3,51,26.6,35,28.3,1000.3,1.7,2.4,0,1369.5,0
2019-07-27 14:25:00,3,51,26.6,34,28.3,1000.2,2.7,3.7,0,1369.5,0
2019-07-27 14:28:00,3,51,26.6,35,28.6,1000.0,1.4,2.0,0,1369.5,0
2019-07-27 14:31:00,3,51,26.8,34,28.6,1000.1,3.1,4.4,2,1369.5,0
2019-07-27 14:34:00,3,51,26.8,33,28.6,1000.1,2.4,3.1,1,1369.5,0
2019-07-27 14:37:00,3,51,26.8,33,28.5,999.9,1.7,2.4,14,1369.5,0
2019-07-27 14:40:00,3,51,26.8,33,28.6,999.9,1.4,2.0,0,1369.5,0
2019-07-27 14:43:00,3,51,26.8,33,28.5,1000.0,2.4,3.1,0,1369.5,0
2019-07-27 14:46:00,3,51,26.8,34,28.6,999.9,0.7,1.0,2,1369.5,0
2019-07-27 14:49:00,3,51,26.8,33,28.8,999.8,2.4,3.7,2,1369.5,0
2019-07-27 14:52:00,3,50,27.2,33,28.8,999.8,2.7,3.7,0,1369.5,0
2019-07-27 14:55:00,3,50,27.2,33,28.7,999.6,2.7,4.1,10,1369.5,0
2019-07-27 14:58:00,3,50,27.3,33,28.7,999.8,2.0,3.1,0,1369.5,0
2019-07-27 15:01:00,3,50,27.3,33,28.4,999.8,1.7,2.0,2,1369.5,0
2019-07-27 15:04:00,3,50,27.2,33,28.5,999.7,1.0,1.7,0,1369.5,0
2019-07-27 15:07:00,3,50,27.3,33,28.4,999.6,2.7,3.7,0,1369.5,0
2019-07-27 15:10:00,3,50,27.3,32,28.1,999.8,2.0,3.4,2,1369.5,0
2019-07-27 15:13:00,3,50,27.3,33,28.0,999.7,1.0,1.7,0,1369.5,0
2019-07-27 15:16:00,3,50,27.3,33,28.1,999.6,1.7,2.7,0,1369.5,0
2019-07-27 15:19:00,3,50,27.3,33,28.2,999.7,1.7,2.0,2,1369.5,0
2019-07-27 15:22:00,3,50,27.3,33,28.6,999.6,1.7,2.4,4,1369.5,0
2019-07-27 15:25:00,3,50,27.4,32,28.6,999.5,0.7,1.0,10,1369.5,0
2019-07-27 15:28:00,3,50,27.5,32,28.8,999.4,1.4,2.0,0,1369.5,0
2019-07-27 15:31:00,3,50,27.5,32,29.0,999.4,1.0,2.0,0,1369.5,0
2019-07-27 15:34:00,3,50,27.5,31,28.8,999.3,0.7,1.4,4,1369.5,0
2019-07-27 15:37:00,3,50,27.5,32,28.8,999.4,1.4,2.4,0,1369.5,0
2019-07-27 15:40:00,3,50,27.5,31,28.8,999.5,1.4,2.0,0,1369.5,0
2019-07-27 15:43:00,3,50,27.6,32,28.7,999.4,3.1,4.1,4,1369.5,0
2019-07-27 15:46:00,3,50,27.6,33,28.3,999.3,4.1,5.8,12,1369.5,0
2019-07-27 15:49:00,3,50,27.6,34,28.3,999.4,1.7,2.4,2,1369.5,0
2019-07-27 15:52:00,3,50,27.6,33,28.1,999.4,3.4,4.4,1,1369.5,0
2019-07-27 15:55:00,3,50,27.6,34,27.9,999.4,1.7,2.0,0,1369.5,0
2019-07-27 15:58:00,3,50,27.6,34,27.7,999.3,1.4,1.7,6,1369.5,0
2019-07-27 16:01:00,3,50,27.6,34,27.6,999.5,2.0,2.7,4,1369.5,0
2019-07-27 16:04:00,3,50,27.6,34,27.6,999.3,2.0,2.7,4,1369.5,0
2019-07-27 16:07:00,3,50,27.6,33,27.9,999.3,1.7,2.4,2,1369.5,0
2019-07-27 16:10:00,3,50,27.6,33,27.8,999.4,3.1,4.1,12,1369.5,0
2019-07-27 16:13:00,3,50,27.8,33,27.8,999.3,3.1,4.1,0,1369.5,0
2019-07-27 16:16:00,3,50,27.8,33,28.0,999.3,1.4,1.7,2,1369.5,0
2019-07-27 16:19:00,3,50,27.9,33,28.1,999.3,1.4,2.4,2,1369.5,0
2019-07-27 16:22:00,3,50,28.0,33,28.3,999.2,2.0,2.7,2,1369.5,0
2019-07-27 16:25:00,3,50,28.2,33,28.5,999.2,0.7,1.0,0,1369.5,0
2019-07-27 16:28:00,3,49,28.5,32,28.8,999.3,1.7,2.0,2,1369.5,0
2019-07-27 16:31:00,3,49,28.5,31,28.7,999.4,1.4,2.0,4,1369.5,0
2019-07-27 16:34:00,3,48,28.6,32,28.6,999.3,1.7,2.4,0,1369.5,0
2019-07-27 16:37:00,3,48,28.6,32,28.7,999.2,1.0,1.7,2,1369.5,0
2019-07-27 16:40:00,3,48,28.9,32,28.8,999.2,2.0,2.4,2,1369.5,0
2019-07-27 16:43:00,3,46,29.0,32,28.8,999.3,1.4,2.0,0,1369.5,0
2019-07-27 16:46:00,3,46,29.0,32,28.8,999.3,1.7,2.4,0,1369.5,0
2019-07-27 16:49:00,3,46,29.1,32,28.6,999.4,1.4,2.0,2,1369.5,0
2019-07-27 16:52:00,3,46,29.3,32,28.2,999.5,2.0,2.7,2,1369.5,0
2019-07-27 16:55:00,3,46,29.3,33,27.8,999.3,2.0,2.7,14,1369.5,0
2019-07-27 16:58:00,3,45,29.5,33,27.6,999.4,1.7,2.4,14,1369.5,0
2019-07-27 17:01:00,3,45,29.6,33,27.6,999.2,2.0,2.7,1,1369.5,0
2019-07-27 17:04:00,3,44,29.7,33,27.6,999.4,1.0,1.7,2,1369.5,0
2019-07-27 17:07:00,3,44,29.8,33,27.7,999.3,1.0,1.4,2,1369.5,0
2019-07-27 17:10:00,3,44,29.8,33,27.7,999.4,1.0,1.0,2,1369.5,0
2019-07-27 17:13:00,3,44,29.7,33,27.9,999.4,0.7,1.0,0,1369.5,0
2019-07-27 17:16:00,3,45,29.5,33,28.0,999.4,0,0.3,0,1369.5,0
2019-07-27 17:19:00,3,45,29.4,32,28.1,999.4,0.3,0.7,0,1369.5,0
2019-07-27 17:22:00,3,45,29.3,32,28.3,999.4,0.3,1.0,6,1369.5,0
2019-07-27 17:25:00,3,46,29.3,32,28.3,999.4,1.4,2.0,2,1369.5,0
2019-07-27 17:28:00,3,46,29.1,32,28.1,999.4,2.0,2.4,0,1369.5,0
2019-07-27 17:31:00,3,46,29.1,33,28.0,999.4,0.7,1.0,0,1369.5,0
2019-07-27 17:34:00,3,46,29.1,33,27.7,999.4,2.0,3.1,2,1369.5,0
2019-07-27 17:37:00,3,46,29.1,38,27.2,999.5,1.0,1.7,14,1369.5,0
2019-07-27 17:40:00,3,46,29.0,38,27.0,999.5,1.4,2.0,2,1369.5,0
2019-07-27 17:43:00,3,46,29.0,39,26.8,999.4,0.7,1.0,0,1369.5,0
2019-07-27 17:46:00,3,45,28.9,39,26.6,999.4,2.0,3.1,2,1369.5,0
2019-07-27 17:49:00,3,42,28.9,39,26.3,999.4,2.7,3.7,2,1369.5,0
2019-07-27 17:52:00,3,40,28.9,40,26.3,999.5,0.7,1.4,0,1369.5,0
2019-07-27 17:55:00,3,39,28.8,40,26.3,999.4,1.0,1.4,14,1369.5,0
2019-07-27 17:58:00,3,38,28.8,39,26.3,999.4,1.7,2.4,0,1369.5,0
2019-07-27 18:01:00,3,38,28.7,40,26.2,999.4,0.7,1.0,2,1369.5,0
2019-07-27 18:04:00,3,37,28.6,40,26.2,999.3,0.7,1.0,2,1369.5,0
2019-07-27 18:07:00,3,37,28.6,40,26.2,999.3,0.7,1.0,2,1369.5,0
2019-07-27 18:10:00,3,36,28.6,40,25.9,999.3,0,0.3,0,1369.5,0
2019-07-27 18:13:00,3,36,28.6,40,25.7,999.3,0,0.3,0,1369.5,0
2019-07-27 18:16:00,3,36,28.5,40,25.6,999.3,0.7,1.0,0,1369.5,0
2019-07-27 18:19:00,3,36,28.5,40,25.5,999.4,0,0.3,0,1369.5,0
2019-07-27 18:22:00,3,36,28.5,41,25.3,999.4,0.3,1.0,0,1369.5,0
2019-07-27 18:25:00,3,36,28.5,41,25.2,999.4,0,0,0,1369.5,0
2019-07-27 18:28:00,3,37,28.4,41,25.0,999.4,0.7,1.0,0,1369.5,0
2019-07-27 18:31:00,3,37,28.4,42,24.9,999.4,0,0,0,1369.5,0
2019-07-27 18:34:00,3,37,28.3,42,24.7,999.4,0.7,1.0,2,1369.5,0
2019-07-27 18:37:00,3,36,28.3,42,24.6,999.4,1.4,1.7,0,1369.5,0
2019-07-27 18:40:00,3,36,28.3,42,24.5,999.4,0.7,1.0,0,1369.5,0
2019-07-27 18:43:00,3,36,28.2,43,24.4,999.4,0.3,0.7,0,1369.5,0
2019-07-27 18:46:00,3,36,28.2,43,24.3,999.3,0.3,1.0,0,1369.5,0
2019-07-27 18:49:00,3,36,28.1,43,24.2,999.4,0.7,1.0,0,1369.5,0
2019-07-27 18:52:00,3,36,28.0,44,24.1,999.4,0.7,1.0,0,1369.5,0
2019-07-27 18:55:00,3,36,28.0,44,24.1,999.4,0.3,0.7,0,1369.5,0
2019-07-27 18:58:00,3,36,28.0,44,24.0,999.4,0.3,0.7,0,1369.5,0
2019-07-27 19:01:00,3,36,28.0,45,23.8,999.4,0.3,0.7,0,1369.5,0
2019-07-27 19:04:00,3,36,28.0,45,23.8,999.5,0.3,0.7,0,1369.5,0
2019-07-27 19:07:00,3,37,27.9,46,23.7,999.5,0,0.3,0,1369.5,0
2019-07-27 19:10:00,3,37,27.9,46,23.5,999.6,0,0.3,0,1369.5,0
2019-07-27 19:13:00,3,38,27.9,46,23.3,999.5,0,0,0,1369.5,0
2019-07-27 19:16:00,3,38,27.9,47,23.2,999.5,0,0,0,1369.5,0
2019-07-27 19:19:00,3,38,27.8,48,23.1,999.5,0,0,0,1369.5,0
2019-07-27 19:22:00,3,38,27.7,48,22.9,999.4,0.3,0.7,0,1369.5,0
2019-07-27 19:25:00,3,38,27.6,49,22.8,999.5,0.3,0.7,0,1369.5,0
2019-07-27 19:28:00,3,38,27.6,50,22.6,999.6,0.3,0.7,0,1369.5,0
2019-07-27 19:31:00,3,38,27.6,50,22.5,999.6,1.0,1.7,0,1369.5,0
2019-07-27 19:34:00,3,37,27.6,50,22.5,999.5,0.3,0.7,0,1369.5,0
2019-07-27 19:37:00,3,38,27.6,52,22.4,999.5,0.7,1.0,0,1369.5,0
2019-07-27 19:40:00,3,38,27.5,53,22.4,999.6,0.7,1.0,2,1369.5,0
2019-07-27 19:43:00,3,38,27.5,53,22.4,999.6,0.3,0.7,0,1369.5,0
2019-07-27 19:46:00,3,38,27.5,53,22.3,999.6,0,0,0,1369.5,0
2019-07-27 19:49:00,3,38,27.4,53,22.1,999.6,0.7,0.7,0,1369.5,0
2019-07-27 19:52:00,3,38,27.4,54,22.0,999.5,0,0,0,1369.5,0
2019-07-27 19:55:00,3,38,27.4,54,22.0,999.5,0.3,0.7,0,1369.5,0
2019-07-27 19:58:00,3,39,27.3,54,21.9,999.5,0,0.3,0,1369.5,0
2019-07-27 20:01:00,3,39,27.3,54,21.8,999.5,0,0.7,1,1369.5,0
2019-07-27 20:04:00,3,39,27.3,54,21.8,999.6,0,0.7,1,1369.5,0
2019-07-27 20:07:00,3,39,27.3,55,21.7,999.5,0,0,0,1369.5,0
2019-07-27 20:10:00,3,39,27.3,55,21.6,999.5,0,0,0,1369.5,0
2019-07-27 20:13:00,3,40,26.9,55,21.6,999.5,0.7,1.4,0,1369.5,0
2019-07-27 20:16:00,3,39,26.9,56,21.5,999.5,0.3,1.0,0,1369.5,0
2019-07-27 20:19:00,3,39,26.9,56,21.5,999.6,0.7,1.0,0,1369.5,0
2019-07-27 20:22:00,3,40,26.9,56,21.5,999.5,0.3,0.7,0,1369.5,0
2019-07-27 20:25:00,3,40,26.9,55,21.5,999.6,0.3,0.7,2,1369.5,0
2019-07-27 20:28:00,3,39,26.8,55,21.5,999.6,0.3,1.0,0,1369.5,0
2019-07-27 20:31:00,3,39,26.8,56,21.5,999.6,0.3,0.7,0,1369.5,0
2019-07-27 20:34:00,3,40,26.8,56,21.5,999.6,0.7,1.0,0,1369.5,0
2019-07-27 20:37:00,3,40,26.8,56,21.5,999.6,0,0,0,1369.5,0
2019-07-27 20:40:00,3,40,26.8,56,21.4,999.6,0.3,0.7,0,1369.5,0
2019-07-27 20:43:00,3,40,26.8,56,21.4,999.6,0.3,1.0,14,1369.5,0
2019-07-27 20:46:00,3,40,26.6,57,21.4,999.5,0.3,0.7,2,1369.5,0
2019-07-27 20:49:00,3,40,26.6,57,21.3,999.5,0,0,0,1369.5,0
2019-07-27 20:52:00,3,39,26.5,57,21.3,999.5,0.3,0.7,0,1369.5,0
2019-07-27 20:55:00,3,39,26.5,57,21.3,999.5,1.0,1.4,14,1369.5,0
2019-07-27 20:58:00,3,39,26.5,57,21.4,999.5,0.3,1.0,0,1369.5,0
2019-07-27 21:01:00,3,39,26.5,57,21.3,999.5,0,0,0,1369.5,0
2019-07-27 21:04:00,3,39,26.5,57,21.3,999.5,0,0,8,1369.5,0
2019-07-27 21:07:00,3,39,26.5,57,21.2,999.4,0,0,2,1369.5,0
2019-07-27 21:10:00,3,39,26.5,58,21.1,999.5,0.3,0.7,0,1369.5,0
2019-07-27 21:13:00,3,40,26.4,58,21.1,999.6,0.7,1.4,0,1369.5,0
2019-07-27 21:16:00,3,40,26.4,58,21.1,999.5,0.7,1.0,0,1369.5,0
2019-07-27 21:19:00,3,40,26.4,58,21.1,999.5,1.0,1.4,2,1369.5,0
2019-07-27 21:22:00,3,40,26.4,58,21.1,999.5,1.0,1.4,2,1369.5,0
2019-07-27 21:25:00,3,40,26.3,58,21.1,999.6,0.7,1.0,2,1369.5,0
2019-07-27 21:28:00,3,39,26.3,58,21.0,999.5,2.0,3.1,2,1369.5,0
2019-07-27 21:31:00,3,39,26.2,58,21.0,999.4,1.0,1.7,2,1369.5,0
2019-07-27 21:34:00,3,39,26.2,58,21.0,999.5,0.7,1.4,2,1369.5,0
2019-07-27 21:37:00,3,39,26.2,58,21.0,999.4,1.4,1.7,8,1369.5,0
2019-07-27 21:40:00,3,39,26.2,59,20.9,999.5,0.7,1.0,14,1369.5,0
2019-07-27 21:43:00,3,39,26.2,59,20.9,999.4,1.0,1.4,0,1369.5,0
2019-07-27 21:46:00,3,40,26.2,59,20.9,999.4,1.0,1.4,14,1369.5,0
2019-07-27 21:49:00,3,40,26.2,59,20.8,999.3,0.7,1.0,2,1369.5,0
2019-07-27 21:52:00,3,40,26.2,59,20.7,999.3,0.3,1.0,0,1369.5,0
2019-07-27 21:55:00,3,40,26.2,60,20.7,999.3,0.7,1.0,0,1369.5,0
2019-07-27 21:58:00,3,40,26.2,60,20.6,999.2,1.0,1.4,0,1369.5,0
