2016-08-23 00:02:00,3,53,23.7,75,18.5,1019.8,0.7,1.4,12,33.9,0
2016-08-23 00:05:00,3,53,23.7,75,18.5,1019.8,0.7,1.4,12,33.9,0
2016-08-23 00:08:00,3,53,23.7,76,18.5,1019.8,0.7,1.0,8,33.9,0
2016-08-23 00:11:00,3,53,23.7,77,18.4,1019.8,2.0,2.4,12,33.9,0
2016-08-23 00:14:00,3,53,23.7,78,18.2,1019.9,1.4,1.7,10,33.9,0
2016-08-23 00:17:00,3,53,23.7,80,18.1,1019.8,0.7,1.4,12,33.9,0
2016-08-23 00:20:00,3,53,23.7,81,17.9,1019.9,0.7,1.4,12,33.9,0
2016-08-23 00:23:00,3,53,23.7,83,17.7,1019.7,2.0,2.7,10,33.9,0
2016-08-23 00:26:00,3,53,23.6,84,17.5,1019.8,0.3,0.7,12,33.9,0
2016-08-23 00:29:00,3,53,23.6,89,17.4,1019.7,0.7,1.0,10,33.9,0
2016-08-23 00:32:00,3,53,23.6,90,17.2,1019.8,1.0,1.4,12,33.9,0
2016-08-23 00:35:00,3,53,23.6,92,17.1,1019.6,1.0,1.4,10,33.9,0
2016-08-23 00:38:00,3,53,23.6,93,17.0,1019.6,1.0,1.7,10,33.9,0
2016-08-23 00:41:00,3,53,23.6,93,17.0,1019.6,0.7,1.0,12,33.9,0
2016-08-23 00:44:00,3,53,23.6,94,17.0,1019.6,1.4,2.0,10,33.9,0
2016-08-23 00:47:00,3,53,23.6,95,16.9,1019.6,1.0,1.4,11,33.9,0
2016-08-23 00:50:00,3,53,23.6,95,16.9,1019.6,0.0,0.0,10,33.9,0
2016-08-23 00:53:00,3,53,23.6,96,16.9,1019.5,0.7,1.4,12,33.9,0
2016-08-23 00:56:00,3,53,23.6,96,16.9,1019.6,0.7,1.4,11,33.9,0
2016-08-23 00:59:00,3,53,23.6,97,16.9,1019.6,0.7,1.0,12,33.9,0
2016-08-23 01:02:00,3,53,23.6,97,16.9,1019.6,0.7,1.4,10,33.9,0
2016-08-23 01:05:00,3,53,23.6,97,16.9,1019.7,1.4,1.7,11,33.9,0
2016-08-23 01:08:00,3,53,23.6,97,16.9,1019.6,1.0,1.4,12,33.9,0
2016-08-23 01:11:00,3,53,23.6,97,16.9,1019.7,0.3,0.7,10,33.9,0
2016-08-23 01:14:00,3,53,23.6,98,16.9,1019.7,1.0,1.0,12,33.9,0
2016-08-23 01:17:00,3,53,23.6,98,16.9,1019.7,0.0,0.3,12,33.9,0
2016-08-23 01:20:00,3,53,23.5,98,16.9,1019.6,0.3,0.7,10,33.9,0
2016-08-23 01:23:00,3,53,23.5,98,16.9,1019.7,0.7,1.0,12,33.9,0
2016-08-23 01:26:00,3,53,23.5,98,16.9,1019.6,0.7,1.0,10,33.9,0
2016-08-23 01:29:00,3,53,23.5,98,16.9,1019.6,0.0,0.3,14,33.9,0
2016-08-23 01:32:00,3,53,23.6,98,16.9,1019.7,0.7,1.0,14,33.9,0
2016-08-23 01:35:00,3,53,23.5,98,16.9,1019.5,0.3,0.7,10,33.9,0
2016-08-23 01:38:00,3,53,23.5,98,16.9,1019.5,0.3,0.7,10,33.9,0
2016-08-23 01:41:00,3,53,23.5,99,16.9,1019.6,0.7,1.0,12,33.9,0
2016-08-23 01:44:00,3,53,23.5,99,16.9,1019.6,0.3,0.7,12,33.9,0
2016-08-23 01:47:00,3,53,23.5,99,16.9,1019.6,0.3,0.7,10,33.9,0
2016-08-23 01:50:00,3,53,23.5,99,16.9,1019.5,0.0,0.3,12,33.9,0
2016-08-23 01:53:00,3,53,23.5,99,16.9,1019.6,0.7,1.0,12,33.9,0
2016-08-23 01:56:00,3,53,23.5,99,16.9,1019.4,0.0,0.3,8,33.9,0
2016-08-23 01:59:00,3,53,23.5,99,16.9,1019.4,0.3,0.7,10,33.9,0
2016-08-23 02:02:00,3,53,23.5,99,16.9,1019.6,0.3,0.7,10,33.9,0
2016-08-23 02:05:00,3,53,23.5,99,16.9,1019.6,0.3,0.7,10,33.9,0
2016-08-23 02:08:00,3,53,23.5,99,16.9,1019.5,0.0,0.0,10,33.9,0
2016-08-23 02:11:00,3,53,23.5,99,16.9,1019.4,0.0,0.7,12,33.9,0
2016-08-23 02:14:00,3,53,23.5,99,16.9,1019.5,0.0,0.3,6,33.9,0
2016-08-23 02:17:00,3,53,23.5,99,16.9,1019.5,0.0,0.3,6,33.9,0
2016-08-23 02:20:00,3,53,23.4,99,16.8,1019.5,0.0,0.3,10,33.9,0
2016-08-23 02:23:00,3,53,23.4,99,16.8,1019.5,0.0,0.3,10,33.9,0
2016-08-23 02:26:00,3,53,23.4,99,16.8,1019.5,0.3,0.7,11,33.9,0
2016-08-23 02:29:00,3,53,23.4,99,16.8,1019.4,0.3,0.7,10,33.9,0
2016-08-23 02:32:00,3,53,23.4,99,16.8,1019.5,0.3,0.7,12,33.9,0
2016-08-23 02:35:00,3,53,23.4,99,16.8,1019.5,0.3,1.0,12,33.9,0
2016-08-23 02:38:00,3,54,23.4,99,16.8,1019.4,0.3,0.7,10,33.9,0
2016-08-23 02:41:00,3,54,23.4,99,16.8,1019.5,0.3,0.7,12,33.9,0
2016-08-23 02:44:00,3,54,23.4,99,16.7,1019.5,0.7,1.4,10,33.9,0
2016-08-23 02:47:00,3,54,23.4,99,16.7,1019.3,0.0,0.3,10,33.9,0
2016-08-23 02:50:00,3,54,23.4,99,16.7,1019.5,0.3,0.7,12,33.9,0
2016-08-23 02:53:00,3,54,23.4,99,16.7,1019.3,0.3,0.7,12,33.9,0
2016-08-23 02:56:00,3,54,23.4,99,16.7,1019.4,0.0,0.3,12,33.9,0
2016-08-23 02:59:00,3,54,23.4,99,16.7,1019.4,0.3,0.7,12,33.9,0
2016-08-23 03:02:00,3,54,23.4,99,16.6,1019.4,0.3,0.7,8,33.9,0
2016-08-23 03:05:00,3,54,23.4,99,16.6,1019.3,0.3,0.7,12,33.9,0
2016-08-23 03:08:00,3,54,23.4,99,16.6,1019.3,0.7,1.0,10,33.9,0
2016-08-23 03:11:00,3,54,23.4,99,16.6,1019.2,0.0,0.3,10,33.9,0
2016-08-23 03:14:00,3,54,23.3,99,16.6,1019.3,0.3,0.7,10,33.9,0
2016-08-23 03:17:00,3,54,23.3,99,16.6,1019.2,0.3,0.7,10,33.9,0
2016-08-23 03:20:00,3,54,23.3,99,16.5,1019.2,0.3,0.7,10,33.9,0
2016-08-23 03:23:00,3,54,23.3,99,16.5,1019.3,0.3,0.7,8,33.9,0
2016-08-23 03:26:00,3,54,23.3,99,16.5,1019.3,0.0,0.3,6,33.9,0
2016-08-23 03:29:00,3,54,23.3,99,16.5,1019.2,0.0,0.3,10,33.9,0
2016-08-23 03:32:00,3,54,23.3,99,16.4,1019.3,0.0,0.7,10,33.9,0
2016-08-23 03:35:00,3,54,23.3,99,16.4,1019.2,0.7,1.4,8,33.9,0
2016-08-23 03:38:00,3,54,23.3,99,16.4,1019.3,0.3,1.0,10,33.9,0
2016-08-23 03:41:00,3,54,23.3,99,16.4,1019.3,0.7,1.0,10,33.9,0
2016-08-23 03:44:00,3,54,23.2,99,16.4,1019.4,0.0,0.3,14,33.9,0
2016-08-23 03:47:00,3,54,23.2,99,16.4,1019.3,0.7,1.0,10,33.9,0
2016-08-23 03:50:00,3,54,23.2,99,16.3,1019.4,0.3,0.7,10,33.9,0
2016-08-23 03:53:00,3,54,23.2,99,16.3,1019.4,0.7,1.0,8,33.9,0
2016-08-23 03:56:00,3,54,23.2,99,16.3,1019.4,0.3,1.0,10,33.9,0
2016-08-23 03:59:00,3,54,23.2,99,16.3,1019.4,0.7,1.0,10,33.9,0
2016-08-23 04:02:00,3,54,23.2,99,16.3,1019.4,0.3,1.0,10,33.9,0
2016-08-23 04:05:00,3,54,23.2,99,16.3,1019.4,0.3,1.0,10,33.9,0
2016-08-23 04:08:00,3,54,23.2,99,16.3,1019.4,0.7,1.0,10,33.9,0
2016-08-23 04:11:00,3,54,23.2,99,16.3,1019.5,0.3,0.7,10,33.9,0
2016-08-23 04:14:00,3,54,23.2,99,16.3,1019.4,0.3,0.7,10,33.9,0
2016-08-23 04:17:00,3,54,23.2,99,16.3,1019.4,0.3,0.7,10,33.9,0
2016-08-23 04:20:00,3,54,23.2,99,16.3,1019.4,0.3,0.7,12,33.9,0
2016-08-23 04:23:00,3,54,23.2,99,16.3,1019.5,0.7,1.0,10,33.9,0
2016-08-23 04:26:00,3,54,23.2,99,16.3,1019.4,0.3,0.7,10,33.9,0
2016-08-23 04:29:00,3,54,23.2,99,16.3,1019.4,0.0,0.3,10,33.9,0
2016-08-23 04:32:00,3,54,23.2,99,16.3,1019.2,0.7,1.0,8,33.9,0
2016-08-23 04:35:00,3,54,23.2,99,16.3,1019.3,0.7,1.0,12,33.9,0
2016-08-23 04:38:00,3,54,23.2,99,16.3,1019.3,0.3,0.7,12,33.9,0
2016-08-23 04:41:00,3,54,23.2,99,16.3,1019.3,0.7,1.4,10,33.9,0
2016-08-23 04:44:00,3,55,23.2,98,16.3,1019.4,0.3,0.7,12,33.9,0
2016-08-23 04:47:00,3,55,23.2,98,16.3,1019.3,0.0,0.0,12,33.9,0
2016-08-23 04:50:00,3,55,23.2,98,16.4,1019.3,0.3,0.7,10,33.9,0
2016-08-23 04:53:00,3,55,23.2,98,16.4,1019.3,0.3,0.7,10,33.9,0
2016-08-23 04:56:00,3,55,23.2,97,16.5,1019.4,0.0,0.7,12,33.9,0
2016-08-23 04:59:00,3,55,23.2,97,16.5,1019.4,1.0,1.4,12,33.9,0
2016-08-23 05:02:00,3,55,23.1,96,16.6,1019.4,0.3,0.7,12,33.9,0
2016-08-23 05:05:00,3,55,23.1,96,16.6,1019.4,0.3,1.0,12,33.9,0
2016-08-23 05:08:00,3,55,23.1,95,16.7,1019.5,0.3,0.7,10,33.9,0
2016-08-23 05:11:00,3,55,23.1,95,16.8,1019.4,0.0,0.0,10,33.9,0
2016-08-23 05:14:00,3,55,23.1,94,16.9,1019.4,0.3,0.7,14,33.9,0
2016-08-23 05:17:00,3,55,23.1,94,17.0,1019.5,1.0,1.4,10,33.9,0
2016-08-23 05:20:00,3,55,23.1,93,17.1,1019.5,0.3,0.7,14,33.9,0
2016-08-23 05:23:00,3,55,23.1,92,17.1,1019.4,0.3,0.7,10,33.9,0
2016-08-23 05:26:00,3,55,23.1,92,17.1,1019.4,0.0,0.3,10,33.9,0
2016-08-23 05:29:00,3,55,23.1,91,17.2,1019.5,0.3,0.7,14,33.9,0
2016-08-23 05:32:00,3,55,23.1,91,17.2,1019.4,0.3,1.0,10,33.9,0
2016-08-23 05:35:00,3,55,23.1,90,17.3,1019.4,1.4,2.0,12,33.9,0
2016-08-23 05:38:00,3,56,23.1,90,17.3,1019.5,0.3,0.7,10,33.9,0
2016-08-23 05:41:00,3,56,23.1,90,17.4,1019.5,0.7,1.4,12,33.9,0
2016-08-23 05:44:00,3,56,23.1,85,17.5,1019.5,1.0,1.7,10,33.9,0
2016-08-23 05:47:00,3,56,23.1,84,17.6,1019.6,0.7,1.4,15,33.9,0
2016-08-23 05:50:00,3,56,23.1,84,17.7,1019.7,0.7,1.0,10,33.9,0
2016-08-23 05:53:00,3,56,23.1,83,17.8,1019.7,0.3,0.7,12,33.9,0
2016-08-23 05:56:00,3,56,23.1,82,17.8,1019.7,1.0,1.7,12,33.9,0
2016-08-23 05:59:00,3,56,23.1,82,18.0,1019.6,1.0,1.7,10,33.9,0
2016-08-23 06:02:00,3,56,23.0,82,18.2,1019.7,0.7,1.0,14,33.9,0
2016-08-23 06:05:00,3,56,23.1,82,18.2,1019.7,0.7,1.0,14,33.9,0
2016-08-23 06:08:00,3,56,23.0,77,19.9,1019.7,0.3,0.7,10,33.9,0
2016-08-23 06:11:00,3,56,23.0,75,20.5,1019.8,0.7,1.0,12,33.9,0
2016-08-23 06:14:00,3,56,23.0,73,20.9,1019.7,1.0,1.7,14,33.9,0
2016-08-23 06:17:00,3,56,23.1,72,21.0,1019.8,1.4,2.0,12,33.9,0
2016-08-23 06:20:00,3,56,23.0,71,20.8,1019.8,0.7,1.0,12,33.9,0
2016-08-23 06:23:00,3,56,23.0,72,20.2,1019.7,1.4,1.7,10,33.9,0
2016-08-23 06:26:00,3,56,23.0,73,19.6,1019.9,1.7,2.7,8,33.9,0
2016-08-23 06:29:00,3,56,23.1,74,19.4,1019.8,0.7,1.0,12,33.9,0
2016-08-23 06:32:00,3,56,23.0,75,19.3,1019.8,1.4,2.0,12,33.9,0
2016-08-23 06:35:00,3,56,23.0,76,19.2,1019.8,1.0,1.4,12,33.9,0
2016-08-23 06:38:00,3,56,23.0,76,19.8,1019.9,0.7,1.0,12,33.9,0
2016-08-23 06:41:00,3,56,23.1,75,20.4,1019.9,1.4,2.0,12,33.9,0
2016-08-23 06:44:00,3,56,23.0,73,20.7,1019.9,1.4,1.7,10,33.9,0
2016-08-23 06:47:00,3,56,23.0,72,20.9,1019.8,0.7,1.4,10,33.9,0
2016-08-23 06:50:00,3,56,23.0,72,21.1,1020.0,1.4,1.7,14,33.9,0
2016-08-23 06:53:00,3,56,23.1,71,21.0,1019.9,1.0,2.4,10,33.9,0
2016-08-23 06:56:00,3,56,23.0,71,20.9,1019.9,1.7,2.0,10,33.9,0
2016-08-23 06:59:00,3,56,23.0,71,20.8,1020.0,1.4,2.0,12,33.9,0
2016-08-23 07:02:00,3,56,23.0,71,20.5,1020.0,1.7,2.4,12,33.9,0
2016-08-23 07:05:00,3,56,23.1,72,20.4,1020.1,1.0,1.4,12,33.9,0
2016-08-23 07:08:00,3,56,23.0,72,20.2,1020.0,0.3,0.7,12,33.9,0
2016-08-23 07:11:00,3,56,23.1,73,20.1,1020.1,1.4,2.0,10,33.9,0
2016-08-23 07:14:00,3,56,23.1,72,20.2,1020.0,1.0,1.4,12,33.9,0
2016-08-23 07:17:00,3,56,23.0,73,20.4,1020.0,2.0,2.4,12,33.9,0
2016-08-23 07:20:00,3,56,23.1,72,20.7,1020.0,1.7,2.7,10,33.9,0
2016-08-23 07:23:00,3,56,23.1,72,20.7,1020.0,0.3,1.0,14,33.9,0
2016-08-23 07:26:00,3,56,23.1,72,20.6,1020.0,1.0,2.0,14,33.9,0
2016-08-23 07:29:00,3,56,23.0,72,20.5,1020.1,0.3,0.7,13,33.9,0
2016-08-23 07:32:00,3,56,23.1,72,20.4,1020.1,0.7,1.0,14,33.9,0
2016-08-23 07:35:00,3,56,23.1,72,20.3,1020.1,1.0,1.7,10,33.9,0
2016-08-23 07:38:00,3,56,23.1,72,20.2,1020.1,0.7,1.0,0,33.9,0
2016-08-23 07:41:00,3,56,23.0,73,20.1,1020.2,0.3,1.0,14,33.9,0
2016-08-23 07:44:00,3,56,23.1,73,20.1,1020.3,0.7,1.4,10,33.9,0
2016-08-23 07:47:00,3,56,23.1,73,20.0,1020.2,0.3,0.7,10,33.9,0
2016-08-23 07:50:00,3,56,23.1,73,20.1,1020.2,1.0,1.7,14,33.9,0
2016-08-23 07:53:00,3,56,23.0,73,20.1,1020.3,0.7,1.0,14,33.9,0
2016-08-23 07:56:00,3,56,23.1,74,20.0,1020.4,1.0,1.7,0,33.9,0
2016-08-23 07:59:00,3,56,23.0,73,19.9,1020.5,0.3,0.7,0,33.9,0
2016-08-23 08:02:00,3,56,23.0,73,19.9,1020.5,0.3,0.7,0,33.9,0
2016-08-23 08:05:00,3,56,23.0,73,19.9,1020.5,0.3,0.7,0,33.9,0
2016-08-23 08:08:00,3,56,23.0,74,19.6,1020.4,0.3,1.0,14,33.9,0
2016-08-23 08:11:00,3,56,23.0,74,19.5,1020.5,0.7,1.4,14,33.9,0
2016-08-23 08:14:00,3,56,23.0,74,19.4,1020.6,1.0,1.7,12,33.9,0
2016-08-23 08:17:00,3,56,23.0,74,19.4,1020.4,0.3,0.3,15,33.9,0
2016-08-23 08:20:00,3,56,23.0,74,19.4,1020.4,0.3,0.7,12,33.9,0
2016-08-23 08:23:00,3,56,23.0,75,19.5,1020.5,1.0,1.7,12,33.9,0
2016-08-23 08:26:00,3,56,23.0,76,19.5,1020.6,0.7,1.0,14,33.9,0
2016-08-23 08:29:00,3,56,23.0,76,19.5,1020.6,0.3,0.7,14,33.9,0
2016-08-23 08:32:00,3,56,23.0,76,19.5,1020.7,0.7,1.0,0,33.9,0
2016-08-23 08:35:00,3,56,23.0,77,19.4,1020.8,1.4,2.0,14,33.9,0
2016-08-23 08:38:00,3,56,23.0,78,19.1,1020.7,1.0,1.4,14,33.9,0
2016-08-23 08:41:00,3,56,23.0,80,19.0,1020.7,0.7,1.0,14,33.9,0
2016-08-23 08:44:00,3,56,23.0,81,18.8,1020.7,0.3,1.0,12,33.9,0
2016-08-23 08:47:00,3,56,23.0,82,18.8,1020.6,0.3,0.7,12,33.9,0
2016-08-23 08:50:00,3,56,23.0,82,18.7,1020.7,0.7,1.0,14,33.9,0
2016-08-23 08:53:00,3,56,23.0,82,18.7,1020.7,0.3,0.7,0,33.9,0
2016-08-23 08:56:00,3,56,23.0,83,18.7,1020.7,0.3,0.7,10,33.9,0
2016-08-23 08:59:00,3,56,23.0,83,18.7,1020.7,0.0,0.0,12,33.9,0
2016-08-23 09:02:00,3,56,23.0,84,18.8,1020.7,0.3,0.7,10,33.9,0
2016-08-23 09:05:00,3,56,23.0,84,18.9,1020.7,0.3,0.7,12,33.9,0
2016-08-23 09:08:00,3,56,23.0,83,19.0,1020.7,0.3,1.0,12,33.9,0
2016-08-23 09:11:00,3,56,23.0,83,19.1,1020.8,0.0,0.3,12,33.9,0
2016-08-23 09:14:00,3,56,23.0,82,19.2,1020.7,0.7,1.4,12,33.9,0
2016-08-23 09:17:00,3,56,23.0,82,19.3,1020.7,1.4,1.7,10,33.9,0
2016-08-23 09:20:00,3,56,23.0,81,19.5,1020.6,0.0,0.3,12,33.9,0
2016-08-23 09:23:00,3,56,23.0,80,19.7,1020.5,1.0,1.7,12,33.9,0
2016-08-23 09:26:00,3,56,23.0,80,19.9,1020.6,0.3,0.7,12,33.9,0
2016-08-23 09:29:00,3,56,23.0,79,20.1,1020.6,0.7,1.4,10,33.9,0
2016-08-23 09:32:00,3,57,23.0,77,20.3,1020.5,0.3,1.0,0,33.9,0
2016-08-23 09:35:00,3,57,23.0,76,20.4,1020.5,0.7,1.4,12,33.9,0
2016-08-23 09:38:00,3,57,23.0,76,20.5,1020.5,1.0,1.4,12,33.9,0
2016-08-23 09:41:00,3,57,23.0,75,20.7,1020.4,1.0,1.4,12,33.9,0
2016-08-23 09:44:00,3,57,23.0,75,21.0,1020.6,0.7,1.4,12,33.9,0
2016-08-23 09:47:00,3,57,23.0,74,21.2,1020.5,1.0,1.4,12,33.9,0
2016-08-23 09:50:00,3,57,23.0,74,21.6,1020.5,1.7,2.4,10,33.9,0
2016-08-23 09:53:00,3,57,23.0,72,22.0,1020.4,1.7,2.4,12,33.9,0
2016-08-23 09:56:00,3,57,23.0,71,22.3,1020.5,0.7,1.4,12,33.9,0
2016-08-23 09:59:00,3,57,23.0,68,22.6,1020.5,1.4,2.0,14,33.9,0
2016-08-23 10:02:00,3,58,23.0,69,22.7,1020.4,0.7,1.0,14,33.9,0
2016-08-23 10:05:00,3,59,23.1,69,22.7,1020.4,0.7,1.0,14,33.9,0
2016-08-23 10:08:00,3,61,23.2,66,22.7,1020.5,1.0,1.7,12,33.9,0
2016-08-23 10:11:00,3,61,23.4,70,22.2,1020.5,1.7,2.0,12,33.9,0
2016-08-23 10:14:00,3,60,23.5,71,22.2,1020.4,1.0,1.4,14,33.9,0
2016-08-23 10:17:00,3,61,23.7,71,22.2,1020.4,0.7,1.0,0,33.9,0
2016-08-23 10:20:00,3,61,23.9,71,22.3,1020.5,1.0,1.4,12,33.9,0
2016-08-23 10:23:00,3,60,23.9,71,22.3,1020.5,1.0,2.0,14,33.9,0
2016-08-23 10:26:00,3,59,24.2,70,22.2,1020.5,1.0,1.7,14,33.9,0
2016-08-23 10:29:00,3,59,24.2,71,22.0,1020.4,1.0,1.4,8,33.9,0
2016-08-23 10:32:00,3,58,24.4,71,21.9,1020.4,1.4,2.0,15,33.9,0
2016-08-23 10:35:00,3,58,24.5,70,22.5,1020.5,0.7,1.0,14,33.9,0
2016-08-23 10:38:00,3,58,24.5,68,22.7,1020.4,0.7,1.0,12,33.9,0
2016-08-23 10:41:00,3,58,24.7,67,22.8,1020.4,2.7,3.7,10,33.9,0
2016-08-23 10:44:00,3,58,24.9,68,22.7,1020.4,1.0,1.4,11,33.9,0
2016-08-23 10:47:00,3,56,25.0,68,22.7,1020.4,1.4,1.7,14,33.9,0
2016-08-23 10:50:00,3,56,25.1,68,22.6,1020.4,1.4,1.7,12,33.9,0
2016-08-23 10:53:00,3,56,25.1,68,22.8,1020.5,1.7,2.7,14,33.9,0
2016-08-23 10:56:00,3,56,25.3,68,23.3,1020.6,0.7,1.0,14,33.9,0
2016-08-23 10:59:00,3,56,25.4,65,24.1,1020.5,2.0,3.1,10,33.9,0
2016-08-23 11:02:00,3,56,25.4,63,23.8,1020.5,1.4,2.0,12,33.9,0
2016-08-23 11:05:00,3,55,25.4,64,23.6,1020.6,1.0,1.4,12,33.9,0
2016-08-23 11:08:00,3,55,25.5,64,24.0,1020.5,1.4,2.0,0,33.9,0
2016-08-23 11:11:00,3,55,25.5,63,24.3,1020.6,1.7,2.0,14,33.9,0
2016-08-23 11:14:00,3,55,25.5,63,23.9,1020.6,0.7,1.0,0,33.9,0
2016-08-23 11:17:00,3,55,25.6,64,23.8,1020.5,1.0,1.4,10,33.9,0
2016-08-23 11:20:00,3,55,25.6,63,23.8,1020.6,2.0,2.4,12,33.9,0
2016-08-23 11:23:00,3,54,25.6,64,23.9,1020.6,2.0,3.1,14,33.9,0
2016-08-23 11:26:00,3,54,25.6,64,23.7,1020.6,1.0,1.4,10,33.9,0
2016-08-23 11:29:00,3,54,25.6,65,23.4,1020.7,1.4,1.7,11,33.9,0
2016-08-23 11:32:00,3,54,25.6,66,23.1,1020.6,1.4,1.7,10,33.9,0
2016-08-23 11:35:00,3,54,25.6,66,22.8,1020.6,1.4,2.0,12,33.9,0
2016-08-23 11:38:00,3,54,25.6,67,22.7,1020.7,1.7,2.4,10,33.9,0
2016-08-23 11:41:00,3,54,25.6,68,22.9,1020.6,0.3,0.7,12,33.9,0
2016-08-23 11:44:00,3,54,25.7,66,23.7,1020.6,2.0,2.4,14,33.9,0
2016-08-23 11:47:00,3,54,25.7,64,24.4,1020.6,1.7,2.0,10,33.9,0
2016-08-23 11:50:00,3,54,25.7,63,24.7,1020.6,1.7,3.1,11,33.9,0
2016-08-23 11:53:00,3,54,25.7,61,24.7,1020.7,2.7,4.1,8,33.9,0
2016-08-23 11:56:00,3,54,25.7,61,24.3,1020.7,1.7,2.7,12,33.9,0
2016-08-23 11:59:00,3,54,25.7,62,24.0,1020.6,1.4,2.0,14,33.9,0
2016-08-23 12:02:00,3,54,25.7,62,24.0,1020.6,0.7,1.4,12,33.9,0
2016-08-23 12:05:00,3,54,25.7,62,24.0,1020.7,0.7,1.4,12,33.9,0
2016-08-23 12:08:00,3,54,25.8,65,23.5,1020.6,1.4,1.7,12,33.9,0
2016-08-23 12:11:00,3,54,25.8,66,23.3,1020.6,0.7,1.0,12,33.9,0
2016-08-23 12:14:00,3,54,25.8,67,23.5,1020.6,0.7,1.0,10,33.9,0
2016-08-23 12:17:00,3,54,25.7,66,24.0,1020.7,1.4,1.7,14,33.9,0
2016-08-23 12:20:00,3,54,25.6,63,24.1,1020.7,1.4,2.0,12,33.9,0
2016-08-23 12:23:00,3,55,25.6,64,23.9,1020.7,0.7,1.4,14,33.9,0
2016-08-23 12:26:00,3,55,25.6,64,23.7,1020.6,1.4,2.4,10,33.9,0
2016-08-23 12:29:00,3,55,25.6,64,23.4,1020.6,1.0,1.4,12,33.9,0
2016-08-23 12:32:00,3,55,25.6,65,23.1,1020.6,1.7,3.1,12,33.9,0
2016-08-23 12:35:00,3,56,25.6,65,22.8,1020.6,1.4,1.7,14,33.9,0
2016-08-23 12:38:00,3,56,25.5,66,22.6,1020.6,1.7,2.0,10,33.9,0
2016-08-23 12:41:00,3,56,25.4,67,22.7,1020.6,1.7,2.0,12,33.9,0
2016-08-23 12:44:00,3,56,25.4,67,22.8,1020.5,1.4,2.0,10,33.9,0
2016-08-23 12:47:00,3,56,25.3,67,22.8,1020.6,2.0,3.1,11,33.9,0
2016-08-23 12:50:00,3,56,25.3,67,23.1,1020.5,1.0,1.4,12,33.9,0
2016-08-23 12:53:00,3,56,25.3,66,23.5,1020.5,1.0,1.7,10,33.9,0
2016-08-23 12:56:00,3,56,25.3,65,23.9,1020.5,1.4,2.0,10,33.9,0
2016-08-23 12:59:00,3,57,25.2,64,23.9,1020.6,0.7,1.0,14,33.9,0
2016-08-23 13:02:00,3,57,25.1,63,24.0,1020.5,1.4,1.7,12,33.9,0
2016-08-23 13:05:00,3,57,25.1,63,23.9,1020.5,1.7,2.4,12,33.9,0
2016-08-23 13:08:00,3,57,25.1,64,23.7,1020.4,1.7,2.4,10,33.9,0
2016-08-23 13:11:00,3,57,25.1,64,23.9,1020.5,1.0,1.4,12,33.9,0
2016-08-23 13:14:00,3,57,25.1,63,24.1,1020.4,1.4,2.0,10,33.9,0
2016-08-23 13:17:00,3,57,25.1,63,24.3,1020.4,0.7,1.4,12,33.9,0
2016-08-23 13:20:00,3,57,25.1,63,24.7,1020.4,1.7,2.4,12,33.9,0
2016-08-23 13:23:00,3,57,25.1,62,24.7,1020.5,1.0,1.4,14,33.9,0
2016-08-23 13:26:00,3,57,25.0,62,24.4,1020.5,0.7,1.0,12,33.9,0
2016-08-23 13:29:00,3,57,25.0,63,24.1,1020.5,1.4,1.7,11,33.9,0
2016-08-23 13:32:00,3,58,25.0,63,23.6,1020.4,0.7,1.4,14,33.9,0
2016-08-23 13:35:00,3,58,25.0,65,23.5,1020.4,1.0,1.4,14,33.9,0
2016-08-23 13:38:00,3,58,25.0,65,23.3,1020.4,1.4,2.0,12,33.9,0
2016-08-23 13:41:00,3,58,25.0,65,23.1,1020.5,1.0,1.4,12,33.9,0
2016-08-23 13:44:00,3,58,25.0,67,23.1,1020.4,0.7,1.4,11,33.9,0
2016-08-23 13:47:00,3,58,25.0,66,23.2,1020.5,1.0,1.4,13,33.9,0
2016-08-23 13:50:00,3,59,24.9,67,23.2,1020.4,0,0,12,33.9,0
2016-08-23 13:53:00,3,59,24.9,67,23.3,1020.4,0.7,1.0,14,33.9,0
2016-08-23 13:56:00,3,59,24.9,64,23.3,1020.5,1.7,2.4,14,33.9,0
2016-08-23 13:59:00,3,59,24.9,65,23.1,1020.6,1.4,2.0,10,33.9,0
2016-08-23 14:02:00,3,59,24.9,65,23.1,1020.6,1.4,2.0,0,33.9,0
2016-08-23 14:05:00,3,59,24.7,65,23.1,1020.6,1.4,2.0,0,33.9,0
2016-08-23 14:08:00,3,59,24.7,65,23.2,1020.5,1.4,1.7,14,33.9,0
2016-08-23 14:11:00,3,59,24.7,64,23.6,1020.4,1.4,1.7,10,33.9,0
2016-08-23 14:14:00,3,59,24.9,63,23.9,1020.5,0.7,1.4,12,33.9,0
2016-08-23 14:17:00,3,59,24.7,63,23.9,1020.5,1.0,1.4,14,33.9,0
2016-08-23 14:20:00,3,59,24.7,63,23.8,1020.5,0.7,1.0,14,33.9,0
2016-08-23 14:23:00,3,59,24.7,64,23.8,1020.5,0.7,1.0,2,33.9,0
2016-08-23 14:26:00,3,59,24.7,64,23.8,1020.4,0.7,1.0,10,33.9,0
2016-08-23 14:29:00,3,59,24.9,64,23.8,1020.4,1.4,1.7,12,33.9,0
2016-08-23 14:32:00,3,60,24.7,63,23.7,1020.3,1.0,1.4,14,33.9,0
2016-08-23 14:35:00,3,59,24.7,63,23.6,1020.4,0.3,0.7,12,33.9,0
2016-08-23 14:38:00,3,59,24.7,64,23.6,1020.5,0.3,0.7,14,33.9,0
2016-08-23 14:41:00,3,59,24.7,64,23.6,1020.4,0.3,0.7,14,33.9,0
2016-08-23 14:44:00,3,59,24.7,63,23.7,1020.4,0.3,1.0,14,33.9,0
2016-08-23 14:47:00,3,59,24.7,63,23.8,1020.4,0,0.7,14,33.9,0
2016-08-23 14:50:00,3,59,24.7,63,23.9,1020.4,0.7,1.0,14,33.9,0
2016-08-23 14:53:00,3,59,24.7,62,23.9,1020.3,0.7,1.4,12,33.9,0
2016-08-23 14:56:00,3,59,24.7,63,23.7,1020.5,0.3,0.7,10,33.9,0
2016-08-23 14:59:00,3,59,24.7,64,23.7,1020.4,0.3,1.0,12,33.9,0
2016-08-23 15:02:00,3,59,24.7,64,23.7,1020.4,0,0.7,12,33.9,0
2016-08-23 15:05:00,3,59,24.7,63,23.7,1020.4,0.7,1.4,12,33.9,0
2016-08-23 15:08:00,3,59,24.7,63,23.7,1020.4,1.4,1.7,12,33.9,0
2016-08-23 15:11:00,3,59,24.7,63,23.7,1020.3,0.3,1.0,12,33.9,0
2016-08-23 15:14:00,3,59,24.7,64,23.7,1020.4,0.7,1.0,10,33.9,0
2016-08-23 15:17:00,3,59,24.7,63,23.7,1020.4,0.3,1.0,12,33.9,0
2016-08-23 15:20:00,3,59,24.7,63,23.6,1020.3,0.3,0.7,0,33.9,0
2016-08-23 15:23:00,3,59,24.7,63,23.6,1020.5,1.0,1.7,14,33.9,0
2016-08-23 15:26:00,3,59,24.7,63,23.5,1020.4,1.0,1.7,14,33.9,0
2016-08-23 15:29:00,3,59,24.7,63,23.9,1020.4,0.7,0.7,12,33.9,0
2016-08-23 15:32:00,3,59,24.7,62,24.7,1020.4,0.3,0.7,0,33.9,0
2016-08-23 15:35:00,3,59,24.7,61,25.0,1020.3,0.3,1.0,0,33.9,0
2016-08-23 15:38:00,3,59,24.7,60,25.1,1020.4,1.0,1.4,0,33.9,0
2016-08-23 15:41:00,3,59,24.7,59,25.4,1020.3,0.3,0.7,0,33.9,0
2016-08-23 15:44:00,3,59,24.7,58,25.7,1020.2,0.7,1.0,0,33.9,0
2016-08-23 15:47:00,3,59,24.7,57,25.5,1020.3,0.3,0.7,0,33.9,0
2016-08-23 15:50:00,3,59,24.7,60,24.9,1020.3,0,0.3,12,33.9,0
2016-08-23 15:53:00,3,59,24.7,60,24.7,1020.3,0.3,0.7,12,33.9,0
2016-08-23 15:56:00,3,59,24.7,61,24.6,1020.2,0.3,0.7,12,33.9,0
2016-08-23 15:59:00,3,59,24.7,60,24.6,1020.3,0,0.3,14,33.9,0
2016-08-23 16:02:00,3,59,24.7,61,24.5,1020.2,0,0.3,14,33.9,0
2016-08-23 16:05:00,3,59,24.7,61,24.5,1020.2,0,0.3,14,33.9,0
2016-08-23 16:08:00,3,59,24.7,63,24.4,1020.2,0.3,0.7,12,33.9,0
2016-08-23 16:11:00,3,59,24.7,63,24.3,1020.3,0,0.7,12,33.9,0
2016-08-23 16:14:00,3,59,24.7,62,24.1,1020.3,0.3,0.7,14,33.9,0
2016-08-23 16:17:00,3,60,24.7,63,24.0,1020.3,0,0,14,33.9,0
2016-08-23 16:20:00,3,60,24.7,64,24.0,1020.2,0,0,14,33.9,0
2016-08-23 16:23:00,3,60,24.7,64,23.9,1020.2,0.3,0.3,14,33.9,0
2016-08-23 16:26:00,3,60,24.7,64,24.3,1020.2,0,0.3,14,33.9,0
2016-08-23 16:29:00,3,60,24.7,62,24.6,1020.3,0.7,1.0,2,33.9,0
2016-08-23 16:32:00,3,60,24.7,61,24.9,1020.3,0,0,2,33.9,0
2016-08-23 16:35:00,3,60,24.7,60,25.7,1020.2,0,0.3,2,33.9,0
2016-08-23 16:38:00,3,60,24.7,57,26.1,1020.3,0.3,0.7,12,33.9,0
2016-08-23 16:41:00,3,60,24.7,57,26.2,1020.2,0,0.3,12,33.9,0
2016-08-23 16:44:00,3,60,24.7,56,25.8,1020.3,0,0.3,12,33.9,0
2016-08-23 16:47:00,3,60,24.7,58,25.5,1020.3,0.3,0.7,12,33.9,0
2016-08-23 16:50:00,3,60,24.7,58,25.6,1020.2,0.3,0.7,9,33.9,0
2016-08-23 16:53:00,3,60,24.7,57,25.6,1020.2,0.3,0.7,12,33.9,0
2016-08-23 16:56:00,3,60,24.7,58,25.8,1020.2,0,0.3,12,33.9,0
2016-08-23 16:59:00,3,59,24.9,57,26.1,1020.2,0,0,12,33.9,0
2016-08-23 17:02:00,3,59,24.9,55,26.2,1020.2,0.7,1.0,12,33.9,0
2016-08-23 17:05:00,3,59,24.9,56,26.0,1020.2,0.3,0.7,12,33.9,0
2016-08-23 17:08:00,3,60,24.9,58,25.6,1020.2,0,0.3,12,33.9,0
2016-08-23 17:11:00,3,59,24.9,60,25.2,1020.2,0,0.3,12,33.9,0
2016-08-23 17:14:00,3,59,24.9,60,24.8,1020.2,0.3,0.7,12,33.9,0
2016-08-23 17:17:00,3,59,24.9,61,24.5,1020.2,0.3,0.3,12,33.9,0
2016-08-23 17:20:00,3,60,24.9,62,24.1,1020.3,0,0,12,33.9,0
2016-08-23 17:23:00,3,60,24.9,63,23.7,1020.3,0,0,12,33.9,0
2016-08-23 17:26:00,3,60,24.9,64,23.4,1020.2,0,0.3,12,33.9,0
2016-08-23 17:29:00,3,60,24.9,64,23.2,1020.3,0,0,12,33.9,0
2016-08-23 17:32:00,3,60,24.9,66,23.0,1020.3,0,0,12,33.9,0
2016-08-23 17:35:00,3,60,24.9,66,22.8,1020.3,0,0,12,33.9,0
2016-08-23 17:38:00,3,60,24.7,67,22.6,1020.3,0,0,12,33.9,0
2016-08-23 17:41:00,3,61,24.7,71,22.4,1020.4,0,0,12,33.9,0
2016-08-23 17:44:00,3,61,24.7,71,22.2,1020.3,0,0,12,33.9,0
2016-08-23 17:47:00,3,61,24.7,72,22.0,1020.3,0,0,12,33.9,0
2016-08-23 17:50:00,3,61,24.7,72,21.8,1020.4,0,0,12,33.9,0
2016-08-23 17:53:00,3,61,24.7,73,21.6,1020.4,0,0,12,33.9,0
2016-08-23 17:56:00,3,61,24.7,74,21.4,1020.4,0,0,12,33.9,0
2016-08-23 17:59:00,3,61,24.7,74,21.3,1020.4,0,0,12,33.9,0
2016-08-23 18:02:00,3,61,24.7,74,21.2,1020.4,0,0,12,33.9,0
2016-08-23 18:05:00,3,62,24.7,74,21.2,1020.4,0,0,12,33.9,0
2016-08-23 18:08:00,3,62,24.7,74,21.2,1020.3,0,0,12,33.9,0
2016-08-23 18:11:00,3,62,24.7,76,20.6,1020.4,0,0,12,33.9,0
2016-08-23 18:14:00,3,62,24.7,76,20.5,1020.4,0,0,12,33.9,0
2016-08-23 18:17:00,3,62,24.7,77,20.3,1020.4,0,0,12,33.9,0
2016-08-23 18:20:00,3,62,24.7,78,20.2,1020.5,0,0,12,33.9,0
2016-08-23 18:23:00,3,62,24.7,78,20.1,1020.4,0,0,12,33.9,0
2016-08-23 18:26:00,3,62,24.6,80,19.9,1020.4,0,0,12,33.9,0
2016-08-23 18:29:00,3,62,24.6,80,19.8,1020.3,0,0,12,33.9,0
2016-08-23 18:32:00,3,62,24.6,80,19.7,1020.4,0,0,12,33.9,0
2016-08-23 18:35:00,3,62,24.6,81,19.5,1020.4,0,0,12,33.9,0
2016-08-23 18:38:00,3,62,24.6,81,19.4,1020.4,0,0,12,33.9,0
2016-08-23 18:41:00,3,62,24.5,82,19.3,1020.6,0,0,12,33.9,0
2016-08-23 18:44:00,3,62,24.6,82,19.2,1020.6,0,0,12,33.9,0
2016-08-23 18:47:00,3,62,24.6,83,19.1,1020.5,0,0,12,33.9,0
2016-08-23 18:50:00,3,62,24.6,84,19.0,1020.5,0,0,12,33.9,0
2016-08-23 18:53:00,3,62,24.5,84,18.9,1020.6,0,0,12,33.9,0
2016-08-23 18:56:00,3,62,24.6,84,18.8,1020.6,0,0,12,33.9,0
2016-08-23 18:59:00,3,62,24.6,85,18.8,1020.6,0,0,12,33.9,0
2016-08-23 19:02:00,3,62,24.6,86,18.7,1020.6,0,0,12,33.9,0
2016-08-23 19:05:00,3,62,24.5,86,18.7,1020.5,0,0,12,33.9,0
2016-08-23 19:08:00,3,62,24.6,86,18.6,1020.5,0,0,12,33.9,0
2016-08-23 19:11:00,3,62,24.6,87,18.6,1020.6,0,0,12,33.9,0
2016-08-23 19:14:00,3,62,24.6,87,18.6,1020.7,0,0,12,33.9,0
2016-08-23 19:17:00,3,62,24.5,88,18.6,1020.5,0,0,12,33.9,0
2016-08-23 19:20:00,3,62,24.5,88,18.6,1020.6,0,0,12,33.9,0
2016-08-23 19:23:00,3,62,24.6,89,18.5,1020.6,0,0,12,33.9,0
2016-08-23 19:26:00,3,62,24.5,89,18.5,1020.6,0,0,12,33.9,0
2016-08-23 19:29:00,3,62,24.5,89,18.5,1020.6,0,0,12,33.9,0
2016-08-23 19:32:00,3,62,24.5,89,18.4,1020.7,0,0,12,33.9,0
2016-08-23 19:35:00,3,62,24.5,88,18.4,1020.7,0,0,12,33.9,0
2016-08-23 19:38:00,3,62,24.5,88,18.3,1020.6,0,0,12,33.9,0
2016-08-23 19:41:00,3,62,24.5,88,18.2,1020.7,0,0,12,33.9,0
2016-08-23 19:44:00,3,62,24.5,88,18.2,1020.8,0,0,12,33.9,0
2016-08-23 19:47:00,3,61,24.5,88,18.1,1020.7,0,0,12,33.9,0
2016-08-23 19:50:00,3,61,24.5,89,18.0,1020.7,0,0,12,33.9,0
2016-08-23 19:53:00,3,61,24.5,89,18.0,1020.7,0,0,12,33.9,0
2016-08-23 19:56:00,3,61,24.5,90,17.9,1020.8,0,0,12,33.9,0
2016-08-23 19:59:00,3,61,24.5,90,17.9,1020.8,0,0,12,33.9,0
2016-08-23 20:02:00,3,61,24.5,90,17.9,1020.8,0,0,12,33.9,0
2016-08-23 20:05:00,3,61,24.5,90,17.9,1020.8,0,0,12,33.9,0
2016-08-23 20:08:00,3,61,24.5,90,17.9,1020.7,0,0,12,33.9,0
2016-08-23 20:11:00,3,61,24.5,91,17.9,1020.8,0,0,12,33.9,0
2016-08-23 20:14:00,3,61,24.5,91,17.9,1020.8,0,0,12,33.9,0
2016-08-23 20:17:00,3,61,24.5,91,18.0,1020.7,0,0,12,33.9,0
2016-08-23 20:20:00,3,61,24.4,91,18.0,1020.8,0,0,12,33.9,0
2016-08-23 20:23:00,3,61,24.4,91,18.0,1020.8,0,0,12,33.9,0
2016-08-23 20:26:00,3,61,24.4,91,17.9,1020.6,0,0,12,33.9,0
2016-08-23 20:29:00,3,61,24.4,91,17.9,1020.7,0,0,12,33.9,0
2016-08-23 20:32:00,3,61,24.4,90,17.9,1020.7,0,0,12,33.9,0
2016-08-23 20:35:00,3,61,24.4,90,17.8,1020.7,0,0,12,33.9,0
2016-08-23 20:38:00,3,61,24.4,90,17.8,1020.6,0,0,12,33.9,0
2016-08-23 20:41:00,3,61,24.4,91,17.7,1020.6,0,0,12,33.9,0
2016-08-23 20:44:00,3,61,24.4,91,17.7,1020.6,0,0,12,33.9,0
2016-08-23 20:47:00,3,61,24.4,91,17.6,1020.7,0,0,12,33.9,0
2016-08-23 20:50:00,3,61,24.4,91,17.5,1020.6,0,0,12,33.9,0
2016-08-23 20:53:00,3,61,24.4,91,17.5,1020.6,0,0,12,33.9,0
2016-08-23 20:56:00,3,61,24.4,94,17.4,1020.6,0,0,12,33.9,0
2016-08-23 20:59:00,3,61,24.4,94,17.4,1020.6,0,0,12,33.9,0
2016-08-23 21:02:00,3,61,24.4,94,17.3,1020.7,0,0,12,33.9,0
2016-08-23 21:05:00,3,61,24.4,94,17.3,1020.6,0,0,12,33.9,0
2016-08-23 21:08:00,3,61,24.4,94,17.2,1020.6,0,0,12,33.9,0
2016-08-23 21:11:00,3,61,24.4,95,17.2,1020.6,0,0,12,33.9,0
2016-08-23 21:14:00,3,61,24.3,95,17.1,1020.6,0,0,12,33.9,0
2016-08-23 21:17:00,3,61,24.3,95,17.1,1020.5,0,0,12,33.9,0
2016-08-23 21:20:00,3,61,24.3,95,17.0,1020.5,0,0,12,33.9,0
2016-08-23 21:23:00,3,61,24.2,95,16.9,1020.5,0,0,12,33.9,0
2016-08-23 21:26:00,3,61,24.2,95,16.9,1020.4,0,0,12,33.9,0
2016-08-23 21:29:00,3,61,24.2,95,16.8,1020.5,0,0,12,33.9,0
2016-08-23 21:32:00,3,61,24.2,95,16.7,1020.4,0,0,12,33.9,0
2016-08-23 21:35:00,3,61,24.2,95,16.7,1020.4,0,0,12,33.9,0
2016-08-23 21:38:00,3,61,24.2,95,16.6,1020.5,0,0,12,33.9,0
2016-08-23 21:41:00,3,61,24.2,95,16.6,1020.5,0,0,12,33.9,0
2016-08-23 21:44:00,3,61,24.2,96,16.5,1020.5,0,0,12,33.9,0
2016-08-23 21:47:00,3,61,24.2,96,16.5,1020.5,0,0,12,33.9,0
2016-08-23 21:50:00,3,61,24.2,97,16.5,1020.5,0,0,12,33.9,0
2016-08-23 21:53:00,3,61,24.2,97,16.5,1020.6,0,0,12,33.9,0
2016-08-23 21:56:00,3,61,24.2,97,16.5,1020.6,0,0.3,12,33.9,0
2016-08-23 21:59:00,3,61,24.2,98,16.4,1020.6,0,0,12,33.9,0
2016-08-23 22:02:00,3,61,24.2,98,16.4,1020.5,0,0,12,33.9,0
2016-08-23 22:05:00,3,61,24.2,98,16.4,1020.6,0,0,12,33.9,0
2016-08-23 22:08:00,3,61,24.2,98,16.3,1020.7,0,0,12,33.9,0
2016-08-23 22:11:00,3,61,24.2,98,16.2,1020.7,0,0,12,33.9,0
2016-08-23 22:14:00,3,61,24.2,98,16.2,1020.6,0,0,12,33.9,0
2016-08-23 22:17:00,3,61,24.2,98,16.1,1020.6,0,0,12,33.9,0
2016-08-23 22:20:00,3,61,24.1,98,16.1,1020.7,0,0,12,33.9,0
2016-08-23 22:23:00,3,61,24.1,98,16.0,1020.7,0,0,12,33.9,0
2016-08-23 22:26:00,3,61,24.1,98,16.0,1020.5,0,0,12,33.9,0
2016-08-23 22:29:00,3,60,24.1,98,16.0,1020.6,0,0,12,33.9,0
2016-08-23 22:32:00,3,60,24.1,98,16.0,1020.6,0,0,12,33.9,0
2016-08-23 22:35:00,3,60,24.1,98,16.0,1020.7,0,0,12,33.9,0
2016-08-23 22:38:00,3,60,24.1,98,16.0,1020.7,0,0,12,33.9,0
2016-08-23 22:41:00,3,60,24.1,99,16.0,1020.6,0,0,12,33.9,0
2016-08-23 22:44:00,3,60,24.1,99,16.0,1020.7,0,0,12,33.9,0
2016-08-23 22:47:00,3,60,24.1,99,16.0,1020.7,0,0,12,33.9,0
2016-08-23 22:50:00,3,60,24.1,99,16.1,1020.6,0,0,12,33.9,0
2016-08-23 22:53:00,3,60,24.0,99,16.1,1020.7,0,0,12,33.9,0
2016-08-23 22:56:00,3,60,24.0,99,16.1,1020.7,0,0,12,33.9,0
2016-08-23 22:59:00,3,60,24.0,99,16.2,1020.7,0,0,12,33.9,0
2016-08-23 23:02:00,3,60,24.0,99,16.2,1020.7,0,0,12,33.9,0
2016-08-23 23:05:00,3,60,24.0,99,16.2,1020.6,0,0,12,33.9,0
2016-08-23 23:08:00,3,60,24.0,99,16.2,1020.6,0,0,12,33.9,0
2016-08-23 23:11:00,3,60,24.0,99,16.2,1020.7,0.3,0.3,12,33.9,0
2016-08-23 23:14:00,3,60,24.0,99,16.2,1020.7,0,0,12,33.9,0
2016-08-23 23:17:00,3,60,24.0,99,16.2,1020.8,0,0,12,33.9,0
2016-08-23 23:20:00,3,60,24.0,99,16.2,1020.7,0,0,12,33.9,0
2016-08-23 23:23:00,3,60,24.0,99,16.2,1020.7,0,0,12,33.9,0
2016-08-23 23:26:00,3,60,24.0,99,16.2,1020.7,0,0,12,33.9,0
2016-08-23 23:29:00,3,60,24.0,99,16.2,1020.6,0,0,12,33.9,0
2016-08-23 23:32:00,3,60,24.0,99,16.3,1020.7,0,0,12,33.9,0
2016-08-23 23:35:00,3,60,24.0,99,16.3,1020.8,0,0,12,33.9,0
2016-08-23 23:38:00,3,60,24.0,99,16.3,1020.8,0,0.3,12,33.9,0
2016-08-23 23:41:00,3,61,23.8,99,16.3,1020.7,0,0.3,12,33.9,0
2016-08-23 23:44:00,3,61,23.9,99,16.3,1020.7,0,0,12,33.9,0
2016-08-23 23:47:00,3,61,23.9,99,16.4,1020.7,0,0.3,12,33.9,0
2016-08-23 23:50:00,3,61,23.9,99,16.4,1020.6,0,0,12,33.9,0
2016-08-23 23:53:00,3,61,23.9,99,16.4,1020.6,0,0,12,33.9,0
2016-08-23 23:56:00,3,61,23.8,99,16.4,1020.6,0,0,12,33.9,0
2016-08-23 23:59:00,3,61,23.8,99,16.4,1020.5,0,0,12,33.9,0
