2010-09-05 00:02:50,20,58,19.9,91,10.1,1015.9,0.0,0.0,0,1011.3,0
2010-09-05 00:22:50,20,58,19.8,91,9.9,1015.9,0.0,0.3,2,1011.3,0
2010-09-05 00:42:50,20,58,19.7,91,9.7,1016.0,0.0,0.3,0,1011.3,0
2010-09-05 01:02:50,20,58,19.7,91,9.4,1016.0,0.0,0.0,0,1011.3,0
2010-09-05 01:22:50,20,58,19.6,91,9.0,1016.2,0.0,0.0,0,1011.3,0
2010-09-05 01:42:50,20,59,19.5,91,8.6,1016.1,0.0,0.0,0,1011.3,0
2010-09-05 02:02:50,20,58,19.4,91,8.1,1016.3,0.0,0.0,0,1011.3,0
2010-09-05 02:22:50,20,58,19.4,91,7.7,1016.2,0.0,0.0,0,1011.3,0
2010-09-05 02:42:50,20,58,19.3,91,7.3,1016.2,0.0,0.0,0,1011.3,0
2010-09-05 03:02:50,20,58,19.2,91,7.0,1016.4,0.0,0.0,0,1011.3,0
2010-09-05 03:22:50,20,58,19.2,91,6.8,1016.4,0.0,0.0,2,1011.3,0
2010-09-05 03:42:50,20,58,19.1,91,6.7,1016.4,0.0,0.3,2,1011.3,0
2010-09-05 04:02:50,20,58,19.0,91,6.6,1016.7,0.0,0.0,2,1011.3,0
2010-09-05 04:22:50,20,58,18.9,91,6.4,1016.8,0.0,0.0,2,1011.3,0
2010-09-05 04:42:50,20,58,18.8,91,6.2,1017.0,0.0,0.0,2,1011.3,0
2010-09-05 05:02:50,20,58,18.8,92,6.4,1017.1,0.0,0.0,0,1011.3,0
2010-09-05 05:22:50,20,58,18.7,92,6.8,1017.4,0.0,0.7,2,1011.3,0
2010-09-05 05:42:50,20,58,18.6,92,7.3,1017.4,0.7,1.7,2,1011.3,0
2010-09-05 06:02:50,20,58,18.6,92,9.7,1017.3,0.0,0.3,0,1011.3,0
2010-09-05 06:22:50,20,58,18.5,87,11.5,1017.4,0.7,2.0,0,1011.3,0
2010-09-05 06:42:50,20,58,18.5,82,12.7,1017.6,0.3,1.0,5,1011.3,0
2010-09-05 07:02:50,20,58,18.4,77,13.6,1017.7,0.3,1.0,2,1011.3,0
2010-09-05 07:22:50,20,58,18.4,75,14.9,1017.9,0.3,1.4,0,1011.3,0
2010-09-05 07:42:50,20,58,18.4,74,14.6,1018.0,1.0,2.0,0,1011.3,0
2010-09-05 08:02:50,20,58,18.4,68,16.6,1018.1,1.4,2.4,6,1011.3,0
2010-09-05 08:22:50,20,59,18.3,67,17.2,1018.2,1.4,2.4,2,1011.3,0
2010-09-05 08:42:50,20,59,18.6,65,17.5,1018.2,0.7,2.0,2,1011.3,0
2010-09-05 09:02:40,20,59,19.0,63,17.9,1018.2,0.7,2.4,4,1011.3,0
2010-09-05 09:22:40,20,58,19.4,60,17.8,1018.2,1.0,2.0,4,1011.6,0
2010-09-05 09:42:40,20,58,19.8,60,18.1,1018.3,0.7,2.0,13,1011.6,0
2010-09-05 10:02:40,20,57,19.9,59,18.0,1018.1,1.0,1.7,6,1011.6,0
2010-09-05 10:22:40,20,57,19.9,56,18.3,1018.1,1.0,2.0,4,1011.6,0
2010-09-05 10:42:40,20,57,19.8,56,19.5,1018.0,0.3,1.7,4,1011.6,0
2010-09-05 11:02:40,20,57,20.0,55,18.9,1017.9,0,0,2,1011.6,0
2010-09-05 11:22:40,20,57,20.2,50,20.9,1017.7,0.3,1.7,14,1011.6,0
2010-09-05 11:42:40,20,57,20.5,46,21.5,1017.7,1.0,2.0,0,1011.6,0
2010-09-05 12:02:40,20,57,20.8,47,20.6,1017.6,0.3,1.0,1,1011.6,0
2010-09-05 12:22:40,20,56,20.8,52,18.1,1017.4,0.7,1.4,2,1011.6,0
2010-09-05 12:42:40,20,56,20.6,53,18.1,1017.1,0.7,1.7,1,1011.6,0
2010-09-05 13:02:40,20,56,20.5,57,17.2,1017.3,0.3,1.4,14,1011.6,0
2010-09-05 13:22:40,20,57,20.3,54,19.7,1017.3,0.7,1.7,0,1011.6,0
2010-09-05 13:42:40,20,57,20.2,48,20.5,1017.1,0.7,1.7,0,1011.6,0
2010-09-05 14:02:40,20,57,20.1,42,21.4,1017.0,2.0,2.4,4,1011.6,0
2010-09-05 14:22:40,20,57,20.0,50,19.2,1017.1,0,0.3,0,1011.6,0
2010-09-05 14:42:40,20,57,20.0,48,20.1,1017.2,1.0,3.1,1,1011.6,0
2010-09-05 15:02:40,20,58,20.0,47,21.0,1017.1,0.7,1.0,0,1011.6,0
2010-09-05 15:22:40,20,58,20.0,42,21.9,1017.0,0.7,2.4,4,1011.6,0
2010-09-05 15:42:40,20,58,20.3,41,21.5,1016.9,0,1.0,14,1011.6,0
2010-09-05 16:02:40,20,57,20.6,49,17.4,1017.0,0,0.7,0,1011.6,0
2010-09-05 16:22:40,20,56,20.9,49,18.6,1017.0,0,0.3,0,1011.6,0
2010-09-05 16:42:40,20,55,20.9,51,17.2,1017.0,1.0,1.7,2,1011.6,0
2010-09-05 17:02:40,20,55,20.8,57,16.0,1017.1,0,0,2,1011.6,0
2010-09-05 17:22:40,20,56,20.7,63,14.8,1017.3,0,0,4,1011.6,0
2010-09-05 17:42:40,20,55,20.6,68,13.4,1017.4,0,0,2,1011.6,0
2010-09-05 18:02:40,20,56,20.5,71,12.6,1017.6,0,0.7,0,1011.6,0
2010-09-05 18:22:40,20,56,20.4,75,11.6,1017.8,0,0.7,2,1011.6,0
2010-09-05 18:42:40,20,56,20.3,77,11.0,1018.0,0,0.7,2,1011.6,0
2010-09-05 19:02:40,20,56,20.2,79,10.6,1018.0,0,0.3,0,1011.6,0
2010-09-05 19:22:40,20,56,20.1,80,10.3,1018.0,0,0.7,2,1011.6,0
2010-09-05 19:42:40,20,56,20.1,80,10.1,1018.1,0,0,0,1011.6,0
2010-09-05 20:02:40,20,57,20.0,81,9.6,1018.0,0,0,0,1011.6,0
2010-09-05 20:22:40,20,57,19.9,83,9.2,1018.0,0,0.7,0,1011.6,0
2010-09-05 20:42:40,20,57,19.9,84,9.0,1018.1,0,0,0,1011.6,0
2010-09-05 21:02:40,20,57,19.8,84,8.5,1018.0,0,0,0,1011.6,0
2010-09-05 21:22:40,20,57,19.7,85,8.2,1018.0,0,0.7,0,1011.6,0
2010-09-05 21:42:40,20,57,19.6,85,8.0,1018.0,0,0,4,1011.6,0
2010-09-05 22:02:40,20,57,19.5,86,7.7,1018.0,0,0.3,2,1011.6,0
2010-09-05 22:22:40,20,57,19.5,86,7.4,1018.0,0,0,2,1011.6,0
2010-09-05 22:42:40,20,57,19.4,87,7.4,1018.1,0,0.7,2,1011.6,0
2010-09-05 23:02:40,20,57,19.3,87,7.2,1018.0,0,0,2,1011.6,0
2010-09-05 23:22:40,20,57,19.2,87,6.8,1018.0,0,0,4,1011.6,0
2010-09-05 23:42:40,20,57,19.2,87,6.6,1018.0,0,0,4,1011.6,0
