2018-07-11 00:02:00,3,45,23.7,93,13.9,1009.5,0,0.3,0,962.4,0
2018-07-11 00:05:00,3,45,23.7,93,13.9,1009.5,0,0.3,0,962.4,0
2018-07-11 00:08:00,3,45,23.6,93,13.9,1009.4,0,0,0,962.7,0
2018-07-11 00:11:00,3,45,23.6,93,13.9,1009.4,0,0,14,962.7,0
2018-07-11 00:14:00,3,45,23.6,93,13.9,1009.2,0.3,0.7,14,962.7,0
2018-07-11 00:17:00,3,45,23.6,94,13.9,1009.2,0,0,12,962.7,0
2018-07-11 00:20:00,3,45,23.6,94,13.9,1009.2,0,0.3,0,962.7,0
2018-07-11 00:23:00,3,45,23.6,94,13.9,1009.1,0,0,12,962.7,0
2018-07-11 00:26:00,3,45,23.6,94,13.9,1009.1,0,0.3,14,962.7,0
2018-07-11 00:29:00,3,45,23.6,94,13.9,1009.1,0,0.3,14,962.7,0
2018-07-11 00:32:00,3,45,23.6,94,13.9,1009.0,0.3,0.3,12,962.7,0
2018-07-11 00:35:00,3,45,23.6,94,13.8,1009.0,0.3,0.7,14,962.7,0
2018-07-11 00:38:00,3,45,23.6,95,13.8,1008.9,0.3,0.7,14,962.7,0
2018-07-11 00:41:00,3,45,23.6,95,13.8,1008.8,0.7,1.0,14,962.7,0
2018-07-11 00:44:00,3,45,23.6,95,13.8,1008.9,0,0.3,12,962.7,0
2018-07-11 00:47:00,3,45,23.6,95,13.8,1008.9,0,0,12,962.7,0
2018-07-11 00:50:00,3,45,23.6,95,13.8,1008.8,0.3,1.0,15,962.7,0
2018-07-11 00:53:00,3,45,23.6,95,13.8,1008.8,0.3,0.7,14,962.7,0
2018-07-11 00:56:00,3,45,23.6,95,13.8,1008.7,0,0,0,962.7,0
2018-07-11 00:59:00,3,45,23.6,95,13.8,1008.7,0,0,14,962.7,0
2018-07-11 01:02:00,3,45,23.6,95,13.8,1008.6,0,0,12,962.7,0
2018-07-11 01:05:00,3,46,23.5,96,13.8,1008.7,0,0,0,962.7,0
2018-07-11 01:08:00,3,46,23.5,96,13.8,1008.6,0,0,0,962.7,0
2018-07-11 01:11:00,3,46,23.5,96,13.7,1008.7,0,0,4,962.7,0
2018-07-11 01:14:00,3,46,23.4,96,13.8,1008.7,0,0.3,4,962.7,0
2018-07-11 01:17:00,3,46,23.4,96,13.8,1008.7,0,0,4,962.7,0
2018-07-11 01:20:00,3,46,23.4,96,13.8,1008.6,0,0,4,962.7,0
2018-07-11 01:23:00,3,46,23.4,96,13.8,1008.6,0,0,4,962.7,0
2018-07-11 01:26:00,3,46,23.4,96,13.8,1008.5,0,0,12,962.7,0
2018-07-11 01:29:00,3,46,23.4,96,13.8,1008.6,0,0,14,962.7,0
2018-07-11 01:32:00,3,46,23.4,96,13.8,1008.6,0,0,2,962.7,0
2018-07-11 01:35:00,3,46,23.4,96,13.9,1008.6,0,0.3,4,962.7,0
2018-07-11 01:38:00,3,46,23.4,97,13.9,1008.6,0,0,4,962.7,0
2018-07-11 01:41:00,3,46,23.4,97,13.9,1008.7,0,0,4,962.7,0
2018-07-11 01:44:00,3,46,23.4,97,13.9,1008.7,0,0,0,962.7,0
2018-07-11 01:47:00,3,46,23.4,97,13.9,1008.7,0,0,0,962.7,0
2018-07-11 01:50:00,3,46,23.4,97,13.9,1008.7,0,0,0,962.7,0
2018-07-11 01:53:00,3,46,23.4,97,13.9,1008.8,0,0,0,962.7,0
2018-07-11 01:56:00,3,46,23.4,97,13.9,1008.8,0,0,0,962.7,0
2018-07-11 01:59:00,3,46,23.4,97,13.9,1008.8,0,0,0,962.7,0
2018-07-11 02:02:00,3,46,23.4,97,13.9,1008.9,0,0,0,962.7,0
2018-07-11 02:05:00,3,46,23.4,97,13.9,1008.9,0,0,0,962.7,0
2018-07-11 02:08:00,3,46,23.4,98,13.9,1008.9,0,0,14,962.7,0
2018-07-11 02:11:00,3,46,23.4,98,13.9,1008.8,0,0,14,962.7,0
2018-07-11 02:14:00,3,46,23.4,98,13.9,1008.7,0,0,14,962.7,0
2018-07-11 02:17:00,3,46,23.4,98,13.9,1008.6,0,0,14,962.7,0
2018-07-11 02:20:00,3,46,23.3,98,13.9,1008.7,0,0,14,962.7,0
2018-07-11 02:23:00,3,47,23.3,98,13.9,1008.6,0,0,14,962.7,0
2018-07-11 02:26:00,3,47,23.3,98,13.9,1008.7,0,0,14,962.7,0
2018-07-11 02:29:00,3,47,23.3,98,13.8,1008.6,0,0,14,962.7,0
2018-07-11 02:32:00,3,47,23.3,98,13.8,1008.6,0,0,12,962.7,0
2018-07-11 02:35:00,3,47,23.3,98,13.8,1008.6,0,0,14,962.7,0
2018-07-11 02:38:00,3,47,23.3,98,13.9,1008.7,0,0,12,962.7,0
2018-07-11 02:41:00,3,47,23.3,98,13.9,1008.6,0,0,14,962.7,0
2018-07-11 02:44:00,3,47,23.3,98,13.9,1008.7,0,0,12,962.7,0
2018-07-11 02:47:00,3,47,23.3,98,13.9,1008.6,0,0,12,962.7,0
2018-07-11 02:50:00,3,47,23.3,99,13.9,1008.6,0,0,14,962.7,0
2018-07-11 02:53:00,3,47,23.3,99,13.9,1008.7,0,0,12,962.7,0
2018-07-11 02:56:00,3,47,23.2,99,13.9,1008.5,0,0,14,962.7,0
2018-07-11 02:59:00,3,47,23.3,99,13.9,1008.6,0,0,12,962.7,0
2018-07-11 03:02:00,3,47,23.2,99,13.9,1008.7,0,0,10,962.7,0
2018-07-11 03:05:00,3,47,23.2,99,13.9,1008.6,0,0,0,962.7,0
2018-07-11 03:08:00,3,47,23.2,99,13.9,1008.6,0,0,14,962.7,0
2018-07-11 03:11:00,3,47,23.2,99,13.9,1008.6,0,0,14,962.7,0
2018-07-11 03:14:00,3,47,23.2,99,13.9,1008.6,0,0,14,962.7,0
2018-07-11 03:17:00,3,47,23.2,99,13.9,1008.6,0,0,14,962.7,0
2018-07-11 03:20:00,3,47,23.1,99,13.9,1008.7,0,0,14,962.7,0
2018-07-11 03:23:00,3,47,23.1,99,13.9,1008.6,0,0,0,962.7,0
2018-07-11 03:26:00,3,47,23.1,99,13.8,1008.7,0,0,0,962.7,0
2018-07-11 03:29:00,3,47,23.1,99,13.8,1008.6,0,0,12,962.7,0
2018-07-11 03:32:00,3,47,23.1,99,13.8,1008.7,0,0,12,962.7,0
2018-07-11 03:35:00,3,47,23.1,99,13.7,1008.6,0,0,12,962.7,0
2018-07-11 03:38:00,3,47,23.1,99,13.7,1008.6,0,0,2,962.7,0
2018-07-11 03:41:00,3,47,23.1,99,13.6,1008.6,0,0,0,962.7,0
2018-07-11 03:44:00,3,47,23.1,99,13.6,1008.7,0,0,0,962.7,0
2018-07-11 03:47:00,3,47,23.1,99,13.6,1008.6,0,0,0,962.7,0
2018-07-11 03:50:00,3,47,23.1,99,13.6,1008.6,0,0,0,962.7,0
2018-07-11 03:53:00,3,47,23.1,99,13.6,1008.8,0,0,0,962.7,0
2018-07-11 03:56:00,3,47,23.1,99,13.5,1008.8,0,0,0,962.7,0
2018-07-11 03:59:00,3,47,23.1,99,13.5,1008.7,0,0,0,962.7,0
2018-07-11 04:02:00,3,47,23.1,99,13.5,1008.7,0,0,0,962.7,0
2018-07-11 04:05:00,3,47,23.1,99,13.5,1008.8,0,0,0,962.7,0
2018-07-11 04:08:00,3,47,23.1,99,13.5,1008.8,0,0,0,962.7,0
2018-07-11 04:11:00,3,47,23.1,99,13.5,1008.8,0,0,0,962.7,0
2018-07-11 04:14:00,3,47,23.1,99,13.5,1008.9,0,0,0,962.7,0
2018-07-11 04:17:00,3,48,23.1,99,13.5,1009.0,0,0,0,962.7,0
2018-07-11 04:20:00,3,48,23.1,99,13.5,1008.8,0,0,0,962.7,0
2018-07-11 04:23:00,3,48,23.1,99,13.5,1008.8,0,0,0,962.7,0
2018-07-11 04:26:00,3,48,23.1,99,13.5,1008.9,0,0,0,962.7,0
2018-07-11 04:29:00,3,48,23.1,99,13.6,1008.9,0,0.3,0,962.7,0
2018-07-11 04:32:00,3,48,23.1,99,13.6,1008.9,0,0,0,962.7,0
2018-07-11 04:35:00,3,48,23.0,99,13.6,1008.8,0,0,0,962.7,0
2018-07-11 04:38:00,3,48,23.0,99,13.7,1008.7,0,0,0,962.7,0
2018-07-11 04:41:00,3,48,23.0,99,13.7,1008.8,0,0,0,962.7,0
2018-07-11 04:44:00,3,48,23.0,99,13.7,1008.9,0,0.3,0,962.7,0
2018-07-11 04:47:00,3,48,23.0,99,13.7,1008.9,0,0.3,0,962.7,0
2018-07-11 04:50:00,3,48,23.0,99,13.8,1008.8,0,0.3,0,962.7,0
2018-07-11 04:53:00,3,48,23.0,99,13.8,1008.8,0,0.3,0,962.7,0
2018-07-11 04:56:00,3,48,23.0,99,13.9,1008.7,0,0.3,0,962.7,0
2018-07-11 04:59:00,3,48,23.0,99,14.0,1008.7,0,0,0,962.7,0
2018-07-11 05:02:00,3,48,23.0,99,14.0,1008.7,0,0,0,962.7,0
2018-07-11 05:05:00,3,48,23.0,99,14.1,1008.8,0,0,4,962.7,0
2018-07-11 05:08:00,3,48,23.0,99,14.2,1008.8,0,0,4,962.7,0
2018-07-11 05:11:00,3,48,23.0,99,14.2,1008.7,0,0,0,962.7,0
2018-07-11 05:14:00,3,48,23.0,99,14.4,1008.7,0,0,0,962.7,0
2018-07-11 05:17:00,3,48,23.0,99,14.5,1008.8,0,0,0,962.7,0
2018-07-11 05:20:00,3,48,23.0,99,14.5,1008.7,0,0,0,962.7,0
2018-07-11 05:23:00,3,47,23.0,99,14.6,1008.8,0,0,0,962.7,0
2018-07-11 05:26:00,3,47,23.0,99,14.7,1008.8,0,0,8,962.7,0
2018-07-11 05:29:00,3,47,23.0,99,14.7,1008.8,0,0,8,962.7,0
2018-07-11 05:32:00,3,47,23.0,99,14.7,1008.8,0,0,2,962.7,0
2018-07-11 05:35:00,3,47,23.0,99,14.8,1008.8,0,0,2,962.7,0
2018-07-11 05:38:00,3,47,23.0,99,14.8,1008.7,0,0,4,962.7,0
2018-07-11 05:41:00,3,47,23.0,99,14.8,1008.7,0,0,4,962.7,0
2018-07-11 05:44:00,3,47,23.0,99,15.0,1008.7,0.3,0.7,8,962.7,0
2018-07-11 05:47:00,3,47,23.0,99,15.0,1008.7,0,0,8,962.7,0
2018-07-11 05:50:00,3,48,23.0,99,15.1,1008.7,0,0,8,962.7,0
2018-07-11 05:53:00,3,48,23.0,99,15.3,1008.6,0,0,0,962.7,0
2018-07-11 05:56:00,3,48,23.1,99,15.4,1008.8,0,0.3,12,962.7,0
2018-07-11 05:59:00,3,48,23.1,99,15.5,1008.8,0,0.3,4,962.7,0
2018-07-11 06:02:00,3,48,23.3,99,15.5,1008.7,0,0,4,962.7,0
2018-07-11 06:05:00,3,48,23.4,99,15.5,1008.8,0,0,4,962.7,0
2018-07-11 06:08:00,3,48,23.4,99,15.7,1008.7,0.3,0.7,12,962.7,0
2018-07-11 06:11:00,3,48,23.5,99,15.7,1008.7,0,0,12,962.7,0
2018-07-11 06:14:00,3,48,23.6,98,15.6,1008.7,0,0.3,12,962.7,0
2018-07-11 06:17:00,3,48,23.7,97,15.7,1008.8,0,0,14,962.7,0
2018-07-11 06:20:00,3,48,23.8,96,15.8,1008.8,0.3,0.7,12,962.7,0
2018-07-11 06:23:00,3,47,24.0,96,15.9,1008.9,0,0.3,14,962.7,0
2018-07-11 06:26:00,3,47,24.0,94,16.0,1009.0,0.7,0.7,10,962.7,0
2018-07-11 06:29:00,3,46,24.1,93,16.3,1008.9,0.7,1.4,12,962.7,0
2018-07-11 06:32:00,3,46,24.2,91,16.5,1008.8,0.3,0.7,8,962.7,0
2018-07-11 06:35:00,3,46,24.3,90,16.6,1009.0,0.7,1.0,10,962.7,0
2018-07-11 06:38:00,3,46,24.4,88,16.6,1009.0,0.7,1.0,12,962.7,0
2018-07-11 06:41:00,3,46,24.4,86,16.5,1009.0,0,0,12,962.7,0
2018-07-11 06:44:00,3,45,24.5,85,16.5,1008.9,0,0.3,14,962.7,0
2018-07-11 06:47:00,3,45,24.7,85,16.5,1009.0,0,0,14,962.7,0
2018-07-11 06:50:00,3,45,24.7,85,16.6,1009.1,0,0,14,962.7,0
2018-07-11 06:53:00,3,45,24.8,86,16.8,1009.1,0,0,12,962.7,0
2018-07-11 06:56:00,3,45,24.8,85,16.9,1009.1,0.3,0.7,12,962.7,0
2018-07-11 06:59:00,3,44,25.0,84,17.0,1009.3,0.7,1.0,10,962.7,0
2018-07-11 07:02:00,3,43,25.0,82,17.3,1009.2,0.7,1.0,8,962.7,0
2018-07-11 07:05:00,3,45,24.8,82,17.4,1009.2,0.3,0.7,10,962.7,0
2018-07-11 07:08:00,3,45,24.8,81,17.3,1009.1,0.7,1.0,10,962.7,0
2018-07-11 07:11:00,3,45,24.7,81,17.2,1009.1,0,0.3,12,962.7,0
2018-07-11 07:14:00,3,45,24.6,81,17.2,1009.0,0.3,0.7,14,962.7,0
2018-07-11 07:17:00,3,46,24.5,82,17.2,1009.1,0.7,1.0,14,962.7,0
2018-07-11 07:20:00,3,46,24.5,82,17.3,1009.0,0.7,1.0,12,962.7,0
2018-07-11 07:23:00,3,46,24.5,81,17.3,1009.0,0.7,1.0,12,962.7,0
2018-07-11 07:26:00,3,46,24.4,81,17.2,1009.0,0.7,1.0,12,962.7,0
2018-07-11 07:29:00,3,47,24.4,81,17.2,1009.0,0,0.3,2,962.7,0
2018-07-11 07:32:00,3,47,24.4,79,17.6,1009.0,0,0.3,0,962.7,0
2018-07-11 07:35:00,3,47,24.5,79,18.3,1008.9,0.3,0.7,0,962.7,0
2018-07-11 07:38:00,3,47,24.6,77,18.8,1009.1,0.7,1.0,0,962.7,0
2018-07-11 07:41:00,3,46,24.8,74,19.5,1009.0,1.0,1.4,0,962.7,0
2018-07-11 07:44:00,3,46,24.8,71,19.6,1009.1,0.7,1.0,2,962.7,0
2018-07-11 07:47:00,3,45,25.0,71,19.7,1009.0,1.4,1.7,2,962.7,0
2018-07-11 07:50:00,3,45,25.0,70,19.6,1008.9,0.7,1.0,14,962.7,0
2018-07-11 07:53:00,3,44,25.1,70,19.5,1008.9,0.3,0.7,0,962.7,0
2018-07-11 07:56:00,3,45,25.1,71,19.7,1009.0,0,0.7,0,962.7,0
2018-07-11 07:59:00,3,44,25.2,71,19.7,1009.0,1.0,1.4,0,962.7,0
2018-07-11 08:02:00,3,44,25.2,70,19.6,1009.0,1.4,2.0,14,962.7,0
2018-07-11 08:05:00,3,44,25.2,70,19.6,1008.9,1.4,2.0,14,962.7,0
2018-07-11 08:08:00,3,44,25.3,66,20.2,1009.0,2.0,2.7,9,962.7,0
2018-07-11 08:11:00,3,43,25.3,68,20.1,1008.9,1.0,1.7,12,962.7,0
2018-07-11 08:14:00,3,43,25.3,67,19.7,1008.9,1.0,1.7,14,962.7,0
2018-07-11 08:17:00,3,43,25.3,67,19.2,1009.0,0.7,1.0,0,962.7,0
2018-07-11 08:20:00,3,43,25.3,68,18.9,1008.9,0.3,0.7,14,962.7,0
2018-07-11 08:23:00,3,43,25.3,66,18.9,1009.0,0.7,1.0,12,962.7,0
2018-07-11 08:26:00,3,43,25.3,63,19.0,1009.0,0.7,1.0,10,962.7,0
2018-07-11 08:29:00,3,43,25.2,65,19.4,1009.0,0.3,0.7,8,962.7,0
2018-07-11 08:32:00,3,43,25.2,62,19.7,1008.9,0.7,1.0,8,962.7,0
2018-07-11 08:35:00,3,43,25.2,62,19.7,1009.0,0,0.7,2,962.7,0
2018-07-11 08:38:00,3,43,25.1,64,20.0,1008.9,0,0.3,14,962.7,0
2018-07-11 08:41:00,3,44,25.1,65,20.4,1009.0,0,0.3,0,962.7,0
2018-07-11 08:44:00,3,44,25.1,62,20.9,1009.0,0.7,1.0,14,962.7,0
2018-07-11 08:47:00,3,44,25.2,61,21.1,1008.9,1.4,1.7,8,962.7,0
2018-07-11 08:50:00,3,44,25.2,61,21.2,1008.8,0.7,1.0,2,962.7,0
2018-07-11 08:53:00,3,44,25.2,61,21.1,1008.9,0.7,1.4,0,962.7,0
2018-07-11 08:56:00,3,43,25.2,60,21.0,1009.0,0.7,1.4,2,962.7,0
2018-07-11 08:59:00,3,43,25.2,60,20.8,1009.0,0.7,1.4,10,962.7,0
2018-07-11 09:02:00,3,43,25.2,60,20.9,1009.1,0.3,1.0,10,962.7,0
2018-07-11 09:05:00,3,43,25.3,60,21.0,1009.0,0.7,1.0,8,962.7,0
2018-07-11 09:08:00,3,43,25.3,61,21.2,1008.9,0,0,14,962.7,0
2018-07-11 09:11:00,3,43,25.3,59,21.4,1009.0,1.4,1.7,12,962.7,0
2018-07-11 09:14:00,3,43,25.3,60,21.3,1009.0,1.0,1.0,14,962.7,0
2018-07-11 09:17:00,3,43,25.3,60,21.4,1009.0,0.3,1.0,10,962.7,0
2018-07-11 09:20:00,3,43,25.3,59,21.4,1009.0,1.0,1.4,2,962.7,0
2018-07-11 09:23:00,3,43,25.4,59,21.3,1009.0,1.4,1.7,14,962.7,0
2018-07-11 09:26:00,3,43,25.4,58,21.1,1009.0,1.0,1.4,0,962.7,0
2018-07-11 09:29:00,3,43,25.4,59,20.9,1009.0,0,0.3,0,962.7,0
2018-07-11 09:32:00,3,43,25.3,60,21.0,1009.0,0.3,0.7,12,962.7,0
2018-07-11 09:35:00,3,43,25.2,59,21.3,1008.8,0.7,1.4,2,962.7,0
2018-07-11 09:38:00,3,43,25.2,57,21.6,1008.9,1.4,1.7,12,962.7,0
2018-07-11 09:41:00,3,43,25.2,57,21.6,1008.9,0.7,1.0,12,962.7,0
2018-07-11 09:44:00,3,43,25.2,56,21.8,1008.9,1.0,1.7,14,962.7,0
2018-07-11 09:47:00,3,43,25.2,56,21.7,1008.9,1.0,1.4,12,962.7,0
2018-07-11 09:50:00,3,43,25.2,54,21.6,1008.8,1.4,2.0,14,962.7,0
2018-07-11 09:53:00,3,43,25.2,56,21.5,1008.8,0.3,0.7,0,962.7,0
2018-07-11 09:56:00,3,44,25.1,57,21.6,1008.8,0.7,1.4,0,962.7,0
2018-07-11 09:59:00,3,44,25.1,55,21.7,1008.8,0.7,1.0,0,962.7,0
2018-07-11 10:02:00,3,44,25.1,54,21.6,1008.7,1.0,1.4,4,962.7,0
2018-07-11 10:05:00,3,44,25.1,54,21.6,1008.7,1.0,1.4,4,962.7,0
2018-07-11 10:08:00,3,44,25.1,54,22.0,1008.7,1.0,1.4,8,962.7,0
2018-07-11 10:11:00,3,44,25.0,53,22.2,1008.8,0.3,0.7,8,962.7,0
2018-07-11 10:14:00,3,44,25.0,53,22.3,1008.8,0.7,1.0,2,962.7,0
2018-07-11 10:17:00,3,44,25.0,52,22.4,1008.8,0.7,1.0,12,962.7,0
2018-07-11 10:20:00,3,45,25.0,50,22.7,1008.7,1.4,2.0,10,962.7,0
2018-07-11 10:23:00,3,45,25.0,50,22.8,1008.7,0.3,1.0,0,962.7,0
2018-07-11 10:26:00,3,45,25.0,49,22.8,1008.7,1.4,2.0,0,962.7,0
2018-07-11 10:29:00,3,46,24.8,50,22.9,1008.7,0.7,1.0,0,962.7,0
2018-07-11 10:32:00,3,46,24.8,50,23.0,1008.7,0.3,0.7,8,962.7,0
2018-07-11 10:35:00,3,46,24.8,49,22.9,1008.6,1.0,1.7,10,962.7,0
2018-07-11 10:38:00,3,46,24.8,50,22.8,1008.6,0.3,0.7,0,962.7,0
2018-07-11 10:41:00,3,46,24.8,50,22.5,1008.6,1.0,1.4,0,962.7,0
2018-07-11 10:44:00,3,46,24.8,54,22.4,1008.7,0.7,1.0,0,962.7,0
2018-07-11 10:47:00,3,46,24.8,53,22.2,1008.6,1.0,1.4,0,962.7,0
2018-07-11 10:50:00,3,46,24.7,53,22.1,1008.6,1.0,1.7,8,962.7,0
2018-07-11 10:53:00,3,46,24.7,54,21.8,1008.6,0.7,1.0,0,962.7,0
2018-07-11 10:56:00,3,46,24.7,54,21.5,1008.6,1.0,1.7,0,962.7,0
2018-07-11 10:59:00,3,46,24.7,56,21.5,1008.6,0.7,1.0,0,962.7,0
2018-07-11 11:02:00,3,46,24.7,56,21.6,1008.6,0.7,1.7,12,962.7,0
2018-07-11 11:05:00,3,46,24.6,56,21.7,1008.5,1.0,1.4,2,962.7,0
2018-07-11 11:08:00,3,46,24.6,55,21.8,1008.6,0.7,1.4,14,962.7,0
2018-07-11 11:11:00,3,46,24.6,54,21.8,1008.6,1.4,2.0,14,962.7,0
2018-07-11 11:14:00,3,46,24.6,55,21.7,1008.6,1.0,1.4,14,962.7,0
2018-07-11 11:17:00,3,46,24.6,55,21.6,1008.7,0,0,2,962.7,0
2018-07-11 11:20:00,3,46,24.6,55,21.6,1008.6,0.7,1.0,4,962.7,0
2018-07-11 11:23:00,3,46,24.6,54,21.6,1008.6,0.7,1.0,14,962.7,0
2018-07-11 11:26:00,3,46,24.6,56,21.7,1008.6,1.4,1.7,2,962.7,0
2018-07-11 11:29:00,3,46,24.6,55,22.0,1008.6,1.4,1.7,14,962.7,0
2018-07-11 11:32:00,3,46,24.6,53,22.3,1008.6,1.0,1.4,0,962.7,0
2018-07-11 11:35:00,3,46,24.6,50,22.6,1008.5,0.3,0.7,14,962.7,0
2018-07-11 11:38:00,3,46,24.6,50,23.2,1008.6,1.0,1.4,14,962.7,0
2018-07-11 11:41:00,3,46,24.6,47,23.5,1008.6,1.4,1.7,14,962.7,0
2018-07-11 11:44:00,3,46,24.6,46,23.6,1008.5,0.7,1.4,6,962.7,0
2018-07-11 11:47:00,3,46,24.6,45,23.5,1008.3,1.4,1.7,8,962.7,0
2018-07-11 11:50:00,3,46,24.6,46,23.2,1008.3,0.7,1.0,0,962.7,0
2018-07-11 11:53:00,3,46,24.6,48,23.1,1008.3,0.3,0.7,2,962.7,0
2018-07-11 11:56:00,3,46,24.6,45,23.4,1008.4,1.0,1.4,8,962.7,0
2018-07-11 11:59:00,3,46,24.6,45,23.8,1008.3,0.7,1.0,8,962.7,0
2018-07-11 12:02:00,3,46,24.6,46,24.1,1008.2,1.0,1.4,8,962.7,0
2018-07-11 12:05:00,3,46,24.6,46,24.1,1008.3,1.0,1.4,8,962.7,0
2018-07-11 12:08:00,3,46,24.6,43,24.8,1008.2,1.0,1.4,10,962.7,0
2018-07-11 12:11:00,3,46,24.6,44,24.4,1008.1,1.0,1.7,10,962.7,0
2018-07-11 12:14:00,3,46,24.6,44,24.2,1008.1,1.0,1.4,12,962.7,0
2018-07-11 12:17:00,3,46,24.6,45,23.9,1008.1,0.3,0.7,10,962.7,0
2018-07-11 12:20:00,3,46,24.6,46,24.0,1008.0,1.4,2.0,8,962.7,0
2018-07-11 12:23:00,3,46,24.6,44,24.2,1008.1,1.0,1.4,2,962.7,0
2018-07-11 12:26:00,3,46,24.6,43,24.4,1008.0,1.0,1.4,2,962.7,0
2018-07-11 12:29:00,3,46,24.6,43,24.5,1008.2,0.7,1.4,14,962.7,0
2018-07-11 12:32:00,3,46,24.7,42,24.9,1008.0,0.7,1.4,14,962.7,0
2018-07-11 12:35:00,3,46,24.7,41,25.0,1008.0,1.0,1.4,14,962.7,0
2018-07-11 12:38:00,3,46,24.8,42,24.7,1008.1,2.0,3.4,2,962.7,0
2018-07-11 12:41:00,3,46,24.8,42,24.4,1008.0,1.7,2.4,14,962.7,0
2018-07-11 12:44:00,3,46,24.8,43,24.3,1007.9,1.4,1.7,0,962.7,0
2018-07-11 12:47:00,3,45,24.7,43,24.5,1007.9,1.0,1.4,12,962.7,0
2018-07-11 12:50:00,3,45,24.7,42,24.5,1008.0,1.4,2.0,0,962.7,0
2018-07-11 12:53:00,3,45,24.7,42,24.6,1008.0,1.0,1.7,0,962.7,0
2018-07-11 12:56:00,3,46,24.8,42,24.6,1008.0,1.0,1.4,4,962.7,0
2018-07-11 12:59:00,3,46,24.7,41,24.6,1007.8,1.0,1.4,10,962.7,0
2018-07-11 13:02:00,3,46,24.8,41,24.3,1007.9,1.7,2.4,1,962.7,0
2018-07-11 13:05:00,3,46,24.8,41,24.0,1007.8,2.0,2.7,0,962.7,0
2018-07-11 13:08:00,3,45,25.0,43,24.1,1007.9,1.0,1.4,4,962.7,0
2018-07-11 13:11:00,3,45,25.0,42,24.1,1007.9,1.0,1.4,0,962.7,0
2018-07-11 13:14:00,3,45,25.0,41,23.6,1007.8,0.7,1.4,14,962.7,0
2018-07-11 13:17:00,3,44,25.0,43,23.5,1007.8,0.3,1.0,0,962.7,0
2018-07-11 13:20:00,3,44,25.0,44,23.4,1007.9,0.7,1.0,0,962.7,0
2018-07-11 13:23:00,3,44,25.0,43,23.2,1007.8,1.4,1.7,2,962.7,0
2018-07-11 13:26:00,3,44,25.0,44,23.0,1007.8,0.3,0.7,0,962.7,0
2018-07-11 13:29:00,3,44,25.0,45,23.0,1007.7,0.3,0.7,0,962.7,0
2018-07-11 13:32:00,3,44,25.0,44,23.0,1007.7,0,0,4,962.7,0
2018-07-11 13:35:00,3,44,25.0,44,23.0,1007.7,0,0,0,962.7,0
2018-07-11 13:38:00,3,44,25.0,45,23.2,1007.7,0,0,4,962.7,0
2018-07-11 13:41:00,3,45,25.0,42,23.2,1007.7,0.3,0.7,14,962.7,0
2018-07-11 13:44:00,3,44,25.1,43,23.1,1007.7,0.7,1.0,14,962.7,0
2018-07-11 13:47:00,3,44,25.1,45,23.0,1007.7,0.3,0.7,2,962.7,0
2018-07-11 13:50:00,3,44,25.1,45,22.8,1007.7,0,0.3,0,962.7,0
2018-07-11 13:53:00,3,44,25.1,44,22.8,1007.6,0,0,10,962.7,0
2018-07-11 13:56:00,3,44,25.1,45,22.6,1007.7,1.0,1.4,0,962.7,0
2018-07-11 13:59:00,3,44,25.1,45,22.5,1007.6,0.3,0.7,0,962.7,0
2018-07-11 14:02:00,3,44,25.1,49,22.4,1007.6,1.0,1.0,0,962.7,0
2018-07-11 14:05:00,3,44,25.1,49,22.4,1007.6,1.0,1.0,0,962.7,0
2018-07-11 14:08:00,3,44,25.1,50,22.3,1007.6,0,0,0,962.7,0
2018-07-11 14:11:00,3,44,25.1,51,22.4,1007.7,0,0.3,12,962.7,0
2018-07-11 14:14:00,3,44,25.1,48,22.5,1007.6,0,0.3,6,962.7,0
2018-07-11 14:17:00,3,44,25.1,47,22.6,1007.6,0.7,1.0,0,962.7,0
2018-07-11 14:20:00,3,44,25.2,47,22.6,1007.5,0.3,0.7,6,962.7,0
2018-07-11 14:23:00,3,44,25.2,47,22.7,1007.4,0.3,1.0,2,962.7,0
2018-07-11 14:26:00,3,44,25.2,47,22.7,1007.5,0,0.3,0,962.7,0
2018-07-11 14:29:00,3,44,25.2,48,22.8,1007.5,0.3,0.7,10,962.7,0
2018-07-11 14:32:00,3,44,25.2,47,23.1,1007.6,0,0.3,6,962.7,0
2018-07-11 14:35:00,3,44,25.2,47,23.3,1007.5,0.7,1.0,6,962.7,0
2018-07-11 14:38:00,3,44,25.2,46,23.4,1007.5,0.7,1.0,8,962.7,0
2018-07-11 14:41:00,3,44,25.2,44,23.1,1007.6,0.7,1.0,10,962.7,0
2018-07-11 14:44:00,3,44,25.2,45,22.9,1007.5,0.3,0.7,8,962.7,0
2018-07-11 14:47:00,3,44,25.2,48,22.7,1007.4,0.3,0.7,10,962.7,0
2018-07-11 14:50:00,3,44,25.2,48,22.5,1007.5,0.3,1.0,12,962.7,0
2018-07-11 14:53:00,3,44,25.2,52,22.3,1007.5,0,0.3,8,962.7,0
2018-07-11 14:56:00,3,44,25.2,52,22.2,1007.6,0,0.3,10,962.7,0
2018-07-11 14:59:00,3,44,25.2,52,22.1,1007.6,0,0.3,8,962.7,0
2018-07-11 15:02:00,3,44,25.2,55,21.9,1007.6,0.3,0.7,8,962.7,0
2018-07-11 15:05:00,3,44,25.2,59,21.6,1007.7,0.3,0.7,4,963.0,0
2018-07-11 15:08:00,3,44,25.2,64,21.1,1007.8,0.3,0.7,2,963.6,0
2018-07-11 15:11:00,3,44,25.2,69,20.2,1008.0,1.0,1.7,4,963.9,0
2018-07-11 15:14:00,3,44,25.2,72,19.0,1008.0,1.4,2.0,0,964.5,0
2018-07-11 15:16:59,3,44,25.2,73,18.0,1008.0,2.0,2.7,14,965.1,0
2018-07-11 15:19:59,3,44,25.2,78,17.4,1007.9,1.0,1.4,2,965.4,0
2018-07-11 15:22:59,3,44,25.3,79,17.0,1007.9,0.7,1.0,0,965.7,0
2018-07-11 15:25:59,3,44,25.3,81,16.6,1008.1,1.4,1.7,0,966.6,0
2018-07-11 15:28:59,3,44,25.3,82,16.2,1008.2,2.0,2.7,14,967.5,0
2018-07-11 15:31:59,3,43,25.4,82,15.7,1008.3,1.4,2.4,14,968.4,0
2018-07-11 15:34:59,3,43,25.4,83,15.5,1008.2,1.0,1.7,0,968.7,0
2018-07-11 15:37:59,3,43,25.4,83,15.1,1008.2,1.4,2.0,0,969.0,0
2018-07-11 15:40:59,3,42,26.2,83,14.8,1008.3,1.0,1.4,0,969.0,0
2018-07-11 15:43:59,3,42,26.2,83,14.6,1008.1,1.4,1.7,14,969.3,0
2018-07-11 15:46:59,3,42,26.2,83,14.5,1008.1,0,0,6,969.3,0
2018-07-11 15:49:59,3,42,26.2,83,14.4,1008.1,0,0.3,8,969.3,0
2018-07-11 15:52:59,3,42,26.2,84,14.4,1008.0,0.3,0.7,12,969.3,0
2018-07-11 15:55:59,3,41,26.2,84,14.3,1008.0,0.7,1.0,14,969.3,0
2018-07-11 15:58:59,3,41,26.2,84,14.3,1007.9,0.3,0.7,14,969.3,0
2018-07-11 16:01:59,3,42,26.2,84,14.3,1008.0,0,0,14,969.3,0
2018-07-11 16:04:59,3,42,26.2,84,14.3,1007.9,0,0,14,969.3,0
2018-07-11 16:07:59,3,42,26.2,86,14.5,1008.0,0,0.3,0,969.3,0
2018-07-11 16:10:59,3,42,26.2,86,14.6,1008.0,0.3,0.7,0,969.3,0
2018-07-11 16:13:59,3,42,26.2,87,14.7,1008.2,0.7,1.0,2,969.3,0
2018-07-11 16:16:59,3,42,26.2,88,14.8,1008.1,0.7,1.0,0,969.6,0
2018-07-11 16:19:59,3,43,25.4,89,14.8,1008.2,0.7,1.0,0,969.6,0
2018-07-11 16:22:59,3,43,25.4,89,14.8,1008.2,0.3,0.7,0,969.6,0
2018-07-11 16:25:59,3,43,25.4,90,14.9,1008.2,1.4,2.0,0,969.6,0
2018-07-11 16:28:59,3,43,25.4,90,15.2,1008.1,0.3,0.7,10,969.6,0
2018-07-11 16:31:59,3,43,25.4,91,15.8,1008.0,0.7,1.4,0,969.6,0
2018-07-11 16:34:59,3,43,25.4,91,16.4,1008.0,0.3,0.7,0,969.6,0
2018-07-11 16:37:59,3,43,25.4,91,16.9,1008.1,0.3,0.7,0,969.6,0
2018-07-11 16:40:59,3,44,25.4,89,17.0,1008.1,0,0,14,969.6,0
2018-07-11 16:43:59,3,44,25.3,87,17.0,1008.1,1.0,1.4,0,969.6,0
2018-07-11 16:46:59,3,44,25.4,85,17.0,1008.2,0,0.3,0,969.6,0
2018-07-11 16:49:59,3,44,25.3,84,16.9,1008.1,0.3,1.0,14,969.6,0
2018-07-11 16:52:59,3,44,25.3,84,16.8,1008.1,0,0.3,0,969.6,0
2018-07-11 16:55:59,3,44,25.3,84,16.9,1007.9,0.3,0.7,0,969.6,0
2018-07-11 16:58:59,3,44,25.4,84,17.0,1007.9,0,0.7,0,969.6,0
2018-07-11 17:01:59,3,45,25.3,83,17.0,1007.9,0.3,0.7,0,969.6,0
2018-07-11 17:04:59,3,45,25.3,83,17.0,1007.9,0.3,0.7,0,969.6,0
2018-07-11 17:07:59,3,45,25.3,83,17.2,1008.0,0.3,0.7,0,969.6,0
2018-07-11 17:10:59,3,45,25.3,83,17.3,1008.0,0.7,1.0,0,969.6,0
2018-07-11 17:13:59,3,45,25.3,82,17.3,1008.1,0,0,0,969.6,0
2018-07-11 17:16:59,3,45,25.3,81,17.2,1008.1,0.3,1.0,0,969.6,0
2018-07-11 17:19:59,3,45,25.3,81,17.1,1008.0,0.7,0.7,2,969.6,0
2018-07-11 17:22:59,3,45,25.3,82,17.0,1007.9,0.3,1.0,4,969.6,0
2018-07-11 17:25:59,3,45,25.3,82,17.0,1007.9,0,0,0,969.6,0
2018-07-11 17:28:59,3,45,25.3,83,17.4,1007.9,0.3,0.7,14,969.6,0
2018-07-11 17:31:59,3,45,25.3,80,17.7,1007.9,0,0,14,969.6,0
2018-07-11 17:34:59,3,45,25.3,79,17.8,1007.8,0.3,0.7,12,969.6,0
2018-07-11 17:37:59,3,45,25.3,79,18.1,1007.9,0,0,0,969.6,0
2018-07-11 17:40:59,3,45,25.3,78,18.5,1007.8,0.3,0.3,2,969.6,0
2018-07-11 17:43:59,3,45,25.3,77,19.0,1007.8,0.3,0.7,2,969.6,0
2018-07-11 17:46:59,3,45,25.3,75,19.2,1007.8,0.3,0.7,0,969.6,0
2018-07-11 17:49:59,3,45,25.3,73,19.6,1007.7,0.7,0.7,0,969.6,0
2018-07-11 17:52:59,3,45,25.3,71,19.7,1007.8,0.3,0.7,0,969.6,0
2018-07-11 17:55:59,3,46,25.3,71,19.6,1007.8,0,0,2,969.6,0
2018-07-11 17:58:59,3,46,25.3,72,19.6,1008.0,0,0,14,969.6,0
2018-07-11 18:01:59,3,46,25.3,72,19.6,1008.0,0,0,0,969.6,0
2018-07-11 18:04:59,3,46,25.3,72,19.6,1008.1,0,0,0,969.6,0
2018-07-11 18:07:59,3,46,25.3,71,19.5,1008.1,0,0,12,969.6,0
2018-07-11 18:10:59,3,46,25.3,71,19.2,1008.0,0,0,0,969.6,0
2018-07-11 18:13:59,3,46,25.3,73,18.7,1008.2,0.7,1.0,0,969.6,0
2018-07-11 18:16:59,3,47,25.2,75,18.1,1008.4,0.7,1.4,0,969.6,0
2018-07-11 18:19:59,3,47,25.2,75,17.6,1008.5,1.7,2.0,2,969.6,0
2018-07-11 18:22:59,3,47,25.3,80,17.3,1008.5,0.7,1.4,2,969.6,0
2018-07-11 18:25:59,3,47,25.2,81,17.0,1008.5,0.7,1.0,0,969.6,0
2018-07-11 18:28:59,3,47,25.2,81,16.9,1008.5,0.3,0.7,14,969.6,0
2018-07-11 18:31:59,3,47,25.2,82,16.7,1008.4,0.3,0.7,0,969.6,0
2018-07-11 18:34:59,3,47,25.2,82,16.6,1008.5,0.3,0.7,0,969.6,0
2018-07-11 18:37:59,3,47,25.2,83,16.6,1008.5,1.0,1.4,0,969.6,0
2018-07-11 18:40:59,3,47,25.2,83,16.5,1008.7,0,0.3,0,969.6,0
2018-07-11 18:43:59,3,47,25.2,84,16.4,1008.5,0,0,0,969.6,0
2018-07-11 18:46:59,3,47,25.2,84,16.4,1008.4,0,0.3,0,969.6,0
2018-07-11 18:49:59,3,47,25.2,84,16.3,1008.4,0.7,1.0,0,969.6,0
2018-07-11 18:52:59,3,47,25.2,85,16.3,1008.3,0.3,0.7,14,969.6,0
2018-07-11 18:55:59,3,47,25.2,85,16.2,1008.4,0.3,0.7,0,969.6,0
2018-07-11 18:58:59,3,47,25.2,85,16.2,1008.3,0.3,0.7,14,969.6,0
2018-07-11 19:01:59,3,47,25.2,85,16.1,1008.3,0,0.3,14,969.6,0
2018-07-11 19:04:59,3,47,25.2,85,16.1,1008.3,0,0.3,0,969.6,0
2018-07-11 19:07:59,3,47,25.2,86,16.0,1008.3,0,0,14,969.6,0
2018-07-11 19:10:59,3,47,25.2,86,16.0,1008.3,1.0,1.4,14,969.6,0
2018-07-11 19:13:59,3,47,25.2,86,15.9,1008.2,0.3,0.7,14,969.6,0
2018-07-11 19:16:59,3,47,25.2,87,15.8,1008.3,0,0,12,969.6,0
2018-07-11 19:19:59,3,47,25.2,88,15.8,1008.3,0,0,12,969.6,0
2018-07-11 19:22:59,3,47,25.2,88,15.7,1008.3,0.7,1.0,12,969.6,0
2018-07-11 19:25:59,3,47,25.2,88,15.7,1008.4,0.7,1.4,14,969.6,0
2018-07-11 19:28:59,3,47,25.2,89,15.6,1008.6,0.7,1.0,14,969.6,0
2018-07-11 19:31:59,3,47,25.2,89,15.5,1008.6,0,0,0,969.6,0
2018-07-11 19:34:59,3,47,25.2,89,15.5,1008.9,0,0.3,12,969.6,0
2018-07-11 19:37:59,3,47,25.2,89,15.4,1008.8,0.3,0.7,0,969.6,0
2018-07-11 19:40:59,3,47,25.1,89,15.4,1008.8,0.7,1.0,12,969.6,0
2018-07-11 19:43:59,3,47,25.1,90,15.3,1008.7,0.7,1.0,14,969.6,0
2018-07-11 19:46:59,3,47,25.1,90,15.3,1008.7,0.3,0.7,0,969.6,0
2018-07-11 19:49:59,3,47,25.1,90,15.3,1008.6,0.3,0.7,12,969.6,0
2018-07-11 19:52:59,3,47,25.1,90,15.3,1008.6,0,0,14,969.6,0
2018-07-11 19:55:59,3,47,25.1,90,15.3,1008.7,0.3,0.7,14,969.6,0
2018-07-11 19:58:59,3,47,25.1,90,15.3,1008.7,0,0,14,969.6,0
2018-07-11 20:01:59,3,47,25.1,90,15.2,1008.7,0,0,0,969.6,0
2018-07-11 20:04:59,3,47,25.1,90,15.2,1008.7,0,0,0,969.6,0
2018-07-11 20:07:59,3,47,25.1,90,15.2,1008.8,0,0.3,14,969.6,0
2018-07-11 20:10:59,3,47,25.1,90,15.2,1008.9,0.3,0.7,0,969.6,0
2018-07-11 20:13:59,3,47,25.1,90,15.2,1008.8,0.3,0.7,0,969.6,0
2018-07-11 20:16:59,3,47,25.1,90,15.2,1008.7,0.7,1.0,0,969.6,0
2018-07-11 20:19:59,3,47,25.0,91,15.2,1008.7,1.4,2.0,2,969.6,0
2018-07-11 20:22:59,3,47,25.0,91,15.2,1008.8,0.7,1.0,0,969.6,0
2018-07-11 20:25:59,3,47,25.0,91,15.1,1008.8,0.3,0.7,0,969.6,0
2018-07-11 20:28:59,3,47,25.0,91,15.1,1008.8,0.3,0.7,0,969.6,0
2018-07-11 20:31:59,3,47,25.0,92,15.0,1008.7,0.7,1.0,0,969.6,0
2018-07-11 20:34:59,3,47,25.0,92,15.0,1008.7,0,0,0,969.6,0
2018-07-11 20:37:59,3,47,25.0,92,15.0,1008.7,0,0,14,969.6,0
2018-07-11 20:40:59,3,47,25.0,92,15.0,1008.7,0,0,0,969.6,0
2018-07-11 20:43:59,3,47,25.0,92,15.0,1008.8,0.7,1.0,0,969.6,0
2018-07-11 20:46:59,3,47,25.0,92,14.9,1008.8,0,0.3,14,969.9,0
2018-07-11 20:49:59,3,47,25.0,92,14.9,1008.7,0,0.7,14,969.9,0
2018-07-11 20:52:59,3,47,25.0,92,14.9,1008.9,0,0.3,14,969.9,0
2018-07-11 20:55:59,3,47,25.0,92,14.9,1008.9,0.7,1.0,2,969.9,0
2018-07-11 20:58:59,3,49,24.8,93,14.9,1009.0,0.3,1.0,2,969.9,0
2018-07-11 21:01:59,3,49,24.8,93,14.9,1009.2,0,0.3,2,969.9,0
2018-07-11 21:04:59,3,49,24.8,93,14.9,1009.2,0,0.3,2,969.9,0
2018-07-11 21:07:59,3,49,24.8,94,14.9,1009.2,0.3,0.7,2,970.2,0
2018-07-11 21:10:59,3,49,24.8,94,14.9,1009.3,0,0,2,970.2,0
2018-07-11 21:13:59,3,49,24.8,94,14.9,1009.2,0.7,1.0,4,970.2,0
2018-07-11 21:16:59,3,49,24.8,94,14.9,1009.2,0,0,2,970.2,0
2018-07-11 21:19:59,3,49,24.8,94,14.9,1009.3,0,0,2,970.2,0
2018-07-11 21:22:59,3,49,24.8,95,14.9,1009.2,0,0.3,4,970.5,0
2018-07-11 21:25:59,3,49,24.8,95,14.8,1009.3,0,0,4,970.5,0
2018-07-11 21:28:59,3,49,24.8,95,14.8,1009.3,0,0,4,970.5,0
2018-07-11 21:31:59,3,49,24.8,95,14.8,1009.2,0,0.3,8,970.8,0
2018-07-11 21:34:59,3,49,24.8,95,14.8,1009.0,0.3,0.7,10,971.1,0
2018-07-11 21:37:59,3,49,24.7,95,14.8,1009.0,0,0.3,10,971.1,0
2018-07-11 21:40:59,3,49,24.7,96,14.8,1009.1,0,0,0,971.1,0
2018-07-11 21:43:59,3,49,24.7,96,14.9,1009.3,0.3,0.7,4,971.4,0
2018-07-11 21:46:59,3,49,24.7,96,14.9,1009.3,0,0.3,4,971.4,0
2018-07-11 21:49:59,3,49,24.7,96,14.9,1009.2,0,0.3,8,971.4,0
2018-07-11 21:52:59,3,49,24.7,96,14.9,1009.3,0,0.3,10,971.4,0
2018-07-11 21:55:59,3,49,24.7,97,14.9,1009.2,0,0,2,972.0,0
2018-07-11 21:58:59,3,49,24.7,97,14.9,1009.2,0,0,2,972.0,0
2018-07-11 22:01:59,3,49,24.7,97,14.9,1009.1,0,0,8,972.0,0
2018-07-11 22:04:59,3,49,24.7,97,14.9,1009.1,0,0,8,972.0,0
2018-07-11 22:07:59,3,49,24.7,97,15.0,1009.1,0,0,10,972.0,0
2018-07-11 22:10:59,3,49,24.6,98,15.0,1009.0,0,0,10,972.0,0
2018-07-11 22:13:59,3,49,24.6,98,15.0,1009.0,0,0,8,972.0,0
2018-07-11 22:16:59,3,49,24.6,98,15.1,1008.8,0.3,1.0,8,972.0,0
2018-07-11 22:19:59,3,49,24.6,98,15.1,1008.7,0,0.3,12,972.0,0
2018-07-11 22:22:59,3,49,24.5,99,15.0,1008.7,0,0,14,972.0,0
2018-07-11 22:25:59,3,49,24.5,99,15.0,1008.7,0,0,12,972.0,0
2018-07-11 22:28:59,3,49,24.5,99,15.0,1008.7,0,0,10,972.0,0
2018-07-11 22:31:59,3,49,24.5,99,15.0,1008.8,0,0,0,972.0,0
2018-07-11 22:34:59,3,49,24.5,99,15.0,1008.7,0,0,0,972.0,0
2018-07-11 22:37:59,3,49,24.5,99,15.0,1008.7,0,0,10,972.0,0
2018-07-11 22:40:59,3,49,24.5,99,15.0,1008.7,0,0,12,972.0,0
2018-07-11 22:43:59,3,49,24.5,99,15.0,1008.6,0.3,0.7,8,972.0,0
2018-07-11 22:46:59,3,49,24.5,99,15.0,1008.6,0,0,14,972.0,0
2018-07-11 22:49:59,3,49,24.5,99,15.0,1008.6,0,0,12,972.0,0
2018-07-11 22:52:59,3,49,24.5,99,15.0,1008.6,0,0.3,14,972.0,0
2018-07-11 22:55:59,3,49,24.5,99,15.0,1008.5,0,0,12,972.0,0
2018-07-11 22:58:59,3,49,24.5,99,15.0,1008.4,0,0,12,972.0,0
2018-07-11 23:01:59,3,49,24.5,99,15.0,1008.4,0,0,12,972.0,0
2018-07-11 23:04:59,3,49,24.5,99,15.0,1008.3,0,0,2,972.0,0
2018-07-11 23:07:59,3,49,24.5,99,15.0,1008.3,0,0,8,972.0,0
2018-07-11 23:10:59,3,49,24.4,99,15.0,1008.3,0,0,4,972.0,0
2018-07-11 23:13:59,3,49,24.4,99,15.0,1008.4,0,0,2,972.0,0
2018-07-11 23:16:59,3,50,24.4,99,15.0,1008.3,0,0,2,972.0,0
2018-07-11 23:19:59,3,50,24.4,99,15.0,1008.2,0,0,12,972.0,0
2018-07-11 23:22:59,3,50,24.4,99,15.0,1008.2,0,0,14,972.0,0
2018-07-11 23:25:59,3,50,24.4,99,15.0,1008.1,0.7,1.0,14,972.0,0
2018-07-11 23:28:59,3,50,24.4,99,15.0,1008.0,0.3,0.7,12,972.0,0
2018-07-11 23:31:59,3,50,24.4,99,15.0,1008.0,0.3,0.3,14,972.0,0
2018-07-11 23:34:59,3,50,24.4,99,15.0,1008.0,0.3,0.7,14,972.0,0
2018-07-11 23:37:59,3,50,24.4,99,15.0,1007.9,0.3,0.7,12,972.0,0
2018-07-11 23:40:59,3,50,24.4,99,14.9,1008.0,0.3,0.7,14,972.0,0
2018-07-11 23:43:59,3,50,24.3,99,14.9,1008.0,0,0,0,972.0,0
2018-07-11 23:46:59,3,50,24.2,99,14.8,1008.0,0.3,0.7,14,972.0,0
2018-07-11 23:49:59,3,50,24.2,99,14.8,1008.0,0.3,0.7,14,972.0,0
2018-07-11 23:52:59,3,50,24.2,99,14.8,1008.0,0.7,1.0,14,972.0,0
2018-07-11 23:55:59,3,50,24.2,99,14.7,1008.0,0.3,0.7,10,972.0,0
2018-07-11 23:58:59,3,50,24.2,99,14.7,1007.9,0.3,1.0,0,972.0,0
