2018-07-24 00:01:59,3,46,26.2,83,15.8,1011.3,0,0,2,986.1,0
2018-07-24 00:04:59,3,47,25.4,83,15.8,1011.3,0,0,2,986.1,0
2018-07-24 00:07:59,3,47,25.4,83,15.7,1011.3,0,0,0,986.1,0
2018-07-24 00:10:59,3,47,25.4,83,15.6,1011.3,0,0,0,986.1,0
2018-07-24 00:13:59,3,47,25.4,83,15.6,1011.3,0,0,0,986.1,0
2018-07-24 00:16:59,3,47,25.4,83,15.5,1011.3,0,0,0,986.1,0
2018-07-24 00:19:59,3,47,25.4,83,15.5,1011.2,0,0,0,986.1,0
2018-07-24 00:22:59,3,47,25.4,84,15.5,1011.2,0,0,0,986.1,0
2018-07-24 00:25:59,3,47,25.4,84,15.4,1011.2,0,0,0,986.1,0
2018-07-24 00:28:59,3,47,25.4,84,15.4,1011.3,0,0,0,986.1,0
2018-07-24 00:31:59,3,47,25.4,85,15.3,1011.2,0,0,0,986.1,0
2018-07-24 00:34:59,3,47,25.4,85,15.3,1011.2,0,0,0,986.1,0
2018-07-24 00:37:59,3,47,25.4,85,15.3,1011.2,0,0,0,986.1,0
2018-07-24 00:40:59,3,47,25.4,85,15.2,1011.2,0,0,0,986.1,0
2018-07-24 00:43:59,3,47,25.4,85,15.2,1011.1,0,0,0,986.1,0
2018-07-24 00:46:59,3,47,25.4,85,15.1,1011.2,0,0,0,986.1,0
2018-07-24 00:49:59,3,47,25.4,85,15.1,1011.2,0,0,0,986.1,0
2018-07-24 00:52:59,3,47,25.4,86,15.1,1011.2,0,0,0,986.1,0
2018-07-24 00:55:59,3,47,25.4,86,15.0,1011.1,0,0,0,986.1,0
2018-07-24 00:58:59,3,47,25.4,86,15.0,1011.1,0,0,0,986.1,0
2018-07-24 01:01:59,3,47,25.4,86,15.0,1011.2,0,0,0,986.1,0
2018-07-24 01:04:59,3,47,25.4,86,14.9,1011.2,0,0,0,986.1,0
2018-07-24 01:07:59,3,47,25.4,86,14.8,1011.2,0,0,0,986.1,0
2018-07-24 01:10:59,3,47,25.4,87,14.8,1011.2,0,0,0,986.1,0
2018-07-24 01:13:59,3,47,25.4,87,14.8,1011.2,0,0,0,986.1,0
2018-07-24 01:16:59,3,47,25.4,87,14.7,1011.1,0,0,0,986.1,0
2018-07-24 01:19:59,3,47,25.4,87,14.7,1011.0,0,0,0,986.1,0
2018-07-24 01:22:59,3,47,25.4,87,14.6,1011.1,0,0,0,986.1,0
2018-07-24 01:25:59,3,47,25.4,87,14.6,1011.1,0,0,0,986.1,0
2018-07-24 01:28:59,3,47,25.4,87,14.5,1011.1,0,0,0,986.1,0
2018-07-24 01:31:59,3,47,25.4,87,14.5,1011.1,0,0,0,986.1,0
2018-07-24 01:34:59,3,46,25.4,86,14.5,1011.1,0,0,0,986.1,0
2018-07-24 01:37:59,3,46,25.4,86,14.4,1011.1,0,0,0,986.1,0
2018-07-24 01:40:59,3,46,25.4,87,14.4,1011.0,0,0,0,986.1,0
2018-07-24 01:43:59,3,46,25.4,87,14.3,1011.1,0,0,0,986.1,0
2018-07-24 01:46:59,3,46,25.4,87,14.3,1011.0,0,0,0,986.1,0
2018-07-24 01:49:59,3,46,25.4,87,14.3,1011.0,0,0,0,986.1,0
2018-07-24 01:52:59,3,46,25.4,87,14.3,1011.0,0,0,0,986.1,0
2018-07-24 01:55:59,3,46,25.4,87,14.2,1011.0,0,0,0,986.1,0
2018-07-24 01:58:59,3,46,25.4,88,14.2,1011.0,0,0,0,986.1,0
2018-07-24 02:01:59,3,46,25.3,88,14.2,1011.0,0,0,0,986.1,0
2018-07-24 02:04:59,3,46,25.3,88,14.2,1011.0,0,0,0,986.1,0
2018-07-24 02:07:59,3,46,25.4,88,14.1,1011.0,0,0,0,986.1,0
2018-07-24 02:10:59,3,46,25.3,88,14.1,1010.9,0,0,0,986.1,0
2018-07-24 02:13:59,3,46,25.3,88,14.1,1010.9,0,0,0,986.1,0
2018-07-24 02:16:59,3,46,25.3,88,14.1,1010.8,0,0,0,986.1,0
2018-07-24 02:19:59,3,44,25.4,88,14.1,1010.9,0,0,0,986.1,0
2018-07-24 02:22:59,3,44,25.3,88,14.0,1010.9,0,0,0,986.1,0
2018-07-24 02:25:59,3,44,25.0,88,14.0,1010.8,0,0,0,986.1,0
2018-07-24 02:28:59,3,46,24.7,88,14.0,1010.8,0,0,0,986.1,0
2018-07-24 02:31:59,3,46,24.5,88,14.0,1010.8,0,0,0,986.1,0
2018-07-24 02:34:59,3,46,24.4,89,14.0,1010.8,0,0,0,986.1,0
2018-07-24 02:37:59,3,47,24.2,89,14.0,1010.7,0,0,0,986.1,0
2018-07-24 02:40:59,3,48,24.0,89,14.0,1010.8,0,0,0,986.1,0
2018-07-24 02:43:59,3,49,23.8,89,14.0,1010.8,0,0,0,986.1,0
2018-07-24 02:46:59,3,49,23.8,89,14.0,1010.6,0,0,0,986.1,0
2018-07-24 02:49:59,3,50,23.6,90,14.0,1010.7,0,0,0,986.1,0
2018-07-24 02:52:59,3,50,23.5,90,14.0,1010.7,0,0,0,986.1,0
2018-07-24 02:55:59,3,51,23.4,90,14.0,1010.6,0,0,0,986.1,0
2018-07-24 02:58:59,3,52,23.3,90,14.0,1010.7,0,0,0,986.1,0
2018-07-24 03:01:59,3,52,23.2,90,14.0,1010.6,0,0,0,986.1,0
2018-07-24 03:04:59,3,52,23.1,91,14.0,1010.6,0,0,0,986.1,0
2018-07-24 03:07:59,3,52,23.0,91,14.0,1010.7,0,0,0,986.1,0
2018-07-24 03:10:59,3,51,22.9,91,13.9,1010.6,0,0,0,986.1,0
2018-07-24 03:13:59,3,51,22.8,91,13.9,1010.6,0,0,0,986.1,0
2018-07-24 03:16:59,3,51,22.7,91,13.8,1010.7,0,0,0,986.1,0
2018-07-24 03:19:59,3,51,22.6,91,13.8,1010.6,0,0,0,986.1,0
2018-07-24 03:22:59,3,51,22.5,91,13.8,1010.6,0,0,0,986.1,0
2018-07-24 03:25:59,3,51,22.4,91,13.8,1010.6,0,0,0,986.1,0
2018-07-24 03:28:59,3,51,22.3,91,13.8,1010.5,0,0,0,986.1,0
2018-07-24 03:31:59,3,51,22.3,91,13.8,1010.7,0,0,0,986.1,0
2018-07-24 03:34:59,3,51,22.2,91,13.8,1010.6,0,0,0,986.1,0
2018-07-24 03:37:59,3,51,22.2,91,13.8,1010.6,0,0,0,986.1,0
2018-07-24 03:40:59,3,51,22.1,91,13.7,1010.7,0,0,0,986.1,0
2018-07-24 03:43:59,3,51,22.1,91,13.7,1010.7,0,0,0,986.1,0
2018-07-24 03:46:59,3,52,22.0,91,13.7,1010.7,0,0,0,986.1,0
2018-07-24 03:49:59,3,53,21.9,91,13.7,1010.7,0,0,2,986.1,0
2018-07-24 03:52:59,3,53,21.9,91,13.8,1010.7,0,0,2,986.1,0
2018-07-24 03:55:59,3,53,21.9,91,13.8,1010.6,0,0,2,986.1,0
2018-07-24 03:58:59,3,53,21.8,91,13.8,1010.7,0,0,2,986.1,0
2018-07-24 04:01:59,3,53,21.8,91,13.8,1010.6,0,0,0,986.1,0
2018-07-24 04:04:59,3,54,21.8,91,13.8,1010.6,0,0,0,986.1,0
2018-07-24 04:07:59,3,54,21.7,91,13.9,1010.5,0,0,0,986.1,0
2018-07-24 04:10:59,3,54,21.7,91,14.0,1010.6,0,0,0,986.1,0
2018-07-24 04:13:59,3,54,21.7,91,14.0,1010.5,0,0,0,986.1,0
2018-07-24 04:16:59,3,54,21.6,91,14.1,1010.6,0,0,0,986.1,0
2018-07-24 04:19:59,3,54,21.6,91,14.1,1010.6,0,0,0,986.1,0
2018-07-24 04:22:59,3,54,21.6,91,14.2,1010.6,0,0,0,986.1,0
2018-07-24 04:25:59,3,55,21.6,91,14.3,1010.6,0,0,0,986.1,0
2018-07-24 04:28:59,3,55,21.6,91,14.3,1010.6,0,0,0,986.1,0
2018-07-24 04:31:59,3,55,21.6,91,14.4,1010.6,0,0,0,986.1,0
2018-07-24 04:34:59,3,55,21.5,91,14.5,1010.6,0,0,0,986.1,0
2018-07-24 04:37:59,3,55,21.5,91,14.6,1010.6,0,0,0,986.1,0
2018-07-24 04:40:59,3,56,21.5,91,14.7,1010.6,0,0,0,986.1,0
2018-07-24 04:43:59,3,56,21.5,91,14.8,1010.6,0,0,0,986.1,0
2018-07-24 04:46:59,3,56,21.5,91,14.9,1010.6,0,0,0,986.1,0
2018-07-24 04:49:59,3,56,21.5,91,15.0,1010.6,0,0,0,986.1,0
2018-07-24 04:52:59,3,57,21.5,91,15.2,1010.5,0,0,0,986.1,0
2018-07-24 04:55:59,3,57,21.5,91,15.3,1010.6,0,0,0,986.1,0
2018-07-24 04:58:59,3,57,21.5,91,15.4,1010.6,0,0,0,986.1,0
2018-07-24 05:01:59,3,58,21.5,91,15.6,1010.6,0,0,0,986.1,0
2018-07-24 05:04:59,3,58,21.5,90,15.7,1010.6,0,0,0,986.1,0
2018-07-24 05:07:59,3,58,21.5,90,15.9,1010.6,0,0,0,986.1,0
2018-07-24 05:10:59,3,58,21.5,90,16.0,1010.6,0,0,0,986.1,0
2018-07-24 05:13:59,3,58,21.5,89,16.2,1010.7,0,0,0,986.1,0
2018-07-24 05:16:59,3,59,21.5,89,16.3,1010.6,0,0,0,986.1,0
2018-07-24 05:19:59,3,59,21.6,88,16.6,1010.6,0,0,0,986.1,0
2018-07-24 05:22:59,3,59,21.5,88,16.7,1010.6,0,0,0,986.1,0
2018-07-24 05:25:59,3,59,21.6,87,17.0,1010.7,0,0,0,986.1,0
2018-07-24 05:28:59,3,59,21.6,87,17.2,1010.8,0,0,0,986.1,0
2018-07-24 05:31:59,3,59,21.7,86,17.4,1010.8,0,0,0,986.1,0
2018-07-24 05:34:59,3,59,21.7,83,17.6,1010.7,0,0,0,986.1,0
2018-07-24 05:37:59,3,59,21.7,82,17.8,1010.7,0,0,0,986.1,0
2018-07-24 05:40:59,3,59,21.7,81,18.1,1010.8,0,0,0,986.1,0
2018-07-24 05:43:59,3,59,21.8,80,18.4,1010.8,0,0,0,986.1,0
2018-07-24 05:46:59,3,59,21.8,78,18.6,1010.8,0,0,0,986.1,0
2018-07-24 05:49:59,3,58,21.8,76,18.9,1010.8,0,0,0,986.1,0
2018-07-24 05:52:59,3,58,21.9,75,19.1,1010.8,0,0,0,986.1,0
2018-07-24 05:55:59,3,58,21.9,74,19.4,1010.9,0,0,0,986.1,0
2018-07-24 05:58:59,3,58,21.9,73,19.6,1010.8,0,0,4,986.1,0
2018-07-24 06:01:59,3,57,22.0,73,19.7,1010.9,0,0,4,986.1,0
2018-07-24 06:04:59,3,57,22.1,73,19.7,1010.8,0,0,4,986.1,0
2018-07-24 06:07:59,3,57,22.1,72,20.4,1010.9,0,0,4,986.1,0
2018-07-24 06:10:59,3,56,22.2,71,20.8,1010.9,0,0,10,986.1,0
2018-07-24 06:13:59,3,56,22.2,70,21.6,1010.9,0,0,12,986.1,0
2018-07-24 06:16:59,3,57,22.2,66,22.8,1010.9,0,0,8,986.1,0
2018-07-24 06:19:59,3,57,22.2,62,23.6,1010.9,0.3,0.7,10,986.1,0
2018-07-24 06:22:59,3,57,22.3,61,24.0,1010.9,0.3,0.7,10,986.1,0
2018-07-24 06:25:59,3,57,22.3,60,24.6,1010.9,0,0,8,986.1,0
2018-07-24 06:28:59,3,58,22.3,59,25.0,1010.9,0,0.7,8,986.1,0
2018-07-24 06:31:59,3,58,22.5,59,25.1,1010.9,0.3,0.7,10,986.1,0
2018-07-24 06:34:59,3,58,22.6,58,25.4,1010.9,0.3,0.7,8,986.1,0
2018-07-24 06:37:59,3,58,22.7,58,25.9,1010.9,0,0,10,986.1,0
2018-07-24 06:40:59,3,58,22.9,55,26.3,1011.0,0,0.3,12,986.1,0
2018-07-24 06:43:59,3,59,23.0,53,26.0,1011.2,1.0,1.4,14,986.1,0
2018-07-24 06:46:59,3,59,23.0,54,25.8,1011.1,0.7,1.0,14,986.1,0
2018-07-24 06:49:59,3,58,23.1,54,25.5,1011.0,0.7,1.0,14,986.1,0
2018-07-24 06:52:59,3,57,23.3,54,25.1,1011.1,1.0,1.4,12,986.1,0
2018-07-24 06:55:59,3,57,23.4,56,25.0,1011.1,0.7,1.0,12,986.1,0
2018-07-24 06:58:59,3,57,23.6,56,25.3,1011.1,0.7,1.0,12,986.1,0
2018-07-24 07:01:59,3,57,23.7,54,25.4,1011.1,0.3,0.7,6,986.1,0
2018-07-24 07:04:59,3,56,23.8,54,25.8,1011.2,0.7,1.0,10,986.1,0
2018-07-24 07:07:59,3,56,23.9,52,26.1,1011.2,0,0,2,986.1,0
2018-07-24 07:10:59,3,56,23.9,53,26.6,1011.2,0,0,10,986.1,0
2018-07-24 07:13:59,3,54,24.1,50,27.1,1011.3,0.7,1.0,10,986.1,0
2018-07-24 07:16:59,3,54,24.2,50,27.2,1011.3,0.7,1.0,8,986.1,0
2018-07-24 07:19:59,3,54,24.2,50,27.0,1011.4,1.0,1.4,14,986.1,0
2018-07-24 07:22:59,3,54,24.3,50,26.5,1011.3,0.7,1.0,10,986.1,0
2018-07-24 07:25:59,3,53,24.4,51,26.2,1011.3,0.3,0.7,12,986.1,0
2018-07-24 07:28:59,3,53,24.4,51,26.2,1011.3,0.7,1.0,12,986.1,0
2018-07-24 07:31:59,3,53,24.3,51,26.4,1011.2,0.3,0.7,12,986.1,0
2018-07-24 07:34:59,3,53,24.3,51,26.6,1011.2,1.0,1.4,7,986.1,0
2018-07-24 07:37:59,3,53,24.2,51,26.6,1011.3,1.0,1.4,14,986.1,0
2018-07-24 07:40:59,3,53,24.2,51,26.7,1011.3,0,0.3,12,986.1,0
2018-07-24 07:43:59,3,53,24.2,50,27.1,1011.3,0.7,1.0,10,986.1,0
2018-07-24 07:46:59,3,53,24.2,49,27.2,1011.3,1.0,1.4,7,986.1,0
2018-07-24 07:49:59,3,53,24.1,50,27.1,1011.3,1.4,1.7,10,986.1,0
2018-07-24 07:52:59,3,53,24.1,49,27.0,1011.2,1.4,2.0,6,986.1,0
2018-07-24 07:55:59,3,53,24.1,50,26.9,1011.1,0.3,0.7,8,986.1,0
2018-07-24 07:58:59,3,53,24.1,50,26.9,1011.2,0.7,1.0,8,986.1,0
2018-07-24 08:01:59,3,53,24.1,50,26.9,1011.2,1.0,1.4,10,986.1,0
2018-07-24 08:04:59,3,53,24.1,50,26.9,1011.1,1.0,1.4,10,986.1,0
2018-07-24 08:07:59,3,53,24.1,45,27.6,1011.1,0.3,0.7,10,986.1,0
2018-07-24 08:10:59,3,53,24.1,44,27.8,1011.1,1.0,1.4,12,986.1,0
2018-07-24 08:13:59,3,53,24.1,42,27.8,1011.1,1.0,1.4,8,986.1,0
2018-07-24 08:16:59,3,54,23.9,43,27.5,1011.1,0.3,0.7,10,986.1,0
2018-07-24 08:19:59,3,54,23.9,44,27.5,1011.0,0.7,1.0,8,986.1,0
2018-07-24 08:22:59,3,54,23.9,43,27.5,1011.0,1.4,2.0,8,986.1,0
2018-07-24 08:25:59,3,53,24.0,49,27.4,1011.0,0.3,0.7,4,986.1,0
2018-07-24 08:28:59,3,54,24.0,49,27.4,1011.0,0.3,0.7,12,986.1,0
2018-07-24 08:31:59,3,54,24.2,50,27.4,1011.0,0.7,1.0,8,986.1,0
2018-07-24 08:34:59,3,54,24.3,50,27.1,1010.9,0.7,1.4,12,986.1,0
2018-07-24 08:37:59,3,54,24.4,50,26.7,1010.9,1.0,1.4,8,986.1,0
2018-07-24 08:40:59,3,53,24.5,51,26.3,1010.9,0,0.3,10,986.1,0
2018-07-24 08:43:59,3,53,24.5,52,26.1,1011.0,0,0.3,10,986.1,0
2018-07-24 08:46:59,3,53,24.6,52,25.9,1010.9,0,0.3,0,986.1,0
2018-07-24 08:49:59,3,53,24.7,52,26.0,1010.9,0,0,12,986.1,0
2018-07-24 08:52:59,3,53,24.7,52,26.0,1010.9,0,0,0,986.1,0
2018-07-24 08:55:59,3,53,24.7,53,25.9,1010.8,0,0,0,986.1,0
2018-07-24 08:58:59,3,53,24.6,51,25.9,1010.9,0.3,0.7,1,986.1,0
2018-07-24 09:01:59,3,53,24.6,52,26.2,1010.8,0.7,1.0,14,986.1,0
2018-07-24 09:04:59,3,53,24.5,51,26.5,1010.7,0.7,1.0,0,986.1,0
2018-07-24 09:07:59,3,53,24.5,51,26.7,1010.9,1.4,1.7,0,986.1,0
2018-07-24 09:10:59,3,53,24.5,50,26.7,1010.8,1.0,1.4,14,986.1,0
2018-07-24 09:13:59,3,53,24.5,50,26.8,1010.8,0.7,1.0,14,986.1,0
2018-07-24 09:16:59,3,53,24.5,49,26.5,1010.8,1.4,1.7,0,986.1,0
2018-07-24 09:19:59,3,53,24.5,50,26.4,1010.7,0.3,0.7,14,986.1,0
2018-07-24 09:22:59,3,53,24.4,51,26.5,1010.8,1.0,1.4,12,986.1,0
2018-07-24 09:25:59,3,53,24.4,51,26.7,1010.7,1.0,1.4,14,986.1,0
2018-07-24 09:28:59,3,53,24.4,51,27.1,1010.7,0.3,0.7,0,986.1,0
2018-07-24 09:31:59,3,53,24.4,45,27.6,1010.6,1.4,1.7,0,986.1,0
2018-07-24 09:34:59,3,53,24.4,44,27.8,1010.7,0.7,1.0,14,986.1,0
2018-07-24 09:37:59,3,53,24.4,44,27.9,1010.6,0.7,1.0,2,986.1,0
2018-07-24 09:40:59,3,53,24.4,44,28.2,1010.7,0.7,1.0,12,986.1,0
2018-07-24 09:43:59,3,53,24.4,42,28.3,1010.6,1.0,1.4,10,986.1,0
2018-07-24 09:46:59,3,53,24.3,43,28.4,1010.6,0,0.3,4,986.1,0
2018-07-24 09:49:59,3,53,24.4,42,28.2,1010.6,1.0,1.7,0,986.1,0
2018-07-24 09:52:59,3,53,24.4,42,28.1,1010.6,1.0,1.4,0,986.1,0
2018-07-24 09:55:59,3,53,24.3,43,28.1,1010.6,0.3,1.0,0,986.1,0
2018-07-24 09:58:59,3,53,24.3,42,28.2,1010.6,0.7,1.0,0,986.1,0
2018-07-24 10:01:59,3,53,24.3,43,28.3,1010.6,1.4,2.0,0,986.1,0
2018-07-24 10:04:59,3,53,24.3,43,28.3,1010.6,1.4,2.0,0,986.1,0
2018-07-24 10:07:59,3,53,24.2,41,27.5,1010.5,1.0,1.0,0,986.1,0
2018-07-24 10:10:59,3,53,24.3,46,27.3,1010.5,0.3,0.7,8,986.1,0
2018-07-24 10:13:59,3,53,24.2,47,27.2,1010.5,0,0.3,5,986.1,0
2018-07-24 10:16:59,3,53,24.3,43,27.8,1010.4,0.7,1.0,4,986.1,0
2018-07-24 10:19:59,3,53,24.3,42,28.4,1010.5,1.4,2.0,4,986.1,0
2018-07-24 10:22:59,3,53,24.3,41,28.5,1010.3,1.4,2.0,4,986.1,0
2018-07-24 10:25:59,3,53,24.3,41,28.7,1010.3,1.7,2.4,2,986.1,0
2018-07-24 10:28:59,3,53,24.3,42,28.6,1010.3,0.3,0.7,0,986.1,0
2018-07-24 10:31:59,3,53,24.3,43,28.9,1010.4,0.7,1.0,0,986.1,0
2018-07-24 10:34:59,3,53,24.3,42,29.0,1010.3,1.4,2.0,0,986.1,0
2018-07-24 10:37:59,3,53,24.3,41,28.8,1010.3,1.4,1.7,12,986.1,0
2018-07-24 10:40:59,3,53,24.3,41,28.9,1010.4,1.4,1.7,4,986.1,0
2018-07-24 10:43:59,3,53,24.4,41,29.0,1010.4,1.0,1.7,12,986.1,0
2018-07-24 10:46:59,3,53,24.4,41,28.9,1010.3,1.0,1.4,12,986.1,0
2018-07-24 10:49:59,3,53,24.4,42,28.7,1010.3,0.7,1.0,12,986.1,0
2018-07-24 10:52:59,3,53,24.4,43,28.4,1010.3,1.0,1.4,0,986.1,0
2018-07-24 10:55:59,3,53,24.4,43,28.0,1010.3,0.7,1.0,14,986.1,0
2018-07-24 10:58:59,3,53,24.4,43,27.8,1010.3,0.7,1.0,14,986.1,0
2018-07-24 11:01:59,3,53,24.4,44,27.5,1010.2,0.7,1.0,0,986.1,0
2018-07-24 11:04:59,3,53,24.4,48,27.4,1010.1,0.3,0.7,4,986.1,0
2018-07-24 11:07:59,3,53,24.4,49,27.4,1010.2,0,0.3,15,986.1,0
2018-07-24 11:10:59,3,53,24.4,45,27.9,1010.1,0.3,0.7,0,986.1,0
2018-07-24 11:13:59,3,53,24.4,43,28.6,1010.1,1.4,1.7,4,986.1,0
2018-07-24 11:16:59,3,53,24.4,41,29.0,1010.1,1.7,2.0,8,986.1,0
2018-07-24 11:19:59,3,53,24.5,42,29.3,1010.0,1.0,1.4,14,986.1,0
2018-07-24 11:22:59,3,53,24.5,41,29.6,1010.1,1.0,1.4,14,986.1,0
2018-07-24 11:25:59,3,53,24.5,41,29.7,1010.0,1.7,2.0,6,986.1,0
2018-07-24 11:28:59,3,53,24.5,40,29.6,1009.9,0.7,1.4,2,986.1,0
2018-07-24 11:31:59,3,53,24.5,41,30.1,1010.1,0,0.7,14,986.1,0
2018-07-24 11:34:59,3,53,24.5,40,30.2,1009.9,1.4,1.7,14,986.1,0
2018-07-24 11:37:59,3,53,24.5,40,30.1,1009.9,2.0,2.0,14,986.1,0
2018-07-24 11:40:59,3,53,24.5,41,30.0,1009.9,1.4,1.7,15,986.1,0
2018-07-24 11:43:59,3,53,24.5,41,30.2,1009.9,0.7,1.0,0,986.1,0
2018-07-24 11:46:59,3,53,24.6,40,30.2,1009.9,1.0,1.4,14,986.1,0
2018-07-24 11:49:59,3,53,24.6,39,30.0,1010.0,1.7,2.4,0,986.1,0
2018-07-24 11:52:59,3,53,24.6,40,29.5,1009.9,0,0.3,12,986.1,0
2018-07-24 11:55:59,3,53,24.6,40,29.4,1009.9,0.7,1.0,10,986.1,0
2018-07-24 11:58:59,3,53,24.7,40,29.5,1009.9,1.4,2.0,0,986.1,0
2018-07-24 12:01:59,3,53,24.7,40,29.5,1009.8,1.0,1.7,13,986.1,0
2018-07-24 12:04:59,3,53,24.7,40,29.5,1009.8,1.0,1.7,13,986.1,0
2018-07-24 12:07:59,3,53,24.7,40,30.4,1009.8,0.3,0.7,1,986.1,0
2018-07-24 12:10:59,3,53,24.7,41,30.7,1009.8,0.3,0.7,0,986.1,0
2018-07-24 12:13:59,3,53,24.8,38,30.9,1009.8,1.4,2.0,6,986.1,0
2018-07-24 12:16:59,3,53,24.8,39,31.0,1009.7,1.0,1.4,8,986.1,0
2018-07-24 12:19:59,3,53,24.8,37,31.2,1009.7,1.0,1.4,2,986.1,0
2018-07-24 12:22:59,3,53,24.8,37,31.1,1009.7,0.7,1.0,12,986.1,0
2018-07-24 12:25:59,3,53,24.8,38,31.4,1009.7,0.3,1.0,14,986.1,0
2018-07-24 12:28:59,3,52,25.0,38,31.6,1009.6,1.0,1.4,12,986.1,0
2018-07-24 12:31:59,3,52,25.0,37,31.6,1009.6,2.4,3.1,14,986.1,0
2018-07-24 12:34:59,3,52,25.0,38,31.3,1009.6,1.4,2.0,12,986.1,0
2018-07-24 12:37:59,3,52,25.0,39,31.3,1009.6,1.4,1.7,4,986.1,0
2018-07-24 12:40:59,3,52,25.0,38,31.1,1009.6,0.7,1.4,2,986.1,0
2018-07-24 12:43:59,3,52,25.1,39,30.6,1009.6,0.3,0.7,12,986.1,0
2018-07-24 12:46:59,3,52,25.1,39,30.3,1009.6,1.0,1.4,0,986.1,0
2018-07-24 12:49:59,3,52,25.1,40,30.3,1009.6,1.0,1.4,8,986.1,0
2018-07-24 12:52:59,3,52,25.1,39,30.3,1009.6,1.4,1.7,8,986.1,0
2018-07-24 12:55:59,3,52,25.2,40,30.3,1009.5,1.4,2.0,12,986.1,0
2018-07-24 12:58:59,3,52,25.1,40,30.4,1009.5,0.7,1.4,0,986.1,0
2018-07-24 13:01:59,3,52,25.2,39,30.4,1009.4,0.7,1.0,4,986.1,0
2018-07-24 13:04:59,3,52,25.2,40,30.6,1009.5,1.4,2.4,8,986.1,0
2018-07-24 13:07:59,3,52,25.2,40,30.5,1009.5,1.4,1.7,1,986.1,0
2018-07-24 13:10:59,3,51,25.2,40,30.3,1009.5,1.0,1.4,0,986.1,0
2018-07-24 13:13:59,3,51,25.2,41,29.9,1009.6,1.0,1.4,2,986.1,0
2018-07-24 13:16:59,3,51,25.3,40,29.4,1009.5,1.0,1.7,8,986.1,0
2018-07-24 13:19:59,3,51,25.3,40,29.2,1009.5,0.7,1.0,0,986.1,0
2018-07-24 13:22:59,3,51,25.3,41,29.1,1009.5,1.0,1.4,14,986.1,0
2018-07-24 13:25:59,3,51,25.3,41,29.2,1009.5,0,0,6,986.1,0
2018-07-24 13:28:59,3,51,25.3,41,29.7,1009.4,1.0,1.0,14,986.1,0
2018-07-24 13:31:59,3,51,25.3,40,29.9,1009.3,0.7,1.0,12,986.1,0
2018-07-24 13:34:59,3,51,25.4,40,29.9,1009.5,1.0,1.7,2,986.1,0
2018-07-24 13:37:59,3,52,25.3,40,29.8,1009.4,0.7,1.0,0,986.1,0
2018-07-24 13:40:59,3,52,25.3,40,29.8,1009.3,0,0.3,0,986.1,0
2018-07-24 13:43:59,3,52,25.3,40,29.9,1009.4,0,0.3,14,986.1,0
2018-07-24 13:46:59,3,52,25.3,40,30.1,1009.3,1.0,1.4,10,986.1,0
2018-07-24 13:49:59,3,52,25.3,39,30.5,1009.3,0.7,1.0,14,986.1,0
2018-07-24 13:52:59,3,52,25.4,40,30.6,1009.4,0.7,1.0,2,986.1,0
2018-07-24 13:55:59,3,52,25.4,40,30.9,1009.3,0.7,1.4,12,986.1,0
2018-07-24 13:58:59,3,52,25.4,38,31.2,1009.3,1.0,1.7,0,986.1,0
2018-07-24 14:01:59,3,52,25.4,38,31.2,1009.3,1.7,2.0,2,986.1,0
2018-07-24 14:04:59,3,52,25.4,38,31.2,1009.4,1.7,2.0,2,986.1,0
2018-07-24 14:07:59,3,52,25.4,39,31.5,1009.3,0.7,1.0,0,986.1,0
2018-07-24 14:10:59,3,52,25.4,37,31.6,1009.3,1.4,1.7,12,986.1,0
2018-07-24 14:13:59,3,52,25.4,37,31.2,1009.3,1.0,1.4,0,986.1,0
2018-07-24 14:16:59,3,52,25.4,38,31.0,1009.3,0.7,1.0,1,986.1,0
2018-07-24 14:19:59,3,52,25.4,38,30.8,1009.3,1.0,1.4,2,986.1,0
2018-07-24 14:22:59,3,52,25.4,38,31.0,1009.3,1.0,1.4,2,986.1,0
2018-07-24 14:25:59,3,52,25.4,37,31.2,1009.3,1.7,2.0,0,986.1,0
2018-07-24 14:28:59,3,52,25.4,37,31.4,1009.3,0.7,1.4,2,986.1,0
2018-07-24 14:31:59,3,51,26.2,36,31.1,1009.2,1.0,1.7,4,986.1,0
2018-07-24 14:34:59,3,51,26.2,37,31.2,1009.2,0.3,0.7,8,986.1,0
2018-07-24 14:37:59,3,51,26.2,37,31.5,1009.2,0.7,1.0,4,986.1,0
2018-07-24 14:40:59,3,51,26.2,37,31.8,1009.1,0.3,0.7,2,986.1,0
2018-07-24 14:43:59,3,51,26.2,36,31.8,1009.2,0.3,0.7,6,986.1,0
2018-07-24 14:46:59,3,51,26.2,36,32.0,1009.2,1.0,1.4,2,986.1,0
2018-07-24 14:49:59,3,51,26.2,36,31.7,1009.2,0.7,1.0,2,986.1,0
2018-07-24 14:52:59,3,51,26.2,38,31.6,1009.1,0.3,0.7,0,986.1,0
2018-07-24 14:55:59,3,51,26.2,39,31.8,1009.2,0.7,1.0,0,986.1,0
2018-07-24 14:58:59,3,51,26.2,37,31.6,1009.2,1.0,1.7,15,986.1,0
2018-07-24 15:01:59,3,51,26.2,38,31.3,1009.1,0,0.3,14,986.1,0
2018-07-24 15:04:59,3,51,26.2,38,31.4,1009.1,0.3,0.7,12,986.1,0
2018-07-24 15:07:59,3,51,26.2,37,31.6,1009.1,0.7,1.0,2,986.1,0
2018-07-24 15:10:59,3,51,26.2,37,31.7,1009.1,0.3,0.7,0,986.1,0
2018-07-24 15:13:59,3,51,26.3,36,31.8,1009.1,1.7,2.0,0,986.1,0
2018-07-24 15:16:59,3,51,26.3,36,31.9,1009.1,0.3,0.7,14,986.1,0
2018-07-24 15:19:59,3,51,26.3,37,31.8,1009.1,1.0,1.4,0,986.1,0
2018-07-24 15:22:59,3,51,26.3,36,31.6,1009.0,1.0,1.4,2,986.1,0
2018-07-24 15:25:59,3,51,26.4,35,31.6,1009.0,0.7,0.7,12,986.1,0
2018-07-24 15:28:59,3,51,26.5,36,31.5,1009.0,1.7,2.4,14,986.1,0
2018-07-24 15:31:59,3,51,26.5,37,31.6,1009.1,0,0.3,0,986.1,0
2018-07-24 15:34:59,3,51,26.5,37,31.7,1009.0,0.7,1.0,2,986.1,0
2018-07-24 15:37:59,3,51,26.5,35,31.6,1008.9,1.0,1.4,14,986.1,0
2018-07-24 15:40:59,3,51,26.5,36,31.9,1008.9,0.7,1.0,14,986.1,0
2018-07-24 15:43:59,3,51,26.6,35,31.9,1008.8,1.0,1.4,4,986.1,0
2018-07-24 15:46:59,3,51,26.6,34,31.9,1008.9,0.7,1.4,0,986.1,0
2018-07-24 15:49:59,3,51,26.6,36,32.1,1008.9,0,0.3,2,986.1,0
2018-07-24 15:52:59,3,51,26.6,34,32.4,1008.9,0.7,1.0,6,986.1,0
2018-07-24 15:55:59,3,51,26.6,32,32.6,1008.9,0.3,0.7,2,986.1,0
2018-07-24 15:58:59,3,51,26.7,31,32.7,1008.9,0.7,1.0,0,986.1,0
2018-07-24 16:01:59,3,51,26.8,31,32.6,1008.8,0.7,1.0,2,986.1,0
2018-07-24 16:04:59,3,51,26.8,31,32.6,1008.9,0.7,1.0,2,986.1,0
2018-07-24 16:07:59,3,51,26.8,31,32.6,1008.7,0.3,0.7,4,986.1,0
2018-07-24 16:10:59,3,51,26.8,31,32.6,1008.8,0.3,0.7,2,986.1,0
2018-07-24 16:13:59,3,51,26.8,31,32.7,1008.7,1.0,1.4,0,986.1,0
2018-07-24 16:16:59,3,51,26.9,31,32.5,1008.7,1.7,3.1,2,986.1,0
2018-07-24 16:19:59,3,51,26.9,33,32.0,1008.6,0.7,1.4,2,986.1,0
2018-07-24 16:22:59,3,51,26.9,34,31.8,1008.7,1.4,1.7,14,986.1,0
2018-07-24 16:25:59,3,50,27.0,34,31.7,1008.7,1.0,1.4,0,986.1,0
2018-07-24 16:28:59,3,50,27.0,34,31.6,1008.6,1.7,2.4,2,986.1,0
2018-07-24 16:31:59,3,50,27.0,35,31.5,1008.6,1.0,1.4,14,986.1,0
2018-07-24 16:34:59,3,50,27.3,35,31.4,1008.6,1.0,1.4,11,986.1,0
2018-07-24 16:37:59,3,50,27.3,36,31.5,1008.7,0.3,1.0,2,986.1,0
2018-07-24 16:40:59,3,50,27.4,35,31.6,1008.6,1.0,1.4,14,986.1,0
2018-07-24 16:43:59,3,50,27.4,36,31.7,1008.6,0.3,0.7,12,986.1,0
2018-07-24 16:46:59,3,50,27.4,35,31.7,1008.6,0.7,1.0,14,986.1,0
2018-07-24 16:49:59,3,50,27.4,36,31.7,1008.5,0.7,1.0,2,986.1,0
2018-07-24 16:52:59,3,50,27.4,35,31.6,1008.5,0.7,1.4,0,986.1,0
2018-07-24 16:55:59,3,50,27.6,35,31.6,1008.6,0.7,1.0,0,986.1,0
2018-07-24 16:58:59,3,50,27.6,36,31.7,1008.6,0,0.3,0,986.1,0
2018-07-24 17:01:59,3,50,27.6,34,31.8,1008.6,1.0,1.4,15,986.1,0
2018-07-24 17:04:59,3,50,27.6,34,31.7,1008.5,0.7,1.0,2,986.1,0
2018-07-24 17:07:59,3,50,27.6,34,31.7,1008.4,0.7,1.4,0,986.1,0
2018-07-24 17:10:59,3,50,27.6,35,31.8,1008.5,0.7,0.7,14,986.1,0
2018-07-24 17:13:59,3,50,27.6,35,31.8,1008.5,0.7,1.0,14,986.1,0
2018-07-24 17:16:59,3,50,27.6,35,31.8,1008.5,0.7,1.0,0,986.1,0
2018-07-24 17:19:59,3,50,27.6,35,32.0,1008.5,0.3,0.7,14,986.1,0
2018-07-24 17:22:59,3,50,27.6,35,32.0,1008.4,0.7,1.0,14,986.1,0
2018-07-24 17:25:59,3,50,27.6,35,31.9,1008.5,0,0,0,986.1,0
2018-07-24 17:28:59,3,50,27.7,36,32.1,1008.7,0,0.3,0,986.1,0
2018-07-24 17:31:59,3,50,27.7,35,31.9,1008.6,0.7,1.0,0,986.1,0
2018-07-24 17:34:59,3,50,27.7,36,31.6,1008.6,0.7,1.0,15,986.1,0
2018-07-24 17:37:59,3,50,27.8,37,31.2,1008.6,0.3,0.7,0,986.1,0
2018-07-24 17:40:59,3,50,27.8,38,30.7,1008.5,0.3,0.7,0,986.1,0
2018-07-24 17:43:59,3,50,27.8,39,30.3,1008.6,0.7,1.0,0,986.1,0
2018-07-24 17:46:59,3,50,27.8,39,30.1,1008.6,0.3,0.7,0,986.1,0
2018-07-24 17:49:59,3,50,27.8,40,30.1,1008.7,0,0.3,0,986.1,0
2018-07-24 17:52:59,3,50,27.8,40,30.2,1008.7,0.3,0.7,14,986.1,0
2018-07-24 17:55:59,3,50,27.8,40,30.3,1008.7,0,0,0,986.1,0
2018-07-24 17:58:59,3,50,27.8,40,30.4,1008.8,0,0,0,986.1,0
2018-07-24 18:01:59,3,50,27.8,40,30.5,1008.8,0,0,0,986.1,0
2018-07-24 18:04:59,3,50,27.9,40,30.5,1008.9,0,0,0,986.1,0
2018-07-24 18:07:59,3,50,27.9,41,31.1,1008.8,0,0,0,986.1,0
2018-07-24 18:10:59,3,50,27.9,41,31.1,1008.8,0,0,0,986.1,0
2018-07-24 18:13:59,3,50,27.9,41,30.8,1008.8,0,0,0,986.1,0
2018-07-24 18:16:59,3,50,27.9,41,30.6,1008.8,0,0,0,986.1,0
2018-07-24 18:19:59,3,50,27.9,42,29.8,1008.8,0,0,0,986.1,0
2018-07-24 18:22:59,3,50,27.9,44,29.3,1008.8,0,0,0,986.1,0
2018-07-24 18:25:59,3,50,27.9,44,28.9,1008.8,0,0,0,986.1,0
2018-07-24 18:28:59,3,50,27.9,45,28.4,1008.9,0,0,0,986.1,0
2018-07-24 18:31:59,3,50,27.9,47,28.1,1008.8,0,0,0,986.1,0
2018-07-24 18:34:59,3,50,27.9,46,27.8,1008.9,0,0,0,986.1,0
2018-07-24 18:37:59,3,50,27.9,48,27.5,1008.9,0,0,0,986.1,0
2018-07-24 18:40:59,3,50,27.9,52,27.3,1008.9,0,0,0,986.1,0
2018-07-24 18:43:59,3,50,27.9,53,26.9,1008.9,0,0,0,986.1,0
2018-07-24 18:46:59,3,50,27.8,54,26.7,1008.9,0,0,0,986.1,0
2018-07-24 18:49:59,3,50,27.8,55,26.5,1008.8,0,0,0,986.1,0
2018-07-24 18:52:59,3,50,27.8,56,26.2,1008.9,0,0,0,986.1,0
2018-07-24 18:55:59,3,50,27.8,57,25.9,1008.8,0,0,0,986.1,0
2018-07-24 18:58:59,3,50,27.8,57,25.8,1008.9,0,0,0,986.1,0
2018-07-24 19:01:59,3,50,27.8,58,25.6,1009.0,0,0,0,986.1,0
2018-07-24 19:04:59,3,51,27.8,59,25.3,1009.0,0,0,0,986.1,0
2018-07-24 19:07:59,3,51,27.8,60,25.2,1008.9,0,0,0,986.1,0
2018-07-24 19:10:59,3,51,27.7,60,25.0,1009.0,0,0,0,986.1,0
2018-07-24 19:13:59,3,51,27.7,60,24.9,1008.9,0,0,0,986.1,0
2018-07-24 19:16:59,3,51,27.6,60,24.7,1009.0,0,0,0,986.1,0
2018-07-24 19:19:59,3,51,27.6,60,24.5,1009.0,0,0,0,986.1,0
2018-07-24 19:22:59,3,52,27.6,61,24.4,1009.0,0,0,0,986.1,0
2018-07-24 19:25:59,3,52,27.6,62,24.2,1009.1,0,0,0,986.1,0
2018-07-24 19:28:59,3,52,27.6,62,24.0,1009.0,0,0,0,986.1,0
2018-07-24 19:31:59,3,52,27.6,62,23.9,1009.0,0,0,0,986.1,0
2018-07-24 19:34:59,3,52,27.4,63,23.8,1009.1,0,0,0,986.1,0
2018-07-24 19:37:59,3,53,27.4,63,23.6,1009.0,0,0,0,986.1,0
2018-07-24 19:40:59,3,53,27.4,64,23.4,1009.0,0,0.3,0,986.1,0
2018-07-24 19:43:59,3,53,27.3,65,23.3,1009.0,0,0,0,986.1,0
2018-07-24 19:46:59,3,53,27.3,65,23.2,1009.1,0,0,0,986.1,0
2018-07-24 19:49:59,3,54,26.9,66,23.1,1008.9,0,0,0,986.1,0
2018-07-24 19:52:59,3,54,26.9,66,23.0,1009.0,0,0,0,986.1,0
2018-07-24 19:55:59,3,54,26.9,67,22.9,1009.0,0,0,0,986.1,0
2018-07-24 19:58:59,3,54,26.9,67,22.8,1009.1,0,0,0,986.1,0
2018-07-24 20:01:59,3,55,26.9,67,22.7,1009.0,0,0,0,986.1,0
2018-07-24 20:04:59,3,54,26.8,67,22.7,1009.1,0,0,0,986.1,0
2018-07-24 20:07:59,3,54,26.8,71,22.4,1009.0,0,0,0,986.1,0
2018-07-24 20:10:59,3,54,26.8,72,22.4,1009.1,0,0,0,986.1,0
2018-07-24 20:13:59,3,54,26.7,72,22.3,1009.0,0,0,0,986.1,0
2018-07-24 20:16:59,3,55,26.6,72,22.2,1009.1,0,0,0,986.1,0
2018-07-24 20:19:59,3,55,26.6,72,22.1,1009.1,0,0,0,986.1,0
2018-07-24 20:22:59,3,55,26.6,72,22.1,1009.2,0,0,0,986.1,0
2018-07-24 20:25:59,3,55,26.5,72,22.0,1009.2,0,0,0,986.1,0
2018-07-24 20:28:59,3,55,26.5,73,21.9,1009.1,0,0,0,986.1,0
2018-07-24 20:31:59,3,55,26.5,73,21.8,1009.1,0,0,0,986.1,0
2018-07-24 20:34:59,3,55,26.5,73,21.8,1009.1,0,0,0,986.1,0
2018-07-24 20:37:59,3,55,26.5,73,21.7,1009.1,0,0,0,986.1,0
2018-07-24 20:40:59,3,55,26.4,73,21.6,1009.3,0,0,0,986.1,0
2018-07-24 20:43:59,3,55,26.3,73,21.5,1009.2,0,0,0,986.1,0
2018-07-24 20:46:59,3,55,26.3,73,21.5,1009.2,0,0,0,986.1,0
2018-07-24 20:49:59,3,55,26.3,74,21.4,1009.1,0,0,0,986.1,0
2018-07-24 20:52:59,3,55,26.3,74,21.3,1009.2,0,0,0,986.1,0
2018-07-24 20:55:59,3,55,26.2,74,21.3,1009.2,0,0,0,986.1,0
2018-07-24 20:58:59,3,55,26.2,74,21.2,1009.3,0,0,0,986.1,0
2018-07-24 21:01:59,3,55,26.2,74,21.2,1009.3,0,0,0,986.1,0
2018-07-24 21:04:59,3,55,26.2,74,21.1,1009.2,0,0,0,986.1,0
2018-07-24 21:07:59,3,55,26.2,75,21.1,1009.3,0,0,0,986.1,0
2018-07-24 21:10:59,3,56,26.2,75,21.1,1009.2,0,0,0,986.1,0
2018-07-24 21:13:59,3,56,26.2,75,21.0,1009.2,0,0.3,0,986.1,0
2018-07-24 21:16:59,3,56,26.2,75,21.0,1009.3,0,0,0,986.1,0
2018-07-24 21:19:59,3,56,26.2,75,21.0,1009.3,0,0,0,986.1,0
2018-07-24 21:22:59,3,56,26.2,75,20.9,1009.3,0,0,0,986.1,0
2018-07-24 21:25:59,3,56,26.2,75,20.9,1009.3,0,0,0,986.1,0
2018-07-24 21:28:59,3,56,26.2,75,20.8,1009.3,0,0,0,986.1,0
2018-07-24 21:31:59,3,56,26.2,75,20.8,1009.3,0,0,0,986.1,0
2018-07-24 21:34:59,3,56,26.2,75,20.7,1009.3,0,0,0,986.1,0
2018-07-24 21:37:59,3,56,26.2,76,20.7,1009.3,0,0,0,986.1,0
2018-07-24 21:40:59,3,57,25.4,76,20.6,1009.4,0,0,0,986.1,0
2018-07-24 21:43:59,3,57,25.4,76,20.6,1009.3,0,0,0,986.1,0
2018-07-24 21:46:59,3,57,25.4,76,20.5,1009.4,0,0,0,986.1,0
2018-07-24 21:49:59,3,57,25.4,76,20.5,1009.3,0,0,0,986.1,0
2018-07-24 21:52:59,3,57,25.4,76,20.4,1009.4,0,0,0,986.1,0
2018-07-24 21:55:59,3,57,25.4,77,20.3,1009.4,0,0,0,986.1,0
2018-07-24 21:58:59,3,57,25.4,77,20.3,1009.4,0,0,0,986.1,0
2018-07-24 22:01:59,3,57,25.4,77,20.2,1009.4,0,0,0,986.1,0
2018-07-24 22:04:59,3,57,25.4,77,20.2,1009.4,0,0,0,986.1,0
2018-07-24 22:07:59,3,57,25.4,77,20.1,1009.4,0,0,0,986.1,0
2018-07-24 22:10:59,3,57,25.4,78,20.0,1009.4,0,0,0,986.1,0
2018-07-24 22:13:59,3,57,25.4,78,20.0,1009.4,0,0,0,986.1,0
2018-07-24 22:16:59,3,57,25.4,79,20.0,1009.3,0,0.3,0,986.1,0
2018-07-24 22:19:59,3,57,25.4,79,19.9,1009.5,0,0,0,986.1,0
2018-07-24 22:22:59,3,57,25.4,79,19.9,1009.3,0,0.3,0,986.1,0
2018-07-24 22:25:59,3,57,25.4,79,19.8,1009.3,0,0,0,986.1,0
2018-07-24 22:28:59,3,58,25.4,79,19.8,1009.3,0,0,0,986.1,0
2018-07-24 22:31:59,3,58,25.4,79,19.7,1009.3,0,0,0,986.1,0
2018-07-24 22:34:59,3,58,25.4,80,19.7,1009.3,0,0,0,986.1,0
2018-07-24 22:37:59,3,58,25.4,80,19.6,1009.4,0,0,0,986.1,0
2018-07-24 22:40:59,3,58,25.4,80,19.6,1009.4,0,0,0,986.1,0
2018-07-24 22:43:59,3,58,25.4,80,19.6,1009.4,0,0,0,986.1,0
2018-07-24 22:46:59,3,58,25.4,80,19.6,1009.3,0,0,0,986.1,0
2018-07-24 22:49:59,3,58,25.4,80,19.5,1009.4,0,0,0,986.1,0
2018-07-24 22:52:59,3,58,25.4,81,19.5,1009.4,0,0,2,986.1,0
2018-07-24 22:55:59,3,58,25.4,81,19.4,1009.4,0,0,0,986.1,0
2018-07-24 22:58:59,3,58,25.3,81,19.4,1009.4,0,0,0,986.1,0
2018-07-24 23:01:59,3,58,25.2,81,19.4,1009.4,0,0,0,986.1,0
2018-07-24 23:04:59,3,58,25.2,81,19.4,1009.5,0,0,0,986.1,0
2018-07-24 23:07:59,3,58,25.2,81,19.3,1009.4,0,0.3,0,986.1,0
2018-07-24 23:10:59,3,58,25.1,81,19.3,1009.4,0,0,0,986.1,0
2018-07-24 23:13:59,3,58,25.1,81,19.2,1009.3,0,0,0,986.1,0
2018-07-24 23:16:59,3,58,25.0,81,19.1,1009.3,0,0,0,986.1,0
2018-07-24 23:19:59,3,58,25.0,81,19.1,1009.3,0,0,0,986.1,0
2018-07-24 23:22:59,3,58,25.0,81,19.0,1009.3,0,0,0,986.1,0
2018-07-24 23:25:59,3,58,25.0,81,19.0,1009.4,0,0,0,986.1,0
2018-07-24 23:28:59,3,58,25.0,81,18.9,1009.3,0,0,0,986.1,0
2018-07-24 23:31:59,3,59,24.9,81,18.9,1009.3,0,0,0,986.1,0
2018-07-24 23:34:59,3,59,24.9,82,18.8,1009.3,0,0,0,986.1,0
2018-07-24 23:37:59,3,59,24.8,82,18.8,1009.4,0,0,0,986.1,0
2018-07-24 23:40:59,3,60,24.8,82,18.8,1009.3,0,0,0,986.1,0
2018-07-24 23:43:59,3,60,24.8,82,18.7,1009.4,0,0,0,986.1,0
2018-07-24 23:46:59,3,60,24.8,82,18.7,1009.4,0,0,0,986.1,0
2018-07-24 23:49:59,3,60,24.7,83,18.7,1009.3,0,0,0,986.1,0
2018-07-24 23:52:59,3,60,24.7,83,18.7,1009.3,0,0,0,986.1,0
2018-07-24 23:55:59,3,60,24.7,83,18.6,1009.2,0,0,0,986.1,0
2018-07-24 23:58:59,3,60,24.7,84,18.6,1009.2,0,0,0,986.1,0
