2018-07-21 00:01:59,3,42,23.1,76,12.9,1007.5,0,0,0,986.1,0
2018-07-21 00:04:59,3,42,23.0,76,12.9,1007.5,0,0,0,986.1,0
2018-07-21 00:07:59,3,42,23.0,76,12.8,1007.6,0,0,0,986.1,0
2018-07-21 00:10:59,3,42,23.0,77,12.8,1007.7,0,0,0,986.1,0
2018-07-21 00:13:59,3,41,22.9,77,12.7,1007.6,0,0.3,0,986.1,0
2018-07-21 00:16:59,3,41,22.9,77,12.7,1007.6,0,0,0,986.1,0
2018-07-21 00:19:59,3,42,22.9,77,12.6,1007.6,0,0,0,986.1,0
2018-07-21 00:22:59,3,42,22.9,77,12.6,1007.6,0,0,0,986.1,0
2018-07-21 00:25:59,3,42,22.9,78,12.6,1007.5,0,0,0,986.1,0
2018-07-21 00:28:59,3,42,22.8,78,12.5,1007.7,0,0,0,986.1,0
2018-07-21 00:31:59,3,42,22.8,78,12.5,1007.6,0,0,0,986.1,0
2018-07-21 00:34:59,3,42,22.7,79,12.5,1007.6,0,0,0,986.1,0
2018-07-21 00:37:59,3,42,22.7,79,12.5,1007.7,0,0,0,986.1,0
2018-07-21 00:40:59,3,42,22.7,81,12.4,1007.6,0,0,0,986.1,0
2018-07-21 00:43:59,3,42,22.7,81,12.4,1007.7,0,0,0,986.1,0
2018-07-21 00:46:59,3,42,22.7,82,12.4,1007.6,0,0,0,986.1,0
2018-07-21 00:49:59,3,42,22.7,82,12.4,1007.7,0,0,0,986.1,0
2018-07-21 00:52:59,3,42,22.7,82,12.3,1007.5,0,0,0,986.1,0
2018-07-21 00:55:59,3,42,22.6,83,12.3,1007.5,0,0.3,2,986.1,0
2018-07-21 00:58:59,3,42,22.6,83,12.3,1007.5,0,0,0,986.1,0
2018-07-21 01:01:59,3,42,22.6,83,12.2,1007.5,0,0,0,986.1,0
2018-07-21 01:04:59,3,42,22.6,83,12.2,1007.5,0,0,0,986.1,0
2018-07-21 01:07:59,3,42,22.5,83,12.2,1007.5,0,0,0,986.1,0
2018-07-21 01:10:59,3,42,22.5,83,12.1,1007.4,0,0,0,986.1,0
2018-07-21 01:13:59,3,42,22.5,83,12.1,1007.3,0,0.3,0,986.1,0
2018-07-21 01:16:59,3,42,22.5,84,12.1,1007.2,0,0,0,986.1,0
2018-07-21 01:19:59,3,42,22.4,84,12.1,1007.2,0,0,0,986.1,0
2018-07-21 01:22:59,3,43,22.3,84,12.1,1007.2,0,0,2,986.1,0
2018-07-21 01:25:59,3,43,22.3,84,12.0,1007.2,0,0,2,986.1,0
2018-07-21 01:28:59,3,43,22.3,84,12.0,1007.1,0,0,2,986.1,0
2018-07-21 01:31:59,3,43,22.3,84,12.0,1007.1,0,0,2,986.1,0
2018-07-21 01:34:59,3,43,22.3,84,12.0,1007.2,0,0,2,986.1,0
2018-07-21 01:37:59,3,43,22.2,84,11.9,1007.1,0,0,2,986.1,0
2018-07-21 01:40:59,3,43,22.2,84,11.9,1007.2,0,0,2,986.1,0
2018-07-21 01:43:59,3,43,22.2,85,11.9,1007.1,0,0,0,986.1,0
2018-07-21 01:46:59,3,43,22.2,85,11.9,1007.1,0,0,0,986.1,0
2018-07-21 01:49:59,3,43,22.2,85,11.9,1007.2,0,0,0,986.1,0
2018-07-21 01:52:59,3,43,22.2,85,11.8,1007.2,0,0,0,986.1,0
2018-07-21 01:55:59,3,43,22.2,85,11.8,1007.3,0,0,0,986.1,0
2018-07-21 01:58:59,3,43,22.2,85,11.8,1007.4,0,0,0,986.1,0
2018-07-21 02:01:59,3,43,22.2,85,11.8,1007.3,0,0,0,986.1,0
2018-07-21 02:04:59,3,43,22.1,85,11.8,1007.3,0,0,0,986.1,0
2018-07-21 02:07:59,3,43,22.1,85,11.7,1007.3,0,0,0,986.1,0
2018-07-21 02:10:59,3,43,22.1,85,11.7,1007.4,0,0,0,986.1,0
2018-07-21 02:13:59,3,43,22.1,85,11.7,1007.3,0,0,0,986.1,0
2018-07-21 02:16:59,3,43,22.1,85,11.7,1007.3,0,0,0,986.1,0
2018-07-21 02:19:59,3,43,22.0,86,11.7,1007.3,0,0,0,986.1,0
2018-07-21 02:22:59,3,43,22.0,86,11.7,1007.3,0,0,0,986.1,0
2018-07-21 02:25:59,3,44,21.9,86,11.6,1007.4,0,0,0,986.1,0
2018-07-21 02:28:59,3,44,21.9,85,11.6,1007.4,0,0,0,986.1,0
2018-07-21 02:31:59,3,44,21.9,85,11.5,1007.4,0,0,0,986.1,0
2018-07-21 02:34:59,3,44,21.9,85,11.5,1007.4,0,0,0,986.1,0
2018-07-21 02:37:59,3,44,21.9,85,11.5,1007.4,0,0,0,986.1,0
2018-07-21 02:40:59,3,44,21.8,86,11.4,1007.3,0,0,0,986.1,0
2018-07-21 02:43:59,3,44,21.8,86,11.4,1007.4,0,0,0,986.1,0
2018-07-21 02:46:59,3,44,21.8,86,11.3,1007.4,0,0,0,986.1,0
2018-07-21 02:49:59,3,44,21.8,86,11.3,1007.4,0,0,0,986.1,0
2018-07-21 02:52:59,3,44,21.8,86,11.3,1007.5,0,0,0,986.1,0
2018-07-21 02:55:59,3,44,21.8,86,11.3,1007.4,0,0,0,986.1,0
2018-07-21 02:58:59,3,44,21.7,87,11.3,1007.3,0,0,0,986.1,0
2018-07-21 03:01:59,3,44,21.7,87,11.3,1007.3,0,0,0,986.1,0
2018-07-21 03:04:59,3,44,21.7,87,11.2,1007.2,0,0,0,986.1,0
2018-07-21 03:07:59,3,44,21.7,87,11.2,1007.3,0,0,2,986.1,0
2018-07-21 03:10:59,3,44,21.6,88,11.2,1007.1,0,0,2,986.1,0
2018-07-21 03:13:59,3,44,21.6,88,11.2,1007.2,0,0,2,986.1,0
2018-07-21 03:16:59,3,44,21.6,88,11.2,1007.3,0,0,2,986.1,0
2018-07-21 03:19:59,3,45,21.6,88,11.2,1007.2,0,0,0,986.1,0
2018-07-21 03:22:59,3,45,21.6,88,11.2,1007.3,0,0,2,986.1,0
2018-07-21 03:25:59,3,45,21.5,89,11.2,1007.1,0,0,2,986.1,0
2018-07-21 03:28:59,3,45,21.5,89,11.3,1007.2,0,0,4,986.1,0
2018-07-21 03:31:59,3,45,21.5,89,11.3,1007.2,0,0,4,986.1,0
2018-07-21 03:34:59,3,45,21.5,89,11.3,1007.2,0,0,4,986.1,0
2018-07-21 03:37:59,3,45,21.5,88,11.4,1007.2,0,0,4,986.1,0
2018-07-21 03:40:59,3,45,21.4,88,11.4,1007.2,0,0,4,986.1,0
2018-07-21 03:43:59,3,45,21.4,88,11.4,1007.1,0,0,4,986.1,0
2018-07-21 03:46:59,3,45,21.4,88,11.5,1007.1,0,0,4,986.1,0
2018-07-21 03:49:59,3,45,21.3,88,11.5,1007.1,0,0,4,986.1,0
2018-07-21 03:52:59,3,45,21.3,88,11.5,1007.0,0,0,4,986.1,0
2018-07-21 03:55:59,3,45,21.3,88,11.6,1007.0,0,0,4,986.1,0
2018-07-21 03:58:59,3,45,21.3,88,11.6,1007.1,0,0,4,986.1,0
2018-07-21 04:01:59,3,46,21.3,88,11.7,1007.0,0,0,4,986.1,0
2018-07-21 04:04:59,3,46,21.3,88,11.7,1007.1,0,0,4,986.1,0
2018-07-21 04:07:59,3,46,21.3,88,11.8,1007.1,0,0,4,986.1,0
2018-07-21 04:10:59,3,46,21.3,87,11.8,1007.0,0,0,4,986.1,0
2018-07-21 04:13:59,3,46,21.3,87,11.8,1007.1,0,0,4,986.1,0
2018-07-21 04:16:59,3,47,21.2,87,11.9,1007.1,0,0,4,986.1,0
2018-07-21 04:19:59,3,47,21.1,87,11.9,1007.0,0,0,4,986.1,0
2018-07-21 04:22:59,3,48,21.0,87,11.9,1007.0,0,0,4,986.1,0
2018-07-21 04:25:59,3,49,20.9,87,12.0,1007.1,0,0,4,986.1,0
2018-07-21 04:28:59,3,50,20.7,87,12.0,1007.1,0,0,4,986.1,0
2018-07-21 04:31:59,3,50,20.6,87,12.1,1006.9,0,0,4,986.1,0
2018-07-21 04:34:59,3,50,20.6,87,12.2,1006.9,0,0,4,986.1,0
2018-07-21 04:37:59,3,50,20.5,87,12.3,1007.0,0,0,4,986.1,0
2018-07-21 04:40:59,3,50,20.4,87,12.4,1007.0,0,0,4,986.1,0
2018-07-21 04:43:59,3,50,20.4,83,12.5,1006.9,0,0,4,986.1,0
2018-07-21 04:46:59,3,50,20.3,83,12.6,1006.9,0,0,4,986.1,0
2018-07-21 04:49:59,3,51,20.3,83,12.7,1006.9,0,0,4,986.1,0
2018-07-21 04:52:59,3,51,20.2,83,12.8,1006.8,0,0,4,986.1,0
2018-07-21 04:55:59,3,51,20.2,82,12.9,1006.9,0,0,4,986.1,0
2018-07-21 04:58:59,3,51,20.1,82,13.0,1006.9,0,0,4,986.1,0
2018-07-21 05:01:59,3,51,20.1,82,13.2,1006.9,0,0,4,986.1,0
2018-07-21 05:04:59,3,52,20.1,82,13.3,1006.9,0,0,4,986.1,0
2018-07-21 05:07:59,3,52,20.1,81,13.4,1006.8,0,0,4,986.1,0
2018-07-21 05:10:59,3,52,20.1,81,13.6,1006.9,0,0,4,986.1,0
2018-07-21 05:13:59,3,52,20.1,81,13.7,1006.8,0,0,4,986.1,0
2018-07-21 05:16:59,3,53,20.1,81,13.9,1006.8,0,0,4,986.1,0
2018-07-21 05:19:59,3,53,20.0,81,14.1,1006.7,0,0,4,986.1,0
2018-07-21 05:22:59,3,53,20.1,81,14.2,1006.7,0,0,4,986.1,0
2018-07-21 05:25:59,3,53,20.1,81,14.4,1006.8,0,0,4,986.1,0
2018-07-21 05:28:59,3,54,20.1,81,14.7,1006.7,0,0,4,986.1,0
2018-07-21 05:31:59,3,54,20.1,81,14.9,1006.7,0,0,4,986.1,0
2018-07-21 05:34:59,3,54,20.1,80,15.1,1006.7,0,0,4,986.1,0
2018-07-21 05:37:59,3,54,20.1,80,15.4,1006.7,0,0,4,986.1,0
2018-07-21 05:40:59,3,54,20.1,80,15.7,1006.7,0,0,4,986.1,0
2018-07-21 05:43:59,3,54,20.1,80,15.9,1006.7,0,0,4,986.1,0
2018-07-21 05:46:59,3,54,20.1,79,16.2,1006.7,0,0,4,986.1,0
2018-07-21 05:49:59,3,54,20.2,79,16.4,1006.7,0,0,4,986.1,0
2018-07-21 05:52:59,3,54,20.3,78,16.7,1006.7,0,0,4,986.1,0
2018-07-21 05:55:59,3,54,20.3,77,17.0,1006.7,0,0,4,986.1,0
2018-07-21 05:58:59,3,54,20.3,77,17.3,1006.7,0,0,4,986.1,0
2018-07-21 06:01:59,3,55,20.3,73,17.5,1006.8,0,0,0,986.1,0
2018-07-21 06:04:59,3,55,20.4,73,17.5,1006.8,0,0,0,986.1,0
2018-07-21 06:07:59,3,55,20.4,71,18.3,1006.8,0.7,0.7,0,986.1,0
2018-07-21 06:10:59,3,55,20.4,70,18.7,1006.8,0.7,1.0,14,986.1,0
2018-07-21 06:13:59,3,55,20.4,68,19.1,1006.9,0.7,1.0,14,986.1,0
2018-07-21 06:16:59,3,55,20.5,66,19.6,1006.9,0.7,1.4,14,986.1,0
2018-07-21 06:19:59,3,55,20.5,65,20.1,1006.8,1.0,1.7,0,986.1,0
2018-07-21 06:22:59,3,55,20.5,62,20.3,1007.0,0.7,1.0,14,986.1,0
2018-07-21 06:25:59,3,55,20.5,62,20.6,1006.9,0.7,1.0,0,986.1,0
2018-07-21 06:28:59,3,54,20.6,60,21.0,1006.8,1.0,1.7,2,986.1,0
2018-07-21 06:31:59,3,54,20.6,58,21.1,1006.9,0.7,1.0,2,986.1,0
2018-07-21 06:34:59,3,55,20.6,60,21.3,1006.9,0.3,0.7,14,986.1,0
2018-07-21 06:37:59,3,55,20.7,58,21.6,1006.9,0.7,1.4,0,986.1,0
2018-07-21 06:40:59,3,55,20.9,56,21.9,1007.0,1.4,1.7,2,986.1,0
2018-07-21 06:43:59,3,54,21.0,54,22.0,1007.1,1.4,2.0,4,986.1,0
2018-07-21 06:46:59,3,53,21.1,53,22.2,1007.1,1.0,1.4,0,986.1,0
2018-07-21 06:49:59,3,53,21.3,51,22.5,1007.0,0.3,0.7,0,986.1,0
2018-07-21 06:52:59,3,53,21.4,50,22.5,1007.1,0.7,1.0,2,986.1,0
2018-07-21 06:55:59,3,53,21.5,50,22.8,1007.1,1.0,1.4,4,986.1,0
2018-07-21 06:58:59,3,52,21.6,49,22.8,1007.0,0.7,1.0,0,986.1,0
2018-07-21 07:01:59,3,52,21.7,48,23.0,1007.1,0.7,1.4,8,986.1,0
2018-07-21 07:04:59,3,52,21.8,49,23.2,1007.3,0.7,1.0,14,986.1,0
2018-07-21 07:07:59,3,52,21.9,48,23.3,1007.3,0.3,0.3,0,986.1,0
2018-07-21 07:10:59,3,52,21.9,48,23.5,1007.4,1.0,1.4,2,986.1,0
2018-07-21 07:13:59,3,51,22.1,45,23.7,1007.4,1.4,1.7,2,986.1,0
2018-07-21 07:16:59,3,50,22.2,45,23.6,1007.4,0.3,1.0,2,986.1,0
2018-07-21 07:19:59,3,50,22.2,45,23.8,1007.5,1.0,1.7,0,986.1,0
2018-07-21 07:22:59,3,50,22.3,45,23.8,1007.4,0.3,0.7,2,986.1,0
2018-07-21 07:25:59,3,50,22.3,46,24.1,1007.6,0,0.7,4,986.1,0
2018-07-21 07:28:59,3,50,22.4,44,24.3,1007.6,0.3,0.7,0,986.1,0
2018-07-21 07:31:59,3,49,22.5,44,24.3,1007.5,1.4,2.0,0,986.1,0
2018-07-21 07:34:59,3,49,22.6,43,24.0,1007.5,1.0,1.4,0,986.1,0
2018-07-21 07:37:59,3,49,22.6,44,23.9,1007.5,0.3,0.7,0,986.1,0
2018-07-21 07:40:59,3,49,22.6,43,24.1,1007.6,0.7,1.0,2,986.1,0
2018-07-21 07:43:59,3,49,22.7,43,24.3,1007.6,1.0,1.4,4,986.1,0
2018-07-21 07:46:59,3,49,22.7,43,24.3,1007.5,2.0,2.7,14,986.1,0
2018-07-21 07:49:59,3,49,22.7,42,24.0,1007.5,1.7,2.4,0,986.1,0
2018-07-21 07:52:59,3,49,22.7,43,23.9,1007.5,1.0,1.4,2,986.1,0
2018-07-21 07:55:59,3,49,22.7,43,23.8,1007.5,1.7,2.4,14,986.1,0
2018-07-21 07:58:59,3,49,22.7,44,24.0,1007.5,0.7,1.0,5,986.1,0
2018-07-21 08:01:59,3,49,22.6,44,24.2,1007.6,1.0,1.7,2,986.1,0
2018-07-21 08:04:59,3,49,22.6,44,24.2,1007.6,1.0,1.7,2,986.1,0
2018-07-21 08:07:59,3,49,22.6,42,24.6,1007.6,1.0,1.0,6,986.1,0
2018-07-21 08:10:59,3,49,22.6,42,24.8,1007.6,1.0,1.0,14,986.1,0
2018-07-21 08:13:59,3,49,22.6,41,25.0,1007.6,1.7,2.4,6,986.1,0
2018-07-21 08:16:59,3,49,22.5,41,25.2,1007.4,1.4,2.0,4,986.1,0
2018-07-21 08:19:59,3,49,22.5,40,25.2,1007.5,0.7,1.4,8,986.1,0
2018-07-21 08:22:59,3,49,22.5,40,25.3,1007.4,0.3,0.7,0,986.1,0
2018-07-21 08:25:59,3,49,22.5,40,25.5,1007.5,1.0,2.0,0,986.1,0
2018-07-21 08:28:59,3,49,22.4,39,25.6,1007.4,1.0,1.4,6,986.1,0
2018-07-21 08:31:59,3,49,22.4,40,25.6,1007.4,2.0,2.7,4,986.1,0
2018-07-21 08:34:59,3,49,22.3,40,25.4,1007.4,1.0,1.4,6,986.1,0
2018-07-21 08:37:59,3,49,22.3,40,25.5,1007.4,1.4,1.7,0,986.1,0
2018-07-21 08:40:59,3,49,22.3,37,25.3,1007.4,1.4,2.4,0,986.1,0
2018-07-21 08:43:59,3,49,22.3,40,25.4,1007.4,0.3,0.7,0,986.1,0
2018-07-21 08:46:59,3,49,22.3,40,25.4,1007.4,1.7,2.7,0,986.1,0
2018-07-21 08:49:59,3,49,22.4,39,25.4,1007.3,1.0,1.4,2,986.1,0
2018-07-21 08:52:59,3,49,22.5,38,25.4,1007.3,1.0,1.4,10,986.1,0
2018-07-21 08:55:59,3,49,22.6,39,25.6,1007.4,1.0,1.7,14,986.1,0
2018-07-21 08:58:59,3,49,22.6,40,25.7,1007.4,1.0,2.4,8,986.1,0
2018-07-21 09:01:59,3,49,22.7,39,25.6,1007.4,0.7,1.0,0,986.1,0
2018-07-21 09:04:59,3,49,22.8,40,25.9,1007.4,0.3,0.7,0,986.1,0
2018-07-21 09:07:59,3,49,22.9,38,26.0,1007.3,1.0,1.7,2,986.1,0
2018-07-21 09:10:59,3,49,22.9,37,25.7,1007.4,1.0,1.7,14,986.1,0
2018-07-21 09:13:59,3,49,23.0,37,25.7,1007.2,1.7,2.4,2,986.1,0
2018-07-21 09:16:59,3,49,23.0,37,25.5,1007.3,1.4,2.0,0,986.1,0
2018-07-21 09:19:59,3,49,23.0,37,25.6,1007.3,2.0,3.1,1,986.1,0
2018-07-21 09:22:59,3,49,23.0,38,25.5,1007.3,1.0,1.7,14,986.1,0
2018-07-21 09:25:59,3,49,23.0,40,25.7,1007.2,0.7,1.7,4,986.1,0
2018-07-21 09:28:59,3,49,22.9,40,26.1,1007.2,1.0,1.4,0,986.1,0
2018-07-21 09:31:59,3,49,22.9,37,26.1,1007.2,1.0,1.7,0,986.1,0
2018-07-21 09:34:59,3,49,22.9,36,26.1,1007.3,1.7,2.4,2,986.1,0
2018-07-21 09:37:59,3,49,22.9,40,26.5,1007.3,1.4,2.0,0,986.1,0
2018-07-21 09:40:59,3,49,22.9,38,26.9,1007.1,0.7,1.0,14,986.1,0
2018-07-21 09:43:59,3,49,22.8,36,27.0,1007.2,0.7,1.0,14,986.1,0
2018-07-21 09:46:59,3,49,22.8,36,27.2,1007.3,1.0,1.4,0,986.1,0
2018-07-21 09:49:59,3,49,22.8,34,26.9,1007.2,0.3,0.7,0,986.1,0
2018-07-21 09:52:59,3,49,22.8,36,26.7,1007.3,0.7,1.4,4,986.1,0
2018-07-21 09:55:59,3,49,22.8,35,26.2,1007.2,1.7,2.4,5,986.1,0
2018-07-21 09:58:59,3,49,22.8,36,25.9,1007.3,0.3,0.7,2,986.1,0
2018-07-21 10:01:59,3,49,22.7,36,26.0,1007.3,1.0,1.7,2,986.1,0
2018-07-21 10:04:59,3,49,22.7,36,26.0,1007.4,1.0,1.7,2,986.1,0
2018-07-21 10:07:59,3,49,22.7,36,26.3,1007.2,1.4,2.0,14,986.1,0
2018-07-21 10:10:59,3,49,22.7,35,26.5,1007.4,1.7,2.4,4,986.1,0
2018-07-21 10:13:59,3,49,22.7,36,26.4,1007.2,0,0.3,4,986.1,0
2018-07-21 10:16:59,3,49,22.7,38,26.3,1007.3,1.0,1.4,14,986.1,0
2018-07-21 10:19:59,3,49,22.7,36,26.3,1007.3,1.0,1.4,0,986.1,0
2018-07-21 10:22:59,3,49,22.7,35,26.1,1007.3,1.0,1.7,0,986.1,0
2018-07-21 10:25:59,3,49,22.7,35,26.1,1007.3,1.0,1.7,14,986.1,0
2018-07-21 10:28:59,3,49,22.7,37,26.2,1007.2,0.7,1.0,12,986.1,0
2018-07-21 10:31:59,3,49,22.7,36,26.7,1007.3,0.3,1.0,10,986.1,0
2018-07-21 10:34:59,3,49,22.7,36,27.0,1007.4,0.7,1.0,12,986.1,0
2018-07-21 10:37:59,3,49,22.7,35,27.1,1007.2,1.0,1.7,4,986.1,0
2018-07-21 10:40:59,3,49,22.8,35,27.2,1007.2,1.0,1.4,0,986.1,0
2018-07-21 10:43:59,3,49,22.7,34,27.1,1007.1,0.7,1.0,0,986.1,0
2018-07-21 10:46:59,3,49,22.8,35,26.9,1007.2,1.4,1.7,14,986.1,0
2018-07-21 10:49:59,3,49,22.8,35,27.0,1007.1,2.4,3.4,12,986.1,0
2018-07-21 10:52:59,3,49,22.8,35,27.1,1007.0,1.4,1.7,6,986.1,0
2018-07-21 10:55:59,3,49,22.8,34,27.2,1007.0,1.0,1.4,6,986.1,0
2018-07-21 10:58:59,3,49,22.8,36,27.2,1007.1,0.3,0.7,0,986.1,0
2018-07-21 11:01:59,3,49,22.8,36,26.9,1006.9,1.0,1.7,0,986.1,0
2018-07-21 11:04:59,3,49,22.9,35,26.9,1007.0,1.4,2.0,6,986.1,0
2018-07-21 11:07:59,3,49,22.9,35,26.7,1007.0,0.3,0.7,0,986.1,0
2018-07-21 11:10:59,3,49,22.9,35,26.7,1006.9,0.7,1.0,0,986.1,0
2018-07-21 11:13:59,3,49,22.9,36,26.6,1007.0,0,0.3,12,986.1,0
2018-07-21 11:16:59,3,49,22.9,37,26.6,1007.0,0.7,1.4,2,986.1,0
2018-07-21 11:19:59,3,49,22.9,37,26.7,1007.1,0.7,1.0,14,986.1,0
2018-07-21 11:22:59,3,49,22.9,37,26.7,1007.1,1.0,1.7,12,986.1,0
2018-07-21 11:25:59,3,49,22.9,37,26.7,1007.0,1.0,1.7,8,986.1,0
2018-07-21 11:28:59,3,50,23.0,37,26.6,1006.9,1.0,1.7,0,986.1,0
2018-07-21 11:31:59,3,50,23.0,36,26.5,1007.0,1.0,1.4,14,986.1,0
2018-07-21 11:34:59,3,50,23.0,37,26.5,1006.9,1.0,1.7,4,986.1,0
2018-07-21 11:37:59,3,50,23.0,36,26.6,1006.9,0.7,1.4,8,986.1,0
2018-07-21 11:40:59,3,50,23.0,36,26.9,1006.9,1.7,2.7,0,986.1,0
2018-07-21 11:43:59,3,50,23.0,35,26.9,1006.9,0.3,0.7,0,986.1,0
2018-07-21 11:46:59,3,50,23.0,36,27.2,1006.9,0,0.3,14,986.1,0
2018-07-21 11:49:59,3,50,23.0,32,27.7,1006.8,1.0,1.4,14,986.1,0
2018-07-21 11:52:59,3,50,23.0,31,27.6,1006.8,1.7,2.4,14,986.1,0
2018-07-21 11:55:59,3,50,23.0,31,27.6,1006.9,1.4,2.0,2,986.1,0
2018-07-21 11:58:59,3,51,23.0,31,27.8,1006.9,0.3,0.7,0,986.1,0
2018-07-21 12:01:59,3,51,23.1,31,27.9,1006.9,1.0,1.7,6,986.1,0
2018-07-21 12:04:59,3,51,23.1,31,27.9,1006.7,1.0,1.7,6,986.1,0
2018-07-21 12:07:59,3,51,23.1,31,28.1,1006.8,0.7,1.0,0,986.1,0
2018-07-21 12:10:59,3,51,23.1,31,28.2,1006.7,0.7,1.0,2,986.1,0
2018-07-21 12:13:59,3,51,23.1,30,28.0,1006.8,0.7,1.0,0,986.1,0
2018-07-21 12:16:59,3,50,23.1,30,27.8,1006.9,1.4,1.7,0,986.1,0
2018-07-21 12:19:59,3,50,23.1,31,27.9,1006.8,0.7,1.4,0,986.1,0
2018-07-21 12:22:59,3,50,23.2,31,28.0,1006.8,1.4,1.7,0,986.1,0
2018-07-21 12:25:59,3,50,23.2,31,28.0,1006.7,1.4,2.0,10,986.1,0
2018-07-21 12:28:59,3,50,23.3,31,28.0,1006.7,1.0,1.7,2,986.1,0
2018-07-21 12:31:59,3,50,23.3,32,28.1,1006.7,1.0,1.4,0,986.1,0
2018-07-21 12:34:59,3,50,23.3,32,28.0,1006.6,0.7,1.4,14,986.1,0
2018-07-21 12:37:59,3,50,23.3,31,28.2,1006.5,0.3,0.7,4,986.1,0
2018-07-21 12:40:59,3,50,23.4,31,28.4,1006.6,0.7,1.4,0,986.1,0
2018-07-21 12:43:59,3,50,23.4,31,28.5,1006.6,1.0,1.4,2,986.1,0
2018-07-21 12:46:59,3,50,23.4,30,28.5,1006.6,1.4,2.0,0,986.1,0
2018-07-21 12:49:59,3,49,23.4,31,28.3,1006.6,0.7,1.0,12,986.1,0
2018-07-21 12:52:59,3,49,23.4,30,28.0,1006.5,1.7,2.0,2,986.1,0
2018-07-21 12:55:59,3,49,23.4,30,27.9,1006.5,0.3,1.0,0,986.1,0
2018-07-21 12:58:59,3,49,23.4,31,28.0,1006.5,0.7,1.0,8,986.1,0
2018-07-21 13:01:59,3,49,23.5,31,28.2,1006.5,1.4,2.0,4,986.1,0
2018-07-21 13:04:59,3,49,23.5,31,28.3,1006.6,1.4,2.0,4,986.1,0
2018-07-21 13:07:59,3,49,23.5,31,28.5,1006.5,1.0,1.7,0,986.1,0
2018-07-21 13:10:59,3,49,23.6,30,28.5,1006.5,0.7,1.0,12,986.1,0
2018-07-21 13:13:59,3,49,23.7,30,28.3,1006.4,1.0,1.4,12,986.1,0
2018-07-21 13:16:59,3,49,23.6,30,28.1,1006.4,2.0,2.7,13,986.1,0
2018-07-21 13:19:59,3,49,23.8,31,28.1,1006.3,0.3,0.7,4,986.1,0
2018-07-21 13:22:59,3,49,23.8,31,28.3,1006.4,1.0,1.4,0,986.1,0
2018-07-21 13:25:59,3,49,23.8,31,28.5,1006.4,1.7,2.4,0,986.1,0
2018-07-21 13:28:59,3,49,23.8,31,28.4,1006.3,0.7,1.0,0,986.1,0
2018-07-21 13:31:59,3,49,23.8,31,28.8,1006.3,0.7,1.0,2,986.1,0
2018-07-21 13:34:59,3,49,23.8,31,28.8,1006.3,1.0,1.7,12,986.1,0
2018-07-21 13:37:59,3,49,23.8,30,28.6,1006.3,1.0,1.4,0,986.1,0
2018-07-21 13:40:59,3,49,23.9,30,28.6,1006.3,1.0,1.7,12,986.1,0
2018-07-21 13:43:59,3,49,23.9,30,28.6,1006.3,0.7,1.4,12,986.1,0
2018-07-21 13:46:59,3,49,23.9,30,28.5,1006.3,1.4,2.0,2,986.1,0
2018-07-21 13:49:59,3,49,23.9,30,28.2,1006.5,1.7,2.0,4,986.1,0
2018-07-21 13:52:59,3,49,23.9,30,28.2,1006.4,0.7,1.0,0,986.1,0
2018-07-21 13:55:59,3,48,24.0,30,28.2,1006.5,1.0,1.4,2,986.1,0
2018-07-21 13:58:59,3,48,24.0,30,28.1,1006.4,1.0,1.4,0,986.1,0
2018-07-21 14:01:59,3,48,24.1,30,28.0,1006.5,0.7,1.0,0,986.1,0
2018-07-21 14:04:59,3,48,24.1,30,28.0,1006.4,0.7,1.0,0,986.1,0
2018-07-21 14:07:59,3,48,24.1,30,27.9,1006.4,0.7,1.0,2,986.1,0
2018-07-21 14:10:59,3,48,24.2,30,27.8,1006.4,1.0,1.4,14,986.1,0
2018-07-21 14:13:59,3,48,24.2,30,27.8,1006.3,1.4,2.0,4,986.1,0
2018-07-21 14:16:59,3,48,24.2,31,27.8,1006.4,0.7,1.0,14,986.1,0
2018-07-21 14:19:59,3,48,24.2,30,27.7,1006.4,1.7,2.4,0,986.1,0
2018-07-21 14:22:59,3,48,24.2,30,27.5,1006.4,0.7,1.0,14,986.1,0
2018-07-21 14:25:59,3,48,24.3,33,27.3,1006.4,0.3,0.7,15,986.1,0
2018-07-21 14:28:59,3,48,24.3,34,27.3,1006.5,0.7,1.0,0,986.1,0
2018-07-21 14:31:59,3,48,24.4,33,27.1,1006.5,1.4,2.0,0,986.1,0
2018-07-21 14:34:59,3,48,24.4,33,27.0,1006.4,0.3,0.7,14,986.1,0
2018-07-21 14:37:59,3,48,24.4,34,27.0,1006.4,1.4,1.7,0,986.1,0
2018-07-21 14:40:59,3,48,24.4,34,27.1,1006.5,0.7,1.0,14,986.1,0
2018-07-21 14:43:59,3,48,24.4,36,27.2,1006.5,0,0,14,986.1,0
2018-07-21 14:46:59,3,48,24.5,34,27.4,1006.4,0.7,1.0,0,986.1,0
2018-07-21 14:49:59,3,48,24.5,31,27.5,1006.4,0.7,1.0,6,986.1,0
2018-07-21 14:52:59,3,48,24.6,31,27.6,1006.4,0,0.3,2,986.1,0
2018-07-21 14:55:59,3,48,24.6,32,27.7,1006.4,0,0.3,0,986.1,0
2018-07-21 14:58:59,3,48,24.5,31,27.9,1006.4,1.0,1.4,14,986.1,0
2018-07-21 15:01:59,3,48,24.5,32,27.9,1006.5,0.3,0.7,14,986.1,0
2018-07-21 15:04:59,3,48,24.5,31,27.8,1006.4,0.3,0.7,14,986.1,0
2018-07-21 15:07:59,3,48,24.6,33,27.8,1006.5,0.7,1.0,0,986.1,0
2018-07-21 15:10:59,3,48,24.6,33,27.9,1006.5,0,0.3,0,986.1,0
2018-07-21 15:13:59,3,48,24.7,33,28.1,1006.4,0.7,1.0,0,986.1,0
2018-07-21 15:16:59,3,48,24.7,32,28.1,1006.5,0.3,0.7,14,986.1,0
2018-07-21 15:19:59,3,48,24.7,32,28.1,1006.5,0.7,1.0,0,986.1,0
2018-07-21 15:22:59,3,48,24.7,31,28.0,1006.4,0.7,1.0,0,986.1,0
2018-07-21 15:25:59,3,48,24.7,32,27.9,1006.4,1.7,2.4,1,986.1,0
2018-07-21 15:28:59,3,48,24.7,32,27.7,1006.3,0,0.3,0,986.1,0
2018-07-21 15:31:59,3,48,24.9,32,27.8,1006.5,0.3,0.7,0,986.1,0
2018-07-21 15:34:59,3,48,24.9,32,28.0,1006.4,0.7,0.7,12,986.1,0
2018-07-21 15:37:59,3,48,24.9,31,28.0,1006.5,1.7,2.4,0,986.1,0
2018-07-21 15:40:59,3,48,24.9,31,27.7,1006.5,1.0,1.7,0,986.1,0
2018-07-21 15:43:59,3,48,24.9,32,27.8,1006.5,0.3,0.7,0,986.1,0
2018-07-21 15:47:00,3,48,24.9,32,27.8,1006.3,1.0,1.7,0,986.1,0
2018-07-21 15:50:00,3,48,24.9,32,27.6,1006.5,1.7,2.0,0,986.1,0
2018-07-21 15:53:00,3,48,24.9,36,27.4,1006.5,1.0,1.4,2,986.1,0
2018-07-21 15:56:00,3,48,24.9,36,27.2,1006.4,1.7,2.0,2,986.1,0
2018-07-21 15:59:00,3,48,24.9,37,27.0,1006.5,0.3,0.7,0,986.1,0
2018-07-21 16:02:00,3,47,25.0,37,27.0,1006.5,0.7,1.0,14,986.1,0
2018-07-21 16:05:00,3,47,25.0,37,27.0,1006.5,0.7,1.0,14,986.1,0
2018-07-21 16:08:00,3,47,25.0,40,26.8,1006.5,0,0.3,0,986.1,0
2018-07-21 16:11:00,3,47,25.0,40,26.7,1006.5,0.3,0.3,14,986.1,0
2018-07-21 16:14:00,3,47,25.0,40,26.6,1006.5,0.7,1.4,2,986.1,0
2018-07-21 16:17:00,3,47,25.0,40,26.5,1006.4,0,0,0,986.1,0
2018-07-21 16:20:00,3,47,25.0,40,26.3,1006.5,0.3,0.7,14,986.1,0
2018-07-21 16:23:00,3,47,25.0,41,26.3,1006.4,0,0.3,14,986.1,0
2018-07-21 16:26:00,3,47,25.0,41,26.2,1006.3,0,0,0,986.1,0
2018-07-21 16:29:00,3,47,25.0,41,26.1,1006.4,0.3,0.7,0,986.1,0
2018-07-21 16:32:00,3,47,25.0,42,26.0,1006.3,0,0.3,0,986.1,0
2018-07-21 16:35:00,3,47,25.0,42,25.9,1006.4,0.3,0.7,0,986.1,0
2018-07-21 16:38:00,3,47,25.0,42,25.8,1006.3,0,0,0,986.1,0
2018-07-21 16:41:00,3,47,25.0,42,25.7,1006.3,0.3,0.7,0,986.1,0
2018-07-21 16:44:00,3,47,25.0,42,25.6,1006.3,0,0,0,986.1,0
2018-07-21 16:47:00,3,47,25.0,43,25.5,1006.3,0,0,0,986.1,0
2018-07-21 16:50:00,3,47,25.0,43,25.4,1006.2,0,0,0,986.1,0
2018-07-21 16:53:00,3,47,25.0,43,25.3,1006.2,0,0,0,986.1,0
2018-07-21 16:56:00,3,47,25.0,43,25.2,1006.3,0,0,0,986.1,0
2018-07-21 16:59:00,3,47,25.0,42,25.2,1006.3,0,0,0,986.1,0
2018-07-21 17:02:00,3,47,25.0,43,25.1,1006.2,0,0.3,0,986.1,0
2018-07-21 17:05:00,3,47,25.1,46,25.1,1006.3,0,0,0,986.1,0
2018-07-21 17:08:00,3,47,25.1,47,25.1,1006.2,0,0,0,986.1,0
2018-07-21 17:11:00,3,47,25.1,45,25.1,1006.3,0,0,0,986.1,0
2018-07-21 17:14:00,3,47,25.1,45,25.1,1006.2,0,0,0,986.1,0
2018-07-21 17:17:00,3,47,25.1,45,25.2,1006.3,0,0,0,986.1,0
2018-07-21 17:20:00,3,47,25.1,45,25.2,1006.2,0,0,0,986.1,0
2018-07-21 17:23:00,3,47,25.1,46,25.2,1006.2,0,0,0,986.1,0
2018-07-21 17:26:00,3,47,25.1,46,25.2,1006.2,0,0,0,986.1,0
2018-07-21 17:29:00,3,47,25.1,46,25.3,1006.3,0,0,0,986.1,0
2018-07-21 17:32:00,3,47,25.1,45,25.3,1006.3,0,0,0,986.1,0
2018-07-21 17:35:00,3,47,25.1,46,25.2,1006.2,0,0,0,986.1,0
2018-07-21 17:38:00,3,47,25.1,46,25.2,1006.1,0,0,0,986.1,0
2018-07-21 17:41:00,3,47,25.1,46,25.1,1006.1,0,0,0,986.1,0
2018-07-21 17:44:00,3,47,25.1,46,25.0,1006.2,0,0,0,986.1,0
2018-07-21 17:47:00,3,47,25.1,46,24.9,1006.2,0,0,0,986.1,0
2018-07-21 17:50:00,3,47,25.1,47,24.8,1006.2,0,0,0,986.1,0
2018-07-21 17:53:00,3,47,25.1,47,24.7,1006.1,0,0,0,986.1,0
2018-07-21 17:56:00,3,47,25.1,48,24.7,1006.1,0,0,0,986.1,0
2018-07-21 17:59:00,3,47,25.1,48,24.6,1006.1,0,0,0,986.1,0
2018-07-21 18:02:00,3,47,25.1,48,24.6,1006.1,0,0,0,986.1,0
2018-07-21 18:05:00,3,47,25.1,48,24.6,1006.0,0,0,0,986.1,0
2018-07-21 18:08:00,3,47,25.1,50,24.5,1006.1,0,0,0,986.1,0
2018-07-21 18:11:00,3,47,25.1,50,24.4,1006.1,0,0,0,986.1,0
2018-07-21 18:14:00,3,47,25.2,51,24.3,1006.0,0,0,0,986.1,0
2018-07-21 18:17:00,3,47,25.2,51,24.2,1006.0,0,0.3,0,986.1,0
2018-07-21 18:20:00,3,47,25.2,51,24.0,1006.0,0,0,0,986.1,0
2018-07-21 18:23:00,3,47,25.2,52,23.9,1006.0,0,0,0,986.1,0
2018-07-21 18:26:00,3,48,25.1,53,23.8,1006.0,0,0,0,986.1,0
2018-07-21 18:29:00,3,48,25.1,53,23.6,1006.0,0,0,0,986.1,0
2018-07-21 18:32:00,3,48,25.1,54,23.3,1006.1,0,0,0,986.1,0
2018-07-21 18:35:00,3,48,25.1,54,23.2,1006.1,0,0,0,986.1,0
2018-07-21 18:38:00,3,48,25.1,54,23.0,1006.0,0,0,0,986.1,0
2018-07-21 18:41:00,3,48,25.1,55,22.8,1006.1,0,0,0,986.1,0
2018-07-21 18:44:00,3,48,25.1,57,22.6,1006.1,0,0.3,0,986.1,0
2018-07-21 18:47:00,3,48,25.1,62,22.4,1006.1,0.3,0.7,0,986.1,0
2018-07-21 18:50:00,3,48,25.1,62,22.2,1006.1,0,0,0,986.1,0
2018-07-21 18:53:00,3,48,25.1,62,22.0,1006.2,0,0,0,986.1,0
2018-07-21 18:56:00,3,48,25.1,62,21.9,1006.1,0,0,0,986.1,0
2018-07-21 18:59:00,3,49,25.1,62,21.7,1006.1,0,0,0,986.1,0
2018-07-21 19:02:00,3,50,25.1,63,21.5,1006.1,0,0,0,986.1,0
2018-07-21 19:05:00,3,50,25.0,63,21.4,1006.1,0,0,0,986.1,0
2018-07-21 19:08:00,3,51,25.0,63,21.2,1006.1,0,0.3,0,986.1,0
2018-07-21 19:11:00,3,51,25.0,63,21.1,1006.1,0,0,0,986.1,0
2018-07-21 19:14:00,3,51,25.0,64,21.0,1006.2,0,0,0,986.1,0
2018-07-21 19:17:00,3,52,24.9,64,20.8,1006.1,0,0,0,986.1,0
2018-07-21 19:20:00,3,52,24.8,64,20.7,1006.2,0,0,0,986.1,0
2018-07-21 19:23:00,3,52,24.8,65,20.7,1006.3,0,0,0,986.1,0
2018-07-21 19:26:00,3,52,24.8,66,20.5,1006.2,0,0,0,986.1,0
2018-07-21 19:29:00,3,52,24.8,67,20.4,1006.2,0,0,0,986.1,0
2018-07-21 19:32:00,3,52,24.7,68,20.3,1006.1,0,0,0,986.1,0
2018-07-21 19:35:00,3,52,24.7,68,20.3,1006.2,0,0,0,986.1,0
2018-07-21 19:38:00,3,52,24.7,68,20.1,1006.2,0,0,0,986.1,0
2018-07-21 19:41:00,3,52,24.7,69,20.0,1006.0,0,0,0,986.1,0
2018-07-21 19:44:00,3,52,24.6,68,20.0,1006.1,0,0,0,986.1,0
2018-07-21 19:47:00,3,53,24.6,67,19.9,1006.2,0,0,0,986.1,0
2018-07-21 19:50:00,3,53,24.5,68,19.8,1006.1,0,0,0,986.1,0
2018-07-21 19:53:00,3,53,24.5,69,19.7,1006.1,0,0,0,986.1,0
2018-07-21 19:56:00,3,53,24.5,69,19.7,1006.1,0,0,0,986.1,0
2018-07-21 19:59:00,3,53,24.5,69,19.6,1006.2,0,0,0,986.1,0
2018-07-21 20:02:00,3,53,24.4,69,19.6,1006.1,0,0,0,986.1,0
2018-07-21 20:05:00,3,53,24.4,69,19.6,1006.1,0,0,0,986.1,0
2018-07-21 20:08:00,3,53,24.3,69,19.3,1006.1,0,0,0,986.1,0
2018-07-21 20:11:00,3,53,24.3,70,19.3,1006.1,0,0,0,986.1,0
2018-07-21 20:14:00,3,53,24.2,70,19.2,1006.1,0,0,0,986.1,0
2018-07-21 20:17:00,3,53,24.2,70,19.2,1006.1,0,0,0,986.1,0
2018-07-21 20:20:00,3,53,24.2,70,19.1,1006.2,0,0,0,986.1,0
2018-07-21 20:23:00,3,53,24.1,70,19.1,1006.2,0,0,0,986.1,0
2018-07-21 20:26:00,3,53,24.1,70,19.0,1006.2,0,0,0,986.1,0
2018-07-21 20:29:00,3,53,24.1,70,19.0,1006.1,0,0,0,986.1,0
2018-07-21 20:32:00,3,53,24.1,70,18.9,1006.1,0,0,0,986.1,0
2018-07-21 20:35:00,3,53,24.0,70,18.9,1006.2,0,0,0,986.1,0
2018-07-21 20:38:00,3,54,23.9,70,18.8,1006.2,0,0,0,986.1,0
2018-07-21 20:41:00,3,54,23.9,70,18.7,1006.2,0,0,0,986.1,0
2018-07-21 20:44:00,3,54,23.9,70,18.7,1006.2,0,0,0,986.1,0
2018-07-21 20:47:00,3,54,23.9,71,18.6,1006.2,0,0,0,986.1,0
2018-07-21 20:50:00,3,54,23.9,71,18.5,1006.1,0,0,0,986.1,0
2018-07-21 20:53:00,3,54,23.8,70,18.5,1006.2,0,0,0,986.1,0
2018-07-21 20:56:00,3,54,23.8,70,18.4,1006.3,0,0,0,986.1,0
2018-07-21 20:59:00,3,54,23.8,70,18.4,1006.3,0,0,0,986.1,0
2018-07-21 21:02:00,3,54,23.8,70,18.3,1006.3,0,0,0,986.1,0
2018-07-21 21:05:00,3,54,23.7,70,18.3,1006.3,0,0,0,986.1,0
2018-07-21 21:08:00,3,54,23.6,71,18.2,1006.2,0,0,0,986.1,0
2018-07-21 21:11:00,3,54,23.6,71,18.1,1006.2,0,0,0,986.1,0
2018-07-21 21:14:00,3,54,23.5,71,18.1,1006.3,0,0,0,986.1,0
2018-07-21 21:17:00,3,54,23.4,71,18.0,1006.3,0,0,0,986.1,0
2018-07-21 21:20:00,3,54,23.4,71,18.0,1006.3,0,0,0,986.1,0
2018-07-21 21:23:00,3,54,23.4,72,18.0,1006.2,0,0,0,986.1,0
2018-07-21 21:26:00,3,54,23.4,72,17.9,1006.3,0,0,0,986.1,0
2018-07-21 21:29:00,3,54,23.3,72,17.9,1006.3,0,0,0,986.1,0
2018-07-21 21:32:00,3,54,23.3,72,17.9,1006.4,0,0,0,986.1,0
2018-07-21 21:35:00,3,54,23.3,72,17.9,1006.3,0,0,0,986.1,0
2018-07-21 21:38:00,3,54,23.3,72,17.8,1006.4,0,0,0,986.1,0
2018-07-21 21:41:00,3,54,23.3,72,17.8,1006.4,0,0,0,986.1,0
2018-07-21 21:44:00,3,54,23.2,72,17.8,1006.4,0,0,0,986.1,0
2018-07-21 21:47:00,3,54,23.2,72,17.8,1006.4,0,0,0,986.1,0
2018-07-21 21:50:00,3,54,23.1,72,17.9,1006.5,0,0,0,986.1,0
2018-07-21 21:53:00,3,55,23.2,72,17.9,1006.5,0,0,0,986.1,0
2018-07-21 21:56:00,3,55,23.2,72,17.9,1006.6,0,0,0,986.1,0
2018-07-21 21:59:00,3,55,23.1,72,17.9,1006.5,0,0,0,986.1,0
2018-07-21 22:02:00,3,55,23.1,72,17.9,1006.6,0,0,0,986.1,0
2018-07-21 22:05:00,3,55,23.1,72,17.9,1006.6,0,0,0,986.1,0
2018-07-21 22:08:00,3,55,23.1,73,18.0,1006.6,0,0,0,986.1,0
2018-07-21 22:11:00,3,55,23.1,73,18.0,1006.5,0,0,0,986.1,0
2018-07-21 22:14:00,3,55,23.1,72,18.0,1006.6,0,0,0,986.1,0
2018-07-21 22:17:00,3,55,23.1,72,18.0,1006.6,0,0,0,986.1,0
2018-07-21 22:20:00,3,55,23.1,72,18.0,1006.5,0,0,0,986.1,0
2018-07-21 22:23:00,3,55,23.0,72,18.0,1006.6,0,0.3,0,986.1,0
2018-07-21 22:26:00,3,55,23.0,72,18.0,1006.6,0.3,0.7,0,986.1,0
2018-07-21 22:29:00,3,55,23.0,72,18.0,1006.5,0,0.3,0,986.1,0
2018-07-21 22:32:00,3,55,23.0,72,18.0,1006.7,0,0,0,986.1,0
2018-07-21 22:35:00,3,55,23.0,72,18.1,1006.7,0,0,0,986.1,0
2018-07-21 22:38:00,3,55,23.0,71,18.1,1006.7,0,0,0,986.1,0
2018-07-21 22:41:00,3,55,23.0,71,18.1,1006.7,0,0.3,0,986.1,0
2018-07-21 22:44:00,3,55,23.0,71,18.1,1006.7,0,0,0,986.1,0
2018-07-21 22:47:00,3,55,23.0,71,18.2,1006.8,0,0,0,986.1,0
2018-07-21 22:50:00,3,54,23.0,71,18.2,1006.8,0,0,0,986.1,0
2018-07-21 22:53:00,3,54,23.0,70,18.2,1006.8,0,0,0,986.1,0
2018-07-21 22:56:00,3,54,23.0,70,18.2,1006.7,0,0,0,986.1,0
2018-07-21 22:59:00,3,54,23.0,70,18.2,1006.7,0,0,0,986.1,0
2018-07-21 23:02:00,3,54,23.0,70,18.3,1006.7,0,0.3,0,986.1,0
2018-07-21 23:05:00,3,54,23.0,70,18.3,1006.7,0,0,0,986.1,0
2018-07-21 23:08:00,3,54,23.0,70,18.3,1006.7,0,0,0,986.1,0
2018-07-21 23:11:00,3,53,22.9,70,18.3,1006.8,0,0,0,986.1,0
2018-07-21 23:14:00,3,53,22.9,70,18.3,1006.7,0,0,0,986.1,0
2018-07-21 23:17:00,3,53,22.9,70,18.3,1006.7,0,0,0,986.1,0
2018-07-21 23:20:00,3,53,22.9,70,18.2,1006.8,0,0,0,986.1,0
2018-07-21 23:23:00,3,53,22.9,71,18.2,1006.8,0,0,0,986.1,0
2018-07-21 23:26:00,3,53,22.9,70,18.2,1006.8,0,0,0,986.1,0
2018-07-21 23:29:00,3,53,22.9,70,18.2,1006.8,0,0,0,986.1,0
2018-07-21 23:32:00,3,53,22.9,71,18.2,1006.8,0,0,0,986.1,0
2018-07-21 23:35:00,3,53,22.9,71,18.2,1006.8,0,0,0,986.1,0
2018-07-21 23:38:00,3,53,22.9,71,18.2,1006.6,0,0,0,986.1,0
2018-07-21 23:41:00,3,53,22.9,71,18.1,1006.8,0,0,0,986.1,0
2018-07-21 23:44:00,3,53,22.8,70,18.1,1006.7,0,0,0,986.1,0
2018-07-21 23:47:00,3,53,22.8,70,18.1,1006.8,0,0,0,986.1,0
2018-07-21 23:50:00,3,53,22.8,70,18.1,1006.8,0,0,0,986.1,0
2018-07-21 23:53:00,3,53,22.8,70,18.1,1006.7,0,0,0,986.1,0
2018-07-21 23:56:00,3,53,22.7,70,18.1,1006.7,0,0,0,986.1,0
2018-07-21 23:59:00,3,53,22.7,70,18.1,1006.7,0,0,0,986.1,0
