2020-05-31 00:02:00,3,33,22.7,76,9.6,1017.0,0.7,1.0,0,1777.5,0
2020-05-31 00:05:00,3,33,22.7,76,9.6,1017.1,0.7,1.0,0,1777.5,0
2020-05-31 00:08:00,3,33,22.7,77,9.5,1017.0,0,0,0,1777.5,0
2020-05-31 00:11:00,3,33,22.7,78,9.5,1017.1,0,0,14,1777.5,0
2020-05-31 00:14:00,3,33,22.7,78,9.5,1016.9,0,0,0,1777.5,0
2020-05-31 00:17:00,3,33,22.7,78,9.5,1017.0,0,0.3,12,1777.5,0
2020-05-31 00:20:00,3,33,22.7,78,9.5,1017.0,0.7,1.0,0,1777.5,0
2020-05-31 00:23:00,3,33,22.7,79,9.5,1017.0,0.3,0.7,14,1777.5,0
2020-05-31 00:26:00,3,33,22.7,79,9.5,1016.9,0.7,1.0,0,1777.5,0
2020-05-31 00:29:00,3,33,22.7,80,9.5,1017.0,0.3,0.7,0,1777.5,0
2020-05-31 00:32:00,3,33,22.6,80,9.5,1016.9,0.3,1.0,15,1777.5,0
2020-05-31 00:35:00,3,33,22.6,80,9.5,1016.9,0.7,1.0,14,1777.5,0
2020-05-31 00:38:00,3,33,22.6,80,9.5,1016.9,0.3,0.7,0,1777.5,0
2020-05-31 00:41:00,3,33,22.6,80,9.4,1016.8,0,0,0,1777.5,0
2020-05-31 00:44:00,3,33,22.6,80,9.4,1016.8,0.3,0.7,15,1777.5,0
2020-05-31 00:47:00,3,33,22.6,80,9.3,1016.8,0,0,12,1777.5,0
2020-05-31 00:50:00,3,33,22.6,80,9.3,1016.8,0,0,12,1777.5,0
2020-05-31 00:53:00,3,33,22.6,80,9.3,1016.8,0.7,1.0,0,1777.5,0
2020-05-31 00:56:00,3,33,22.6,80,9.3,1016.7,0.3,0.7,0,1777.5,0
2020-05-31 00:59:00,3,33,22.6,80,9.2,1016.6,0,0,14,1777.5,0
2020-05-31 01:02:00,3,33,22.6,80,9.2,1016.6,0.3,0.7,0,1777.5,0
2020-05-31 01:05:00,3,33,22.5,80,9.2,1016.7,0,0.3,0,1777.5,0
2020-05-31 01:08:00,3,33,22.5,80,9.1,1016.6,0.3,0.7,14,1777.5,0
2020-05-31 01:11:00,3,33,22.5,81,9.1,1016.5,0.3,0.7,14,1777.5,0
2020-05-31 01:14:00,3,33,22.5,81,9.1,1016.6,0,0.3,0,1777.5,0
2020-05-31 01:17:00,3,33,22.5,81,9.0,1016.5,0,0,14,1777.5,0
2020-05-31 01:20:00,3,33,22.5,81,9.0,1016.4,0,0,12,1777.5,0
2020-05-31 01:23:00,3,33,22.5,81,9.0,1016.5,0.3,0.7,12,1777.5,0
2020-05-31 01:26:00,3,33,22.5,81,9.0,1016.5,0,0,14,1777.5,0
2020-05-31 01:29:00,3,33,22.4,81,8.9,1016.3,0,0,14,1777.5,0
2020-05-31 01:32:00,3,33,22.4,81,8.9,1016.2,0,0,14,1777.5,0
2020-05-31 01:35:00,3,33,22.4,81,8.9,1016.3,0,0,14,1777.5,0
2020-05-31 01:38:00,3,33,22.4,81,8.9,1016.2,0,0.3,0,1777.5,0
2020-05-31 01:41:00,3,33,22.3,81,8.9,1016.2,0,0,0,1777.5,0
2020-05-31 01:44:00,3,33,22.3,81,8.9,1016.2,0,0,0,1777.5,0
2020-05-31 01:47:00,3,33,22.3,82,8.9,1016.1,0,0,0,1777.5,0
2020-05-31 01:50:00,3,33,22.3,82,9.0,1016.1,0.3,0.7,14,1777.5,0
2020-05-31 01:53:00,3,33,22.3,82,9.0,1016.1,0,0,12,1777.5,0
2020-05-31 01:56:00,3,33,22.3,82,9.0,1016.1,0,0,0,1777.5,0
2020-05-31 01:59:00,3,33,22.3,82,9.0,1016.1,0,0.3,0,1777.5,0
2020-05-31 02:02:00,3,33,22.3,82,9.0,1016.1,0,0.3,0,1777.5,0
2020-05-31 02:05:00,3,33,22.2,82,9.0,1016.1,0,0.3,0,1777.5,0
2020-05-31 02:08:00,3,33,22.2,82,9.0,1015.9,0.3,0.7,12,1777.5,0
2020-05-31 02:11:00,3,33,22.2,82,9.0,1016.0,0,0,12,1777.5,0
2020-05-31 02:14:00,3,33,22.2,82,9.0,1016.0,0.3,1.0,12,1777.5,0
2020-05-31 02:17:00,3,33,22.2,82,9.0,1016.0,0.3,1.0,14,1777.5,0
2020-05-31 02:20:00,3,33,22.2,82,9.0,1015.9,0,0.3,0,1777.5,0
2020-05-31 02:23:00,3,33,22.2,82,9.0,1016.0,0.3,0.7,14,1777.5,0
2020-05-31 02:26:00,3,33,22.2,82,9.0,1015.9,0,0,12,1777.5,0
2020-05-31 02:29:00,3,33,22.2,82,9.0,1015.9,0.7,1.4,0,1777.5,0
2020-05-31 02:32:00,3,33,22.2,83,9.0,1015.8,1.0,1.4,0,1777.5,0
2020-05-31 02:35:00,3,33,22.2,83,9.1,1015.8,0.3,0.7,14,1777.5,0
2020-05-31 02:38:00,3,33,22.2,83,9.1,1015.8,0.3,0.7,14,1777.5,0
2020-05-31 02:41:00,3,33,22.1,83,9.1,1015.7,0.3,0.7,14,1777.5,0
2020-05-31 02:44:00,3,33,22.1,83,9.1,1015.7,0,0.3,0,1777.5,0
2020-05-31 02:47:00,3,33,22.1,83,9.2,1015.7,1.0,1.4,14,1777.5,0
2020-05-31 02:50:00,3,33,22.1,83,9.2,1015.7,1.0,1.7,14,1777.5,0
2020-05-31 02:53:00,3,33,22.1,82,9.3,1015.6,0.7,1.0,0,1777.5,0
2020-05-31 02:56:00,3,33,22.1,82,9.3,1015.6,0.7,1.0,12,1777.5,0
2020-05-31 02:59:00,3,33,22.1,82,9.3,1015.6,1.0,1.4,14,1777.5,0
2020-05-31 03:02:00,3,33,22.1,82,9.3,1015.7,1.0,1.4,14,1777.5,0
2020-05-31 03:05:00,3,33,22.0,82,9.4,1015.6,0.3,0.7,14,1777.5,0
2020-05-31 03:08:00,3,33,22.0,82,9.4,1015.6,0.3,1.0,14,1777.5,0
2020-05-31 03:11:00,3,33,22.0,82,9.4,1015.6,0,0,14,1777.5,0
2020-05-31 03:14:00,3,33,22.0,82,9.4,1015.6,0.7,1.0,15,1777.5,0
2020-05-31 03:17:00,3,34,21.9,82,9.4,1015.6,0.3,0.7,14,1777.5,0
2020-05-31 03:20:00,3,34,21.9,82,9.5,1015.6,0.7,1.4,0,1777.5,0
2020-05-31 03:23:00,3,34,21.9,82,9.5,1015.6,0,0.7,14,1777.5,0
2020-05-31 03:26:00,3,34,21.9,82,9.6,1015.6,0.7,1.0,14,1777.5,0
2020-05-31 03:29:00,3,34,21.9,82,9.7,1015.7,0.3,0.7,14,1777.5,0
2020-05-31 03:32:00,3,34,21.9,82,9.7,1015.6,1.0,1.7,2,1777.5,0
2020-05-31 03:35:00,3,34,21.9,82,9.8,1015.5,1.4,2.0,14,1777.5,0
2020-05-31 03:38:00,3,34,21.9,81,9.8,1015.5,0.7,1.0,14,1777.5,0
2020-05-31 03:41:00,3,34,21.8,81,9.8,1015.4,1.4,2.0,12,1777.5,0
2020-05-31 03:44:00,3,34,21.8,81,9.9,1015.5,0.3,1.0,12,1777.5,0
2020-05-31 03:47:00,3,34,21.8,81,9.9,1015.4,0.7,1.4,14,1777.5,0
2020-05-31 03:50:00,3,34,21.9,81,9.9,1015.4,1.4,1.7,14,1777.5,0
2020-05-31 03:53:00,3,34,21.8,81,9.9,1015.5,1.0,2.0,0,1777.5,0
2020-05-31 03:56:00,3,34,21.8,80,10.0,1015.4,1.0,1.4,12,1777.5,0
2020-05-31 03:59:00,3,34,21.8,80,10.0,1015.5,1.4,1.7,15,1777.5,0
2020-05-31 04:02:00,3,34,21.8,80,10.0,1015.4,0.7,1.0,14,1777.5,0
2020-05-31 04:05:00,3,34,21.8,80,10.0,1015.4,0.7,1.0,14,1777.5,0
2020-05-31 04:08:00,3,34,21.8,80,10.2,1015.4,0.7,1.0,0,1777.5,0
2020-05-31 04:11:00,3,34,21.8,80,10.2,1015.4,1.4,1.7,2,1777.5,0
2020-05-31 04:14:00,3,34,21.8,80,10.3,1015.4,1.4,1.7,0,1777.5,0
2020-05-31 04:17:00,3,34,21.8,79,10.3,1015.4,0.7,1.4,14,1777.5,0
2020-05-31 04:20:00,3,34,21.8,79,10.4,1015.4,0.7,1.4,0,1777.5,0
2020-05-31 04:23:00,3,34,21.8,79,10.5,1015.4,1.4,2.0,14,1777.5,0
2020-05-31 04:26:00,3,34,21.8,78,10.5,1015.4,0.7,1.0,12,1777.5,0
2020-05-31 04:29:00,3,34,21.8,78,10.6,1015.5,2.4,3.1,0,1777.5,0
2020-05-31 04:32:00,3,34,21.9,78,10.7,1015.6,1.7,2.0,0,1777.5,0
2020-05-31 04:35:00,3,35,21.8,77,10.8,1015.5,1.0,1.7,0,1777.5,0
2020-05-31 04:38:00,3,34,21.9,77,10.9,1015.6,1.4,1.7,0,1777.5,0
2020-05-31 04:41:00,3,35,21.9,77,11.0,1015.5,0.7,1.4,13,1777.5,0
2020-05-31 04:44:00,3,35,21.9,76,11.1,1015.5,0.3,1.0,14,1777.5,0
2020-05-31 04:47:00,3,35,21.9,76,11.2,1015.4,0.7,1.0,12,1777.5,0
2020-05-31 04:50:00,3,35,21.9,75,11.2,1015.5,1.7,2.4,0,1777.5,0
2020-05-31 04:53:00,3,35,21.9,75,11.2,1015.6,1.0,1.7,2,1777.5,0
2020-05-31 04:56:00,3,35,21.9,75,11.3,1015.5,0.7,1.0,0,1777.5,0
2020-05-31 04:59:00,3,35,21.9,75,11.3,1015.5,1.0,1.4,0,1777.5,0
2020-05-31 05:02:00,3,35,21.9,75,11.4,1015.6,1.0,1.4,0,1777.5,0
2020-05-31 05:05:00,3,35,21.9,74,11.4,1015.7,1.0,1.4,2,1777.5,0
2020-05-31 05:08:00,3,35,21.9,74,11.5,1015.6,0.7,1.0,2,1777.5,0
2020-05-31 05:11:00,3,35,21.9,74,11.6,1015.5,0.7,1.4,2,1777.5,0
2020-05-31 05:14:00,3,35,21.9,74,11.6,1015.5,1.0,1.7,14,1777.5,0
2020-05-31 05:17:00,3,35,21.9,74,11.7,1015.5,1.4,2.0,0,1777.5,0
2020-05-31 05:20:00,3,35,21.9,74,11.8,1015.7,1.7,2.0,14,1777.5,0
2020-05-31 05:23:00,3,34,22.0,74,11.9,1015.5,1.7,2.4,0,1777.5,0
2020-05-31 05:26:00,3,34,22.0,74,12.0,1015.6,1.4,1.7,5,1777.5,0
2020-05-31 05:29:00,3,34,22.0,73,12.1,1015.6,0.7,1.0,12,1777.5,0
2020-05-31 05:32:00,3,34,22.0,73,12.2,1015.7,1.0,1.4,12,1777.5,0
2020-05-31 05:35:00,3,34,22.0,73,12.2,1015.6,1.4,2.0,8,1777.5,0
2020-05-31 05:38:00,3,34,22.0,73,12.3,1015.6,1.7,2.4,0,1777.5,0
2020-05-31 05:41:00,3,34,22.0,73,12.3,1015.7,0.7,1.4,0,1777.5,0
2020-05-31 05:44:00,3,34,22.1,73,12.3,1015.7,1.4,2.7,13,1777.5,0
2020-05-31 05:47:00,3,34,22.1,73,12.4,1015.6,1.4,1.7,6,1777.5,0
2020-05-31 05:50:00,3,34,22.1,73,12.4,1015.6,2.0,2.7,0,1777.5,0
2020-05-31 05:53:00,3,34,22.1,71,12.5,1015.7,2.4,3.1,0,1777.5,0
2020-05-31 05:56:00,3,34,22.1,70,12.5,1015.6,1.4,2.4,14,1777.5,0
2020-05-31 05:59:00,3,34,22.1,70,12.5,1015.6,0,0.7,0,1777.5,0
2020-05-31 06:02:00,3,34,22.1,71,12.5,1015.6,1.0,1.7,12,1777.5,0
2020-05-31 06:05:00,3,34,22.1,71,12.5,1015.6,1.0,1.7,12,1777.5,0
2020-05-31 06:08:00,3,34,22.1,71,12.7,1015.7,1.4,1.7,14,1777.5,0
2020-05-31 06:11:00,3,34,22.1,70,12.6,1015.7,1.0,2.0,0,1777.5,0
2020-05-31 06:14:00,3,34,22.1,70,12.7,1015.5,1.0,1.4,15,1777.5,0
2020-05-31 06:17:00,3,34,22.1,71,12.8,1015.6,1.0,1.4,14,1777.5,0
2020-05-31 06:20:00,3,34,22.1,70,12.8,1015.7,2.0,2.7,0,1777.5,0
2020-05-31 06:23:00,3,34,22.1,70,12.8,1015.7,1.7,2.0,14,1777.5,0
2020-05-31 06:26:00,3,34,22.1,70,12.8,1015.7,1.0,1.7,14,1777.5,0
2020-05-31 06:29:00,3,35,22.1,70,12.8,1015.8,2.0,2.7,14,1777.5,0
2020-05-31 06:32:00,3,35,22.1,70,12.8,1015.8,2.7,4.1,2,1777.5,0
2020-05-31 06:35:00,3,35,22.2,70,12.8,1015.8,2.4,2.7,0,1777.5,0
2020-05-31 06:38:00,3,35,22.2,70,12.8,1015.8,1.4,1.7,0,1777.5,0
2020-05-31 06:41:00,3,35,22.2,70,12.8,1015.7,1.4,1.7,0,1777.5,0
2020-05-31 06:44:00,3,36,22.2,70,12.8,1015.8,1.0,1.4,0,1777.5,0
2020-05-31 06:47:00,3,37,22.3,71,12.9,1015.8,1.4,2.0,0,1777.5,0
2020-05-31 06:50:00,3,37,22.3,71,13.0,1015.8,2.0,2.7,2,1777.5,0
2020-05-31 06:53:00,3,37,22.5,70,13.0,1015.8,1.0,1.4,14,1777.5,0
2020-05-31 06:56:00,3,36,22.6,70,13.1,1015.8,1.7,2.4,14,1777.5,0
2020-05-31 06:59:00,3,36,22.7,70,13.1,1015.8,2.4,3.4,0,1777.5,0
2020-05-31 07:02:00,3,36,22.9,70,13.1,1015.8,1.4,2.0,2,1777.5,0
2020-05-31 07:05:00,3,35,23.0,70,13.2,1015.9,1.7,2.4,14,1777.5,0
2020-05-31 07:08:00,3,35,23.1,70,13.3,1015.9,1.4,1.7,1,1777.5,0
2020-05-31 07:11:00,3,35,23.2,70,13.4,1015.9,1.0,1.7,0,1777.5,0
2020-05-31 07:14:00,3,35,23.4,70,13.5,1015.9,1.4,3.1,0,1777.5,0
2020-05-31 07:17:00,3,35,23.4,70,13.6,1016.0,0.7,1.0,0,1777.5,0
2020-05-31 07:20:00,3,35,23.6,70,13.7,1016.0,2.0,2.7,0,1777.5,0
2020-05-31 07:23:00,3,35,23.7,69,13.8,1016.0,0.7,0.7,0,1777.5,0
2020-05-31 07:26:00,3,35,23.8,69,13.8,1015.9,1.0,1.7,14,1777.5,0
2020-05-31 07:29:00,3,34,23.8,69,13.8,1016.0,2.0,3.4,14,1777.5,0
2020-05-31 07:32:00,3,33,24.0,68,13.8,1016.0,3.4,4.4,0,1777.5,0
2020-05-31 07:35:00,3,33,24.1,68,13.8,1016.0,1.7,2.0,6,1777.5,0
2020-05-31 07:38:00,3,33,24.2,69,14.0,1016.0,0.7,1.0,0,1777.5,0
2020-05-31 07:41:00,3,33,24.3,69,14.5,1016.1,1.7,2.4,0,1777.5,0
2020-05-31 07:44:00,3,33,24.4,67,14.7,1016.1,1.0,1.4,12,1777.5,0
2020-05-31 07:47:00,3,33,24.5,66,14.9,1016.1,1.0,1.4,1,1777.5,0
2020-05-31 07:50:00,3,33,24.6,66,14.9,1016.1,0.7,1.0,14,1777.5,0
2020-05-31 07:53:00,3,33,24.7,65,15.1,1015.9,1.0,2.0,11,1777.5,0
2020-05-31 07:56:00,3,32,24.7,65,15.1,1016.0,2.7,3.4,14,1777.5,0
2020-05-31 07:59:00,3,32,24.9,64,15.2,1016.1,0.7,1.4,0,1777.5,0
2020-05-31 08:02:00,3,31,25.0,65,15.2,1016.0,2.0,2.7,14,1777.5,0
2020-05-31 08:05:00,3,31,25.0,65,15.2,1016.1,2.0,2.7,14,1777.5,0
2020-05-31 08:08:00,3,31,25.1,63,15.3,1016.1,1.7,2.0,14,1777.5,0
2020-05-31 08:11:00,3,31,25.1,63,15.3,1016.2,2.4,3.1,2,1777.5,0
2020-05-31 08:14:00,3,31,25.2,63,15.4,1016.2,1.0,1.7,14,1777.5,0
2020-05-31 08:17:00,3,31,25.2,63,15.5,1016.3,1.4,1.7,2,1777.5,0
2020-05-31 08:20:00,3,31,25.2,63,15.6,1016.3,1.4,2.0,14,1777.5,0
2020-05-31 08:23:00,3,31,25.2,63,15.8,1016.3,2.7,3.1,0,1777.5,0
2020-05-31 08:26:00,3,31,25.2,62,15.7,1016.3,1.4,2.4,2,1777.5,0
2020-05-31 08:29:00,3,31,25.2,62,15.7,1016.4,1.0,1.7,14,1777.5,0
2020-05-31 08:32:00,3,31,25.3,62,15.5,1016.2,1.0,2.0,2,1777.5,0
2020-05-31 08:35:00,3,31,25.3,63,15.5,1016.3,1.7,2.4,0,1777.5,0
2020-05-31 08:38:00,3,31,25.4,63,15.7,1016.3,1.0,1.7,14,1777.5,0
2020-05-31 08:40:59,3,31,25.3,63,15.8,1016.3,1.7,2.0,14,1777.5,0
2020-05-31 08:43:59,3,31,25.3,62,15.9,1016.2,1.7,2.4,2,1777.5,0
2020-05-31 08:46:59,3,31,25.3,62,15.9,1016.3,1.4,2.0,14,1777.5,0
2020-05-31 08:49:59,3,31,25.3,62,16.0,1016.2,2.0,2.7,0,1777.5,0
2020-05-31 08:52:59,3,31,25.2,62,16.1,1016.3,1.4,1.7,0,1777.5,0
2020-05-31 08:55:59,3,31,25.2,61,16.1,1016.2,1.7,2.0,0,1777.5,0
2020-05-31 08:58:59,3,31,25.2,61,16.1,1016.2,2.0,2.7,0,1777.5,0
2020-05-31 09:01:59,3,31,25.2,61,16.1,1016.0,2.0,3.1,14,1777.5,0
2020-05-31 09:04:59,3,31,25.2,61,16.1,1016.1,1.7,2.4,2,1777.5,0
2020-05-31 09:07:59,3,31,25.2,61,16.3,1016.0,1.4,1.7,12,1777.5,0
2020-05-31 09:10:59,3,31,25.2,61,16.4,1016.1,2.4,3.4,4,1777.5,0
2020-05-31 09:13:59,3,31,25.2,61,16.4,1016.0,1.7,2.0,2,1777.5,0
2020-05-31 09:16:59,3,31,25.2,60,16.3,1016.1,2.0,3.1,14,1777.5,0
2020-05-31 09:19:59,3,31,25.1,61,16.4,1016.0,1.7,2.0,14,1777.5,0
2020-05-31 09:22:59,3,31,25.1,60,16.6,1016.0,3.1,4.1,2,1777.5,0
2020-05-31 09:25:59,3,31,25.0,60,16.6,1015.9,1.7,2.0,14,1777.5,0
2020-05-31 09:28:59,3,32,24.9,60,16.7,1016.0,2.7,3.1,12,1777.5,0
2020-05-31 09:31:59,3,32,24.9,60,16.8,1016.0,1.0,1.7,14,1777.5,0
2020-05-31 09:34:59,3,32,24.8,60,17.0,1015.9,2.0,2.7,12,1777.5,0
2020-05-31 09:37:59,3,33,24.8,60,17.3,1015.8,1.4,2.7,12,1777.5,0
2020-05-31 09:40:59,3,33,24.7,56,17.9,1015.9,1.0,1.0,6,1777.5,0
2020-05-31 09:43:59,3,33,24.7,53,18.5,1015.7,1.4,1.7,4,1777.5,0
2020-05-31 09:46:59,3,33,24.6,52,19.1,1015.8,3.1,4.1,14,1777.5,0
2020-05-31 09:49:59,3,33,24.6,51,19.2,1015.8,2.4,3.4,14,1777.5,0
2020-05-31 09:52:59,3,33,24.6,50,19.3,1015.8,1.4,2.0,14,1777.5,0
2020-05-31 09:55:59,3,33,24.5,50,19.3,1015.8,1.7,3.4,2,1777.5,0
2020-05-31 09:58:59,3,33,24.4,50,19.5,1015.8,1.7,2.4,0,1777.5,0
2020-05-31 10:01:59,3,33,24.4,50,19.5,1015.8,1.7,2.4,14,1777.5,0
2020-05-31 10:04:59,3,33,24.4,50,19.5,1015.8,1.7,2.4,14,1777.5,0
2020-05-31 10:07:59,3,33,24.4,47,19.4,1015.7,3.4,4.8,0,1777.5,0
2020-05-31 10:10:59,3,33,24.4,49,19.5,1015.7,2.0,2.4,0,1777.5,0
2020-05-31 10:13:59,3,33,24.3,48,19.7,1015.7,2.0,3.1,14,1777.5,0
2020-05-31 10:16:59,3,34,24.3,47,20.1,1015.6,1.0,1.7,14,1777.5,0
2020-05-31 10:19:59,3,34,24.2,45,20.3,1015.7,2.7,4.4,0,1777.5,0
2020-05-31 10:22:59,3,34,24.2,45,20.4,1015.6,1.4,1.7,12,1777.5,0
2020-05-31 10:25:59,3,34,24.1,45,20.7,1015.7,2.0,3.1,2,1777.5,0
2020-05-31 10:28:59,3,34,24.1,43,20.6,1015.5,1.4,3.1,14,1777.5,0
2020-05-31 10:31:59,3,34,24.1,44,20.8,1015.5,1.4,2.7,0,1777.5,0
2020-05-31 10:34:59,3,34,24.1,43,20.9,1015.5,1.4,2.0,14,1777.5,0
2020-05-31 10:37:59,3,34,24.0,43,20.7,1015.6,3.1,3.7,0,1777.5,0
2020-05-31 10:40:59,3,34,24.0,43,20.4,1015.4,1.7,2.0,12,1777.5,0
2020-05-31 10:43:59,3,34,24.0,43,20.3,1015.5,4.4,6.8,0,1777.5,0
2020-05-31 10:46:59,3,34,24.0,44,20.5,1015.4,1.4,2.0,0,1777.5,0
2020-05-31 10:49:59,3,35,23.9,44,20.6,1015.4,2.7,3.7,14,1777.5,0
2020-05-31 10:52:59,3,35,23.8,44,20.9,1015.4,2.0,2.7,0,1777.5,0
2020-05-31 10:55:59,3,35,23.8,42,21.2,1015.3,1.7,2.0,0,1777.5,0
2020-05-31 10:58:59,3,35,23.8,41,21.3,1015.3,2.4,3.7,2,1777.5,0
2020-05-31 11:01:59,3,35,23.8,41,21.3,1015.2,2.0,2.7,0,1777.5,0
2020-05-31 11:04:59,3,35,23.7,41,21.6,1015.2,2.0,2.7,14,1777.5,0
2020-05-31 11:07:59,3,36,23.7,41,21.6,1015.2,1.7,2.7,14,1777.5,0
2020-05-31 11:10:59,3,36,23.7,40,21.5,1015.2,2.4,3.4,0,1777.5,0
2020-05-31 11:13:59,3,36,23.7,41,21.2,1015.2,3.7,4.8,0,1777.5,0
2020-05-31 11:16:59,3,36,23.6,41,21.3,1015.1,1.7,2.4,2,1777.5,0
2020-05-31 11:19:59,3,36,23.6,41,21.4,1015.2,3.7,4.4,2,1777.5,0
2020-05-31 11:22:59,3,36,23.6,41,21.6,1015.0,3.7,5.1,14,1777.5,0
2020-05-31 11:25:59,3,36,23.6,40,21.7,1015.1,4.4,6.8,14,1777.5,0
2020-05-31 11:28:59,3,36,23.6,41,21.7,1015.0,1.0,1.4,4,1777.5,0
2020-05-31 11:31:59,3,36,23.6,41,22.3,1015.1,1.0,2.0,0,1777.5,0
2020-05-31 11:34:59,3,36,23.6,40,22.4,1014.9,1.7,2.0,14,1777.5,0
2020-05-31 11:37:59,3,36,23.6,39,22.3,1015.0,3.7,4.4,12,1777.5,0
2020-05-31 11:40:59,3,36,23.6,37,22.2,1015.1,2.7,5.4,0,1777.5,0
2020-05-31 11:43:59,3,36,23.6,37,22.1,1015.1,1.7,3.1,2,1777.5,0
2020-05-31 11:46:59,3,36,23.5,39,21.9,1014.9,2.7,3.4,0,1777.5,0
2020-05-31 11:49:59,3,36,23.5,40,22.0,1014.8,1.7,2.0,0,1777.5,0
2020-05-31 11:52:59,3,36,23.5,40,22.3,1014.9,3.4,4.8,2,1777.5,0
2020-05-31 11:55:59,3,36,23.5,38,22.1,1015.0,4.8,5.8,2,1777.5,0
2020-05-31 11:58:59,3,36,23.5,37,22.0,1014.9,3.4,4.4,0,1777.5,0
2020-05-31 12:01:59,3,36,23.5,37,22.0,1015.0,1.7,2.4,4,1777.5,0
2020-05-31 12:04:59,3,36,23.5,37,22.0,1014.9,1.7,2.4,4,1777.5,0
2020-05-31 12:07:59,3,37,23.4,38,21.9,1014.8,4.1,6.1,8,1777.5,0
2020-05-31 12:10:59,3,37,23.4,38,21.7,1014.9,1.7,2.7,14,1777.5,0
2020-05-31 12:13:59,3,37,23.4,39,21.5,1014.9,1.7,2.7,0,1777.5,0
2020-05-31 12:16:59,3,37,23.4,40,21.5,1014.9,1.4,1.7,14,1777.5,0
2020-05-31 12:19:59,3,37,23.4,39,21.5,1015.0,3.4,4.8,2,1777.5,0
2020-05-31 12:22:59,3,37,23.4,39,21.5,1014.9,2.4,3.1,0,1777.5,0
2020-05-31 12:25:59,3,37,23.4,38,21.5,1014.9,3.1,4.4,0,1777.5,0
2020-05-31 12:28:59,3,37,23.4,39,21.6,1014.9,1.4,2.4,0,1777.5,0
2020-05-31 12:31:59,3,37,23.4,38,21.8,1014.8,2.7,3.7,0,1777.5,0
2020-05-31 12:34:59,3,37,23.4,37,21.6,1014.9,2.7,4.8,0,1777.5,0
2020-05-31 12:37:59,3,37,23.4,37,21.7,1014.9,3.1,3.7,12,1777.5,0
2020-05-31 12:40:59,3,37,23.4,39,22.0,1014.8,1.7,2.4,13,1777.5,0
2020-05-31 12:43:59,3,37,23.4,35,22.0,1014.9,2.7,3.7,0,1777.5,0
2020-05-31 12:46:59,3,37,23.4,35,21.7,1014.9,3.1,4.4,0,1777.5,0
2020-05-31 12:49:59,3,37,23.5,35,21.7,1014.9,2.4,3.1,14,1777.5,0
2020-05-31 12:52:59,3,37,23.5,36,21.8,1014.8,2.0,2.7,2,1777.5,0
2020-05-31 12:55:59,3,37,23.5,36,22.0,1014.8,3.1,4.1,0,1777.5,0
2020-05-31 12:58:59,3,37,23.6,34,22.1,1014.9,2.4,4.1,0,1777.5,0
2020-05-31 13:01:59,3,37,23.6,33,22.0,1014.8,3.4,4.8,0,1777.5,0
2020-05-31 13:04:59,3,37,23.6,34,21.9,1014.9,2.7,3.7,15,1777.5,0
2020-05-31 13:07:59,3,37,23.6,35,22.1,1014.8,1.4,2.0,14,1777.5,0
2020-05-31 13:10:59,3,37,23.6,34,22.3,1014.8,1.7,2.4,0,1777.5,0
2020-05-31 13:13:59,3,37,23.6,35,22.4,1014.8,1.0,1.7,0,1777.5,0
2020-05-31 13:16:59,3,37,23.6,32,22.6,1014.9,2.0,2.7,0,1777.5,0
2020-05-31 13:19:59,3,37,23.6,34,22.4,1014.9,1.7,2.0,0,1777.5,0
2020-05-31 13:22:59,3,37,23.6,35,22.3,1014.8,2.7,3.4,0,1777.5,0
2020-05-31 13:25:59,3,36,23.6,35,22.3,1014.8,2.0,2.7,0,1777.5,0
2020-05-31 13:28:59,3,36,23.6,36,22.4,1014.7,1.7,2.0,15,1777.5,0
2020-05-31 13:31:59,3,36,23.6,32,22.7,1014.8,2.7,4.1,2,1777.5,0
2020-05-31 13:34:59,3,36,23.6,32,22.5,1014.7,2.7,3.4,0,1777.5,0
2020-05-31 13:37:59,3,36,23.6,35,22.4,1014.7,4.8,5.4,14,1777.5,0
2020-05-31 13:40:59,3,36,23.6,36,22.3,1014.8,3.1,4.1,14,1777.5,0
2020-05-31 13:43:59,3,36,23.6,36,22.3,1014.8,2.7,3.7,2,1777.5,0
2020-05-31 13:46:59,3,36,23.6,37,22.3,1014.6,3.1,3.7,15,1777.5,0
2020-05-31 13:49:59,3,36,23.7,33,22.5,1014.8,2.7,3.4,14,1777.5,0
2020-05-31 13:52:59,3,36,23.7,33,22.6,1014.6,2.0,3.4,14,1777.5,0
2020-05-31 13:55:59,3,36,23.7,33,22.8,1014.7,1.7,2.0,0,1777.5,0
2020-05-31 13:58:59,3,36,23.7,32,22.8,1014.6,1.7,2.0,14,1777.5,0
2020-05-31 14:01:59,3,36,23.7,33,22.9,1014.7,0.7,1.4,2,1777.5,0
2020-05-31 14:04:59,3,36,23.7,33,22.9,1014.5,0.7,1.4,2,1777.5,0
2020-05-31 14:07:59,3,36,23.7,31,23.0,1014.6,2.4,3.4,10,1777.5,0
2020-05-31 14:10:59,3,36,23.7,32,23.2,1014.6,2.4,3.1,12,1777.5,0
2020-05-31 14:13:59,3,36,23.7,32,23.3,1014.6,3.1,4.1,0,1777.5,0
2020-05-31 14:16:59,3,36,23.7,32,23.0,1014.5,3.1,3.7,0,1777.5,0
2020-05-31 14:19:59,3,35,23.7,32,23.0,1014.5,1.7,2.4,14,1777.5,0
2020-05-31 14:22:59,3,35,23.8,33,23.3,1014.4,1.4,3.1,14,1777.5,0
2020-05-31 14:25:59,3,35,23.8,32,23.4,1014.6,3.4,5.1,12,1777.5,0
2020-05-31 14:28:59,3,35,23.8,32,23.3,1014.5,2.0,2.7,2,1777.5,0
2020-05-31 14:31:59,3,35,23.8,32,23.2,1014.4,3.1,3.7,2,1777.5,0
2020-05-31 14:34:59,3,35,23.8,32,23.2,1014.6,1.4,2.7,4,1777.5,0
2020-05-31 14:37:59,3,35,23.8,31,23.2,1014.6,2.7,3.7,0,1777.5,0
2020-05-31 14:40:59,3,35,23.8,31,23.1,1014.6,3.1,3.7,2,1777.5,0
2020-05-31 14:43:59,3,35,23.8,31,23.2,1014.6,1.0,1.7,12,1777.5,0
2020-05-31 14:46:59,3,35,23.8,31,23.4,1014.6,2.0,2.7,0,1777.5,0
2020-05-31 14:49:59,3,35,23.8,31,23.2,1014.6,3.4,3.7,14,1777.5,0
2020-05-31 14:52:59,3,35,23.8,31,23.1,1014.6,2.4,3.4,0,1777.5,0
2020-05-31 14:55:59,3,35,23.9,30,22.9,1014.6,2.4,3.1,0,1777.5,0
2020-05-31 14:58:59,3,35,23.9,31,23.0,1014.6,2.7,3.1,4,1777.5,0
2020-05-31 15:01:59,3,35,23.9,30,22.9,1014.6,3.4,5.4,2,1777.5,0
2020-05-31 15:04:59,3,34,24.0,30,22.9,1014.5,3.7,4.8,2,1777.5,0
2020-05-31 15:07:59,3,34,24.0,30,23.1,1014.7,1.4,2.4,14,1777.5,0
2020-05-31 15:10:59,3,34,24.0,31,23.4,1014.6,3.1,4.1,0,1777.5,0
2020-05-31 15:13:59,3,34,24.0,31,23.4,1014.7,2.7,3.7,12,1777.5,0
2020-05-31 15:16:59,3,34,24.1,31,23.3,1014.8,1.4,1.7,14,1777.5,0
2020-05-31 15:19:59,3,34,24.1,31,23.1,1014.8,3.4,4.8,0,1777.5,0
2020-05-31 15:22:59,3,33,24.3,31,23.0,1014.9,2.7,3.7,0,1777.5,0
2020-05-31 15:25:59,3,33,24.4,30,23.0,1014.8,2.7,6.1,14,1777.5,0
2020-05-31 15:28:59,3,33,24.4,30,22.8,1014.7,2.0,3.4,2,1777.5,0
2020-05-31 15:31:59,3,33,24.6,30,22.5,1014.7,4.1,5.8,0,1777.5,0
2020-05-31 15:34:59,3,33,24.7,32,22.4,1014.9,1.7,2.4,12,1777.5,0
2020-05-31 15:37:59,3,32,24.7,32,22.3,1014.9,3.4,4.8,0,1777.5,0
2020-05-31 15:40:59,3,32,24.9,32,22.1,1014.8,3.7,4.8,14,1777.5,0
2020-05-31 15:43:59,3,31,25.0,32,22.2,1014.7,3.4,4.4,2,1777.5,0
2020-05-31 15:46:59,3,31,25.1,32,22.3,1014.9,1.7,3.1,0,1777.5,0
2020-05-31 15:49:59,3,31,25.2,32,22.2,1014.8,4.1,5.1,0,1777.5,0
2020-05-31 15:52:59,3,31,25.2,33,22.3,1014.7,2.0,2.4,14,1777.5,0
2020-05-31 15:55:59,3,31,25.2,34,22.4,1015.0,1.7,2.4,14,1777.5,0
2020-05-31 15:58:59,3,31,25.2,34,22.2,1014.8,3.1,4.1,2,1777.5,0
2020-05-31 16:01:59,3,30,25.3,34,22.2,1014.9,2.4,3.7,0,1777.5,0
2020-05-31 16:04:59,3,30,25.3,34,22.2,1015.0,2.4,3.7,0,1777.5,0
2020-05-31 16:07:59,3,30,25.3,32,22.1,1014.9,2.4,3.4,0,1777.5,0
2020-05-31 16:10:59,3,30,25.4,32,21.9,1015.0,4.1,7.5,14,1777.5,0
2020-05-31 16:13:59,3,30,25.4,33,21.8,1015.0,2.4,3.1,4,1777.5,0
2020-05-31 16:16:59,3,29,26.2,34,21.8,1014.9,1.7,2.4,0,1777.5,0
2020-05-31 16:19:59,3,29,26.2,34,22.0,1015.0,2.4,2.7,0,1777.5,0
2020-05-31 16:22:59,3,29,26.2,33,21.7,1015.0,4.1,5.4,12,1777.5,0
2020-05-31 16:25:59,3,29,26.2,35,21.5,1015.1,4.1,6.1,2,1777.5,0
2020-05-31 16:28:59,3,29,26.2,37,21.3,1015.1,2.4,3.7,0,1777.5,0
2020-05-31 16:31:59,3,29,26.3,37,21.4,1015.2,1.4,2.0,4,1777.5,0
2020-05-31 16:34:59,3,29,26.4,37,21.3,1015.2,3.1,5.1,0,1777.5,0
2020-05-31 16:37:59,3,29,26.5,37,21.3,1015.3,1.7,2.0,14,1777.5,0
2020-05-31 16:40:59,3,29,26.5,37,21.5,1015.4,2.0,3.1,0,1777.5,0
2020-05-31 16:43:59,3,29,26.5,37,21.4,1015.3,3.4,3.7,2,1777.5,0
2020-05-31 16:46:59,3,29,26.6,38,21.2,1015.4,2.7,3.7,12,1777.5,0
2020-05-31 16:49:59,3,29,26.6,39,21.3,1015.3,2.0,3.7,0,1777.5,0
2020-05-31 16:52:59,3,29,26.7,39,21.1,1015.5,1.0,1.7,2,1777.5,0
2020-05-31 16:55:59,3,29,26.8,40,21.0,1015.5,1.4,2.0,0,1777.5,0
2020-05-31 16:58:59,3,29,26.8,40,21.1,1015.5,2.7,3.7,2,1777.5,0
2020-05-31 17:01:59,3,29,26.8,40,21.1,1015.5,1.7,2.0,0,1777.5,0
2020-05-31 17:04:59,3,29,26.9,40,21.2,1015.5,3.4,4.4,0,1777.5,0
2020-05-31 17:07:59,3,29,26.9,38,20.7,1015.6,3.7,5.1,0,1777.5,0
2020-05-31 17:10:59,3,29,26.9,39,20.5,1015.5,3.1,5.1,2,1777.5,0
2020-05-31 17:13:59,3,29,26.9,38,20.5,1015.5,2.4,3.1,4,1777.5,0
2020-05-31 17:16:59,3,29,26.9,39,20.5,1015.5,2.0,3.4,0,1777.5,0
2020-05-31 17:19:59,3,29,26.8,40,20.5,1015.5,1.4,1.7,1,1777.5,0
2020-05-31 17:22:59,3,29,26.8,40,20.4,1015.5,2.0,3.1,0,1777.5,0
2020-05-31 17:25:59,3,29,26.8,39,20.1,1015.6,4.1,4.8,2,1777.5,0
2020-05-31 17:28:59,3,29,26.7,39,19.9,1015.4,2.4,3.4,0,1777.5,0
2020-05-31 17:31:59,3,29,26.6,39,20.0,1015.5,2.0,3.4,0,1777.5,0
2020-05-31 17:34:59,3,29,26.6,40,20.2,1015.7,1.7,3.1,0,1777.5,0
2020-05-31 17:37:59,3,29,26.6,40,20.2,1015.6,1.4,1.7,2,1777.5,0
2020-05-31 17:40:59,3,29,26.5,39,20.2,1015.7,2.7,3.4,12,1777.5,0
2020-05-31 17:43:59,3,29,26.5,39,20.1,1015.7,1.4,2.0,0,1777.5,0
2020-05-31 17:46:59,3,29,26.5,38,19.9,1015.7,2.7,3.7,0,1777.5,0
2020-05-31 17:49:59,3,29,26.4,38,19.9,1015.8,1.0,1.7,0,1777.5,0
2020-05-31 17:52:59,3,29,26.3,38,19.6,1015.9,3.7,4.8,2,1777.5,0
2020-05-31 17:55:59,3,29,26.2,38,19.4,1015.8,2.4,3.4,0,1777.5,0
2020-05-31 17:58:59,3,29,26.2,38,19.1,1016.0,4.4,7.1,0,1777.5,0
2020-05-31 18:01:59,3,29,26.2,38,19.0,1015.9,3.7,4.8,12,1777.5,0
2020-05-31 18:04:59,3,29,26.2,38,19.0,1015.9,3.7,4.8,12,1777.5,0
2020-05-31 18:07:59,3,29,26.2,40,18.6,1015.9,1.4,1.7,4,1777.5,0
2020-05-31 18:10:59,3,29,26.2,40,18.5,1015.9,1.4,1.7,14,1777.5,0
2020-05-31 18:13:59,3,29,26.2,40,18.4,1016.0,1.4,2.4,0,1777.5,0
2020-05-31 18:16:59,3,29,26.2,39,18.2,1016.1,1.0,2.0,12,1777.5,0
2020-05-31 18:19:59,3,29,26.2,39,18.1,1016.0,2.0,3.1,0,1777.5,0
2020-05-31 18:22:59,3,29,26.2,39,17.9,1016.0,2.7,4.1,0,1777.5,0
2020-05-31 18:25:59,3,29,26.2,37,17.8,1016.1,2.4,3.4,0,1777.5,0
2020-05-31 18:28:59,3,30,25.4,36,17.7,1016.1,2.4,2.7,12,1777.5,0
2020-05-31 18:31:59,3,30,25.4,36,17.6,1016.2,1.4,2.4,0,1777.5,0
2020-05-31 18:34:59,3,30,25.4,36,17.5,1016.2,2.0,2.7,0,1777.5,0
2020-05-31 18:37:59,3,30,25.4,40,17.4,1016.2,3.1,3.7,14,1777.5,0
2020-05-31 18:40:59,3,30,25.4,40,17.3,1016.3,2.4,3.4,0,1777.5,0
2020-05-31 18:43:59,3,30,25.4,40,17.2,1016.3,2.4,3.1,0,1777.5,0
2020-05-31 18:46:59,3,30,25.3,41,17.1,1016.3,2.0,3.1,3,1777.5,0
2020-05-31 18:49:59,3,30,25.3,41,17.0,1016.4,2.0,2.7,14,1777.5,0
2020-05-31 18:52:59,3,30,25.3,41,16.9,1016.4,1.0,1.7,14,1777.5,0
2020-05-31 18:55:59,3,30,25.3,41,16.8,1016.5,1.7,2.4,0,1777.5,0
2020-05-31 18:58:59,3,30,25.3,42,16.6,1016.5,1.4,2.0,10,1777.5,0
2020-05-31 19:01:59,3,30,25.3,42,16.6,1016.5,1.7,3.1,12,1777.5,0
2020-05-31 19:04:59,3,30,25.3,43,16.4,1016.6,1.4,2.0,0,1777.5,0
2020-05-31 19:07:59,3,30,25.3,43,16.3,1016.6,1.4,1.7,0,1777.5,0
2020-05-31 19:10:59,3,30,25.2,44,16.2,1016.5,1.4,2.0,0,1777.5,0
2020-05-31 19:13:59,3,30,25.3,44,16.2,1016.5,1.0,1.7,14,1777.5,0
2020-05-31 19:16:59,3,30,25.3,45,16.1,1016.6,2.4,3.1,2,1777.5,0
2020-05-31 19:19:59,3,30,25.3,45,16.0,1016.7,1.0,1.7,14,1777.5,0
2020-05-31 19:22:59,3,30,25.3,45,15.9,1016.6,1.4,2.0,0,1777.5,0
2020-05-31 19:25:59,3,30,25.2,46,15.8,1016.7,1.4,1.7,14,1777.5,0
2020-05-31 19:28:59,3,30,25.2,47,15.7,1016.8,0.3,0.7,0,1777.5,0
2020-05-31 19:31:59,3,30,25.2,48,15.6,1016.8,1.0,1.7,0,1777.5,0
2020-05-31 19:34:59,3,30,25.2,49,15.5,1016.8,0.7,1.0,2,1777.5,0
2020-05-31 19:37:59,3,30,25.1,50,15.4,1016.8,0.7,1.4,12,1777.5,0
2020-05-31 19:40:59,3,30,25.1,50,15.3,1016.9,1.0,1.4,2,1777.5,0
2020-05-31 19:43:59,3,30,25.1,50,15.2,1016.9,1.0,1.4,14,1777.5,0
2020-05-31 19:46:59,3,30,25.1,51,15.2,1016.9,1.0,1.4,0,1777.5,0
2020-05-31 19:49:59,3,31,25.1,51,15.1,1017.0,1.7,2.4,4,1777.5,0
2020-05-31 19:52:59,3,31,25.1,52,15.0,1016.9,1.0,1.4,0,1777.5,0
2020-05-31 19:55:59,3,31,25.1,52,15.0,1016.9,0.7,1.0,0,1777.5,0
2020-05-31 19:58:59,3,31,25.0,52,14.9,1016.9,0.3,1.0,0,1777.5,0
2020-05-31 20:01:59,3,31,25.0,52,14.8,1016.9,0.7,1.0,12,1777.5,0
2020-05-31 20:04:59,3,31,25.0,52,14.8,1017.0,0.7,1.0,12,1777.5,0
2020-05-31 20:07:59,3,31,25.0,53,14.6,1017.0,0.7,1.4,0,1777.5,0
2020-05-31 20:10:59,3,31,25.0,54,14.5,1016.9,1.0,1.4,0,1777.5,0
2020-05-31 20:13:59,3,31,25.0,54,14.4,1016.9,1.0,1.0,0,1777.5,0
2020-05-31 20:16:59,3,31,25.0,54,14.4,1016.9,0.3,0.7,0,1777.5,0
2020-05-31 20:19:59,3,31,25.0,55,14.3,1017.0,1.7,2.0,0,1777.5,0
2020-05-31 20:22:59,3,32,24.8,55,14.2,1017.0,1.0,1.4,0,1777.5,0
2020-05-31 20:25:59,3,32,24.8,55,14.2,1017.0,1.0,1.4,0,1777.5,0
2020-05-31 20:28:59,3,32,24.8,55,14.1,1017.1,0.7,1.0,2,1777.5,0
2020-05-31 20:31:59,3,32,24.8,56,14.1,1017.0,1.4,1.7,0,1777.5,0
2020-05-31 20:34:59,3,32,24.8,56,14.0,1017.1,1.4,1.7,0,1777.5,0
2020-05-31 20:37:59,3,32,24.8,56,14.0,1017.1,1.0,1.4,1,1777.5,0
2020-05-31 20:40:59,3,32,24.8,56,14.0,1017.1,1.0,1.4,2,1777.5,0
2020-05-31 20:43:59,3,32,24.8,56,13.9,1017.1,0.7,1.0,15,1777.5,0
2020-05-31 20:46:59,3,32,24.7,56,13.8,1017.1,1.0,1.7,6,1777.5,0
2020-05-31 20:49:59,3,32,24.7,56,13.8,1017.1,1.0,1.4,12,1777.5,0
2020-05-31 20:52:59,3,32,24.7,57,13.7,1017.0,0.3,1.0,0,1777.5,0
2020-05-31 20:55:59,3,32,24.7,57,13.6,1017.0,1.0,1.4,2,1777.5,0
2020-05-31 20:58:59,3,32,24.7,57,13.6,1017.1,0.7,1.4,2,1777.5,0
2020-05-31 21:01:59,3,32,24.7,58,13.6,1017.0,1.7,3.4,0,1777.5,0
2020-05-31 21:04:59,3,32,24.6,58,13.6,1017.1,0.7,1.0,12,1777.5,0
2020-05-31 21:07:59,3,32,24.5,58,13.5,1017.1,0.7,1.0,0,1777.5,0
2020-05-31 21:10:59,3,32,24.5,58,13.4,1017.1,1.4,1.7,15,1777.5,0
2020-05-31 21:13:59,3,32,24.5,58,13.4,1017.1,0,0,0,1777.5,0
2020-05-31 21:16:59,3,32,24.4,58,13.3,1017.1,1.0,1.4,0,1777.5,0
2020-05-31 21:19:59,3,32,24.4,59,13.2,1017.3,0.7,1.0,0,1777.5,0
2020-05-31 21:22:59,3,32,24.4,59,13.2,1017.2,0.7,1.0,0,1777.5,0
2020-05-31 21:25:59,3,32,24.4,59,13.1,1017.2,0.7,1.4,14,1777.5,0
2020-05-31 21:28:59,3,32,24.4,59,13.0,1017.2,0.7,1.4,14,1777.5,0
2020-05-31 21:31:59,3,32,24.4,60,12.9,1017.4,0.7,1.0,0,1777.5,0
2020-05-31 21:34:59,3,32,24.4,60,12.8,1017.4,0.7,1.0,0,1777.5,0
2020-05-31 21:37:59,3,32,24.4,60,12.8,1017.3,0,0,2,1777.5,0
2020-05-31 21:40:59,3,32,24.4,60,12.7,1017.3,0,0.3,14,1777.5,0
2020-05-31 21:43:59,3,32,24.4,61,12.6,1017.4,0.3,0.7,0,1777.5,0
2020-05-31 21:46:59,3,32,24.3,61,12.5,1017.4,0.7,1.4,0,1777.5,0
2020-05-31 21:49:59,3,32,24.3,61,12.5,1017.4,0,0.3,0,1777.5,0
2020-05-31 21:52:59,3,32,24.3,64,12.4,1017.4,0,0,12,1777.5,0
2020-05-31 21:55:59,3,32,24.3,65,12.3,1017.6,0,0.3,0,1777.5,0
2020-05-31 21:58:59,3,32,24.3,65,12.2,1017.6,0.3,1.0,14,1777.5,0
2020-05-31 22:01:59,3,32,24.3,65,12.2,1017.6,0,0,12,1777.5,0
2020-05-31 22:04:59,3,32,24.3,65,12.2,1017.6,0,0,12,1777.5,0
2020-05-31 22:07:59,3,32,24.2,67,12.0,1017.6,0.7,1.0,0,1777.5,0
2020-05-31 22:10:59,3,32,24.2,67,11.9,1017.7,0.3,0.7,0,1777.5,0
2020-05-31 22:13:59,3,32,24.2,67,11.9,1017.6,0,0,0,1777.5,0
2020-05-31 22:16:59,3,32,24.1,67,11.8,1017.7,0,0,14,1777.5,0
2020-05-31 22:19:59,3,32,24.1,68,11.7,1017.6,0.7,1.0,2,1777.5,0
2020-05-31 22:22:59,3,32,24.1,70,11.7,1017.7,0.3,0.7,0,1777.5,0
2020-05-31 22:25:59,3,32,24.1,70,11.7,1017.6,1.0,1.4,0,1777.5,0
2020-05-31 22:28:59,3,32,24.1,70,11.7,1017.6,0.7,1.4,6,1777.5,0
2020-05-31 22:31:59,3,32,24.1,70,11.6,1017.6,1.0,1.7,0,1777.5,0
2020-05-31 22:34:59,3,32,24.1,70,11.6,1017.7,1.7,2.4,2,1777.5,0
2020-05-31 22:37:59,3,32,24.1,70,11.6,1017.5,0.7,1.0,0,1777.5,0
2020-05-31 22:40:59,3,32,24.1,71,11.6,1017.7,0.7,1.4,2,1777.5,0
2020-05-31 22:43:59,3,32,24.1,71,11.5,1017.7,0.7,1.0,12,1777.5,0
2020-05-31 22:46:59,3,32,24.1,71,11.5,1017.6,1.0,1.4,2,1777.5,0
2020-05-31 22:49:59,3,32,24.0,71,11.4,1017.6,0.3,0.3,12,1777.5,0
2020-05-31 22:52:59,3,32,24.0,71,11.4,1017.6,1.4,1.7,2,1777.5,0
2020-05-31 22:55:59,3,32,24.0,71,11.3,1017.7,0.7,1.0,0,1777.5,0
2020-05-31 22:58:59,3,32,24.0,71,11.3,1017.6,0.3,0.7,2,1777.5,0
2020-05-31 23:01:59,3,32,24.0,71,11.2,1017.6,0,0,2,1777.5,0
2020-05-31 23:04:59,3,32,24.0,71,11.1,1017.7,1.4,1.7,4,1777.5,0
2020-05-31 23:07:59,3,32,24.0,72,11.1,1017.6,0,0,2,1777.5,0
2020-05-31 23:10:59,3,32,24.0,72,11.0,1017.7,0,0,0,1777.5,0
2020-05-31 23:13:59,3,33,23.9,72,10.9,1017.7,0,0,14,1777.5,0
2020-05-31 23:16:59,3,33,23.9,72,10.9,1017.7,0,0.3,8,1777.5,0
2020-05-31 23:19:59,3,33,23.9,73,10.9,1017.7,0.3,0.7,0,1777.5,0
2020-05-31 23:22:59,3,33,23.9,73,10.8,1017.8,1.0,1.7,0,1777.5,0
2020-05-31 23:25:59,3,33,23.8,73,10.8,1017.7,0.7,1.0,14,1777.5,0
2020-05-31 23:28:59,3,33,23.8,73,10.7,1017.7,1.0,1.4,14,1777.5,0
2020-05-31 23:31:59,3,33,23.8,74,10.7,1017.7,0.3,0.7,0,1777.5,0
2020-05-31 23:34:59,3,33,23.8,74,10.6,1017.7,1.4,1.7,0,1777.5,0
2020-05-31 23:37:59,3,33,23.8,74,10.6,1017.7,0.3,0.7,14,1777.5,0
2020-05-31 23:40:59,3,33,23.8,74,10.5,1017.6,1.4,2.0,0,1777.5,0
2020-05-31 23:43:59,3,33,23.8,75,10.5,1017.6,1.0,1.4,0,1777.5,0
2020-05-31 23:46:59,3,33,23.8,75,10.5,1017.7,0,0.3,0,1777.5,0
2020-05-31 23:49:59,3,33,23.8,75,10.4,1017.6,0,0.3,4,1777.5,0
2020-05-31 23:52:59,3,33,23.8,75,10.4,1017.7,0.3,0.7,0,1777.5,0
2020-05-31 23:55:59,3,33,23.8,76,10.3,1017.7,0,0,0,1777.5,0
2020-05-31 23:58:59,3,33,23.8,76,10.3,1017.7,1.0,1.4,0,1777.5,0
