2020-05-11 00:00:59,3,36,24.4,91,14.3,998.6,1.7,2.0,0,1759.5,0
2020-05-11 00:03:59,3,36,24.4,91,14.3,998.5,1.7,2.0,0,1759.5,0
2020-05-11 00:06:59,3,36,24.4,89,14.1,998.5,1.0,1.4,2,1759.5,0
2020-05-11 00:09:59,3,36,24.5,89,14.1,998.6,1.0,3.4,10,1759.5,0
2020-05-11 00:12:59,3,36,24.5,88,14.0,998.5,1.0,1.4,12,1759.5,0
2020-05-11 00:15:59,3,36,24.5,88,13.8,998.7,1.4,1.7,0,1759.5,0
2020-05-11 00:18:59,3,36,24.4,87,13.6,998.8,1.0,1.7,14,1759.5,0
2020-05-11 00:21:59,3,36,24.4,86,13.4,998.8,1.7,2.0,14,1759.5,0
2020-05-11 00:24:59,3,36,24.3,86,13.3,998.9,1.7,2.7,12,1759.5,0
2020-05-11 00:27:59,3,36,24.3,85,13.0,999.0,0.7,1.0,14,1759.5,0
2020-05-11 00:30:59,3,36,24.3,84,12.8,999.0,2.0,3.1,14,1759.5,0
2020-05-11 00:33:59,3,36,24.3,83,12.6,999.0,1.4,2.4,14,1759.5,0
2020-05-11 00:36:59,3,36,24.3,86,12.3,999.0,1.4,2.4,0,1759.5,0
2020-05-11 00:39:59,3,36,24.3,85,12.2,999.1,1.7,2.4,0,1759.5,0
2020-05-11 00:42:59,3,36,24.3,85,12.0,999.0,1.4,1.7,14,1759.5,0
2020-05-11 00:45:59,3,36,24.3,85,11.9,999.1,1.4,2.0,4,1759.5,0
2020-05-11 00:48:59,3,36,24.3,85,11.7,999.1,1.7,2.7,2,1759.5,0
2020-05-11 00:51:59,3,36,24.3,84,11.5,999.2,2.0,3.1,6,1759.5,0
2020-05-11 00:54:59,3,36,24.2,83,11.4,999.1,1.7,2.4,0,1759.5,0
2020-05-11 00:57:59,3,36,24.2,82,11.3,999.1,2.4,3.1,14,1759.5,0
2020-05-11 01:00:59,3,36,24.2,81,11.1,999.2,2.0,3.4,0,1759.5,0
2020-05-11 01:03:59,3,36,24.1,81,11.0,999.3,2.4,3.4,0,1759.5,0
2020-05-11 01:06:59,3,36,24.1,80,11.0,999.4,1.0,1.4,14,1759.5,0
2020-05-11 01:09:59,3,36,24.1,80,10.9,999.6,1.4,2.0,14,1759.5,0
2020-05-11 01:12:59,3,36,24.1,80,10.9,999.6,1.4,2.4,13,1759.5,0
2020-05-11 01:15:59,3,36,24.1,80,10.8,999.8,2.4,3.7,2,1759.5,0
2020-05-11 01:18:59,3,36,24.1,81,10.7,999.7,0.7,1.0,12,1759.5,0
2020-05-11 01:21:59,3,36,24.1,81,10.6,999.7,1.0,1.4,14,1759.5,0
2020-05-11 01:24:59,3,36,24.1,81,10.5,999.9,1.0,1.7,0,1759.5,0
2020-05-11 01:27:59,3,36,24.1,81,10.4,1000.0,0.7,1.4,0,1759.5,0
2020-05-11 01:30:59,3,36,24.1,82,10.3,1000.0,1.0,2.0,15,1759.5,0
2020-05-11 01:33:59,3,36,24.1,83,10.2,999.8,1.4,2.0,12,1759.5,0
2020-05-11 01:36:59,3,36,24.1,84,10.1,999.8,1.7,2.4,2,1759.8,0
2020-05-11 01:39:59,3,35,24.1,84,9.9,999.7,1.4,2.0,12,1759.8,0
2020-05-11 01:42:59,3,35,24.1,83,9.8,999.7,1.4,1.7,0,1759.8,0
2020-05-11 01:45:59,3,35,24.1,83,9.7,999.7,0.7,1.0,14,1759.8,0
2020-05-11 01:48:59,3,35,24.0,84,9.6,999.7,1.4,1.7,14,1759.8,0
2020-05-11 01:51:59,3,35,24.0,84,9.5,999.8,1.0,1.7,0,1759.8,0
2020-05-11 01:54:59,3,35,24.0,84,9.5,999.8,1.4,2.4,0,1759.8,0
2020-05-11 01:57:59,3,35,24.0,83,9.4,999.8,1.0,1.4,0,1759.8,0
2020-05-11 02:00:59,3,35,24.0,83,9.4,999.9,1.0,1.4,14,1759.8,0
2020-05-11 02:03:59,3,35,24.0,83,9.4,999.7,1.0,1.4,14,1759.8,0
2020-05-11 02:06:59,3,35,24.0,84,9.4,999.8,1.4,1.7,0,1759.8,0
2020-05-11 02:09:59,3,35,24.0,84,9.4,999.8,1.0,1.4,0,1759.8,0
2020-05-11 02:12:59,3,35,24.0,84,9.3,999.8,0.7,1.4,13,1759.8,0
2020-05-11 02:15:59,3,36,23.9,84,9.3,999.9,0.7,1.0,0,1759.8,0
2020-05-11 02:18:59,3,36,23.9,85,9.3,999.6,0.3,0.7,14,1759.8,0
2020-05-11 02:21:59,3,36,23.8,85,9.3,999.7,1.0,1.7,13,1759.8,0
2020-05-11 02:24:59,3,36,23.8,85,9.3,999.6,0,0.3,12,1759.8,0
2020-05-11 02:27:59,3,36,23.8,85,9.3,999.6,1.4,1.7,15,1759.8,0
2020-05-11 02:30:59,3,36,23.8,86,9.3,999.5,0.3,0.7,0,1759.8,0
2020-05-11 02:33:59,3,36,23.8,86,9.2,999.6,0.7,1.4,12,1759.8,0
2020-05-11 02:36:59,3,36,23.8,86,9.2,999.6,0.7,1.0,14,1759.8,0
2020-05-11 02:39:59,3,36,23.8,86,9.2,999.5,1.0,1.4,14,1759.8,0
2020-05-11 02:42:59,3,36,23.8,86,9.2,999.5,2.0,3.4,14,1759.8,0
2020-05-11 02:45:59,3,36,23.8,85,9.1,999.5,1.0,1.7,0,1759.8,0
2020-05-11 02:48:59,3,36,23.8,84,9.1,999.6,1.0,1.4,12,1759.8,0
2020-05-11 02:51:59,3,36,23.8,84,9.1,999.5,1.4,1.7,0,1759.8,0
2020-05-11 02:54:59,3,36,23.8,83,9.0,999.6,1.4,1.7,12,1759.8,0
2020-05-11 02:57:59,3,36,23.7,83,9.0,999.7,1.7,2.0,14,1759.8,0
2020-05-11 03:00:59,3,36,23.7,82,9.0,999.7,1.4,2.0,0,1759.8,0
2020-05-11 03:03:59,3,36,23.7,82,9.0,999.7,1.0,1.4,0,1759.8,0
2020-05-11 03:06:59,3,36,23.7,81,8.9,999.7,1.0,1.7,0,1759.8,0
2020-05-11 03:09:59,3,36,23.7,81,8.9,999.7,0.7,1.0,15,1759.8,0
2020-05-11 03:12:59,3,36,23.7,81,8.9,999.7,1.4,2.0,0,1759.8,0
2020-05-11 03:15:59,3,36,23.7,80,8.8,999.9,1.0,1.0,12,1759.8,0
2020-05-11 03:18:59,3,36,23.7,80,8.8,999.9,0.7,1.4,14,1759.8,0
2020-05-11 03:21:59,3,36,23.7,79,8.8,1000.1,0.7,1.0,14,1759.8,0
2020-05-11 03:24:59,3,36,23.7,78,8.8,1000.0,2.4,3.1,0,1759.8,0
2020-05-11 03:27:59,3,36,23.6,76,8.8,1000.0,1.7,3.7,0,1760.1,0
2020-05-11 03:30:59,3,36,23.6,75,8.8,999.9,1.7,2.0,14,1760.1,0
2020-05-11 03:33:59,3,36,23.6,74,8.8,999.9,1.0,1.7,14,1760.1,0
2020-05-11 03:36:59,3,36,23.6,74,8.8,999.9,1.0,1.4,14,1760.1,0
2020-05-11 03:39:59,3,36,23.6,74,8.8,999.8,0.7,1.0,0,1760.1,0
2020-05-11 03:42:59,3,35,23.6,73,8.8,999.9,1.4,2.0,0,1760.1,0
2020-05-11 03:45:59,3,35,23.6,73,8.8,999.9,1.0,1.7,0,1760.1,0
2020-05-11 03:48:59,3,35,23.6,72,8.8,999.8,2.4,3.7,0,1760.1,0
2020-05-11 03:51:59,3,35,23.6,72,8.8,999.9,1.7,2.7,14,1760.1,0
2020-05-11 03:54:59,3,35,23.6,72,8.8,999.9,1.0,1.4,12,1760.1,0
2020-05-11 03:57:59,3,35,23.6,73,8.8,1000.0,1.0,2.7,0,1760.1,0
2020-05-11 04:00:59,3,35,23.5,73,8.8,1000.1,2.0,2.7,14,1760.1,0
2020-05-11 04:03:59,3,35,23.6,73,8.8,1000.0,2.0,2.7,14,1760.1,0
2020-05-11 04:06:59,3,35,23.6,73,8.8,1000.1,0.3,0.7,0,1760.1,0
2020-05-11 04:09:59,3,35,23.5,73,8.8,1000.2,0.7,1.0,0,1760.1,0
2020-05-11 04:12:59,3,35,23.6,74,8.8,1000.2,1.7,2.4,0,1760.1,0
2020-05-11 04:15:59,3,35,23.6,74,8.8,1000.2,1.0,1.7,14,1760.1,0
2020-05-11 04:18:59,3,35,23.6,72,8.7,1000.3,2.0,2.4,12,1760.1,0
2020-05-11 04:21:59,3,35,23.5,71,8.7,1000.4,1.4,2.0,14,1760.1,0
2020-05-11 04:24:59,3,35,23.5,70,8.7,1000.4,1.4,1.7,12,1760.1,0
2020-05-11 04:27:59,3,35,23.5,70,8.7,1000.5,1.7,2.4,0,1760.1,0
2020-05-11 04:30:59,3,35,23.5,70,8.6,1000.6,2.4,3.7,12,1760.1,0
2020-05-11 04:33:59,3,35,23.6,69,8.6,1000.5,1.4,1.4,12,1760.1,0
2020-05-11 04:36:59,3,35,23.6,67,8.6,1000.5,1.0,1.4,0,1760.1,0
2020-05-11 04:39:59,3,35,23.6,67,8.6,1000.6,1.0,1.4,0,1760.1,0
2020-05-11 04:42:59,3,35,23.6,66,8.5,1000.6,1.7,2.4,0,1760.1,0
2020-05-11 04:45:59,3,35,23.5,66,8.5,1000.6,1.4,2.7,14,1760.1,0
2020-05-11 04:48:59,3,35,23.5,65,8.5,1000.7,1.7,2.0,12,1760.1,0
2020-05-11 04:51:59,3,35,23.5,64,8.5,1000.7,1.4,1.7,0,1760.1,0
2020-05-11 04:54:59,3,35,23.5,64,8.4,1000.7,1.0,2.0,0,1760.1,0
2020-05-11 04:57:59,3,35,23.6,63,8.4,1000.7,1.7,2.4,0,1760.1,0
2020-05-11 05:00:59,3,35,23.6,63,8.4,1000.7,0.7,1.0,12,1760.1,0
2020-05-11 05:03:59,3,35,23.6,62,8.4,1000.7,1.4,2.0,2,1760.1,0
2020-05-11 05:06:59,3,35,23.6,63,8.4,1000.8,2.0,2.7,0,1760.1,0
2020-05-11 05:09:59,3,35,23.5,62,8.4,1000.8,1.4,1.7,0,1760.1,0
2020-05-11 05:12:59,3,35,23.5,62,8.4,1000.7,1.4,2.0,0,1760.1,0
2020-05-11 05:15:59,3,35,23.6,62,8.4,1000.7,1.0,1.4,14,1760.1,0
2020-05-11 05:18:59,3,35,23.6,62,8.4,1000.8,1.0,1.4,14,1760.1,0
2020-05-11 05:21:59,3,35,23.6,62,8.4,1000.8,1.0,1.7,14,1760.1,0
2020-05-11 05:24:59,3,35,23.6,62,8.4,1000.8,1.7,2.0,0,1760.1,0
2020-05-11 05:27:59,3,35,23.6,62,8.4,1001.0,2.7,3.7,14,1760.1,0
2020-05-11 05:30:59,3,35,23.6,62,8.3,1001.0,1.7,2.4,0,1760.1,0
2020-05-11 05:33:59,3,35,23.6,63,8.2,1001.0,3.1,3.7,14,1760.1,0
2020-05-11 05:36:59,3,35,23.7,64,8.2,1001.1,1.0,1.7,14,1760.1,0
2020-05-11 05:39:59,3,35,23.8,66,8.1,1001.2,1.4,2.0,14,1760.1,0
2020-05-11 05:42:59,3,33,24.1,67,8.0,1001.3,1.7,2.4,14,1760.1,0
2020-05-11 05:45:59,3,33,24.3,69,7.9,1001.5,1.4,1.4,0,1760.1,0
2020-05-11 05:48:59,3,33,24.5,70,7.7,1001.5,0.7,1.0,14,1760.1,0
2020-05-11 05:51:59,3,32,24.7,71,7.5,1001.5,0.7,1.4,12,1760.1,0
2020-05-11 05:54:59,3,31,25.0,79,7.3,1001.6,1.4,2.0,10,1760.1,0
2020-05-11 05:57:59,3,31,25.0,80,7.2,1001.8,1.0,1.7,14,1760.1,0
2020-05-11 06:00:59,3,31,25.1,81,7.1,1001.7,1.0,1.4,14,1760.1,0
2020-05-11 06:03:59,3,31,25.1,81,7.1,1001.7,1.0,1.4,14,1760.1,0
2020-05-11 06:06:59,3,31,25.2,83,6.8,1001.7,1.4,1.7,12,1760.1,0
2020-05-11 06:09:59,3,31,25.2,85,6.7,1001.7,0.7,1.0,0,1760.1,0
2020-05-11 06:12:59,3,30,25.3,86,6.7,1001.6,1.4,2.4,12,1760.1,0
2020-05-11 06:15:59,3,30,25.3,87,6.7,1001.5,1.0,1.7,0,1760.4,0
2020-05-11 06:18:59,3,30,25.4,88,6.6,1001.5,1.0,1.4,14,1760.4,0
2020-05-11 06:21:59,3,30,25.4,90,6.6,1001.5,1.4,1.7,0,1760.4,0
2020-05-11 06:24:59,3,30,25.4,90,6.6,1001.4,1.0,1.4,0,1760.4,0
2020-05-11 06:27:59,3,29,26.2,91,6.7,1001.6,1.4,2.0,14,1760.4,0
2020-05-11 06:30:59,3,29,26.2,91,6.7,1001.6,0.7,1.0,0,1760.4,0
2020-05-11 06:33:59,3,29,26.2,92,6.7,1001.6,1.0,1.4,14,1760.4,0
2020-05-11 06:36:59,3,29,26.2,92,6.7,1001.5,0.7,1.4,0,1760.4,0
2020-05-11 06:39:59,3,29,26.3,92,6.8,1001.6,0.7,0.7,14,1760.4,0
2020-05-11 06:42:59,3,29,26.3,93,6.9,1001.7,1.0,1.4,13,1760.4,0
2020-05-11 06:45:59,3,29,26.4,93,6.9,1001.8,1.4,2.0,0,1760.4,0
2020-05-11 06:48:59,3,29,26.5,93,6.9,1001.6,1.0,1.7,14,1760.4,0
2020-05-11 06:51:59,3,29,26.5,93,6.9,1001.8,1.0,1.7,0,1760.4,0
2020-05-11 06:54:59,3,28,26.5,94,6.9,1001.7,0.3,0.7,12,1760.4,0
2020-05-11 06:57:59,3,28,26.6,94,7.0,1001.9,1.0,1.4,2,1760.4,0
2020-05-11 07:00:59,3,28,26.6,94,7.0,1001.7,0.7,1.0,2,1760.4,0
2020-05-11 07:03:59,3,28,26.6,94,7.0,1001.7,0.7,1.4,0,1760.4,0
2020-05-11 07:06:59,3,28,26.7,94,7.1,1001.7,1.4,2.0,14,1760.4,0
2020-05-11 07:09:59,3,28,26.7,94,7.1,1001.6,1.0,1.0,14,1760.4,0
2020-05-11 07:12:59,3,27,26.8,94,7.0,1001.7,1.4,2.4,0,1760.4,0
2020-05-11 07:15:59,3,27,26.8,94,7.0,1001.6,1.0,1.4,0,1760.4,0
2020-05-11 07:18:59,3,27,26.8,94,7.0,1001.8,1.4,1.7,12,1760.4,0
2020-05-11 07:22:00,3,27,26.8,94,7.1,1001.8,0.7,1.4,0,1760.4,0
2020-05-11 07:25:00,3,27,26.9,94,7.1,1001.8,1.7,2.4,14,1760.4,0
2020-05-11 07:28:00,3,27,26.9,94,7.1,1001.7,1.0,1.4,12,1760.4,0
2020-05-11 07:31:00,3,26,26.9,94,7.1,1001.7,1.0,1.7,14,1760.4,0
2020-05-11 07:34:00,3,27,26.9,94,7.2,1001.7,2.4,3.1,0,1760.4,0
2020-05-11 07:37:00,3,25,27.0,94,7.2,1001.7,1.4,2.0,15,1760.4,0
2020-05-11 07:40:00,3,25,27.0,94,7.2,1001.7,1.0,1.7,14,1760.4,0
2020-05-11 07:43:00,3,25,27.0,94,7.2,1001.7,1.4,2.0,0,1760.4,0
2020-05-11 07:46:00,3,25,27.0,94,7.2,1001.8,1.4,2.4,12,1760.4,0
2020-05-11 07:49:00,3,26,26.7,94,7.2,1001.8,0.3,0.7,14,1760.4,0
2020-05-11 07:52:00,3,27,26.5,93,7.2,1001.8,1.7,2.4,12,1760.4,0
2020-05-11 07:55:00,3,28,26.3,93,7.2,1001.6,1.4,2.4,0,1760.4,0
2020-05-11 07:58:00,3,28,26.2,93,7.2,1001.7,0.3,0.7,15,1760.4,0
2020-05-11 08:01:00,3,29,26.2,93,7.3,1001.7,1.0,2.0,14,1760.4,0
2020-05-11 08:04:00,3,30,25.4,93,7.3,1001.7,1.0,2.0,14,1760.4,0
2020-05-11 08:07:00,3,30,25.4,93,7.3,1001.6,0.3,1.0,2,1760.4,0
2020-05-11 08:10:00,3,30,25.4,93,7.4,1001.7,0.7,1.4,0,1760.4,0
2020-05-11 08:13:00,3,30,25.4,93,7.4,1001.5,1.7,2.7,10,1760.4,0
2020-05-11 08:16:00,3,30,25.3,93,7.4,1001.6,1.0,1.4,15,1760.4,0
2020-05-11 08:19:00,3,30,25.3,93,7.4,1001.7,2.4,3.1,0,1760.4,0
2020-05-11 08:22:00,3,30,25.3,93,7.4,1001.7,1.7,2.4,14,1760.4,0
2020-05-11 08:25:00,3,30,25.2,93,7.4,1001.7,0.7,1.0,14,1760.4,0
2020-05-11 08:28:00,3,30,25.2,93,7.4,1001.8,0.3,0.7,15,1760.4,0
2020-05-11 08:31:00,3,30,25.0,89,7.5,1001.7,1.4,2.0,14,1760.4,0
2020-05-11 08:34:00,3,30,25.0,89,7.5,1001.9,1.0,1.4,0,1760.4,0
2020-05-11 08:37:00,3,30,25.0,89,7.5,1001.7,0,0.3,0,1760.4,0
2020-05-11 08:40:00,3,31,24.8,89,7.5,1001.9,1.0,1.4,14,1760.7,0
2020-05-11 08:43:00,3,31,24.8,89,7.5,1001.9,1.4,1.7,2,1760.7,0
2020-05-11 08:46:00,3,31,24.8,89,7.5,1001.9,2.7,3.4,12,1760.7,0
2020-05-11 08:49:00,3,31,24.7,93,7.4,1001.9,1.0,2.0,0,1760.7,0
2020-05-11 08:52:00,3,31,24.6,93,7.4,1001.9,1.4,1.7,2,1760.7,0
2020-05-11 08:56:00,4,31,24.5,93,7.4,1001.9,1.4,1.7,0,1761.0,0
2020-05-11 08:59:00,3,31,24.5,93,7.3,1001.9,2.0,3.1,15,1761.0,0
2020-05-11 09:02:00,3,32,24.5,93,7.3,1001.9,1.4,2.0,12,1761.0,0
2020-05-11 09:05:00,3,32,24.4,93,7.2,1001.8,1.4,2.0,0,1761.0,0
2020-05-11 09:08:00,3,32,24.4,93,7.2,1001.9,1.7,2.7,14,1761.0,0
2020-05-11 09:11:00,3,32,24.2,93,7.2,1002.1,1.0,1.4,12,1761.0,0
2020-05-11 09:14:00,3,32,24.2,93,7.2,1001.9,0.7,1.0,0,1761.0,0
2020-05-11 09:17:00,3,32,24.1,93,7.3,1001.9,1.0,1.7,0,1761.3,0
2020-05-11 09:20:00,3,32,24.1,94,7.3,1001.9,1.0,1.7,2,1761.3,0
2020-05-11 09:23:00,3,32,24.1,94,7.2,1002.0,1.4,2.0,0,1761.3,0
2020-05-11 09:26:00,3,32,24.0,94,7.2,1001.9,2.0,3.1,14,1761.3,0
2020-05-11 09:29:00,3,32,24.0,94,7.3,1001.9,1.7,2.4,2,1761.3,0
2020-05-11 09:32:00,3,33,23.9,94,7.2,1002.0,1.0,1.7,14,1761.3,0
2020-05-11 09:35:00,3,33,23.8,94,7.2,1002.1,0.7,1.0,14,1761.3,0
2020-05-11 09:38:00,3,33,23.8,94,7.3,1002.0,1.0,1.4,0,1761.3,0
2020-05-11 09:41:00,3,33,23.8,94,7.3,1002.0,1.0,1.7,15,1761.3,0
2020-05-11 09:44:00,3,33,23.8,94,7.2,1002.1,1.7,2.4,12,1761.6,0
2020-05-11 09:47:00,3,33,23.8,94,7.1,1002.0,1.4,2.0,0,1761.6,0
2020-05-11 09:50:00,3,33,23.8,94,7.1,1001.9,1.7,2.4,2,1761.6,0
2020-05-11 09:53:00,3,33,23.7,94,7.0,1002.0,2.4,3.1,14,1761.6,0
2020-05-11 09:56:00,3,33,23.7,94,6.9,1002.0,2.0,2.4,0,1761.6,0
2020-05-11 09:59:00,3,33,23.7,93,6.9,1002.0,1.7,2.7,14,1761.6,0
2020-05-11 10:02:00,3,33,23.6,93,6.9,1002.0,1.0,1.4,0,1761.9,0
2020-05-11 10:05:00,3,33,23.6,93,6.9,1002.0,1.0,1.4,0,1761.9,0
2020-05-11 10:08:00,3,33,23.6,93,6.7,1001.9,0.7,1.0,0,1761.9,0
2020-05-11 10:11:00,3,33,23.6,93,6.7,1001.9,1.4,2.0,14,1761.9,0
2020-05-11 10:14:00,3,33,23.5,93,6.7,1001.9,1.7,2.0,2,1761.9,0
2020-05-11 10:17:00,3,33,23.5,93,6.7,1002.0,1.7,2.4,1,1761.9,0
2020-05-11 10:20:00,3,33,23.4,93,6.7,1002.0,1.0,1.7,14,1762.2,0
2020-05-11 10:23:00,3,33,23.4,93,6.7,1002.2,0.7,1.0,15,1762.2,0
2020-05-11 10:26:00,3,33,23.4,93,6.7,1002.1,0.7,1.4,12,1762.2,0
2020-05-11 10:29:00,3,33,23.4,93,6.6,1002.1,1.0,1.4,0,1762.2,0
2020-05-11 10:32:00,3,33,23.4,93,6.6,1002.1,2.0,2.4,12,1762.2,0
2020-05-11 10:36:00,4,33,23.4,93,6.4,1002.1,1.7,2.4,2,1762.5,0
2020-05-11 10:39:00,3,33,23.3,93,6.4,1002.2,2.0,3.1,14,1762.5,0
2020-05-11 10:42:00,3,33,23.3,93,6.4,1002.1,1.4,1.7,14,1762.5,0
2020-05-11 10:45:00,3,33,23.3,93,6.4,1002.2,0.7,1.0,0,1762.5,0
2020-05-11 10:48:00,3,33,23.3,93,6.4,1002.1,2.0,2.4,2,1762.5,0
2020-05-11 10:52:00,4,33,23.2,93,6.5,1002.1,1.0,1.7,2,1762.8,0
2020-05-11 10:55:00,3,34,23.2,94,6.6,1002.1,0.7,1.4,14,1762.8,0
2020-05-11 10:58:00,3,34,23.3,94,6.6,1002.3,1.0,1.7,14,1762.8,0
2020-05-11 11:01:00,3,34,23.4,94,6.5,1002.2,1.0,1.7,12,1762.8,0
2020-05-11 11:04:00,3,34,23.6,94,6.5,1002.2,2.0,3.1,14,1763.1,0
2020-05-11 11:07:00,3,33,23.8,94,6.4,1002.3,1.0,1.7,0,1763.1,0
2020-05-11 11:10:00,3,33,23.9,94,6.4,1002.3,1.0,1.4,0,1763.1,0
2020-05-11 11:13:00,3,32,24.1,94,6.5,1002.3,0.3,0.7,12,1763.1,0
2020-05-11 11:16:00,3,32,24.3,95,6.6,1002.4,1.0,2.0,14,1763.1,0
2020-05-11 11:19:00,3,31,24.4,95,6.7,1002.4,1.0,1.7,12,1763.1,0
2020-05-11 11:22:00,3,31,24.6,95,6.7,1002.3,1.4,1.7,0,1763.4,0
2020-05-11 11:25:00,3,31,24.8,95,6.7,1002.2,1.4,2.0,14,1763.4,0
2020-05-11 11:28:00,3,30,25.0,95,6.7,1002.1,1.4,2.0,0,1763.4,0
2020-05-11 11:31:00,3,30,25.1,95,6.8,1002.1,1.4,2.0,14,1763.4,0
2020-05-11 11:34:00,3,30,25.1,95,6.8,1002.1,1.0,1.4,0,1763.4,0
2020-05-11 11:37:00,3,30,25.2,96,6.9,1002.2,0.7,1.0,14,1763.4,0
2020-05-11 11:40:00,3,30,25.3,96,6.9,1002.1,1.0,1.4,12,1763.4,0
2020-05-11 11:43:00,3,30,25.3,96,6.9,1002.2,0.7,1.0,14,1763.4,0
2020-05-11 11:46:00,3,30,25.2,96,6.9,1002.2,1.0,1.7,0,1763.4,0
2020-05-11 11:49:00,3,30,25.2,95,6.8,1002.3,1.0,1.7,2,1763.4,0
2020-05-11 11:52:00,3,30,25.3,95,6.8,1002.4,1.0,1.7,0,1763.4,0
2020-05-11 11:55:00,3,28,25.3,95,6.7,1002.5,2.0,3.1,0,1763.7,0
2020-05-11 11:58:00,3,29,25.4,95,6.7,1002.5,1.7,2.7,0,1763.7,0
2020-05-11 12:01:00,3,29,25.4,95,6.7,1002.5,0.3,0.7,0,1763.7,0
2020-05-11 12:04:00,3,29,25.4,95,6.7,1002.5,0.3,0.7,0,1763.7,0
2020-05-11 12:07:00,3,30,25.4,94,6.8,1002.5,2.0,2.7,14,1763.7,0
2020-05-11 12:10:00,3,30,25.4,94,6.8,1002.4,1.7,2.0,14,1763.7,0
2020-05-11 12:13:00,3,29,25.4,94,6.8,1002.7,1.4,2.0,0,1763.7,0
2020-05-11 12:16:00,3,29,25.4,94,6.8,1002.6,0.7,1.0,12,1763.7,0
2020-05-11 12:19:00,3,28,25.4,94,6.9,1002.7,0.3,0.7,12,1763.7,0
2020-05-11 12:22:00,3,28,25.4,94,6.9,1002.7,1.4,2.0,0,1763.7,0
2020-05-11 12:25:00,3,27,26.2,94,6.9,1002.7,2.0,2.7,0,1763.7,0
2020-05-11 12:28:00,3,27,26.2,94,6.9,1002.8,1.7,2.7,14,1763.7,0
2020-05-11 12:31:00,3,27,26.2,94,6.9,1002.8,1.4,2.0,14,1763.7,0
2020-05-11 12:34:00,3,27,26.2,94,6.9,1002.8,1.4,2.4,13,1763.7,0
2020-05-11 12:37:00,3,26,26.2,94,6.9,1002.8,1.4,2.0,0,1763.7,0
2020-05-11 12:40:00,3,26,26.2,94,6.9,1002.8,2.0,2.4,10,1764.0,0
2020-05-11 12:43:00,3,28,25.4,95,7.0,1002.8,0.7,1.0,0,1764.0,0
2020-05-11 12:46:00,3,28,25.3,95,7.0,1002.8,1.4,2.0,14,1764.0,0
2020-05-11 12:49:00,3,29,25.3,95,7.0,1002.8,1.0,1.4,12,1764.0,0
2020-05-11 12:52:00,3,29,25.3,95,7.0,1002.9,1.0,1.7,2,1764.0,0
2020-05-11 12:55:00,3,29,25.1,95,6.9,1002.8,2.4,2.7,0,1764.0,0
2020-05-11 12:58:00,3,30,25.0,95,6.9,1002.8,1.0,1.7,14,1764.0,0
2020-05-11 13:01:00,3,30,25.0,94,6.8,1002.7,1.0,1.7,14,1764.0,0
2020-05-11 13:04:00,3,31,24.8,94,6.8,1002.7,1.4,2.0,0,1764.3,0
2020-05-11 13:07:00,3,31,24.7,94,6.8,1002.7,1.7,2.0,14,1764.3,0
2020-05-11 13:10:00,3,31,24.7,94,6.8,1002.7,1.0,2.4,14,1764.3,0
2020-05-11 13:13:00,3,31,24.5,94,6.7,1002.7,1.7,2.0,14,1764.3,0
2020-05-11 13:16:00,3,31,24.4,94,6.7,1002.6,1.0,2.0,2,1764.3,0
2020-05-11 13:19:00,3,31,24.4,94,6.7,1002.7,1.0,1.7,0,1764.3,0
2020-05-11 13:22:00,3,31,24.3,94,6.6,1002.7,1.7,2.7,14,1764.6,0
2020-05-11 13:25:00,3,31,24.3,94,6.6,1002.6,1.4,1.7,12,1764.6,0
2020-05-11 13:28:00,3,31,24.2,94,6.6,1002.6,1.0,1.4,14,1764.6,0
2020-05-11 13:31:00,3,31,24.1,94,6.5,1002.6,2.7,3.7,0,1764.6,0
2020-05-11 13:34:00,3,31,24.1,94,6.5,1002.6,1.4,2.4,14,1764.6,0
2020-05-11 13:37:00,3,31,24.1,94,6.5,1002.6,1.7,2.0,0,1764.6,0
2020-05-11 13:40:00,3,31,24.0,94,6.5,1002.7,1.4,2.0,0,1764.6,0
2020-05-11 13:43:00,3,31,24.0,94,6.5,1002.8,1.4,2.0,0,1764.6,0
2020-05-11 13:46:00,3,32,23.9,94,6.5,1002.7,0.7,1.4,0,1764.6,0
2020-05-11 13:49:00,3,32,23.8,94,6.4,1002.7,1.7,2.4,1,1764.9,0
2020-05-11 13:52:00,3,32,23.8,94,6.4,1002.7,1.0,1.7,14,1764.9,0
2020-05-11 13:55:00,3,32,23.8,94,6.4,1002.7,0.7,1.0,14,1764.9,0
2020-05-11 13:58:00,3,32,23.8,94,6.4,1002.6,0.3,1.0,14,1764.9,0
2020-05-11 14:01:00,3,32,23.7,94,6.3,1002.6,3.4,4.1,0,1765.2,0
2020-05-11 14:04:00,3,33,23.7,94,6.3,1002.5,3.4,4.1,0,1765.2,0
2020-05-11 14:07:00,3,33,23.7,94,6.1,1002.7,2.0,2.7,0,1765.2,0
2020-05-11 14:10:00,3,33,23.7,94,6.1,1002.6,3.4,4.1,14,1765.2,0
2020-05-11 14:13:00,3,33,23.6,94,6.0,1002.7,2.7,4.8,2,1765.2,0
2020-05-11 14:16:00,3,33,23.6,94,6.0,1002.7,1.7,3.1,2,1765.2,0
2020-05-11 14:19:00,3,33,23.6,93,5.9,1002.6,2.7,3.4,14,1765.5,0
2020-05-11 14:22:00,3,33,23.6,93,5.7,1002.8,5.1,7.1,0,1765.5,0
2020-05-11 14:25:00,3,33,23.5,92,5.6,1002.8,4.1,5.4,14,1765.5,0
2020-05-11 14:28:00,3,33,23.5,92,5.5,1002.8,2.0,3.7,14,1765.5,0
2020-05-11 14:31:00,3,33,23.4,91,5.4,1003.0,2.7,3.7,0,1765.5,0
2020-05-11 14:34:00,3,33,23.4,91,5.4,1002.8,2.7,3.7,0,1765.8,0
2020-05-11 14:37:00,3,33,23.4,91,5.3,1002.9,2.7,4.4,0,1765.8,0
2020-05-11 14:40:00,3,33,23.4,92,5.3,1002.9,1.7,2.4,0,1765.8,0
2020-05-11 14:43:00,3,33,23.4,92,5.3,1002.8,2.0,3.1,2,1765.8,0
2020-05-11 14:46:00,3,33,23.3,92,5.3,1003.0,2.0,3.1,0,1765.8,0
2020-05-11 14:49:00,3,33,23.3,92,5.4,1003.0,1.4,2.0,0,1765.8,0
2020-05-11 14:52:00,3,33,23.3,92,5.4,1003.0,1.0,2.0,14,1765.8,0
2020-05-11 14:55:00,3,33,23.2,92,5.4,1003.0,1.4,2.0,0,1765.8,0
2020-05-11 14:58:00,3,33,23.2,92,5.4,1002.9,1.4,1.7,0,1765.8,0
2020-05-11 15:01:00,3,33,23.1,93,5.5,1002.9,0.7,1.0,2,1765.8,0
2020-05-11 15:04:00,3,33,23.1,93,5.5,1002.9,0.7,1.4,0,1765.8,0
2020-05-11 15:07:00,3,33,23.1,93,5.5,1003.0,1.0,1.7,0,1765.8,0
2020-05-11 15:10:00,3,33,23.1,93,5.6,1003.0,1.0,1.4,0,1765.8,0
2020-05-11 15:13:00,3,33,23.1,93,5.7,1003.0,1.4,1.7,14,1765.8,0
2020-05-11 15:16:00,3,33,23.0,93,5.7,1003.0,0.7,1.4,14,1765.8,0
2020-05-11 15:19:00,3,33,23.0,94,5.8,1002.9,0.7,1.0,12,1765.8,0
2020-05-11 15:22:00,3,33,23.0,94,5.8,1002.9,0.7,1.0,14,1765.8,0
2020-05-11 15:25:00,3,33,23.0,94,5.8,1003.0,0.7,1.4,14,1765.8,0
2020-05-11 15:28:00,3,33,23.0,94,5.9,1003.0,0.7,1.0,2,1765.8,0
2020-05-11 15:31:00,3,33,23.0,94,6.0,1003.1,1.4,2.4,0,1766.1,0
2020-05-11 15:34:00,3,33,23.0,94,6.0,1003.1,0.7,1.0,14,1766.1,0
2020-05-11 15:37:00,3,33,23.0,94,6.0,1003.1,1.4,2.0,12,1766.1,0
2020-05-11 15:40:00,3,33,23.0,95,6.0,1003.2,0.7,1.4,0,1766.1,0
2020-05-11 15:43:00,3,33,23.0,95,6.0,1003.0,0.7,1.0,12,1766.1,0
2020-05-11 15:46:00,3,33,23.0,95,6.0,1003.1,0.7,1.0,14,1766.1,0
2020-05-11 15:49:00,3,33,23.0,95,6.0,1003.1,1.0,1.4,14,1766.1,0
2020-05-11 15:52:00,3,32,22.9,95,6.0,1003.0,1.0,1.4,14,1766.1,0
2020-05-11 15:55:00,3,32,22.9,95,6.0,1003.1,1.7,2.0,0,1766.1,0
2020-05-11 15:58:00,3,32,22.9,95,6.0,1003.1,1.7,2.4,14,1766.1,0
2020-05-11 16:01:00,3,32,22.9,95,6.0,1003.2,1.0,1.4,14,1766.1,0
2020-05-11 16:04:00,3,32,22.9,95,6.0,1003.1,1.0,1.4,14,1766.1,0
2020-05-11 16:07:00,3,32,22.9,94,6.0,1003.2,1.7,2.4,14,1766.1,0
2020-05-11 16:10:00,3,32,22.9,94,6.0,1003.2,1.4,2.0,14,1766.1,0
2020-05-11 16:13:00,3,32,22.9,93,6.0,1003.3,1.4,2.4,0,1766.1,0
2020-05-11 16:16:00,3,32,22.8,93,6.0,1003.2,1.4,2.0,14,1766.1,0
2020-05-11 16:19:00,3,32,22.8,92,6.1,1003.3,0.7,1.0,14,1766.1,0
2020-05-11 16:22:00,3,32,22.8,92,6.1,1003.3,1.0,1.4,12,1766.1,0
2020-05-11 16:25:00,3,32,22.8,92,6.1,1003.4,1.0,1.7,0,1766.1,0
2020-05-11 16:28:00,3,32,22.8,91,6.2,1003.4,0.7,1.0,2,1766.1,0
2020-05-11 16:31:00,3,32,22.8,91,6.2,1003.4,2.0,2.7,0,1766.1,0
2020-05-11 16:34:00,3,32,22.7,91,6.2,1003.3,0.3,0.7,0,1766.1,0
2020-05-11 16:37:00,3,32,22.7,90,6.2,1003.5,0.7,1.0,14,1766.1,0
2020-05-11 16:40:00,3,32,22.7,90,6.3,1003.5,1.4,1.7,14,1766.1,0
2020-05-11 16:43:00,3,32,22.7,90,6.3,1003.5,0.7,1.0,14,1766.1,0
2020-05-11 16:46:00,3,32,22.7,90,6.3,1003.4,1.0,1.7,0,1766.1,0
2020-05-11 16:49:00,3,32,22.7,89,6.3,1003.4,0.7,1.0,0,1766.1,0
2020-05-11 16:52:00,3,32,22.7,89,6.3,1003.4,0.7,1.4,12,1766.1,0
2020-05-11 16:55:00,3,32,22.7,88,6.3,1003.5,0.7,1.0,14,1766.1,0
2020-05-11 16:58:00,3,32,22.7,88,6.3,1003.5,0.7,1.4,14,1766.1,0
2020-05-11 17:01:00,3,33,22.7,88,6.3,1003.5,1.0,1.4,14,1766.1,0
2020-05-11 17:04:00,3,33,22.7,88,6.3,1003.6,0.3,0.7,14,1766.1,0
2020-05-11 17:07:00,3,33,22.7,88,6.2,1003.5,1.0,2.0,12,1766.1,0
2020-05-11 17:10:00,3,33,22.7,88,6.3,1003.6,1.0,1.0,0,1766.1,0
2020-05-11 17:13:00,3,33,22.7,87,6.2,1003.6,1.4,1.7,14,1766.1,0
2020-05-11 17:16:00,3,33,22.7,87,6.2,1003.8,1.4,1.7,14,1766.1,0
2020-05-11 17:19:00,3,33,22.7,86,6.2,1003.7,1.0,1.7,12,1766.1,0
2020-05-11 17:22:00,3,33,22.7,85,6.1,1003.8,0.7,1.4,0,1766.1,0
2020-05-11 17:25:00,3,33,22.7,84,6.1,1003.7,0.7,1.0,14,1766.1,0
2020-05-11 17:28:00,3,33,22.7,84,6.1,1003.8,0,0.3,14,1766.1,0
2020-05-11 17:31:00,3,33,22.7,83,6.1,1003.9,1.0,1.4,0,1766.1,0
2020-05-11 17:34:00,3,33,22.7,83,6.1,1003.9,0.3,0.7,0,1766.1,0
2020-05-11 17:37:00,3,33,22.7,83,6.1,1004.0,0.3,0.7,0,1766.1,0
2020-05-11 17:40:00,3,33,22.7,83,6.2,1003.9,0,0.3,4,1766.1,0
2020-05-11 17:43:00,3,33,22.7,83,6.4,1004.0,0.3,1.0,0,1766.1,0
2020-05-11 17:46:00,3,33,22.7,83,6.6,1004.0,0.3,0.7,0,1766.1,0
2020-05-11 17:49:00,3,33,22.7,83,7.0,1004.0,0.7,1.0,14,1766.1,0
2020-05-11 17:52:00,3,33,22.7,82,7.3,1003.9,0.3,0.7,0,1766.1,0
2020-05-11 17:55:00,3,33,22.7,75,7.6,1004.1,1.0,1.0,0,1766.1,0
2020-05-11 17:58:00,3,33,22.7,74,7.8,1004.1,0.3,0.7,0,1766.1,0
2020-05-11 18:01:00,3,33,22.7,73,7.9,1004.1,0.7,1.0,0,1766.1,0
2020-05-11 18:04:00,3,33,22.7,73,7.9,1004.2,0.7,1.0,0,1766.1,0
2020-05-11 18:07:00,3,33,22.7,76,7.4,1004.1,0.7,0.7,0,1766.1,0
2020-05-11 18:10:00,3,33,22.7,75,7.1,1004.2,1.0,1.7,12,1766.1,0
2020-05-11 18:13:00,3,33,22.7,74,7.0,1004.2,1.0,1.4,0,1766.1,0
2020-05-11 18:16:00,3,33,22.6,74,6.8,1004.2,0,0.3,14,1766.1,0
2020-05-11 18:19:00,3,33,22.6,75,6.7,1004.2,0,0.3,14,1766.1,0
2020-05-11 18:22:00,3,33,22.6,76,6.6,1004.2,1.0,1.4,14,1766.1,0
2020-05-11 18:25:00,3,33,22.6,76,6.4,1004.3,1.0,1.7,14,1766.1,0
2020-05-11 18:28:00,3,33,22.6,76,6.3,1004.2,0.7,1.0,14,1766.1,0
2020-05-11 18:31:00,3,33,22.6,77,6.2,1004.3,0,0.7,14,1766.1,0
2020-05-11 18:34:00,3,33,22.6,77,6.1,1004.3,0,0,14,1766.1,0
2020-05-11 18:37:00,3,33,22.6,78,6.0,1004.3,0,0,10,1766.1,0
2020-05-11 18:40:00,3,33,22.6,79,5.9,1004.3,0,0,14,1766.1,0
2020-05-11 18:43:00,3,33,22.6,80,5.7,1004.4,0,0,12,1766.1,0
2020-05-11 18:46:00,3,33,22.6,80,5.6,1004.4,0,0,14,1766.1,0
2020-05-11 18:49:00,3,33,22.6,80,5.5,1004.4,0,0,14,1766.1,0
2020-05-11 18:52:00,3,33,22.6,80,5.4,1004.5,0,0,14,1766.1,0
2020-05-11 18:55:00,3,33,22.6,80,5.2,1004.5,0,0,14,1766.1,0
2020-05-11 18:58:00,3,33,22.6,80,5.1,1004.6,0,0,14,1766.1,0
2020-05-11 19:01:00,3,33,22.6,81,4.9,1004.6,0,0,14,1766.1,0
2020-05-11 19:04:00,3,33,22.6,81,4.8,1004.7,0,0,14,1766.1,0
2020-05-11 19:07:00,3,33,22.6,81,4.6,1004.8,0,0,14,1766.1,0
2020-05-11 19:10:00,3,33,22.6,81,4.5,1004.7,0,0,14,1766.1,0
2020-05-11 19:13:00,3,33,22.6,82,4.4,1004.8,0.3,0.7,14,1766.1,0
2020-05-11 19:16:00,3,33,22.6,82,4.3,1004.9,0,0.3,14,1766.1,0
2020-05-11 19:19:00,3,33,22.6,82,4.3,1004.8,0,0,14,1766.1,0
2020-05-11 19:22:00,3,33,22.6,83,4.2,1005.0,0,0,14,1766.1,0
2020-05-11 19:25:00,3,33,22.6,83,4.1,1005.0,0.3,0.7,14,1766.1,0
2020-05-11 19:28:00,3,33,22.5,83,4.1,1004.9,0,0,14,1766.1,0
2020-05-11 19:31:00,3,33,22.5,83,4.0,1004.9,0,0,14,1766.1,0
2020-05-11 19:34:00,3,33,22.5,84,3.9,1005.1,0,0,14,1766.1,0
2020-05-11 19:37:00,3,33,22.5,84,3.8,1005.1,0,0,14,1766.1,0
2020-05-11 19:40:00,3,33,22.5,84,3.7,1005.2,0,0,14,1766.1,0
2020-05-11 19:43:00,3,33,22.5,84,3.6,1005.2,0,0,14,1766.1,0
2020-05-11 19:46:00,3,33,22.5,84,3.6,1005.2,0.7,1.0,12,1766.1,0
2020-05-11 19:49:00,3,33,22.5,85,3.6,1005.2,0,0.3,14,1766.1,0
2020-05-11 19:52:00,3,33,22.5,85,3.6,1005.4,0.3,0.7,14,1766.1,0
2020-05-11 19:55:00,3,33,22.5,85,3.5,1005.4,0,0,14,1766.1,0
2020-05-11 19:58:00,3,33,22.5,85,3.5,1005.4,0,0,14,1766.1,0
2020-05-11 20:01:00,3,33,22.4,85,3.4,1005.5,0,0,0,1766.1,0
2020-05-11 20:04:00,3,33,22.4,85,3.4,1005.4,0,0,0,1766.1,0
2020-05-11 20:07:00,3,33,22.4,86,3.2,1005.4,0,0,0,1766.1,0
2020-05-11 20:10:00,3,33,22.4,86,3.1,1005.5,0,0,0,1766.1,0
2020-05-11 20:13:00,3,33,22.3,86,3.0,1005.5,0,0,0,1766.1,0
2020-05-11 20:16:00,3,33,22.3,87,3.0,1005.6,0,0,0,1766.1,0
2020-05-11 20:19:00,3,33,22.3,87,2.9,1005.6,0,0,14,1766.1,0
2020-05-11 20:22:00,3,33,22.3,87,2.8,1005.6,0.3,1.0,14,1766.1,0
2020-05-11 20:25:00,3,32,22.3,88,2.8,1005.7,0,0.3,14,1766.1,0
2020-05-11 20:28:00,3,32,22.3,88,2.8,1005.7,0,0.3,14,1766.1,0
2020-05-11 20:31:00,3,32,22.3,88,2.8,1005.8,0,0.3,0,1766.1,0
2020-05-11 20:34:00,3,32,22.3,88,2.8,1005.8,0.3,0.3,14,1766.1,0
2020-05-11 20:37:00,3,32,22.3,88,2.8,1005.9,0.3,0.7,14,1766.1,0
2020-05-11 20:40:00,3,32,22.3,88,2.8,1005.9,0,0.3,14,1766.1,0
2020-05-11 20:43:00,3,32,22.3,88,2.7,1005.9,0.3,0.7,14,1766.1,0
2020-05-11 20:46:00,3,32,22.3,88,2.7,1006.0,0.3,0.7,14,1766.1,0
2020-05-11 20:49:00,3,32,22.2,88,2.7,1005.9,0,0.3,14,1766.1,0
2020-05-11 20:52:00,3,32,22.2,88,2.7,1006.0,0,0,14,1766.1,0
2020-05-11 20:55:00,3,32,22.2,88,2.5,1005.9,0,0,14,1766.1,0
2020-05-11 20:58:00,3,32,22.2,87,2.5,1006.0,0,0,14,1766.1,0
2020-05-11 21:01:00,3,32,22.2,87,2.4,1006.0,0,0,14,1766.1,0
2020-05-11 21:04:00,3,32,22.2,87,2.3,1006.0,0,0,14,1766.1,0
2020-05-11 21:07:00,3,32,22.2,86,2.2,1006.0,0,0,14,1766.1,0
2020-05-11 21:10:00,3,32,22.2,86,2.2,1006.0,0.7,1.0,14,1766.1,0
2020-05-11 21:13:00,3,32,22.2,86,2.3,1006.1,0.3,0.7,14,1766.1,0
2020-05-11 21:16:00,3,32,22.1,86,2.4,1006.1,0.3,0.7,14,1766.1,0
2020-05-11 21:19:00,3,32,22.1,85,2.4,1006.1,0,0,14,1766.1,0
2020-05-11 21:22:00,3,32,22.1,85,2.4,1006.1,0,0,14,1766.1,0
2020-05-11 21:25:00,3,32,22.1,84,2.3,1006.1,0,0,14,1766.1,0
2020-05-11 21:28:00,3,32,22.1,83,2.2,1006.2,0,0.3,0,1766.1,0
2020-05-11 21:31:00,3,32,22.0,83,2.0,1006.2,0,0,0,1766.1,0
2020-05-11 21:34:00,3,32,22.0,82,2.0,1006.3,0,0,0,1766.1,0
2020-05-11 21:37:00,3,33,21.9,82,1.8,1006.3,0,0,0,1766.1,0
2020-05-11 21:40:00,3,33,21.9,82,1.7,1006.4,0,0,0,1766.1,0
2020-05-11 21:43:00,3,33,21.9,82,1.6,1006.4,0,0,0,1766.1,0
2020-05-11 21:46:00,3,33,21.9,82,1.5,1006.4,0,0,0,1766.1,0
2020-05-11 21:49:00,3,33,21.9,82,1.4,1006.5,0.7,1.4,14,1766.1,0
2020-05-11 21:52:00,3,33,21.9,82,1.5,1006.5,0.3,0.7,0,1766.1,0
2020-05-11 21:55:00,3,33,21.9,82,1.5,1006.5,0,0,0,1766.1,0
2020-05-11 21:58:00,3,33,21.8,82,1.5,1006.5,0,0,0,1766.1,0
