2020-05-13 00:02:00,3,32,20.9,76,6.1,1007.6,0,0.3,12,1766.1,0
2020-05-13 00:05:00,3,32,20.9,76,6.1,1007.5,0,0.3,12,1766.1,0
2020-05-13 00:08:00,3,32,20.9,76,6.0,1007.6,0,0,14,1766.1,0
2020-05-13 00:11:00,3,32,20.9,77,6.0,1007.5,0,0.3,12,1766.1,0
2020-05-13 00:14:00,3,32,20.9,77,6.0,1007.5,0,0.3,10,1766.1,0
2020-05-13 00:17:00,3,32,20.9,77,5.9,1007.4,0,0,12,1766.1,0
2020-05-13 00:20:00,3,32,20.9,77,5.9,1007.5,0,0.3,14,1766.1,0
2020-05-13 00:23:00,3,32,20.9,77,5.9,1007.4,0,0,8,1766.1,0
2020-05-13 00:26:00,3,32,20.8,77,5.9,1007.5,0,0,12,1766.1,0
2020-05-13 00:29:00,3,32,20.8,77,5.8,1007.5,0,0,12,1766.1,0
2020-05-13 00:32:00,3,32,20.8,77,5.8,1007.5,0,0,12,1766.1,0
2020-05-13 00:35:00,3,32,20.7,78,5.8,1007.3,0,0.3,10,1766.1,0
2020-05-13 00:38:00,3,32,20.7,78,5.8,1007.4,0,0.3,14,1766.1,0
2020-05-13 00:41:00,3,32,20.7,78,5.9,1007.4,0,0.3,12,1766.1,0
2020-05-13 00:44:00,3,32,20.7,78,5.9,1007.4,0.3,0.7,12,1766.1,0
2020-05-13 00:47:00,3,32,20.7,78,5.9,1007.4,0,0.3,10,1766.1,0
2020-05-13 00:50:00,3,32,20.7,78,5.9,1007.3,0,0,14,1766.1,0
2020-05-13 00:53:00,3,32,20.7,78,5.9,1007.2,0,0.3,6,1766.1,0
2020-05-13 00:56:00,3,32,20.7,78,5.9,1007.2,0,0,10,1766.1,0
2020-05-13 00:59:00,3,32,20.7,79,6.0,1007.2,0,0.7,10,1766.1,0
2020-05-13 01:02:00,3,32,20.7,79,6.0,1007.2,0,0,10,1766.1,0
2020-05-13 01:05:00,3,32,20.7,79,6.0,1007.1,0,0,0,1766.1,0
2020-05-13 01:08:00,3,31,20.6,79,6.0,1007.1,0,0.3,12,1766.1,0
2020-05-13 01:11:00,3,31,20.6,79,6.1,1007.1,0,0,12,1766.1,0
2020-05-13 01:14:00,3,32,20.6,79,6.1,1007.1,0,0,12,1766.1,0
2020-05-13 01:17:00,3,32,20.6,79,6.1,1007.1,0,0,10,1766.1,0
2020-05-13 01:20:00,3,31,20.6,79,6.1,1007.0,0,0,10,1766.1,0
2020-05-13 01:23:00,3,32,20.6,79,6.1,1007.0,0.3,0.7,10,1766.1,0
2020-05-13 01:26:00,3,31,20.6,79,6.1,1007.1,0,0,12,1766.1,0
2020-05-13 01:29:00,3,31,20.6,79,6.1,1007.1,0.3,0.7,12,1766.1,0
2020-05-13 01:32:00,3,31,20.5,79,6.1,1007.0,0,0.7,0,1766.1,0
2020-05-13 01:35:00,3,31,20.5,79,6.1,1007.0,0,0,10,1766.1,0
2020-05-13 01:38:00,3,31,20.5,79,6.1,1007.0,0,0,12,1766.1,0
2020-05-13 01:41:00,3,31,20.5,79,6.2,1007.0,0,0,12,1766.1,0
2020-05-13 01:44:00,3,31,20.5,79,6.2,1007.0,0,0,12,1766.1,0
2020-05-13 01:47:00,3,31,20.5,79,6.2,1006.9,0,0,12,1766.1,0
2020-05-13 01:50:00,3,31,20.5,79,6.2,1006.9,0.3,0.7,12,1766.1,0
2020-05-13 01:53:00,3,31,20.5,78,6.2,1007.0,0,0,14,1766.1,0
2020-05-13 01:56:00,3,31,20.5,78,6.2,1006.9,0,0,10,1766.1,0
2020-05-13 01:59:00,3,31,20.5,78,6.2,1006.9,0,0,12,1766.1,0
2020-05-13 02:02:00,3,31,20.5,78,6.2,1007.0,0,0,10,1766.1,0
2020-05-13 02:05:00,3,31,20.4,78,6.2,1006.9,0,0,10,1766.1,0
2020-05-13 02:08:00,3,31,20.4,78,6.2,1006.9,0,0,12,1766.1,0
2020-05-13 02:11:00,3,31,20.4,78,6.2,1006.9,0,0,12,1766.1,0
2020-05-13 02:14:00,3,31,20.4,78,6.2,1007.0,0,0,10,1766.1,0
2020-05-13 02:17:00,3,31,20.4,78,6.2,1006.9,0,0,10,1766.1,0
2020-05-13 02:20:00,3,31,20.4,78,6.2,1006.9,0,0,10,1766.1,0
2020-05-13 02:23:00,3,31,20.4,78,6.2,1006.9,0,0,10,1766.1,0
2020-05-13 02:26:00,3,31,20.3,78,6.2,1006.9,0,0,10,1766.1,0
2020-05-13 02:29:00,3,31,20.3,78,6.2,1006.9,0.3,0.7,12,1766.1,0
2020-05-13 02:32:00,3,31,20.3,78,6.2,1006.9,0,0,12,1766.1,0
2020-05-13 02:35:00,3,31,20.3,78,6.2,1006.8,0,0,12,1766.1,0
2020-05-13 02:38:00,3,31,20.3,78,6.3,1006.8,0,0,12,1766.1,0
2020-05-13 02:41:00,3,31,20.3,77,6.3,1006.8,0,0,12,1766.1,0
2020-05-13 02:44:00,3,31,20.3,77,6.3,1006.8,0.3,0.7,12,1766.1,0
2020-05-13 02:47:00,3,31,20.3,77,6.3,1006.8,0.3,0.7,10,1766.1,0
2020-05-13 02:50:00,3,31,20.3,77,6.3,1006.8,0,0.3,10,1766.1,0
2020-05-13 02:53:00,3,31,20.3,77,6.3,1006.8,0.7,1.0,12,1766.1,0
2020-05-13 02:56:00,3,31,20.3,77,6.3,1006.7,0.3,0.7,10,1766.1,0
2020-05-13 02:59:00,3,31,20.2,77,6.4,1006.7,0,0.3,12,1766.1,0
2020-05-13 03:02:00,3,31,20.2,77,6.4,1006.6,0,0,12,1766.1,0
2020-05-13 03:05:00,3,31,20.2,77,6.4,1006.6,0,0,12,1766.1,0
2020-05-13 03:08:00,3,31,20.2,77,6.4,1006.7,0,0,10,1766.1,0
2020-05-13 03:11:00,3,31,20.2,77,6.4,1006.8,0,0,10,1766.1,0
2020-05-13 03:14:00,3,31,20.2,77,6.4,1006.7,0,0,12,1766.1,0
2020-05-13 03:17:00,3,31,20.2,77,6.4,1006.7,0,0,12,1766.1,0
2020-05-13 03:20:00,3,31,20.1,77,6.4,1006.7,0,0.3,10,1766.1,0
2020-05-13 03:23:00,3,31,20.1,77,6.4,1006.6,0,0,10,1766.1,0
2020-05-13 03:26:00,3,31,20.1,77,6.4,1006.6,0,0,12,1766.1,0
2020-05-13 03:29:00,3,31,20.1,77,6.4,1006.8,0,0,12,1766.1,0
2020-05-13 03:32:00,3,31,20.1,77,6.4,1006.7,0,0,10,1766.1,0
2020-05-13 03:35:00,3,31,20.1,77,6.4,1006.7,0,0,10,1766.1,0
2020-05-13 03:38:00,3,31,20.1,77,6.4,1006.7,0,0.3,12,1766.1,0
2020-05-13 03:41:00,3,31,20.1,78,6.5,1006.7,0,0,10,1766.1,0
2020-05-13 03:44:00,3,31,20.1,78,6.5,1006.7,0.3,0.7,10,1766.1,0
2020-05-13 03:47:00,3,31,20.1,78,6.5,1006.7,0,0,10,1766.1,0
2020-05-13 03:50:00,3,31,20.0,78,6.5,1006.7,0,0,10,1766.1,0
2020-05-13 03:53:00,3,31,20.0,79,6.5,1006.8,0,0,12,1766.1,0
2020-05-13 03:56:00,3,31,20.0,79,6.5,1006.8,0.3,0.7,10,1766.1,0
2020-05-13 03:59:00,3,31,20.0,79,6.5,1006.8,0.3,0.7,12,1766.1,0
2020-05-13 04:02:00,3,31,20.0,79,6.5,1006.7,0,0,12,1766.1,0
2020-05-13 04:05:00,3,31,20.0,79,6.5,1006.8,0,0,12,1766.1,0
2020-05-13 04:08:00,3,31,20.1,79,6.5,1006.8,0,0,12,1766.1,0
2020-05-13 04:11:00,3,31,20.1,79,6.6,1006.9,0.3,0.3,10,1766.1,0
2020-05-13 04:14:00,3,31,20.1,80,6.6,1006.9,0,0.3,12,1766.1,0
2020-05-13 04:17:00,3,31,20.1,80,6.6,1007.0,1.0,1.4,10,1766.1,0
2020-05-13 04:20:00,3,31,20.1,80,6.6,1007.0,0,0.3,10,1766.1,0
2020-05-13 04:23:00,3,31,20.2,80,6.6,1007.0,0.3,0.7,12,1766.1,0
2020-05-13 04:26:00,3,31,20.2,80,6.6,1007.0,0,0,12,1766.1,0
2020-05-13 04:29:00,3,31,20.2,80,6.6,1007.0,0,0,10,1766.1,0
2020-05-13 04:32:00,3,31,20.3,80,6.6,1007.0,0,0,10,1766.1,0
2020-05-13 04:35:00,3,31,20.3,80,6.6,1007.0,0.3,0.7,10,1766.1,0
2020-05-13 04:38:00,3,31,20.3,80,6.6,1007.1,0,0.7,10,1766.1,0
2020-05-13 04:41:00,3,31,20.3,81,6.5,1007.1,0.7,1.0,10,1766.1,0
2020-05-13 04:44:00,3,31,20.4,81,6.5,1007.1,0,0.7,12,1766.1,0
2020-05-13 04:47:00,3,31,20.4,81,6.5,1007.1,0,0,12,1766.1,0
2020-05-13 04:50:00,3,31,20.4,81,6.5,1007.1,0,0.3,12,1766.1,0
2020-05-13 04:53:00,3,31,20.4,81,6.6,1007.1,0.7,1.0,11,1766.1,0
2020-05-13 04:56:00,3,31,20.4,81,6.6,1007.2,0,0.3,12,1766.1,0
2020-05-13 04:59:00,3,31,20.5,82,6.6,1007.1,0,0,10,1766.1,0
2020-05-13 05:02:00,3,31,20.5,82,6.6,1007.2,0,0.3,10,1766.1,0
2020-05-13 05:05:00,3,31,20.5,82,6.6,1007.2,0.3,0.7,10,1766.1,0
2020-05-13 05:08:00,3,31,20.5,82,6.6,1007.1,0.7,1.0,2,1766.1,0
2020-05-13 05:11:00,3,31,20.5,82,6.6,1007.3,0,0,8,1766.1,0
2020-05-13 05:14:00,3,31,20.5,82,6.6,1007.2,0,0.7,10,1766.1,0
2020-05-13 05:17:00,3,31,20.5,82,6.7,1007.2,0,0.3,12,1766.1,0
2020-05-13 05:20:00,3,31,20.5,82,6.7,1007.2,0.3,0.7,12,1766.1,0
2020-05-13 05:23:00,3,31,20.6,82,6.7,1007.3,0,0,10,1766.1,0
2020-05-13 05:26:00,3,31,20.6,82,6.7,1007.3,0,0.3,10,1766.1,0
2020-05-13 05:29:00,3,31,20.6,82,6.7,1007.2,0,0,10,1766.1,0
2020-05-13 05:32:00,3,31,20.6,82,6.8,1007.4,0,0,10,1766.1,0
2020-05-13 05:35:00,3,31,20.6,82,6.9,1007.3,0.3,0.3,10,1766.1,0
2020-05-13 05:38:00,3,31,20.6,82,6.9,1007.4,0.3,0.7,10,1766.1,0
2020-05-13 05:41:00,3,31,20.6,82,7.0,1007.3,0,0,10,1766.1,0
2020-05-13 05:44:00,3,31,20.6,82,7.1,1007.3,0,0.3,14,1766.1,0
2020-05-13 05:47:00,3,31,20.6,82,7.1,1007.4,0,0.3,12,1766.1,0
2020-05-13 05:50:00,3,32,20.7,82,7.2,1007.4,0,0.3,12,1766.1,0
2020-05-13 05:53:00,3,32,20.7,82,7.3,1007.4,0.3,0.7,10,1766.1,0
2020-05-13 05:56:00,3,32,20.7,81,7.4,1007.4,0.3,0.7,10,1766.1,0
2020-05-13 05:59:00,3,32,20.7,81,7.4,1007.4,0,0.3,10,1766.1,0
2020-05-13 06:02:00,3,32,20.7,75,7.5,1007.4,0,0.3,12,1766.1,0
2020-05-13 06:05:00,3,32,20.7,75,7.5,1007.4,0,0.3,12,1766.1,0
2020-05-13 06:08:00,3,32,20.7,75,7.7,1007.4,0,0.3,10,1766.1,0
2020-05-13 06:11:00,3,32,20.7,74,7.8,1007.5,0,0.3,12,1766.1,0
2020-05-13 06:14:00,3,32,20.8,74,8.0,1007.4,0.3,0.7,12,1766.1,0
2020-05-13 06:17:00,3,32,20.8,74,8.1,1007.4,0.7,1.0,10,1766.1,0
2020-05-13 06:20:00,3,32,20.9,73,8.1,1007.4,0,0.3,10,1766.1,0
2020-05-13 06:23:00,3,31,21.1,73,8.2,1007.5,1.0,1.7,11,1766.1,0
2020-05-13 06:26:00,3,31,21.2,73,8.2,1007.5,0.3,0.7,10,1766.1,0
2020-05-13 06:29:00,3,31,21.5,72,8.3,1007.6,1.0,1.4,12,1766.1,0
2020-05-13 06:32:00,3,30,21.7,72,8.4,1007.7,0.3,0.7,8,1766.1,0
2020-05-13 06:35:00,3,30,21.8,72,8.5,1007.7,0.3,1.0,10,1766.1,0
2020-05-13 06:38:00,3,30,21.9,72,8.6,1007.6,0.7,1.0,14,1766.1,0
2020-05-13 06:41:00,3,29,22.2,71,8.8,1007.7,0.7,1.4,10,1766.1,0
2020-05-13 06:44:00,3,29,22.3,71,9.0,1007.8,0.7,1.0,10,1766.1,0
2020-05-13 06:47:00,3,29,22.5,71,9.2,1007.8,0.3,0.7,12,1766.1,0
2020-05-13 06:50:00,3,29,22.7,70,9.3,1007.8,0.3,0.7,12,1766.1,0
2020-05-13 06:53:00,3,29,22.8,70,9.6,1007.9,1.4,2.0,12,1766.1,0
2020-05-13 06:56:00,3,29,23.0,68,9.8,1007.8,0.7,1.0,14,1766.1,0
2020-05-13 06:59:00,3,29,23.1,67,10.2,1007.8,1.0,1.4,10,1766.1,0
2020-05-13 07:02:00,3,29,23.1,67,10.4,1007.8,1.0,1.4,10,1766.1,0
2020-05-13 07:05:00,3,28,23.3,64,11.0,1007.8,1.4,1.7,11,1766.1,0
2020-05-13 07:08:00,3,28,23.4,62,11.5,1007.8,1.4,2.0,12,1766.1,0
2020-05-13 07:11:00,3,28,23.6,61,11.4,1007.9,1.7,2.4,15,1766.1,0
2020-05-13 07:14:00,3,28,23.6,61,11.3,1007.9,0.3,1.0,11,1766.1,0
2020-05-13 07:17:00,3,28,23.7,61,11.3,1007.9,0.7,1.4,10,1766.1,0
2020-05-13 07:20:00,3,28,23.8,61,11.2,1007.8,1.4,2.0,8,1766.1,0
2020-05-13 07:23:00,3,27,23.8,61,11.2,1007.8,0.3,0.7,14,1766.1,0
2020-05-13 07:25:59,3,27,23.9,60,11.1,1007.8,1.0,1.4,6,1766.1,0
2020-05-13 07:28:59,3,27,24.0,60,11.0,1007.8,0.3,0.7,10,1766.1,0
2020-05-13 07:31:59,3,27,24.1,60,11.1,1007.9,0.7,1.4,10,1766.1,0
2020-05-13 07:34:59,3,27,24.1,59,11.0,1007.8,0.7,1.4,12,1766.1,0
2020-05-13 07:37:59,3,26,24.2,60,11.0,1007.9,1.0,1.7,12,1766.1,0
2020-05-13 07:40:59,3,26,24.3,60,11.1,1007.9,1.0,2.0,0,1766.1,0
2020-05-13 07:43:59,3,25,24.3,58,11.2,1007.9,1.4,2.0,13,1766.1,0
2020-05-13 07:46:59,3,25,24.4,58,11.3,1008.0,1.0,2.0,8,1766.1,0
2020-05-13 07:49:59,3,25,24.4,57,11.4,1007.9,0.7,1.0,10,1766.1,0
2020-05-13 07:52:59,3,26,24.4,57,11.4,1008.0,1.0,1.4,4,1766.1,0
2020-05-13 07:55:59,3,24,24.4,57,11.7,1008.0,1.4,2.0,10,1766.1,0
2020-05-13 07:58:59,3,24,24.4,56,12.2,1007.9,1.4,2.0,12,1766.1,0
2020-05-13 08:01:59,3,25,24.2,55,12.2,1007.8,2.0,2.7,12,1766.1,0
2020-05-13 08:04:59,3,25,24.0,55,12.2,1008.0,2.0,2.7,12,1766.1,0
2020-05-13 08:07:59,3,26,23.8,51,11.6,1007.7,1.7,2.4,12,1766.1,0
2020-05-13 08:10:59,3,27,23.6,53,11.7,1007.8,1.0,1.4,8,1766.1,0
2020-05-13 08:13:59,3,27,23.6,54,12.1,1007.9,1.4,1.7,12,1766.1,0
2020-05-13 08:16:59,3,27,23.4,51,12.2,1007.8,2.7,3.4,12,1766.1,0
2020-05-13 08:19:59,3,27,23.4,51,12.3,1007.8,1.0,2.4,12,1766.1,0
2020-05-13 08:22:59,3,27,23.3,50,12.1,1007.7,1.7,2.4,14,1766.1,0
2020-05-13 08:25:59,3,28,23.2,51,12.2,1007.6,1.0,1.7,11,1766.1,0
2020-05-13 08:28:59,3,28,23.1,48,12.6,1007.6,2.0,2.7,12,1766.1,0
2020-05-13 08:31:59,3,28,23.1,48,12.9,1007.6,1.7,2.0,14,1766.1,0
2020-05-13 08:34:59,3,28,23.0,43,12.6,1007.7,1.7,2.4,10,1766.1,0
2020-05-13 08:37:59,3,28,23.0,46,12.8,1007.6,0.3,1.0,12,1766.1,0
2020-05-13 08:40:59,3,28,22.9,44,12.8,1007.6,2.7,3.4,12,1766.1,0
2020-05-13 08:43:59,3,28,22.9,44,12.6,1007.6,0.7,1.0,10,1766.1,0
2020-05-13 08:46:59,3,28,22.7,44,12.9,1007.7,1.4,2.0,10,1766.1,0
2020-05-13 08:49:59,3,28,22.7,44,13.1,1007.6,3.1,3.4,10,1766.1,0
2020-05-13 08:52:59,3,28,22.6,43,13.2,1007.6,2.0,2.7,10,1766.1,0
2020-05-13 08:55:59,3,28,22.6,43,13.5,1007.4,1.4,2.0,8,1766.1,0
2020-05-13 08:58:59,3,28,22.5,42,13.5,1007.4,1.4,2.0,12,1766.1,0
2020-05-13 09:01:59,3,28,22.5,43,13.5,1007.5,1.4,2.0,10,1766.1,0
2020-05-13 09:04:59,3,29,22.3,42,13.1,1007.4,2.4,3.1,14,1766.1,0
2020-05-13 09:07:59,3,29,22.3,41,12.6,1007.4,2.4,3.4,12,1766.1,0
2020-05-13 09:10:59,3,29,22.2,48,12.4,1007.4,2.0,2.4,14,1766.1,0
2020-05-13 09:13:59,3,29,22.2,45,12.5,1007.3,1.0,1.4,12,1766.1,0
2020-05-13 09:16:59,3,29,22.1,46,13.0,1007.4,0.3,1.0,10,1766.1,0
2020-05-13 09:19:59,3,29,22.1,45,13.6,1007.3,1.4,1.7,10,1766.1,0
2020-05-13 09:22:59,3,29,22.0,45,14.0,1007.3,1.4,2.0,12,1766.1,0
2020-05-13 09:25:59,3,30,21.9,43,14.0,1007.3,1.4,2.0,10,1766.1,0
2020-05-13 09:28:59,3,30,21.9,43,14.3,1007.3,1.4,2.0,6,1766.1,0
2020-05-13 09:31:59,3,30,21.9,42,14.5,1007.3,1.4,2.0,10,1766.1,0
2020-05-13 09:34:59,3,30,21.9,42,14.6,1007.2,1.7,3.1,10,1766.1,0
2020-05-13 09:37:59,3,30,21.8,41,14.4,1007.1,1.4,1.7,14,1766.1,0
2020-05-13 09:40:59,3,30,21.8,42,14.2,1007.0,1.4,2.0,13,1766.1,0
2020-05-13 09:43:59,3,30,21.8,42,13.7,1007.1,1.7,2.4,10,1766.1,0
2020-05-13 09:46:59,3,30,21.8,42,13.4,1007.1,2.0,2.4,10,1766.1,0
2020-05-13 09:49:59,3,31,21.8,42,13.5,1007.0,1.7,2.4,12,1766.1,0
2020-05-13 09:52:59,3,31,21.7,42,13.8,1007.1,1.7,2.4,12,1766.1,0
2020-05-13 09:55:59,3,31,21.7,41,14.0,1007.1,1.7,2.4,10,1766.1,0
2020-05-13 09:58:59,3,31,21.7,42,14.2,1007.1,0.7,1.0,10,1766.1,0
2020-05-13 10:01:59,3,31,21.7,42,14.3,1006.9,1.4,1.7,10,1766.1,0
2020-05-13 10:04:59,3,31,21.7,42,14.3,1007.1,1.4,1.7,10,1766.1,0
2020-05-13 10:07:59,3,31,21.6,40,14.9,1006.9,2.7,3.7,9,1766.1,0
2020-05-13 10:10:59,3,31,21.6,39,15.1,1007.0,2.0,3.1,12,1766.1,0
2020-05-13 10:13:59,3,31,21.6,40,15.1,1006.9,0.7,1.0,12,1766.1,0
2020-05-13 10:16:59,3,31,21.6,40,14.9,1007.0,1.0,1.7,11,1766.1,0
2020-05-13 10:19:59,3,31,21.6,40,14.3,1006.9,1.7,2.4,8,1766.1,0
2020-05-13 10:22:59,3,31,21.6,40,13.9,1006.9,2.4,3.1,12,1766.1,0
2020-05-13 10:25:59,3,31,21.6,40,13.5,1006.9,1.4,1.7,14,1766.1,0
2020-05-13 10:28:59,3,31,21.6,41,13.2,1006.9,3.1,4.1,0,1766.1,0
2020-05-13 10:31:59,3,31,21.6,41,13.0,1007.0,1.4,2.0,14,1766.1,0
2020-05-13 10:34:59,3,31,21.5,41,12.9,1007.0,0.7,1.0,12,1766.1,0
2020-05-13 10:37:59,3,31,21.5,41,13.0,1006.8,1.7,2.0,10,1766.1,0
2020-05-13 10:40:59,3,31,21.5,41,12.8,1006.9,1.4,1.7,8,1766.1,0
2020-05-13 10:43:59,3,31,21.5,43,12.8,1006.9,0.3,0.7,12,1766.1,0
2020-05-13 10:46:59,3,31,21.5,43,13.0,1006.9,0.7,1.0,0,1766.1,0
2020-05-13 10:49:59,3,31,21.5,43,13.0,1007.0,1.0,2.0,12,1766.1,0
2020-05-13 10:52:59,3,31,21.5,43,12.9,1006.9,1.4,2.0,12,1766.1,0
2020-05-13 10:55:59,3,31,21.5,42,12.8,1007.0,1.4,1.7,10,1766.1,0
2020-05-13 10:58:59,3,31,21.5,42,12.7,1007.0,1.0,1.4,10,1766.1,0
2020-05-13 11:01:59,3,31,21.5,43,12.8,1006.9,1.0,1.4,8,1766.1,0
2020-05-13 11:04:59,3,31,21.5,42,12.8,1006.9,1.4,2.4,10,1766.1,0
2020-05-13 11:07:59,3,31,21.5,43,12.9,1006.8,0.7,1.0,14,1766.1,0
2020-05-13 11:10:59,3,31,21.4,44,13.2,1006.8,0,0.3,12,1766.1,0
2020-05-13 11:13:59,3,31,21.4,44,13.3,1006.8,1.0,1.4,12,1766.1,0
2020-05-13 11:16:59,3,32,21.5,43,13.4,1007.0,1.0,2.0,12,1766.1,0
2020-05-13 11:19:59,3,32,21.5,42,13.3,1007.0,1.4,1.7,12,1766.1,0
2020-05-13 11:22:59,3,32,21.4,42,13.2,1006.9,0.7,1.4,12,1766.1,0
2020-05-13 11:25:59,3,32,21.4,42,13.2,1006.9,2.0,2.4,10,1766.1,0
2020-05-13 11:28:59,3,32,21.4,42,13.2,1007.0,1.4,1.7,12,1766.1,0
2020-05-13 11:31:59,3,32,21.4,42,13.0,1007.0,1.0,1.7,0,1766.1,0
2020-05-13 11:34:59,3,32,21.4,43,12.9,1007.0,1.0,1.7,10,1766.1,0
2020-05-13 11:37:59,3,32,21.4,43,12.9,1007.0,1.0,1.4,10,1766.1,0
2020-05-13 11:40:59,3,32,21.4,42,12.9,1007.0,0.3,1.4,11,1766.1,0
2020-05-13 11:43:59,3,32,21.3,42,12.9,1007.0,1.7,2.0,12,1766.1,0
2020-05-13 11:46:59,3,32,21.3,42,12.8,1007.0,1.4,2.0,14,1766.1,0
2020-05-13 11:49:59,3,32,21.3,42,12.8,1006.9,0.7,1.4,12,1766.1,0
2020-05-13 11:52:59,3,32,21.3,43,12.8,1006.9,1.0,2.0,10,1766.1,0
2020-05-13 11:55:59,3,32,21.3,42,12.8,1006.9,1.0,1.7,14,1766.1,0
2020-05-13 11:58:59,3,32,21.3,43,12.8,1006.8,1.0,1.4,12,1766.1,0
2020-05-13 12:01:59,3,32,21.3,43,12.8,1006.8,1.0,1.7,14,1766.1,0
2020-05-13 12:04:59,3,32,21.3,43,12.8,1006.8,1.0,1.7,14,1766.1,0
2020-05-13 12:07:59,3,32,21.3,43,13.1,1006.8,1.7,2.0,12,1766.1,0
2020-05-13 12:10:59,3,32,21.3,42,13.1,1006.8,1.0,1.4,10,1766.1,0
2020-05-13 12:13:59,3,32,21.3,43,13.1,1006.8,3.1,3.7,12,1766.1,0
2020-05-13 12:16:59,3,32,21.3,43,13.1,1006.8,1.0,1.4,14,1766.1,0
2020-05-13 12:19:59,3,32,21.3,43,13.0,1006.8,1.0,1.7,14,1766.1,0
2020-05-13 12:22:59,3,33,21.3,44,13.1,1006.8,1.0,1.4,12,1766.1,0
2020-05-13 12:25:59,3,33,21.3,45,13.3,1006.7,0.7,1.0,14,1766.1,0
2020-05-13 12:28:59,3,33,21.3,43,13.7,1006.7,1.0,1.7,0,1766.1,0
2020-05-13 12:31:59,3,33,21.3,42,13.6,1006.6,1.4,1.7,2,1766.1,0
2020-05-13 12:34:59,3,33,21.3,42,13.8,1006.6,0.3,0.7,2,1766.1,0
2020-05-13 12:37:59,3,33,21.3,42,14.0,1006.5,1.7,2.0,12,1766.1,0
2020-05-13 12:40:59,3,33,21.3,41,14.0,1006.4,1.0,1.4,12,1766.1,0
2020-05-13 12:43:59,3,33,21.3,40,13.9,1006.4,1.7,3.1,12,1766.1,0
2020-05-13 12:46:59,3,33,21.3,41,13.8,1006.3,0.3,1.0,10,1766.1,0
2020-05-13 12:49:59,3,33,21.3,41,13.9,1006.3,1.7,2.0,10,1766.1,0
2020-05-13 12:52:59,3,33,21.3,41,13.9,1006.2,2.0,2.7,14,1766.1,0
2020-05-13 12:55:59,3,33,21.3,41,13.8,1006.2,1.0,1.4,10,1766.1,0
2020-05-13 12:58:59,3,33,21.3,42,13.9,1006.1,0.7,1.0,10,1766.1,0
2020-05-13 13:01:59,3,33,21.3,42,14.0,1006.1,0.7,1.0,10,1766.1,0
2020-05-13 13:04:59,3,33,21.3,42,14.2,1006.0,0.7,1.0,8,1766.1,0
2020-05-13 13:07:59,3,33,21.3,41,14.4,1006.0,1.0,1.4,12,1766.1,0
2020-05-13 13:10:59,3,33,21.3,40,14.2,1006.1,0.7,1.0,14,1766.1,0
2020-05-13 13:13:59,3,33,21.3,40,14.1,1006.1,1.0,1.7,10,1766.1,0
2020-05-13 13:16:59,3,33,21.3,41,14.0,1006.1,0.7,1.0,10,1766.1,0
2020-05-13 13:19:59,3,33,21.3,41,14.1,1006.2,0.7,1.0,10,1766.1,0
2020-05-13 13:22:59,3,33,21.3,41,14.3,1006.2,0.3,0.7,10,1766.1,0
2020-05-13 13:25:59,3,33,21.3,40,14.5,1006.2,2.4,3.1,10,1766.1,0
2020-05-13 13:28:59,3,33,21.3,40,14.5,1006.2,0.3,1.0,10,1766.1,0
2020-05-13 13:31:59,3,33,21.3,38,14.3,1006.1,1.0,1.4,0,1766.1,0
2020-05-13 13:34:59,3,33,21.3,39,14.2,1006.1,0.7,1.0,4,1766.1,0
2020-05-13 13:37:59,3,33,21.3,39,14.1,1006.0,0.7,1.0,12,1766.1,0
2020-05-13 13:40:59,3,33,21.3,39,14.2,1005.9,0.7,1.0,12,1766.1,0
2020-05-13 13:43:59,3,33,21.3,40,14.2,1005.8,0.3,0.7,0,1766.1,0
2020-05-13 13:46:59,3,33,21.3,40,14.2,1005.9,1.0,1.4,12,1766.1,0
2020-05-13 13:49:59,3,33,21.3,38,14.1,1006.0,1.0,1.7,14,1766.1,0
2020-05-13 13:52:59,3,33,21.3,38,13.8,1005.9,1.0,1.4,2,1766.1,0
2020-05-13 13:55:59,3,33,21.3,39,13.8,1005.8,0.3,0.7,14,1766.1,0
2020-05-13 13:58:59,3,33,21.3,40,13.9,1005.8,0.7,1.0,0,1766.1,0
2020-05-13 14:01:59,3,33,21.3,40,14.0,1005.8,0.3,0.7,4,1766.1,0
2020-05-13 14:04:59,3,33,21.4,40,14.0,1005.8,0.3,0.7,4,1766.1,0
2020-05-13 14:07:59,3,33,21.4,40,14.5,1005.7,1.0,1.7,10,1766.1,0
2020-05-13 14:10:59,3,33,21.5,40,14.5,1005.7,1.7,2.0,14,1766.1,0
2020-05-13 14:13:59,3,33,21.5,39,14.4,1005.8,1.4,2.0,2,1766.1,0
2020-05-13 14:16:59,3,33,21.5,40,14.6,1005.7,0.7,1.0,12,1766.1,0
2020-05-13 14:19:59,3,33,21.5,40,14.7,1005.6,0.7,1.4,14,1766.1,0
2020-05-13 14:22:59,3,33,21.5,40,14.6,1005.6,0.7,1.0,13,1766.1,0
2020-05-13 14:25:59,3,33,21.5,40,14.5,1005.6,0.3,1.0,12,1766.1,0
2020-05-13 14:28:59,3,33,21.6,40,14.3,1005.6,0,0,0,1766.1,0
2020-05-13 14:31:59,3,33,21.6,40,14.1,1005.6,1.0,1.4,2,1766.1,0
2020-05-13 14:34:59,3,33,21.6,40,14.0,1005.5,0.7,1.0,4,1766.1,0
2020-05-13 14:37:59,3,33,21.6,40,14.0,1005.5,0.3,0.7,14,1766.1,0
2020-05-13 14:40:59,3,33,21.6,41,14.1,1005.5,0.7,1.0,14,1766.1,0
2020-05-13 14:43:59,3,32,21.7,41,14.4,1005.4,0.7,1.0,2,1766.1,0
2020-05-13 14:46:59,3,33,21.7,40,14.8,1005.5,1.7,2.0,0,1766.1,0
2020-05-13 14:49:59,3,33,21.7,39,15.0,1005.4,0.7,1.4,2,1766.1,0
2020-05-13 14:52:59,3,32,21.7,38,15.4,1005.4,0.3,0.7,14,1766.1,0
2020-05-13 14:55:59,3,33,21.7,36,15.6,1005.4,1.4,2.0,14,1766.1,0
2020-05-13 14:58:59,3,32,21.7,34,15.4,1005.5,1.4,2.0,0,1766.1,0
2020-05-13 15:01:59,3,32,21.8,36,15.4,1005.5,0.3,0.7,13,1766.1,0
2020-05-13 15:04:59,3,33,21.8,36,15.7,1005.5,1.0,1.4,14,1766.1,0
2020-05-13 15:07:59,3,33,21.8,36,15.8,1005.5,1.4,2.0,0,1766.1,0
2020-05-13 15:10:59,3,33,21.8,34,15.5,1005.5,0.7,1.0,14,1766.1,0
2020-05-13 15:13:59,3,33,21.8,35,15.3,1005.6,0,0.3,2,1766.1,0
2020-05-13 15:16:59,3,33,21.8,36,15.2,1005.6,0.3,0.7,8,1766.1,0
2020-05-13 15:19:59,3,33,21.8,35,15.2,1005.6,1.0,1.4,10,1766.1,0
2020-05-13 15:22:59,3,33,21.8,34,15.3,1005.6,0.7,1.0,8,1766.1,0
2020-05-13 15:25:59,3,33,21.8,34,15.3,1005.6,1.4,1.7,14,1766.1,0
2020-05-13 15:28:59,3,33,21.8,36,15.6,1005.6,1.4,1.7,12,1766.1,0
2020-05-13 15:31:59,3,33,21.8,35,15.6,1005.6,0.7,1.0,14,1766.1,0
2020-05-13 15:34:59,3,32,21.8,36,15.4,1005.6,1.0,1.4,14,1766.1,0
2020-05-13 15:37:59,3,32,21.9,35,15.2,1005.5,0.7,1.0,12,1766.1,0
2020-05-13 15:40:59,3,32,21.9,36,15.0,1005.6,0.7,1.4,12,1766.1,0
2020-05-13 15:43:59,3,32,21.9,37,14.8,1005.6,1.0,1.4,12,1766.1,0
2020-05-13 15:46:59,3,32,21.9,37,14.6,1005.6,0.3,0.3,12,1766.1,0
2020-05-13 15:49:59,3,32,21.9,37,14.5,1005.5,0.7,1.0,12,1766.1,0
2020-05-13 15:52:59,3,32,21.9,37,14.4,1005.4,1.0,1.4,2,1766.1,0
2020-05-13 15:55:59,3,32,21.9,37,14.3,1005.4,0.7,1.0,0,1766.1,0
2020-05-13 15:58:59,3,32,21.9,36,14.3,1005.6,0.7,1.0,0,1766.1,0
2020-05-13 16:01:59,3,32,21.9,36,14.3,1005.4,1.0,1.4,12,1766.1,0
2020-05-13 16:04:59,3,32,21.9,36,14.3,1005.4,1.0,1.4,12,1766.1,0
2020-05-13 16:07:59,3,32,21.9,40,14.5,1005.3,1.4,1.7,12,1766.1,0
2020-05-13 16:10:59,3,32,21.9,38,15.0,1005.3,0,0.3,6,1766.1,0
2020-05-13 16:13:59,3,32,21.9,39,15.5,1005.3,0,0,0,1766.1,0
2020-05-13 16:16:59,3,32,21.9,36,16.2,1005.2,0.3,0.7,2,1766.1,0
2020-05-13 16:19:59,3,32,21.9,35,16.9,1005.2,0,0.3,14,1766.1,0
2020-05-13 16:22:59,3,31,22.0,32,17.3,1005.2,1.4,1.7,12,1766.1,0
2020-05-13 16:25:59,3,33,21.9,32,17.2,1005.1,0.3,0.7,0,1766.1,0
2020-05-13 16:28:59,3,32,22.0,32,17.0,1005.2,0.7,1.0,14,1766.1,0
2020-05-13 16:31:59,3,32,22.1,33,17.1,1005.2,0,0.3,14,1766.1,0
2020-05-13 16:34:59,3,32,22.1,32,17.1,1005.3,0.7,1.0,0,1766.1,0
2020-05-13 16:37:59,3,32,22.1,32,17.1,1005.2,0,0.3,0,1766.1,0
2020-05-13 16:40:59,3,32,22.1,32,17.3,1005.1,0.3,0.7,12,1766.1,0
2020-05-13 16:43:59,3,32,22.1,30,17.5,1005.0,0,0.3,10,1766.1,0
2020-05-13 16:46:59,3,32,22.1,32,17.4,1005.1,0,0.3,0,1766.1,0
2020-05-13 16:49:59,3,32,22.1,33,16.8,1005.1,0,0,0,1766.1,0
2020-05-13 16:52:59,3,32,22.2,33,16.1,1005.0,0,0.3,6,1766.1,0
2020-05-13 16:55:59,3,32,22.2,34,15.5,1005.1,0.3,0.7,12,1766.1,0
2020-05-13 16:58:59,3,32,22.2,35,15.0,1005.2,0,0,0,1766.1,0
2020-05-13 17:01:59,3,32,22.2,36,14.7,1005.2,0,0,14,1766.1,0
2020-05-13 17:04:59,3,32,22.2,38,14.3,1005.2,0.3,0.7,0,1766.1,0
2020-05-13 17:07:59,3,32,22.2,40,14.1,1005.2,0,0.3,14,1766.1,0
2020-05-13 17:10:59,3,32,22.2,40,13.9,1005.1,0,0,0,1766.1,0
2020-05-13 17:13:59,3,32,22.2,41,14.0,1005.2,0,0.3,14,1766.1,0
2020-05-13 17:16:59,3,32,22.2,42,14.4,1005.1,0,0,14,1766.1,0
2020-05-13 17:19:59,3,32,22.2,41,15.0,1005.1,0,0.3,14,1766.1,0
2020-05-13 17:22:59,3,32,22.2,41,15.3,1005.2,0.7,1.0,12,1766.1,0
2020-05-13 17:25:59,3,32,22.2,40,15.2,1005.2,0,0,0,1766.1,0
2020-05-13 17:28:59,3,32,22.2,40,14.8,1005.1,0,0.3,14,1766.1,0
2020-05-13 17:31:59,3,32,22.2,40,14.5,1005.1,0,0.3,14,1766.1,0
2020-05-13 17:34:59,3,32,22.2,40,14.2,1005.2,0,0.3,14,1766.1,0
2020-05-13 17:37:59,3,32,22.2,41,14.0,1005.1,0,0,0,1766.1,0
2020-05-13 17:40:59,3,32,22.2,41,13.7,1005.1,0,0,14,1766.1,0
2020-05-13 17:43:59,3,32,22.2,42,13.6,1005.1,0,0,14,1766.1,0
2020-05-13 17:46:59,3,32,22.2,42,13.7,1005.2,0,0,0,1766.1,0
2020-05-13 17:49:59,3,32,22.3,43,13.9,1005.1,0,0,0,1766.1,0
2020-05-13 17:52:59,3,32,22.2,42,14.3,1005.1,0,0,0,1766.1,0
2020-05-13 17:55:59,3,32,22.3,42,14.6,1005.2,0,0,14,1766.1,0
2020-05-13 17:58:59,3,32,22.3,41,14.8,1005.1,0,0,14,1766.1,0
2020-05-13 18:01:59,3,32,22.3,41,14.8,1005.2,0,0,14,1766.1,0
2020-05-13 18:04:59,3,32,22.3,41,14.8,1005.1,0,0,14,1766.1,0
2020-05-13 18:07:59,3,32,22.3,41,14.2,1005.2,0,0,12,1766.1,0
2020-05-13 18:10:59,3,32,22.3,42,13.9,1005.2,0,0,0,1766.1,0
2020-05-13 18:13:59,3,32,22.3,42,13.7,1005.2,0,0.3,0,1766.1,0
2020-05-13 18:16:59,3,32,22.3,43,13.4,1005.2,0,0,0,1766.1,0
2020-05-13 18:19:59,3,32,22.3,45,13.2,1005.3,0,0,0,1766.1,0
2020-05-13 18:22:59,3,32,22.3,49,13.0,1005.2,0,0.3,0,1766.1,0
2020-05-13 18:25:59,3,32,22.3,50,12.8,1005.2,0,0,0,1766.1,0
2020-05-13 18:28:59,3,32,22.3,51,12.5,1005.2,0,0,0,1766.1,0
2020-05-13 18:31:59,3,32,22.3,53,12.2,1005.3,0,0,0,1766.1,0
2020-05-13 18:34:59,3,32,22.3,53,12.0,1005.3,0,0,0,1766.1,0
2020-05-13 18:37:59,3,32,22.3,54,11.8,1005.2,0,0,0,1766.1,0
2020-05-13 18:40:59,3,32,22.3,56,11.5,1005.4,0,0,0,1766.1,0
2020-05-13 18:43:59,3,32,22.3,57,11.3,1005.4,0,0,0,1766.1,0
2020-05-13 18:46:59,3,32,22.3,59,11.1,1005.4,0,0.3,0,1766.1,0
2020-05-13 18:49:59,3,32,22.3,60,10.9,1005.4,0,0,0,1766.1,0
2020-05-13 18:52:59,3,32,22.3,60,10.6,1005.5,0,0,0,1766.1,0
2020-05-13 18:55:59,3,32,22.3,60,10.4,1005.4,0,0,0,1766.1,0
2020-05-13 18:58:59,3,32,22.3,61,10.2,1005.5,0.3,0.7,2,1766.1,0
2020-05-13 19:01:59,3,32,22.3,62,10.1,1005.5,0,0,0,1766.1,0
2020-05-13 19:04:59,3,32,22.3,63,9.9,1005.5,0,0,2,1766.1,0
2020-05-13 19:07:59,3,32,22.3,63,9.7,1005.5,0.7,1.0,0,1766.1,0
2020-05-13 19:10:59,3,32,22.3,63,9.5,1005.6,0,0,4,1766.1,0
2020-05-13 19:13:59,3,32,22.3,64,9.4,1005.5,0,0,4,1766.1,0
2020-05-13 19:16:59,3,32,22.3,64,9.2,1005.5,0,0,4,1766.1,0
2020-05-13 19:19:59,3,32,22.3,64,9.0,1005.6,0,0,4,1766.1,0
2020-05-13 19:22:59,3,32,22.3,64,8.8,1005.6,0,0,0,1766.1,0
2020-05-13 19:25:59,3,32,22.3,65,8.7,1005.6,0,0,0,1766.1,0
2020-05-13 19:28:59,3,32,22.3,66,8.6,1005.6,0,0,0,1766.1,0
2020-05-13 19:31:59,3,32,22.3,67,8.5,1005.7,0,0,0,1766.1,0
2020-05-13 19:34:59,3,32,22.3,69,8.4,1005.7,0,0,0,1766.1,0
2020-05-13 19:37:59,3,32,22.3,70,8.3,1005.7,0.7,1.0,14,1766.1,0
2020-05-13 19:40:59,3,31,22.3,69,8.5,1005.7,0.3,0.7,0,1766.1,0
2020-05-13 19:43:59,3,31,22.3,68,8.6,1005.7,0,0,14,1766.1,0
2020-05-13 19:46:59,3,31,22.3,67,8.7,1005.7,0,0.7,0,1766.1,0
2020-05-13 19:49:59,3,31,22.3,66,8.8,1005.7,0.7,1.0,0,1766.1,0
2020-05-13 19:52:59,3,31,22.3,66,8.8,1005.7,0.7,1.0,0,1766.1,0
2020-05-13 19:55:59,3,31,22.3,66,8.8,1005.7,1.0,1.4,0,1766.1,0
2020-05-13 19:58:59,3,31,22.3,66,8.9,1005.9,0.7,1.0,0,1766.1,0
2020-05-13 20:01:59,3,31,22.3,66,8.9,1005.7,0.3,0.7,0,1766.1,0
2020-05-13 20:04:59,3,31,22.3,66,8.9,1005.7,0.3,0.7,0,1766.1,0
2020-05-13 20:07:59,3,31,22.3,66,8.9,1005.8,0.7,1.0,0,1766.1,0
2020-05-13 20:10:59,3,31,22.3,66,8.9,1005.8,0.7,1.4,14,1766.1,0
2020-05-13 20:13:59,3,31,22.3,66,8.9,1005.8,0.7,1.4,0,1766.1,0
2020-05-13 20:16:59,3,31,22.3,66,9.0,1005.8,1.0,1.4,0,1766.1,0
2020-05-13 20:19:59,3,31,22.3,67,9.0,1005.9,0.3,0.7,14,1766.1,0
2020-05-13 20:22:59,3,31,22.3,67,8.9,1005.9,0.7,1.0,14,1766.1,0
2020-05-13 20:25:59,3,31,22.3,67,8.9,1006.0,0.7,0.7,0,1766.1,0
2020-05-13 20:28:59,3,31,22.3,68,8.8,1005.9,0,0.7,0,1766.1,0
2020-05-13 20:31:59,3,31,22.3,69,8.7,1006.1,0.7,1.0,0,1766.1,0
2020-05-13 20:34:59,3,31,22.3,70,8.7,1006.0,0.7,1.0,0,1766.1,0
2020-05-13 20:37:59,3,31,22.3,70,8.7,1006.0,0.7,1.4,0,1766.1,0
2020-05-13 20:40:59,3,31,22.3,70,8.7,1006.0,1.4,1.7,14,1766.1,0
2020-05-13 20:43:59,3,31,22.3,71,8.6,1006.1,0.3,0.7,0,1766.1,0
2020-05-13 20:46:59,3,31,22.3,71,8.6,1006.1,0.7,1.0,0,1766.1,0
2020-05-13 20:49:59,3,31,22.3,71,8.6,1006.1,0.7,1.0,14,1766.1,0
2020-05-13 20:52:59,3,31,22.3,71,8.5,1006.2,1.0,1.7,0,1766.1,0
2020-05-13 20:55:59,3,31,22.3,72,8.4,1006.2,1.4,1.7,2,1766.1,0
2020-05-13 20:58:59,3,31,22.3,72,8.4,1006.2,0.7,0.7,0,1766.1,0
2020-05-13 21:01:59,3,31,22.3,72,8.4,1006.3,0.7,1.0,0,1766.1,0
2020-05-13 21:04:59,3,31,22.3,72,8.3,1006.3,1.4,2.4,0,1766.1,0
2020-05-13 21:07:59,3,31,22.3,73,8.3,1006.3,2.0,2.7,0,1766.1,0
2020-05-13 21:10:59,3,31,22.3,73,8.3,1006.3,1.0,1.7,2,1766.1,0
2020-05-13 21:13:59,3,31,22.3,73,8.3,1006.2,2.0,2.4,14,1766.1,0
2020-05-13 21:16:59,3,31,22.2,73,8.2,1006.4,1.0,1.7,2,1766.1,0
2020-05-13 21:19:59,3,31,22.2,73,8.2,1006.3,2.0,2.7,2,1766.1,0
2020-05-13 21:22:59,3,31,22.2,73,8.2,1006.3,1.4,2.0,12,1766.1,0
2020-05-13 21:25:59,3,31,22.2,72,8.1,1006.4,1.7,2.0,0,1766.1,0
2020-05-13 21:28:59,3,31,22.2,72,8.1,1006.4,1.7,2.4,2,1766.1,0
2020-05-13 21:31:59,3,31,22.2,72,8.0,1006.4,0.3,0.7,2,1766.1,0
2020-05-13 21:34:59,3,31,22.2,72,8.0,1006.5,1.0,1.4,0,1766.1,0
2020-05-13 21:37:59,3,31,22.2,73,7.9,1006.5,1.0,1.7,2,1766.1,0
2020-05-13 21:40:59,3,31,22.2,73,7.9,1006.5,0.7,1.4,0,1766.1,0
2020-05-13 21:43:59,3,31,22.2,73,7.8,1006.6,1.4,1.7,2,1766.1,0
2020-05-13 21:46:59,3,31,22.2,73,7.8,1006.5,1.7,2.0,0,1766.1,0
2020-05-13 21:49:59,3,31,22.2,73,7.8,1006.5,0.7,1.4,0,1766.1,0
2020-05-13 21:52:59,3,31,22.2,73,7.7,1006.5,0.7,0.7,1,1766.1,0
2020-05-13 21:55:59,3,31,22.2,73,7.6,1006.5,0.7,1.4,2,1766.1,0
2020-05-13 21:58:59,3,31,22.1,73,7.6,1006.6,1.0,1.7,0,1766.1,0
2020-05-13 22:01:59,3,31,22.1,73,7.6,1006.6,0.7,1.4,14,1766.1,0
2020-05-13 22:04:59,3,31,22.1,73,7.6,1006.7,0.7,1.4,14,1766.1,0
2020-05-13 22:07:59,3,31,22.1,80,7.4,1006.7,1.0,1.4,0,1766.1,0
2020-05-13 22:10:59,3,31,22.1,80,7.4,1006.7,1.0,1.4,0,1766.1,0
2020-05-13 22:13:59,3,31,22.1,80,7.3,1006.6,2.0,2.4,0,1766.1,0
2020-05-13 22:16:59,3,31,22.1,81,7.2,1006.6,0,0.3,0,1766.1,0
2020-05-13 22:19:59,3,31,22.1,81,7.1,1006.5,0.7,1.0,0,1766.1,0
2020-05-13 22:22:59,3,31,22.0,81,7.1,1006.8,0.7,1.0,14,1766.1,0
2020-05-13 22:25:59,3,31,22.0,81,7.0,1006.7,0,0,0,1766.1,0
2020-05-13 22:28:59,3,31,22.0,81,6.9,1006.6,0.7,1.0,2,1766.1,0
2020-05-13 22:31:59,3,31,22.0,81,6.9,1006.7,0.3,0.7,0,1766.1,0
2020-05-13 22:34:59,3,31,22.0,81,6.8,1006.7,0.7,1.0,0,1766.1,0
2020-05-13 22:37:59,3,32,21.9,81,6.7,1006.7,0.3,0.7,0,1766.1,0
2020-05-13 22:40:59,3,32,21.9,82,6.6,1006.8,0.7,1.0,14,1766.1,0
2020-05-13 22:43:59,3,32,21.9,82,6.6,1006.7,0,0,14,1766.1,0
2020-05-13 22:46:59,3,31,21.9,82,6.4,1006.7,0,0,0,1766.1,0
2020-05-13 22:49:59,3,31,21.9,82,6.4,1006.7,0,0,0,1766.1,0
2020-05-13 22:52:59,3,31,21.9,82,6.3,1006.7,0,0.3,0,1766.1,0
2020-05-13 22:55:59,3,31,21.9,82,6.2,1006.7,0,0.3,0,1766.1,0
2020-05-13 22:58:59,3,31,21.9,82,6.1,1006.7,0,0,0,1766.1,0
2020-05-13 23:01:59,3,31,21.9,82,6.0,1006.6,0,0.3,0,1766.1,0
2020-05-13 23:04:59,3,31,21.9,82,5.9,1006.7,0,0,0,1766.1,0
2020-05-13 23:07:59,3,31,21.9,83,5.9,1006.7,0,0,2,1766.1,0
2020-05-13 23:10:59,3,31,21.9,83,5.8,1006.8,0,0,2,1766.1,0
2020-05-13 23:13:59,3,31,21.8,83,5.7,1006.7,0,0,14,1766.1,0
2020-05-13 23:16:59,3,31,21.8,83,5.6,1006.7,0,0.3,4,1766.1,0
2020-05-13 23:19:59,3,31,21.8,83,5.6,1006.7,0,0,4,1766.1,0
2020-05-13 23:22:59,3,31,21.8,84,5.5,1006.7,0,0,4,1766.1,0
2020-05-13 23:25:59,3,31,21.8,84,5.5,1006.6,0,0,4,1766.1,0
2020-05-13 23:28:59,3,31,21.8,84,5.4,1006.6,0,0,4,1766.1,0
2020-05-13 23:31:59,3,31,21.8,84,5.4,1006.6,0,0,4,1766.1,0
2020-05-13 23:34:59,3,31,21.7,84,5.3,1006.6,0,0,4,1766.1,0
2020-05-13 23:37:59,3,31,21.7,84,5.3,1006.5,0,0,4,1766.1,0
2020-05-13 23:40:59,3,31,21.7,85,5.2,1006.5,0,0,4,1766.1,0
2020-05-13 23:43:59,3,31,21.7,85,5.2,1006.6,0,0.3,0,1766.1,0
2020-05-13 23:46:59,3,31,21.7,85,5.2,1006.5,0,0,0,1766.1,0
2020-05-13 23:49:59,3,31,21.7,86,5.2,1006.6,0,0,0,1766.1,0
2020-05-13 23:52:59,3,31,21.7,86,5.2,1006.6,0,0,0,1766.1,0
2020-05-13 23:55:59,3,31,21.7,87,5.3,1006.7,0.3,0.7,0,1766.1,0
2020-05-13 23:58:59,3,31,21.7,87,5.3,1006.7,0,0,14,1766.1,0
