2020-05-19 00:02:00,3,34,23.4,80,12.1,1013.5,0,0,0,1766.1,0
2020-05-19 00:05:00,3,34,23.4,80,12.1,1013.5,0,0,0,1766.1,0
2020-05-19 00:08:00,3,34,23.4,78,12.4,1013.4,0,0,14,1766.1,0
2020-05-19 00:11:00,3,34,23.4,74,12.5,1013.5,0,0,14,1766.1,0
2020-05-19 00:14:00,3,34,23.4,77,12.4,1013.4,0,0,14,1766.1,0
2020-05-19 00:17:00,3,34,23.4,76,12.4,1013.4,0,0,14,1766.1,0
2020-05-19 00:20:00,3,34,23.4,76,12.3,1013.4,0,0,14,1766.1,0
2020-05-19 00:23:00,3,34,23.4,76,12.2,1013.5,0,0,14,1766.1,0
2020-05-19 00:26:00,3,34,23.4,76,12.2,1013.5,0,0,0,1766.1,0
2020-05-19 00:29:00,3,34,23.4,76,12.1,1013.4,0.3,0.7,14,1766.1,0
2020-05-19 00:32:00,3,34,23.4,76,12.1,1013.3,0,0.3,14,1766.1,0
2020-05-19 00:35:00,3,34,23.3,76,12.0,1013.4,0,0.3,14,1766.1,0
2020-05-19 00:38:00,3,34,23.4,77,12.0,1013.4,0,0,12,1766.1,0
2020-05-19 00:41:00,3,34,23.3,77,12.0,1013.3,0.7,1.0,12,1766.1,0
2020-05-19 00:44:00,3,34,23.3,77,12.1,1013.3,0,0,14,1766.1,0
2020-05-19 00:47:00,3,34,23.3,77,12.0,1013.4,0,0,11,1766.1,0
2020-05-19 00:50:00,3,34,23.3,77,12.0,1013.3,0,0,14,1766.1,0
2020-05-19 00:53:00,3,34,23.3,77,11.9,1013.3,0,0,14,1766.1,0
2020-05-19 00:56:00,3,34,23.3,77,11.8,1013.3,0,0,14,1766.1,0
2020-05-19 00:59:00,3,34,23.3,77,11.8,1013.2,0,0,14,1766.1,0
2020-05-19 01:02:00,3,34,23.3,78,11.7,1013.2,0,0,14,1766.1,0
2020-05-19 01:05:00,3,34,23.3,78,11.7,1013.1,0,0,14,1766.1,0
2020-05-19 01:08:00,3,34,23.3,78,11.7,1013.3,0,0,14,1766.1,0
2020-05-19 01:11:00,3,34,23.2,78,11.6,1013.3,0,0,14,1766.1,0
2020-05-19 01:14:00,3,34,23.2,79,11.6,1013.2,0,0,14,1766.1,0
2020-05-19 01:17:00,3,34,23.1,79,11.6,1013.3,0,0,0,1766.1,0
2020-05-19 01:20:00,3,34,23.1,80,11.6,1013.3,0,0,0,1766.1,0
2020-05-19 01:23:00,3,34,23.1,80,11.6,1013.4,0,0,0,1766.1,0
2020-05-19 01:26:00,3,34,23.1,80,11.6,1013.3,0,0,0,1766.1,0
2020-05-19 01:29:00,3,34,23.1,80,11.5,1013.4,0,0,0,1766.1,0
2020-05-19 01:32:00,3,34,23.1,80,11.5,1013.3,0,0,0,1766.1,0
2020-05-19 01:35:00,3,34,23.1,80,11.5,1013.4,0,0,0,1766.1,0
2020-05-19 01:38:00,3,34,23.1,80,11.5,1013.4,0,0,0,1766.1,0
2020-05-19 01:41:00,3,34,23.1,80,11.4,1013.4,0,0,0,1766.1,0
2020-05-19 01:44:00,3,34,23.1,80,11.4,1013.4,0,0,14,1766.1,0
2020-05-19 01:47:00,3,34,23.1,80,11.5,1013.4,0,0,14,1766.1,0
2020-05-19 01:50:00,3,34,23.1,81,11.5,1013.4,0.3,0.3,12,1766.1,0
2020-05-19 01:53:00,3,34,23.1,81,11.8,1013.3,1.0,1.4,14,1766.1,0
2020-05-19 01:56:00,3,34,23.1,82,12.1,1013.3,0.7,1.0,14,1766.1,0
2020-05-19 01:59:00,3,34,23.0,81,12.4,1013.3,0.3,1.4,14,1766.1,0
2020-05-19 02:02:00,3,34,23.0,81,12.4,1013.3,1.0,1.7,14,1766.1,0
2020-05-19 02:05:00,3,34,23.0,81,12.4,1013.2,1.0,1.7,14,1766.1,0
2020-05-19 02:08:00,3,34,23.0,76,12.7,1013.2,0,0.3,12,1766.1,0
2020-05-19 02:11:00,3,34,23.0,75,12.7,1013.2,0.7,1.0,14,1766.1,0
2020-05-19 02:14:00,3,34,23.0,75,12.7,1013.1,0.7,1.0,14,1766.1,0
2020-05-19 02:17:00,3,34,23.0,75,12.7,1013.1,0.7,1.0,0,1766.1,0
2020-05-19 02:20:00,3,34,23.0,75,12.7,1013.1,0.3,0.7,12,1766.1,0
2020-05-19 02:23:00,3,34,23.0,74,12.7,1013.1,0.7,1.0,14,1766.1,0
2020-05-19 02:26:00,3,34,23.0,74,12.7,1013.1,0.3,1.0,12,1766.1,0
2020-05-19 02:29:00,3,34,23.0,74,12.8,1013.1,0,0,12,1766.1,0
2020-05-19 02:32:00,3,34,23.0,75,12.8,1013.1,1.0,1.7,12,1766.1,0
2020-05-19 02:35:00,3,34,23.0,75,12.8,1013.1,1.0,2.0,14,1766.1,0
2020-05-19 02:38:00,3,34,23.0,75,12.8,1013.1,1.0,1.4,12,1766.1,0
2020-05-19 02:41:00,3,34,23.0,75,12.9,1013.1,1.0,1.4,14,1766.1,0
2020-05-19 02:44:00,3,34,23.0,75,12.9,1013.1,0.7,1.4,12,1766.1,0
2020-05-19 02:47:00,3,34,23.0,75,12.9,1013.1,1.7,2.4,12,1766.1,0
2020-05-19 02:50:00,3,33,22.9,75,12.9,1013.0,1.0,1.7,14,1766.1,0
2020-05-19 02:53:00,3,33,22.9,74,12.9,1013.0,0.3,1.0,14,1766.1,0
2020-05-19 02:56:00,3,33,22.9,74,12.9,1013.0,0.7,1.0,14,1766.1,0
2020-05-19 02:59:00,3,33,22.9,74,12.9,1012.9,0.7,1.4,14,1766.1,0
2020-05-19 03:02:00,3,33,22.9,74,12.9,1013.0,0.7,1.0,12,1766.1,0
2020-05-19 03:05:00,3,33,22.9,74,12.9,1013.0,0.7,1.0,12,1766.1,0
2020-05-19 03:08:00,3,33,22.9,74,12.9,1013.1,0.7,1.0,14,1766.1,0
2020-05-19 03:11:00,3,33,22.9,74,12.9,1013.0,1.7,2.4,12,1766.1,0
2020-05-19 03:14:00,3,33,22.9,74,12.9,1013.0,0.7,1.0,12,1766.1,0
2020-05-19 03:17:00,3,33,22.9,74,12.9,1013.0,1.0,1.4,12,1766.1,0
2020-05-19 03:20:00,3,33,22.9,74,12.9,1013.0,0,0,12,1766.1,0
2020-05-19 03:23:00,3,33,22.9,74,12.9,1013.0,0.3,0.7,12,1766.1,0
2020-05-19 03:26:00,3,33,22.8,75,12.8,1013.0,1.0,1.4,12,1766.1,0
2020-05-19 03:29:00,3,33,22.8,75,12.8,1013.0,0,0.7,12,1766.1,0
2020-05-19 03:32:00,3,33,22.8,75,12.8,1013.0,1.0,1.7,14,1766.1,0
2020-05-19 03:35:00,3,33,22.8,75,12.8,1013.0,0.3,1.0,12,1766.1,0
2020-05-19 03:38:00,3,33,22.8,76,12.8,1013.0,1.0,1.4,14,1766.1,0
2020-05-19 03:41:00,3,33,22.7,76,12.8,1013.1,0.7,1.0,12,1766.1,0
2020-05-19 03:44:00,3,33,22.7,76,12.8,1013.0,0.7,1.4,14,1766.1,0
2020-05-19 03:47:00,3,33,22.7,76,12.8,1013.1,0.3,0.7,12,1766.1,0
2020-05-19 03:50:00,3,33,22.7,77,12.8,1013.0,0.3,0.7,12,1766.1,0
2020-05-19 03:53:00,3,33,22.7,77,12.8,1013.0,1.0,1.4,12,1766.1,0
2020-05-19 03:56:00,3,33,22.7,77,12.8,1013.0,0.7,1.0,12,1766.1,0
2020-05-19 03:59:00,3,33,22.7,77,12.7,1013.0,1.0,1.4,12,1766.1,0
2020-05-19 04:02:00,3,33,22.7,77,12.7,1013.1,1.0,1.4,12,1766.1,0
2020-05-19 04:05:00,3,33,22.7,77,12.7,1013.1,1.0,1.4,12,1766.1,0
2020-05-19 04:08:00,3,33,22.7,77,12.7,1013.1,2.0,3.1,14,1766.1,0
2020-05-19 04:11:00,3,33,22.7,77,12.7,1013.1,0.7,1.0,12,1766.1,0
2020-05-19 04:14:00,3,33,22.7,77,12.7,1013.0,0.3,0.7,12,1766.1,0
2020-05-19 04:17:00,3,33,22.7,77,12.8,1013.0,1.0,1.4,12,1766.1,0
2020-05-19 04:20:00,3,33,22.7,77,12.8,1013.0,1.4,2.0,12,1766.1,0
2020-05-19 04:23:00,3,33,22.7,77,12.8,1013.0,1.0,1.4,14,1766.1,0
2020-05-19 04:26:00,3,33,22.7,77,12.8,1013.0,2.4,3.1,12,1766.1,0
2020-05-19 04:29:00,3,33,22.7,77,12.8,1013.0,1.4,1.7,12,1766.1,0
2020-05-19 04:32:00,3,33,22.7,77,12.9,1013.1,1.0,1.4,12,1766.1,0
2020-05-19 04:35:00,3,33,22.8,77,12.9,1013.1,1.4,1.7,14,1766.1,0
2020-05-19 04:38:00,3,33,22.8,77,12.9,1013.2,1.0,1.4,14,1766.1,0
2020-05-19 04:41:00,3,33,22.8,76,12.9,1013.2,1.4,2.0,14,1766.1,0
2020-05-19 04:44:00,3,33,22.8,76,13.0,1013.2,1.0,1.4,12,1766.1,0
2020-05-19 04:47:00,3,33,22.9,76,13.0,1013.2,1.0,1.7,12,1766.1,0
2020-05-19 04:50:00,3,34,22.9,76,13.0,1013.3,1.7,2.7,12,1766.1,0
2020-05-19 04:53:00,3,34,22.9,76,13.0,1013.4,1.7,2.0,14,1766.1,0
2020-05-19 04:56:00,3,34,22.9,76,13.0,1013.3,1.0,2.0,12,1766.1,0
2020-05-19 04:59:00,3,34,22.9,75,13.0,1013.3,1.4,1.7,12,1766.1,0
2020-05-19 05:02:00,3,34,22.9,75,13.0,1013.3,1.4,2.0,14,1766.1,0
2020-05-19 05:05:00,3,34,22.9,75,13.0,1013.3,1.4,2.0,12,1766.1,0
2020-05-19 05:08:00,3,34,22.9,75,13.1,1013.3,1.7,2.4,12,1766.1,0
2020-05-19 05:11:00,3,34,22.9,75,13.1,1013.2,0.3,0.7,12,1766.1,0
2020-05-19 05:14:00,3,34,22.9,75,13.1,1013.3,0.7,1.0,12,1766.1,0
2020-05-19 05:17:00,3,34,22.9,75,13.2,1013.3,0,0.3,10,1766.1,0
2020-05-19 05:20:00,3,34,22.9,75,13.2,1013.4,1.4,2.0,12,1766.1,0
2020-05-19 05:23:00,3,34,22.9,75,13.2,1013.4,0.7,1.0,12,1766.1,0
2020-05-19 05:26:00,3,34,22.9,75,13.2,1013.4,1.0,1.4,12,1766.1,0
2020-05-19 05:29:00,3,34,22.9,75,13.2,1013.4,1.0,1.0,12,1766.1,0
2020-05-19 05:32:00,3,34,22.9,76,13.2,1013.3,1.0,1.4,14,1766.1,0
2020-05-19 05:35:00,3,34,22.9,75,13.2,1013.3,0.7,1.0,12,1766.1,0
2020-05-19 05:38:00,3,34,22.9,75,13.2,1013.2,2.0,2.7,10,1766.1,0
2020-05-19 05:41:00,3,35,23.0,75,13.2,1013.2,1.7,2.4,10,1766.1,0
2020-05-19 05:44:00,3,35,23.0,76,13.2,1013.2,1.4,2.0,12,1766.1,0
2020-05-19 05:47:00,3,35,23.0,76,13.2,1013.1,1.0,1.4,12,1766.1,0
2020-05-19 05:50:00,3,35,23.0,76,13.3,1013.1,1.0,1.4,12,1766.1,0
2020-05-19 05:53:00,3,36,23.0,76,13.3,1013.3,2.4,3.1,10,1766.1,0
2020-05-19 05:56:00,3,36,23.0,75,13.4,1013.3,1.0,1.7,10,1766.1,0
2020-05-19 05:59:00,3,36,23.1,75,13.4,1013.2,1.7,2.0,12,1766.1,0
2020-05-19 06:02:00,3,36,23.3,75,13.4,1013.4,0.7,1.0,14,1766.1,0
2020-05-19 06:05:00,3,35,23.4,75,13.4,1013.3,0.7,1.0,14,1766.1,0
2020-05-19 06:08:00,3,35,23.6,74,13.6,1013.4,1.0,1.7,10,1766.1,0
2020-05-19 06:11:00,3,35,23.8,74,13.7,1013.4,0.7,1.0,12,1766.1,0
2020-05-19 06:14:00,3,34,23.9,74,13.8,1013.4,1.7,2.4,12,1766.1,0
2020-05-19 06:17:00,3,33,24.1,74,13.8,1013.5,1.4,1.7,12,1766.1,0
2020-05-19 06:20:00,3,33,24.3,74,13.8,1013.5,1.4,1.7,14,1766.1,0
2020-05-19 06:23:00,3,33,24.4,74,13.7,1013.5,1.0,1.4,12,1766.1,0
2020-05-19 06:26:00,3,32,24.6,74,13.8,1013.5,2.0,2.4,13,1766.1,0
2020-05-19 06:29:00,3,32,24.8,74,13.8,1013.7,1.7,2.0,12,1766.1,0
2020-05-19 06:32:00,3,31,25.0,74,13.8,1013.6,1.0,1.7,12,1766.1,0
2020-05-19 06:35:00,3,31,25.0,74,13.8,1013.5,2.4,3.4,12,1766.1,0
2020-05-19 06:38:00,3,31,25.1,74,13.9,1013.6,0.7,1.7,8,1766.1,0
2020-05-19 06:41:00,3,31,25.1,74,14.0,1013.6,1.0,1.7,12,1766.1,0
2020-05-19 06:44:00,3,31,25.2,74,14.1,1013.7,1.7,2.7,12,1766.1,0
2020-05-19 06:47:00,3,31,25.2,74,14.2,1013.7,1.4,1.7,10,1766.1,0
2020-05-19 06:50:00,3,31,25.3,74,14.4,1013.7,2.0,3.4,12,1766.1,0
2020-05-19 06:53:00,3,31,25.4,74,14.5,1013.8,2.0,2.7,12,1766.1,0
2020-05-19 06:56:00,3,30,25.4,73,14.6,1013.8,2.0,2.4,12,1766.1,0
2020-05-19 06:59:00,3,30,25.4,73,14.6,1013.9,1.7,2.4,12,1766.1,0
2020-05-19 07:02:00,3,30,25.4,73,14.7,1013.9,2.0,3.4,12,1766.1,0
2020-05-19 07:05:00,3,30,25.4,72,14.7,1013.8,1.7,2.0,12,1766.1,0
2020-05-19 07:08:00,3,29,26.2,72,14.7,1013.9,2.4,3.4,12,1766.1,0
2020-05-19 07:11:00,3,29,26.2,72,14.6,1013.9,2.7,3.7,12,1766.1,0
2020-05-19 07:14:00,3,29,26.2,72,14.5,1014.0,1.0,1.7,12,1766.1,0
2020-05-19 07:17:00,3,29,26.2,72,14.5,1014.0,1.4,1.7,14,1766.1,0
2020-05-19 07:20:00,3,29,26.2,73,14.6,1013.9,2.0,3.1,12,1766.1,0
2020-05-19 07:23:00,3,29,26.3,73,14.6,1014.0,1.0,1.4,12,1766.1,0
2020-05-19 07:26:00,3,29,26.3,73,14.7,1014.0,1.0,1.4,12,1766.1,0
2020-05-19 07:29:00,3,29,26.3,73,14.8,1014.0,1.7,2.0,14,1766.1,0
2020-05-19 07:32:00,3,29,26.3,72,14.9,1014.0,2.0,2.7,14,1766.1,0
2020-05-19 07:35:00,3,29,26.4,72,14.9,1014.0,1.4,2.4,14,1766.1,0
2020-05-19 07:38:00,3,29,26.4,72,14.9,1014.0,1.7,2.4,14,1766.1,0
2020-05-19 07:41:00,3,29,26.5,72,15.1,1013.9,0.3,0.7,12,1766.1,0
2020-05-19 07:44:00,3,29,26.5,72,15.3,1013.9,1.0,1.4,12,1766.1,0
2020-05-19 07:47:00,3,29,26.5,71,15.4,1013.9,1.4,1.7,14,1766.1,0
2020-05-19 07:49:59,3,29,26.5,70,15.4,1013.9,2.0,3.1,12,1766.1,0
2020-05-19 07:52:59,3,29,26.5,70,15.4,1014.0,0.7,1.0,0,1766.1,0
2020-05-19 07:55:59,3,29,26.6,70,15.6,1013.8,2.0,3.1,10,1766.1,0
2020-05-19 07:58:59,3,29,26.6,70,15.7,1013.9,2.0,2.7,12,1766.1,0
2020-05-19 08:01:59,3,29,26.6,70,15.7,1013.9,2.0,2.7,11,1766.1,0
2020-05-19 08:04:59,3,29,26.6,70,15.7,1014.0,2.0,2.7,11,1766.1,0
2020-05-19 08:07:59,3,29,26.6,69,15.8,1014.0,1.7,2.0,14,1766.1,0
2020-05-19 08:10:59,3,29,26.7,69,15.8,1014.0,1.4,2.0,10,1766.1,0
2020-05-19 08:13:59,3,29,26.7,68,15.9,1014.1,1.7,2.4,12,1766.1,0
2020-05-19 08:16:59,3,29,26.7,70,15.9,1013.9,1.4,1.7,12,1766.1,0
2020-05-19 08:19:59,3,29,26.8,69,16.1,1013.9,2.0,2.4,12,1766.1,0
2020-05-19 08:22:59,3,29,26.7,68,16.2,1014.0,1.4,2.0,10,1766.1,0
2020-05-19 08:25:59,3,29,26.5,67,16.2,1014.0,2.0,2.4,12,1766.1,0
2020-05-19 08:28:59,3,29,26.3,67,16.3,1014.0,1.0,2.0,12,1766.1,0
2020-05-19 08:31:59,3,29,26.2,66,16.4,1014.1,2.0,3.1,12,1766.1,0
2020-05-19 08:34:59,3,30,25.4,67,16.5,1014.1,1.0,1.7,8,1766.1,0
2020-05-19 08:37:59,3,30,25.4,66,16.6,1014.0,2.0,2.7,14,1766.1,0
2020-05-19 08:40:59,3,31,25.4,65,16.6,1014.0,2.0,2.7,12,1766.1,0
2020-05-19 08:43:59,3,31,25.4,65,16.6,1014.0,1.0,1.7,12,1766.1,0
2020-05-19 08:46:59,3,31,25.4,65,16.9,1013.9,2.4,3.7,12,1766.1,0
2020-05-19 08:49:59,3,31,25.4,64,16.9,1013.9,0.7,1.7,12,1766.1,0
2020-05-19 08:52:59,3,31,25.3,65,17.1,1013.8,1.7,2.0,10,1766.1,0
2020-05-19 08:55:59,3,31,25.3,64,17.3,1013.9,2.0,2.7,12,1766.1,0
2020-05-19 08:58:59,3,31,25.2,61,17.5,1013.8,1.0,1.7,12,1766.1,0
2020-05-19 09:01:59,3,31,25.1,60,17.5,1013.9,1.7,2.4,12,1766.1,0
2020-05-19 09:04:59,3,31,25.0,63,17.3,1013.8,1.4,1.7,12,1766.1,0
2020-05-19 09:07:59,3,31,25.0,63,17.2,1013.8,1.0,1.4,12,1766.1,0
2020-05-19 09:10:59,3,31,25.0,63,17.2,1013.8,1.0,1.4,12,1766.1,0
2020-05-19 09:13:59,3,33,24.8,63,17.3,1013.8,1.4,1.7,11,1766.1,0
2020-05-19 09:16:59,3,33,24.8,63,17.2,1013.7,1.4,1.7,12,1766.1,0
2020-05-19 09:19:59,3,33,24.8,64,17.3,1013.8,1.0,1.7,12,1766.1,0
2020-05-19 09:22:59,3,33,24.7,63,17.4,1013.7,2.4,2.7,10,1766.1,0
2020-05-19 09:25:59,3,33,24.7,62,17.3,1013.8,3.1,4.4,10,1766.1,0
2020-05-19 09:28:59,3,33,24.5,62,17.3,1013.7,2.0,2.7,10,1766.1,0
2020-05-19 09:31:59,3,33,24.4,60,17.5,1013.7,2.4,3.7,8,1766.1,0
2020-05-19 09:34:59,3,33,24.5,62,17.4,1013.8,2.7,4.1,12,1766.1,0
2020-05-19 09:37:59,3,33,24.5,62,17.3,1013.8,1.7,2.0,10,1766.1,0
2020-05-19 09:40:59,3,33,24.4,62,17.2,1013.8,2.4,2.7,12,1766.1,0
2020-05-19 09:43:59,3,33,24.5,62,17.2,1013.8,2.0,2.7,10,1766.1,0
2020-05-19 09:46:59,3,33,24.3,62,17.1,1013.7,2.0,2.4,12,1766.1,0
2020-05-19 09:49:59,3,33,24.3,62,17.1,1013.7,2.7,3.4,12,1766.1,0
2020-05-19 09:52:59,3,33,24.3,62,17.2,1013.7,2.0,3.1,10,1766.1,0
2020-05-19 09:55:59,3,33,24.2,61,17.4,1013.6,2.4,3.4,14,1766.1,0
2020-05-19 09:58:59,3,33,24.1,60,17.5,1013.7,1.0,1.4,10,1766.1,0
2020-05-19 10:01:59,3,34,24.1,60,17.5,1013.7,2.4,3.4,12,1766.1,0
2020-05-19 10:04:59,3,34,24.1,60,17.5,1013.6,2.4,3.4,12,1766.1,0
2020-05-19 10:07:59,3,34,24.1,63,17.3,1013.6,1.0,1.7,12,1766.1,0
2020-05-19 10:10:59,3,34,24.1,62,17.3,1013.7,1.4,1.7,12,1766.1,0
2020-05-19 10:13:59,3,34,24.0,62,17.3,1013.6,1.0,1.7,12,1766.1,0
2020-05-19 10:16:59,3,34,24.0,62,17.2,1013.7,1.4,1.7,12,1766.1,0
2020-05-19 10:19:59,3,34,24.0,62,17.1,1013.7,1.4,1.7,10,1766.1,0
2020-05-19 10:22:59,3,34,24.0,63,17.0,1013.7,2.0,2.7,14,1766.1,0
2020-05-19 10:25:59,3,34,24.0,63,16.9,1013.7,1.7,3.1,14,1766.1,0
2020-05-19 10:28:59,3,35,23.9,62,16.8,1013.7,1.0,1.4,12,1766.1,0
2020-05-19 10:31:59,3,35,23.8,62,16.7,1013.7,1.4,1.7,12,1766.1,0
2020-05-19 10:34:59,3,35,23.8,62,16.6,1013.6,1.0,1.7,12,1766.1,0
2020-05-19 10:37:59,3,35,23.8,62,16.6,1013.6,1.4,1.7,3,1766.1,0
2020-05-19 10:40:59,3,35,23.8,63,16.6,1013.7,0.7,1.0,0,1766.1,0
2020-05-19 10:43:59,3,35,23.8,63,16.6,1013.6,0.7,1.0,12,1766.1,0
2020-05-19 10:46:59,3,35,23.8,63,16.6,1013.7,1.4,1.7,12,1766.1,0
2020-05-19 10:49:59,3,35,23.8,63,16.5,1013.7,1.4,2.0,14,1766.1,0
2020-05-19 10:52:59,3,35,23.7,63,16.4,1013.6,1.0,1.4,12,1766.1,0
2020-05-19 10:55:59,3,35,23.7,64,16.4,1013.7,2.0,2.7,14,1766.1,0
2020-05-19 10:58:59,3,35,23.7,64,16.4,1013.6,1.4,2.0,14,1766.1,0
2020-05-19 11:01:59,3,36,23.7,63,16.3,1013.7,0.7,1.0,14,1766.1,0
2020-05-19 11:04:59,3,36,23.7,63,16.3,1013.7,2.0,3.1,14,1766.1,0
2020-05-19 11:07:59,3,36,23.7,64,16.4,1013.7,0.3,0.7,0,1766.1,0
2020-05-19 11:10:59,3,35,23.6,64,16.5,1013.7,1.4,2.0,14,1766.1,0
2020-05-19 11:13:59,3,36,23.7,64,16.5,1013.5,2.0,2.7,0,1766.1,0
2020-05-19 11:16:59,3,36,23.6,64,16.6,1013.6,2.4,2.7,12,1766.1,0
2020-05-19 11:19:59,3,36,23.6,64,16.8,1013.6,1.0,1.7,0,1766.1,0
2020-05-19 11:22:59,3,36,23.6,64,17.2,1013.6,1.4,2.0,14,1766.1,0
2020-05-19 11:25:59,3,36,23.6,63,17.3,1013.5,2.7,3.7,14,1766.1,0
2020-05-19 11:28:59,3,36,23.6,62,17.1,1013.6,1.0,1.4,12,1766.1,0
2020-05-19 11:31:59,3,36,23.6,63,17.1,1013.6,1.4,2.0,14,1766.1,0
2020-05-19 11:34:59,3,36,23.6,63,17.4,1013.5,1.7,2.0,14,1766.1,0
2020-05-19 11:37:59,3,36,23.6,60,17.8,1013.5,2.0,2.7,14,1766.1,0
2020-05-19 11:40:59,3,36,23.6,58,18.4,1013.5,3.4,4.8,12,1766.1,0
2020-05-19 11:43:59,3,36,23.6,56,18.8,1013.4,1.4,1.7,12,1766.1,0
2020-05-19 11:46:59,3,36,23.6,55,19.2,1013.5,1.7,2.4,12,1766.1,0
2020-05-19 11:49:59,3,36,23.6,54,19.2,1013.4,1.7,2.7,12,1766.1,0
2020-05-19 11:52:59,3,36,23.6,52,19.0,1013.3,1.4,2.0,0,1766.1,0
2020-05-19 11:55:59,3,36,23.5,53,18.8,1013.5,1.7,3.1,12,1766.1,0
2020-05-19 11:58:59,3,36,23.5,54,18.6,1013.4,0.3,0.7,14,1766.1,0
2020-05-19 12:01:59,3,36,23.5,54,18.6,1013.4,1.0,1.4,10,1766.1,0
2020-05-19 12:04:59,3,36,23.5,54,18.6,1013.4,1.0,1.4,10,1766.1,0
2020-05-19 12:07:59,3,36,23.5,53,18.3,1013.5,2.4,3.1,10,1766.1,0
2020-05-19 12:10:59,3,36,23.5,54,18.2,1013.4,1.4,1.7,14,1766.1,0
2020-05-19 12:13:59,3,36,23.5,53,18.3,1013.4,4.1,6.1,12,1766.1,0
2020-05-19 12:16:59,3,36,23.4,53,18.1,1013.5,2.4,3.1,10,1766.1,0
2020-05-19 12:19:59,3,36,23.4,53,18.1,1013.4,1.4,2.0,12,1766.1,0
2020-05-19 12:22:59,3,36,23.4,53,18.1,1013.6,1.7,2.4,12,1766.1,0
2020-05-19 12:25:59,3,36,23.4,54,18.1,1013.4,0.7,1.4,12,1766.1,0
2020-05-19 12:28:59,3,36,23.4,53,18.1,1013.5,2.0,3.4,12,1766.1,0
2020-05-19 12:31:59,3,36,23.4,52,17.9,1013.6,2.4,3.7,2,1766.1,0
2020-05-19 12:34:59,3,37,23.4,53,17.7,1013.4,1.7,2.7,13,1766.1,0
2020-05-19 12:37:59,3,37,23.4,53,17.6,1013.4,2.4,3.7,14,1766.1,0
2020-05-19 12:40:59,3,37,23.4,53,17.5,1013.4,1.0,1.4,10,1766.1,0
2020-05-19 12:43:59,3,37,23.4,53,17.5,1013.4,1.4,1.7,14,1766.1,0
2020-05-19 12:46:59,3,37,23.4,54,17.8,1013.4,1.4,2.4,14,1766.1,0
2020-05-19 12:49:59,3,37,23.4,54,18.1,1013.5,1.7,2.4,14,1766.1,0
2020-05-19 12:52:59,3,37,23.4,53,18.6,1013.4,3.1,4.1,12,1766.1,0
2020-05-19 12:55:59,3,37,23.4,52,18.9,1013.4,1.7,2.7,14,1766.1,0
2020-05-19 12:58:59,3,37,23.4,51,19.0,1013.3,1.0,2.0,10,1766.1,0
2020-05-19 13:01:59,3,37,23.4,50,19.3,1013.3,2.0,3.7,12,1766.1,0
2020-05-19 13:04:59,3,37,23.4,50,19.6,1013.3,0.7,1.0,14,1766.1,0
2020-05-19 13:07:59,3,37,23.4,50,19.8,1013.3,2.4,3.7,12,1766.1,0
2020-05-19 13:10:59,3,37,23.4,50,19.6,1013.2,1.4,1.7,10,1766.1,0
2020-05-19 13:13:59,3,37,23.4,50,19.6,1013.3,0.7,1.0,12,1766.1,0
2020-05-19 13:16:59,3,37,23.4,50,19.4,1013.3,2.4,3.1,12,1766.1,0
2020-05-19 13:19:59,3,37,23.5,50,19.2,1013.3,2.0,3.1,10,1766.1,0
2020-05-19 13:22:59,3,37,23.5,50,19.1,1013.3,3.1,4.8,10,1766.1,0
2020-05-19 13:25:59,3,37,23.5,50,18.9,1013.3,2.4,3.4,14,1766.1,0
2020-05-19 13:28:59,3,37,23.5,50,18.8,1013.3,1.4,2.0,12,1766.1,0
2020-05-19 13:31:59,3,37,23.5,51,18.8,1013.3,1.7,2.4,14,1766.1,0
2020-05-19 13:34:59,3,37,23.6,51,19.0,1013.4,2.0,2.7,12,1766.1,0
2020-05-19 13:37:59,3,37,23.6,51,18.9,1013.4,0.7,1.7,12,1766.1,0
2020-05-19 13:40:59,3,37,23.6,51,18.9,1013.3,2.7,3.4,14,1766.1,0
2020-05-19 13:43:59,3,37,23.6,51,19.1,1013.4,1.7,2.7,14,1766.1,0
2020-05-19 13:46:59,3,37,23.6,50,19.3,1013.4,2.7,3.4,14,1766.1,0
2020-05-19 13:49:59,3,37,23.6,51,19.3,1013.3,1.0,1.4,10,1766.1,0
2020-05-19 13:52:59,3,37,23.6,50,19.6,1013.4,3.1,4.4,14,1766.1,0
2020-05-19 13:55:59,3,37,23.6,49,19.4,1013.4,1.4,2.4,2,1766.1,0
2020-05-19 13:58:59,3,37,23.6,50,19.3,1013.4,1.7,3.1,12,1766.1,0
2020-05-19 14:01:59,3,38,23.6,50,19.3,1013.4,2.0,3.1,12,1766.1,0
2020-05-19 14:04:59,3,38,23.6,50,19.3,1013.3,2.0,3.1,12,1766.1,0
2020-05-19 14:07:59,3,38,23.6,51,19.0,1013.3,1.0,1.4,12,1766.1,0
2020-05-19 14:10:59,3,38,23.6,50,19.0,1013.3,2.4,3.7,14,1766.1,0
2020-05-19 14:13:59,3,38,23.6,50,18.9,1013.3,2.4,3.1,14,1766.1,0
2020-05-19 14:16:59,3,38,23.6,51,18.8,1013.3,1.0,1.7,0,1766.1,0
2020-05-19 14:19:59,3,38,23.6,51,18.9,1013.3,1.7,2.4,0,1766.1,0
2020-05-19 14:22:59,3,38,23.6,51,19.1,1013.3,1.4,1.7,14,1766.1,0
2020-05-19 14:25:59,3,38,23.6,50,19.1,1013.1,1.0,1.4,12,1766.1,0
2020-05-19 14:28:59,3,38,23.6,51,19.2,1013.2,1.7,2.4,12,1766.1,0
2020-05-19 14:31:59,3,38,23.6,50,19.1,1013.3,2.4,3.1,12,1766.1,0
2020-05-19 14:34:59,3,38,23.6,51,18.9,1013.3,0.7,1.7,14,1766.1,0
2020-05-19 14:37:59,3,38,23.6,51,18.9,1013.3,1.0,2.0,14,1766.1,0
2020-05-19 14:40:59,3,38,23.6,51,18.9,1013.4,2.4,3.1,14,1766.1,0
2020-05-19 14:43:59,3,38,23.6,51,19.3,1013.4,2.0,2.7,14,1766.1,0
2020-05-19 14:46:59,3,38,23.6,50,19.4,1013.3,2.0,2.4,0,1766.1,0
2020-05-19 14:49:59,3,38,23.6,50,19.5,1013.4,1.7,2.4,12,1766.1,0
2020-05-19 14:52:59,3,38,23.6,50,19.5,1013.3,2.4,3.7,12,1766.1,0
2020-05-19 14:55:59,3,38,23.6,50,19.4,1013.3,2.0,2.4,7,1766.1,0
2020-05-19 14:58:59,3,37,23.6,50,19.3,1013.1,1.7,2.4,14,1766.1,0
2020-05-19 15:01:59,3,38,23.6,50,19.2,1013.3,2.4,3.1,12,1766.1,0
2020-05-19 15:04:59,3,38,23.6,50,19.1,1013.3,2.7,3.7,12,1766.1,0
2020-05-19 15:07:59,3,37,23.6,50,18.9,1013.2,2.7,3.7,12,1766.1,0
2020-05-19 15:10:59,3,37,23.6,51,19.1,1013.3,0.7,1.0,12,1766.1,0
2020-05-19 15:13:59,3,37,23.6,50,19.5,1013.3,1.7,2.4,12,1766.1,0
2020-05-19 15:16:59,3,37,23.6,50,19.9,1013.2,0.7,1.4,0,1766.1,0
2020-05-19 15:19:59,3,37,23.6,49,20.4,1013.3,1.0,1.4,12,1766.1,0
2020-05-19 15:22:59,3,37,23.6,47,20.4,1013.3,2.0,2.7,12,1766.1,0
2020-05-19 15:25:59,3,37,23.6,46,20.1,1013.3,2.0,2.7,14,1766.1,0
2020-05-19 15:28:59,3,37,23.6,48,20.1,1013.1,1.0,2.0,0,1766.1,0
2020-05-19 15:31:59,3,37,23.6,47,20.3,1013.2,1.7,2.4,12,1766.1,0
2020-05-19 15:34:59,3,37,23.6,47,20.4,1013.3,2.4,3.4,8,1766.1,0
2020-05-19 15:37:59,3,37,23.7,46,20.4,1013.3,1.4,2.0,15,1766.1,0
2020-05-19 15:40:59,3,37,23.7,46,20.4,1013.2,1.7,2.4,0,1766.1,0
2020-05-19 15:43:59,3,37,23.7,46,20.0,1013.2,2.0,3.4,12,1766.1,0
2020-05-19 15:46:59,3,37,23.7,47,19.7,1013.2,2.0,3.1,14,1766.1,0
2020-05-19 15:49:59,3,37,23.7,48,19.4,1013.3,2.0,2.4,12,1766.1,0
2020-05-19 15:52:59,3,37,23.7,50,19.3,1013.2,1.7,2.0,14,1766.1,0
2020-05-19 15:55:59,3,37,23.7,50,19.2,1013.3,1.7,2.0,12,1766.1,0
2020-05-19 15:58:59,3,37,23.7,50,19.1,1013.3,2.0,3.4,14,1766.1,0
2020-05-19 16:01:59,3,37,23.7,50,19.1,1013.3,1.7,2.4,14,1766.1,0
2020-05-19 16:04:59,3,37,23.7,50,19.1,1013.3,1.7,2.4,14,1766.1,0
2020-05-19 16:07:59,3,37,23.7,51,19.1,1013.2,1.0,1.7,14,1766.1,0
2020-05-19 16:10:59,3,37,23.7,51,19.1,1013.3,1.4,2.0,14,1766.1,0
2020-05-19 16:13:59,3,37,23.7,50,19.0,1013.4,1.0,1.7,12,1766.1,0
2020-05-19 16:16:59,3,37,23.7,50,18.9,1013.4,1.0,1.7,0,1766.1,0
2020-05-19 16:19:59,3,37,23.7,50,18.8,1013.4,2.0,2.7,14,1766.1,0
2020-05-19 16:22:59,3,37,23.7,51,18.7,1013.3,1.4,1.7,14,1766.1,0
2020-05-19 16:25:59,3,37,23.7,51,18.7,1013.3,0.7,1.0,12,1766.1,0
2020-05-19 16:28:59,3,37,23.7,51,18.7,1013.3,1.0,1.4,0,1766.1,0
2020-05-19 16:31:59,3,37,23.7,51,18.7,1013.4,1.7,2.4,12,1766.1,0
2020-05-19 16:34:59,3,37,23.7,51,18.6,1013.4,1.0,1.4,0,1766.1,0
2020-05-19 16:37:59,3,37,23.7,51,18.5,1013.5,0.3,0.7,0,1766.1,0
2020-05-19 16:40:59,3,37,23.7,51,18.5,1013.4,1.4,2.0,14,1766.1,0
2020-05-19 16:43:59,3,37,23.7,51,18.4,1013.4,0.7,1.0,12,1766.1,0
2020-05-19 16:46:59,3,37,23.7,52,18.3,1013.6,1.0,1.4,14,1766.1,0
2020-05-19 16:49:59,3,37,23.7,52,18.2,1013.5,0.3,0.7,12,1766.1,0
2020-05-19 16:52:59,3,37,23.7,52,18.2,1013.5,0,0,14,1766.1,0
2020-05-19 16:55:59,3,37,23.7,52,18.1,1013.5,1.0,1.4,2,1766.1,0
2020-05-19 16:58:59,3,37,23.7,52,18.0,1013.5,1.7,2.4,14,1766.1,0
2020-05-19 17:01:59,3,37,23.7,52,17.9,1013.7,0.3,0.7,0,1766.1,0
2020-05-19 17:04:59,3,37,23.7,53,17.9,1013.5,0.3,0.7,14,1766.1,0
2020-05-19 17:07:59,3,37,23.7,53,17.8,1013.5,0.7,1.0,0,1766.1,0
2020-05-19 17:10:59,3,37,23.7,53,17.7,1013.6,0.7,1.0,14,1766.1,0
2020-05-19 17:13:59,3,37,23.7,53,17.7,1013.5,0.7,1.4,0,1766.1,0
2020-05-19 17:16:59,3,37,23.7,53,17.6,1013.6,0.7,1.0,14,1766.1,0
2020-05-19 17:19:59,3,37,23.7,53,17.5,1013.8,0.3,0.7,12,1766.1,0
2020-05-19 17:22:59,3,37,23.7,54,17.5,1013.6,0.3,0.7,0,1766.1,0
2020-05-19 17:25:59,3,37,23.7,54,17.5,1013.6,0,0,14,1766.1,0
2020-05-19 17:28:59,3,37,23.7,59,17.4,1013.6,1.0,1.4,10,1766.1,0
2020-05-19 17:31:59,3,37,23.7,59,17.4,1013.7,0.3,0.7,14,1766.1,0
2020-05-19 17:34:59,3,37,23.7,60,17.4,1013.7,0,0,14,1766.1,0
2020-05-19 17:37:59,3,37,23.7,60,17.3,1013.8,0.7,1.0,2,1766.1,0
2020-05-19 17:40:59,3,37,23.7,60,17.3,1013.8,0.3,0.7,14,1766.1,0
2020-05-19 17:43:59,3,37,23.7,60,17.3,1013.7,0,0,0,1766.1,0
2020-05-19 17:46:59,3,37,23.7,60,17.3,1013.7,0,0.3,14,1766.1,0
2020-05-19 17:49:59,3,37,23.7,60,17.4,1013.7,0,0,14,1766.1,0
2020-05-19 17:52:59,3,37,23.7,60,17.4,1013.7,0,0,14,1766.1,0
2020-05-19 17:55:59,3,37,23.7,60,17.4,1013.8,0,0.3,0,1766.1,0
2020-05-19 17:58:59,3,37,23.7,55,17.5,1013.8,0.3,0.7,14,1766.1,0
2020-05-19 18:01:59,3,37,23.7,56,17.5,1013.7,0,0.3,14,1766.1,0
2020-05-19 18:04:59,3,37,23.7,56,17.5,1013.7,0,0.3,14,1766.1,0
2020-05-19 18:07:59,3,37,23.7,55,17.5,1013.7,0,0.3,14,1766.1,0
2020-05-19 18:10:59,3,37,23.7,60,17.3,1013.7,0,0,14,1766.1,0
2020-05-19 18:13:59,3,37,23.7,60,17.2,1013.8,0,0,12,1766.1,0
2020-05-19 18:16:59,3,37,23.7,60,17.1,1013.7,0,0,0,1766.1,0
2020-05-19 18:19:59,3,37,23.7,60,16.9,1013.8,0,0,0,1766.1,0
2020-05-19 18:22:59,3,37,23.7,61,16.8,1013.8,0,0,0,1766.1,0
2020-05-19 18:25:59,3,37,23.7,61,16.7,1013.8,0,0,0,1766.1,0
2020-05-19 18:28:59,3,37,23.7,61,16.5,1013.9,0,0,0,1766.1,0
2020-05-19 18:31:59,3,37,23.7,61,16.3,1013.8,0,0,0,1766.1,0
2020-05-19 18:34:59,3,37,23.7,62,16.1,1013.9,0,0,0,1766.1,0
2020-05-19 18:37:59,3,37,23.7,62,16.0,1013.8,0,0,0,1766.1,0
2020-05-19 18:40:59,3,37,23.6,63,15.9,1013.9,0,0,0,1766.1,0
2020-05-19 18:43:59,3,37,23.6,63,15.7,1013.9,0,0,0,1766.1,0
2020-05-19 18:46:59,3,37,23.6,64,15.5,1013.9,0,0,0,1766.1,0
2020-05-19 18:49:59,3,37,23.7,64,15.4,1014.0,0,0,0,1766.1,0
2020-05-19 18:52:59,3,37,23.6,65,15.2,1013.9,0,0,0,1766.1,0
2020-05-19 18:55:59,3,37,23.6,66,15.0,1013.9,0,0,0,1766.1,0
2020-05-19 18:58:59,3,37,23.6,67,14.9,1014.0,0,0,0,1766.1,0
2020-05-19 19:01:59,3,37,23.6,67,14.8,1014.0,0,0,0,1766.1,0
2020-05-19 19:04:59,3,37,23.6,68,14.7,1014.0,0,0,0,1766.1,0
2020-05-19 19:07:59,3,37,23.6,69,14.5,1014.1,0,0,0,1766.1,0
2020-05-19 19:10:59,3,37,23.6,70,14.5,1014.1,0,0,0,1766.1,0
2020-05-19 19:13:59,3,37,23.6,70,14.4,1014.2,0,0,0,1766.1,0
2020-05-19 19:16:59,3,37,23.6,71,14.3,1014.3,0,0,0,1766.1,0
2020-05-19 19:19:59,3,37,23.6,71,14.3,1014.3,0,0,0,1766.1,0
2020-05-19 19:22:59,3,37,23.6,71,14.2,1014.2,0,0,0,1766.1,0
2020-05-19 19:25:59,3,37,23.6,71,14.1,1014.3,0,0,0,1766.1,0
2020-05-19 19:28:59,3,37,23.6,71,14.1,1014.3,0,0,0,1766.1,0
2020-05-19 19:31:59,3,37,23.6,71,14.0,1014.2,0,0,0,1766.1,0
2020-05-19 19:34:59,3,37,23.6,71,13.8,1014.3,0,0,0,1766.1,0
2020-05-19 19:37:59,3,37,23.6,71,13.7,1014.3,0,0,0,1766.1,0
2020-05-19 19:40:59,3,37,23.6,71,13.6,1014.4,0,0,0,1766.1,0
2020-05-19 19:43:59,3,37,23.6,71,13.4,1014.4,0,0,0,1766.1,0
2020-05-19 19:46:59,3,37,23.6,72,13.3,1014.5,0,0,0,1766.1,0
2020-05-19 19:49:59,3,37,23.6,72,13.2,1014.5,0,0,0,1766.1,0
2020-05-19 19:52:59,3,37,23.6,72,13.0,1014.4,0,0,0,1766.1,0
2020-05-19 19:55:59,3,37,23.6,72,12.9,1014.5,0,0,0,1766.1,0
2020-05-19 19:58:59,3,37,23.6,72,12.8,1014.5,0,0,0,1766.1,0
2020-05-19 20:01:59,3,37,23.6,73,12.8,1014.5,0,0,0,1766.1,0
2020-05-19 20:04:59,3,37,23.6,73,12.8,1014.6,0,0,0,1766.1,0
2020-05-19 20:07:59,3,37,23.6,73,12.5,1014.5,0,0,0,1766.1,0
2020-05-19 20:10:59,3,37,23.6,77,12.4,1014.6,0,0,0,1766.1,0
2020-05-19 20:13:59,3,37,23.6,77,12.3,1014.7,0,0,0,1766.1,0
2020-05-19 20:16:59,3,37,23.6,78,12.3,1014.6,0,0,0,1766.1,0
2020-05-19 20:19:59,3,37,23.6,78,12.2,1014.6,0,0,0,1766.1,0
2020-05-19 20:22:59,3,37,23.6,78,12.1,1014.7,0,0,0,1766.1,0
2020-05-19 20:25:59,3,37,23.6,78,12.0,1014.6,0,0,0,1766.1,0
2020-05-19 20:28:59,3,37,23.6,79,12.0,1014.6,0,0,0,1766.1,0
2020-05-19 20:31:59,3,37,23.6,79,11.9,1014.6,0,0,0,1766.1,0
2020-05-19 20:34:59,3,37,23.6,79,11.8,1014.6,0,0,0,1766.1,0
2020-05-19 20:37:59,3,37,23.6,80,11.7,1014.7,0,0,0,1766.1,0
2020-05-19 20:40:59,3,37,23.6,80,11.6,1014.7,0,0,0,1766.1,0
2020-05-19 20:43:59,3,37,23.6,80,11.6,1014.7,0,0,0,1766.1,0
2020-05-19 20:46:59,3,37,23.6,80,11.5,1014.9,0,0,0,1766.1,0
2020-05-19 20:49:59,3,37,23.6,80,11.4,1014.7,0,0,0,1766.1,0
2020-05-19 20:52:59,3,37,23.6,80,11.3,1014.8,0,0,0,1766.1,0
2020-05-19 20:55:59,3,37,23.6,80,11.2,1014.8,0,0.7,0,1766.1,0
2020-05-19 20:58:59,3,37,23.6,81,11.1,1014.8,0,0,0,1766.1,0
2020-05-19 21:01:59,3,37,23.6,81,11.1,1014.9,0,0,0,1766.1,0
2020-05-19 21:04:59,3,37,23.6,82,11.0,1014.9,0,0,0,1766.1,0
2020-05-19 21:07:59,3,37,23.6,82,11.0,1015.0,0,0,0,1766.1,0
2020-05-19 21:10:59,3,37,23.6,82,10.9,1014.9,0,0,0,1766.1,0
2020-05-19 21:13:59,3,37,23.6,82,10.8,1015.0,0,0,0,1766.1,0
2020-05-19 21:16:59,3,37,23.6,82,10.8,1014.9,0,0,0,1766.1,0
2020-05-19 21:19:59,3,37,23.6,82,10.7,1015.0,0,0,0,1766.1,0
2020-05-19 21:22:59,3,37,23.6,82,10.6,1014.9,0,0,0,1766.1,0
2020-05-19 21:25:59,3,37,23.6,83,10.5,1014.8,0,0,0,1766.1,0
2020-05-19 21:28:59,3,37,23.6,83,10.4,1014.9,0,0,0,1766.1,0
2020-05-19 21:31:59,3,37,23.6,83,10.4,1014.9,0,0,0,1766.1,0
2020-05-19 21:34:59,3,37,23.5,83,10.3,1014.9,0,0,0,1766.1,0
2020-05-19 21:37:59,3,37,23.5,83,10.2,1014.9,0,0,0,1766.1,0
2020-05-19 21:40:59,3,37,23.5,83,10.2,1015.0,0,0,0,1766.1,0
2020-05-19 21:43:59,3,37,23.5,84,10.1,1014.9,0,0,0,1766.1,0
2020-05-19 21:46:59,3,37,23.5,84,10.1,1015.0,0,0,0,1766.1,0
2020-05-19 21:49:59,3,37,23.5,84,10.0,1015.0,0,0,0,1766.1,0
2020-05-19 21:52:59,3,36,23.5,85,10.0,1015.0,0,0,0,1766.1,0
2020-05-19 21:55:59,3,36,23.5,85,9.9,1014.9,0,0,0,1766.1,0
2020-05-19 21:58:59,3,36,23.4,85,9.8,1015.0,0,0,0,1766.1,0
