2010-04-07 00:18:24,20,38,19.8,73,4.3,1018.0,0.0,0.0,0,774.6,0
2010-04-07 00:38:24,20,38,19.7,73,3.9,1017.9,0.0,0.0,10,774.6,0
2010-04-07 00:58:24,20,38,19.6,73,3.9,1017.9,0.3,1.0,2,774.6,0
2010-04-07 01:18:24,20,38,19.5,73,4.2,1017.9,0.0,0.7,2,774.6,0
2010-04-07 01:38:24,20,38,19.4,72,4.4,1017.6,1.0,1.4,4,774.6,0
2010-04-07 01:58:24,20,38,19.3,71,4.7,1017.6,0.0,0.7,0,774.6,0
2010-04-07 02:18:24,20,38,19.2,72,4.2,1017.4,0.3,0.7,2,774.6,0
2010-04-07 02:38:24,20,38,19.1,72,4.0,1017.3,0.0,0.0,6,774.6,0
2010-04-07 02:58:24,20,38,19.0,72,3.7,1017.2,0.0,0.0,12,774.6,0
2010-04-07 03:18:24,20,38,18.9,73,3.1,1017.2,0.0,0.0,2,774.6,0
2010-04-07 03:38:24,20,38,18.8,75,2.7,1017.3,0.0,0.0,0,774.6,0
2010-04-07 03:58:24,20,38,18.7,75,2.7,1017.4,0.0,0.0,4,774.6,0
2010-04-07 04:19:24,21,38,18.6,75,2.6,1017.4,0.0,0.0,4,774.6,0
2010-04-07 04:39:24,20,38,18.5,76,2.4,1017.5,0.3,0.7,2,774.6,0
2010-04-07 04:59:24,20,38,18.4,77,2.3,1017.6,0.0,0.0,2,774.6,0
2010-04-07 05:19:24,20,38,18.4,77,2.9,1017.6,0.0,0.3,4,774.6,0
2010-04-07 05:39:24,20,39,18.3,74,4.5,1017.8,0.3,1.0,7,774.6,0
2010-04-07 05:59:24,20,38,18.4,67,8.5,1017.8,1.0,2.0,4,774.6,0
2010-04-07 06:19:24,20,39,18.6,50,14.4,1017.5,0.3,1.4,6,774.6,0
2010-04-07 06:39:24,20,39,18.9,44,14.9,1017.5,1.4,2.0,6,774.6,0
2010-04-07 06:59:24,20,39,19.1,42,15.3,1017.5,1.4,3.1,4,774.6,0
2010-04-07 07:19:24,20,39,19.2,38,16.6,1017.6,2.0,4.4,6,774.6,0
2010-04-07 07:39:24,20,39,19.4,39,17.4,1017.5,1.4,2.7,10,774.6,0
2010-04-07 07:59:29,20,39,19.9,37,17.6,1017.5,1.0,2.0,6,774.6,0
2010-04-07 08:19:29,20,39,20.4,37,17.3,1017.7,2.4,3.7,4,774.6,0
2010-04-07 08:39:29,20,39,20.9,37,17.2,1017.5,1.7,3.1,4,774.6,0
2010-04-07 08:59:29,20,38,21.0,38,17.3,1017.5,1.7,4.1,6,774.6,0
2010-04-07 09:19:29,20,38,21.0,39,16.5,1017.5,1.7,2.4,6,774.6,0
2010-04-07 09:39:29,20,38,20.9,38,17.0,1017.3,1.4,3.1,6,774.6,0
2010-04-07 09:59:29,20,38,20.7,39,16.3,1017.2,2.4,5.1,6,774.6,0
2010-04-07 10:19:29,20,38,20.6,39,16.1,1016.9,2.0,3.1,11,774.6,0
2010-04-07 10:39:29,20,38,20.5,41,15.7,1016.7,1.0,2.7,4,774.6,0
2010-04-07 10:59:29,20,38,20.5,41,15.7,1016.6,2.0,5.1,6,774.6,0
2010-04-07 11:19:29,20,38,20.4,41,16.1,1016.4,1.0,2.0,3,774.6,0
2010-04-07 11:39:29,20,38,20.3,37,16.7,1016.1,1.7,3.7,4,774.6,0
2010-04-07 11:59:29,20,37,20.3,38,16.9,1015.8,1.7,2.7,8,774.6,0
2010-04-07 12:19:29,20,37,20.2,36,16.5,1015.7,1.4,3.1,4,774.6,0
2010-04-07 12:39:29,20,36,20.2,37,16.7,1015.5,1.0,3.4,4,774.6,0
2010-04-07 12:59:29,20,37,20.2,34,17.5,1015.4,1.0,3.4,8,774.6,0
2010-04-07 13:19:29,20,37,20.2,33,17.8,1015.2,0.7,2.4,4,774.6,0
2010-04-07 13:39:29,20,37,20.2,34,17.9,1014.9,1.7,5.1,4,774.6,0
2010-04-07 13:59:29,20,37,20.2,33,17.9,1014.7,1.4,3.4,5,774.6,0
2010-04-07 14:19:29,20,37,20.2,33,17.8,1014.6,1.0,2.7,6,774.6,0
2010-04-07 14:39:29,20,37,20.2,32,18.2,1014.4,1.0,2.7,6,774.6,0
2010-04-07 14:59:29,20,37,20.6,31,18.0,1014.4,1.7,3.7,4,774.6,0
2010-04-07 15:19:29,20,37,21.2,32,17.8,1014.1,2.0,3.4,0,774.6,0
2010-04-07 15:39:29,20,36,21.7,31,17.5,1014.0,1.4,3.1,4,774.6,0
2010-04-07 15:59:29,20,36,22.1,30,17.4,1014.1,0.7,2.0,8,774.6,0
2010-04-07 16:19:29,20,35,22.6,32,16.8,1014.0,0,1.0,6,774.6,0
2010-04-07 16:39:29,20,35,22.9,33,16.2,1014.0,0.7,1.4,4,774.6,0
2010-04-07 16:59:29,20,34,23.0,34,15.6,1014.2,0.3,1.7,6,774.6,0
2010-04-07 17:19:29,20,34,23.0,35,15.0,1014.2,0.3,1.0,6,774.6,0
2010-04-07 17:39:29,20,34,23.0,37,14.3,1014.2,0.7,1.4,4,774.6,0
2010-04-07 17:59:29,20,34,22.8,39,13.5,1014.3,0.3,0.7,4,774.6,0
2010-04-07 18:19:29,20,34,22.5,42,12.4,1014.5,0,1.4,6,774.6,0
2010-04-07 18:39:29,20,35,22.3,46,11.3,1014.4,0,0.7,4,774.6,0
2010-04-07 18:59:29,20,35,22.1,47,11.0,1014.5,0.7,1.4,4,774.6,0
2010-04-07 19:19:29,20,35,21.9,45,11.8,1014.4,0.3,1.0,4,774.6,0
2010-04-07 19:39:29,20,35,21.7,45,11.9,1014.5,1.0,2.4,2,774.6,0
2010-04-07 19:59:29,20,36,21.6,47,11.7,1014.6,0.7,1.4,14,774.6,0
2010-04-07 20:19:29,20,36,21.4,48,11.6,1014.6,0.7,1.7,4,774.6,0
2010-04-07 20:39:29,20,36,21.3,49,11.6,1014.8,2.0,3.7,6,774.6,0
2010-04-07 20:59:29,20,36,21.3,50,11.3,1014.8,0.3,1.4,3,774.6,0
2010-04-07 21:19:29,20,36,21.2,51,11.0,1014.9,1.0,1.7,4,774.6,0
2010-04-07 21:39:29,20,36,21.1,51,10.7,1014.9,0,1.0,4,774.6,0
2010-04-07 21:59:29,20,36,21.0,53,10.4,1015.0,0.3,1.4,4,774.6,0
2010-04-07 22:19:29,20,36,20.9,55,10.2,1014.9,1.0,2.4,4,774.6,0
2010-04-07 22:39:29,20,36,20.8,56,10.1,1015.0,1.4,2.7,6,774.6,0
2010-04-07 22:59:29,20,36,20.7,57,9.9,1015.0,0.3,1.0,6,774.6,0
2010-04-07 23:19:29,20,36,20.6,59,9.6,1014.8,0.7,1.4,2,774.6,0
2010-04-07 23:39:29,20,36,20.5,60,9.3,1014.8,1.0,2.0,4,774.6,0
2010-04-07 23:59:29,20,36,20.4,62,8.9,1014.8,0,1.7,4,774.6,0
