2012-07-29 00:06:00,20,67,24.1,89,19.6,1000.5,0.0,0.7,2,360.0,0
2012-07-29 00:26:00,20,67,23.9,90,19.3,1000.4,0.0,0.7,2,360.0,0
2012-07-29 00:46:00,20,68,23.8,91,19.0,1000.3,1.0,2.4,2,360.0,0
2012-07-29 01:06:00,20,68,23.6,91,18.8,1000.5,0.0,0.7,4,360.0,0
2012-07-29 01:26:00,20,68,23.5,92,18.7,1000.5,1.0,2.0,5,360.0,0
2012-07-29 01:46:00,20,68,23.4,92,18.6,1000.4,0.3,1.0,2,360.0,0
2012-07-29 02:06:00,20,67,23.3,91,18.5,1000.6,0.7,1.4,2,360.0,0
2012-07-29 02:26:00,20,67,23.0,91,18.1,1000.5,0.3,1.4,2,360.0,0
2012-07-29 02:46:00,20,67,22.8,92,17.9,1000.4,0.3,1.0,2,360.0,0
2012-07-29 03:06:00,20,67,22.7,92,17.8,1000.4,0.3,1.0,2,360.0,0
2012-07-29 03:26:00,20,68,22.6,93,17.6,1000.4,0.3,1.4,2,360.0,0
2012-07-29 03:46:00,20,68,22.5,93,17.5,1000.5,0.7,1.7,4,360.0,0
2012-07-29 04:06:00,20,66,22.3,92,17.5,1000.4,0.3,1.4,2,360.0,0
2012-07-29 04:26:00,20,67,22.1,91,17.4,1000.2,0.3,1.7,4,360.0,0
2012-07-29 04:46:00,20,68,22.0,91,17.4,1000.0,0.0,0.0,0,360.3,0
2012-07-29 05:06:00,20,68,22.0,91,17.3,1000.3,0.0,0.7,2,360.3,0
2012-07-29 05:26:00,20,69,21.7,93,17.0,1000.3,0.3,0.7,1,360.9,0
2012-07-29 05:46:00,20,68,22.0,94,16.9,1000.1,0.7,2.0,14,361.5,0
2012-07-29 06:06:00,20,67,22.3,94,16.8,1000.1,0.7,2.0,0,363.3,0
2012-07-29 06:26:00,20,66,22.8,95,16.5,1000.4,0,0.7,14,366.9,0
2012-07-29 06:46:00,20,63,23.9,96,16.3,1000.3,0,1.4,0,368.1,0
2012-07-29 07:06:00,20,61,24.7,96,16.4,1000.0,0,0.7,14,368.4,0
2012-07-29 07:26:00,20,59,25.3,96,16.7,999.9,0.3,1.0,0,368.7,0
2012-07-29 07:46:00,20,58,25.7,97,17.0,1000.0,0.3,1.0,2,368.7,0
2012-07-29 08:06:00,20,58,25.9,97,17.3,1000.0,0,0,2,368.7,0
2012-07-29 08:26:00,20,58,26.2,97,18.2,1000.2,0,0.7,2,368.7,0
2012-07-29 08:46:00,20,57,26.4,97,18.6,1000.0,0,0.3,0,368.7,0
2012-07-29 09:06:00,20,57,26.5,97,19.4,1000.2,0,0.7,0,368.7,0
2012-07-29 09:26:00,20,57,26.5,96,19.4,1000.2,0,0,13,368.7,0
2012-07-29 09:46:00,20,57,26.5,94,19.3,1000.2,0,0,14,368.7,0
2012-07-29 10:06:00,20,59,26.5,95,20.3,1000.4,0,0.3,14,368.7,0
2012-07-29 10:26:00,20,58,26.3,87,20.6,1000.4,0,0.7,14,368.7,0
2012-07-29 10:46:00,20,61,25.7,87,20.5,1000.5,0,0.3,14,368.7,0
2012-07-29 11:06:00,20,61,25.4,87,20.5,1000.5,0,0,0,368.7,0
2012-07-29 11:26:00,20,62,25.1,87,20.4,1000.6,0,0,14,368.7,0
2012-07-29 11:46:00,20,62,25.0,86,20.9,1000.7,0,0.7,10,368.7,0
2012-07-29 12:06:00,20,63,24.8,84,21.1,1000.7,0.3,1.0,14,368.7,0
2012-07-29 12:26:00,20,63,24.7,81,21.5,1000.8,0.3,1.4,12,368.7,0
2012-07-29 12:46:00,20,63,24.7,75,23.5,1000.7,0.3,1.4,15,368.7,0
2012-07-29 13:06:00,20,64,24.5,78,22.1,1001.0,0,0,4,368.7,0
2012-07-29 13:26:00,20,66,24.3,81,20.9,1001.3,0,0,4,369.3,0
2012-07-29 13:46:00,20,67,24.1,86,20.0,1001.6,0.7,1.7,10,370.5,0
2012-07-29 14:06:00,20,67,24.1,90,18.8,1002.1,1.4,3.1,14,372.9,0
2012-07-29 14:26:00,20,66,24.1,91,18.6,1002.3,0,0.7,12,373.5,0
2012-07-29 14:46:00,20,64,24.7,92,18.9,1002.2,0.7,1.4,10,373.8,0
2012-07-29 15:06:00,20,62,25.0,91,19.0,1002.4,0.7,2.0,14,373.8,0
2012-07-29 15:26:00,20,61,25.3,89,19.9,1002.4,0.7,1.7,14,373.8,0
2012-07-29 15:46:00,20,61,25.6,84,21.2,1002.4,1.0,2.7,10,373.8,0
2012-07-29 16:06:00,20,59,25.9,81,21.2,1002.6,0.7,2.4,12,373.8,0
2012-07-29 16:26:00,20,58,26.1,77,22.4,1002.6,0.3,1.4,12,373.8,0
2012-07-29 16:46:00,20,58,26.2,74,22.5,1002.9,0.3,1.0,12,373.8,0
2012-07-29 17:06:00,20,57,26.4,76,21.5,1002.8,0.7,1.4,14,373.8,0
2012-07-29 17:26:00,20,58,26.4,77,21.4,1003.0,0,0,14,373.8,0
2012-07-29 17:46:00,20,57,26.5,77,22.2,1003.3,0,0,12,373.8,0
2012-07-29 18:06:00,20,59,26.1,77,21.9,1003.5,0,0,12,373.8,0
2012-07-29 18:26:00,20,61,25.6,81,20.0,1003.4,0,0,12,373.8,0
2012-07-29 18:46:00,20,62,25.3,85,18.8,1003.8,0,0,12,373.8,0
2012-07-29 19:06:00,20,63,25.0,86,18.2,1004.1,0,0,12,373.8,0
2012-07-29 19:26:00,20,63,24.9,88,17.6,1004.8,0,0.3,12,373.8,0
2012-07-29 19:46:00,20,63,24.7,87,17.8,1005.0,0.3,0.7,12,373.8,0
2012-07-29 20:06:00,20,63,24.6,83,17.7,1005.1,0.7,1.4,12,373.8,0
2012-07-29 20:26:00,20,63,24.5,82,16.9,1005.2,0,0,12,373.8,0
2012-07-29 20:46:00,20,64,24.4,84,15.8,1005.2,0,0.7,13,373.8,0
2012-07-29 21:06:00,20,63,24.3,86,15.9,1005.3,0,0.7,10,373.8,0
2012-07-29 21:26:00,20,63,24.2,82,16.3,1005.6,0,0.7,12,373.8,0
2012-07-29 21:46:00,20,63,24.2,83,15.8,1005.7,0,0,14,373.8,0
2012-07-29 22:06:00,20,62,24.1,85,15.5,1006.0,0,0.3,14,373.8,0
2012-07-29 22:26:00,20,61,24.0,85,15.5,1006.3,0,0,10,373.8,0
2012-07-29 22:46:00,20,60,23.9,86,15.2,1006.4,0,0,14,373.8,0
2012-07-29 23:06:00,20,60,23.8,87,15.1,1006.4,0,0.3,14,373.8,0
2012-07-29 23:26:00,20,60,23.7,87,15.3,1006.5,0,0.3,10,373.8,0
2012-07-29 23:46:00,20,60,23.6,87,15.3,1006.6,0,0.3,11,373.8,0
