2016-12-23 00:01:00,3,36,18.8,89,3.1,1023.3,1.0,1.4,12,111.0,0
2016-12-23 00:04:00,3,36,18.8,89,3.1,1023.2,1.0,1.4,10,111.0,0
2016-12-23 00:07:00,3,36,18.8,90,3.1,1023.2,1.0,1.4,10,111.0,0
2016-12-23 00:10:00,3,36,18.8,90,3.1,1023.1,1.0,1.4,12,111.0,0
2016-12-23 00:13:00,3,36,18.8,90,3.1,1023.1,1.0,1.0,10,111.0,0
2016-12-23 00:16:00,3,36,18.7,90,3.1,1023.2,1.0,1.4,10,111.0,0
2016-12-23 00:19:00,3,36,18.7,90,3.1,1023.3,0.7,1.0,12,111.0,0
2016-12-23 00:22:00,3,36,18.6,90,3.1,1023.2,0.7,1.4,10,111.0,0
2016-12-23 00:25:00,3,36,18.6,90,3.1,1023.2,0.7,1.0,10,111.0,0
2016-12-23 00:28:00,3,36,18.6,90,3.1,1023.2,0.3,0.7,10,111.0,0
2016-12-23 00:31:00,3,36,18.6,90,3.1,1023.2,0.3,1.0,10,111.0,0
2016-12-23 00:34:00,3,36,18.6,90,3.1,1023.1,1.0,1.4,10,111.0,0
2016-12-23 00:37:00,3,36,18.5,90,3.1,1023.3,1.0,1.4,12,111.0,0
2016-12-23 00:40:00,3,36,18.5,90,3.1,1023.4,0.7,1.0,12,111.0,0
2016-12-23 00:43:00,3,36,18.5,90,3.1,1023.3,1.0,1.4,12,111.0,0
2016-12-23 00:46:00,3,36,18.5,90,3.1,1023.4,0.7,1.0,12,111.0,0
2016-12-23 00:49:00,3,36,18.5,90,3.1,1023.4,0.7,1.0,12,111.0,0
2016-12-23 00:52:00,3,36,18.5,90,3.1,1023.4,0.7,1.0,11,111.0,0
2016-12-23 00:55:00,3,36,18.5,90,3.1,1023.4,0.7,1.4,12,111.0,0
2016-12-23 00:58:00,3,36,18.4,90,3.1,1023.5,1.0,1.4,10,111.0,0
2016-12-23 01:01:00,3,36,18.4,90,3.1,1023.4,0.3,0.7,10,111.0,0
2016-12-23 01:04:00,3,36,18.4,90,3.1,1023.5,0.3,0.7,10,111.0,0
2016-12-23 01:07:00,3,36,18.4,90,3.2,1023.5,0.7,1.0,10,111.0,0
2016-12-23 01:10:00,3,36,18.4,90,3.2,1023.7,1.0,1.7,12,111.0,0
2016-12-23 01:13:00,3,36,18.4,90,3.2,1023.6,1.0,1.4,10,111.0,0
2016-12-23 01:16:00,3,36,18.3,90,3.2,1023.7,1.4,1.7,10,111.0,0
2016-12-23 01:19:00,3,36,18.3,90,3.2,1023.7,0.7,1.0,11,111.0,0
2016-12-23 01:22:00,3,36,18.3,90,3.2,1023.7,0.7,1.0,12,111.0,0
2016-12-23 01:25:00,3,36,18.3,90,3.2,1023.8,0.3,0.7,10,111.0,0
2016-12-23 01:28:00,3,36,18.3,90,3.2,1023.6,1.0,1.4,10,111.0,0
2016-12-23 01:31:00,3,36,18.3,90,3.2,1023.8,0.7,1.0,10,111.0,0
2016-12-23 01:34:00,3,36,18.3,90,3.2,1023.7,0.7,1.0,11,111.0,0
2016-12-23 01:37:00,3,36,18.3,90,3.2,1023.9,0.7,1.0,10,111.0,0
2016-12-23 01:40:00,3,36,18.2,90,3.2,1024.0,1.7,2.0,10,111.0,0
2016-12-23 01:43:00,3,36,18.2,90,3.2,1023.9,0.7,1.4,10,111.0,0
2016-12-23 01:46:00,3,36,18.2,90,3.2,1024.0,1.0,1.4,10,111.0,0
2016-12-23 01:49:00,3,36,18.2,90,3.2,1024.0,1.4,1.7,12,111.0,0
2016-12-23 01:52:00,3,36,18.2,90,3.2,1023.9,1.0,1.7,10,111.0,0
2016-12-23 01:55:00,3,36,18.2,90,3.2,1023.8,0.7,1.0,12,111.0,0
2016-12-23 01:58:00,3,36,18.1,90,3.2,1023.8,0.7,1.0,10,111.0,0
2016-12-23 02:01:00,3,36,18.1,90,3.2,1023.9,0.7,1.0,12,111.0,0
2016-12-23 02:04:00,3,36,18.1,90,3.2,1023.7,0.3,0.7,8,111.0,0
2016-12-23 02:07:00,3,36,18.1,90,3.2,1023.8,0.7,1.0,12,111.0,0
2016-12-23 02:10:00,3,36,18.1,90,3.1,1023.9,0.7,1.0,8,111.0,0
2016-12-23 02:13:00,3,36,18.1,90,3.1,1023.9,0.3,0.7,10,111.0,0
2016-12-23 02:16:00,3,36,18.1,90,3.1,1024.0,1.0,1.7,10,111.0,0
2016-12-23 02:19:00,3,36,18.1,90,3.1,1024.0,0.7,1.0,10,111.0,0
2016-12-23 02:22:00,3,36,18.1,90,3.1,1023.9,0.7,1.0,10,111.0,0
2016-12-23 02:25:00,3,36,18.1,90,3.1,1024.0,0.3,0.7,10,111.0,0
2016-12-23 02:28:00,3,36,18.1,90,3.1,1023.9,0.3,1.0,10,111.0,0
2016-12-23 02:31:00,3,36,18.0,90,3.1,1024.0,1.0,1.4,12,111.0,0
2016-12-23 02:34:00,3,36,18.0,90,3.1,1023.9,0.3,0.7,10,111.0,0
2016-12-23 02:37:00,3,36,18.0,90,3.1,1024.1,1.0,1.4,10,111.0,0
2016-12-23 02:40:00,3,36,18.0,90,3.1,1023.9,1.0,1.7,10,111.0,0
2016-12-23 02:43:00,3,36,18.0,90,3.2,1023.8,0.7,1.0,8,111.0,0
2016-12-23 02:46:00,3,36,18.0,90,3.2,1023.7,1.0,1.4,12,111.0,0
2016-12-23 02:49:00,3,36,18.0,90,3.2,1023.7,0.3,1.0,12,111.0,0
2016-12-23 02:52:00,3,36,18.0,90,3.2,1023.8,0.7,0.7,10,111.0,0
2016-12-23 02:55:00,3,36,18.0,90,3.2,1023.8,0.7,1.4,11,111.0,0
2016-12-23 02:58:00,3,36,18.0,90,3.2,1023.8,0.7,1.0,10,111.0,0
2016-12-23 03:01:00,3,36,18.0,90,3.2,1023.9,0.3,0.7,10,111.0,0
2016-12-23 03:04:00,3,36,17.9,90,3.2,1024.0,0.3,0.7,10,111.0,0
2016-12-23 03:07:00,3,36,17.9,90,3.2,1024.0,0.7,1.4,10,111.0,0
2016-12-23 03:10:00,3,36,17.9,90,3.2,1024.0,1.7,2.0,10,111.0,0
2016-12-23 03:13:00,3,36,17.9,90,3.2,1023.9,1.0,1.4,10,111.0,0
2016-12-23 03:16:00,3,36,17.9,90,3.2,1023.9,0.7,1.0,8,111.0,0
2016-12-23 03:19:00,3,36,17.9,90,3.2,1023.8,0.3,1.0,10,111.0,0
2016-12-23 03:22:00,3,36,17.9,90,3.2,1023.9,1.0,1.7,10,111.0,0
2016-12-23 03:25:00,3,36,17.9,90,3.2,1023.9,1.4,1.7,12,111.0,0
2016-12-23 03:28:00,3,36,17.9,90,3.2,1023.8,1.0,1.4,10,111.0,0
2016-12-23 03:31:00,3,36,17.9,90,3.2,1023.8,0.3,0.7,8,111.0,0
2016-12-23 03:34:00,3,36,17.9,90,3.1,1023.8,0.7,1.0,8,111.0,0
2016-12-23 03:37:00,3,36,17.9,90,3.1,1023.7,0.7,1.0,6,111.0,0
2016-12-23 03:40:00,3,36,17.9,90,3.0,1023.7,1.0,1.4,14,111.0,0
2016-12-23 03:43:00,3,36,17.9,90,2.9,1023.7,1.0,1.4,10,111.0,0
2016-12-23 03:46:00,3,36,17.9,90,2.9,1023.7,1.4,1.7,10,111.0,0
2016-12-23 03:49:00,3,36,17.9,90,2.9,1023.6,0.7,1.0,10,111.0,0
2016-12-23 03:52:00,3,36,17.9,90,2.8,1023.5,0.3,0.7,12,111.0,0
2016-12-23 03:55:00,3,36,17.8,90,2.7,1023.7,0.7,1.0,12,111.0,0
2016-12-23 03:58:00,3,36,17.8,90,2.6,1023.6,0.7,0.7,12,111.0,0
2016-12-23 04:01:00,3,36,17.8,90,2.6,1023.7,0.3,0.7,12,111.0,0
2016-12-23 04:04:00,3,36,17.8,90,2.6,1023.7,1.0,1.4,10,111.0,0
2016-12-23 04:07:00,3,36,17.7,90,2.6,1023.6,0.3,0.7,10,111.0,0
2016-12-23 04:10:00,3,36,17.7,90,2.6,1023.6,0.7,1.0,10,111.0,0
2016-12-23 04:13:00,3,36,17.7,90,2.6,1023.7,0.7,1.4,10,111.0,0
2016-12-23 04:16:00,3,36,17.7,90,2.6,1023.6,0.3,0.7,10,111.0,0
2016-12-23 04:19:00,3,36,17.7,90,2.6,1023.6,0.7,1.4,10,111.0,0
2016-12-23 04:22:00,3,36,17.7,90,2.7,1023.6,1.0,1.7,10,111.0,0
2016-12-23 04:25:00,3,36,17.7,90,2.7,1023.8,1.0,1.4,10,111.0,0
2016-12-23 04:28:00,3,36,17.7,90,2.7,1023.6,1.4,1.7,10,111.0,0
2016-12-23 04:31:00,3,36,17.7,90,2.8,1023.7,1.0,1.4,10,111.0,0
2016-12-23 04:34:00,3,36,17.7,90,2.8,1023.9,1.0,1.4,10,111.0,0
2016-12-23 04:37:00,3,36,17.7,90,2.7,1023.7,1.4,2.0,10,111.0,0
2016-12-23 04:40:00,3,36,17.7,90,2.7,1023.7,1.0,1.7,12,111.0,0
2016-12-23 04:43:00,3,36,17.7,90,2.7,1023.7,0.7,1.0,12,111.0,0
2016-12-23 04:46:00,3,36,17.7,90,2.7,1023.6,1.0,1.4,10,111.0,0
2016-12-23 04:49:00,3,36,17.7,90,2.6,1023.6,0.7,1.4,10,111.0,0
2016-12-23 04:52:00,3,36,17.7,90,2.6,1023.7,1.0,1.4,10,111.0,0
2016-12-23 04:55:00,3,36,17.7,90,2.5,1023.6,0.7,1.0,10,111.0,0
2016-12-23 04:58:00,3,36,17.7,90,2.5,1023.5,1.0,1.4,10,111.0,0
2016-12-23 05:01:00,3,36,17.7,90,2.5,1023.6,0.7,1.0,12,111.0,0
2016-12-23 05:04:00,3,36,17.7,90,2.5,1023.7,0.7,1.0,12,111.0,0
2016-12-23 05:07:00,3,36,17.7,90,2.3,1023.6,1.0,1.4,10,111.0,0
2016-12-23 05:10:00,3,36,17.8,90,2.3,1023.8,1.4,1.7,10,111.0,0
2016-12-23 05:13:00,3,36,17.9,90,2.2,1023.7,1.0,1.4,10,111.0,0
2016-12-23 05:16:00,3,36,17.9,90,2.2,1023.7,1.0,1.4,12,111.0,0
2016-12-23 05:19:00,3,36,17.9,90,2.1,1023.7,1.0,1.4,10,111.0,0
2016-12-23 05:22:00,3,36,17.9,90,2.1,1023.7,0.7,1.4,10,111.0,0
2016-12-23 05:25:00,3,36,18.0,90,2.1,1023.8,0.7,0.7,10,111.0,0
2016-12-23 05:28:00,3,36,18.0,89,2.0,1023.8,0.7,1.0,10,111.0,0
2016-12-23 05:31:00,3,36,18.0,89,2.0,1024.0,0.3,0.7,10,111.0,0
2016-12-23 05:34:00,3,36,18.1,89,2.0,1023.9,0.3,0.7,10,111.0,0
2016-12-23 05:37:00,3,36,18.1,89,1.9,1023.9,0.7,1.0,10,111.0,0
2016-12-23 05:40:00,3,36,18.1,89,1.9,1023.8,0.7,1.0,10,111.0,0
2016-12-23 05:43:00,3,36,18.1,89,1.9,1023.8,0.7,1.4,10,111.0,0
2016-12-23 05:46:00,3,36,18.2,89,1.9,1023.8,0.7,1.0,10,111.0,0
2016-12-23 05:49:00,3,36,18.2,89,1.8,1023.8,0.7,1.0,10,111.0,0
2016-12-23 05:52:00,3,36,18.3,89,1.8,1023.8,0.7,1.0,10,111.0,0
2016-12-23 05:55:00,3,36,18.3,89,1.8,1023.8,0.3,0.7,10,111.0,0
2016-12-23 05:58:00,3,36,18.3,89,1.8,1023.8,0.7,1.0,10,111.0,0
2016-12-23 06:01:00,3,36,18.4,89,1.8,1023.8,0.3,0.7,12,111.0,0
2016-12-23 06:04:00,3,35,18.4,89,1.7,1023.8,0.7,0.7,10,111.0,0
2016-12-23 06:07:00,3,35,18.4,89,1.7,1023.9,0.7,1.0,8,111.0,0
2016-12-23 06:10:00,3,35,18.4,89,1.7,1023.8,0.3,0.7,12,111.0,0
2016-12-23 06:13:00,3,35,18.5,89,1.7,1023.9,0.7,1.0,10,111.0,0
2016-12-23 06:16:00,3,35,18.5,89,1.7,1024.0,0.7,1.0,10,111.0,0
2016-12-23 06:19:00,3,35,18.5,89,1.7,1024.0,0.3,0.7,10,111.0,0
2016-12-23 06:22:00,3,35,18.5,89,1.6,1024.1,0.3,0.7,10,111.0,0
2016-12-23 06:25:00,3,35,18.5,89,1.6,1024.0,0.3,0.7,10,111.0,0
2016-12-23 06:28:00,3,35,18.6,89,1.5,1024.1,0.7,0.7,10,111.0,0
2016-12-23 06:31:00,3,35,18.6,89,1.5,1024.3,0.3,0.7,10,111.0,0
2016-12-23 06:34:00,3,35,18.6,89,1.5,1024.2,0.3,0.7,10,111.0,0
2016-12-23 06:37:00,3,35,18.6,89,1.5,1024.3,0.3,0.7,10,111.0,0
2016-12-23 06:40:00,3,35,18.6,89,1.5,1024.3,0.3,1.0,10,111.0,0
2016-12-23 06:43:00,3,35,18.6,89,1.5,1024.2,0.3,0.7,10,111.0,0
2016-12-23 06:46:00,3,35,18.6,89,1.5,1024.3,0.7,1.0,11,111.0,0
2016-12-23 06:49:00,3,35,18.6,89,1.5,1024.3,1.0,1.4,10,111.0,0
2016-12-23 06:52:00,3,35,18.7,89,1.6,1024.4,1.7,2.4,12,111.0,0
2016-12-23 06:55:00,3,35,18.7,89,1.7,1024.4,0.7,1.0,10,111.0,0
2016-12-23 06:58:00,3,35,18.7,89,1.7,1024.5,1.0,1.4,10,111.0,0
2016-12-23 07:01:00,3,35,18.8,89,1.7,1024.5,0.7,1.0,10,111.0,0
2016-12-23 07:04:00,3,36,18.8,89,1.7,1024.5,0.7,1.0,10,111.0,0
2016-12-23 07:07:00,3,36,18.8,89,1.7,1024.6,0.7,1.0,10,111.0,0
2016-12-23 07:10:00,3,36,18.8,89,1.8,1024.6,0.7,1.0,10,111.0,0
2016-12-23 07:13:00,3,36,18.8,89,1.8,1024.6,0.7,1.0,11,111.0,0
2016-12-23 07:16:00,3,36,18.8,89,1.9,1024.7,0.7,1.0,10,111.0,0
2016-12-23 07:19:00,3,36,18.8,89,1.9,1024.6,0,0,12,111.0,0
2016-12-23 07:22:00,3,36,18.9,89,1.9,1024.6,0,0,9,111.0,0
2016-12-23 07:25:00,3,36,18.9,89,1.9,1024.7,0,0,12,111.0,0
2016-12-23 07:28:00,3,36,18.9,89,1.9,1024.6,0.7,1.0,8,111.0,0
2016-12-23 07:31:00,3,36,18.9,89,2.0,1024.7,0.3,0.7,12,111.0,0
2016-12-23 07:34:00,3,36,18.9,89,2.0,1024.9,0.3,0.7,10,111.0,0
2016-12-23 07:37:00,3,35,19.0,89,2.0,1025.0,0,0.3,10,111.0,0
2016-12-23 07:40:00,3,36,18.9,89,2.0,1025.1,0.3,0.7,14,111.0,0
2016-12-23 07:43:00,3,35,19.0,89,2.0,1025.1,0,0.3,0,111.0,0
2016-12-23 07:46:00,3,36,19.0,89,2.1,1025.1,0,0,10,111.0,0
2016-12-23 07:49:00,3,37,19.0,89,2.1,1025.2,0,0,10,111.0,0
2016-12-23 07:52:00,3,37,19.1,89,2.1,1025.3,0.3,0.7,10,111.0,0
2016-12-23 07:55:00,3,37,19.1,89,2.1,1025.3,0.3,0.7,10,111.0,0
2016-12-23 07:58:00,3,36,19.3,89,2.2,1025.4,0.3,1.0,10,111.0,0
2016-12-23 08:01:00,3,36,19.6,89,2.2,1025.5,0.3,0.7,10,111.0,0
2016-12-23 08:04:00,3,35,19.8,89,2.2,1025.5,1.4,1.7,10,111.0,0
2016-12-23 08:07:00,3,34,20.1,89,2.2,1025.6,0.3,0.7,10,111.0,0
2016-12-23 08:10:00,3,33,20.3,89,2.3,1025.6,0.3,0.7,10,111.0,0
2016-12-23 08:13:00,3,33,20.4,89,2.3,1025.7,0,0,10,111.0,0
2016-12-23 08:16:00,3,32,20.5,89,2.3,1025.7,0.3,0.7,10,111.0,0
2016-12-23 08:19:00,3,32,20.6,89,2.3,1025.8,0,0.3,14,111.0,0
2016-12-23 08:22:00,3,32,20.7,89,2.3,1025.9,0,0,10,111.0,0
2016-12-23 08:25:00,3,32,20.8,89,2.4,1025.9,0.3,1.0,8,111.0,0
2016-12-23 08:28:00,3,32,20.9,89,2.4,1026.1,0,0.3,8,111.0,0
2016-12-23 08:31:00,3,30,21.0,89,2.4,1025.9,0.7,1.0,8,111.0,0
2016-12-23 08:34:00,3,30,21.1,88,2.5,1026.0,0.7,1.4,11,111.0,0
2016-12-23 08:37:00,3,30,21.1,88,2.5,1026.2,0,0,10,111.0,0
2016-12-23 08:40:00,3,30,21.2,88,2.5,1026.1,0.7,0.7,10,111.0,0
2016-12-23 08:43:00,3,30,21.2,88,2.6,1026.1,0,0,14,111.0,0
2016-12-23 08:46:00,3,30,21.3,88,2.6,1026.0,0.7,1.4,8,111.0,0
2016-12-23 08:49:00,3,30,21.3,88,2.6,1026.1,0.3,1.0,14,111.0,0
2016-12-23 08:52:00,3,30,21.3,88,2.6,1026.2,0.3,0.7,8,111.0,0
2016-12-23 08:55:00,3,30,21.5,87,2.6,1026.2,0.3,0.7,10,111.0,0
2016-12-23 08:58:00,3,30,21.5,87,2.6,1026.2,0.7,1.0,10,111.0,0
2016-12-23 09:01:00,3,30,21.5,87,2.6,1026.3,0.7,1.0,10,111.0,0
2016-12-23 09:04:00,3,30,21.5,87,2.6,1026.1,0.7,1.0,10,111.0,0
2016-12-23 09:07:00,3,30,21.4,87,2.6,1026.2,0.3,0.7,10,111.0,0
2016-12-23 09:10:00,3,30,21.2,86,2.6,1026.2,0.7,1.0,10,111.0,0
2016-12-23 09:13:00,3,30,21.1,86,2.7,1026.2,0.7,0.7,10,111.0,0
2016-12-23 09:16:00,3,30,21.1,86,2.7,1026.2,0.7,1.0,8,111.0,0
2016-12-23 09:19:00,3,30,21.0,86,2.7,1026.2,0.3,1.0,10,111.0,0
2016-12-23 09:22:00,3,31,20.9,86,2.7,1026.2,0.7,1.0,4,111.0,0
2016-12-23 09:25:00,3,31,20.9,86,2.7,1026.3,0.7,1.0,11,111.0,0
2016-12-23 09:28:00,3,31,20.7,86,2.8,1026.3,0,0.3,10,111.0,0
2016-12-23 09:31:00,3,31,20.7,85,2.8,1026.3,1.0,2.0,8,111.0,0
2016-12-23 09:34:00,3,32,20.6,85,2.8,1026.4,0.3,0.7,10,111.0,0
2016-12-23 09:37:00,3,32,20.5,85,2.8,1026.4,0.7,1.0,10,111.0,0
2016-12-23 09:40:00,3,32,20.5,85,2.7,1026.4,0.3,0.7,12,111.0,0
2016-12-23 09:43:00,3,32,20.5,85,2.8,1026.3,0.7,1.7,10,111.0,0
2016-12-23 09:46:00,3,32,20.4,85,2.8,1026.3,0.7,1.0,10,111.0,0
2016-12-23 09:49:00,3,32,20.3,85,2.8,1026.2,0.7,1.0,8,111.0,0
2016-12-23 09:52:00,3,32,20.3,85,2.8,1026.2,1.0,1.4,8,111.0,0
2016-12-23 09:55:00,3,32,20.3,85,2.8,1026.3,0.7,1.4,8,111.0,0
2016-12-23 09:58:00,3,32,20.2,85,2.9,1026.4,1.0,1.7,10,111.0,0
2016-12-23 10:01:00,3,32,20.2,85,2.9,1026.1,1.4,1.7,10,111.0,0
2016-12-23 10:04:00,3,32,20.1,85,2.9,1026.2,0.3,0.7,8,111.0,0
2016-12-23 10:07:00,3,32,20.1,85,2.9,1026.3,0.3,0.7,10,111.0,0
2016-12-23 10:10:00,3,32,20.0,85,2.9,1026.3,0.7,1.0,10,111.0,0
2016-12-23 10:13:00,3,32,20.0,85,3.0,1026.4,0.3,0.7,10,111.0,0
2016-12-23 10:16:00,3,32,20.0,85,3.0,1026.2,1.0,1.4,12,111.0,0
2016-12-23 10:19:00,3,33,19.9,84,3.0,1026.2,1.4,1.7,10,111.0,0
2016-12-23 10:22:00,3,33,19.8,84,3.0,1026.3,0.7,1.0,10,111.0,0
2016-12-23 10:25:00,3,34,19.8,84,3.0,1026.2,0.7,1.0,14,111.0,0
2016-12-23 10:28:00,3,34,19.8,84,3.0,1026.2,0.7,1.4,10,111.0,0
2016-12-23 10:31:00,3,34,19.8,84,3.1,1026.2,1.0,1.4,12,111.0,0
2016-12-23 10:34:00,3,34,19.7,84,3.1,1026.1,0.7,1.0,8,111.0,0
2016-12-23 10:37:00,3,34,19.7,84,3.1,1026.2,0.3,0.7,12,111.0,0
2016-12-23 10:40:00,3,34,19.7,84,3.2,1026.2,0.3,0.7,4,111.0,0
2016-12-23 10:43:00,3,34,19.7,84,3.2,1026.1,0.7,1.0,10,111.0,0
2016-12-23 10:46:00,3,34,19.6,84,3.2,1026.1,1.7,2.4,10,111.0,0
2016-12-23 10:49:00,3,34,19.6,84,3.3,1026.0,0.3,0.7,10,111.0,0
2016-12-23 10:52:00,3,34,19.6,84,3.3,1025.8,0.7,1.0,12,111.0,0
2016-12-23 10:55:00,3,34,19.6,84,3.3,1025.9,0.7,1.0,9,111.0,0
2016-12-23 10:58:00,3,34,19.5,84,3.3,1025.8,0.7,1.0,10,111.0,0
2016-12-23 11:01:00,3,34,19.5,84,3.3,1025.8,0.7,1.0,10,111.0,0
2016-12-23 11:04:00,3,34,19.5,84,3.3,1025.9,0.7,1.0,10,111.0,0
2016-12-23 11:07:00,3,34,19.4,84,3.4,1025.8,0.7,1.0,10,111.0,0
2016-12-23 11:10:00,3,34,19.3,83,3.4,1025.8,1.0,1.4,10,111.0,0
2016-12-23 11:13:00,3,34,19.3,83,3.5,1025.8,1.0,1.4,8,111.0,0
2016-12-23 11:16:00,3,34,19.3,83,3.5,1025.8,0.7,1.4,10,111.0,0
2016-12-23 11:19:00,3,34,19.3,83,3.5,1025.7,0.7,1.0,10,111.0,0
2016-12-23 11:22:00,3,34,19.2,83,3.6,1025.6,0.7,1.0,8,111.0,0
2016-12-23 11:25:00,3,34,19.2,83,3.6,1025.5,0.7,1.0,10,111.0,0
2016-12-23 11:28:00,3,34,19.2,83,3.6,1025.5,0.7,1.0,10,111.0,0
2016-12-23 11:31:00,3,34,19.2,83,3.7,1025.5,0.7,0.7,10,111.0,0
2016-12-23 11:34:00,3,34,19.2,83,3.7,1025.5,0.7,1.0,12,111.0,0
2016-12-23 11:37:00,3,34,19.2,83,3.8,1025.5,0.3,0.7,10,111.0,0
2016-12-23 11:40:00,3,34,19.1,83,3.8,1025.5,1.0,1.4,8,111.0,0
2016-12-23 11:43:00,3,34,19.1,83,3.9,1025.5,0.3,0.7,10,111.0,0
2016-12-23 11:46:00,3,34,19.1,83,3.9,1025.5,0.7,1.0,10,111.0,0
2016-12-23 11:49:00,3,34,19.1,83,4.0,1025.7,1.0,1.4,10,111.0,0
2016-12-23 11:52:00,3,34,19.1,83,4.0,1025.6,0.3,0.7,10,111.0,0
2016-12-23 11:55:00,3,34,19.0,83,4.1,1025.5,0,0.3,12,111.0,0
2016-12-23 11:58:00,3,34,19.0,83,4.1,1025.5,0.3,0.7,10,111.0,0
2016-12-23 12:01:00,3,34,19.0,83,4.2,1025.5,0.7,1.0,8,111.0,0
2016-12-23 12:04:00,3,34,19.0,83,4.2,1025.5,0,0.3,10,111.0,0
2016-12-23 12:07:00,3,34,19.0,83,4.2,1025.4,0,0.3,10,111.0,0
2016-12-23 12:10:00,3,35,18.9,83,4.3,1025.5,0.3,0.7,10,111.0,0
2016-12-23 12:13:00,3,35,18.9,83,4.3,1025.4,0.3,0.7,10,111.0,0
2016-12-23 12:16:00,3,35,18.9,83,4.3,1025.4,0.7,1.0,10,111.0,0
2016-12-23 12:19:00,3,35,18.9,82,4.3,1025.3,0,0.3,12,111.0,0
2016-12-23 12:22:00,3,36,18.8,83,4.4,1025.4,0,0.7,10,111.0,0
2016-12-23 12:25:00,3,36,18.8,83,4.4,1025.3,0,0.3,10,111.0,0
2016-12-23 12:28:00,3,36,18.8,83,4.5,1025.3,0,0.3,8,111.0,0
2016-12-23 12:31:00,3,36,18.8,83,4.5,1025.1,0,0.3,8,111.0,0
2016-12-23 12:34:00,3,36,18.8,83,4.5,1025.2,0.3,0.7,10,111.0,0
2016-12-23 12:37:00,3,36,18.8,82,4.6,1025.2,0.3,1.0,8,111.0,0
2016-12-23 12:40:00,3,36,18.8,82,4.6,1025.2,0.7,0.7,8,111.0,0
2016-12-23 12:43:00,3,36,18.9,82,4.6,1025.2,0.3,0.7,10,111.0,0
2016-12-23 12:46:00,3,36,18.9,82,4.6,1025.2,0.3,0.7,12,111.0,0
2016-12-23 12:49:00,3,36,18.9,82,4.7,1025.1,0.7,0.7,10,111.0,0
2016-12-23 12:52:00,3,36,18.9,82,4.7,1025.3,0.3,0.7,10,111.0,0
2016-12-23 12:55:00,3,36,18.9,82,4.7,1025.1,0.3,0.3,10,111.0,0
2016-12-23 12:58:00,3,36,18.9,82,4.8,1025.2,0,0.3,14,111.0,0
2016-12-23 13:01:00,3,35,19.0,82,4.8,1025.3,0.7,1.0,10,111.0,0
2016-12-23 13:04:00,3,35,19.0,82,4.8,1025.3,0.7,1.0,10,111.0,0
2016-12-23 13:07:00,3,35,19.0,82,4.8,1025.3,0.7,1.4,10,111.0,0
2016-12-23 13:10:00,3,35,19.0,82,4.8,1025.3,0.3,0.7,10,111.0,0
2016-12-23 13:13:00,3,35,19.1,82,4.7,1025.3,0.3,0.7,10,111.0,0
2016-12-23 13:16:00,3,35,19.1,82,4.7,1025.3,0.7,1.0,8,111.0,0
2016-12-23 13:19:00,3,36,19.1,82,4.7,1025.2,0.7,1.0,10,111.0,0
2016-12-23 13:22:00,3,36,19.2,82,4.7,1025.2,0.3,0.7,2,111.0,0
2016-12-23 13:25:00,3,36,19.2,82,4.7,1025.2,0.3,0.7,8,111.0,0
2016-12-23 13:28:00,3,36,19.2,82,4.7,1025.3,0,0.3,8,111.0,0
2016-12-23 13:31:00,3,36,19.2,82,4.7,1025.3,0,0,8,111.0,0
2016-12-23 13:34:00,3,36,19.2,82,4.6,1025.2,0.3,0.7,12,111.0,0
2016-12-23 13:37:00,3,36,19.2,82,4.6,1025.1,0.3,0.7,10,111.0,0
2016-12-23 13:40:00,3,36,19.3,83,4.6,1025.0,0,0.3,9,111.0,0
2016-12-23 13:43:00,3,36,19.3,83,4.6,1024.9,0,0.3,2,111.0,0
2016-12-23 13:46:00,3,36,19.3,83,4.7,1024.9,0.3,0.3,8,111.0,0
2016-12-23 13:49:00,3,36,19.3,83,4.7,1024.8,0.3,0.7,12,111.0,0
2016-12-23 13:52:00,3,36,19.3,83,4.7,1024.9,0.3,0.7,8,111.0,0
2016-12-23 13:55:00,3,36,19.3,83,4.7,1024.9,0,0,0,111.0,0
2016-12-23 13:58:00,3,36,19.4,83,4.7,1024.9,0,0.3,6,111.0,0
2016-12-23 14:01:00,3,36,19.4,83,4.7,1024.9,0.3,0.7,10,111.0,0
2016-12-23 14:04:00,3,36,19.5,83,4.7,1024.8,0.7,1.0,8,111.0,0
2016-12-23 14:07:00,3,36,19.5,83,4.7,1024.7,0.7,1.0,8,111.0,0
2016-12-23 14:10:00,3,36,19.5,83,4.7,1024.6,0,0.3,10,111.0,0
2016-12-23 14:13:00,3,36,19.5,83,4.7,1024.6,0.3,0.7,6,111.0,0
2016-12-23 14:16:00,3,36,19.5,83,4.7,1024.5,0.7,1.0,9,111.0,0
2016-12-23 14:19:00,3,36,19.5,83,4.7,1024.4,0.7,1.0,10,111.0,0
2016-12-23 14:22:00,3,35,19.5,83,4.7,1024.6,0.3,0.7,12,111.0,0
2016-12-23 14:25:00,3,35,19.5,83,4.7,1024.5,1.0,1.7,10,111.0,0
2016-12-23 14:28:00,3,35,19.5,83,4.7,1024.6,0.7,1.0,8,111.0,0
2016-12-23 14:31:00,3,35,19.5,83,4.7,1024.5,0.7,1.0,10,111.0,0
2016-12-23 14:34:00,3,35,19.5,83,4.7,1024.5,0.7,1.4,9,111.0,0
2016-12-23 14:37:00,3,35,19.5,83,4.7,1024.5,0.3,0.7,12,111.0,0
2016-12-23 14:40:00,3,35,19.5,83,4.7,1024.4,0.3,0.7,8,111.0,0
2016-12-23 14:43:00,3,35,19.5,83,4.7,1024.4,0,0,10,111.0,0
2016-12-23 14:46:00,3,36,19.6,83,4.7,1024.5,0.3,0.7,12,111.0,0
2016-12-23 14:49:00,3,36,19.6,83,4.7,1024.3,0.3,0.7,10,111.0,0
2016-12-23 14:52:00,3,36,19.6,83,4.7,1024.3,0.3,0.7,8,111.0,0
2016-12-23 14:55:00,3,36,19.6,83,4.7,1024.3,0,0.3,10,111.0,0
2016-12-23 14:58:00,3,36,19.6,83,4.7,1024.4,0.3,0.7,10,111.0,0
2016-12-23 15:01:00,3,36,19.6,83,4.7,1024.3,0.3,0.7,12,111.0,0
2016-12-23 15:04:00,3,36,19.6,83,4.7,1024.4,0.3,0.7,12,111.0,0
2016-12-23 15:07:00,3,36,19.6,83,4.7,1024.3,0.7,1.0,10,111.0,0
2016-12-23 15:10:00,3,36,19.6,83,4.7,1024.3,0,0.3,10,111.0,0
2016-12-23 15:13:00,3,36,19.6,83,4.7,1024.2,0.7,1.0,10,111.0,0
2016-12-23 15:16:00,3,36,19.6,83,4.7,1024.2,0.7,1.0,12,111.0,0
2016-12-23 15:19:00,3,36,19.6,83,4.7,1024.1,0.3,0.7,12,111.0,0
2016-12-23 15:22:00,3,36,19.6,83,4.8,1024.1,0.3,0.7,10,111.0,0
2016-12-23 15:25:00,3,36,19.6,83,4.8,1024.2,1.0,1.4,10,111.0,0
2016-12-23 15:28:00,3,36,19.6,83,4.8,1024.3,0.3,0.7,10,111.0,0
2016-12-23 15:31:00,3,36,19.6,83,4.8,1024.2,0.3,1.0,10,111.0,0
2016-12-23 15:34:00,3,36,19.6,83,4.8,1024.2,2.4,3.1,8,111.0,0
2016-12-23 15:37:00,3,36,19.7,83,4.8,1024.2,1.0,1.7,10,111.0,0
2016-12-23 15:40:00,3,36,19.7,83,4.8,1024.1,0.3,0.7,12,111.0,0
2016-12-23 15:43:00,3,36,19.7,83,4.8,1024.1,0.3,0.7,8,111.0,0
2016-12-23 15:46:00,3,36,19.7,83,4.8,1024.1,1.4,2.0,10,111.0,0
2016-12-23 15:49:00,3,36,19.7,83,4.8,1024.0,0.3,1.0,8,111.0,0
2016-12-23 15:52:00,3,36,19.7,83,4.8,1024.1,1.7,2.0,10,111.0,0
2016-12-23 15:55:00,3,36,19.7,83,4.8,1024.1,1.0,1.4,10,111.0,0
2016-12-23 15:58:00,3,36,19.7,82,4.8,1024.1,1.0,1.4,10,111.0,0
2016-12-23 16:01:00,3,36,19.7,82,4.8,1024.0,0.7,1.0,8,111.0,0
2016-12-23 16:04:00,3,36,19.7,82,4.8,1024.0,0.3,0.7,10,111.0,0
2016-12-23 16:07:00,3,36,19.7,82,4.8,1024.0,1.4,1.7,10,111.0,0
2016-12-23 16:10:00,3,36,19.7,82,4.9,1024.0,0.7,1.4,10,111.0,0
2016-12-23 16:13:00,3,36,19.7,82,4.8,1023.9,0.3,0.7,14,111.0,0
2016-12-23 16:16:00,3,36,19.7,82,4.8,1023.9,0.7,1.0,12,111.0,0
2016-12-23 16:19:00,3,35,19.7,82,4.8,1023.8,0.7,1.0,8,111.0,0
2016-12-23 16:22:00,3,35,19.7,82,4.8,1023.9,0.7,1.0,14,111.0,0
2016-12-23 16:25:00,3,35,19.7,82,4.8,1023.8,1.7,3.1,10,111.0,0
2016-12-23 16:28:00,3,35,19.7,82,4.9,1023.8,1.0,1.7,8,111.0,0
2016-12-23 16:31:00,3,35,19.7,81,4.9,1023.7,1.7,2.4,8,111.0,0
2016-12-23 16:34:00,3,35,19.7,81,4.9,1023.8,1.4,1.7,9,111.0,0
2016-12-23 16:37:00,3,35,19.7,81,4.9,1023.7,2.0,3.1,12,111.0,0
2016-12-23 16:40:00,3,35,19.7,81,4.9,1023.6,0.7,1.4,12,111.0,0
2016-12-23 16:43:00,3,36,19.7,81,4.9,1023.5,0.7,1.0,12,111.0,0
2016-12-23 16:46:00,3,36,19.7,81,4.8,1023.4,1.0,1.4,10,111.0,0
2016-12-23 16:49:00,3,36,19.7,81,4.8,1023.4,0.7,1.0,4,111.0,0
2016-12-23 16:52:00,3,36,19.8,81,4.8,1023.4,0.3,1.0,6,111.0,0
2016-12-23 16:55:00,3,36,19.8,81,4.7,1023.6,0.3,0.7,12,111.0,0
2016-12-23 16:58:00,3,36,19.8,81,4.6,1023.7,1.0,2.0,10,111.0,0
2016-12-23 17:01:00,3,36,19.8,81,4.6,1023.5,0.3,0.7,12,111.0,0
2016-12-23 17:04:00,3,36,19.8,81,4.6,1023.6,0.3,0.7,12,111.0,0
2016-12-23 17:07:00,3,36,19.8,81,4.6,1023.7,1.0,1.4,7,111.0,0
2016-12-23 17:10:00,3,36,19.8,81,4.6,1023.6,0.7,1.0,9,111.0,0
2016-12-23 17:13:00,3,36,19.8,81,4.6,1023.6,0.7,1.4,14,111.0,0
2016-12-23 17:16:00,3,36,19.8,81,4.5,1023.5,1.0,1.4,4,111.0,0
2016-12-23 17:19:00,3,36,19.8,81,4.5,1023.4,1.0,1.4,8,111.0,0
2016-12-23 17:22:00,3,36,19.8,81,4.5,1023.4,0.3,0.7,6,111.0,0
2016-12-23 17:25:00,3,36,19.8,81,4.4,1023.4,1.4,1.7,10,111.0,0
2016-12-23 17:28:00,3,36,19.8,81,4.4,1023.5,1.0,1.4,10,111.0,0
2016-12-23 17:31:00,3,36,19.8,81,4.4,1023.4,2.0,2.7,10,111.0,0
2016-12-23 17:34:00,3,36,19.8,81,4.3,1023.4,1.7,2.0,3,111.0,0
2016-12-23 17:37:00,3,36,19.8,81,4.3,1023.4,1.4,2.0,9,111.0,0
2016-12-23 17:40:00,3,36,19.8,81,4.2,1023.4,0.7,1.4,10,111.0,0
2016-12-23 17:43:00,3,36,19.8,81,4.2,1023.3,1.0,1.7,14,111.0,0
2016-12-23 17:46:00,3,36,19.8,81,4.1,1023.3,1.0,1.4,10,111.0,0
2016-12-23 17:49:00,3,36,19.8,81,4.1,1023.3,1.7,3.1,6,111.0,0
2016-12-23 17:52:00,3,36,19.8,81,4.0,1023.3,1.4,1.7,11,111.0,0
2016-12-23 17:55:00,3,36,19.8,81,3.9,1023.3,1.0,1.7,10,111.0,0
2016-12-23 17:58:00,3,36,19.8,81,3.7,1023.1,1.7,2.4,10,111.0,0
2016-12-23 18:01:00,3,36,19.8,81,3.6,1023.1,0.7,1.4,10,111.0,0
2016-12-23 18:04:00,3,36,19.8,81,3.5,1023.2,1.0,1.7,10,111.0,0
2016-12-23 18:07:00,3,36,19.9,81,3.3,1023.0,0.7,1.4,14,111.0,0
2016-12-23 18:10:00,3,36,19.9,81,3.2,1023.0,1.0,1.7,13,111.0,0
2016-12-23 18:13:00,3,36,19.9,82,3.2,1023.0,1.4,1.7,9,111.0,0
2016-12-23 18:16:00,3,36,19.9,82,3.1,1023.1,1.4,2.0,10,111.0,0
2016-12-23 18:19:00,3,36,19.9,82,3.1,1023.1,1.4,3.1,8,111.0,0
2016-12-23 18:22:00,3,36,19.9,82,3.0,1023.1,0.7,1.4,8,111.0,0
2016-12-23 18:25:00,3,36,19.9,82,3.0,1023.1,0.7,1.4,12,111.0,0
2016-12-23 18:28:00,3,36,19.9,83,3.0,1023.2,1.4,1.7,9,111.0,0
2016-12-23 18:31:00,3,36,19.9,83,3.0,1023.1,0.7,1.4,10,111.0,0
2016-12-23 18:34:00,3,36,19.9,83,3.0,1023.3,1.0,1.7,10,111.0,0
2016-12-23 18:37:00,3,36,19.9,83,3.0,1023.2,1.0,1.4,10,111.0,0
2016-12-23 18:40:00,3,35,20.0,83,3.0,1023.2,1.0,1.4,10,111.0,0
2016-12-23 18:43:00,3,35,20.0,83,3.0,1023.2,0.7,1.4,8,111.0,0
2016-12-23 18:46:00,3,35,20.0,83,2.9,1023.1,1.0,1.4,8,111.0,0
2016-12-23 18:49:00,3,35,20.0,83,2.9,1023.1,0,0.3,10,111.0,0
2016-12-23 18:52:00,3,35,20.0,83,2.9,1023.1,0,0.7,10,111.0,0
2016-12-23 18:55:00,3,35,20.0,83,2.8,1023.1,1.0,1.4,12,111.0,0
2016-12-23 18:58:00,3,35,20.0,83,2.7,1023.0,0.7,1.0,3,111.0,0
2016-12-23 19:01:00,3,35,20.0,83,2.7,1022.9,0.7,1.0,8,111.0,0
2016-12-23 19:04:00,3,35,20.0,83,2.7,1022.8,0.7,1.0,8,111.0,0
2016-12-23 19:07:00,3,35,20.0,83,2.7,1022.7,1.4,2.0,10,111.0,0
2016-12-23 19:10:00,3,35,20.0,84,2.7,1022.6,1.0,1.7,8,111.0,0
2016-12-23 19:13:00,3,35,20.0,84,2.7,1022.6,1.4,2.0,10,111.0,0
2016-12-23 19:16:00,3,35,20.0,84,2.7,1022.6,1.4,1.7,10,111.0,0
2016-12-23 19:19:00,3,35,20.0,84,2.7,1022.4,0.7,2.0,8,111.0,0
2016-12-23 19:22:00,3,35,20.0,84,2.7,1022.3,0.7,1.4,6,111.0,0
2016-12-23 19:25:00,3,35,20.0,84,2.7,1022.2,0.7,1.0,0,111.0,0
2016-12-23 19:28:00,3,35,20.0,84,2.6,1022.2,1.0,1.4,10,111.0,0
2016-12-23 19:31:00,3,35,20.0,84,2.6,1022.2,1.0,1.4,8,111.0,0
2016-12-23 19:34:00,3,35,20.0,84,2.5,1022.2,1.0,1.4,8,111.0,0
2016-12-23 19:37:00,3,35,20.0,84,2.5,1022.2,0.3,0.7,9,111.0,0
2016-12-23 19:40:00,3,35,20.0,84,2.4,1022.1,0.3,0.3,6,111.0,0
2016-12-23 19:43:00,3,35,20.0,84,2.4,1022.1,0.3,0.7,8,111.0,0
2016-12-23 19:46:00,3,35,20.0,84,2.4,1021.9,0.3,0.7,8,111.0,0
2016-12-23 19:49:00,3,35,20.0,84,2.5,1021.9,1.4,1.7,8,111.0,0
2016-12-23 19:52:00,3,35,20.0,85,2.5,1021.9,1.7,2.7,8,111.0,0
2016-12-23 19:55:00,3,36,20.0,85,2.6,1021.8,1.7,3.1,8,111.0,0
2016-12-23 19:58:00,3,36,20.0,85,2.6,1021.8,1.0,1.7,6,111.0,0
2016-12-23 20:01:00,3,36,20.0,85,2.7,1021.6,0.3,0.7,2,111.0,0
2016-12-23 20:04:00,3,36,20.0,85,2.7,1021.7,0.3,1.0,2,111.0,0
2016-12-23 20:07:00,3,36,20.0,85,2.7,1021.7,1.7,2.7,2,111.0,0
2016-12-23 20:10:00,3,36,20.0,85,2.7,1021.6,0.3,0.7,8,111.0,0
2016-12-23 20:13:00,3,36,20.0,85,2.8,1021.5,0.7,1.0,10,111.0,0
2016-12-23 20:16:00,3,36,20.0,85,2.8,1021.5,0.7,1.0,0,111.0,0
2016-12-23 20:19:00,3,36,20.0,85,2.8,1021.5,1.0,1.4,12,111.0,0
2016-12-23 20:22:00,3,36,20.0,85,2.8,1021.4,1.0,1.7,8,111.0,0
2016-12-23 20:25:00,3,36,20.0,85,2.8,1021.5,1.4,1.7,10,111.0,0
2016-12-23 20:28:00,3,36,20.0,85,2.8,1021.4,0.3,0.7,8,111.0,0
2016-12-23 20:31:00,3,36,20.0,85,2.8,1021.4,1.4,1.7,3,111.0,0
2016-12-23 20:34:00,3,36,20.0,85,2.8,1021.3,1.0,1.7,8,111.0,0
2016-12-23 20:37:00,3,36,20.0,85,2.8,1021.3,0.7,1.0,3,111.0,0
2016-12-23 20:40:00,3,36,20.0,85,2.8,1021.2,0.7,1.4,8,111.0,0
2016-12-23 20:43:00,3,36,20.0,85,2.8,1021.2,0.7,1.4,8,111.0,0
2016-12-23 20:46:00,3,36,20.0,85,2.8,1021.2,2.4,3.1,8,111.0,0
2016-12-23 20:49:00,3,36,20.0,85,2.8,1021.2,1.0,1.4,4,111.0,0
2016-12-23 20:52:00,3,36,20.0,85,2.8,1021.1,0.7,1.4,14,111.0,0
2016-12-23 20:55:00,3,36,20.0,85,2.8,1021.1,0.7,1.0,8,111.0,0
2016-12-23 20:58:00,3,36,20.0,85,2.8,1020.9,0.3,1.0,8,111.0,0
2016-12-23 21:01:00,3,36,20.0,85,2.8,1020.8,0.3,0.7,8,111.0,0
2016-12-23 21:04:00,3,36,20.0,85,2.8,1020.8,0.3,0.7,8,111.0,0
2016-12-23 21:07:00,3,36,20.0,85,2.6,1020.7,0.3,0.7,12,111.0,0
2016-12-23 21:10:00,3,36,20.0,85,2.5,1020.6,0.3,0.7,4,111.0,0
2016-12-23 21:13:00,3,36,20.0,85,2.5,1020.3,0.7,1.0,6,111.0,0
2016-12-23 21:16:00,3,36,20.0,85,2.4,1020.2,0.7,1.0,4,111.0,0
2016-12-23 21:19:00,3,36,20.0,85,2.4,1020.1,0.7,1.0,4,111.0,0
2016-12-23 21:22:00,3,36,20.0,85,2.3,1020.1,0.7,1.0,4,111.0,0
2016-12-23 21:25:00,3,36,20.0,85,2.3,1020.2,0.3,0.7,8,111.0,0
2016-12-23 21:28:00,3,36,20.0,85,2.2,1020.1,0,0,12,111.0,0
2016-12-23 21:31:00,3,36,20.0,85,2.1,1020.1,0,0.3,12,111.0,0
2016-12-23 21:34:00,3,36,20.0,85,2.1,1020.2,0,0.3,2,111.0,0
2016-12-23 21:37:00,3,36,20.0,85,2.0,1020.0,0,0.3,6,111.0,0
2016-12-23 21:40:00,3,36,20.0,85,2.0,1019.9,0.3,0.7,4,111.0,0
2016-12-23 21:43:00,3,36,20.0,85,2.0,1019.9,1.0,1.4,1,111.0,0
2016-12-23 21:46:00,3,36,20.0,85,2.0,1019.6,0.7,0.7,4,111.0,0
2016-12-23 21:49:00,3,36,20.0,85,2.0,1019.7,0.7,1.0,8,111.0,0
2016-12-23 21:52:00,3,37,19.9,85,2.0,1019.6,0.3,0.7,2,111.0,0
2016-12-23 21:55:00,3,37,19.8,85,2.0,1019.5,0.7,1.0,6,111.0,0
2016-12-23 21:58:00,3,37,19.8,85,2.1,1019.4,1.0,1.4,0,111.0,0
2016-12-23 22:01:00,3,37,19.8,86,2.1,1019.2,0.7,1.7,8,111.0,0
2016-12-23 22:04:00,3,37,19.8,86,2.2,1019.2,0.3,0.7,12,111.0,0
2016-12-23 22:07:00,3,37,19.8,86,2.2,1019.2,0.3,0.7,10,111.0,0
2016-12-23 22:10:00,3,37,19.8,86,2.2,1019.2,1.0,1.4,6,111.0,0
2016-12-23 22:13:00,3,37,19.8,86,2.1,1019.1,1.0,1.7,8,111.0,0
2016-12-23 22:16:00,3,37,19.8,86,2.1,1019.1,1.0,1.4,6,111.0,0
2016-12-23 22:19:00,3,37,19.7,86,2.1,1019.0,0.7,1.7,8,111.0,0
2016-12-23 22:22:00,3,36,19.7,86,2.2,1019.0,1.0,1.7,8,111.0,0
2016-12-23 22:25:00,3,36,19.7,86,2.2,1019.0,1.0,1.7,6,111.0,0
2016-12-23 22:28:00,3,36,19.7,86,2.2,1018.9,2.0,2.4,4,111.0,0
2016-12-23 22:31:00,3,36,19.7,86,2.3,1018.7,0.7,1.4,12,111.0,0
2016-12-23 22:34:00,3,36,19.7,85,2.2,1018.7,0,0,12,111.0,0
2016-12-23 22:37:00,3,36,19.7,85,2.2,1018.7,0.3,0.7,4,111.0,0
2016-12-23 22:40:00,3,36,19.7,85,2.2,1018.6,0.7,1.0,8,111.0,0
2016-12-23 22:43:00,3,36,19.6,85,2.2,1018.7,1.4,1.7,14,111.0,0
2016-12-23 22:46:00,3,36,19.6,85,2.2,1018.5,1.4,2.0,8,111.0,0
2016-12-23 22:49:00,3,36,19.6,85,2.2,1018.5,0.7,1.4,8,111.0,0
2016-12-23 22:52:00,3,36,19.6,85,2.2,1018.5,2.7,3.7,9,111.0,0
2016-12-23 22:55:00,3,36,19.6,85,2.2,1018.6,2.0,3.1,8,111.0,0
2016-12-23 22:58:00,3,36,19.6,84,2.2,1018.5,1.0,1.4,8,111.0,0
2016-12-23 23:01:00,3,36,19.5,84,2.2,1018.4,2.7,3.7,8,111.0,0
2016-12-23 23:04:00,3,36,19.5,84,2.2,1018.5,2.7,3.7,8,111.0,0
2016-12-23 23:07:00,3,36,19.5,84,2.2,1018.3,0.3,1.0,10,111.0,0
2016-12-23 23:10:00,3,36,19.5,84,2.1,1018.3,1.7,2.4,10,111.0,0
2016-12-23 23:13:00,3,36,19.4,84,2.1,1018.2,2.4,3.1,12,111.0,0
2016-12-23 23:16:00,3,36,19.4,83,2.1,1018.2,1.7,2.4,8,111.0,0
2016-12-23 23:19:00,3,36,19.3,83,2.1,1018.2,0.7,0.7,10,111.0,0
2016-12-23 23:22:00,3,36,19.3,83,2.1,1018.4,1.0,1.4,1,111.0,0
2016-12-23 23:25:00,3,36,19.3,83,2.1,1018.4,0.7,1.0,7,111.0,0
2016-12-23 23:28:00,3,36,19.3,83,2.1,1018.5,1.4,1.7,12,111.0,0
2016-12-23 23:31:00,3,36,19.3,83,2.1,1018.4,1.4,2.0,10,111.0,0
2016-12-23 23:34:00,3,36,19.3,83,2.1,1018.3,1.0,1.7,10,111.0,0
2016-12-23 23:37:00,3,36,19.2,82,2.0,1018.1,1.7,2.7,10,111.0,0
2016-12-23 23:40:00,3,36,19.2,82,2.0,1018.1,1.4,2.4,10,111.0,0
2016-12-23 23:43:00,3,36,19.2,82,2.0,1018.1,2.0,2.7,4,111.0,0
2016-12-23 23:46:00,3,36,19.2,82,2.1,1018.1,1.0,1.4,10,111.0,0
2016-12-23 23:49:00,3,36,19.2,82,2.1,1018.1,2.7,2.7,10,111.0,0
2016-12-23 23:52:00,3,36,19.1,82,2.1,1018.0,2.0,2.4,8,111.0,0
2016-12-23 23:55:00,3,36,19.1,82,2.0,1018.1,1.4,2.0,8,111.0,0
2016-12-23 23:58:00,3,36,19.1,82,2.0,1018.0,1.0,1.7,12,111.0,0
