2010-10-01 00:02:24,20,54,18.4,89,1.6,1011.1,0.0,0.0,4,1063.2,0
2010-10-01 00:22:24,20,54,18.4,89,1.4,1011.1,0.0,0.0,2,1063.2,0
2010-10-01 00:42:24,20,54,18.2,89,1.3,1011.0,0.0,0.0,2,1063.2,0
2010-10-01 01:02:24,20,54,18.2,90,1.2,1010.8,0.0,0.0,2,1063.2,0
2010-10-01 01:22:24,20,54,18.1,90,1.0,1011.0,0.0,0.0,2,1063.2,0
2010-10-01 01:42:24,20,54,18.0,90,0.9,1010.8,0.0,0.0,2,1063.2,0
2010-10-01 02:02:24,20,54,17.9,90,0.9,1010.7,0.0,0.0,2,1063.2,0
2010-10-01 02:22:24,20,54,17.9,90,0.6,1010.7,0.0,0.0,2,1063.2,0
2010-10-01 02:42:24,20,54,17.8,90,0.4,1010.6,0.0,0.0,4,1063.2,0
2010-10-01 03:02:24,20,54,17.7,90,0.0,1010.7,0.0,0.0,2,1063.2,0
2010-10-01 03:22:24,20,54,17.7,90,-0.1,1010.6,0.0,0.0,2,1063.2,0
2010-10-01 03:42:24,20,53,17.6,90,-0.1,1010.6,0.0,0.0,2,1063.2,0
2010-10-01 04:02:24,20,53,17.6,90,-0.2,1010.7,0.0,0.0,2,1063.2,0
2010-10-01 04:22:24,20,53,17.6,90,-0.2,1010.3,0.0,0.0,2,1063.2,0
2010-10-01 04:42:24,20,53,17.6,91,-0.1,1010.5,0.0,0.0,2,1063.2,0
2010-10-01 05:02:24,20,53,17.8,91,-0.2,1010.5,0.0,0.0,2,1063.2,0
2010-10-01 05:22:24,20,52,18.0,91,-0.3,1010.4,0.0,0.0,2,1063.2,0
2010-10-01 05:42:24,20,52,18.1,91,-0.1,1010.5,0.0,0.0,2,1063.2,0
2010-10-01 06:02:24,20,52,18.3,91,1.1,1010.7,0.3,0.7,2,1063.2,0
2010-10-01 06:22:24,20,52,18.5,91,1.4,1010.8,0.0,0.0,2,1063.2,0
2010-10-01 06:42:24,20,52,18.6,91,2.4,1010.9,0.0,0.0,2,1063.2,0
2010-10-01 07:02:24,20,51,18.8,90,6.4,1010.9,0.0,0.0,0,1063.2,0
2010-10-01 07:22:24,20,51,18.8,88,10.3,1011.0,0.0,0.0,4,1063.2,0
2010-10-01 07:42:24,20,51,18.9,78,11.3,1011.1,0.7,1.4,4,1063.2,0
2010-10-01 08:02:24,20,53,19.1,76,10.5,1011.2,0,0.3,4,1063.2,0
2010-10-01 08:22:24,20,52,19.4,71,11.0,1011.3,0.7,1.7,14,1063.2,0
2010-10-01 08:42:24,20,52,19.8,68,10.8,1011.1,0.7,1.7,4,1063.2,0
2010-10-01 09:02:24,20,51,20.2,65,11.2,1011.1,1.0,2.7,4,1063.2,0
2010-10-01 09:22:24,20,50,20.5,60,12.3,1011.0,1.0,2.4,4,1063.2,0
2010-10-01 09:42:24,20,50,20.5,59,12.8,1010.9,0.7,2.7,4,1063.2,0
2010-10-01 10:02:24,20,50,20.3,58,12.7,1010.9,1.4,4.4,6,1063.2,0
2010-10-01 10:22:24,20,50,20.1,59,12.8,1010.7,1.0,2.0,0,1063.2,0
2010-10-01 10:42:24,20,50,19.9,60,12.5,1010.8,0.7,2.0,2,1063.2,0
2010-10-01 11:02:24,20,50,19.8,60,11.8,1010.9,1.0,2.0,4,1063.2,0
2010-10-01 11:22:24,20,50,19.6,57,14.2,1010.5,0.7,2.0,4,1063.2,0
2010-10-01 11:42:24,20,51,19.5,53,14.8,1010.6,1.0,2.7,10,1063.2,0
2010-10-01 12:02:24,20,51,19.5,50,15.9,1010.4,1.7,3.7,2,1063.2,0
2010-10-01 12:22:24,20,52,19.5,51,15.9,1010.3,0.3,1.4,6,1063.2,0
2010-10-01 12:42:24,20,52,19.9,56,14.2,1010.2,0.7,1.0,2,1063.2,0
2010-10-01 13:02:24,20,51,20.3,57,14.0,1010.2,1.0,3.4,2,1063.2,0
2010-10-01 13:22:24,20,50,20.3,59,13.3,1010.1,1.0,2.7,4,1063.2,0
2010-10-01 13:42:24,20,50,20.2,59,14.2,1010.2,0.7,2.4,3,1063.2,0
2010-10-01 14:02:24,20,50,20.2,62,12.9,1010.0,0.3,1.0,4,1063.2,0
2010-10-01 14:22:24,20,50,20.1,61,13.5,1010.0,0.3,1.0,4,1063.2,0
2010-10-01 14:42:24,20,51,20.3,66,12.1,1010.0,0,1.4,4,1063.2,0
2010-10-01 15:02:24,20,51,20.4,65,12.1,1010.2,0.3,0.7,6,1063.2,0
2010-10-01 15:22:24,20,51,20.4,67,11.6,1009.9,0,0.7,4,1063.2,0
2010-10-01 15:42:24,20,51,20.4,69,10.9,1010.0,0.3,1.0,6,1063.2,0
2010-10-01 16:02:24,20,51,20.3,69,10.9,1010.0,0.3,1.4,0,1063.2,0
2010-10-01 16:22:24,20,51,20.3,72,9.8,1010.1,0,0.3,3,1063.2,0
2010-10-01 16:42:24,20,51,20.2,74,9.0,1010.3,0,0.7,4,1063.2,0
2010-10-01 17:02:24,20,51,20.2,75,8.2,1010.2,0,0.3,2,1063.2,0
2010-10-01 17:22:24,20,51,20.1,78,7.6,1010.4,0.3,1.4,2,1063.2,0
2010-10-01 17:42:24,20,52,20.1,79,7.4,1010.7,0,0.3,0,1063.2,0
2010-10-01 18:02:24,20,52,20.1,80,7.1,1010.7,0,0,4,1063.2,0
2010-10-01 18:22:24,20,52,20.1,81,6.8,1011.0,0,0,2,1063.2,0
2010-10-01 18:42:24,20,52,20.1,83,6.5,1011.0,0,0.3,2,1063.2,0
2010-10-01 19:02:24,20,52,20.2,83,6.5,1011.2,0.3,1.0,4,1063.2,0
2010-10-01 19:22:24,20,52,20.2,84,6.8,1011.3,0.7,1.7,4,1063.2,0
2010-10-01 19:42:24,20,52,20.2,84,7.1,1011.1,0.3,1.7,4,1063.2,0
2010-10-01 20:02:24,20,52,20.2,83,7.2,1011.1,0.3,1.7,4,1063.2,0
2010-10-01 20:22:24,20,52,20.2,83,7.1,1011.0,0.3,1.4,4,1063.2,0
2010-10-01 20:42:24,20,52,20.2,83,7.0,1011.1,0.3,1.0,4,1063.2,0
2010-10-01 21:02:24,20,52,20.2,84,6.9,1011.1,0.7,1.7,2,1063.2,0
2010-10-01 21:22:24,20,51,20.1,83,6.8,1010.9,0.3,0.7,4,1063.2,0
2010-10-01 21:42:24,20,51,20.0,83,6.6,1011.0,0.7,1.7,4,1063.2,0
2010-10-01 22:02:24,20,51,19.9,84,6.5,1011.0,0.3,1.0,2,1063.2,0
2010-10-01 22:22:24,20,51,19.8,84,6.5,1010.9,0,1.0,2,1063.2,0
2010-10-01 22:42:24,20,51,19.7,84,6.2,1010.8,0.7,2.7,2,1063.2,0
2010-10-01 23:02:24,20,51,19.6,84,6.2,1010.6,0,0.3,6,1063.2,0
2010-10-01 23:22:24,20,51,19.5,85,6.2,1010.7,0.7,1.4,4,1063.2,0
2010-10-01 23:42:24,20,51,19.4,85,6.2,1010.6,0.7,2.0,6,1063.2,0
