2013-02-13 00:14:00,20,37,16.7,84,-2.6,1009.5,0.0,0.0,0,613.8,0
2013-02-13 00:34:00,20,37,16.5,84,-2.6,1009.5,0.0,0.0,0,613.8,0
2013-02-13 00:54:00,20,37,16.3,84,-2.6,1009.8000000000001,0.0,0.0,0,613.8,0
2013-02-13 01:14:00,20,37,16.2,84,-2.6,1009.8000000000001,0.0,0.0,0,613.8,0
2013-02-13 01:34:00,20,37,16.0,85,-2.6,1010.0,0.30000000000000004,0.7000000000000001,0,613.8,0
2013-02-13 01:54:00,20,37,15.9,85,-2.5,1010.1,0.0,0.7000000000000001,0,613.8,0
2013-02-13 02:14:00,20,37,15.8,85,-2.4000000000000004,1010.1,0.0,0.7000000000000001,0,613.8,0
2013-02-13 02:34:00,20,37,15.700000000000001,86,-2.3000000000000003,1010.0,0.0,0.7000000000000001,14,613.8,0
2013-02-13 02:54:00,20,37,15.600000000000001,87,-2.3000000000000003,1010.4000000000001,0.7000000000000001,1.4000000000000001,0,613.8,0
2013-02-13 03:14:00,20,37,15.5,87,-2.4000000000000004,1010.5,0.0,0.0,14,613.8,0
2013-02-13 03:34:00,20,37,15.4,87,-2.4000000000000004,1010.8000000000001,0.0,0.0,2,613.8,0
2013-02-13 03:54:00,20,37,15.3,88,-2.4000000000000004,1011.0,0.30000000000000004,0.7000000000000001,0,613.8,0
2013-02-13 04:14:00,20,37,15.3,88,-2.3000000000000003,1011.1,0.0,1.0,0,613.8,0
2013-02-13 04:34:00,20,37,15.200000000000001,88,-2.3000000000000003,1011.2,0.30000000000000004,0.7000000000000001,0,613.8,0
2013-02-13 04:54:00,20,37,15.100000000000001,88,-2.4000000000000004,1011.7,0.0,0.30000000000000004,14,613.8,0
2013-02-13 05:14:00,20,37,15.100000000000001,89,-2.5,1011.7,0.30000000000000004,1.0,2,613.8,0
2013-02-13 05:34:00,20,37,15.100000000000001,89,-2.5,1012.1,0.0,0.0,14,613.8,0
2013-02-13 05:54:00,20,37,15.3,89,-2.5,1012.4000000000001,0.0,0.0,0,613.8,0
2013-02-13 06:14:00,20,37,15.600000000000001,89,-2.6,1012.4000000000001,0.0,0.7000000000000001,0,613.8,0
2013-02-13 06:34:00,20,37,15.9,89,-2.7,1012.4000000000001,0.30000000000000004,1.0,14,613.8,0
2013-02-13 06:54:00,20,38,16.1,89,-2.8000000000000003,1012.8000000000001,0.0,1.0,14,613.8,0
2013-02-13 07:14:00,20,37,16.5,89,-2.8000000000000003,1013.0,0.0,0.30000000000000004,14,613.8,0
2013-02-13 07:34:00,20,35,17.400000000000002,90,-2.6,1013.0,0.0,0.0,0,613.8,0
2013-02-13 07:54:00,20,34,18.1,89,-2.2,1013.3000000000001,0.0,0.0,15,613.8,0
2013-02-13 08:14:00,20,33,18.8,88,-2.0,1013.4000000000001,0.7000000000000001,1.7000000000000002,0,613.8,0
2013-02-13 08:34:00,20,34,19.200000000000003,87,-2.0,1013.8000000000001,0.0,0.7000000000000001,0,613.8,0
2013-02-13 08:54:00,20,35,18.8,87,-1.3,1013.9000000000001,0.0,0.0,12,613.8,0
2013-02-13 09:14:00,20,36,18.3,85,-0.7000000000000001,1014.2,0.30000000000000004,1.0,14,613.8,0
2013-02-13 09:34:00,20,37,17.8,84,-0.8,1014.6,0.0,1.0,0,613.8,0
2013-02-13 09:54:00,20,38,17.6,83,0.1,1014.9000000000001,0.7000000000000001,1.0,14,613.8,0
2013-02-13 10:14:00,20,38,17.400000000000002,80,0.4,1015.2,1.0,2.0,0,613.8,0
2013-02-13 10:34:00,20,39,17.3,80,0.1,1015.5,1.0,2.4000000000000004,2,613.8,0
2013-02-13 10:54:00,20,39,17.400000000000002,78,0.6000000000000001,1015.4000000000001,0.7000000000000001,1.7000000000000002,0,613.8,0
2013-02-13 11:14:00,20,40,17.400000000000002,74,2.0,1015.4000000000001,0.7000000000000001,1.0,14,613.8,0
2013-02-13 11:34:00,20,39,17.400000000000002,73,2.7,1015.3000000000001,0.30000000000000004,1.7000000000000002,0,613.8,0
2013-02-13 11:54:00,20,40,17.400000000000002,71,2.5,1015.4000000000001,0.0,0.7000000000000001,2,613.8,0
2013-02-13 12:14:00,20,40,17.400000000000002,75,1.3,1015.7,0.0,0.30000000000000004,0,613.8,0
2013-02-13 12:34:00,20,39,17.5,76,1.0,1015.8000000000001,0.0,0.7000000000000001,14,613.8,0
2013-02-13 12:54:00,20,40,17.5,75,1.4000000000000001,1015.9000000000001,0.7000000000000001,1.7000000000000002,14,613.8,0
2013-02-13 13:14:00,20,40,17.5,75,1.1,1015.9000000000001,0.7000000000000001,1.4000000000000001,0,613.8,0
2013-02-13 13:34:00,20,40,17.5,76,0.9,1016.1,0.30000000000000004,1.4000000000000001,14,613.8,0
2013-02-13 13:54:00,20,41,17.8,76,0.8,1016.5,0.30000000000000004,1.0,13,613.8,0
2013-02-13 14:14:00,20,39,18.6,77,0.7000000000000001,1016.6,1.0,2.0,14,613.8,0
2013-02-13 14:34:00,20,39,19.6,78,0.5,1017.0,0.0,0.30000000000000004,12,613.8,0
2013-02-13 14:54:00,20,36,20.200000000000003,78,0.4,1017.2,0.0,0.7000000000000001,12,613.8,0
2013-02-13 15:14:00,20,35,20.5,79,0.30000000000000004,1017.2,0.0,0.0,12,613.8,0
2013-02-13 15:34:00,20,34,20.8,79,0.2,1017.5,0.0,0.0,12,613.8,0
2013-02-13 15:54:00,20,33,21.0,80,0.1,1017.5,0.0,0.7000000000000001,2,613.8,0
2013-02-13 16:14:00,20,33,21.200000000000003,80,0.0,1017.7,0.0,0.7000000000000001,12,613.8,0
2013-02-13 16:34:00,20,32,21.3,80,0,1017.8000000000001,0,0,12,613.8,0
2013-02-13 16:54:00,20,33,21.200000000000003,80,-0.2,1018.1,0,0,12,613.8,0
2013-02-13 17:14:00,20,33,20.5,81,-0.2,1018.1,0.30000000000000004,0.7000000000000001,12,613.8,0
2013-02-13 17:34:00,20,34,19.8,81,-0.30000000000000004,1018.3000000000001,0,0,12,613.8,0
2013-02-13 17:54:00,20,35,19.3,81,-0.30000000000000004,1018.5,0,0,12,613.8,0
2013-02-13 18:14:00,20,36,18.8,81,-0.4,1018.5,0,0,12,613.8,0
2013-02-13 18:34:00,20,36,18.5,81,-0.4,1018.7,0,0,12,613.8,0
2013-02-13 18:54:00,20,37,18.400000000000002,82,-0.4,1018.5,0,0,12,613.8,0
2013-02-13 19:14:00,20,37,18.2,82,-0.4,1018.6,0,0,12,613.8,0
2013-02-13 19:34:00,20,37,18.1,82,-0.4,1019.0,0,0,12,613.8,0
2013-02-13 19:54:00,20,37,18.0,82,-0.5,1019.0,0,0,12,613.8,0
2013-02-13 20:14:00,20,37,18.0,83,-0.5,1019.2,0,0,12,613.8,0
2013-02-13 20:34:00,20,37,17.900000000000002,83,-0.5,1019.1,0,0,12,613.8,0
2013-02-13 20:54:00,20,37,17.900000000000002,83,-0.5,1019.1,0,0,12,613.8,0
2013-02-13 21:14:00,20,37,17.900000000000002,83,-0.4,1019.1,0,0.30000000000000004,12,613.8,0
2013-02-13 21:34:00,20,38,17.8,83,-0.5,1019.4000000000001,0,0,12,613.8,0
2013-02-13 21:54:00,20,38,17.7,83,-0.6000000000000001,1019.4000000000001,0,0,12,613.8,0
2013-02-13 22:14:00,20,38,17.6,83,-0.6000000000000001,1019.4000000000001,0,0,12,613.8,0
2013-02-13 22:34:00,20,37,17.5,83,-0.7000000000000001,1019.2,0,0,12,613.8,0
2013-02-13 22:54:00,20,37,17.3,84,-0.6000000000000001,1019.4000000000001,0,0,12,613.8,0
2013-02-13 23:14:00,20,37,17.1,84,-0.7000000000000001,1019.5,0,0,12,613.8,0
2013-02-13 23:34:00,20,38,16.900000000000002,84,-0.7000000000000001,1019.5,0,0,12,613.8,0
2013-02-13 23:54:00,20,38,16.7,84,-0.8,1019.6,0,0,12,613.8,0
