2009-01-24 00:05:24,20,37,18.3,86,3.5,967.9,0.0,0.7,12,171.9,0
2009-01-24 00:25:24,20,37,18.1,86,3.5,968.1,0.7,1.4,10,171.9,0
2009-01-24 00:45:24,20,37,17.9,86,3.6,968.2,0.3,1.0,10,171.9,0
2009-01-24 01:05:24,20,37,17.8,86,3.6,968.5,0.7,2.0,4,171.9,0
2009-01-24 01:25:24,20,37,17.7,86,3.5,968.6,1.4,2.0,13,172.2,0
2009-01-24 01:45:24,20,37,17.5,86,3.5,969.1,1.0,3.1,12,172.2,0
2009-01-24 02:05:24,20,37,17.4,86,3.4,969.4,1.0,2.7,8,172.2,0
2009-01-24 02:25:24,20,37,17.3,86,3.2,969.9,1.7,3.1,10,172.2,0
2009-01-24 02:45:24,20,37,17.1,85,3.0,970.2,1.7,3.4,10,172.2,0
2009-01-24 03:05:24,20,37,17.0,85,2.8,970.9,2.0,3.4,12,172.2,0
2009-01-24 03:25:24,20,38,16.9,85,2.5,971.1,2.4,3.4,14,172.2,0
2009-01-24 03:45:24,20,38,16.7,85,2.2,971.2,1.4,3.1,10,172.5,0
2009-01-24 04:05:24,20,38,16.6,86,2.0,971.4,1.7,2.7,10,172.5,0
2009-01-24 04:25:24,20,38,16.5,86,1.9,971.9,1.4,2.4,0,172.5,0
2009-01-24 04:45:24,20,38,16.4,86,2.0,972.0,1.4,3.1,10,172.8,0
2009-01-24 05:05:24,20,38,16.3,86,2.1,972.3,1.4,2.4,11,172.8,0
2009-01-24 05:25:24,20,38,16.2,86,2.1,972.3,1.4,2.4,12,172.8,0
2009-01-24 05:45:24,20,38,16.1,86,2.2,972.8,1.0,2.4,10,172.8,0
2009-01-24 06:05:24,20,38,15.9,86,2.2,973.5,2.0,3.1,12,172.8,0
2009-01-24 06:25:24,20,38,15.8,86,2.1,973.7,1.0,1.7,10,173.1,0
2009-01-24 06:45:24,20,38,15.8,86,1.9,974.1,1.4,2.7,10,173.1,0
2009-01-24 07:05:24,20,38,15.9,86,1.7,974.5,0.7,1.4,10,173.4,0
2009-01-24 07:25:24,20,39,16.1,86,1.7,974.9,0.7,2.0,10,173.4,0
2009-01-24 07:45:24,20,39,16.4,86,1.8,975.3,0.3,1.0,12,173.4,0
2009-01-24 08:05:24,20,39,16.6,87,2.1,975.8,0.7,1.4,10,173.4,0
2009-01-24 08:25:24,20,39,16.9,87,2.3,976.2,0.3,1.0,10,173.4,0
2009-01-24 08:45:24,20,39,17.1,87,2.6,976.5,1.0,1.7,14,173.4,0
2009-01-24 09:05:24,20,40,17.4,87,2.8,976.6,0.7,1.4,12,173.4,0
2009-01-24 09:25:24,20,39,17.9,87,3.0,977.0,0.3,1.0,8,173.4,0
2009-01-24 09:45:24,20,39,18.5,87,3.1,977.2,0.3,1.0,10,173.4,0
2009-01-24 10:05:24,20,39,19.0,87,3.3,977.6,1.4,2.4,14,173.7,0
2009-01-24 10:25:24,20,38,19.5,87,3.3,978.0,1.7,2.7,12,173.7,0
2009-01-24 10:45:24,20,38,19.9,87,3.6,978.1,0.7,1.4,8,173.7,0
2009-01-24 11:05:24,20,38,20.2,86,3.8,978.3,1.4,2.4,10,173.7,0
2009-01-24 11:25:24,20,36,20.5,86,4.0,978.3,1.4,2.4,10,173.7,0
2009-01-24 11:45:24,20,36,20.6,86,4.1,978.5,1.0,3.4,10,173.7,0
2009-01-24 12:05:24,20,36,20.4,85,4.1,978.8,1.0,1.7,12,173.7,0
2009-01-24 12:25:24,20,36,20.2,85,4.1,979.0,0.7,1.4,10,173.7,0
2009-01-24 12:45:24,20,36,19.9,85,4.2,979.3,1.0,1.7,10,173.7,0
2009-01-24 13:05:24,20,37,19.7,84,4.3,979.6,0.0,1.4,12,173.7,0
2009-01-24 13:25:24,20,37,19.5,84,4.5,979.8,1.0,2.0,8,173.7,0
2009-01-24 13:45:24,20,37,19.4,83,4.6,980.1,0.3,1.4,10,173.7,0
2009-01-24 14:05:24,20,38,19.2,83,4.8,980.5,0.0,0.3,10,173.7,0
2009-01-24 14:25:24,20,38,19.2,82,4.6,980.6,0.3,0.7,9,173.7,0
2009-01-24 14:45:24,20,38,19.1,82,4.2,980.8,0.3,0.7,10,173.7,0
2009-01-24 15:05:24,20,38,19.1,82,3.7,981.3,0.3,1.4,10,173.7,0
2009-01-24 15:25:24,20,38,19.1,82,3.6,981.6,0.0,0.7,10,173.7,0
2009-01-24 15:45:24,20,38,19.1,83,3.4,982.1,0.3,0.7,8,173.7,0
2009-01-24 16:05:24,20,39,19.1,82,2.9,982.4,0.0,0.0,8,173.7,0
2009-01-24 16:25:24,20,39,19.1,83,2.2,982.8,0.0,0.0,8,173.7,0
2009-01-24 16:45:24,20,39,19.4,83,1.9,983.5,0.0,0.0,8,173.7,0
2009-01-24 17:05:24,20,39,19.9,83,1.7,983.5,0.0,0.0,8,173.7,0
2009-01-24 17:25:24,20,38,20.4,84,1.5,983.9,0.0,0.0,4,173.7,0
2009-01-24 17:45:24,20,38,20.9,84,0.8,984.4,0.0,0.0,10,173.7,0
2009-01-24 18:05:24,20,37,21.3,84,0.8,984.5,0.0,0.0,10,173.7,0
2009-01-24 18:25:24,20,37,21.2,84,0.7,984.9,0.0,0.0,8,173.7,0
2009-01-24 18:45:24,20,37,21.0,84,0.7,985.3,0.0,0.0,4,173.7,0
2009-01-24 19:05:24,20,37,20.7,85,0.5,985.7,0.0,0.0,6,173.7,0
2009-01-24 19:25:24,20,37,20.5,85,0.5,986.0,0.0,0.3,8,173.7,0
2009-01-24 19:45:24,20,37,20.4,85,0.8,986.3,0.0,0.3,8,173.7,0
2009-01-24 20:05:24,20,37,20.2,85,0.8,986.6,0.0,0.0,10,173.7,0
2009-01-24 20:25:24,20,37,20.1,85,0.9,986.9,0.0,0.0,8,173.7,0
2009-01-24 20:45:24,20,37,19.9,86,0.9,987.2,0.0,0.0,8,173.7,0
2009-01-24 21:05:24,20,37,19.8,86,0.9,987.4,0.0,0.0,6,173.7,0
2009-01-24 21:25:24,20,37,19.6,86,1.0,987.7,0.0,0.3,12,173.7,0
2009-01-24 21:45:24,20,38,19.4,86,1.0,987.9,0.0,0.0,10,173.7,0
2009-01-24 22:05:24,20,38,19.2,86,1.0,988.3,0.0,0.0,10,173.7,0
2009-01-24 22:25:24,20,38,19.1,86,1.0,988.7,0.0,0.0,8,173.7,0
2009-01-24 22:45:24,20,38,18.9,86,1.1,989.0,0.0,0.0,12,173.7,0
2009-01-24 23:05:24,20,38,18.7,86,1.3,989.3,0.3,0.7,10,173.7,0
2009-01-24 23:25:24,20,38,18.6,86,1.6,989.5,0.0,0.7,10,173.7,0
2009-01-24 23:45:24,20,38,18.4,86,1.6,989.7,0.3,0.7,10,173.7,0
