2009-01-15 00:19:27,20,32,17.9,81,-0.2,1010.0,0.0,0.0,10,163.5,0
2009-01-15 00:39:27,20,32,17.6,81,0.0,1010.0,0.0,0.0,10,163.5,0
2009-01-15 00:59:27,20,32,17.4,81,0.1,1010.3,0.0,0.0,10,163.5,0
2009-01-15 01:19:27,20,32,17.2,81,0.2,1010.4,0.0,0.0,10,163.5,0
2009-01-15 01:39:27,20,33,17.0,82,0.2,1010.7,0.0,0.0,10,163.5,0
2009-01-15 01:59:27,20,33,16.8,82,0.3,1010.7,0.0,0.3,10,163.5,0
2009-01-15 02:19:27,20,33,16.6,82,0.3,1010.7,0.0,0.0,10,163.5,0
2009-01-15 02:39:27,20,33,16.4,82,0.4,1010.8,0.3,0.7,12,163.5,0
2009-01-15 02:59:27,20,33,16.3,83,0.5,1010.8,0.0,0.7,10,163.5,0
2009-01-15 03:19:27,20,34,16.1,83,0.6,1011.0,0.0,0.0,10,163.5,0
2009-01-15 03:39:27,20,33,16.0,83,0.7,1011.1,0.0,0.7,10,163.5,0
2009-01-15 03:59:27,20,34,15.9,83,0.8,1011.3,0.0,0.3,10,163.5,0
2009-01-15 04:19:27,20,34,15.7,83,1.0,1011.6,0.0,1.0,14,163.5,0
2009-01-15 04:39:27,20,34,15.6,84,1.1,1011.8,0.3,1.0,10,163.5,0
2009-01-15 04:59:27,20,34,15.5,84,1.2,1012.0,0.7,1.7,10,163.5,0
2009-01-15 05:19:27,20,34,15.4,84,1.3,1012.3,0.3,0.7,10,163.8,0
2009-01-15 05:39:27,20,34,15.3,84,1.3,1012.5,0.0,0.7,10,163.8,0
2009-01-15 05:59:27,20,35,15.4,84,1.3,1012.3,0.0,0.0,10,163.8,0
2009-01-15 06:19:27,20,35,15.6,84,1.3,1012.5,0.0,0.7,14,163.8,0
2009-01-15 06:39:27,20,35,15.8,84,1.2,1012.6,0.0,0.0,12,163.8,0
2009-01-15 06:59:27,20,35,16.1,85,1.2,1012.7,0.0,0.0,12,163.8,0
2009-01-15 07:19:27,20,35,16.3,85,1.2,1013.1,0.0,0.0,12,163.8,0
2009-01-15 07:39:27,20,35,16.6,85,1.2,1013.3,0.0,0.0,10,163.8,0
2009-01-15 07:59:27,20,35,16.8,85,1.3,1013.6,0.0,0.7,10,163.8,0
2009-01-15 08:19:27,20,35,17.0,85,1.5,1013.6,0.0,0.3,12,163.8,0
2009-01-15 08:39:27,20,36,17.2,85,1.6,1013.6,0.0,0.7,10,163.8,0
2009-01-15 08:59:27,20,36,17.6,85,1.9,1013.6,0.0,0.7,10,163.8,0
2009-01-15 09:19:27,20,36,18.0,85,2.1,1014.0,0.0,0.0,10,163.8,0
2009-01-15 09:39:27,20,35,18.3,85,2.3,1014.2,0.0,0.0,10,163.8,0
2009-01-15 09:59:27,20,35,18.7,85,2.3,1014.3,0.0,0.3,10,163.8,0
2009-01-15 10:19:27,20,34,19.1,86,2.5,1014.4,0.0,0.0,10,163.8,0
2009-01-15 10:39:27,20,34,19.4,86,2.5,1014.6,0.3,0.7,10,163.8,0
2009-01-15 10:59:27,20,34,19.5,86,2.6,1014.6,0.3,0.7,10,163.8,0
2009-01-15 11:19:27,20,33,19.3,86,2.7,1014.5,0.0,0.0,10,163.8,0
2009-01-15 11:39:27,20,33,19.1,86,2.7,1014.5,0.0,0.3,10,163.8,0
2009-01-15 11:59:27,20,34,19.0,85,2.9,1014.6,0.0,0.7,14,163.8,0
2009-01-15 12:19:27,20,34,18.8,86,3.0,1014.6,0.0,0.0,10,163.8,0
2009-01-15 12:39:27,20,35,18.7,85,3.1,1014.8,0.0,0.7,12,163.8,0
2009-01-15 12:59:27,20,35,18.6,85,3.2,1014.8,0.0,0.0,10,163.8,0
2009-01-15 13:19:27,20,35,18.6,85,3.2,1015.0,0.0,0.0,12,163.8,0
2009-01-15 13:39:27,20,36,18.6,85,3.1,1015.1,0.3,1.0,14,163.8,0
2009-01-15 13:59:27,20,36,18.6,85,2.9,1015.1,0.3,0.7,13,163.8,0
2009-01-15 14:19:27,20,35,18.7,85,2.7,1015.3,0.0,0.0,12,163.8,0
2009-01-15 14:39:27,20,36,18.9,85,2.3,1015.4,0.0,0.0,14,163.8,0
2009-01-15 14:59:27,20,35,19.0,85,2.2,1015.6,0.0,0.0,12,163.8,0
2009-01-15 15:19:27,20,35,19.0,85,2.0,1015.6,0.0,0.0,12,163.8,0
2009-01-15 15:39:27,20,35,19.1,85,1.8,1015.8,0.0,0.0,12,163.8,0
2009-01-15 15:59:27,20,35,19.1,86,1.6,1016.0,0.0,0.0,10,163.8,0
2009-01-15 16:19:27,20,35,19.1,86,1.5,1016.2,0.0,0.0,10,163.8,0
2009-01-15 16:39:27,20,36,19.1,86,1.4,1016.5,0.0,0.0,10,163.8,0
2009-01-15 16:59:27,20,36,19.2,86,1.3,1016.5,0.0,0.0,10,163.8,0
2009-01-15 17:19:27,20,36,19.3,86,1.3,1016.8,0.0,0.0,10,163.8,0
2009-01-15 17:39:27,20,36,19.4,86,1.2,1017.1,0.0,0.0,10,163.8,0
2009-01-15 18:05:24,20,37,19.5,86,1.2,1017.0,0.0,0.0,10,163.8,0
2009-01-15 18:25:24,20,36,19.6,86,1.1,1017.3,0.0,0.0,10,163.8,0
2009-01-15 18:45:24,20,37,19.7,86,1.1,1017.6,0.0,0.0,10,163.8,0
2009-01-15 19:05:24,20,36,19.7,86,1.1,1017.6,0.0,0.0,0,163.8,0
2009-01-15 19:25:24,20,37,19.7,86,1.0,1017.8,0.0,0.0,0,163.8,0
2009-01-15 19:45:24,20,38,19.8,86,1.0,1018.0,0.0,0.0,0,163.8,0
2009-01-15 20:05:24,20,37,20.1,86,1.0,1018.1,0.0,0.0,10,163.8,0
2009-01-15 20:25:24,20,37,20.5,86,0.9,1018.2,0.0,0.3,10,163.8,0
2009-01-15 20:45:24,20,36,20.8,86,0.9,1018.5,0.0,0.0,10,163.8,0
2009-01-15 21:05:24,20,35,20.6,87,0.9,1018.3,0.0,0.0,0,163.8,0
2009-01-15 21:25:24,20,36,20.4,87,0.9,1018.4,0.0,0.0,2,163.8,0
2009-01-15 21:45:24,20,36,20.0,87,0.9,1018.5,0.0,0.0,0,163.8,0
2009-01-15 22:05:24,20,36,19.7,87,1.0,1018.6,0.0,0.7,2,163.8,0
2009-01-15 22:25:24,20,36,19.4,87,1.1,1018.7,0.3,0.7,0,163.8,0
2009-01-15 22:45:24,20,36,19.1,87,1.1,1018.8,0.3,0.7,4,163.8,0
2009-01-15 23:05:24,20,36,18.9,87,1.0,1019.0,0.7,1.4,2,163.8,0
2009-01-15 23:25:24,20,36,18.7,87,0.8,1019.2,0.7,1.0,2,163.8,0
2009-01-15 23:45:24,20,36,18.5,87,0.7,1019.3,0.0,0.3,0,163.8,0
