2012-04-23 00:08:00,20,42,19.7,81,4.0,998.5,0.0,0.0,6,218.4,0
2012-04-23 00:28:00,20,42,19.6,82,3.7,998.4,0.0,0.0,6,218.4,0
2012-04-23 00:48:00,20,42,19.5,84,3.9,998.2,0.0,0.0,8,218.4,0
2012-04-23 01:08:00,20,41,19.4,84,4.3,998.4,0.0,0.0,8,218.4,0
2012-04-23 01:28:00,20,42,19.2,84,4.3,998.2,0.0,0.0,8,218.4,0
2012-04-23 01:48:00,20,42,19.1,84,3.9,998.1,0.0,0.0,8,218.4,0
2012-04-23 02:08:00,20,42,19.0,85,3.4,998.2,0.0,0.0,8,218.4,0
2012-04-23 02:28:00,20,42,18.9,85,3.1,998.2,0.0,0.0,4,218.4,0
2012-04-23 02:48:00,20,42,18.8,86,3.1,998.2,0.0,0.0,4,218.4,0
2012-04-23 03:08:00,20,42,18.7,86,3.0,997.9,0.0,0.0,4,218.4,0
2012-04-23 03:28:00,20,42,18.6,87,2.8,998.0,0.0,0.0,4,218.4,0
2012-04-23 03:48:00,20,42,18.5,87,2.7,998.0,0.0,0.3,4,218.4,0
2012-04-23 04:08:00,20,42,18.4,88,3.0,998.1,0.0,0.3,4,218.4,0
2012-04-23 04:28:00,20,42,18.3,88,3.4,998.1,0.0,0.0,6,218.4,0
2012-04-23 04:48:00,20,42,18.4,88,4.3,998.1,0.0,0.0,6,218.4,0
2012-04-23 05:08:00,20,42,18.6,88,5.2,998.0,0.0,0.3,6,218.4,0
2012-04-23 05:28:00,20,42,18.7,86,5.8,998.0,0.0,0.7,8,218.4,0
2012-04-23 05:48:00,20,42,18.8,85,6.4,998.1,0.3,0.7,10,218.4,0
2012-04-23 06:08:00,20,41,19.5,82,7.2,998.1,0.3,1.4,8,218.4,0
2012-04-23 06:28:00,20,39,20.4,78,8.6,998.0,1.0,2.0,10,218.4,0
2012-04-23 06:48:00,20,38,21.1,74,9.3,998.1,1.0,2.0,7,218.4,0
2012-04-23 07:08:00,20,37,21.5,73,9.6,998.0,0.3,1.0,8,218.4,0
2012-04-23 07:28:00,20,37,22.0,71,9.6,997.8,0.7,1.7,10,218.4,0
2012-04-23 07:48:00,20,36,22.3,70,10.0,998.1,0.7,1.4,6,218.4,0
2012-04-23 08:08:00,20,36,22.4,65,12.2,998.0,0.3,2.0,12,218.4,0
2012-04-23 08:28:00,20,35,22.6,61,12.7,997.9,1.4,2.4,8,218.4,0
2012-04-23 08:48:00,20,35,22.7,57,14.0,997.5,2.0,3.1,10,218.4,0
2012-04-23 09:08:00,20,35,22.7,58,13.6,997.5,0.7,2.0,6,218.4,0
2012-04-23 09:28:00,20,36,22.4,55,15.3,997.5,1.7,2.7,10,218.4,0
2012-04-23 09:48:00,20,37,21.9,53,14.6,997.3,1.4,2.4,10,218.4,0
2012-04-23 10:08:00,20,38,21.4,53,13.9,997.4,0.7,1.7,10,218.4,0
2012-04-23 10:28:00,20,39,20.9,49,15.3,997.4,1.4,2.4,12,218.4,0
2012-04-23 10:48:00,20,39,20.6,47,16.0,997.0,1.4,2.4,12,218.4,0
2012-04-23 11:08:00,20,39,20.4,45,15.3,997.0,1.7,3.4,10,218.4,0
2012-04-23 11:28:00,20,40,20.3,45,15.6,996.9,1.4,2.7,10,218.4,0
2012-04-23 11:48:00,20,40,20.2,46,15.1,996.8,1.7,3.1,8,218.4,0
2012-04-23 12:08:00,20,41,20.2,44,15.4,996.7,0.7,1.0,12,218.4,0
2012-04-23 12:28:00,20,41,20.2,44,15.4,996.5,0.7,1.4,10,218.4,0
2012-04-23 12:48:00,20,41,20.2,41,16.6,996.4,0.7,1.4,8,218.4,0
2012-04-23 13:08:00,20,41,20.2,37,16.9,996.1,2.0,3.4,10,218.4,0
2012-04-23 13:28:00,20,42,20.2,41,16.0,995.9,1.0,1.7,10,218.4,0
2012-04-23 13:48:00,20,41,20.2,37,18.2,995.7,1.4,2.4,8,218.4,0
2012-04-23 14:08:00,20,41,20.2,36,17.7,995.4,2.4,3.7,10,218.4,0
2012-04-23 14:28:00,20,41,20.3,35,17.2,995.2,0.7,2.0,0,218.4,0
2012-04-23 14:48:00,20,41,20.3,33,18.8,995.2,0.7,1.4,8,218.4,0
2012-04-23 15:08:00,20,40,20.5,40,16.3,995.1,0.3,0.7,12,218.4,0
2012-04-23 15:28:00,20,38,21.5,38,17.9,994.9,0.3,1.7,10,218.4,0
2012-04-23 15:48:00,20,36,22.4,37,17.2,994.9,1.0,2.7,12,218.4,0
2012-04-23 16:08:00,20,36,23.0,40,15.7,994.7,0,0.7,6,218.4,0
2012-04-23 16:28:00,20,35,23.5,42,15.1,994.7,0.3,0.7,10,218.4,0
2012-04-23 16:48:00,20,36,23.6,39,15.3,994.7,1.0,1.7,8,218.4,0
2012-04-23 17:08:00,20,37,23.2,41,14.8,994.6,1.7,3.1,8,218.4,0
2012-04-23 17:28:00,20,37,22.8,43,14.4,994.7,0,0.7,4,218.4,0
2012-04-23 17:48:00,20,38,22.4,44,14.2,994.5,0,0.7,8,218.4,0
2012-04-23 18:08:00,20,38,22.1,47,12.8,994.7,0,0.7,8,218.4,0
2012-04-23 18:28:00,20,38,21.9,53,12.1,994.6,0,0.7,6,218.4,0
2012-04-23 18:48:00,20,39,21.7,58,11.2,994.8,0.3,1.4,6,218.4,0
2012-04-23 19:08:00,20,38,21.5,59,10.8,994.9,0,0.3,8,218.4,0
2012-04-23 19:28:00,20,39,21.4,62,10.4,994.8,0,0.7,4,218.4,0
2012-04-23 19:48:00,20,39,21.3,64,9.5,994.8,0,0.7,4,218.4,0
2012-04-23 20:08:00,20,39,21.2,66,9.0,994.7,0,0.7,6,218.4,0
2012-04-23 20:28:00,20,39,21.2,67,9.3,994.9,0,0.7,8,218.4,0
2012-04-23 20:48:00,20,39,21.1,67,9.6,994.6,0.3,1.0,6,218.4,0
2012-04-23 21:08:00,20,39,21.0,67,9.5,994.7,0,0.7,4,218.4,0
2012-04-23 21:28:00,20,39,20.9,68,9.1,994.6,0,0.3,6,218.4,0
2012-04-23 21:48:00,20,39,20.8,69,8.3,994.5,0,0.7,4,218.4,0
2012-04-23 22:08:00,20,40,20.7,72,7.4,994.5,0.3,0.7,4,218.4,0
2012-04-23 22:28:00,20,40,20.6,73,6.3,994.5,0,0,2,218.4,0
2012-04-23 22:48:00,20,40,20.5,75,6.1,994.1,0,0.3,4,218.4,0
2012-04-23 23:08:00,20,40,20.4,76,5.9,994.1,0,0.3,4,218.4,0
2012-04-23 23:28:00,20,40,20.3,76,5.6,993.9,0,0,2,218.4,0
2012-04-23 23:48:00,20,40,20.2,77,5.3,993.6,0,0,2,218.4,0
