2011-06-24 00:11:00,20,53,23.1,83,14.5,1007.3,0.0,0.7,14,1333.8,0
2011-06-24 00:31:00,20,53,23.0,84,14.1,1007.2,0.0,0.0,12,1333.8,0
2011-06-24 00:51:00,20,53,22.9,85,13.9,1007.5,0.7,1.4,10,1333.8,0
2011-06-24 01:11:00,20,53,22.9,85,13.8,1007.5,0.0,0.7,12,1333.8,0
2011-06-24 01:31:00,20,53,22.8,85,13.7,1007.7,0.3,1.0,12,1333.8,0
2011-06-24 01:51:00,20,53,22.8,85,13.4,1007.7,0.3,1.0,12,1333.8,0
2011-06-24 02:11:00,20,53,22.7,86,13.2,1007.6,0.7,1.7,10,1333.8,0
2011-06-24 02:31:00,20,53,22.6,86,12.8,1008.0,0.3,0.7,12,1333.8,0
2011-06-24 02:51:00,20,53,22.5,87,12.6,1008.2,0.7,1.4,10,1333.8,0
2011-06-24 03:11:00,20,53,22.5,87,12.4,1008.4,0.7,1.7,10,1333.8,0
2011-06-24 03:31:00,20,53,22.4,87,12.3,1008.5,0.3,0.7,12,1333.8,0
2011-06-24 03:51:00,20,53,22.3,87,12.3,1008.6,0.3,1.4,10,1333.8,0
2011-06-24 04:11:00,20,53,22.3,86,12.5,1008.7,0.7,1.0,10,1333.8,0
2011-06-24 04:31:00,20,53,22.2,86,13.2,1008.8,0.7,1.4,10,1333.8,0
2011-06-24 04:51:00,20,53,22.1,81,14.7,1008.9,1.0,2.7,12,1333.8,0
2011-06-24 05:11:00,20,53,22.1,78,14.6,1008.8,0.3,1.0,12,1333.8,0
2011-06-24 05:31:00,20,53,22.0,73,15.7,1009.0,1.4,3.4,12,1333.8,0
2011-06-24 05:51:00,20,53,22.0,73,15.3,1009.1,1.0,3.1,12,1333.8,0
2011-06-24 06:11:00,20,53,21.9,72,16.0,1009.1,1.4,2.7,12,1333.8,0
2011-06-24 06:31:00,20,53,21.9,72,16.4,1009.2,0.7,1.7,12,1333.8,0
2011-06-24 06:51:00,20,53,21.9,71,16.7,1009.4,0.7,1.7,13,1333.8,0
2011-06-24 07:11:00,20,51,22.6,70,16.7,1009.4,1.0,1.7,12,1333.8,0
2011-06-24 07:31:00,20,50,23.2,68,17.1,1009.1,1.0,2.4,12,1333.8,0
2011-06-24 07:51:00,20,49,23.6,64,18.1,1009.2,1.0,2.0,8,1333.8,0
2011-06-24 08:11:00,20,49,23.9,60,18.8,1009.1,1.7,3.4,14,1333.8,0
2011-06-24 08:31:00,20,48,24.2,64,17.6,1009.2,1.4,4.1,7,1333.8,0
2011-06-24 08:51:00,20,47,24.4,66,17.2,1009.1,1.0,2.7,11,1333.8,0
2011-06-24 09:11:00,20,47,24.5,65,17.3,1009.0,1.4,3.1,8,1333.8,0
2011-06-24 09:31:00,20,47,24.7,70,17.1,1009.0,1.0,1.4,10,1333.8,0
2011-06-24 09:51:00,20,47,24.8,64,18.7,1008.6,1.4,2.4,8,1333.8,0
2011-06-24 10:11:00,20,47,24.9,61,18.2,1008.8,1.7,3.7,12,1333.8,0
2011-06-24 10:31:00,20,46,25.0,59,19.2,1009.0,1.7,3.4,14,1333.8,0
2011-06-24 10:51:00,20,46,25.1,77,14.4,1009.2,1.0,1.7,12,1334.1,0
2011-06-24 11:11:00,20,46,25.1,77,15.8,1009.1,1.4,2.4,14,1334.1,0
2011-06-24 11:31:00,20,46,25.2,67,18.0,1008.9,1.7,3.4,10,1334.1,0
2011-06-24 11:51:00,20,47,24.8,61,18.9,1009.0,0.7,2.0,14,1334.4,0
2011-06-24 12:11:00,20,48,24.4,56,19.1,1009.2,1.4,2.7,10,1334.4,0
2011-06-24 12:31:00,20,49,24.1,56,19.3,1009.0,0.7,2.4,14,1334.4,0
2011-06-24 12:51:00,20,49,23.8,60,18.5,1009.2,0.3,1.4,10,1334.4,0
2011-06-24 13:11:00,20,50,23.7,56,19.1,1009.0,1.4,2.4,12,1334.4,0
2011-06-24 13:31:00,20,50,23.5,56,19.4,1008.8,2.7,6.1,14,1334.4,0
2011-06-24 13:51:00,20,50,23.4,56,19.1,1009.0,2.0,4.4,10,1334.4,0
2011-06-24 14:11:00,20,50,23.4,63,17.9,1009.3,0.3,1.4,11,1334.4,0
2011-06-24 14:31:00,20,50,23.3,66,17.2,1009.3,1.0,2.4,14,1334.4,0
2011-06-24 14:51:00,20,50,23.2,67,18.0,1009.4,0.7,1.4,10,1334.4,0
2011-06-24 15:11:00,20,50,23.2,71,16.0,1009.8,1.7,4.1,14,1334.4,0
2011-06-24 15:31:00,20,49,23.6,77,14.3,1009.8,0,0.7,14,1334.4,0
2011-06-24 15:51:00,20,48,24.2,77,14.5,1009.9,0,0.3,14,1334.4,0
2011-06-24 16:11:00,20,49,24.2,77,16.0,1010.1,0,0.7,14,1334.4,0
2011-06-24 16:31:00,20,49,24.1,65,18.7,1010.2,0.7,1.0,10,1334.4,0
2011-06-24 16:51:00,20,50,23.9,59,19.0,1010.4,1.4,3.1,12,1334.4,0
2011-06-24 17:11:00,20,50,23.8,59,19.1,1010.5,1.4,3.4,12,1334.4,0
2011-06-24 17:31:00,20,50,23.7,64,17.3,1010.8,0,0.3,14,1334.4,0
2011-06-24 17:51:00,20,51,23.6,62,17.6,1011.0,1.0,1.7,12,1334.4,0
2011-06-24 18:11:00,20,51,23.5,62,17.1,1010.9,0,0.7,14,1334.4,0
2011-06-24 18:31:00,20,51,23.5,65,16.1,1011.2,0,1.4,10,1334.4,0
2011-06-24 18:51:00,20,51,23.4,68,15.3,1011.3,0,0.3,14,1334.4,0
2011-06-24 19:11:00,20,51,23.2,68,14.5,1011.4,0,0,14,1334.4,0
2011-06-24 19:31:00,20,51,23.1,71,13.5,1011.5,0,0,14,1334.4,0
2011-06-24 19:51:00,20,52,23.0,74,12.5,1011.9,0,0,14,1334.4,0
2011-06-24 20:11:00,20,52,22.9,77,11.9,1011.9,0,0,14,1334.4,0
2011-06-24 20:31:00,20,52,22.8,79,11.7,1012.1,0,0,14,1334.4,0
2011-06-24 20:51:00,20,52,22.8,80,12.0,1012.0,0,0.3,12,1334.4,0
2011-06-24 21:11:00,20,52,22.7,81,12.0,1012.1,0,0.3,12,1334.4,0
2011-06-24 21:31:00,20,52,22.6,83,12.0,1012.1,0.7,1.4,12,1334.4,0
2011-06-24 21:51:00,20,52,22.5,83,11.9,1012.3,0.3,1.0,10,1334.4,0
2011-06-24 22:11:00,20,52,22.4,84,12.0,1012.4,0.7,1.0,12,1334.4,0
2011-06-24 22:31:00,20,52,22.4,85,12.1,1012.5,0.3,1.4,10,1334.4,0
2011-06-24 22:51:00,20,52,22.3,85,12.3,1012.7,0.3,1.0,12,1334.4,0
2011-06-24 23:11:00,20,52,22.2,85,12.5,1012.8,0.3,1.0,12,1334.4,0
2011-06-24 23:31:00,20,52,22.1,85,12.7,1012.8,0.7,1.4,12,1334.4,0
2011-06-24 23:51:00,20,52,22.0,84,12.9,1012.8,1.7,2.7,12,1334.4,0
