2010-11-01 00:05:14,20,46,19.6,89,2.0,999.3,0.0,0.0,2,1077.6,0
2010-11-01 00:25:14,20,46,19.5,89,1.7,999.6,0.0,0.0,2,1077.6,0
2010-11-01 00:45:14,20,46,19.4,89,1.5,999.7,0.0,0.7,2,1077.6,0
2010-11-01 01:05:14,20,46,19.2,89,1.5,999.6,0.0,0.0,2,1077.6,0
2010-11-01 01:25:14,20,46,19.1,90,1.7,999.7,0.3,0.7,2,1077.6,0
2010-11-01 01:45:14,20,46,19.0,90,2.4,999.5,0.0,0.3,2,1077.6,0
2010-11-01 02:05:14,20,46,18.9,90,2.8,999.3,0.0,0.0,2,1077.6,0
2010-11-01 02:25:14,20,46,18.8,90,3.4,999.3,0.0,0.0,2,1077.6,0
2010-11-01 02:45:14,20,46,18.7,90,3.5,999.1,0.0,0.0,2,1077.6,0
2010-11-01 03:05:14,20,46,18.6,90,3.7,999.5,0.0,0.0,2,1077.6,0
2010-11-01 03:25:14,20,46,18.5,90,3.9,999.2,0.0,0.0,2,1077.6,0
2010-11-01 03:45:14,20,46,18.4,91,4.1,999.1,0.0,0.3,2,1077.6,0
2010-11-01 04:05:14,20,46,18.3,91,4.2,999.5,0.0,0.0,0,1077.6,0
2010-11-01 04:25:14,20,46,18.2,91,4.4,999.7,0.0,0.0,0,1077.6,0
2010-11-01 04:45:14,20,46,18.1,91,4.5,999.7,0.0,0.0,0,1077.6,0
2010-11-01 05:05:14,20,46,18.1,91,4.6,999.8,0.0,0.0,0,1077.6,0
2010-11-01 05:25:14,20,46,18.0,91,4.7,999.8,0.0,0.3,0,1077.6,0
2010-11-01 05:45:14,20,46,18.0,91,4.7,1000.1,0.7,1.4,1,1077.6,0
2010-11-01 06:05:14,20,46,18.2,91,4.7,1000.3,0.0,0.0,2,1077.6,0
2010-11-01 06:25:14,20,46,18.4,91,4.8,1000.4,0.0,0.0,0,1077.6,0
2010-11-01 06:45:18,20,46,18.6,91,4.9,1000.1,0.0,0.7,2,1077.6,0
2010-11-01 07:06:19,20,46,18.9,91,5.0,1000.1,0,0.7,4,1077.6,0
2010-11-01 07:26:19,20,46,19.3,91,5.4,1000.3,0,0,0,1077.6,0
2010-11-01 07:46:19,20,46,19.7,91,5.5,1000.4,0,0.3,2,1077.6,0
2010-11-01 08:06:19,20,45,20.2,91,5.6,1000.4,0,0.3,4,1077.6,0
2010-11-01 08:26:19,20,44,20.5,91,5.9,1000.4,0,0,2,1077.6,0
2010-11-01 08:46:19,20,43,20.7,91,6.3,1000.2,0,0,2,1077.6,0
2010-11-01 09:06:19,20,44,20.9,91,6.7,1000.5,0,0.3,2,1077.6,0
2010-11-01 09:26:19,20,43,20.8,90,7.4,1000.5,0,0.7,2,1077.6,0
2010-11-01 09:46:19,20,43,20.6,90,7.8,1000.6,0,0.3,2,1077.6,0
2010-11-01 10:06:19,20,43,20.5,89,8.1,1000.8,0,0,0,1077.6,0
2010-11-01 10:26:19,20,44,20.4,87,8.7,1000.5,0,0.7,14,1077.6,0
2010-11-01 10:46:19,20,44,20.6,86,9.0,1000.4,0,0,14,1077.6,0
2010-11-01 11:06:19,20,44,20.8,85,9.2,1000.3,0,0.3,0,1077.6,0
2010-11-01 11:26:19,20,44,21.1,82,10.2,1000.5,0,0.3,14,1077.6,0
2010-11-01 11:46:19,20,43,21.4,80,10.9,1000.6,0.3,1.4,0,1077.6,0
2010-11-01 12:06:19,20,43,21.4,79,11.0,1000.5,0.3,1.0,12,1077.6,0
2010-11-01 12:26:19,20,43,21.2,78,11.4,1000.8,0,0.7,14,1077.6,0
2010-11-01 12:46:19,20,43,21.0,78,11.1,1000.8,0,0.3,14,1077.6,0
2010-11-01 13:06:19,20,43,20.8,79,11.2,1000.6,0.3,1.0,0,1077.6,0
2010-11-01 13:26:19,20,44,20.6,79,11.0,1000.5,0,0.7,0,1077.6,0
2010-11-01 13:46:19,20,44,20.5,78,11.1,1000.9,0,0.7,12,1077.6,0
2010-11-01 14:06:19,20,45,20.3,78,10.9,1000.9,0.3,1.0,0,1077.6,0
2010-11-01 14:26:19,20,45,20.3,80,10.4,1001.2,0,0.3,14,1077.6,0
2010-11-01 14:46:19,20,45,20.2,81,10.1,1001.2,0,0,2,1077.6,0
2010-11-01 15:06:19,20,46,20.3,81,10.0,1001.4,0,0,2,1077.6,0
2010-11-01 15:26:19,20,46,20.7,83,9.6,1001.8,0,0,12,1077.6,0
2010-11-01 15:46:19,20,45,21.1,84,9.3,1002.2,0,0.7,14,1077.6,0
2010-11-01 16:06:19,20,44,21.4,84,9.1,1002.2,0,0.3,12,1077.6,0
2010-11-01 16:26:19,20,44,21.5,84,8.1,1002.2,0,0,12,1077.6,0
2010-11-01 16:46:19,20,44,21.7,85,7.6,1002.3,0,0,14,1077.6,0
2010-11-01 17:06:19,20,44,21.9,86,7.3,1002.7,0,0.3,10,1077.6,0
2010-11-01 17:26:19,20,43,22.0,87,7.0,1003.1,0,0,13,1077.6,0
2010-11-01 17:46:19,20,43,21.8,87,6.6,1003.2,0,0,12,1077.6,0
2010-11-01 18:06:19,20,44,21.5,87,6.4,1003.2,0,0,12,1077.6,0
2010-11-01 18:26:19,20,43,21.3,88,6.2,1003.5,0,0,12,1077.6,0
2010-11-01 18:46:19,20,44,21.2,88,6.1,1003.3,0,0,6,1077.6,0
2010-11-01 19:06:19,20,44,21.0,88,6.0,1003.3,0,0,6,1077.6,0
2010-11-01 19:26:19,20,44,20.9,89,6.3,1003.6,0,0,12,1077.6,0
2010-11-01 19:46:19,20,44,20.8,89,6.3,1003.6,0,0,12,1077.6,0
2010-11-01 20:06:19,20,44,20.7,89,6.2,1003.7,0,0,12,1077.6,0
2010-11-01 20:26:19,20,45,20.6,90,6.7,1003.7,0,0.3,12,1077.6,0
2010-11-01 20:46:19,20,45,20.5,89,6.6,1003.8,0,0,8,1077.6,0
2010-11-01 21:06:19,20,45,20.5,90,6.5,1004.0,0,0,8,1077.6,0
2010-11-01 21:26:19,20,45,20.4,90,6.5,1004.0,0,0,12,1077.6,0
2010-11-01 21:46:19,20,45,20.3,90,6.7,1004.1,0,0,12,1077.6,0
2010-11-01 22:06:19,20,45,20.2,90,6.8,1004.0,0,0,14,1077.6,0
2010-11-01 22:26:19,20,45,20.1,91,6.8,1004.3,0,0,12,1077.6,0
2010-11-01 22:46:19,20,45,20.1,91,6.9,1004.3,0,0,0,1077.6,0
2010-11-01 23:06:19,20,45,20.0,91,6.9,1004.4,0,0,0,1077.6,0
2010-11-01 23:26:19,20,45,19.9,91,7.0,1004.8,0,0,12,1077.6,0
2010-11-01 23:46:19,20,45,19.8,91,7.1,1004.9,0,0,12,1077.6,0
