2020-08-28 00:00:59,3,56,21.5,95,10.7,1005.1,0,0,0,1885.5,0
2020-08-28 00:03:59,3,56,21.5,95,10.7,1005.1,0,0,0,1885.5,0
2020-08-28 00:06:59,3,56,21.5,95,10.8,1005.1,0,0,0,1885.5,0
2020-08-28 00:09:59,3,56,21.5,95,10.8,1005.0,0,0,0,1885.5,0
2020-08-28 00:12:59,3,56,21.5,95,10.9,1005.1,0,0,15,1885.5,0
2020-08-28 00:15:59,3,56,21.5,95,11.0,1005.0,0,0,15,1885.5,0
2020-08-28 00:18:59,3,56,21.5,95,11.0,1005.0,0,0,15,1885.5,0
2020-08-28 00:21:59,3,56,21.4,95,11.0,1005.1,0,0,15,1885.5,0
2020-08-28 00:24:59,3,56,21.4,95,11.1,1004.9,0,0,15,1885.5,0
2020-08-28 00:27:59,3,56,21.4,96,11.1,1004.9,0,0,15,1885.5,0
2020-08-28 00:30:59,3,56,21.4,96,11.1,1004.8,0,0,15,1885.5,0
2020-08-28 00:33:59,3,56,21.3,96,11.2,1004.8,0,0,15,1885.5,0
2020-08-28 00:36:59,3,56,21.3,96,11.2,1004.8,0,0,15,1885.5,0
2020-08-28 00:39:59,3,56,21.3,96,11.3,1004.7,0,0,15,1885.5,0
2020-08-28 00:42:59,3,56,21.3,96,11.3,1004.7,0,0,15,1885.5,0
2020-08-28 00:45:59,3,56,21.3,96,11.3,1004.6,0,0,15,1885.5,0
2020-08-28 00:48:59,3,56,21.3,96,11.4,1004.4,0,0,15,1885.5,0
2020-08-28 00:51:59,3,56,21.3,96,11.4,1004.4,0,0,15,1885.5,0
2020-08-28 00:54:59,3,56,21.3,96,11.4,1004.3,0,0,15,1885.5,0
2020-08-28 00:57:59,3,56,21.3,96,11.4,1004.3,0,0,15,1885.5,0
2020-08-28 01:00:59,3,56,21.3,96,11.4,1004.4,0,0,15,1885.5,0
2020-08-28 01:03:59,3,56,21.3,96,11.4,1004.3,0,0,15,1885.5,0
2020-08-28 01:06:59,3,56,21.3,97,11.5,1004.3,0,0,15,1885.5,0
2020-08-28 01:09:59,3,56,21.3,97,11.5,1004.3,0,0,15,1885.5,0
2020-08-28 01:12:59,3,56,21.3,97,11.5,1004.1,0,0,15,1885.5,0
2020-08-28 01:15:59,3,56,21.3,97,11.6,1004.0,0,0,15,1885.5,0
2020-08-28 01:18:59,3,56,21.3,97,11.7,1004.0,0,0,15,1885.5,0
2020-08-28 01:21:59,3,56,21.3,97,11.7,1004.1,0,0,15,1885.5,0
2020-08-28 01:24:59,3,56,21.2,97,11.7,1004.1,0,0,15,1885.5,0
2020-08-28 01:27:59,3,56,21.2,97,11.8,1004.1,0,0,8,1885.5,0
2020-08-28 01:30:59,3,56,21.2,97,11.8,1004.0,0,0,8,1885.5,0
2020-08-28 01:33:59,3,56,21.2,97,11.8,1003.9,0,0,15,1885.5,0
2020-08-28 01:36:59,3,56,21.2,97,11.9,1003.8,0,0,15,1885.5,0
2020-08-28 01:39:59,3,56,21.2,97,11.9,1004.0,0,0,15,1885.5,0
2020-08-28 01:42:59,3,56,21.2,97,11.9,1004.0,0,0,15,1885.5,0
2020-08-28 01:45:59,3,56,21.2,97,11.9,1004.0,0,0,15,1885.5,0
2020-08-28 01:48:59,3,55,21.2,97,12.0,1003.7,0,0,0,1885.5,0
2020-08-28 01:51:59,3,55,21.2,97,12.0,1003.8,0,0,0,1885.5,0
2020-08-28 01:54:59,3,55,21.2,97,12.0,1003.8,0,0,0,1885.5,0
2020-08-28 01:57:59,3,55,21.2,97,12.0,1003.9,0,0,0,1885.5,0
2020-08-28 02:00:59,3,55,21.2,97,12.0,1003.8,0,0,0,1885.5,0
2020-08-28 02:03:59,3,55,21.2,97,12.0,1003.7,0,0,0,1885.5,0
2020-08-28 02:06:59,3,55,21.1,97,12.0,1003.5,0,0,15,1885.5,0
2020-08-28 02:09:59,3,55,21.1,97,12.0,1003.3,0,0,0,1885.5,0
2020-08-28 02:12:59,3,55,21.1,97,12.1,1003.3,0,0,4,1885.5,0
2020-08-28 02:15:59,3,55,21.1,97,12.1,1003.2,0,0,4,1885.5,0
2020-08-28 02:18:59,3,55,21.1,96,12.1,1003.1,0,0,6,1885.5,0
2020-08-28 02:21:59,3,55,21.1,96,12.1,1002.9,0,0,4,1885.5,0
2020-08-28 02:24:59,3,55,21.1,96,12.2,1003.0,0,0,4,1885.5,0
2020-08-28 02:27:59,3,55,21.1,96,12.2,1002.9,0,0,4,1885.5,0
2020-08-28 02:30:59,3,55,21.1,96,12.2,1002.8,0,0.3,6,1885.5,0
2020-08-28 02:33:59,3,55,21.1,96,12.2,1002.7,0,0,4,1885.5,0
2020-08-28 02:36:59,3,55,21.1,95,12.3,1002.6,0,0,4,1885.5,0
2020-08-28 02:39:59,3,55,21.1,95,12.3,1002.7,0,0.3,6,1885.5,0
2020-08-28 02:42:59,3,55,21.1,95,12.3,1002.6,0,0,15,1885.5,0
2020-08-28 02:45:59,3,55,21.1,95,12.4,1002.8,0,0,4,1885.5,0
2020-08-28 02:48:59,3,55,21.1,94,12.4,1002.6,0,0,15,1885.5,0
2020-08-28 02:51:59,3,55,21.1,91,12.5,1002.6,0,0,15,1885.5,0
2020-08-28 02:54:59,3,55,21.1,91,12.5,1002.5,0,0,15,1885.5,0
2020-08-28 02:57:59,3,55,21.0,91,12.6,1002.5,0,0,4,1885.5,0
2020-08-28 03:00:59,3,55,21.0,90,12.6,1002.4,0,0,4,1885.5,0
2020-08-28 03:03:59,3,55,21.0,90,12.7,1002.5,0,0,12,1885.5,0
2020-08-28 03:06:59,3,55,21.0,89,12.7,1002.5,0,0,12,1885.5,0
2020-08-28 03:09:59,3,55,21.0,88,12.7,1002.6,0,0,12,1885.5,0
2020-08-28 03:12:59,3,55,21.0,88,12.7,1002.6,0,0,12,1885.5,0
2020-08-28 03:15:59,3,55,21.0,87,12.7,1002.8,0,0,12,1885.5,0
2020-08-28 03:18:59,3,55,21.0,87,12.7,1002.8,0,0,14,1885.5,0
2020-08-28 03:21:59,3,55,21.0,87,12.7,1002.8,0,0,0,1885.5,0
2020-08-28 03:24:59,3,55,21.0,86,12.7,1002.7,0,0,0,1885.5,0
2020-08-28 03:27:59,3,55,21.0,86,12.7,1002.8,0,0.3,12,1885.5,0
2020-08-28 03:30:59,3,55,21.0,86,12.7,1002.6,0,0.3,10,1885.5,0
2020-08-28 03:33:59,3,55,21.0,86,12.8,1002.5,0,0.3,4,1885.5,0
2020-08-28 03:36:59,3,55,21.0,85,12.8,1002.4,0,0,4,1885.5,0
2020-08-28 03:39:59,3,55,21.0,85,12.9,1002.3,0,0,4,1885.5,0
2020-08-28 03:42:59,3,56,20.9,85,13.0,1002.2,0.7,1.0,12,1885.5,0
2020-08-28 03:45:59,3,56,20.9,84,13.2,1002.2,0.7,1.4,10,1885.5,0
2020-08-28 03:48:59,3,56,20.9,83,13.3,1002.1,0.7,1.0,4,1885.5,0
2020-08-28 03:51:59,3,56,20.9,81,13.5,1001.7,0.7,1.0,15,1885.5,0
2020-08-28 03:54:59,3,56,20.9,80,13.5,1001.4,0.7,1.0,4,1885.5,0
2020-08-28 03:57:59,3,56,20.9,80,13.5,1001.2,0.7,1.4,15,1885.5,0
2020-08-28 04:00:59,3,56,20.9,79,13.6,1001.3,1.0,1.4,6,1885.5,0
2020-08-28 04:03:59,3,56,20.9,79,13.6,1001.3,1.0,1.4,6,1885.5,0
2020-08-28 04:06:59,3,56,20.9,77,13.8,1001.3,1.4,2.0,15,1885.5,0
2020-08-28 04:09:59,3,56,20.9,76,13.9,1001.1,2.7,3.4,4,1885.5,0
2020-08-28 04:12:59,3,56,20.9,75,14.0,1001.2,1.0,1.7,10,1885.5,0
2020-08-28 04:15:59,3,56,20.9,74,14.1,1001.5,1.7,2.7,10,1885.5,0
2020-08-28 04:18:59,3,56,20.9,74,14.2,1001.3,0.7,1.0,15,1885.5,0
2020-08-28 04:21:59,3,56,20.9,73,14.3,1001.0,0.7,1.4,6,1885.5,0
2020-08-28 04:24:59,3,56,20.9,73,14.3,1000.9,1.7,2.4,0,1885.5,0
2020-08-28 04:27:59,3,56,20.9,72,14.4,1000.6,1.0,1.4,10,1885.5,0
2020-08-28 04:30:59,3,55,20.9,72,14.5,1000.9,1.0,1.7,10,1885.5,0
2020-08-28 04:33:59,3,55,20.8,72,14.5,1001.1,1.4,2.0,0,1885.5,0
2020-08-28 04:36:59,3,55,20.8,71,14.6,1001.3,0.7,1.4,11,1885.5,0
2020-08-28 04:39:59,3,55,20.8,72,14.6,1001.3,1.0,1.7,4,1885.5,0
2020-08-28 04:42:59,3,55,20.8,71,14.6,1001.4,0.7,1.0,0,1885.5,0
2020-08-28 04:45:59,3,55,20.7,71,14.6,1001.4,1.7,2.0,10,1885.5,0
2020-08-28 04:48:59,3,55,20.7,71,14.6,1001.3,1.0,1.4,8,1885.5,0
2020-08-28 04:51:59,3,55,20.7,72,14.6,1001.2,0.7,1.4,4,1885.5,0
2020-08-28 04:54:59,3,55,20.7,72,14.6,1000.9,1.0,1.4,4,1885.5,0
2020-08-28 04:57:59,3,55,20.7,72,14.5,1000.9,1.0,1.7,5,1885.5,0
2020-08-28 05:00:59,3,55,20.7,72,14.5,1000.8,1.0,1.4,12,1885.5,0
2020-08-28 05:03:59,3,55,20.7,72,14.4,1000.6,1.0,1.4,0,1885.5,0
2020-08-28 05:06:59,3,54,20.7,73,14.4,1000.7,0.7,1.4,0,1885.5,0
2020-08-28 05:09:59,3,54,20.7,73,14.3,1000.6,0.3,0.7,8,1885.5,0
2020-08-28 05:12:59,3,54,20.7,73,14.2,1000.5,1.0,1.7,10,1885.5,0
2020-08-28 05:15:59,3,54,20.7,74,14.2,1000.5,0.3,0.7,14,1885.5,0
2020-08-28 05:18:59,3,54,20.7,74,14.2,1000.4,0.7,1.4,6,1885.5,0
2020-08-28 05:21:59,3,54,20.6,74,14.2,1000.5,1.0,1.7,10,1885.5,0
2020-08-28 05:24:59,3,54,20.6,74,14.2,1000.5,1.4,1.7,0,1885.5,0
2020-08-28 05:27:59,3,54,20.6,74,14.2,1000.5,0.7,1.4,6,1885.5,0
2020-08-28 05:30:59,3,54,20.6,74,14.2,1000.3,1.4,1.7,6,1885.5,0
2020-08-28 05:33:59,3,54,20.6,74,14.3,1000.3,0.7,1.0,4,1885.5,0
2020-08-28 05:36:59,3,54,20.6,74,14.3,1000.2,1.0,1.7,6,1885.5,0
2020-08-28 05:39:59,3,54,20.6,74,14.4,1000.2,1.4,1.7,4,1885.5,0
2020-08-28 05:42:59,3,54,20.6,74,14.5,1000.2,1.4,2.0,4,1885.5,0
2020-08-28 05:45:59,3,54,20.6,73,14.6,1000.1,0.7,1.7,4,1885.5,0
2020-08-28 05:48:59,3,54,20.6,73,14.7,1000.1,0.7,1.7,14,1885.5,0
2020-08-28 05:51:59,3,54,20.6,73,14.7,1000.0,1.4,2.0,4,1885.5,0
2020-08-28 05:54:59,3,54,20.6,73,14.8,1000.1,0.7,1.0,10,1885.5,0
2020-08-28 05:57:59,3,54,20.6,73,14.8,1000.0,1.0,1.4,6,1885.5,0
2020-08-28 06:00:59,3,54,20.6,73,14.9,999.9,1.0,1.7,10,1885.5,0
2020-08-28 06:03:59,3,54,20.6,73,14.9,1000.0,1.0,1.7,10,1885.5,0
2020-08-28 06:06:59,3,54,20.6,72,15.1,1000.1,1.4,1.7,4,1885.5,0
2020-08-28 06:09:59,3,54,20.6,72,15.2,1000.0,0.7,1.4,6,1885.5,0
2020-08-28 06:12:59,3,54,20.6,71,15.3,1000.0,1.4,1.7,0,1885.5,0
2020-08-28 06:15:59,3,55,20.6,71,15.4,1000.1,0.7,1.0,8,1885.5,0
2020-08-28 06:18:59,3,55,20.6,71,15.5,1000.1,2.4,2.7,8,1885.5,0
2020-08-28 06:21:59,3,55,20.6,70,15.5,1000.0,2.7,4.1,8,1885.5,0
2020-08-28 06:24:59,3,55,20.6,70,15.5,1000.0,1.4,2.0,4,1885.5,0
2020-08-28 06:27:59,3,55,20.6,70,15.5,1000.2,1.4,1.7,10,1885.5,0
2020-08-28 06:30:59,3,55,20.6,70,15.4,1000.2,1.4,1.7,12,1885.5,0
2020-08-28 06:33:59,3,55,20.6,70,15.4,1000.2,2.7,3.7,0,1885.5,0
2020-08-28 06:36:59,3,55,20.6,70,15.4,1000.3,0.7,1.0,0,1885.5,0
2020-08-28 06:39:59,3,55,20.6,70,15.4,1000.4,1.0,1.4,4,1885.5,0
2020-08-28 06:42:59,3,55,20.6,71,15.3,1000.4,1.7,2.7,8,1885.5,0
2020-08-28 06:45:59,3,55,20.6,71,15.3,1000.2,3.1,4.1,8,1885.5,0
2020-08-28 06:48:59,3,55,20.6,71,15.3,1000.2,1.4,2.0,14,1885.5,0
2020-08-28 06:51:59,3,55,20.6,71,15.3,1000.2,1.4,1.7,13,1885.5,0
2020-08-28 06:54:59,3,55,20.6,71,15.4,1000.2,2.0,3.1,8,1885.5,0
2020-08-28 06:57:59,3,55,20.6,71,15.4,1000.2,0.3,1.0,4,1885.5,0
2020-08-28 07:00:59,3,55,20.6,71,15.5,1000.1,1.0,1.4,4,1885.5,0
2020-08-28 07:03:59,3,55,20.6,71,15.4,1000.2,3.4,4.1,8,1885.5,0
2020-08-28 07:06:59,3,55,20.6,71,15.4,1000.0,0.7,1.0,6,1885.5,0
2020-08-28 07:09:59,3,55,20.6,71,15.4,1000.0,1.4,1.7,6,1885.5,0
2020-08-28 07:13:00,3,55,20.6,71,15.4,1000.1,0.7,1.0,0,1885.5,0
2020-08-28 07:16:00,3,55,20.6,72,15.5,1000.1,1.4,2.0,4,1885.5,0
2020-08-28 07:19:00,3,55,20.6,72,15.6,1000.1,1.4,1.7,4,1885.5,0
2020-08-28 07:22:00,3,55,20.6,72,15.6,1000.0,1.4,1.7,13,1885.5,0
2020-08-28 07:25:00,3,55,20.6,72,15.5,1000.0,1.4,1.7,8,1885.5,0
2020-08-28 07:28:00,3,55,20.6,73,15.5,1000.2,1.4,2.0,4,1885.5,0
2020-08-28 07:31:00,3,55,20.6,74,15.4,1000.1,0.7,1.4,9,1885.5,0
2020-08-28 07:34:00,3,55,20.6,74,15.3,1000.0,1.0,1.7,8,1885.5,0
2020-08-28 07:37:00,3,55,20.6,75,15.2,999.9,2.0,2.4,14,1885.5,0
2020-08-28 07:40:00,3,55,20.6,76,15.1,999.9,2.0,2.7,6,1885.5,0
2020-08-28 07:43:00,3,55,20.6,76,15.1,999.8,1.0,1.7,8,1885.5,0
2020-08-28 07:46:00,3,55,20.6,77,15.0,999.7,1.7,2.4,13,1885.5,0
2020-08-28 07:49:00,3,55,20.6,77,14.9,999.7,1.4,2.0,0,1885.5,0
2020-08-28 07:52:00,3,55,20.6,78,14.8,999.7,1.0,1.7,6,1885.5,0
2020-08-28 07:55:00,3,55,20.6,79,14.7,999.6,1.0,1.4,4,1885.5,0
2020-08-28 07:58:00,3,55,20.6,79,14.6,999.7,1.4,2.0,0,1885.5,0
2020-08-28 08:01:00,3,55,20.6,80,14.6,999.5,0.7,1.4,4,1885.5,0
2020-08-28 08:04:00,3,56,20.6,80,14.6,999.5,0.7,1.4,4,1885.5,0
2020-08-28 08:07:00,3,56,20.6,80,14.5,999.6,0.7,1.0,4,1885.5,0
2020-08-28 08:10:00,3,56,20.5,80,14.5,999.6,1.0,1.7,12,1885.5,0
2020-08-28 08:13:00,3,56,20.5,81,14.5,999.5,0.7,1.4,4,1885.5,0
2020-08-28 08:16:00,3,56,20.5,81,14.5,999.4,1.0,1.7,0,1885.5,0
2020-08-28 08:19:00,3,56,20.5,81,14.5,999.4,0.3,1.0,8,1885.5,0
2020-08-28 08:22:00,3,56,20.6,81,14.5,999.3,1.4,2.0,6,1885.5,0
2020-08-28 08:25:00,3,56,20.6,81,14.5,999.4,0.7,1.4,0,1885.5,0
2020-08-28 08:28:00,3,56,20.6,81,14.5,999.3,0,0.3,14,1885.5,0
2020-08-28 08:31:00,3,56,20.5,81,14.6,999.3,1.7,2.7,0,1885.5,0
2020-08-28 08:34:00,3,56,20.5,81,14.6,999.3,0.7,1.0,0,1885.5,0
2020-08-28 08:37:00,3,56,20.5,82,14.7,999.3,1.0,1.4,6,1885.5,0
2020-08-28 08:40:00,3,56,20.5,82,14.8,999.2,1.0,1.7,4,1885.5,0
2020-08-28 08:43:00,3,56,20.6,81,14.9,999.2,0.3,0.7,8,1885.5,0
2020-08-28 08:46:00,3,56,20.6,81,14.9,999.1,1.7,2.7,4,1885.5,0
2020-08-28 08:49:00,3,56,20.7,81,15.0,999.1,1.7,3.1,4,1885.5,0
2020-08-28 08:52:00,3,56,20.7,81,15.1,999.0,1.7,2.4,6,1885.5,0
2020-08-28 08:55:00,3,56,20.9,81,15.2,998.9,1.4,2.7,0,1885.5,0
2020-08-28 08:58:00,3,55,21.0,81,15.3,998.8,1.0,1.4,4,1885.5,0
2020-08-28 09:01:00,3,55,21.1,81,15.4,998.9,1.4,1.7,6,1885.5,0
2020-08-28 09:04:00,3,55,21.2,80,15.5,999.0,1.4,2.4,0,1885.5,0
2020-08-28 09:07:00,3,55,21.3,80,15.6,999.0,0.3,0.7,0,1885.5,0
2020-08-28 09:10:00,3,54,21.3,80,15.6,999.1,1.0,1.7,4,1885.5,0
2020-08-28 09:13:00,3,54,21.5,80,15.7,999.0,0.7,1.4,4,1885.5,0
2020-08-28 09:16:00,3,54,21.6,80,15.8,998.8,1.0,1.7,6,1885.5,0
2020-08-28 09:19:00,3,53,21.7,79,16.0,998.8,1.0,1.7,4,1885.5,0
2020-08-28 09:22:00,3,53,21.7,79,16.0,998.7,1.7,2.4,0,1885.5,0
2020-08-28 09:25:00,3,53,21.8,78,16.0,998.7,1.0,1.4,8,1885.5,0
2020-08-28 09:28:00,3,53,21.8,78,16.1,998.8,1.4,3.1,0,1885.5,0
2020-08-28 09:31:00,3,53,21.9,78,16.2,998.7,0.3,1.0,6,1885.5,0
2020-08-28 09:34:00,3,53,21.9,78,16.3,998.7,1.0,1.7,6,1885.5,0
2020-08-28 09:37:00,3,51,22.0,78,16.4,998.6,1.4,2.0,6,1885.5,0
2020-08-28 09:40:00,3,51,22.1,77,16.6,998.4,1.0,2.0,4,1885.5,0
2020-08-28 09:43:00,3,51,22.1,77,16.7,998.5,1.4,2.4,9,1885.5,0
2020-08-28 09:46:00,3,51,22.1,76,16.8,998.5,1.7,2.4,4,1885.5,0
2020-08-28 09:49:00,3,51,22.1,76,16.9,998.5,1.0,1.4,4,1885.5,0
2020-08-28 09:52:00,3,52,22.0,76,17.0,998.5,2.0,3.4,4,1885.5,0
2020-08-28 09:55:00,3,53,21.9,76,17.2,998.6,1.7,2.0,4,1885.5,0
2020-08-28 09:58:00,3,53,21.9,76,17.4,998.4,0.7,1.4,6,1885.5,0
2020-08-28 10:01:00,3,53,21.9,72,17.5,998.5,1.7,2.4,4,1885.5,0
2020-08-28 10:04:00,3,53,21.8,72,17.5,998.3,1.7,2.4,4,1885.5,0
2020-08-28 10:07:00,3,53,21.8,72,17.7,998.4,0.7,1.0,4,1885.5,0
2020-08-28 10:10:00,3,53,21.8,72,17.8,998.3,0.7,1.0,6,1885.5,0
2020-08-28 10:13:00,3,53,21.8,72,17.9,998.4,2.7,3.4,8,1885.5,0
2020-08-28 10:16:00,3,53,21.8,71,18.0,998.3,1.7,2.7,9,1885.5,0
2020-08-28 10:19:00,3,53,21.7,71,18.1,998.3,1.7,2.4,4,1885.5,0
2020-08-28 10:22:00,3,53,21.7,72,18.2,998.3,1.0,1.7,0,1885.5,0
2020-08-28 10:25:00,3,53,21.7,72,18.4,998.1,1.4,2.0,8,1885.5,0
2020-08-28 10:28:00,3,53,21.7,71,18.5,998.1,0.7,1.0,6,1885.5,0
2020-08-28 10:31:00,3,53,21.7,71,18.7,998.0,0.7,1.0,0,1885.5,0
2020-08-28 10:34:00,3,53,21.7,71,18.8,998.0,0.7,1.0,6,1885.5,0
2020-08-28 10:37:00,3,53,21.7,70,18.9,997.9,2.4,3.4,0,1885.5,0
2020-08-28 10:40:00,3,54,21.6,70,18.9,998.0,2.4,2.7,8,1885.5,0
2020-08-28 10:43:00,3,54,21.6,70,19.0,998.1,2.0,2.7,12,1885.5,0
2020-08-28 10:46:00,3,54,21.6,70,19.0,998.0,1.4,2.0,12,1885.5,0
2020-08-28 10:49:00,3,54,21.6,70,19.1,998.0,1.4,2.4,6,1885.5,0
2020-08-28 10:52:00,3,54,21.6,69,19.2,997.9,4.1,5.1,8,1885.5,0
2020-08-28 10:55:00,3,54,21.6,68,19.2,998.0,2.7,3.1,4,1885.5,0
2020-08-28 10:58:00,3,54,21.6,69,19.3,998.1,2.0,2.7,8,1885.5,0
2020-08-28 11:01:00,3,54,21.6,68,19.4,998.0,3.1,3.7,8,1885.5,0
2020-08-28 11:04:00,3,54,21.6,67,19.4,998.0,2.4,3.1,8,1885.5,0
2020-08-28 11:07:00,3,54,21.5,68,19.5,997.9,1.0,1.7,7,1885.5,0
2020-08-28 11:10:00,3,54,21.5,67,19.6,997.9,1.0,1.7,8,1885.5,0
2020-08-28 11:13:00,3,54,21.5,68,19.6,998.0,1.7,2.4,8,1885.5,0
2020-08-28 11:16:00,3,54,21.5,68,19.8,998.0,0.7,1.4,4,1885.5,0
2020-08-28 11:19:00,3,54,21.5,68,19.9,997.9,0.7,1.4,6,1885.5,0
2020-08-28 11:22:00,3,54,21.5,68,19.9,998.0,2.0,2.7,8,1885.5,0
2020-08-28 11:25:00,3,54,21.5,66,19.7,997.9,3.4,4.4,8,1885.5,0
2020-08-28 11:28:00,3,54,21.5,67,19.5,998.0,1.7,2.4,13,1885.5,0
2020-08-28 11:31:00,3,55,21.4,68,19.4,998.0,3.4,4.1,8,1885.5,0
2020-08-28 11:34:00,3,55,21.4,68,19.3,998.0,2.7,3.4,8,1885.5,0
2020-08-28 11:37:00,3,55,21.4,69,19.3,997.9,0.3,0.7,8,1885.5,0
2020-08-28 11:40:00,3,55,21.3,70,19.4,997.9,0.7,1.4,10,1885.5,0
2020-08-28 11:43:00,3,55,21.3,70,19.5,997.9,1.0,1.4,12,1885.5,0
2020-08-28 11:46:00,3,55,21.3,69,19.5,997.9,1.0,1.7,8,1885.5,0
2020-08-28 11:49:00,3,55,21.3,70,19.5,998.0,0.7,1.4,13,1885.5,0
2020-08-28 11:52:00,3,55,21.3,70,19.5,997.9,0.3,0.7,12,1885.5,0
2020-08-28 11:55:00,3,55,21.3,69,19.5,997.9,0.3,0.7,10,1885.5,0
2020-08-28 11:58:00,3,55,21.3,69,19.5,997.9,0.7,1.4,12,1885.5,0
2020-08-28 12:01:00,3,55,21.3,70,19.5,997.9,0.3,0.7,8,1885.5,0
2020-08-28 12:04:00,3,55,21.3,70,19.5,997.9,0.3,0.7,8,1885.5,0
2020-08-28 12:07:00,3,55,21.3,70,19.7,997.8,1.7,2.0,8,1885.5,0
2020-08-28 12:10:00,3,56,21.3,70,19.7,997.8,1.0,1.4,12,1885.5,0
2020-08-28 12:13:00,3,56,21.3,70,19.6,997.8,0.3,0.7,12,1885.5,0
2020-08-28 12:16:00,3,56,21.3,70,19.6,997.7,1.0,1.4,8,1885.5,0
2020-08-28 12:19:00,3,56,21.3,70,19.5,997.7,1.4,2.0,12,1885.5,0
2020-08-28 12:22:00,3,56,21.3,70,19.5,997.7,0.7,1.4,10,1885.5,0
2020-08-28 12:25:00,3,56,21.3,70,19.5,997.6,0,0.3,10,1885.5,0
2020-08-28 12:28:00,3,56,21.3,70,19.6,997.6,0.3,0.7,12,1885.5,0
2020-08-28 12:31:00,3,56,21.2,70,19.7,997.6,0,0,12,1885.5,0
2020-08-28 12:34:00,3,56,21.2,70,19.9,997.6,0.3,0.7,12,1885.5,0
2020-08-28 12:37:00,3,56,21.2,70,20.2,997.6,2.7,3.4,4,1885.5,0
2020-08-28 12:40:00,3,56,21.2,69,20.3,997.5,1.0,1.7,10,1885.5,0
2020-08-28 12:43:00,3,57,21.2,69,20.6,997.5,1.0,1.4,10,1885.5,0
2020-08-28 12:46:00,3,57,21.2,69,20.8,997.5,1.0,1.7,12,1885.5,0
2020-08-28 12:49:00,3,57,21.2,68,21.0,997.4,1.0,1.4,8,1885.5,0
2020-08-28 12:52:00,3,57,21.2,67,21.0,997.4,0.3,0.7,8,1885.5,0
2020-08-28 12:55:00,3,57,21.2,66,21.0,997.5,0.7,1.0,12,1885.5,0
2020-08-28 12:58:00,3,57,21.2,68,21.2,997.4,0.7,1.0,14,1885.5,0
2020-08-28 13:01:00,3,57,21.2,67,21.3,997.3,1.4,1.7,12,1885.5,0
2020-08-28 13:04:00,3,57,21.2,67,21.3,997.3,1.4,1.7,12,1885.5,0
2020-08-28 13:07:00,3,57,21.2,65,21.1,997.3,1.4,2.0,14,1885.5,0
2020-08-28 13:10:00,3,57,21.2,66,21.0,997.4,1.4,1.7,10,1885.5,0
2020-08-28 13:13:00,3,57,21.2,67,20.9,997.4,1.0,1.4,8,1885.5,0
2020-08-28 13:16:00,3,57,21.2,67,20.8,997.4,1.0,1.7,7,1885.5,0
2020-08-28 13:19:00,3,57,21.2,68,20.8,997.4,1.0,1.7,10,1885.5,0
2020-08-28 13:22:00,3,57,21.2,68,20.9,997.3,1.0,1.4,10,1885.5,0
2020-08-28 13:25:00,3,57,21.2,67,21.1,997.3,0.3,0.7,14,1885.5,0
2020-08-28 13:28:00,3,57,21.2,67,21.3,997.2,0.3,0.7,0,1885.5,0
2020-08-28 13:31:00,3,57,21.2,66,21.5,997.1,0.3,0.7,12,1885.5,0
2020-08-28 13:34:00,3,58,21.2,66,21.7,997.2,1.0,1.4,12,1885.5,0
2020-08-28 13:37:00,3,58,21.2,64,21.7,997.3,0.7,1.0,0,1885.5,0
2020-08-28 13:40:00,3,58,21.3,64,21.7,997.2,0.7,1.0,12,1885.5,0
2020-08-28 13:43:00,3,58,21.2,65,21.7,997.2,0,0,14,1885.5,0
2020-08-28 13:46:00,3,58,21.3,65,21.7,997.1,0.3,1.0,10,1885.5,0
2020-08-28 13:49:00,3,58,21.3,63,21.7,997.1,0,0,12,1885.5,0
2020-08-28 13:52:00,3,58,21.3,64,21.6,997.0,0,0,14,1885.5,0
2020-08-28 13:55:00,3,59,21.3,65,21.6,997.1,0,0,14,1885.5,0
2020-08-28 13:58:00,3,59,21.3,65,21.6,997.2,0,0,12,1885.5,0
2020-08-28 14:01:00,3,59,21.3,65,21.5,997.2,0,0,14,1885.5,0
2020-08-28 14:04:00,3,59,21.3,65,21.5,997.2,0,0,14,1885.5,0
2020-08-28 14:07:00,3,59,21.3,65,21.2,997.2,0.3,0.7,10,1885.5,0
2020-08-28 14:10:00,3,59,21.3,65,21.1,997.2,1.4,1.7,14,1885.5,0
2020-08-28 14:13:00,3,59,21.3,65,21.1,997.2,0.3,0.7,12,1885.5,0
2020-08-28 14:16:00,3,59,21.3,66,21.1,997.3,0.3,0.7,14,1885.5,0
2020-08-28 14:19:00,3,59,21.3,67,21.4,997.2,0.3,0.7,12,1885.5,0
2020-08-28 14:22:00,3,59,21.3,65,21.6,997.1,0.7,1.0,14,1885.5,0
2020-08-28 14:25:00,3,59,21.3,63,21.9,997.0,0.7,1.0,10,1885.5,0
2020-08-28 14:28:00,3,59,21.3,62,22.2,997.0,0.7,1.0,8,1885.5,0
2020-08-28 14:31:00,3,59,21.3,58,22.6,997.1,0.7,1.0,12,1885.5,0
2020-08-28 14:34:00,3,59,21.3,58,22.7,997.1,0.7,1.0,12,1885.5,0
2020-08-28 14:37:00,3,59,21.3,57,22.6,997.0,0.7,1.0,8,1885.5,0
2020-08-28 14:40:00,3,59,21.3,61,22.4,996.9,1.0,1.4,6,1885.5,0
2020-08-28 14:43:00,3,59,21.3,61,22.2,996.9,0.7,1.0,12,1885.5,0
2020-08-28 14:46:00,3,59,21.3,61,22.1,996.9,0,0.3,12,1885.5,0
2020-08-28 14:49:00,3,59,21.3,61,22.1,997.0,1.7,2.4,12,1885.5,0
2020-08-28 14:52:00,3,59,21.3,62,22.3,997.1,0,0.3,12,1885.5,0
2020-08-28 14:55:00,3,59,21.3,60,22.8,997.1,0,0,8,1885.5,0
2020-08-28 14:58:00,3,59,21.3,58,23.0,997.0,0,0.7,10,1885.5,0
2020-08-28 15:01:00,3,59,21.3,56,23.0,996.9,1.0,1.4,12,1885.5,0
2020-08-28 15:04:00,3,59,21.4,56,22.7,997.0,0.3,0.7,12,1885.5,0
2020-08-28 15:07:00,3,59,21.4,56,22.6,996.8,0.7,1.0,12,1885.5,0
2020-08-28 15:10:00,3,59,21.4,57,22.5,996.9,0,0.3,8,1885.5,0
2020-08-28 15:13:00,3,59,21.4,57,22.7,996.8,0,0,4,1885.5,0
2020-08-28 15:16:00,3,59,21.5,57,23.0,996.8,0.7,1.0,8,1885.5,0
2020-08-28 15:19:00,3,59,21.5,55,23.1,996.8,0.3,0.7,4,1885.5,0
2020-08-28 15:22:00,3,59,21.5,56,23.1,996.8,0.3,0.7,4,1885.5,0
2020-08-28 15:25:00,3,59,21.5,54,23.3,996.8,1.4,1.7,8,1885.5,0
2020-08-28 15:28:00,3,59,21.5,54,23.3,996.7,0.3,0.7,10,1885.5,0
2020-08-28 15:31:00,3,59,21.5,54,23.3,996.8,0.3,0.7,8,1885.5,0
2020-08-28 15:34:00,3,59,21.5,54,23.1,996.7,1.0,1.4,5,1885.5,0
2020-08-28 15:37:00,3,59,21.5,55,22.9,996.9,0,0.3,10,1885.5,0
2020-08-28 15:40:00,3,59,21.5,54,22.7,996.8,0.7,1.4,14,1885.5,0
2020-08-28 15:43:00,3,59,21.5,54,22.6,996.7,0,0.3,4,1885.5,0
2020-08-28 15:46:00,3,59,21.5,55,22.6,996.6,0,0.3,4,1885.5,0
2020-08-28 15:49:00,3,59,21.5,56,22.7,996.7,0,0,4,1885.5,0
2020-08-28 15:52:00,3,59,21.5,56,22.7,996.7,0,0.3,12,1885.5,0
2020-08-28 15:55:00,3,59,21.5,57,22.6,996.7,0,0,12,1885.5,0
2020-08-28 15:58:00,3,59,21.6,57,22.6,996.7,0,0.3,14,1885.5,0
2020-08-28 16:01:00,3,59,21.5,60,22.4,996.6,0,0.3,14,1885.5,0
2020-08-28 16:04:00,3,59,21.6,60,22.4,996.6,0,0.3,14,1885.5,0
2020-08-28 16:07:00,3,59,21.6,62,22.0,996.6,0,0,14,1885.5,0
2020-08-28 16:10:00,3,59,21.6,62,21.9,996.7,0,0,14,1885.5,0
2020-08-28 16:13:00,3,59,21.6,63,21.9,996.6,0,0,14,1885.5,0
2020-08-28 16:16:00,3,59,21.6,63,21.8,996.5,0,0,14,1885.5,0
2020-08-28 16:19:00,3,59,21.6,63,21.8,996.6,0,0,14,1885.5,0
2020-08-28 16:22:00,3,59,21.6,64,21.7,996.6,0,0,8,1885.5,0
2020-08-28 16:25:00,3,59,21.6,65,21.6,996.6,0,0,8,1885.5,0
2020-08-28 16:28:00,3,59,21.6,65,21.5,996.6,0,0,8,1885.5,0
2020-08-28 16:31:00,3,59,21.6,66,21.3,996.6,0,0,8,1885.5,0
2020-08-28 16:34:00,3,59,21.6,67,21.3,996.5,0,0,8,1885.5,0
2020-08-28 16:37:00,3,60,21.6,68,21.2,996.6,0,0,8,1885.5,0
2020-08-28 16:40:00,3,60,21.6,68,21.1,996.5,0,0,8,1885.5,0
2020-08-28 16:43:00,3,60,21.6,70,21.0,996.5,0,0,8,1885.5,0
2020-08-28 16:46:00,3,59,21.7,70,21.0,996.5,0,0,8,1885.5,0
2020-08-28 16:49:00,3,59,21.7,70,20.9,996.5,0,0,8,1885.5,0
2020-08-28 16:52:00,3,60,21.7,70,20.8,996.5,0,0,0,1885.5,0
2020-08-28 16:55:00,3,60,21.7,70,20.8,996.5,0,0,0,1885.5,0
2020-08-28 16:58:00,3,60,21.7,70,20.7,996.4,0,0,0,1885.5,0
2020-08-28 17:01:00,3,60,21.7,70,20.6,996.5,0,0,0,1885.5,0
2020-08-28 17:04:00,3,60,21.7,70,20.5,996.4,0,0,0,1885.5,0
2020-08-28 17:07:00,3,60,21.7,70,20.4,996.5,0,0,0,1885.5,0
2020-08-28 17:10:00,3,59,21.7,71,20.3,996.4,0,0,0,1885.5,0
2020-08-28 17:13:00,3,59,21.7,71,20.2,996.4,0,0,0,1885.5,0
2020-08-28 17:16:00,3,59,21.7,71,20.1,996.2,0,0,0,1885.5,0
2020-08-28 17:19:00,3,59,21.7,71,20.0,996.4,0,0,0,1885.5,0
2020-08-28 17:22:00,3,59,21.7,71,19.9,996.5,0,0,0,1885.5,0
2020-08-28 17:25:00,3,59,21.7,72,19.8,996.5,0,0,0,1885.5,0
2020-08-28 17:28:00,3,59,21.7,72,19.7,996.4,0,0,0,1885.5,0
2020-08-28 17:31:00,3,59,21.7,73,19.6,996.4,0,0,0,1885.5,0
2020-08-28 17:34:00,3,59,21.7,74,19.5,996.4,0,0,0,1885.5,0
2020-08-28 17:37:00,3,59,21.7,74,19.3,996.4,0,0,0,1885.5,0
2020-08-28 17:40:00,3,59,21.7,74,19.2,996.5,0,0,0,1885.5,0
2020-08-28 17:43:00,3,59,21.7,75,19.0,996.4,0,0,0,1885.5,0
2020-08-28 17:46:00,3,59,21.7,75,19.0,996.4,0,0,0,1885.5,0
2020-08-28 17:49:00,3,59,21.7,75,18.8,996.4,0,0,0,1885.5,0
2020-08-28 17:52:00,3,59,21.7,76,18.7,996.4,0,0,0,1885.5,0
2020-08-28 17:55:00,3,59,21.7,76,18.6,996.3,0,0,0,1885.5,0
2020-08-28 17:58:00,3,59,21.7,76,18.5,996.2,0,0,0,1885.5,0
2020-08-28 18:01:00,3,59,21.7,77,18.4,996.2,0,0,0,1885.5,0
2020-08-28 18:04:00,3,59,21.7,77,18.4,996.2,0,0,0,1885.5,0
2020-08-28 18:07:00,3,59,21.7,78,18.2,996.2,0,0,0,1885.5,0
2020-08-28 18:10:00,3,59,21.7,79,18.2,996.2,0,0,0,1885.5,0
2020-08-28 18:13:00,3,59,21.7,79,18.1,996.1,0,0,0,1885.5,0
2020-08-28 18:16:00,3,59,21.7,80,18.0,996.1,0.7,1.0,0,1885.5,0
2020-08-28 18:19:00,3,59,21.7,80,18.0,996.0,0.7,1.0,0,1885.5,0
2020-08-28 18:22:00,3,59,21.7,80,18.1,996.0,0.3,0.7,15,1885.5,0
2020-08-28 18:25:00,3,59,21.7,80,18.1,996.0,0.7,1.0,13,1885.5,0
2020-08-28 18:28:00,3,59,21.7,79,18.1,996.1,0.3,0.7,0,1885.5,0
2020-08-28 18:31:00,3,59,21.7,79,18.1,996.0,0.3,0.7,0,1885.5,0
2020-08-28 18:34:00,3,59,21.7,79,18.0,996.0,0.3,0.7,0,1885.5,0
2020-08-28 18:37:00,3,59,21.7,80,18.0,996.0,0.3,0.7,0,1885.5,0
2020-08-28 18:40:00,3,59,21.7,80,17.9,995.9,0.3,0.7,0,1885.5,0
2020-08-28 18:43:00,3,59,21.7,80,17.8,996.0,0.3,0.7,0,1885.5,0
2020-08-28 18:46:00,3,59,21.7,80,17.8,996.0,0.3,0.7,0,1885.5,0
2020-08-28 18:49:00,3,59,21.7,80,17.8,996.1,0.3,0.7,14,1885.5,0
2020-08-28 18:52:00,3,59,21.7,80,17.7,996.2,0.3,0.7,0,1885.5,0
2020-08-28 18:55:00,3,59,21.7,81,17.6,996.2,0.3,0.7,0,1885.5,0
2020-08-28 18:58:00,3,59,21.7,81,17.6,995.9,0.3,0.7,0,1885.5,0
2020-08-28 19:01:00,3,59,21.7,81,17.6,995.8,0.3,0.7,13,1885.5,0
2020-08-28 19:04:00,3,59,21.7,81,17.6,996.0,0.3,0.7,13,1885.5,0
2020-08-28 19:07:00,3,59,21.7,81,17.6,995.9,0.3,0.7,13,1885.5,0
2020-08-28 19:10:00,3,59,21.7,85,17.4,995.9,0.3,0.7,0,1885.5,0
2020-08-28 19:13:00,3,59,21.7,85,17.3,995.9,0,0,0,1885.5,0
2020-08-28 19:16:00,3,59,21.7,85,17.3,995.9,0,0,0,1885.5,0
2020-08-28 19:19:00,3,59,21.7,85,17.2,995.9,0,0,0,1885.5,0
2020-08-28 19:22:00,3,59,21.7,85,17.2,995.9,0,0,0,1885.5,0
2020-08-28 19:25:00,3,59,21.7,85,17.2,996.0,0,0,0,1885.5,0
2020-08-28 19:28:00,3,59,21.7,85,17.1,996.1,0,0,0,1885.5,0
2020-08-28 19:31:00,3,59,21.7,85,17.1,996.1,0.3,0.7,0,1885.5,0
2020-08-28 19:34:00,3,59,21.7,85,17.1,996.0,0.3,0.7,0,1885.5,0
2020-08-28 19:37:00,3,59,21.7,86,17.0,996.0,0.3,0.7,0,1885.5,0
2020-08-28 19:40:00,3,59,21.7,86,17.0,995.9,0.7,1.0,0,1885.5,0
2020-08-28 19:43:00,3,59,21.7,86,17.0,996.0,0.7,0.7,0,1885.5,0
2020-08-28 19:46:00,3,59,21.7,86,17.1,995.9,0.3,1.0,0,1885.5,0
2020-08-28 19:49:00,3,59,21.7,86,17.1,996.0,0,0,0,1885.5,0
2020-08-28 19:52:00,3,59,21.7,86,17.0,995.9,0,0,0,1885.5,0
2020-08-28 19:55:00,3,59,21.7,86,17.0,995.8,0.3,0.7,0,1885.5,0
2020-08-28 19:58:00,3,59,21.7,86,17.0,995.8,0.3,0.7,0,1885.5,0
2020-08-28 20:01:00,3,59,21.7,86,16.9,995.8,0,0,0,1885.5,0
2020-08-28 20:04:00,3,59,21.7,86,16.9,995.9,0,0,0,1885.5,0
2020-08-28 20:07:00,3,59,21.7,86,16.9,995.9,0,0,0,1885.5,0
2020-08-28 20:10:00,3,59,21.7,86,16.9,995.8,0,0,0,1885.5,0
2020-08-28 20:13:00,3,59,21.7,86,16.7,996.0,0,0,0,1885.5,0
2020-08-28 20:16:00,3,59,21.7,86,16.6,996.0,0,0,0,1885.5,0
2020-08-28 20:19:00,3,59,21.7,87,16.6,995.9,0,0,0,1885.5,0
2020-08-28 20:22:00,3,59,21.7,87,16.5,996.0,0,0,0,1885.5,0
2020-08-28 20:25:00,3,60,21.7,87,16.4,996.0,0,0,0,1885.5,0
2020-08-28 20:28:00,3,60,21.7,87,16.4,995.8,0,0,0,1885.5,0
2020-08-28 20:31:00,3,59,21.7,88,16.3,995.9,0,0,0,1885.5,0
2020-08-28 20:34:00,3,59,21.7,88,16.3,996.0,0,0,0,1885.5,0
2020-08-28 20:37:00,3,59,21.7,88,16.3,996.0,0,0,0,1885.5,0
2020-08-28 20:40:00,3,59,21.7,89,16.2,995.9,0,0,0,1885.5,0
2020-08-28 20:43:00,3,59,21.7,89,16.2,995.9,0,0,0,1885.5,0
2020-08-28 20:46:00,3,59,21.7,89,16.1,996.0,0,0,0,1885.5,0
2020-08-28 20:49:00,3,59,21.7,89,16.1,996.0,0,0,0,1885.5,0
2020-08-28 20:52:00,3,59,21.7,90,16.1,995.8,0,0,0,1885.5,0
2020-08-28 20:55:00,3,59,21.7,90,16.0,995.8,0,0,0,1885.5,0
2020-08-28 20:58:00,3,60,21.7,90,16.0,995.7,0,0,0,1885.5,0
2020-08-28 21:01:00,3,60,21.7,90,16.0,995.7,0,0,0,1885.5,0
2020-08-28 21:04:00,3,60,21.7,90,15.9,995.6,0,0,0,1885.5,0
2020-08-28 21:07:00,3,60,21.7,90,15.9,995.5,0,0,0,1885.5,0
2020-08-28 21:10:00,3,60,21.7,90,15.9,995.6,0,0,0,1885.5,0
2020-08-28 21:13:00,3,60,21.7,90,15.8,995.7,0,0,0,1885.5,0
2020-08-28 21:16:00,3,60,21.7,91,15.8,995.7,0,0,0,1885.5,0
2020-08-28 21:19:00,3,60,21.7,91,15.7,995.7,0,0,0,1885.5,0
2020-08-28 21:22:00,3,60,21.7,91,15.7,995.8,0,0,0,1885.5,0
2020-08-28 21:25:00,3,60,21.7,91,15.7,995.6,0,0,0,1885.5,0
2020-08-28 21:28:00,3,60,21.7,91,15.7,995.6,0,0,0,1885.5,0
2020-08-28 21:31:00,3,60,21.7,91,15.7,995.7,0,0,0,1885.5,0
2020-08-28 21:34:00,3,60,21.7,91,15.7,995.6,0,0,0,1885.5,0
2020-08-28 21:37:00,3,60,21.7,91,15.7,995.6,0,0,0,1885.5,0
2020-08-28 21:40:00,3,60,21.6,91,15.7,995.4,0,0,0,1885.5,0
2020-08-28 21:43:00,3,60,21.6,92,15.7,995.5,0,0,0,1885.5,0
2020-08-28 21:46:00,3,60,21.6,92,15.7,995.5,0,0,0,1885.5,0
2020-08-28 21:49:00,3,60,21.6,92,15.7,995.4,0,0,0,1885.5,0
2020-08-28 21:52:00,3,60,21.6,92,15.7,995.5,0,0,8,1885.5,0
2020-08-28 21:55:00,3,60,21.6,92,15.7,995.6,0,0,8,1885.5,0
2020-08-28 21:58:00,3,60,21.6,92,15.8,995.6,0,0,14,1885.5,0
2020-08-28 22:01:00,3,60,21.6,92,15.8,995.6,0,0,4,1885.5,0
2020-08-28 22:04:00,3,60,21.6,92,15.8,995.6,0,0,4,1885.5,0
2020-08-28 22:07:00,3,60,21.6,92,16.0,995.6,0,0,4,1885.5,0
2020-08-28 22:10:00,3,60,21.6,92,16.0,995.6,0,0,4,1885.5,0
2020-08-28 22:13:00,3,60,21.6,92,16.0,995.6,0,0,4,1885.5,0
2020-08-28 22:16:00,3,60,21.6,92,16.1,995.4,0,0,0,1885.5,0
2020-08-28 22:19:00,3,60,21.6,92,16.2,995.3,0,0,15,1885.5,0
2020-08-28 22:22:00,3,60,21.6,92,16.2,995.2,0,0,12,1885.5,0
2020-08-28 22:25:00,3,60,21.6,91,16.2,995.1,0,0,0,1885.5,0
2020-08-28 22:28:00,3,60,21.6,91,16.3,995.1,0,0.3,15,1885.5,0
2020-08-28 22:31:00,3,60,21.6,91,16.3,995.1,0,0.3,6,1885.5,0
2020-08-28 22:34:00,3,60,21.6,91,16.3,994.9,0,0,0,1885.5,0
2020-08-28 22:37:00,3,60,21.6,90,16.4,995.1,0,0,14,1885.5,0
2020-08-28 22:40:00,3,60,21.6,90,16.5,995.1,0,0,12,1885.5,0
2020-08-28 22:43:00,3,60,21.6,90,16.5,995.2,0,0,12,1885.5,0
2020-08-28 22:46:00,3,60,21.6,89,16.5,995.1,0,0,12,1885.5,0
2020-08-28 22:49:00,3,60,21.6,89,16.5,995.2,0,0,12,1885.5,0
2020-08-28 22:52:00,3,60,21.6,88,16.4,995.2,0,0,12,1885.5,0
2020-08-28 22:55:00,3,60,21.6,88,16.3,995.2,0,0,12,1885.5,0
2020-08-28 22:58:00,3,60,21.6,87,16.3,995.3,0,0,0,1885.5,0
2020-08-28 23:01:00,3,60,21.6,87,16.2,995.2,0,0,4,1885.5,0
2020-08-28 23:04:00,3,60,21.6,87,16.2,995.2,0,0,12,1885.5,0
2020-08-28 23:07:00,3,60,21.6,87,16.1,995.0,0,0,15,1885.5,0
2020-08-28 23:10:00,3,60,21.6,88,16.1,995.1,0,0,15,1885.5,0
2020-08-28 23:13:00,3,60,21.5,88,16.1,995.0,0,0,0,1885.5,0
2020-08-28 23:16:00,3,60,21.5,88,16.1,994.9,0,0,14,1885.5,0
2020-08-28 23:19:00,3,60,21.5,88,16.1,994.9,0,0,14,1885.5,0
2020-08-28 23:22:00,3,60,21.5,88,16.1,995.0,0,0,14,1885.5,0
2020-08-28 23:25:00,3,60,21.5,88,16.1,995.1,0,0,14,1885.5,0
2020-08-28 23:28:00,3,60,21.5,88,16.0,995.1,0,0,14,1885.5,0
2020-08-28 23:31:00,3,60,21.5,88,16.0,995.0,0,0,15,1885.5,0
2020-08-28 23:34:00,3,60,21.5,88,16.0,994.9,0,0,0,1885.5,0
2020-08-28 23:37:00,3,60,21.5,88,16.0,995.1,0,0,12,1885.5,0
2020-08-28 23:40:00,3,60,21.5,88,15.9,995.1,0,0,12,1885.5,0
2020-08-28 23:43:00,3,60,21.5,88,15.9,994.9,0,0,4,1885.5,0
2020-08-28 23:46:00,3,60,21.5,88,15.9,995.0,0,0,14,1885.5,0
2020-08-28 23:49:00,3,60,21.5,89,16.0,995.4,1.7,2.0,14,1885.5,0
2020-08-28 23:52:00,3,60,21.5,90,16.2,995.5,1.4,1.7,10,1885.5,0
2020-08-28 23:55:00,3,60,21.5,90,16.3,995.5,0.3,0.7,10,1885.5,0
2020-08-28 23:58:00,3,60,21.5,89,16.5,995.5,0.7,1.0,12,1885.5,0
