2020-03-24 00:02:00,3,23,19.6,60,-3.9,1030.4,0,0,2,1745.1,0
2020-03-24 00:05:00,3,23,19.5,60,-4.0,1030.4,0,0,2,1745.1,0
2020-03-24 00:08:00,3,23,19.5,60,-4.0,1030.4,0,0,2,1745.1,0
2020-03-24 00:11:00,3,23,19.5,60,-4.0,1030.4,0,0,0,1745.1,0
2020-03-24 00:14:00,3,23,19.5,60,-4.0,1030.4,0,0,0,1745.1,0
2020-03-24 00:17:00,3,23,19.4,60,-4.0,1030.3,0,0,0,1745.1,0
2020-03-24 00:20:00,3,23,19.4,60,-4.0,1030.3,0,0,2,1745.1,0
2020-03-24 00:23:00,3,23,19.3,60,-4.0,1030.5,0,0,2,1745.1,0
2020-03-24 00:26:00,3,23,19.3,60,-4.0,1030.4,0,0,2,1745.1,0
2020-03-24 00:29:00,3,23,19.3,60,-4.0,1030.4,0,0,4,1745.1,0
2020-03-24 00:32:00,3,23,19.3,60,-4.0,1030.4,0,0,2,1745.1,0
2020-03-24 00:35:00,3,23,19.3,60,-4.1,1030.3,0,0,0,1745.1,0
2020-03-24 00:38:00,3,23,19.3,60,-4.1,1030.3,0,0,0,1745.1,0
2020-03-24 00:41:00,3,23,19.3,60,-4.1,1030.3,0,0,2,1745.1,0
2020-03-24 00:44:00,3,23,19.3,60,-4.1,1030.3,0,0,2,1745.1,0
2020-03-24 00:47:00,3,23,19.2,60,-4.2,1030.3,0,0,2,1745.1,0
2020-03-24 00:50:00,3,23,19.3,60,-4.2,1030.3,0,0,0,1745.1,0
2020-03-24 00:53:00,3,23,19.3,60,-4.2,1030.3,0,0,2,1745.1,0
2020-03-24 00:56:00,3,23,19.2,60,-4.2,1030.2,0,0,2,1745.1,0
2020-03-24 00:59:00,3,23,19.2,60,-4.3,1030.1,0,0,2,1745.1,0
2020-03-24 01:02:00,3,23,19.2,60,-4.3,1030.1,0,0,2,1745.1,0
2020-03-24 01:05:00,3,23,19.2,60,-4.3,1030.1,0,0,2,1745.1,0
2020-03-24 01:08:00,3,23,19.2,60,-4.3,1030.1,0,0,2,1745.1,0
2020-03-24 01:11:00,3,23,19.2,61,-4.4,1030.0,0,0,2,1745.1,0
2020-03-24 01:14:00,3,23,19.2,61,-4.4,1030.0,0,0,2,1745.1,0
2020-03-24 01:17:00,3,23,19.2,61,-4.4,1030.0,0,0,2,1745.1,0
2020-03-24 01:20:00,3,23,19.2,61,-4.4,1030.0,0,0,0,1745.1,0
2020-03-24 01:23:00,3,23,19.1,61,-4.4,1030.1,0,0,0,1745.1,0
2020-03-24 01:26:00,3,23,19.1,61,-4.4,1030.0,0,0,2,1745.1,0
2020-03-24 01:29:00,3,23,19.1,62,-4.4,1030.0,0,0,0,1745.1,0
2020-03-24 01:32:00,3,23,19.1,62,-4.4,1029.9,0,0,2,1745.1,0
2020-03-24 01:35:00,3,23,19.1,62,-4.4,1029.9,0,0,2,1745.1,0
2020-03-24 01:38:00,3,23,19.1,62,-4.4,1029.9,0,0,2,1745.1,0
2020-03-24 01:41:00,3,23,19.0,62,-4.4,1029.9,0,0,2,1745.1,0
2020-03-24 01:44:00,3,23,19.0,62,-4.5,1029.9,0,0,2,1745.1,0
2020-03-24 01:47:00,3,23,19.0,61,-4.5,1029.9,0,0,0,1745.1,0
2020-03-24 01:50:00,3,23,19.0,61,-4.5,1029.8,0,0,0,1745.1,0
2020-03-24 01:53:00,3,23,19.0,61,-4.5,1029.8,0,0,0,1745.1,0
2020-03-24 01:56:00,3,23,19.0,61,-4.6,1029.8,0,0,0,1745.1,0
2020-03-24 01:59:00,3,23,19.0,61,-4.6,1029.8,0,0,0,1745.1,0
2020-03-24 02:02:00,3,23,19.0,61,-4.6,1029.7,0,0,0,1745.1,0
2020-03-24 02:05:00,3,23,19.0,61,-4.7,1029.8,0,0,0,1745.1,0
2020-03-24 02:08:00,3,23,19.0,61,-4.7,1029.9,0,0,0,1745.1,0
2020-03-24 02:11:00,3,23,19.0,61,-4.7,1029.9,0,0,0,1745.1,0
2020-03-24 02:14:00,3,24,18.9,62,-4.7,1029.8,0,0,0,1745.1,0
2020-03-24 02:17:00,3,24,18.9,62,-4.7,1029.8,0,0,0,1745.1,0
2020-03-24 02:20:00,3,24,18.9,62,-4.8,1030.0,0,0,0,1745.1,0
2020-03-24 02:23:00,3,24,18.9,62,-4.8,1029.9,0,0,0,1745.1,0
2020-03-24 02:26:00,3,24,18.9,62,-4.8,1030.0,0,0,0,1745.1,0
2020-03-24 02:29:00,3,24,18.9,62,-4.8,1030.0,0,0,0,1745.1,0
2020-03-24 02:32:00,3,24,18.9,62,-4.8,1030.2,0,0,0,1745.1,0
2020-03-24 02:35:00,3,24,18.8,62,-4.8,1030.1,0,0,0,1745.1,0
2020-03-24 02:38:00,3,24,18.8,62,-4.9,1030.2,0,0,0,1745.1,0
2020-03-24 02:41:00,3,24,18.8,62,-4.9,1030.3,0,0,0,1745.1,0
2020-03-24 02:44:00,3,24,18.8,62,-5.0,1030.3,0,0,0,1745.1,0
2020-03-24 02:47:00,3,24,18.8,62,-5.0,1030.3,0,0,0,1745.1,0
2020-03-24 02:50:00,3,24,18.8,62,-5.0,1030.3,0,0,0,1745.1,0
2020-03-24 02:53:00,3,24,18.8,62,-5.0,1030.4,0,0,0,1745.1,0
2020-03-24 02:56:00,3,24,18.8,63,-5.0,1030.5,0,0,0,1745.1,0
2020-03-24 02:59:00,3,24,18.8,63,-5.1,1030.4,0,0,0,1745.1,0
2020-03-24 03:02:00,3,24,18.8,63,-5.1,1030.4,0,0,0,1745.1,0
2020-03-24 03:05:00,3,24,18.7,63,-5.1,1030.5,0,0,0,1745.1,0
2020-03-24 03:08:00,3,24,18.7,63,-5.1,1030.6,0,0,0,1745.1,0
2020-03-24 03:11:00,3,24,18.7,64,-5.2,1030.6,0,0,2,1745.1,0
2020-03-24 03:14:00,3,24,18.7,64,-5.3,1030.5,0,0,2,1745.1,0
2020-03-24 03:17:00,3,24,18.6,64,-5.3,1030.6,0,0,0,1745.1,0
2020-03-24 03:20:00,3,24,18.6,64,-5.3,1030.6,0,0,0,1745.1,0
2020-03-24 03:23:00,3,24,18.6,65,-5.3,1030.7,0,0,2,1745.1,0
2020-03-24 03:26:00,3,24,18.6,65,-5.3,1030.7,0,0,2,1745.1,0
2020-03-24 03:29:01,3,24,18.6,65,-5.3,1030.7,0,0,4,1745.1,0
2020-03-24 03:32:01,3,24,18.6,65,-5.3,1030.7,0,0,0,1745.1,0
2020-03-24 03:35:01,3,24,18.6,66,-5.3,1030.6,0,0,2,1745.1,0
2020-03-24 03:38:01,3,24,18.6,66,-5.4,1030.6,0,0,0,1745.1,0
2020-03-24 03:41:01,3,24,18.6,66,-5.4,1030.7,0,0,4,1745.1,0
2020-03-24 03:44:01,3,24,18.5,66,-5.5,1030.7,0,0,2,1745.1,0
2020-03-24 03:47:01,3,24,18.5,66,-5.5,1030.7,0,0,2,1745.1,0
2020-03-24 03:50:01,3,24,18.5,66,-5.5,1030.9,0,0,2,1745.1,0
2020-03-24 03:53:01,3,24,18.5,66,-5.5,1030.8,0,0,4,1745.1,0
2020-03-24 03:56:01,3,24,18.5,66,-5.5,1030.7,0,0,4,1745.1,0
2020-03-24 03:59:01,3,24,18.5,66,-5.6,1030.8,0,0,4,1745.1,0
2020-03-24 04:02:01,3,24,18.5,66,-5.6,1030.7,0,0,4,1745.1,0
2020-03-24 04:05:01,3,24,18.5,67,-5.7,1030.8,0,0,4,1745.1,0
2020-03-24 04:08:01,3,24,18.5,67,-5.7,1030.8,0,0,4,1745.1,0
2020-03-24 04:11:01,3,24,18.5,67,-5.8,1030.7,0,0,4,1745.1,0
2020-03-24 04:14:01,3,24,18.5,67,-5.8,1030.7,0,0,2,1745.1,0
2020-03-24 04:17:01,3,24,18.4,67,-5.8,1030.6,0,0,2,1745.1,0
2020-03-24 04:20:01,3,24,18.4,67,-5.9,1030.7,0,0,2,1745.1,0
2020-03-24 04:23:01,3,24,18.4,67,-5.9,1030.7,0,0,2,1745.1,0
2020-03-24 04:26:01,3,24,18.4,67,-5.9,1030.7,0,0,4,1745.1,0
2020-03-24 04:29:01,3,24,18.4,67,-5.9,1030.6,0,0,4,1745.1,0
2020-03-24 04:32:01,3,24,18.4,67,-5.9,1030.6,0,0,0,1745.1,0
2020-03-24 04:35:01,3,24,18.4,67,-5.9,1030.5,0,0,0,1745.1,0
2020-03-24 04:38:01,3,24,18.4,67,-5.9,1030.5,0,0,2,1745.1,0
2020-03-24 04:41:01,3,24,18.4,67,-5.9,1030.6,0,0,0,1745.1,0
2020-03-24 04:44:01,3,24,18.4,67,-5.9,1030.6,0,0,2,1745.1,0
2020-03-24 04:47:01,3,24,18.3,67,-6.0,1030.6,0,0,2,1745.1,0
2020-03-24 04:50:01,3,24,18.3,67,-6.0,1030.7,0,0,0,1745.1,0
2020-03-24 04:53:01,3,24,18.3,67,-6.0,1030.6,0,0,0,1745.1,0
2020-03-24 04:56:01,3,24,18.3,68,-6.0,1030.6,0,0,2,1745.1,0
2020-03-24 04:59:01,3,24,18.3,68,-6.0,1030.5,0,0,2,1745.1,0
2020-03-24 05:02:01,3,24,18.4,68,-6.0,1030.6,0,0,2,1745.1,0
2020-03-24 05:05:01,3,24,18.4,68,-6.0,1030.5,0,0,2,1745.1,0
2020-03-24 05:08:01,3,24,18.4,68,-6.0,1030.6,0,0,2,1745.1,0
2020-03-24 05:11:01,3,24,18.4,68,-6.1,1030.6,0,0,2,1745.1,0
2020-03-24 05:14:01,3,24,18.4,68,-6.1,1030.6,0,0,2,1745.1,0
2020-03-24 05:17:01,3,24,18.5,68,-6.1,1030.7,0,0,2,1745.1,0
2020-03-24 05:20:01,3,24,18.5,68,-6.1,1030.7,0,0,2,1745.1,0
2020-03-24 05:23:01,3,24,18.5,68,-6.0,1030.8,0,0,0,1745.1,0
2020-03-24 05:26:01,3,24,18.6,68,-6.0,1030.8,0,0,0,1745.1,0
2020-03-24 05:29:01,3,24,18.6,68,-6.0,1030.7,0,0,0,1745.1,0
2020-03-24 05:32:01,3,24,18.6,68,-6.0,1030.8,0,0,0,1745.1,0
2020-03-24 05:35:01,3,24,18.6,69,-5.9,1030.8,0,0,2,1745.1,0
2020-03-24 05:38:01,3,24,18.7,69,-5.9,1030.8,0,0,2,1745.1,0
2020-03-24 05:41:01,3,24,18.8,69,-5.9,1030.8,0,0,2,1745.1,0
2020-03-24 05:44:01,3,24,18.8,69,-5.8,1030.8,0,0,2,1745.1,0
2020-03-24 05:47:01,3,24,18.8,69,-5.7,1030.8,0,0,2,1745.1,0
2020-03-24 05:50:01,3,24,18.8,69,-5.5,1030.9,0,0,2,1745.1,0
2020-03-24 05:53:01,3,24,18.9,70,-5.1,1030.8,0,0,0,1745.1,0
2020-03-24 05:56:01,3,24,18.9,70,-4.5,1030.9,0,0,0,1745.1,0
2020-03-24 05:59:01,3,23,19.0,70,-3.9,1030.9,0,0,2,1745.1,0
2020-03-24 06:02:01,3,23,19.0,70,-3.6,1030.9,0,0,4,1745.1,0
2020-03-24 06:05:01,3,24,19.0,70,-3.1,1030.9,0,0,0,1745.1,0
2020-03-24 06:08:01,3,25,19.0,68,-2.8,1031.0,0,0,0,1745.1,0
2020-03-24 06:11:01,3,25,19.0,65,-2.5,1031.0,0,0,0,1745.1,0
2020-03-24 06:14:01,3,24,19.1,64,-2.3,1031.2,0,0,0,1745.1,0
2020-03-24 06:17:01,3,24,19.1,64,-1.7,1031.1,0,0,0,1745.1,0
2020-03-24 06:20:01,3,23,19.1,62,-1.4,1031.2,0,0,0,1745.1,0
2020-03-24 06:23:01,3,23,19.2,61,-1.2,1031.2,0,0,0,1745.1,0
2020-03-24 06:26:01,3,23,19.5,60,-1.1,1031.2,0,0,0,1745.1,0
2020-03-24 06:29:01,3,23,19.7,60,-1.0,1031.2,0,0,2,1745.1,0
2020-03-24 06:32:01,3,23,20.0,59,-0.8,1031.3,0,0,0,1745.1,0
2020-03-24 06:35:01,3,22,20.1,58,-0.5,1031.3,0,0,0,1745.1,0
2020-03-24 06:38:01,3,22,20.3,58,-0.3,1031.4,0,0,0,1745.1,0
2020-03-24 06:41:01,3,22,20.4,57,-0.1,1031.4,0.3,0.7,0,1745.1,0
2020-03-24 06:44:01,3,22,20.5,56,0,1031.6,0,0.3,0,1745.1,0
2020-03-24 06:47:01,3,21,20.6,56,0.2,1031.5,0,0,2,1745.1,0
2020-03-24 06:50:01,3,21,20.7,55,0.5,1031.6,0,0,0,1745.1,0
2020-03-24 06:53:01,3,21,20.9,55,0.9,1031.6,0,0,2,1745.1,0
2020-03-24 06:56:01,3,20,21.0,55,1.3,1031.6,0,0,4,1745.1,0
2020-03-24 06:59:01,3,20,21.2,54,1.9,1031.7,0,0,0,1745.1,0
2020-03-24 07:02:01,3,20,21.2,54,2.0,1031.7,0,0,0,1745.1,0
2020-03-24 07:05:01,3,20,21.3,54,2.0,1031.5,0,0,0,1745.1,0
2020-03-24 07:08:01,3,20,21.5,54,2.0,1031.6,0,0,0,1745.1,0
2020-03-24 07:11:01,3,20,21.6,47,3.6,1031.8,1.0,1.4,4,1745.1,0
2020-03-24 07:14:01,3,20,21.6,45,3.8,1031.8,0,0.3,0,1745.1,0
2020-03-24 07:17:01,3,20,21.7,44,4.0,1031.9,0,0,3,1745.1,0
2020-03-24 07:20:01,3,20,21.7,42,4.3,1032.0,0,0,0,1745.1,0
2020-03-24 07:23:01,3,20,21.8,41,4.4,1032.1,0.3,0.7,0,1745.1,0
2020-03-24 07:26:01,3,20,21.8,41,4.4,1032.1,0,0.7,1,1745.1,0
2020-03-24 07:29:01,3,20,21.8,40,4.2,1032.1,0,0,4,1745.1,0
2020-03-24 07:32:01,3,20,21.8,40,4.5,1032.0,0,0,2,1745.1,0
2020-03-24 07:35:01,3,20,21.9,40,4.8,1032.1,1.4,2.0,4,1745.1,0
2020-03-24 07:38:01,3,20,21.9,40,4.7,1032.1,0.3,0.7,4,1745.1,0
2020-03-24 07:41:01,3,20,21.9,40,4.7,1032.0,0,0.3,14,1745.1,0
2020-03-24 07:44:01,3,20,21.9,38,5.0,1032.0,1.4,1.7,2,1745.1,0
2020-03-24 07:47:01,3,20,21.9,36,4.7,1032.0,0,0.3,4,1745.1,0
2020-03-24 07:50:01,3,20,21.9,36,5.0,1032.0,0,0.3,4,1745.1,0
2020-03-24 07:53:01,3,20,21.9,35,5.2,1032.0,1.0,1.7,6,1745.1,0
2020-03-24 07:56:01,3,20,21.9,33,4.8,1031.9,2.0,2.7,4,1745.1,0
2020-03-24 07:59:01,3,20,21.8,33,4.7,1031.8,0.7,1.7,3,1745.1,0
2020-03-24 08:02:01,3,20,21.7,35,5.0,1031.8,1.4,2.4,4,1745.1,0
2020-03-24 08:05:01,3,20,21.5,33,5.2,1031.8,2.0,2.7,5,1745.1,0
2020-03-24 08:08:01,3,20,21.4,33,5.2,1031.8,1.0,2.0,12,1745.1,0
2020-03-24 08:11:01,3,20,21.3,31,5.3,1031.9,1.0,2.0,8,1745.1,0
2020-03-24 08:14:01,3,20,21.2,31,5.3,1031.7,1.4,2.4,2,1745.1,0
2020-03-24 08:17:01,3,20,21.1,31,5.2,1031.8,2.4,3.7,8,1745.1,0
2020-03-24 08:20:01,3,20,21.1,31,5.3,1031.8,2.0,3.1,10,1745.1,0
2020-03-24 08:23:01,3,20,21.0,30,5.2,1031.7,1.4,2.4,4,1745.1,0
2020-03-24 08:26:01,3,21,20.9,30,5.0,1031.7,0.3,0.7,6,1745.1,0
2020-03-24 08:29:01,3,22,20.8,30,5.1,1031.6,1.7,2.4,12,1745.1,0
2020-03-24 08:32:01,3,23,20.7,30,5.1,1031.5,1.4,1.7,4,1745.1,0
2020-03-24 08:35:01,3,23,20.6,30,5.1,1031.5,2.7,3.4,14,1745.1,0
2020-03-24 08:38:01,3,21,20.6,30,5.1,1031.6,1.0,2.0,4,1745.1,0
2020-03-24 08:41:01,3,21,20.5,30,5.2,1031.5,1.0,2.4,6,1745.1,0
2020-03-24 08:44:01,3,21,20.5,30,5.2,1031.6,1.7,2.4,4,1745.1,0
2020-03-24 08:47:01,3,22,20.5,30,5.3,1031.5,0.3,1.0,6,1745.1,0
2020-03-24 08:50:01,3,22,20.4,30,5.6,1031.5,1.4,4.8,3,1745.1,0
2020-03-24 08:53:01,3,22,20.4,30,5.6,1031.5,0.7,1.0,2,1745.1,0
2020-03-24 08:56:01,3,22,20.4,30,5.6,1031.6,2.4,3.7,4,1745.1,0
2020-03-24 08:59:01,3,22,20.4,20,5.3,1031.7,3.7,5.1,6,1745.1,0
2020-03-24 09:02:01,3,22,20.4,20,5.3,1031.7,1.7,2.7,14,1745.1,0
2020-03-24 09:05:01,3,22,20.3,20,5.3,1031.6,1.7,2.7,14,1745.1,0
2020-03-24 09:08:01,3,22,20.3,30,5.6,1031.7,0.3,1.0,2,1745.1,0
2020-03-24 09:11:01,3,22,20.3,20,5.8,1031.7,1.4,2.0,4,1745.1,0
2020-03-24 09:14:01,3,22,20.3,20,5.6,1031.6,1.7,2.4,4,1745.1,0
2020-03-24 09:17:01,3,22,20.3,20,5.7,1031.5,1.0,2.0,11,1745.1,0
2020-03-24 09:20:01,3,22,20.2,20,6.1,1031.6,2.0,3.1,6,1745.1,0
2020-03-24 09:23:01,3,22,20.2,20,5.7,1031.6,3.1,3.7,2,1745.1,0
2020-03-24 09:26:01,3,22,20.2,20,5.5,1031.6,3.7,4.8,0,1745.1,0
2020-03-24 09:29:01,3,22,20.2,20,5.8,1031.6,0,1.0,0,1745.1,0
2020-03-24 09:32:01,3,22,20.2,20,6.3,1031.6,1.0,1.7,4,1745.1,0
2020-03-24 09:35:01,3,22,20.2,20,6.3,1031.4,1.7,2.0,12,1745.1,0
2020-03-24 09:38:01,3,22,20.2,20,6.2,1031.5,1.7,2.0,5,1745.1,0
2020-03-24 09:41:01,3,22,20.2,20,6.4,1031.2,1.4,1.7,5,1745.1,0
2020-03-24 09:44:01,3,23,20.2,20,6.2,1031.2,3.7,5.1,6,1745.1,0
2020-03-24 09:47:01,3,23,20.2,20,6.0,1031.1,2.0,3.4,2,1745.1,0
2020-03-24 09:50:01,3,23,20.2,20,5.9,1031.1,1.0,1.7,10,1745.1,0
2020-03-24 09:53:01,3,23,20.2,20,6.2,1031.2,2.7,3.4,4,1745.1,0
2020-03-24 09:56:01,3,23,20.2,20,6.0,1031.2,4.1,4.4,3,1745.1,0
2020-03-24 09:59:01,3,23,20.2,20,6.0,1031.1,1.7,2.7,8,1745.1,0
2020-03-24 10:02:01,3,23,20.2,20,6.2,1031.1,1.7,2.7,10,1745.1,0
2020-03-24 10:05:01,3,23,20.2,20,6.5,1031.2,1.7,2.4,8,1745.1,0
2020-03-24 10:08:01,3,23,20.2,20,6.6,1031.1,1.4,1.7,4,1745.1,0
2020-03-24 10:11:01,3,23,20.2,20,6.7,1031.1,0,0.7,6,1745.1,0
2020-03-24 10:14:01,3,23,20.2,20,7.0,1030.9,3.1,4.1,10,1745.1,0
2020-03-24 10:17:01,3,23,20.2,20,6.7,1030.9,3.1,3.4,6,1745.1,0
2020-03-24 10:20:01,3,23,20.2,20,6.5,1030.8,1.0,1.4,2,1745.1,0
2020-03-24 10:23:01,3,23,20.2,20,6.7,1030.8,1.0,1.7,12,1745.1,0
2020-03-24 10:26:01,3,23,20.2,20,7.1,1030.7,1.0,1.7,8,1745.1,0
2020-03-24 10:29:01,3,23,20.2,20,7.7,1030.8,3.1,4.1,6,1745.1,0
2020-03-24 10:32:01,3,23,20.2,20,7.6,1030.8,2.4,3.1,4,1745.1,0
2020-03-24 10:35:01,3,23,20.2,20,7.5,1030.7,2.4,3.1,8,1745.1,0
2020-03-24 10:38:01,3,23,20.2,20,7.3,1030.7,2.4,3.4,4,1745.1,0
2020-03-24 10:41:01,3,23,20.2,20,7.4,1030.7,1.4,2.0,8,1745.1,0
2020-03-24 10:44:01,3,23,20.2,20,7.5,1030.7,1.4,2.4,6,1745.1,0
2020-03-24 10:47:01,3,23,20.3,20,7.6,1030.6,2.7,3.4,8,1745.1,0
2020-03-24 10:50:01,3,24,20.2,20,7.5,1030.7,2.7,3.7,4,1745.1,0
2020-03-24 10:53:01,3,24,20.2,20,7.5,1030.6,2.4,3.1,8,1745.1,0
2020-03-24 10:56:01,3,24,20.2,20,7.6,1030.6,1.4,2.0,2,1745.1,0
2020-03-24 10:59:01,3,24,20.2,20,7.8,1030.5,2.0,3.1,2,1745.1,0
2020-03-24 11:02:01,3,23,20.3,20,7.8,1030.5,1.7,2.7,6,1745.1,0
2020-03-24 11:05:01,3,23,20.3,20,7.8,1030.6,1.7,2.7,6,1745.1,0
2020-03-24 11:08:01,3,23,20.3,20,7.4,1030.6,2.4,3.4,4,1745.1,0
2020-03-24 11:11:01,3,23,20.3,20,7.4,1030.5,1.0,1.4,10,1745.1,0
2020-03-24 11:14:01,3,24,20.3,20,7.6,1030.5,1.0,1.4,0,1745.1,0
2020-03-24 11:17:01,3,24,20.3,20,7.8,1030.5,1.4,2.0,4,1745.1,0
2020-03-24 11:20:01,3,24,20.3,20,8.2,1030.4,0.7,1.0,14,1745.1,0
2020-03-24 11:23:01,3,24,20.3,20,8.6,1030.4,1.7,2.4,0,1745.1,0
2020-03-24 11:26:01,3,24,20.3,20,8.5,1030.3,1.4,2.0,10,1745.1,0
2020-03-24 11:29:01,3,24,20.3,20,8.8,1030.4,0.7,1.0,10,1745.1,0
2020-03-24 11:32:01,3,24,20.3,20,9.1,1030.4,2.0,2.7,6,1745.1,0
2020-03-24 11:35:01,3,24,20.3,20,9.2,1030.3,1.0,1.7,8,1745.1,0
2020-03-24 11:38:01,3,24,20.3,20,9.2,1030.3,1.4,2.0,7,1745.1,0
2020-03-24 11:41:01,3,24,20.3,20,9.2,1030.3,1.4,2.0,6,1745.1,0
2020-03-24 11:44:01,3,24,20.3,20,9.0,1030.1,0.7,1.0,12,1745.1,0
2020-03-24 11:47:01,3,24,20.3,20,8.9,1030.2,1.4,2.0,2,1745.1,0
2020-03-24 11:50:01,3,24,20.4,20,8.7,1030.1,2.0,3.4,10,1745.1,0
2020-03-24 11:53:01,3,24,20.4,20,8.7,1030.1,2.0,2.7,2,1745.1,0
2020-03-24 11:56:01,3,24,20.4,20,8.5,1030.2,0.7,1.4,8,1745.1,0
2020-03-24 11:59:01,3,24,20.4,20,8.8,1030.1,2.0,2.7,8,1745.1,0
2020-03-24 12:02:01,3,24,20.4,20,8.8,1030.2,1.0,1.4,12,1745.1,0
2020-03-24 12:05:01,3,24,20.4,20,8.8,1030.2,1.4,1.7,0,1745.1,0
2020-03-24 12:08:01,3,24,20.4,20,8.8,1030.1,2.0,2.7,6,1745.1,0
2020-03-24 12:11:01,3,25,20.4,20,8.9,1030.0,1.4,1.7,10,1745.1,0
2020-03-24 12:14:01,3,25,20.4,20,9.1,1030.0,1.4,2.0,4,1745.1,0
2020-03-24 12:17:01,3,25,20.4,20,9.0,1030.0,2.0,3.1,9,1745.1,0
2020-03-24 12:20:01,3,25,20.4,20,8.9,1029.8,1.4,1.7,8,1745.1,0
2020-03-24 12:23:01,3,26,20.5,20,8.6,1029.7,3.4,4.8,3,1745.1,0
2020-03-24 12:26:01,3,25,20.5,20,8.4,1029.7,2.4,3.4,4,1745.1,0
2020-03-24 12:29:01,3,25,20.5,20,8.5,1029.7,2.7,4.1,14,1745.1,0
2020-03-24 12:32:01,3,25,20.5,20,8.4,1029.7,1.7,3.7,6,1745.1,0
2020-03-24 12:35:01,3,25,20.5,20,8.4,1029.6,1.4,2.0,2,1745.1,0
2020-03-24 12:38:01,3,26,20.5,20,8.3,1029.6,0.7,1.4,10,1745.1,0
2020-03-24 12:41:01,3,26,20.5,20,8.5,1029.4,3.4,7.5,8,1745.1,0
2020-03-24 12:44:01,3,26,20.5,20,8.5,1029.5,3.4,5.1,2,1745.1,0
2020-03-24 12:47:01,3,26,20.5,20,8.4,1029.5,2.0,3.4,8,1745.1,0
2020-03-24 12:50:01,3,25,20.6,20,8.5,1029.5,1.4,3.4,8,1745.1,0
2020-03-24 12:53:01,3,25,20.6,20,8.4,1029.4,1.7,2.4,4,1745.1,0
2020-03-24 12:56:01,3,26,20.6,20,8.5,1029.4,1.0,2.0,2,1745.1,0
2020-03-24 12:59:01,3,27,20.6,20,8.5,1029.2,1.4,1.7,10,1745.1,0
2020-03-24 13:02:01,3,28,20.6,20,8.5,1029.2,1.0,2.0,8,1745.1,0
2020-03-24 13:05:01,3,28,20.7,20,8.5,1029.1,1.0,2.0,8,1745.1,0
2020-03-24 13:08:01,3,27,20.7,20,8.3,1029.2,1.0,1.4,0,1745.1,0
2020-03-24 13:11:01,3,27,20.7,20,8.2,1029.1,1.4,2.0,6,1745.1,0
2020-03-24 13:14:01,3,27,20.9,20,8.4,1029.2,0.7,2.0,4,1745.1,0
2020-03-24 13:17:01,3,25,21.1,20,8.6,1029.1,3.4,4.8,10,1745.1,0
2020-03-24 13:20:01,3,24,21.3,20,8.7,1029.1,2.4,4.1,2,1745.1,0
2020-03-24 13:23:01,3,24,21.6,20,8.8,1029.1,1.7,2.4,4,1745.1,0
2020-03-24 13:26:01,3,24,21.7,20,8.6,1029.1,4.1,5.4,5,1745.1,0
2020-03-24 13:29:01,3,24,21.8,20,8.6,1029.2,1.4,2.0,4,1745.1,0
2020-03-24 13:32:01,3,23,21.9,20,8.7,1029.1,0.7,1.7,3,1745.1,0
2020-03-24 13:35:01,3,21,22.1,20,8.8,1029.1,1.0,1.7,2,1745.1,0
2020-03-24 13:38:01,3,21,22.2,20,8.8,1029.2,3.7,4.8,4,1745.1,0
2020-03-24 13:41:01,3,21,22.2,20,8.8,1029.2,1.7,2.4,4,1745.1,0
2020-03-24 13:44:01,3,21,22.3,20,9.0,1029.2,1.0,1.7,1,1745.1,0
2020-03-24 13:47:01,3,20,22.4,20,9.2,1029.2,2.7,3.4,8,1745.1,0
2020-03-24 13:50:01,3,21,22.5,20,9.2,1029.2,1.4,1.7,2,1745.1,0
2020-03-24 13:53:01,3,21,22.5,20,9.2,1029.1,0.7,1.0,0,1745.1,0
2020-03-24 13:56:01,3,20,22.6,20,9.4,1029.1,1.7,2.0,9,1745.1,0
2020-03-24 13:59:01,3,20,22.6,20,9.4,1029.1,0.7,1.0,8,1745.1,0
2020-03-24 14:02:01,3,20,22.6,20,9.5,1029.1,2.0,2.4,6,1745.1,0
2020-03-24 14:05:01,3,20,22.5,20,9.5,1029.2,1.7,2.0,8,1745.1,0
2020-03-24 14:08:01,3,20,22.3,20,9.4,1029.2,2.4,3.1,0,1745.1,0
2020-03-24 14:11:01,3,20,22.3,20,9.3,1029.1,2.0,2.4,6,1745.1,0
2020-03-24 14:14:01,3,20,22.2,20,9.3,1029.2,1.0,1.4,0,1745.1,0
2020-03-24 14:17:01,3,20,22.2,20,9.7,1029.2,0.7,1.0,10,1745.1,0
2020-03-24 14:20:01,3,21,22.2,20,10.1,1029.1,0.7,1.4,8,1745.1,0
2020-03-24 14:23:01,3,21,22.1,20,10.0,1029.1,1.7,2.4,3,1745.1,0
2020-03-24 14:26:01,3,21,22.1,20,9.8,1028.9,3.1,4.1,4,1745.1,0
2020-03-24 14:29:01,3,21,21.9,20,9.6,1029.0,1.4,2.0,2,1745.1,0
2020-03-24 14:32:01,3,22,21.9,20,9.9,1028.9,0.3,2.0,2,1745.1,0
2020-03-24 14:35:01,3,22,21.9,20,10.0,1028.9,3.4,4.4,8,1745.1,0
2020-03-24 14:38:01,3,22,21.9,20,9.9,1029.0,1.4,1.7,3,1745.1,0
2020-03-24 14:41:01,3,22,21.8,20,9.8,1028.9,1.0,1.7,4,1745.1,0
2020-03-24 14:44:01,3,22,21.8,20,10.1,1028.8,0.7,1.4,8,1745.1,0
2020-03-24 14:47:01,3,22,21.8,20,10.1,1028.7,3.4,4.1,4,1745.1,0
2020-03-24 14:50:01,3,22,21.7,20,9.8,1028.7,2.4,2.7,2,1745.1,0
2020-03-24 14:53:01,3,22,21.7,20,9.5,1028.6,1.0,1.4,6,1745.1,0
2020-03-24 14:56:01,3,22,21.7,20,10.0,1028.6,1.0,1.4,8,1745.1,0
2020-03-24 14:59:01,3,22,21.7,20,10.1,1028.5,1.0,1.7,2,1745.1,0
2020-03-24 15:02:01,3,22,21.6,20,10.2,1028.5,1.0,1.7,2,1745.1,0
2020-03-24 15:05:01,3,22,21.6,20,10.2,1028.5,1.0,1.7,2,1745.1,0
2020-03-24 15:08:01,3,22,21.6,20,10.3,1028.5,2.0,2.7,12,1745.1,0
2020-03-24 15:11:01,3,22,21.6,20,10.2,1028.4,0.7,1.4,8,1745.1,0
2020-03-24 15:14:01,3,22,21.6,20,10.3,1028.4,1.4,2.4,8,1745.1,0
2020-03-24 15:17:01,3,22,21.5,20,10.4,1028.4,1.7,2.4,8,1745.1,0
2020-03-24 15:20:01,3,22,21.6,20,10.4,1028.5,1.7,2.0,10,1745.1,0
2020-03-24 15:23:01,3,22,21.5,20,10.2,1028.3,1.4,2.7,4,1745.1,0
2020-03-24 15:26:01,3,23,21.5,20,10.1,1028.4,0,0,4,1745.1,0
2020-03-24 15:29:01,3,23,21.5,20,9.8,1028.4,1.7,2.4,2,1745.1,0
2020-03-24 15:32:01,3,23,21.5,20,9.8,1028.4,1.4,2.0,6,1745.1,0
2020-03-24 15:35:01,3,23,21.5,20,9.8,1028.2,3.1,4.1,4,1745.1,0
2020-03-24 15:38:01,3,22,21.5,20,9.7,1028.2,2.0,2.4,8,1745.1,0
2020-03-24 15:41:01,3,22,21.5,20,9.6,1028.2,1.7,2.0,4,1745.1,0
2020-03-24 15:44:01,3,22,21.5,20,9.7,1028.2,0.3,0.7,14,1745.1,0
2020-03-24 15:47:01,3,22,21.5,20,9.9,1028.2,1.0,1.7,14,1745.1,0
2020-03-24 15:50:01,3,23,21.5,20,10.1,1028.1,0.7,1.0,4,1745.1,0
2020-03-24 15:53:01,3,22,21.5,20,10.3,1028.1,0.3,0.7,2,1745.1,0
2020-03-24 15:56:01,3,22,21.5,20,10.2,1028.2,1.7,2.4,2,1745.1,0
2020-03-24 15:59:01,3,23,21.5,20,10.0,1028.1,2.0,3.4,3,1745.1,0
2020-03-24 16:02:01,3,23,21.5,20,9.8,1028.1,2.0,3.1,2,1745.1,0
2020-03-24 16:05:01,3,22,21.5,20,9.5,1028.1,1.4,1.7,4,1745.1,0
2020-03-24 16:08:01,3,22,21.6,20,9.4,1028.2,0.3,1.0,3,1745.1,0
2020-03-24 16:11:01,3,22,21.6,20,9.2,1028.1,1.7,2.0,4,1745.1,0
2020-03-24 16:14:01,3,22,21.6,20,9.0,1028.1,0.7,1.4,4,1745.1,0
2020-03-24 16:17:01,3,22,21.6,20,8.7,1028.3,2.0,2.7,2,1745.1,0
2020-03-24 16:20:01,3,22,21.6,20,8.6,1028.2,0.7,1.0,4,1745.1,0
2020-03-24 16:23:01,3,22,21.6,20,8.4,1028.1,1.7,2.4,4,1745.1,0
2020-03-24 16:26:01,3,22,21.6,20,8.3,1028.1,1.0,1.7,4,1745.1,0
2020-03-24 16:29:01,3,22,21.6,20,8.2,1028.1,1.0,1.4,4,1745.1,0
2020-03-24 16:32:01,3,22,21.6,20,8.2,1028.2,0.3,0.7,0,1745.1,0
2020-03-24 16:35:01,3,22,21.6,20,8.1,1028.1,0.7,1.4,4,1745.1,0
2020-03-24 16:38:01,3,22,21.6,20,8.1,1028.1,0.3,0.7,4,1745.1,0
2020-03-24 16:41:01,3,22,21.6,20,8.0,1028.0,0,0.3,2,1745.1,0
2020-03-24 16:44:01,3,22,21.6,20,8.0,1028.1,1.0,1.7,4,1745.1,0
2020-03-24 16:47:01,3,22,21.6,20,7.9,1028.1,0.7,1.0,4,1745.1,0
2020-03-24 16:50:01,3,22,21.6,20,7.9,1028.1,1.4,1.7,4,1745.1,0
2020-03-24 16:53:01,3,22,21.6,20,7.9,1028.0,1.0,1.7,1,1745.1,0
2020-03-24 16:56:01,3,22,21.6,20,7.8,1028.0,0,0,4,1745.1,0
2020-03-24 16:59:01,3,22,21.6,20,7.6,1028.0,0,0.3,4,1745.1,0
2020-03-24 17:02:01,3,22,21.6,20,7.5,1027.9,0,0.3,14,1745.1,0
2020-03-24 17:05:01,3,22,21.6,20,7.5,1027.9,0,0.3,14,1745.1,0
2020-03-24 17:08:01,3,22,21.6,20,7.1,1028.0,0.7,1.0,2,1745.1,0
2020-03-24 17:11:01,3,22,21.6,20,6.9,1028.0,0.7,1.0,0,1745.1,0
2020-03-24 17:14:01,3,22,21.6,20,6.8,1028.0,0.7,1.0,4,1745.1,0
2020-03-24 17:17:01,3,22,21.5,20,6.6,1028.1,0.3,0.7,2,1745.1,0
2020-03-24 17:20:01,3,23,21.5,20,6.5,1027.9,0,0,2,1745.1,0
2020-03-24 17:23:01,3,22,21.5,20,6.3,1028.1,0,0.3,0,1745.1,0
2020-03-24 17:26:01,3,22,21.5,20,6.2,1028.2,0,0,0,1745.1,0
2020-03-24 17:29:01,3,23,21.5,20,6.0,1028.1,0,0,2,1745.1,0
2020-03-24 17:32:01,3,22,21.6,20,5.8,1028.2,0,0,0,1745.1,0
2020-03-24 17:35:01,3,22,21.5,30,5.6,1028.2,0,0,0,1745.1,0
2020-03-24 17:38:01,3,22,21.5,30,5.4,1028.3,0,0,0,1745.1,0
2020-03-24 17:41:01,3,23,21.5,30,5.2,1028.3,0,0,0,1745.1,0
2020-03-24 17:44:01,3,22,21.6,30,5.0,1028.3,0,0,0,1745.1,0
2020-03-24 17:47:01,3,22,21.5,30,4.8,1028.5,0,0,0,1745.1,0
2020-03-24 17:50:01,3,22,21.5,30,4.7,1028.5,0,0,0,1745.1,0
2020-03-24 17:53:01,3,22,21.5,30,4.5,1028.3,0,0,14,1745.1,0
2020-03-24 17:56:01,3,23,21.5,30,4.4,1028.3,0,0,0,1745.1,0
2020-03-24 17:59:01,3,22,21.5,31,4.2,1028.3,0,0,0,1745.1,0
2020-03-24 18:02:01,3,22,21.5,31,4.1,1028.4,0,0,0,1745.1,0
2020-03-24 18:05:01,3,22,21.5,31,4.0,1028.4,0,0,0,1745.1,0
2020-03-24 18:08:01,3,22,21.5,31,3.8,1028.4,0,0,0,1745.1,0
2020-03-24 18:11:01,3,22,21.5,33,3.7,1028.5,0,0,0,1745.1,0
2020-03-24 18:14:01,3,22,21.5,33,3.6,1028.6,0,0,0,1745.1,0
2020-03-24 18:17:01,3,22,21.5,33,3.5,1028.5,0,0,2,1745.1,0
2020-03-24 18:20:01,3,22,21.5,33,3.5,1028.5,0,0,0,1745.1,0
2020-03-24 18:23:01,3,22,21.5,35,3.4,1028.5,0,0,0,1745.1,0
2020-03-24 18:26:01,3,22,21.5,33,3.3,1028.5,0,0,0,1745.1,0
2020-03-24 18:29:01,3,22,21.5,35,3.3,1028.5,0,0,0,1745.1,0
2020-03-24 18:32:01,3,22,21.5,35,3.2,1028.5,0,0,0,1745.1,0
2020-03-24 18:35:01,3,22,21.5,35,3.2,1028.5,0,0,0,1745.1,0
2020-03-24 18:38:01,3,22,21.5,35,3.1,1028.5,0,0,0,1745.1,0
2020-03-24 18:41:01,3,22,21.5,35,3.0,1028.5,0,0,0,1745.1,0
2020-03-24 18:44:01,3,22,21.5,36,3.0,1028.5,0,0,0,1745.1,0
2020-03-24 18:47:01,3,22,21.5,36,2.9,1028.4,0,0,0,1745.1,0
2020-03-24 18:50:01,3,22,21.5,36,2.8,1028.5,0,0,0,1745.1,0
2020-03-24 18:53:01,3,22,21.5,38,2.8,1028.5,0,0,0,1745.1,0
2020-03-24 18:56:01,3,22,21.5,38,2.8,1028.4,0,0,2,1745.1,0
2020-03-24 18:59:01,3,22,21.5,38,2.7,1028.4,0,0,0,1745.1,0
2020-03-24 19:02:01,3,22,21.5,38,2.7,1028.4,0,0,0,1745.1,0
2020-03-24 19:05:01,3,22,21.5,38,2.7,1028.4,0,0,0,1745.1,0
2020-03-24 19:08:01,3,22,21.5,38,2.7,1028.4,0,0,0,1745.1,0
2020-03-24 19:11:01,3,22,21.5,40,2.7,1028.5,0,0,0,1745.1,0
2020-03-24 19:14:01,3,22,21.5,40,2.7,1028.4,0,0,0,1745.1,0
2020-03-24 19:17:01,3,22,21.5,40,2.6,1028.4,0,0.3,0,1745.1,0
2020-03-24 19:20:01,3,22,21.5,40,2.6,1028.4,0,0,0,1745.1,0
2020-03-24 19:23:01,3,22,21.4,40,2.6,1028.4,0,0,0,1745.1,0
2020-03-24 19:26:01,3,22,21.5,40,2.6,1028.3,0,0,0,1745.1,0
2020-03-24 19:29:01,3,22,21.5,40,2.6,1028.5,0,0,0,1745.1,0
2020-03-24 19:32:01,3,22,21.5,40,2.6,1028.4,0,0,0,1745.1,0
2020-03-24 19:35:01,3,22,21.5,40,2.6,1028.4,0.7,1.0,0,1745.1,0
2020-03-24 19:38:01,3,22,21.4,40,2.6,1028.3,0,0,0,1745.1,0
2020-03-24 19:41:01,3,22,21.4,40,2.6,1028.4,0.3,0.7,0,1745.1,0
2020-03-24 19:44:01,3,22,21.4,40,2.5,1028.4,0,0,0,1745.1,0
2020-03-24 19:47:01,3,22,21.4,40,2.4,1028.3,0,0,0,1745.1,0
2020-03-24 19:50:01,3,22,21.4,40,2.4,1028.4,0,0,0,1745.1,0
2020-03-24 19:53:01,3,22,21.4,40,2.2,1028.3,0,0,0,1745.1,0
2020-03-24 19:56:01,3,22,21.4,40,2.1,1028.4,0,0,0,1745.1,0
2020-03-24 19:59:01,3,22,21.4,40,2.1,1028.4,0,0,0,1745.1,0
2020-03-24 20:02:01,3,22,21.4,40,2.1,1028.5,0,0,0,1745.1,0
2020-03-24 20:05:01,3,22,21.4,40,2.1,1028.4,0,0,0,1745.1,0
2020-03-24 20:08:01,3,22,21.4,40,2.1,1028.4,0,0,2,1745.1,0
2020-03-24 20:11:01,3,22,21.4,40,2.1,1028.4,0,0,0,1745.1,0
2020-03-24 20:14:01,3,22,21.4,40,2.1,1028.4,0,0,4,1745.1,0
2020-03-24 20:17:01,3,22,21.4,40,1.9,1028.5,0,0,14,1745.1,0
2020-03-24 20:20:01,3,22,21.3,40,1.9,1028.4,1.7,2.0,2,1745.1,0
2020-03-24 20:23:01,3,21,21.3,40,2.1,1028.4,0,0,6,1745.1,0
2020-03-24 20:26:01,3,21,21.3,40,2.2,1028.5,0,0,0,1745.1,0
2020-03-24 20:29:01,3,21,21.3,40,2.2,1028.5,0,0,0,1745.1,0
2020-03-24 20:32:01,3,21,21.3,40,2.2,1028.4,0,0.3,7,1745.1,0
2020-03-24 20:35:01,3,21,21.3,40,2.2,1028.4,0,0,0,1745.1,0
2020-03-24 20:38:01,3,21,21.3,40,2.2,1028.6,0,0,0,1745.1,0
2020-03-24 20:41:01,3,21,21.3,40,2.2,1028.4,0,0,0,1745.1,0
2020-03-24 20:44:01,3,21,21.3,40,2.1,1028.5,0,0,0,1745.1,0
2020-03-24 20:47:01,3,21,21.3,40,2.0,1028.5,0,0,0,1745.1,0
2020-03-24 20:50:01,3,21,21.3,40,1.9,1028.4,0,0,0,1745.1,0
2020-03-24 20:53:01,3,21,21.3,40,1.8,1028.5,0,0,0,1745.1,0
2020-03-24 20:56:01,3,21,21.3,40,1.8,1028.5,0,0.3,0,1745.1,0
2020-03-24 20:59:01,3,21,21.3,40,1.8,1028.5,0.7,1.4,0,1745.1,0
2020-03-24 21:02:01,3,21,21.3,40,1.8,1028.4,0.7,1.0,2,1745.1,0
2020-03-24 21:05:01,3,21,21.3,40,1.8,1028.5,0.7,1.0,2,1745.1,0
2020-03-24 21:08:01,3,22,21.3,40,2.0,1028.5,0,0.3,3,1745.1,0
2020-03-24 21:11:01,3,21,21.3,40,2.0,1028.5,0.3,0.7,0,1745.1,0
2020-03-24 21:14:01,3,21,21.3,40,2.2,1028.5,0.7,1.0,2,1745.1,0
2020-03-24 21:17:01,3,21,21.3,40,2.2,1028.5,0,0,0,1745.1,0
2020-03-24 21:20:01,3,21,21.3,40,2.2,1028.4,0,0,0,1745.1,0
2020-03-24 21:23:01,3,21,21.3,40,2.2,1028.4,0,0,0,1745.1,0
2020-03-24 21:26:01,3,21,21.3,40,2.1,1028.4,0,0,0,1745.1,0
2020-03-24 21:29:01,3,21,21.3,40,2.0,1028.5,0,0,0,1745.1,0
2020-03-24 21:32:01,3,21,21.3,40,1.8,1028.5,0,0,0,1745.1,0
2020-03-24 21:35:01,3,21,21.3,40,1.6,1028.4,0,0,0,1745.1,0
2020-03-24 21:38:01,3,21,21.3,40,1.5,1028.4,0,0,0,1745.1,0
2020-03-24 21:41:01,3,21,21.3,40,1.3,1028.5,0,0,0,1745.1,0
2020-03-24 21:44:01,3,21,21.3,40,1.1,1028.2,0,0,0,1745.1,0
2020-03-24 21:47:01,3,21,21.3,40,1.0,1028.4,0,0,0,1745.1,0
2020-03-24 21:50:01,3,21,21.2,41,0.9,1028.4,0,0,14,1745.1,0
2020-03-24 21:53:01,3,21,21.2,41,0.7,1028.3,0,0,4,1745.1,0
2020-03-24 21:56:01,3,21,21.2,41,0.6,1028.4,0,0,2,1745.1,0
2020-03-24 21:59:01,3,21,21.2,41,0.5,1028.3,0,0,0,1745.1,0
2020-03-24 22:02:01,3,21,21.2,42,0.5,1028.3,0,0,0,1745.1,0
2020-03-24 22:05:01,3,21,21.2,42,0.4,1028.3,0,0,0,1745.1,0
2020-03-24 22:08:01,3,21,21.1,42,0.4,1028.3,0,0.3,0,1745.1,0
2020-03-24 22:11:01,3,21,21.1,42,0.3,1028.3,0,0,0,1745.1,0
2020-03-24 22:14:01,3,21,21.1,42,0.3,1028.3,0,0.3,0,1745.1,0
2020-03-24 22:17:01,3,21,21.1,42,0.2,1028.3,0,0,0,1745.1,0
2020-03-24 22:20:01,3,21,21.1,43,0.2,1028.2,0,0,0,1745.1,0
2020-03-24 22:23:01,3,21,21.1,43,0.1,1028.2,0,0,4,1745.1,0
2020-03-24 22:26:01,3,21,21.1,44,0,1028.1,0,0,0,1745.1,0
2020-03-24 22:29:01,3,21,21.0,44,-0.1,1028.1,0,0,0,1745.1,0
2020-03-24 22:32:01,3,21,21.0,44,-0.2,1028.2,0,0,0,1745.1,0
2020-03-24 22:35:01,3,21,21.0,44,-0.3,1028.1,0,0,0,1745.1,0
2020-03-24 22:38:01,3,21,21.0,44,-0.3,1028.1,0,0,0,1745.1,0
2020-03-24 22:41:01,3,22,20.9,45,-0.4,1028.1,0,0.3,0,1745.1,0
2020-03-24 22:44:01,3,22,20.9,45,-0.4,1028.0,0,0,2,1745.1,0
2020-03-24 22:47:01,3,22,20.9,45,-0.5,1028.1,0,0,0,1745.1,0
2020-03-24 22:50:01,3,22,20.9,45,-0.6,1028.0,0,0,0,1745.1,0
2020-03-24 22:53:01,3,22,20.9,45,-0.7,1028.0,0,0,2,1745.1,0
2020-03-24 22:56:01,3,22,20.8,46,-0.7,1027.9,0,0,0,1745.1,0
2020-03-24 22:59:01,3,22,20.8,46,-0.8,1028.0,0,0,0,1745.1,0
2020-03-24 23:02:01,3,23,20.7,46,-0.8,1027.9,0,0,0,1745.1,0
2020-03-24 23:05:01,3,23,20.7,46,-0.8,1027.9,0,0,0,1745.1,0
2020-03-24 23:08:01,3,23,20.7,47,-0.9,1027.9,0,0,2,1745.1,0
2020-03-24 23:11:01,3,23,20.7,47,-0.9,1027.8,0,0,2,1745.1,0
2020-03-24 23:14:01,3,22,20.6,47,-1.0,1027.9,0,0,2,1745.1,0
2020-03-24 23:17:01,3,22,20.6,47,-1.0,1027.9,0,0,2,1745.1,0
2020-03-24 23:20:01,3,22,20.6,47,-1.1,1027.7,0,0,6,1745.1,0
2020-03-24 23:23:01,3,22,20.6,47,-1.1,1027.8,0,0,2,1745.1,0
2020-03-24 23:26:01,3,22,20.6,48,-1.2,1027.7,0,0,2,1745.1,0
2020-03-24 23:29:01,3,22,20.5,48,-1.3,1027.8,0,0,0,1745.1,0
2020-03-24 23:32:01,3,22,20.5,49,-1.3,1027.8,0,0,2,1745.1,0
2020-03-24 23:35:01,3,22,20.5,50,-1.4,1027.8,0,0,0,1745.1,0
2020-03-24 23:38:01,3,22,20.4,50,-1.4,1027.8,0,0,0,1745.1,0
2020-03-24 23:41:01,3,22,20.4,50,-1.5,1027.7,0,0,2,1745.1,0
2020-03-24 23:44:01,3,22,20.4,50,-1.5,1027.7,0,0,2,1745.1,0
2020-03-24 23:47:01,3,22,20.4,50,-1.6,1027.8,0,0,2,1745.1,0
2020-03-24 23:50:01,3,22,20.4,50,-1.6,1027.8,0,0,0,1745.1,0
2020-03-24 23:53:01,3,22,20.4,50,-1.6,1027.6,0,0,2,1745.1,0
2020-03-24 23:56:01,3,22,20.3,50,-1.7,1027.7,0,0,0,1745.1,0
2020-03-24 23:59:01,3,22,20.3,50,-1.7,1027.4,0,0,0,1745.1,0
