2020-04-19 00:01:59,3,22,22.0,45,6.8,1012.8,0,0,0,1747.5,0
2020-04-19 00:04:59,3,22,22.0,45,6.8,1012.8,0,0,0,1747.5,0
2020-04-19 00:07:59,3,23,21.9,46,6.8,1012.8,0.7,1.0,0,1747.5,0
2020-04-19 00:10:59,3,23,21.9,46,6.8,1012.8,0.7,1.0,0,1747.5,0
2020-04-19 00:13:59,3,23,21.9,46,6.7,1012.8,0,0.3,0,1747.5,0
2020-04-19 00:16:59,3,23,21.9,46,6.6,1012.9,0.3,0.7,0,1747.5,0
2020-04-19 00:19:59,3,23,21.9,47,6.6,1012.8,0.3,0.7,2,1747.5,0
2020-04-19 00:22:59,3,23,21.9,47,6.5,1012.8,0.7,1.0,2,1747.5,0
2020-04-19 00:25:59,3,23,21.9,47,6.5,1012.8,0.7,1.0,0,1747.5,0
2020-04-19 00:28:59,3,23,21.9,48,6.5,1012.9,0.3,0.7,0,1747.5,0
2020-04-19 00:31:59,3,23,21.8,48,6.4,1012.9,0.3,0.7,2,1747.5,0
2020-04-19 00:34:59,3,23,21.8,48,6.4,1012.8,1.7,2.4,0,1747.5,0
2020-04-19 00:37:59,3,24,21.8,48,6.4,1012.8,0.7,0.7,0,1747.5,0
2020-04-19 00:40:59,3,24,21.8,49,6.4,1012.8,0.3,0.7,0,1747.5,0
2020-04-19 00:43:59,3,24,21.8,49,6.3,1012.7,0.3,1.0,2,1747.5,0
2020-04-19 00:46:59,3,23,21.8,50,6.3,1012.8,0.7,1.0,14,1747.5,0
2020-04-19 00:49:59,3,24,21.8,50,6.2,1012.7,0.7,1.0,0,1747.5,0
2020-04-19 00:52:59,3,24,21.7,50,6.1,1012.6,0.7,1.0,1,1747.5,0
2020-04-19 00:55:59,3,24,21.7,50,6.1,1012.6,0.7,1.0,0,1747.5,0
2020-04-19 00:58:59,3,23,21.7,50,6.1,1012.5,1.0,1.7,0,1747.5,0
2020-04-19 01:01:59,3,23,21.7,50,6.1,1012.7,0.3,1.0,0,1747.5,0
2020-04-19 01:04:59,3,23,21.7,50,6.2,1012.6,0,0.7,0,1747.5,0
2020-04-19 01:07:59,3,23,21.7,50,6.2,1012.7,0.3,1.0,4,1747.5,0
2020-04-19 01:10:59,3,23,21.7,50,6.2,1012.7,0.3,0.7,14,1747.5,0
2020-04-19 01:13:59,3,23,21.7,50,6.3,1012.6,0.7,1.0,4,1747.5,0
2020-04-19 01:16:59,3,23,21.7,50,6.3,1012.6,0.7,1.4,4,1747.5,0
2020-04-19 01:19:59,3,23,21.6,50,6.3,1012.5,0.7,1.4,15,1747.5,0
2020-04-19 01:22:59,3,23,21.6,50,6.4,1012.5,0.7,1.0,0,1747.5,0
2020-04-19 01:25:59,3,23,21.6,50,6.4,1012.5,0.7,1.0,0,1747.5,0
2020-04-19 01:28:59,3,23,21.6,50,6.4,1012.7,0.7,1.0,0,1747.5,0
2020-04-19 01:31:59,3,23,21.6,50,6.5,1012.6,0.7,1.4,0,1747.5,0
2020-04-19 01:34:59,3,23,21.6,51,6.5,1012.6,0.7,1.0,4,1747.5,0
2020-04-19 01:37:59,3,23,21.5,51,6.5,1012.5,1.4,1.7,2,1747.5,0
2020-04-19 01:40:59,3,23,21.5,50,6.6,1012.6,1.0,1.4,14,1747.5,0
2020-04-19 01:43:59,3,23,21.5,51,6.7,1012.6,0,0.7,4,1747.5,0
2020-04-19 01:46:59,3,23,21.5,51,6.7,1012.6,0.7,1.4,14,1747.5,0
2020-04-19 01:49:59,3,23,21.5,50,6.7,1012.6,1.0,1.4,2,1747.5,0
2020-04-19 01:52:59,3,23,21.5,50,6.8,1012.7,0,0.3,0,1747.5,0
2020-04-19 01:55:59,3,23,21.5,50,6.8,1012.7,0.3,0.7,14,1747.5,0
2020-04-19 01:58:59,3,23,21.5,51,6.8,1012.8,0.7,1.0,14,1747.5,0
2020-04-19 02:01:59,3,23,21.5,51,6.8,1012.8,0.7,1.7,0,1747.5,0
2020-04-19 02:04:59,3,23,21.5,51,6.8,1012.8,0.7,1.7,0,1747.5,0
2020-04-19 02:07:59,3,23,21.4,51,6.9,1012.8,0.7,1.4,0,1747.5,0
2020-04-19 02:10:59,3,23,21.4,51,6.9,1012.7,1.7,2.0,2,1747.5,0
2020-04-19 02:13:59,3,23,21.3,51,6.9,1012.9,1.4,2.0,2,1747.5,0
2020-04-19 02:16:59,3,23,21.3,51,6.8,1012.8,1.4,1.7,2,1747.5,0
2020-04-19 02:19:59,3,23,21.3,51,6.8,1012.8,1.7,2.0,2,1747.5,0
2020-04-19 02:22:59,3,23,21.3,51,6.7,1012.9,1.0,1.4,0,1747.5,0
2020-04-19 02:25:59,3,24,21.3,51,6.7,1013.0,0.3,0.7,0,1747.5,0
2020-04-19 02:28:59,3,24,21.3,51,6.7,1012.9,1.0,1.4,2,1747.5,0
2020-04-19 02:31:59,3,24,21.2,51,6.7,1013.0,1.0,1.4,0,1747.5,0
2020-04-19 02:34:59,3,24,21.2,51,6.7,1013.0,0.7,1.4,2,1747.5,0
2020-04-19 02:37:59,3,23,21.2,51,6.7,1013.0,1.0,1.4,0,1747.5,0
2020-04-19 02:40:59,3,23,21.2,51,6.6,1012.9,1.0,1.4,12,1747.5,0
2020-04-19 02:43:59,3,23,21.2,52,6.6,1013.0,1.7,2.0,0,1747.5,0
2020-04-19 02:46:59,3,23,21.2,52,6.6,1012.9,0.7,1.0,0,1747.5,0
2020-04-19 02:49:59,3,23,21.2,52,6.5,1013.0,0.3,0.7,0,1747.5,0
2020-04-19 02:52:59,3,23,21.2,52,6.5,1012.9,1.0,1.4,14,1747.5,0
2020-04-19 02:55:59,3,23,21.2,52,6.5,1013.0,0.3,0.7,0,1747.5,0
2020-04-19 02:58:59,3,23,21.1,52,6.4,1013.1,1.0,1.4,0,1747.5,0
2020-04-19 03:01:59,3,23,21.1,52,6.3,1013.2,1.4,2.0,2,1747.5,0
2020-04-19 03:04:59,3,23,21.1,52,6.3,1013.1,0.7,1.4,2,1747.5,0
2020-04-19 03:07:59,3,23,21.1,52,6.2,1013.2,1.0,1.7,0,1747.5,0
2020-04-19 03:10:59,3,23,21.1,53,6.2,1013.2,1.0,1.4,0,1747.5,0
2020-04-19 03:13:59,3,23,21.1,53,6.2,1013.1,1.4,1.7,4,1747.5,0
2020-04-19 03:16:59,3,23,21.1,53,6.1,1013.2,0.7,1.0,14,1747.5,0
2020-04-19 03:19:59,3,24,21.1,53,6.0,1013.2,0,1.0,0,1747.5,0
2020-04-19 03:22:59,3,24,21.0,53,6.0,1013.2,1.4,2.0,4,1747.5,0
2020-04-19 03:25:59,3,23,21.0,54,5.9,1013.4,0.3,1.0,0,1747.5,0
2020-04-19 03:28:59,3,23,21.0,54,5.9,1013.3,1.7,2.4,0,1747.5,0
2020-04-19 03:31:59,3,23,21.0,54,5.9,1013.3,1.0,1.4,0,1747.5,0
2020-04-19 03:34:59,3,23,21.0,54,5.9,1013.4,1.0,1.7,2,1747.5,0
2020-04-19 03:37:59,3,23,21.0,54,5.9,1013.5,0.7,1.4,14,1747.5,0
2020-04-19 03:40:59,3,23,21.0,54,5.9,1013.5,2.4,3.7,7,1747.5,0
2020-04-19 03:43:59,3,24,20.9,54,5.9,1013.5,2.0,2.7,14,1747.5,0
2020-04-19 03:46:59,3,24,20.9,55,5.9,1013.6,1.0,1.4,0,1747.5,0
2020-04-19 03:49:59,3,24,20.9,55,5.9,1013.5,2.0,2.7,4,1747.5,0
2020-04-19 03:52:59,3,24,20.9,55,5.9,1013.7,0.3,0.7,2,1747.5,0
2020-04-19 03:55:59,3,24,20.9,55,6.0,1013.6,2.7,3.4,2,1747.5,0
2020-04-19 03:58:59,3,24,20.9,55,6.0,1013.7,2.4,3.4,4,1747.5,0
2020-04-19 04:01:59,3,24,20.9,55,6.0,1013.7,1.4,1.7,2,1747.5,0
2020-04-19 04:04:59,3,24,20.9,55,6.0,1013.8,1.4,1.7,2,1747.5,0
2020-04-19 04:07:59,3,24,20.9,55,5.9,1013.9,0.7,1.0,4,1747.5,0
2020-04-19 04:10:59,3,24,20.9,55,5.8,1013.8,2.4,3.1,8,1747.5,0
2020-04-19 04:13:59,3,24,20.9,55,5.8,1013.9,1.4,2.0,14,1747.5,0
2020-04-19 04:16:59,3,24,20.9,55,5.8,1013.9,2.0,2.7,2,1747.5,0
2020-04-19 04:19:59,3,23,21.0,55,5.8,1013.9,1.4,1.7,0,1747.5,0
2020-04-19 04:22:59,3,23,21.0,55,5.8,1014.0,0.7,1.0,1,1747.5,0
2020-04-19 04:25:59,3,23,21.0,55,5.8,1014.1,2.0,2.7,1,1747.5,0
2020-04-19 04:28:59,3,23,21.0,55,5.8,1014.1,0.7,1.0,2,1747.5,0
2020-04-19 04:31:59,3,23,21.0,55,5.8,1014.2,1.7,2.4,15,1747.5,0
2020-04-19 04:34:59,3,24,21.0,55,5.8,1014.3,1.7,3.1,0,1747.5,0
2020-04-19 04:37:59,3,23,21.1,54,5.8,1014.3,0,0.3,0,1747.5,0
2020-04-19 04:40:59,3,23,21.1,54,5.8,1014.4,1.4,2.0,2,1747.5,0
2020-04-19 04:43:59,3,23,21.1,54,5.8,1014.4,0.7,1.0,0,1747.5,0
2020-04-19 04:46:59,3,23,21.1,53,5.9,1014.4,1.7,2.4,14,1747.5,0
2020-04-19 04:49:59,3,24,21.1,53,5.9,1014.5,1.0,1.7,15,1747.5,0
2020-04-19 04:52:59,3,24,21.1,53,5.9,1014.6,0.3,1.0,0,1747.5,0
2020-04-19 04:55:59,3,24,21.2,53,6.0,1014.5,1.0,1.7,0,1747.5,0
2020-04-19 04:58:59,3,24,21.2,52,6.0,1014.7,1.4,2.0,2,1747.5,0
2020-04-19 05:01:59,3,24,21.2,52,6.1,1014.8,1.7,2.4,0,1747.5,0
2020-04-19 05:04:59,3,24,21.2,52,6.1,1014.7,1.0,1.4,4,1747.5,0
2020-04-19 05:07:59,3,23,21.2,52,6.2,1014.8,1.7,2.0,2,1747.5,0
2020-04-19 05:10:59,3,24,21.2,52,6.2,1014.7,0.3,0.7,10,1747.5,0
2020-04-19 05:13:59,3,24,21.2,52,6.3,1014.7,1.0,1.7,15,1747.5,0
2020-04-19 05:16:59,3,23,21.2,52,6.4,1014.8,1.0,1.4,0,1747.5,0
2020-04-19 05:19:59,3,23,21.2,51,6.5,1014.8,1.7,2.7,4,1747.5,0
2020-04-19 05:22:59,3,23,21.2,51,6.7,1014.9,2.0,2.4,0,1747.5,0
2020-04-19 05:25:59,3,23,21.3,50,6.9,1015.0,1.4,2.0,2,1747.5,0
2020-04-19 05:28:59,3,23,21.3,50,7.1,1015.1,1.4,2.4,14,1747.5,0
2020-04-19 05:31:59,3,23,21.3,50,7.2,1015.1,0.7,1.0,10,1747.5,0
2020-04-19 05:34:59,3,23,21.3,49,7.2,1015.1,3.1,4.8,2,1747.5,0
2020-04-19 05:37:59,3,24,21.3,48,7.3,1015.2,1.4,2.4,15,1747.5,0
2020-04-19 05:40:59,3,24,21.3,47,7.4,1015.2,1.4,1.7,10,1747.5,0
2020-04-19 05:43:59,3,24,21.3,41,7.6,1015.3,1.0,1.4,2,1747.5,0
2020-04-19 05:46:59,3,24,21.3,41,7.6,1015.3,0.7,1.0,1,1747.5,0
2020-04-19 05:49:59,3,23,21.3,40,7.7,1015.3,1.0,1.7,14,1747.5,0
2020-04-19 05:52:59,3,23,21.3,40,7.9,1015.4,1.4,2.4,4,1747.5,0
2020-04-19 05:55:59,3,23,21.3,40,8.0,1015.4,1.7,3.1,2,1747.5,0
2020-04-19 05:58:59,3,23,21.3,38,8.1,1015.4,1.4,2.0,14,1747.5,0
2020-04-19 06:01:59,3,24,21.3,38,8.2,1015.6,2.4,3.1,4,1747.5,0
2020-04-19 06:04:59,3,23,21.3,38,8.2,1015.7,2.4,3.1,4,1747.5,0
2020-04-19 06:07:59,3,22,21.2,36,8.7,1015.6,1.4,1.7,4,1747.5,0
2020-04-19 06:10:59,3,22,21.2,35,8.9,1015.6,2.7,3.4,2,1747.5,0
2020-04-19 06:13:59,3,22,21.2,34,8.8,1015.7,1.7,2.0,1,1747.5,0
2020-04-19 06:16:59,3,22,21.1,35,9.2,1015.7,0.7,1.0,4,1747.5,0
2020-04-19 06:19:59,3,22,21.1,34,9.5,1015.7,1.4,1.7,0,1747.5,0
2020-04-19 06:22:59,3,22,21.1,33,9.4,1015.7,2.0,3.4,0,1747.5,0
2020-04-19 06:25:59,3,22,21.1,33,9.3,1015.7,2.0,3.1,2,1747.5,0
2020-04-19 06:28:59,3,22,21.1,33,9.5,1015.7,1.7,2.4,4,1747.5,0
2020-04-19 06:31:59,3,22,21.1,32,9.5,1015.8,1.7,2.0,4,1747.5,0
2020-04-19 06:34:59,3,23,21.1,32,9.9,1015.8,0.3,1.0,4,1747.5,0
2020-04-19 06:37:59,3,23,21.1,32,10.1,1015.9,2.0,2.7,5,1747.5,0
2020-04-19 06:40:59,3,23,21.1,31,10.1,1015.9,2.4,3.4,15,1747.5,0
2020-04-19 06:43:59,3,23,21.1,31,9.9,1015.8,2.7,3.4,2,1747.5,0
2020-04-19 06:46:59,3,23,21.1,31,9.6,1015.8,2.4,3.7,14,1747.5,0
2020-04-19 06:49:59,3,23,21.2,31,9.6,1015.9,3.1,4.8,12,1747.5,0
2020-04-19 06:52:59,3,23,21.2,31,9.9,1016.0,1.4,2.0,0,1747.5,0
2020-04-19 06:55:59,3,23,21.2,31,10.1,1015.9,1.4,2.0,0,1747.5,0
2020-04-19 06:58:59,3,25,21.2,31,10.3,1015.9,1.4,2.4,12,1747.5,0
2020-04-19 07:01:59,3,26,21.2,30,10.3,1015.9,1.7,2.4,0,1747.5,0
2020-04-19 07:04:59,3,27,21.3,30,10.3,1016.0,1.7,2.4,2,1747.5,0
2020-04-19 07:07:59,3,27,21.5,30,10.3,1015.9,2.4,3.1,6,1747.5,0
2020-04-19 07:10:59,3,25,21.8,30,10.4,1015.9,2.4,3.4,2,1747.5,0
2020-04-19 07:13:59,3,24,21.9,30,10.2,1016.0,2.7,3.4,2,1747.5,0
2020-04-19 07:16:59,3,23,22.2,30,10.2,1016.0,2.4,3.1,2,1747.5,0
2020-04-19 07:19:59,3,23,22.3,30,10.2,1016.1,2.4,3.4,2,1747.5,0
2020-04-19 07:22:59,3,22,22.6,30,10.2,1016.2,3.4,5.8,0,1747.5,0
2020-04-19 07:25:59,3,22,22.6,30,10.4,1016.2,1.7,2.7,14,1747.5,0
2020-04-19 07:28:59,3,22,22.7,30,10.6,1016.2,1.7,2.0,0,1747.5,0
2020-04-19 07:31:59,3,23,23.0,30,10.7,1016.1,2.0,3.1,2,1747.5,0
2020-04-19 07:34:59,3,23,23.0,30,10.9,1016.2,2.0,3.4,10,1747.5,0
2020-04-19 07:37:59,3,23,23.1,30,11.1,1016.3,1.4,1.7,14,1747.5,0
2020-04-19 07:40:59,3,23,23.3,30,11.2,1016.4,1.4,1.7,7,1747.5,0
2020-04-19 07:43:59,3,22,23.4,30,11.3,1016.5,1.4,1.7,2,1747.5,0
2020-04-19 07:46:59,3,23,23.5,30,11.1,1016.4,3.7,5.1,0,1747.5,0
2020-04-19 07:49:59,3,22,23.6,30,11.0,1016.5,1.7,2.7,2,1747.5,0
2020-04-19 07:52:59,3,22,23.7,30,11.0,1016.6,2.0,3.4,4,1747.5,0
2020-04-19 07:55:59,3,22,23.8,30,10.9,1016.7,2.0,2.4,2,1747.5,0
2020-04-19 07:58:59,3,22,23.8,30,10.9,1016.6,3.1,4.8,15,1747.5,0
2020-04-19 08:01:59,3,21,24.0,30,10.9,1016.6,2.4,4.1,1,1747.5,0
2020-04-19 08:04:59,3,21,24.0,30,10.9,1016.5,2.4,4.1,1,1747.5,0
2020-04-19 08:07:59,3,21,24.1,30,11.3,1016.4,1.7,2.4,4,1747.5,0
2020-04-19 08:10:59,3,21,24.1,30,11.4,1016.7,3.1,5.1,4,1747.5,0
2020-04-19 08:13:59,3,21,24.2,30,11.2,1016.7,3.7,4.4,0,1747.5,0
2020-04-19 08:16:59,3,21,24.3,30,11.2,1016.6,2.4,3.7,2,1747.5,0
2020-04-19 08:19:59,3,21,24.4,30,11.2,1016.8,3.4,4.1,0,1747.5,0
2020-04-19 08:22:59,3,21,24.4,30,11.5,1016.7,1.4,2.0,0,1747.5,0
2020-04-19 08:25:59,3,21,24.4,30,11.7,1016.7,2.0,2.4,14,1747.5,0
2020-04-19 08:28:59,3,21,24.1,30,11.8,1016.7,1.0,1.4,6,1747.5,0
2020-04-19 08:31:59,3,21,24.0,30,12.1,1016.6,2.0,2.7,4,1747.5,0
2020-04-19 08:34:59,3,22,23.8,30,11.9,1016.6,3.7,4.4,2,1747.5,0
2020-04-19 08:37:59,3,22,23.8,30,11.5,1016.7,4.4,5.8,8,1747.5,0
2020-04-19 08:40:59,3,22,23.6,30,11.5,1016.7,2.7,3.7,0,1747.5,0
2020-04-19 08:43:59,3,22,23.6,30,11.7,1016.8,1.0,2.0,6,1747.5,0
2020-04-19 08:46:59,3,22,23.6,30,11.9,1016.7,2.0,3.4,2,1747.5,0
2020-04-19 08:49:59,3,22,23.4,30,12.2,1016.7,2.4,3.1,0,1747.5,0
2020-04-19 08:52:59,3,22,23.4,30,12.0,1016.7,2.7,3.1,2,1747.5,0
2020-04-19 08:55:59,3,23,23.4,30,12.0,1016.5,1.4,2.4,12,1747.5,0
2020-04-19 08:58:59,3,23,23.3,30,12.1,1016.6,2.4,3.1,2,1747.5,0
2020-04-19 09:01:59,3,23,23.3,30,12.1,1016.6,3.7,4.4,2,1747.5,0
2020-04-19 09:04:59,3,23,23.2,30,12.0,1016.6,1.4,2.4,2,1747.5,0
2020-04-19 09:07:59,3,23,23.2,30,12.1,1016.8,1.7,2.0,0,1747.5,0
2020-04-19 09:10:59,3,23,23.1,30,12.2,1016.6,3.4,5.1,0,1747.5,0
2020-04-19 09:13:59,3,23,23.1,30,11.8,1016.7,3.1,4.8,0,1747.5,0
2020-04-19 09:16:59,3,24,23.1,30,11.8,1016.6,2.4,3.7,14,1747.5,0
2020-04-19 09:19:59,3,23,23.0,30,11.9,1016.7,1.4,2.0,14,1747.5,0
2020-04-19 09:22:59,3,23,23.0,30,12.1,1016.7,3.1,4.8,0,1747.5,0
2020-04-19 09:25:59,3,23,23.0,30,11.8,1016.8,3.4,4.1,0,1747.5,0
2020-04-19 09:28:59,3,23,23.0,30,11.8,1016.7,3.7,4.4,1,1747.5,0
2020-04-19 09:31:59,3,21,22.9,30,12.1,1016.8,2.4,3.4,2,1747.5,0
2020-04-19 09:34:59,3,21,22.9,26,12.5,1016.7,2.0,2.7,3,1747.5,0
2020-04-19 09:37:59,3,22,22.8,24,12.7,1016.7,1.4,2.4,5,1747.5,0
2020-04-19 09:40:59,3,22,22.7,24,12.5,1016.8,2.7,3.7,2,1747.5,0
2020-04-19 09:43:59,3,22,22.7,30,12.4,1016.6,2.0,3.1,14,1747.5,0
2020-04-19 09:46:59,3,22,22.7,30,12.4,1016.8,1.7,2.4,2,1747.5,0
2020-04-19 09:49:59,3,22,22.7,24,12.7,1016.7,1.4,2.0,12,1747.5,0
2020-04-19 09:52:59,3,22,22.6,24,13.2,1016.7,1.7,2.7,12,1747.5,0
2020-04-19 09:55:59,3,22,22.6,22,13.1,1016.8,2.0,3.4,2,1747.5,0
2020-04-19 09:58:59,3,22,22.6,22,12.8,1016.7,2.0,3.4,14,1747.5,0
2020-04-19 10:01:59,3,22,22.6,22,12.7,1016.6,3.4,4.4,14,1747.5,0
2020-04-19 10:04:59,3,22,22.5,22,12.7,1016.8,3.4,4.4,14,1747.5,0
2020-04-19 10:07:59,3,22,22.5,20,12.6,1016.7,3.4,5.8,14,1747.5,0
2020-04-19 10:10:59,3,22,22.5,22,12.5,1016.7,2.0,2.7,6,1747.5,0
2020-04-19 10:13:59,3,22,22.4,22,12.7,1016.6,1.7,2.0,12,1747.5,0
2020-04-19 10:16:59,3,23,22.4,22,12.9,1016.7,2.0,3.4,0,1747.5,0
2020-04-19 10:19:59,3,23,22.3,20,12.9,1016.7,3.7,4.8,0,1747.5,0
2020-04-19 10:22:59,3,23,22.3,20,12.7,1016.8,3.1,4.8,12,1747.5,0
2020-04-19 10:25:59,3,23,22.3,20,12.7,1016.9,2.0,3.1,4,1747.5,0
2020-04-19 10:28:59,3,23,22.3,20,12.8,1016.8,1.7,2.4,8,1747.5,0
2020-04-19 10:31:59,3,23,22.3,20,12.9,1016.9,2.0,2.7,0,1747.5,0
2020-04-19 10:34:59,3,23,22.2,20,12.9,1017.0,2.0,2.4,2,1747.5,0
2020-04-19 10:37:59,3,23,22.2,20,13.1,1016.9,0.7,2.0,8,1747.5,0
2020-04-19 10:40:59,3,23,22.2,20,13.4,1017.0,2.0,2.7,14,1747.5,0
2020-04-19 10:43:59,3,23,22.2,20,13.5,1016.9,1.4,1.7,13,1747.5,0
2020-04-19 10:46:59,3,23,22.2,20,13.8,1016.9,3.4,4.1,2,1747.5,0
2020-04-19 10:49:59,3,24,22.2,20,13.8,1016.8,1.7,2.4,8,1747.5,0
2020-04-19 10:52:59,3,24,22.2,15,14.0,1017.0,1.7,3.1,4,1747.5,0
2020-04-19 10:55:59,3,24,22.2,15,13.7,1017.1,2.7,3.7,2,1747.5,0
2020-04-19 10:58:59,3,24,22.2,15,13.3,1017.1,2.4,3.4,14,1747.5,0
2020-04-19 11:01:59,3,24,22.2,15,13.0,1017.0,3.7,4.4,2,1747.5,0
2020-04-19 11:04:59,3,25,22.2,20,12.8,1016.9,2.4,3.4,0,1747.5,0
2020-04-19 11:07:59,3,25,22.2,22,13.2,1017.0,2.4,4.8,2,1747.5,0
2020-04-19 11:10:59,3,25,22.1,22,13.1,1016.9,4.1,5.4,14,1747.5,0
2020-04-19 11:13:59,3,25,22.1,22,13.0,1016.9,2.0,2.7,4,1747.5,0
2020-04-19 11:16:59,3,24,22.1,22,13.1,1017.0,3.7,4.8,0,1747.5,0
2020-04-19 11:19:59,3,24,22.1,22,13.1,1017.0,2.7,3.7,0,1747.5,0
2020-04-19 11:22:59,3,24,22.1,20,12.8,1016.9,3.7,5.4,0,1747.5,0
2020-04-19 11:25:59,3,25,22.1,20,12.8,1016.9,3.1,4.1,0,1747.5,0
2020-04-19 11:28:59,3,25,22.1,20,13.0,1016.9,1.7,2.7,0,1747.5,0
2020-04-19 11:31:59,3,25,22.1,20,13.3,1017.0,2.7,3.7,2,1747.5,0
2020-04-19 11:34:59,3,25,22.1,20,13.6,1017.1,1.0,1.7,6,1747.5,0
2020-04-19 11:37:59,3,25,22.1,20,13.9,1016.9,1.7,2.7,14,1747.5,0
2020-04-19 11:40:59,3,25,22.1,20,13.8,1017.0,1.7,2.0,4,1747.5,0
2020-04-19 11:43:59,3,25,22.1,20,13.9,1017.0,3.1,4.1,0,1747.5,0
2020-04-19 11:46:59,3,25,22.1,20,13.6,1017.0,1.7,3.1,1,1747.5,0
2020-04-19 11:49:59,3,25,22.1,20,13.5,1017.0,3.1,4.1,0,1747.5,0
2020-04-19 11:52:59,3,25,22.1,20,13.7,1017.0,0.7,1.0,4,1747.5,0
2020-04-19 11:55:59,3,25,22.1,20,14.1,1017.0,1.0,1.7,0,1747.5,0
2020-04-19 11:58:59,3,25,22.1,20,14.1,1017.0,3.1,4.8,2,1747.5,0
2020-04-19 12:01:59,3,25,22.1,20,14.0,1017.1,3.7,4.8,4,1747.5,0
2020-04-19 12:04:59,3,26,22.1,20,14.0,1017.1,3.7,4.8,4,1747.5,0
2020-04-19 12:07:59,3,26,22.1,20,13.6,1017.2,2.7,3.7,2,1747.5,0
2020-04-19 12:10:59,3,26,22.1,20,13.5,1017.1,2.0,2.7,10,1747.5,0
2020-04-19 12:13:59,3,26,22.1,20,13.8,1017.1,2.4,3.4,0,1747.5,0
2020-04-19 12:16:59,3,26,22.1,20,14.4,1017.1,1.4,1.7,4,1747.5,0
2020-04-19 12:19:59,3,26,22.1,20,14.6,1017.1,2.7,3.7,0,1747.5,0
2020-04-19 12:22:59,3,26,22.1,20,14.4,1017.1,2.0,2.4,0,1747.5,0
2020-04-19 12:25:59,3,26,22.1,20,14.6,1017.1,1.0,1.4,6,1747.5,0
2020-04-19 12:28:59,3,26,22.1,20,14.6,1017.1,1.4,2.4,6,1747.5,0
2020-04-19 12:31:59,3,26,22.1,15,14.4,1017.2,3.1,3.7,0,1747.5,0
2020-04-19 12:34:59,3,26,22.1,15,14.1,1017.1,1.0,1.7,0,1747.5,0
2020-04-19 12:37:59,3,26,22.1,15,14.0,1017.2,2.7,4.1,2,1747.5,0
2020-04-19 12:40:59,3,26,22.1,15,13.8,1017.2,3.7,4.4,15,1747.5,0
2020-04-19 12:43:59,3,26,22.1,15,13.8,1017.0,1.0,1.4,8,1747.5,0
2020-04-19 12:46:59,3,26,22.1,15,14.1,1017.1,3.4,4.4,15,1747.5,0
2020-04-19 12:49:59,3,26,22.1,15,13.8,1017.1,2.4,3.1,4,1747.5,0
2020-04-19 12:52:59,3,26,22.1,15,13.9,1017.1,1.7,2.4,4,1747.5,0
2020-04-19 12:55:59,3,26,22.1,15,13.9,1017.0,2.7,4.1,10,1747.5,0
2020-04-19 12:58:59,3,26,22.1,15,14.0,1017.1,1.4,2.4,12,1747.5,0
2020-04-19 13:01:59,3,26,22.2,15,14.1,1017.1,1.7,2.7,8,1747.5,0
2020-04-19 13:04:59,3,27,22.2,15,14.3,1017.1,1.0,1.7,6,1747.5,0
2020-04-19 13:07:59,3,27,22.2,15,14.3,1017.0,2.0,2.7,0,1747.5,0
2020-04-19 13:10:59,3,27,22.2,15,13.8,1017.1,1.7,2.0,4,1747.5,0
2020-04-19 13:13:59,3,27,22.2,15,14.0,1017.1,2.4,3.7,2,1747.5,0
2020-04-19 13:16:59,3,27,22.2,15,13.9,1017.0,2.0,2.7,4,1747.5,0
2020-04-19 13:19:59,3,27,22.2,15,14.1,1017.0,0.7,1.4,14,1747.5,0
2020-04-19 13:22:59,3,27,22.2,15,14.4,1017.0,0.7,1.4,0,1747.5,0
2020-04-19 13:25:59,3,27,22.2,15,14.6,1017.0,1.7,2.4,0,1747.5,0
2020-04-19 13:28:59,3,26,22.2,15,14.9,1017.1,1.7,2.4,0,1747.5,0
2020-04-19 13:31:59,3,26,22.2,15,15.0,1017.0,2.0,3.1,15,1747.5,0
2020-04-19 13:34:59,3,26,22.2,15,15.0,1017.0,2.7,3.7,2,1747.5,0
2020-04-19 13:37:59,3,26,22.2,15,14.6,1017.0,2.7,3.7,0,1747.5,0
2020-04-19 13:40:59,3,25,22.2,15,14.4,1017.0,2.0,2.7,14,1747.5,0
2020-04-19 13:43:59,3,24,22.2,15,14.4,1016.9,1.4,2.4,8,1747.5,0
2020-04-19 13:46:59,3,23,22.2,15,14.5,1017.0,4.1,5.1,14,1747.5,0
2020-04-19 13:49:59,3,24,22.2,15,14.2,1017.0,3.4,5.4,14,1747.5,0
2020-04-19 13:52:59,3,23,22.2,15,14.4,1017.0,1.0,1.4,0,1747.5,0
2020-04-19 13:55:59,3,22,22.2,15,14.7,1016.9,2.4,2.7,14,1747.5,0
2020-04-19 13:58:59,3,22,22.2,15,14.8,1017.0,2.7,3.4,0,1747.5,0
2020-04-19 14:01:59,3,21,22.2,15,14.7,1017.0,3.1,3.4,2,1747.5,0
2020-04-19 14:04:59,3,21,22.2,15,14.7,1016.9,3.1,3.4,2,1747.5,0
2020-04-19 14:07:59,3,21,22.1,15,14.9,1016.9,1.7,2.0,4,1747.5,0
2020-04-19 14:10:59,3,21,22.2,15,15.1,1017.1,2.4,3.1,0,1747.5,0
2020-04-19 14:13:59,3,20,22.2,15,14.9,1016.9,2.0,2.7,0,1747.5,0
2020-04-19 14:16:59,3,20,22.2,15,14.7,1017.1,2.0,2.7,0,1747.5,0
2020-04-19 14:19:59,3,20,22.2,15,14.8,1016.9,1.4,2.0,4,1747.5,0
2020-04-19 14:22:59,3,20,22.2,15,14.8,1017.0,3.1,4.1,0,1747.5,0
2020-04-19 14:25:59,3,20,22.2,15,14.8,1016.8,1.0,1.4,4,1747.5,0
2020-04-19 14:28:59,3,20,22.2,15,15.0,1016.7,1.4,2.4,14,1747.5,0
2020-04-19 14:31:59,3,20,22.2,15,14.8,1016.8,2.4,3.1,0,1747.5,0
2020-04-19 14:34:59,3,20,22.2,15,14.5,1016.8,2.0,2.7,0,1747.5,0
2020-04-19 14:37:59,3,20,22.2,15,14.3,1016.9,2.7,3.1,0,1747.5,0
2020-04-19 14:40:59,3,20,22.2,15,14.5,1016.8,2.7,3.4,0,1747.5,0
2020-04-19 14:43:59,3,20,22.2,15,14.4,1016.7,2.0,2.4,4,1747.5,0
2020-04-19 14:46:59,3,20,22.2,15,14.6,1016.8,1.7,2.4,8,1747.5,0
2020-04-19 14:49:59,3,20,22.2,15,14.8,1016.8,1.7,3.1,8,1747.5,0
2020-04-19 14:52:59,3,19,22.2,15,15.0,1016.7,1.0,1.7,0,1747.5,0
2020-04-19 14:55:59,3,19,22.2,15,15.2,1016.7,1.0,2.0,6,1747.5,0
2020-04-19 14:58:59,3,19,22.2,15,15.2,1016.7,2.7,3.4,4,1747.5,0
2020-04-19 15:01:59,3,19,22.2,15,15.2,1016.7,1.0,1.4,4,1747.5,0
2020-04-19 15:04:59,3,20,22.2,15,15.1,1016.8,1.7,2.4,1,1747.5,0
2020-04-19 15:07:59,3,20,22.3,15,15.1,1016.6,2.0,2.4,0,1747.5,0
2020-04-19 15:10:59,3,20,22.3,15,15.2,1016.7,0.7,1.4,14,1747.5,0
2020-04-19 15:13:59,3,20,22.3,15,15.2,1016.8,1.0,1.7,0,1747.5,0
2020-04-19 15:16:59,3,20,22.3,15,15.4,1016.7,1.4,2.7,0,1747.5,0
2020-04-19 15:19:59,3,20,22.3,15,15.1,1016.6,1.7,2.7,0,1747.5,0
2020-04-19 15:22:59,3,20,22.3,15,15.0,1016.7,1.4,2.0,4,1747.5,0
2020-04-19 15:25:59,3,20,22.4,15,14.9,1016.6,1.7,3.1,0,1747.5,0
2020-04-19 15:28:59,3,20,22.4,15,14.7,1016.7,2.0,3.1,10,1747.5,0
2020-04-19 15:31:59,3,20,22.4,15,14.7,1016.6,2.7,3.7,10,1747.5,0
2020-04-19 15:34:59,3,20,22.4,15,14.7,1016.6,1.7,2.4,10,1747.5,0
2020-04-19 15:37:59,3,20,22.5,15,14.7,1016.6,2.4,3.4,2,1747.5,0
2020-04-19 15:40:59,3,20,22.5,15,14.4,1016.6,1.7,2.4,0,1747.5,0
2020-04-19 15:43:59,3,20,22.5,15,14.8,1016.6,0.7,1.0,0,1747.5,0
2020-04-19 15:46:59,3,20,22.5,15,14.8,1016.6,0.7,1.0,4,1747.5,0
2020-04-19 15:49:59,3,21,22.5,15,14.9,1016.6,2.4,3.7,2,1747.5,0
2020-04-19 15:52:59,3,20,22.5,15,14.6,1016.5,2.0,2.7,2,1747.5,0
2020-04-19 15:55:59,3,21,22.6,15,14.5,1016.5,2.0,3.1,0,1747.5,0
2020-04-19 15:58:59,3,21,22.6,15,14.4,1016.5,2.0,3.1,0,1747.5,0
2020-04-19 16:01:59,3,20,22.6,15,14.4,1016.6,2.0,3.1,0,1747.5,0
2020-04-19 16:04:59,3,20,22.6,15,14.4,1016.7,2.0,3.1,0,1747.5,0
2020-04-19 16:07:59,3,20,22.6,15,14.5,1016.6,1.0,1.4,0,1747.5,0
2020-04-19 16:10:59,3,21,22.6,15,14.5,1016.5,3.1,4.1,2,1747.5,0
2020-04-19 16:13:59,3,20,22.6,15,14.3,1016.6,2.0,2.4,2,1747.5,0
2020-04-19 16:16:59,3,20,22.6,15,14.4,1016.7,0.7,1.0,0,1747.5,0
2020-04-19 16:19:59,3,20,22.6,15,14.5,1016.7,1.4,2.0,4,1747.5,0
2020-04-19 16:22:59,3,21,22.6,15,14.5,1016.5,1.4,2.4,13,1747.5,0
2020-04-19 16:25:59,3,21,22.6,15,14.4,1016.5,3.1,4.1,2,1747.5,0
2020-04-19 16:28:59,3,21,22.6,15,14.2,1016.6,2.0,3.1,14,1747.5,0
2020-04-19 16:31:59,3,21,22.6,20,14.3,1016.6,1.4,2.0,4,1747.5,0
2020-04-19 16:34:59,3,21,22.6,20,14.2,1016.6,1.7,2.7,3,1747.5,0
2020-04-19 16:37:59,3,21,22.7,20,14.1,1016.6,2.7,3.4,4,1747.5,0
2020-04-19 16:40:59,3,21,22.7,20,14.1,1016.6,1.0,1.4,0,1747.5,0
2020-04-19 16:43:59,3,21,22.7,20,14.2,1016.6,1.0,1.7,6,1747.5,0
2020-04-19 16:46:59,3,21,22.7,20,14.3,1016.7,1.7,2.0,4,1747.5,0
2020-04-19 16:49:59,3,21,22.7,20,14.3,1016.7,1.4,2.0,2,1747.5,0
2020-04-19 16:52:59,3,20,22.7,20,14.0,1016.6,2.4,2.7,1,1747.5,0
2020-04-19 16:55:59,3,20,22.7,20,13.6,1016.8,2.4,3.4,14,1747.5,0
2020-04-19 16:58:59,3,20,22.7,20,13.5,1016.7,2.4,3.4,0,1747.5,0
2020-04-19 17:01:59,3,21,22.7,20,13.4,1016.7,2.4,3.4,0,1747.5,0
2020-04-19 17:04:59,3,21,22.7,20,13.3,1016.8,1.4,1.7,4,1747.5,0
2020-04-19 17:07:59,3,21,22.7,22,13.1,1016.8,1.4,2.0,2,1747.5,0
2020-04-19 17:10:59,3,21,22.7,22,13.0,1016.9,0.7,1.4,2,1747.5,0
2020-04-19 17:13:59,3,21,22.7,22,12.9,1016.7,2.0,3.1,0,1747.5,0
2020-04-19 17:16:59,3,21,22.7,22,12.9,1016.8,0.3,0.7,0,1747.5,0
2020-04-19 17:19:59,3,21,22.7,22,12.8,1016.9,1.4,2.0,0,1747.5,0
2020-04-19 17:22:59,3,21,22.7,22,12.6,1017.0,1.7,2.4,4,1747.5,0
2020-04-19 17:25:59,3,21,22.7,22,12.5,1016.9,2.4,3.1,2,1747.5,0
2020-04-19 17:28:59,3,21,22.7,26,12.4,1017.0,2.7,3.1,12,1747.5,0
2020-04-19 17:31:59,3,21,22.7,30,12.3,1016.9,1.0,1.7,2,1747.5,0
2020-04-19 17:34:59,3,21,22.7,30,12.3,1017.0,1.0,1.7,0,1747.5,0
2020-04-19 17:37:59,3,21,22.7,30,12.2,1017.0,1.4,2.4,0,1747.5,0
2020-04-19 17:40:59,3,21,22.7,30,12.2,1017.1,1.4,1.7,8,1747.5,0
2020-04-19 17:43:59,3,21,22.7,30,12.2,1017.0,0.3,0.7,0,1747.5,0
2020-04-19 17:46:59,3,21,22.7,30,12.1,1017.2,1.7,2.0,15,1747.5,0
2020-04-19 17:49:59,3,21,22.7,30,12.0,1017.1,1.7,2.0,0,1747.5,0
2020-04-19 17:52:59,3,21,22.7,30,11.8,1017.2,0.3,0.7,14,1747.5,0
2020-04-19 17:55:59,3,21,22.7,30,11.7,1017.2,1.0,1.4,0,1747.5,0
2020-04-19 17:58:59,3,21,22.7,30,11.6,1017.3,0,0,3,1747.5,0
2020-04-19 18:01:59,3,21,22.7,30,11.5,1017.3,0,0.3,0,1747.5,0
2020-04-19 18:04:59,3,21,22.7,30,11.5,1017.4,0,0.3,0,1747.5,0
2020-04-19 18:07:59,3,21,22.7,30,11.2,1017.4,1.4,2.0,2,1747.5,0
2020-04-19 18:10:59,3,21,22.7,31,11.1,1017.3,0,0.3,3,1747.5,0
2020-04-19 18:13:59,3,21,22.7,31,11.0,1017.3,0,0,4,1747.5,0
2020-04-19 18:16:59,3,21,22.7,31,10.9,1017.4,1.0,1.4,0,1747.5,0
2020-04-19 18:19:59,3,21,22.7,31,10.8,1017.5,0,0,0,1747.5,0
2020-04-19 18:22:59,3,21,22.7,31,10.6,1017.5,0,0,14,1747.5,0
2020-04-19 18:25:59,3,21,22.7,32,10.5,1017.6,0.3,0.7,12,1747.5,0
2020-04-19 18:28:59,3,21,22.7,32,10.4,1017.5,0,0,0,1747.5,0
2020-04-19 18:31:59,3,21,22.7,32,10.2,1017.6,0,0,0,1747.5,0
2020-04-19 18:34:59,3,21,22.7,33,10.0,1017.8,0,0,0,1747.5,0
2020-04-19 18:37:59,3,21,22.7,34,9.9,1017.8,0,0,0,1747.5,0
2020-04-19 18:40:59,3,22,22.7,35,9.7,1017.9,0.3,0.7,0,1747.5,0
2020-04-19 18:43:59,3,22,22.7,37,9.7,1017.8,1.7,2.4,2,1747.5,0
2020-04-19 18:46:59,3,22,22.7,40,9.7,1017.9,1.7,2.0,2,1747.5,0
2020-04-19 18:49:59,3,22,22.7,40,9.6,1017.9,0.7,1.4,0,1747.5,0
2020-04-19 18:52:59,3,22,22.7,41,9.5,1018.0,1.0,1.7,2,1747.5,0
2020-04-19 18:55:59,3,22,22.7,41,9.5,1018.0,0,0.3,0,1747.5,0
2020-04-19 18:58:59,3,22,22.7,42,9.3,1018.0,0.3,0.7,0,1747.5,0
2020-04-19 19:01:59,3,22,22.7,42,9.3,1018.1,1.0,1.4,14,1747.5,0
2020-04-19 19:04:59,3,22,22.7,43,9.2,1018.1,1.4,1.7,14,1747.5,0
2020-04-19 19:07:59,3,22,22.7,44,9.2,1018.1,0.3,1.0,4,1747.5,0
2020-04-19 19:10:59,3,22,22.7,44,9.1,1018.1,1.0,1.4,0,1747.5,0
2020-04-19 19:13:59,3,22,22.7,45,9.1,1018.2,1.7,2.4,2,1747.5,0
2020-04-19 19:16:59,3,22,22.7,45,9.1,1018.1,1.4,2.0,2,1747.5,0
2020-04-19 19:19:59,3,23,22.7,45,9.0,1018.2,1.0,1.7,2,1747.5,0
2020-04-19 19:22:59,3,23,22.7,46,9.0,1018.2,1.0,2.4,2,1747.5,0
2020-04-19 19:25:59,3,23,22.7,46,9.0,1018.1,0.7,1.0,14,1747.5,0
2020-04-19 19:28:59,3,23,22.7,47,8.9,1018.1,1.0,1.4,0,1747.5,0
2020-04-19 19:31:59,3,23,22.7,47,8.9,1018.2,1.4,2.0,0,1747.5,0
2020-04-19 19:34:59,3,23,22.7,47,8.8,1018.1,1.4,2.4,0,1747.5,0
2020-04-19 19:37:59,3,23,22.7,48,8.7,1018.1,0.7,1.0,0,1747.5,0
2020-04-19 19:40:59,3,23,22.7,48,8.7,1018.1,1.0,1.4,2,1747.5,0
2020-04-19 19:43:59,3,22,22.7,48,8.6,1018.2,0.7,1.4,2,1747.5,0
2020-04-19 19:46:59,3,23,22.7,49,8.5,1018.1,1.4,2.0,14,1747.5,0
2020-04-19 19:49:59,3,23,22.7,49,8.4,1018.3,0.7,1.4,2,1747.5,0
2020-04-19 19:52:59,3,23,22.7,50,8.4,1018.3,1.7,2.4,0,1747.5,0
2020-04-19 19:55:59,3,23,22.6,50,8.3,1018.2,0.7,1.0,0,1747.5,0
2020-04-19 19:58:59,3,23,22.6,50,8.2,1018.2,0,0.7,0,1747.5,0
2020-04-19 20:01:59,3,22,22.7,50,8.2,1018.2,0.7,1.0,2,1747.5,0
2020-04-19 20:04:59,3,22,22.7,50,8.2,1018.3,0.7,1.0,2,1747.5,0
2020-04-19 20:07:59,3,22,22.7,50,8.0,1018.4,1.4,1.7,0,1747.5,0
2020-04-19 20:10:59,3,22,22.7,50,8.0,1018.4,1.0,1.4,0,1747.5,0
2020-04-19 20:13:59,3,23,22.6,51,7.9,1018.4,0.7,1.0,2,1747.5,0
2020-04-19 20:16:59,3,23,22.6,51,7.9,1018.4,0.3,0.7,0,1747.5,0
2020-04-19 20:19:59,3,23,22.6,51,7.8,1018.4,0.3,0.7,0,1747.5,0
2020-04-19 20:22:59,3,22,22.6,51,7.6,1018.4,0.7,1.4,0,1747.5,0
2020-04-19 20:25:59,3,23,22.6,51,7.6,1018.5,0.7,1.0,0,1747.5,0
2020-04-19 20:28:59,3,23,22.6,51,7.5,1018.5,1.4,2.0,2,1747.5,0
2020-04-19 20:31:59,3,23,22.6,51,7.5,1018.6,1.0,1.7,2,1747.5,0
2020-04-19 20:34:59,3,23,22.6,52,7.5,1018.6,1.0,1.4,0,1747.5,0
2020-04-19 20:37:59,3,23,22.6,57,7.4,1018.6,1.4,1.7,0,1747.5,0
2020-04-19 20:40:59,3,23,22.6,57,7.4,1018.7,1.0,1.4,2,1747.5,0
2020-04-19 20:43:59,3,23,22.6,57,7.3,1018.7,1.0,1.4,14,1747.5,0
2020-04-19 20:46:59,3,23,22.6,57,7.2,1018.7,0.7,1.0,0,1747.5,0
2020-04-19 20:49:59,3,23,22.6,57,7.2,1018.8,1.7,2.0,2,1747.5,0
2020-04-19 20:52:59,3,23,22.6,58,7.2,1019.0,0.7,1.0,0,1747.5,0
2020-04-19 20:55:59,3,23,22.6,58,7.1,1019.0,1.0,1.4,4,1747.5,0
2020-04-19 20:58:59,3,23,22.6,58,7.1,1019.0,0.7,1.0,0,1747.5,0
2020-04-19 21:01:59,3,23,22.6,58,7.0,1019.0,0.7,1.0,0,1747.5,0
2020-04-19 21:04:59,3,23,22.6,58,7.0,1019.0,1.7,2.0,2,1747.5,0
2020-04-19 21:07:59,3,23,22.6,58,7.0,1019.1,1.0,1.7,2,1747.5,0
2020-04-19 21:10:59,3,23,22.6,58,7.0,1019.1,1.0,1.7,4,1747.5,0
2020-04-19 21:13:59,3,23,22.5,58,6.9,1019.1,0.7,1.4,14,1747.5,0
2020-04-19 21:16:59,3,24,22.5,58,6.9,1019.0,1.0,2.0,4,1747.5,0
2020-04-19 21:19:59,3,24,22.5,59,6.8,1019.0,1.0,1.4,4,1747.5,0
2020-04-19 21:22:59,3,24,22.5,59,6.8,1018.9,1.4,2.0,0,1747.5,0
2020-04-19 21:25:59,3,24,22.5,59,6.8,1019.0,1.7,2.0,0,1747.5,0
2020-04-19 21:28:59,3,24,22.5,59,6.7,1019.1,1.0,1.4,2,1747.5,0
2020-04-19 21:31:59,3,24,22.4,59,6.7,1019.0,1.0,1.4,0,1747.5,0
2020-04-19 21:34:59,3,23,22.4,59,6.6,1019.0,1.0,1.7,2,1747.5,0
2020-04-19 21:37:59,3,23,22.4,59,6.6,1019.1,0.7,1.0,2,1747.5,0
2020-04-19 21:40:59,3,23,22.4,60,6.6,1019.1,0.7,1.0,0,1747.5,0
2020-04-19 21:43:59,3,23,22.3,59,6.5,1019.1,0.7,1.0,2,1747.5,0
2020-04-19 21:46:59,3,23,22.3,59,6.5,1019.1,0.7,1.0,1,1747.5,0
2020-04-19 21:49:59,3,23,22.3,60,6.5,1019.1,1.0,1.4,0,1747.5,0
2020-04-19 21:52:59,3,23,22.3,60,6.4,1019.2,1.0,1.4,2,1747.5,0
2020-04-19 21:55:59,3,23,22.3,60,6.4,1019.2,0.7,1.4,2,1747.5,0
2020-04-19 21:58:59,3,23,22.3,60,6.3,1019.2,0.7,1.4,0,1747.5,0
2020-04-19 22:01:59,3,23,22.3,60,6.3,1019.1,0.7,1.0,12,1747.5,0
2020-04-19 22:04:59,3,23,22.2,60,6.3,1019.2,0.7,1.0,12,1747.5,0
2020-04-19 22:07:59,3,24,22.2,60,6.1,1019.2,0.3,0.7,0,1747.5,0
2020-04-19 22:10:59,3,23,22.2,60,6.1,1019.2,1.0,1.4,0,1747.5,0
2020-04-19 22:13:59,3,24,22.2,60,6.1,1019.3,0,0.3,0,1747.5,0
2020-04-19 22:16:59,3,24,22.2,60,6.0,1019.4,0.7,1.0,0,1747.5,0
2020-04-19 22:19:59,3,24,22.2,60,6.0,1019.4,0.7,1.0,2,1747.5,0
2020-04-19 22:22:59,3,24,22.2,60,6.0,1019.4,0,0,2,1747.5,0
2020-04-19 22:25:59,3,23,22.2,60,6.0,1019.5,0.3,0.7,2,1747.5,0
2020-04-19 22:28:59,3,23,22.2,60,5.9,1019.5,0.3,0.7,4,1747.5,0
2020-04-19 22:31:59,3,23,22.2,60,5.8,1019.4,0,0.7,0,1747.5,0
2020-04-19 22:34:59,3,23,22.1,60,5.8,1019.4,0.3,0.7,0,1747.5,0
2020-04-19 22:37:59,3,24,22.1,60,5.8,1019.5,0.7,1.0,0,1747.5,0
2020-04-19 22:40:59,3,24,22.1,60,5.7,1019.4,0.7,1.4,2,1747.5,0
2020-04-19 22:43:59,3,24,22.1,60,5.7,1019.4,0.7,1.0,0,1747.5,0
2020-04-19 22:46:59,3,24,22.0,60,5.6,1019.5,0.3,0.3,0,1747.5,0
2020-04-19 22:49:59,3,23,22.1,60,5.6,1019.5,0,0,2,1747.5,0
2020-04-19 22:52:59,3,23,22.0,60,5.5,1019.6,1.0,1.4,0,1747.5,0
2020-04-19 22:55:59,3,23,22.0,60,5.4,1019.5,0.7,1.0,0,1747.5,0
2020-04-19 22:58:59,3,24,21.9,60,5.4,1019.6,0,0.7,0,1747.5,0
2020-04-19 23:01:59,3,24,21.9,60,5.3,1019.5,0.7,1.0,0,1747.5,0
2020-04-19 23:04:59,3,24,21.9,60,5.3,1019.5,0.3,0.7,0,1747.5,0
2020-04-19 23:07:59,3,24,21.9,60,5.2,1019.5,0,0,0,1747.5,0
2020-04-19 23:10:59,3,24,21.9,60,5.2,1019.6,0.3,0.7,2,1747.5,0
2020-04-19 23:13:59,3,24,21.9,60,5.2,1019.5,0,0,0,1747.5,0
2020-04-19 23:16:59,3,24,21.9,61,5.1,1019.5,0.3,0.7,0,1747.5,0
2020-04-19 23:19:59,3,24,21.8,61,5.1,1019.6,0,0.3,0,1747.5,0
2020-04-19 23:22:59,3,24,21.8,61,5.0,1019.6,0,0,0,1747.5,0
2020-04-19 23:25:59,3,24,21.8,61,5.0,1019.5,0.3,1.0,2,1747.5,0
2020-04-19 23:28:59,3,24,21.8,61,4.9,1019.7,0,0.3,0,1747.5,0
2020-04-19 23:31:59,3,24,21.8,61,4.9,1019.6,0,0,2,1747.5,0
2020-04-19 23:34:59,3,24,21.8,61,4.7,1019.6,0.3,0.7,0,1747.5,0
2020-04-19 23:37:59,3,24,21.8,61,4.7,1019.5,0,0,0,1747.5,0
2020-04-19 23:40:59,3,24,21.7,61,4.6,1019.5,0,0,0,1747.5,0
2020-04-19 23:43:59,3,24,21.7,61,4.5,1019.6,0,0,0,1747.5,0
2020-04-19 23:46:59,3,24,21.7,61,4.4,1019.7,0.3,0.7,0,1747.5,0
2020-04-19 23:49:59,3,24,21.7,62,4.3,1019.6,0.3,0.3,0,1747.5,0
2020-04-19 23:52:59,3,24,21.7,62,4.3,1019.7,0.3,1.0,1,1747.5,0
2020-04-19 23:55:59,3,24,21.7,62,4.2,1019.6,0.3,0.7,4,1747.5,0
2020-04-19 23:58:59,3,24,21.7,62,4.2,1019.7,0,0,0,1747.5,0
