2020-04-14 00:02:00,3,24,21.3,56,3.6,1011.7,0.7,1.0,14,1747.5,0
2020-04-14 00:05:00,3,24,21.3,56,3.6,1011.9,0.7,1.0,14,1747.5,0
2020-04-14 00:08:00,3,24,21.3,58,3.4,1011.8,1.0,1.4,14,1747.5,0
2020-04-14 00:11:00,3,24,21.2,59,3.4,1011.8,0.7,1.0,2,1747.5,0
2020-04-14 00:14:00,3,24,21.2,60,3.4,1011.9,1.4,1.7,12,1747.5,0
2020-04-14 00:17:00,3,24,21.2,61,3.4,1011.8,1.7,2.4,0,1747.5,0
2020-04-14 00:20:00,3,24,21.2,62,3.5,1011.8,1.4,2.4,0,1747.5,0
2020-04-14 00:23:00,3,24,21.2,62,3.4,1011.8,0.7,1.0,15,1747.5,0
2020-04-14 00:26:00,3,24,21.2,63,3.4,1011.8,1.4,2.0,8,1747.5,0
2020-04-14 00:29:00,3,24,21.1,63,3.3,1011.8,1.0,1.4,10,1747.5,0
2020-04-14 00:32:00,3,24,21.1,64,3.3,1011.7,1.7,2.0,12,1747.5,0
2020-04-14 00:35:00,3,24,21.1,64,3.2,1011.8,1.4,1.7,0,1747.5,0
2020-04-14 00:38:00,3,24,21.1,65,3.2,1011.7,1.0,1.7,14,1747.5,0
2020-04-14 00:41:00,3,24,21.1,65,3.1,1011.9,0.3,0.7,14,1747.5,0
2020-04-14 00:44:00,3,24,21.0,65,3.0,1011.9,1.0,1.4,14,1747.5,0
2020-04-14 00:47:00,3,24,21.0,66,3.0,1012.0,0.7,1.0,8,1747.5,0
2020-04-14 00:50:00,3,24,21.0,66,2.9,1011.9,1.4,1.7,14,1747.5,0
2020-04-14 00:53:00,3,24,21.0,67,2.8,1011.9,1.7,2.0,12,1747.5,0
2020-04-14 00:56:00,3,24,21.0,69,2.7,1011.8,1.7,2.0,12,1747.5,0
2020-04-14 00:59:00,3,25,20.9,69,2.6,1011.9,1.0,1.4,0,1747.5,0
2020-04-14 01:02:00,3,25,20.9,70,2.5,1011.9,1.7,2.0,12,1747.5,0
2020-04-14 01:05:00,3,25,20.9,70,2.4,1011.9,1.0,1.4,10,1747.5,0
2020-04-14 01:08:00,3,25,20.9,71,2.3,1012.0,0.7,1.7,12,1747.5,0
2020-04-14 01:11:00,3,25,20.9,71,2.3,1012.0,1.0,1.4,14,1747.5,0
2020-04-14 01:14:00,3,25,20.9,72,2.2,1012.0,0.7,1.4,14,1747.5,0
2020-04-14 01:17:00,3,25,20.9,72,2.1,1012.0,0.7,1.0,0,1747.5,0
2020-04-14 01:20:00,3,25,20.8,73,2.0,1012.0,1.4,1.7,12,1747.5,0
2020-04-14 01:23:00,3,25,20.8,74,2.0,1012.2,1.0,1.7,12,1747.5,0
2020-04-14 01:26:00,3,25,20.7,74,1.9,1012.1,1.0,1.4,14,1747.5,0
2020-04-14 01:29:00,3,26,20.7,75,1.8,1012.1,1.4,1.7,14,1747.5,0
2020-04-14 01:32:00,3,26,20.7,75,1.7,1012.2,0.7,1.0,12,1747.5,0
2020-04-14 01:35:00,3,26,20.7,75,1.7,1012.2,1.0,1.4,14,1747.5,0
2020-04-14 01:38:00,3,26,20.7,76,1.6,1012.2,0.3,1.0,15,1747.5,0
2020-04-14 01:41:00,3,26,20.7,76,1.6,1012.2,2.0,2.7,14,1747.5,0
2020-04-14 01:44:00,3,26,20.6,77,1.5,1012.2,1.7,2.7,0,1747.5,0
2020-04-14 01:47:00,3,26,20.6,78,1.5,1012.3,1.0,1.4,12,1747.5,0
2020-04-14 01:50:00,3,25,20.6,78,1.5,1012.2,0.7,1.0,14,1747.5,0
2020-04-14 01:53:00,3,25,20.6,78,1.4,1012.3,0.7,1.0,12,1747.5,0
2020-04-14 01:56:00,3,25,20.6,79,1.4,1012.3,0.3,0.7,12,1747.5,0
2020-04-14 01:59:00,3,25,20.6,79,1.3,1012.4,0.7,1.0,12,1747.5,0
2020-04-14 02:02:00,3,26,20.6,79,1.3,1012.4,1.0,1.4,14,1747.5,0
2020-04-14 02:05:00,3,26,20.6,79,1.3,1012.4,1.0,1.4,14,1747.5,0
2020-04-14 02:08:00,3,26,20.5,80,1.2,1012.4,1.0,1.4,12,1747.5,0
2020-04-14 02:11:00,3,26,20.5,80,1.1,1012.3,0,0,12,1747.5,0
2020-04-14 02:14:00,3,25,20.5,80,1.1,1012.4,0.3,1.0,12,1747.5,0
2020-04-14 02:17:00,3,25,20.5,80,1.1,1012.4,1.4,1.7,14,1747.5,0
2020-04-14 02:20:00,3,25,20.5,80,1.1,1012.5,0.7,1.4,14,1747.5,0
2020-04-14 02:23:00,3,25,20.5,80,1.0,1012.5,0.7,1.4,12,1747.5,0
2020-04-14 02:26:00,3,26,20.5,80,1.0,1012.5,0.7,1.0,14,1747.5,0
2020-04-14 02:29:00,3,26,20.5,80,1.0,1012.6,0.7,1.0,14,1747.5,0
2020-04-14 02:32:00,3,26,20.5,80,1.0,1012.6,1.0,1.4,14,1747.5,0
2020-04-14 02:35:00,3,26,20.4,80,0.9,1012.6,0.7,1.0,12,1747.5,0
2020-04-14 02:38:00,3,25,20.5,81,0.9,1012.6,1.0,1.4,14,1747.5,0
2020-04-14 02:41:00,3,25,20.4,81,0.9,1012.5,1.0,1.7,13,1747.5,0
2020-04-14 02:44:00,3,25,20.4,81,0.8,1012.6,0.7,1.0,14,1747.5,0
2020-04-14 02:47:00,3,25,20.4,81,0.8,1012.6,0.3,0.7,12,1747.5,0
2020-04-14 02:50:00,3,25,20.4,81,0.8,1012.8,0.7,1.4,14,1747.5,0
2020-04-14 02:53:00,3,25,20.4,81,0.8,1012.7,1.7,2.0,14,1747.5,0
2020-04-14 02:56:00,3,25,20.4,81,0.8,1012.7,0.7,1.0,14,1747.5,0
2020-04-14 02:59:00,3,25,20.4,81,0.8,1012.9,0.3,0.7,14,1747.5,0
2020-04-14 03:02:00,3,25,20.4,81,0.7,1012.8,0.7,1.0,12,1747.5,0
2020-04-14 03:05:00,3,25,20.4,81,0.7,1012.9,0.3,0.7,14,1747.5,0
2020-04-14 03:08:00,3,25,20.4,81,0.7,1012.9,0.7,1.0,14,1747.5,0
2020-04-14 03:11:00,3,25,20.3,81,0.7,1012.9,2.0,2.7,12,1747.5,0
2020-04-14 03:14:00,3,25,20.3,81,0.8,1012.9,1.0,1.7,14,1747.5,0
2020-04-14 03:17:00,3,25,20.3,81,0.8,1012.8,1.7,2.0,12,1747.5,0
2020-04-14 03:20:00,3,25,20.3,81,0.8,1012.9,1.0,2.4,14,1747.5,0
2020-04-14 03:23:00,3,25,20.3,81,0.9,1012.9,1.0,1.7,14,1747.5,0
2020-04-14 03:26:00,3,25,20.3,81,0.9,1013.0,0.7,1.4,14,1747.5,0
2020-04-14 03:29:00,3,25,20.3,81,0.9,1012.8,0.7,1.0,14,1747.5,0
2020-04-14 03:32:00,3,25,20.3,81,0.8,1012.9,0.7,1.0,14,1747.5,0
2020-04-14 03:35:00,3,25,20.3,81,0.8,1012.8,1.0,1.4,14,1747.5,0
2020-04-14 03:38:00,3,25,20.2,81,0.8,1012.9,2.0,2.7,14,1747.5,0
2020-04-14 03:41:00,3,25,20.2,81,0.7,1013.0,1.0,1.7,14,1747.5,0
2020-04-14 03:44:00,3,25,20.2,80,0.7,1012.9,1.0,1.7,14,1747.5,0
2020-04-14 03:47:00,3,25,20.2,80,0.6,1013.0,1.0,1.7,14,1747.5,0
2020-04-14 03:50:00,3,25,20.2,80,0.6,1013.1,0.7,1.4,12,1747.5,0
2020-04-14 03:53:00,3,25,20.2,80,0.5,1013.1,1.0,1.4,12,1747.5,0
2020-04-14 03:56:00,3,25,20.2,80,0.5,1013.2,0.7,1.0,14,1747.5,0
2020-04-14 03:59:00,3,25,20.2,80,0.5,1013.1,1.7,2.4,12,1747.5,0
2020-04-14 04:02:00,3,25,20.2,80,0.5,1013.2,1.7,2.4,12,1747.5,0
2020-04-14 04:05:00,3,25,20.2,80,0.5,1013.1,1.7,2.4,12,1747.5,0
2020-04-14 04:08:00,3,25,20.3,80,0.5,1013.1,1.4,2.0,14,1747.5,0
2020-04-14 04:11:00,3,25,20.3,80,0.5,1013.2,1.0,1.4,14,1747.5,0
2020-04-14 04:14:00,3,25,20.3,80,0.5,1013.1,1.7,2.0,0,1747.5,0
2020-04-14 04:17:00,3,25,20.3,80,0.4,1013.2,1.0,1.4,14,1747.5,0
2020-04-14 04:20:00,3,25,20.3,80,0.4,1013.2,1.4,1.7,14,1747.5,0
2020-04-14 04:23:00,3,25,20.4,80,0.3,1013.2,0.7,1.0,12,1747.5,0
2020-04-14 04:26:00,3,25,20.4,80,0.3,1013.3,1.0,1.7,12,1747.5,0
2020-04-14 04:29:00,3,25,20.4,80,0.3,1013.3,1.7,2.0,14,1747.5,0
2020-04-14 04:32:00,3,25,20.4,80,0.3,1013.4,0.7,1.4,14,1747.5,0
2020-04-14 04:35:00,3,26,20.4,80,0.3,1013.4,1.0,1.7,14,1747.5,0
2020-04-14 04:38:00,3,25,20.5,80,0.3,1013.4,1.0,1.7,14,1747.5,0
2020-04-14 04:41:00,3,25,20.5,80,0.3,1013.5,0.7,1.4,14,1747.5,0
2020-04-14 04:44:00,3,25,20.5,80,0.3,1013.5,0.7,1.0,14,1747.5,0
2020-04-14 04:47:00,3,25,20.5,80,0.3,1013.6,0.7,1.0,14,1747.5,0
2020-04-14 04:50:00,3,26,20.5,80,0.4,1013.6,0.3,0.7,12,1747.5,0
2020-04-14 04:53:00,3,26,20.5,80,0.4,1013.7,1.4,1.7,12,1747.5,0
2020-04-14 04:56:00,3,26,20.6,80,0.4,1013.7,1.7,2.0,14,1747.5,0
2020-04-14 04:59:00,3,26,20.6,80,0.4,1013.8,1.0,1.7,14,1747.5,0
2020-04-14 05:02:00,3,25,20.6,80,0.5,1013.8,1.7,2.4,14,1747.5,0
2020-04-14 05:05:00,3,25,20.6,80,0.5,1013.9,2.4,3.4,12,1747.5,0
2020-04-14 05:08:00,3,25,20.6,80,0.6,1013.9,1.4,1.7,12,1747.5,0
2020-04-14 05:11:00,3,25,20.6,80,0.6,1013.9,1.7,2.0,14,1747.5,0
2020-04-14 05:14:00,3,25,20.6,80,0.7,1013.9,1.4,2.0,14,1747.5,0
2020-04-14 05:17:00,3,25,20.6,80,0.8,1013.9,1.0,1.7,14,1747.5,0
2020-04-14 05:20:00,3,25,20.6,80,0.9,1014.0,0.3,0.7,14,1747.5,0
2020-04-14 05:23:00,3,25,20.6,80,1.0,1014.1,1.0,1.4,14,1747.5,0
2020-04-14 05:26:00,3,25,20.6,80,1.1,1014.0,1.7,2.7,12,1747.5,0
2020-04-14 05:29:00,3,25,20.6,80,1.2,1014.1,2.0,2.7,10,1747.5,0
2020-04-14 05:32:00,3,25,20.6,80,1.2,1014.1,1.7,2.7,14,1747.5,0
2020-04-14 05:35:00,3,25,20.6,80,1.3,1014.1,1.7,2.0,12,1747.5,0
2020-04-14 05:38:00,3,25,20.6,79,1.4,1014.2,1.4,1.7,2,1747.5,0
2020-04-14 05:41:00,3,25,20.6,79,1.5,1014.4,1.4,1.7,14,1747.5,0
2020-04-14 05:44:00,3,26,20.6,78,1.6,1014.5,2.4,3.1,12,1747.5,0
2020-04-14 05:47:00,3,26,20.6,78,1.7,1014.4,0.7,1.4,14,1747.5,0
2020-04-14 05:50:00,3,25,20.6,77,1.8,1014.5,2.0,3.1,10,1747.5,0
2020-04-14 05:53:00,3,25,20.6,76,1.9,1014.5,0.7,1.0,14,1747.5,0
2020-04-14 05:56:00,3,25,20.6,76,2.1,1014.5,0.7,1.4,12,1747.5,0
2020-04-14 05:59:00,3,25,20.6,76,2.5,1014.6,1.0,1.0,12,1747.5,0
2020-04-14 06:02:00,3,26,20.6,76,2.7,1014.6,1.0,1.4,12,1747.5,0
2020-04-14 06:05:00,3,26,20.6,76,2.7,1014.5,1.0,1.4,12,1747.5,0
2020-04-14 06:08:00,3,26,20.6,74,3.4,1014.7,1.0,1.7,12,1747.5,0
2020-04-14 06:11:00,3,26,20.6,73,3.6,1014.7,2.0,2.7,12,1747.5,0
2020-04-14 06:14:00,3,26,20.7,72,3.7,1014.7,2.0,3.4,14,1747.5,0
2020-04-14 06:17:00,3,26,20.7,71,3.7,1014.7,2.0,2.4,12,1747.5,0
2020-04-14 06:20:00,3,26,20.7,71,4.0,1014.8,0.3,1.0,1,1747.5,0
2020-04-14 06:23:00,3,26,20.7,71,4.5,1014.8,1.7,2.7,10,1747.5,0
2020-04-14 06:26:00,3,26,20.7,70,4.5,1014.9,2.0,2.7,12,1747.5,0
2020-04-14 06:29:00,3,26,20.7,68,4.4,1014.9,1.7,2.4,13,1747.5,0
2020-04-14 06:32:00,3,26,20.7,68,4.5,1014.9,2.0,2.4,12,1747.5,0
2020-04-14 06:35:00,3,27,20.7,67,4.5,1015.0,1.0,1.7,14,1747.5,0
2020-04-14 06:38:00,3,27,20.7,68,4.8,1014.9,0.3,1.0,0,1747.5,0
2020-04-14 06:41:00,3,27,20.7,68,5.2,1015.0,1.4,2.0,14,1747.5,0
2020-04-14 06:44:00,3,27,20.7,66,5.2,1015.0,2.4,3.1,12,1747.5,0
2020-04-14 06:47:00,3,27,20.7,66,5.2,1015.1,1.0,1.7,14,1747.5,0
2020-04-14 06:50:00,3,28,20.7,65,5.2,1015.0,1.7,2.4,12,1747.5,0
2020-04-14 06:53:00,3,30,20.9,65,5.3,1015.0,1.7,2.4,12,1747.5,0
2020-04-14 06:56:00,3,30,20.9,65,5.4,1014.9,2.0,3.1,14,1747.5,0
2020-04-14 06:59:00,3,29,21.1,65,5.5,1015.1,1.4,2.0,14,1747.5,0
2020-04-14 07:02:00,3,28,21.3,64,5.6,1015.1,2.0,3.1,12,1747.5,0
2020-04-14 07:05:00,3,26,21.7,64,5.8,1015.2,2.4,3.1,10,1747.5,0
2020-04-14 07:08:00,3,26,21.9,64,6.0,1015.3,2.0,2.7,15,1747.5,0
2020-04-14 07:11:00,3,25,22.2,64,6.2,1015.2,1.4,2.0,14,1747.5,0
2020-04-14 07:14:00,3,25,22.3,64,6.3,1015.2,2.4,2.7,14,1747.5,0
2020-04-14 07:17:00,3,24,22.5,62,6.2,1015.4,2.4,3.4,14,1747.5,0
2020-04-14 07:20:00,3,23,22.7,63,6.3,1015.2,1.4,1.7,0,1747.5,0
2020-04-14 07:23:00,3,23,22.9,63,6.4,1015.3,1.7,2.0,10,1747.5,0
2020-04-14 07:26:00,3,25,23.0,62,6.6,1015.5,0.3,0.7,12,1747.5,0
2020-04-14 07:29:00,3,24,23.1,62,7.1,1015.5,1.4,2.0,14,1747.5,0
2020-04-14 07:31:59,3,24,23.2,61,7.2,1015.5,1.7,2.4,0,1747.5,0
2020-04-14 07:34:59,3,24,23.4,60,7.3,1015.6,1.7,2.4,12,1747.5,0
2020-04-14 07:37:59,3,24,23.4,60,7.4,1015.6,1.4,2.0,8,1747.5,0
2020-04-14 07:40:59,3,24,23.6,59,7.4,1015.7,1.0,1.7,14,1747.5,0
2020-04-14 07:43:59,3,24,23.6,59,7.4,1015.7,1.0,1.4,10,1747.5,0
2020-04-14 07:46:59,3,24,23.7,56,7.4,1015.7,1.7,2.0,10,1747.5,0
2020-04-14 07:49:59,3,24,23.7,51,7.5,1015.6,3.1,3.7,10,1747.5,0
2020-04-14 07:52:59,3,24,23.7,51,7.5,1015.7,0.7,1.0,12,1747.5,0
2020-04-14 07:55:59,3,23,23.7,51,7.9,1015.7,1.4,2.0,14,1747.5,0
2020-04-14 07:58:59,3,23,23.6,50,8.0,1015.8,2.7,3.4,14,1747.5,0
2020-04-14 08:01:59,3,23,23.4,50,8.0,1015.8,2.7,3.4,14,1747.5,0
2020-04-14 08:04:59,3,24,23.3,50,8.0,1015.7,2.7,3.4,14,1747.5,0
2020-04-14 08:07:59,3,24,23.2,46,8.1,1015.8,2.0,2.7,12,1747.5,0
2020-04-14 08:10:59,3,24,23.1,46,8.3,1015.7,1.7,2.4,14,1747.5,0
2020-04-14 08:13:59,3,24,23.1,43,8.0,1015.7,2.7,4.1,13,1747.5,0
2020-04-14 08:16:59,3,24,23.0,42,7.7,1015.7,2.7,3.1,14,1747.5,0
2020-04-14 08:19:59,3,22,22.9,42,7.9,1015.7,3.1,4.4,12,1747.5,0
2020-04-14 08:22:59,3,22,22.9,42,8.0,1015.9,1.4,2.0,12,1747.5,0
2020-04-14 08:25:59,3,22,22.7,42,8.3,1015.6,1.7,2.7,14,1747.5,0
2020-04-14 08:28:59,3,23,22.7,42,8.6,1015.8,1.4,2.0,8,1747.5,0
2020-04-14 08:31:59,3,23,22.6,39,8.7,1015.7,3.1,3.7,2,1747.5,0
2020-04-14 08:34:59,3,23,22.6,34,8.4,1015.7,2.0,3.4,14,1747.5,0
2020-04-14 08:37:59,3,23,22.5,32,8.3,1015.7,3.1,3.7,2,1747.5,0
2020-04-14 08:40:59,3,24,22.4,31,8.4,1015.7,1.4,2.4,4,1747.5,0
2020-04-14 08:43:59,3,23,22.3,30,8.6,1015.8,2.0,2.4,0,1747.5,0
2020-04-14 08:46:59,3,23,22.3,30,8.9,1015.7,2.4,3.1,2,1747.5,0
2020-04-14 08:49:59,3,23,22.2,30,9.1,1015.9,2.7,3.1,0,1747.5,0
2020-04-14 08:52:59,3,23,22.2,30,9.2,1015.7,0.7,1.7,0,1747.5,0
2020-04-14 08:55:59,3,23,22.1,31,9.5,1015.7,1.4,2.0,14,1747.5,0
2020-04-14 08:58:59,3,23,22.1,32,9.5,1015.8,3.1,4.1,13,1747.5,0
2020-04-14 09:01:59,3,23,22.0,33,9.3,1015.8,1.4,2.0,12,1747.5,0
2020-04-14 09:04:59,3,25,21.9,33,9.1,1015.8,3.4,4.8,14,1747.5,0
2020-04-14 09:07:59,3,25,21.9,32,8.5,1016.0,1.4,1.7,12,1747.5,0
2020-04-14 09:10:59,3,25,21.9,34,8.7,1015.9,0.7,1.0,0,1747.5,0
2020-04-14 09:13:59,3,25,21.9,33,9.0,1016.0,2.4,4.1,12,1747.5,0
2020-04-14 09:16:59,3,24,21.8,32,8.7,1016.0,2.7,4.1,12,1747.5,0
2020-04-14 09:19:59,3,25,21.8,32,8.5,1015.8,1.7,2.4,8,1747.5,0
2020-04-14 09:22:59,3,25,21.8,33,9.1,1015.9,3.4,4.4,12,1747.5,0
2020-04-14 09:25:59,3,25,21.8,32,9.1,1016.0,2.0,2.7,13,1747.5,0
2020-04-14 09:28:59,3,25,21.7,32,9.2,1015.9,2.0,3.1,12,1747.5,0
2020-04-14 09:31:59,3,25,21.7,32,9.3,1016.0,2.4,3.4,10,1747.5,0
2020-04-14 09:34:59,3,25,21.7,32,9.1,1015.8,2.0,4.1,14,1747.5,0
2020-04-14 09:37:59,3,25,21.7,32,9.1,1015.9,1.7,2.4,14,1747.5,0
2020-04-14 09:40:59,3,25,21.7,33,9.4,1015.8,2.0,2.7,12,1747.5,0
2020-04-14 09:43:59,3,25,21.7,32,9.7,1016.0,2.7,3.7,14,1747.5,0
2020-04-14 09:46:59,3,25,21.7,31,9.4,1016.0,1.0,1.7,14,1747.5,0
2020-04-14 09:49:59,3,25,21.7,31,9.3,1016.0,0.7,1.0,0,1747.5,0
2020-04-14 09:52:59,3,25,21.6,30,9.1,1016.0,2.0,2.7,14,1747.5,0
2020-04-14 09:55:59,3,25,21.6,31,8.8,1016.1,1.0,1.7,13,1747.5,0
2020-04-14 09:58:59,3,25,21.6,31,8.6,1016.1,2.4,4.1,12,1747.5,0
2020-04-14 10:01:59,3,25,21.6,31,8.5,1016.0,3.1,4.8,14,1747.5,0
2020-04-14 10:04:59,3,25,21.6,31,8.5,1016.1,3.1,4.8,14,1747.5,0
2020-04-14 10:07:59,3,25,21.6,31,9.0,1016.1,1.7,2.0,12,1747.5,0
2020-04-14 10:10:59,3,25,21.6,31,9.0,1016.1,1.0,1.4,12,1747.5,0
2020-04-14 10:13:59,3,25,21.6,31,9.3,1016.1,1.7,2.7,12,1747.5,0
2020-04-14 10:16:59,3,26,21.5,30,9.5,1016.0,2.0,3.1,12,1747.5,0
2020-04-14 10:19:59,3,26,21.5,30,9.9,1016.0,1.7,2.7,14,1747.5,0
2020-04-14 10:22:59,3,26,21.5,30,9.7,1016.1,1.0,2.0,12,1747.5,0
2020-04-14 10:25:59,3,26,21.5,30,9.6,1016.0,3.4,4.4,12,1747.5,0
2020-04-14 10:28:59,3,26,21.5,26,9.5,1015.8,1.7,2.7,12,1747.5,0
2020-04-14 10:31:59,3,26,21.5,30,9.8,1016.0,2.4,3.1,0,1747.5,0
2020-04-14 10:34:59,3,26,21.5,30,10.0,1016.1,2.0,3.4,0,1747.5,0
2020-04-14 10:37:59,3,27,21.5,30,10.1,1016.1,3.1,4.4,10,1747.5,0
2020-04-14 10:40:59,3,27,21.5,26,9.7,1016.1,2.0,3.1,14,1747.5,0
2020-04-14 10:43:59,3,27,21.5,30,10.1,1016.1,1.7,2.0,10,1747.5,0
2020-04-14 10:46:59,3,27,21.5,26,10.3,1016.1,2.0,3.1,14,1747.5,0
2020-04-14 10:49:59,3,27,21.5,26,10.0,1016.1,1.7,3.1,14,1747.5,0
2020-04-14 10:52:59,3,27,21.5,26,10.1,1016.0,1.4,2.0,10,1747.5,0
2020-04-14 10:55:59,3,28,21.5,26,10.6,1015.9,2.7,3.4,14,1747.5,0
2020-04-14 10:58:59,3,28,21.5,26,10.5,1015.9,1.7,2.4,10,1747.5,0
2020-04-14 11:01:59,3,27,21.5,26,10.6,1015.9,3.7,5.1,14,1747.5,0
2020-04-14 11:04:59,3,28,21.5,23,10.2,1015.9,2.4,3.4,0,1747.5,0
2020-04-14 11:07:59,3,28,21.5,26,10.2,1015.9,2.0,3.1,14,1747.5,0
2020-04-14 11:10:59,3,28,21.5,26,10.5,1015.9,2.4,3.1,12,1747.5,0
2020-04-14 11:13:59,3,28,21.5,26,10.6,1015.9,1.4,2.4,1,1747.5,0
2020-04-14 11:16:59,3,28,21.6,26,10.7,1015.8,1.7,2.4,11,1747.5,0
2020-04-14 11:19:59,3,28,21.6,26,10.5,1015.8,2.7,4.4,12,1747.5,0
2020-04-14 11:22:59,3,28,21.6,26,10.3,1015.8,2.4,3.4,10,1747.5,0
2020-04-14 11:25:59,3,28,21.6,30,10.5,1015.9,2.0,2.7,12,1747.5,0
2020-04-14 11:28:59,3,28,21.6,26,10.7,1015.9,2.0,2.4,10,1747.5,0
2020-04-14 11:31:59,3,28,21.6,26,10.6,1015.8,2.4,3.7,0,1747.5,0
2020-04-14 11:34:59,3,28,21.6,26,10.7,1015.8,1.7,2.7,14,1747.5,0
2020-04-14 11:37:59,3,29,21.6,30,11.2,1015.7,1.7,2.4,0,1747.5,0
2020-04-14 11:40:59,3,29,21.6,23,10.9,1015.7,1.4,1.7,3,1747.5,0
2020-04-14 11:43:59,3,29,21.6,26,10.7,1015.7,2.4,3.4,12,1747.5,0
2020-04-14 11:46:59,3,29,21.6,26,10.2,1015.8,2.7,4.1,14,1747.5,0
2020-04-14 11:49:59,3,28,21.6,26,10.2,1015.8,1.7,2.4,12,1747.5,0
2020-04-14 11:52:59,3,28,21.6,26,10.5,1015.8,3.1,4.4,8,1747.5,0
2020-04-14 11:55:59,3,28,21.6,26,10.7,1015.8,0.7,1.4,12,1747.5,0
2020-04-14 11:58:59,3,29,21.6,30,11.5,1015.7,0.7,1.7,6,1747.5,0
2020-04-14 12:01:59,3,29,21.6,30,11.7,1015.8,2.4,4.1,14,1747.5,0
2020-04-14 12:04:59,3,29,21.6,30,11.7,1015.8,2.4,4.1,14,1747.5,0
2020-04-14 12:07:59,3,29,21.6,26,11.7,1015.9,2.4,4.4,14,1747.5,0
2020-04-14 12:10:59,3,29,21.6,23,11.5,1015.9,2.0,3.1,14,1747.5,0
2020-04-14 12:13:59,3,29,21.6,23,11.2,1016.1,2.4,3.7,13,1747.5,0
2020-04-14 12:16:59,3,29,21.6,23,11.0,1015.9,3.1,4.1,14,1747.5,0
2020-04-14 12:19:59,3,29,21.6,23,11.0,1015.8,2.4,3.1,14,1747.5,0
2020-04-14 12:22:59,3,29,21.6,23,11.0,1015.9,3.1,4.4,9,1747.5,0
2020-04-14 12:25:59,3,29,21.6,23,10.9,1016.0,1.7,2.4,14,1747.5,0
2020-04-14 12:28:59,3,29,21.6,26,10.7,1016.0,2.4,3.1,2,1747.5,0
2020-04-14 12:31:59,3,29,21.6,23,10.7,1016.0,1.4,2.0,14,1747.5,0
2020-04-14 12:34:59,3,29,21.6,23,10.6,1015.8,2.0,3.1,0,1747.5,0
2020-04-14 12:37:59,3,29,21.6,23,10.8,1015.9,1.4,2.0,12,1747.5,0
2020-04-14 12:40:59,3,29,21.6,26,11.2,1015.9,3.4,4.1,10,1747.5,0
2020-04-14 12:43:59,3,30,21.6,26,11.1,1015.9,1.4,2.4,10,1747.5,0
2020-04-14 12:46:59,3,30,21.6,23,11.3,1015.8,3.1,4.1,14,1747.5,0
2020-04-14 12:49:59,3,29,21.6,23,11.1,1015.8,1.7,2.4,10,1747.5,0
2020-04-14 12:52:59,3,29,21.6,23,11.4,1015.7,4.1,4.8,12,1747.5,0
2020-04-14 12:55:59,3,29,21.6,23,11.4,1015.7,4.8,5.8,12,1747.5,0
2020-04-14 12:58:59,3,29,21.6,23,11.3,1015.8,2.7,3.7,6,1747.5,0
2020-04-14 13:01:59,3,29,21.7,23,11.5,1015.8,1.7,2.7,12,1747.5,0
2020-04-14 13:04:59,3,29,21.7,23,11.5,1015.7,1.0,2.0,12,1747.5,0
2020-04-14 13:07:59,3,29,21.7,23,11.7,1015.8,2.4,3.4,0,1747.5,0
2020-04-14 13:10:59,3,29,21.7,23,11.6,1015.8,2.0,2.7,12,1747.5,0
2020-04-14 13:13:59,3,29,21.7,23,11.7,1015.9,2.0,3.4,14,1747.5,0
2020-04-14 13:16:59,3,30,21.7,23,11.7,1015.7,2.0,3.1,0,1747.5,0
2020-04-14 13:19:59,3,30,21.7,23,11.8,1015.6,2.4,3.7,12,1747.5,0
2020-04-14 13:22:59,3,30,21.7,23,11.8,1015.6,1.7,2.4,10,1747.5,0
2020-04-14 13:25:59,3,30,21.7,23,12.2,1015.7,1.4,2.0,10,1747.5,0
2020-04-14 13:28:59,3,30,21.7,23,12.3,1015.6,2.0,3.1,12,1747.5,0
2020-04-14 13:31:59,3,30,21.7,23,12.2,1015.5,2.4,4.1,14,1747.5,0
2020-04-14 13:34:59,3,30,21.7,23,11.9,1015.5,2.0,2.4,12,1747.5,0
2020-04-14 13:37:59,3,30,21.7,23,11.9,1015.4,1.7,2.4,14,1747.5,0
2020-04-14 13:40:59,3,30,21.7,23,11.7,1015.4,1.4,2.0,14,1747.5,0
2020-04-14 13:43:59,3,30,21.7,23,11.9,1015.5,2.7,3.7,12,1747.5,0
2020-04-14 13:46:59,3,30,21.7,26,11.9,1015.3,1.7,2.7,12,1747.5,0
2020-04-14 13:49:59,3,30,21.7,23,12.2,1015.4,1.4,1.7,13,1747.5,0
2020-04-14 13:52:59,3,30,21.7,23,12.4,1015.3,2.0,2.4,10,1747.5,0
2020-04-14 13:55:59,3,30,21.7,22,12.5,1015.4,2.4,3.1,14,1747.5,0
2020-04-14 13:58:59,3,29,21.7,23,12.4,1015.4,1.7,2.0,11,1747.5,0
2020-04-14 14:01:59,3,29,21.7,23,12.4,1015.3,2.0,2.4,12,1747.5,0
2020-04-14 14:04:59,3,30,21.7,23,12.4,1015.3,2.0,2.4,12,1747.5,0
2020-04-14 14:07:59,3,30,21.7,26,11.9,1015.2,2.0,2.7,10,1747.5,0
2020-04-14 14:10:59,3,30,21.7,26,11.9,1015.2,2.4,3.1,8,1747.5,0
2020-04-14 14:13:59,3,30,21.7,26,11.9,1015.2,3.7,5.1,12,1747.5,0
2020-04-14 14:16:59,3,29,21.7,26,11.9,1015.4,1.4,2.0,12,1747.5,0
2020-04-14 14:19:59,3,29,21.7,26,12.3,1015.4,1.4,2.0,14,1747.5,0
2020-04-14 14:22:59,3,29,21.7,26,12.4,1015.3,1.7,2.4,2,1747.5,0
2020-04-14 14:25:59,3,29,21.7,22,12.5,1015.3,2.4,2.7,6,1747.5,0
2020-04-14 14:28:59,3,29,21.7,22,12.5,1015.2,2.7,3.4,10,1747.5,0
2020-04-14 14:31:59,3,29,21.7,23,12.2,1015.2,2.4,3.1,12,1747.5,0
2020-04-14 14:34:59,3,29,21.7,23,12.0,1015.2,3.1,4.8,10,1747.5,0
2020-04-14 14:37:59,3,29,21.8,23,11.9,1015.2,4.1,5.1,11,1747.5,0
2020-04-14 14:40:59,3,29,21.8,26,12.1,1015.2,3.1,4.1,14,1747.5,0
2020-04-14 14:43:59,3,29,21.8,23,12.2,1015.1,1.7,2.4,12,1747.5,0
2020-04-14 14:46:59,3,29,21.8,23,12.2,1015.1,2.7,3.4,12,1747.5,0
2020-04-14 14:49:59,3,29,21.8,23,12.2,1015.2,2.7,3.4,10,1747.5,0
2020-04-14 14:52:59,3,29,21.8,23,12.3,1015.2,3.1,3.4,14,1747.5,0
2020-04-14 14:55:59,3,29,21.8,23,12.0,1015.2,1.4,2.4,14,1747.5,0
2020-04-14 14:58:59,3,29,21.8,23,12.0,1015.3,2.0,2.7,12,1747.5,0
2020-04-14 15:01:59,3,29,21.8,23,12.0,1015.3,1.4,2.0,10,1747.5,0
2020-04-14 15:04:59,3,29,21.8,23,12.2,1015.2,1.4,1.7,12,1747.5,0
2020-04-14 15:07:59,3,29,21.8,23,12.4,1015.3,1.7,2.7,14,1747.5,0
2020-04-14 15:10:59,3,29,21.8,23,12.1,1015.3,2.7,3.7,10,1747.5,0
2020-04-14 15:13:59,3,29,21.8,23,12.0,1015.3,1.7,2.7,14,1747.5,0
2020-04-14 15:16:59,3,29,21.8,23,12.0,1015.3,1.4,1.7,14,1747.5,0
2020-04-14 15:19:59,3,29,21.8,23,11.9,1015.3,2.7,4.1,10,1747.5,0
2020-04-14 15:22:59,3,29,21.8,23,11.8,1015.4,3.1,4.4,14,1747.5,0
2020-04-14 15:25:59,3,29,21.9,23,11.7,1015.3,2.4,4.1,12,1747.5,0
2020-04-14 15:28:59,3,29,21.9,23,11.6,1015.4,1.7,2.0,10,1747.5,0
2020-04-14 15:31:59,3,29,21.9,26,11.8,1015.3,2.7,5.4,8,1747.5,0
2020-04-14 15:34:59,3,29,21.9,26,11.9,1015.4,3.1,4.1,8,1747.5,0
2020-04-14 15:37:59,3,29,21.9,23,11.9,1015.2,1.7,2.4,8,1747.5,0
2020-04-14 15:40:59,3,29,21.9,26,12.0,1015.3,3.1,4.4,8,1747.5,0
2020-04-14 15:43:59,3,29,21.9,26,12.0,1015.3,1.7,2.7,10,1747.5,0
2020-04-14 15:46:59,3,29,21.9,26,12.0,1015.3,1.7,2.7,10,1747.5,0
2020-04-14 15:49:59,3,29,21.9,23,11.8,1015.4,4.1,6.1,14,1747.5,0
2020-04-14 15:52:59,3,29,21.9,26,11.6,1015.4,1.4,2.0,5,1747.5,0
2020-04-14 15:55:59,3,29,21.9,26,11.7,1015.5,2.4,2.7,8,1747.5,0
2020-04-14 15:58:59,3,29,21.9,26,11.6,1015.4,1.7,2.4,10,1747.5,0
2020-04-14 16:01:59,3,28,22.0,26,11.6,1015.5,3.7,5.8,10,1747.5,0
2020-04-14 16:04:59,3,28,22.0,26,11.6,1015.3,3.7,5.8,10,1747.5,0
2020-04-14 16:07:59,3,28,22.0,26,11.6,1015.4,1.0,1.7,12,1747.5,0
2020-04-14 16:10:59,3,28,22.1,26,11.6,1015.2,1.4,1.7,14,1747.5,0
2020-04-14 16:13:59,3,28,22.1,26,11.7,1015.4,2.0,2.4,10,1747.5,0
2020-04-14 16:16:59,3,28,22.1,30,11.7,1015.4,1.0,1.7,14,1747.5,0
2020-04-14 16:19:59,3,28,22.1,26,11.7,1015.4,1.0,1.7,11,1747.5,0
2020-04-14 16:22:59,3,28,22.1,26,11.7,1015.3,2.0,3.4,10,1747.5,0
2020-04-14 16:25:59,3,28,22.1,26,11.8,1015.4,1.0,1.7,12,1747.5,0
2020-04-14 16:28:59,3,28,22.1,26,11.9,1015.4,1.4,1.7,14,1747.5,0
2020-04-14 16:31:59,3,28,22.1,26,11.9,1015.4,2.0,3.1,12,1747.5,0
2020-04-14 16:34:59,3,28,22.1,26,11.7,1015.4,2.4,3.4,12,1747.5,0
2020-04-14 16:37:59,3,28,22.1,26,11.4,1015.3,1.0,2.0,14,1747.5,0
2020-04-14 16:40:59,3,28,22.2,26,11.3,1015.3,2.4,3.4,12,1747.5,0
2020-04-14 16:43:59,3,28,22.2,30,11.3,1015.3,1.0,1.7,12,1747.5,0
2020-04-14 16:46:59,3,28,22.2,26,11.2,1015.3,2.4,3.4,12,1747.5,0
2020-04-14 16:49:59,3,28,22.2,30,11.1,1015.3,1.4,2.0,0,1747.5,0
2020-04-14 16:52:59,3,28,22.2,30,11.0,1015.3,1.4,1.7,14,1747.5,0
2020-04-14 16:55:59,3,28,22.2,30,11.0,1015.3,2.4,3.1,14,1747.5,0
2020-04-14 16:58:59,3,28,22.1,30,10.9,1015.3,0.7,1.4,14,1747.5,0
2020-04-14 17:01:59,3,28,22.1,30,10.8,1015.2,2.0,2.7,0,1747.5,0
2020-04-14 17:04:59,3,28,22.1,31,10.6,1015.2,1.4,1.7,14,1747.5,0
2020-04-14 17:07:59,3,28,22.1,32,10.4,1015.3,1.4,2.4,10,1747.5,0
2020-04-14 17:10:59,3,28,22.1,32,10.3,1015.2,1.4,2.0,0,1747.5,0
2020-04-14 17:13:59,3,27,22.1,33,10.2,1015.3,2.4,3.7,2,1747.5,0
2020-04-14 17:16:59,3,27,22.1,33,10.1,1015.2,0.7,1.4,14,1747.5,0
2020-04-14 17:19:59,3,27,22.1,34,10.0,1015.2,2.0,2.7,14,1747.5,0
2020-04-14 17:22:59,3,27,22.1,35,9.9,1015.4,2.4,5.1,12,1747.5,0
2020-04-14 17:25:59,3,27,22.1,35,9.8,1015.3,3.1,4.4,0,1747.5,0
2020-04-14 17:28:59,3,27,22.0,35,9.7,1015.4,1.4,1.7,0,1747.5,0
2020-04-14 17:31:59,3,27,22.0,35,9.6,1015.4,3.4,4.8,10,1747.5,0
2020-04-14 17:34:59,3,27,22.0,35,9.5,1015.4,1.4,1.7,6,1747.5,0
2020-04-14 17:37:59,3,27,22.0,35,9.5,1015.5,2.4,3.1,14,1747.5,0
2020-04-14 17:40:59,3,27,22.0,36,9.4,1015.5,2.4,3.7,13,1747.5,0
2020-04-14 17:43:59,3,27,22.0,37,9.4,1015.4,2.0,2.7,14,1747.5,0
2020-04-14 17:46:59,3,26,22.0,38,9.3,1015.5,2.4,3.4,0,1747.5,0
2020-04-14 17:49:59,3,26,22.0,38,9.3,1015.5,0.3,1.0,10,1747.5,0
2020-04-14 17:52:59,3,27,21.9,39,9.2,1015.4,0.7,1.0,8,1747.5,0
2020-04-14 17:55:59,3,27,21.9,39,9.1,1015.4,1.0,1.7,14,1747.5,0
2020-04-14 17:58:59,3,27,21.9,39,9.0,1015.5,1.4,1.7,14,1747.5,0
2020-04-14 18:01:59,3,27,21.9,40,9.0,1015.5,2.4,3.7,14,1747.5,0
2020-04-14 18:04:59,3,27,21.9,40,9.0,1015.7,2.4,3.7,14,1747.5,0
2020-04-14 18:07:59,3,28,21.9,40,8.8,1015.6,0.7,1.0,12,1747.5,0
2020-04-14 18:10:59,3,28,21.9,40,8.7,1015.6,1.7,2.0,14,1747.5,0
2020-04-14 18:13:59,3,29,21.9,41,8.7,1015.7,0.7,1.0,14,1747.5,0
2020-04-14 18:16:59,3,29,21.9,41,8.6,1015.6,1.0,1.4,14,1747.5,0
2020-04-14 18:19:59,3,29,21.9,41,8.6,1015.7,1.0,1.4,14,1747.5,0
2020-04-14 18:22:59,3,29,21.9,42,8.5,1015.6,1.7,2.4,13,1747.5,0
2020-04-14 18:25:59,3,29,21.9,42,8.5,1015.7,1.7,2.0,12,1747.5,0
2020-04-14 18:28:59,3,29,21.9,42,8.4,1015.8,1.7,2.4,10,1747.5,0
2020-04-14 18:31:59,3,29,21.9,42,8.4,1015.8,0.3,1.0,14,1747.5,0
2020-04-14 18:34:59,3,29,21.9,43,8.3,1015.8,1.7,2.4,11,1747.5,0
2020-04-14 18:37:59,3,29,21.9,43,8.2,1015.9,1.4,2.4,8,1747.5,0
2020-04-14 18:40:59,3,29,21.9,43,8.2,1015.8,1.0,1.4,12,1747.5,0
2020-04-14 18:43:59,3,29,21.9,43,8.1,1015.9,2.4,4.8,7,1747.5,0
2020-04-14 18:46:59,3,29,21.9,44,8.1,1016.0,1.7,2.0,0,1747.5,0
2020-04-14 18:49:59,3,29,21.9,44,8.1,1016.0,1.0,1.7,12,1747.5,0
2020-04-14 18:52:59,3,28,21.9,44,8.0,1016.0,2.4,3.4,10,1747.5,0
2020-04-14 18:55:59,3,29,21.9,44,7.9,1016.0,1.7,2.4,9,1747.5,0
2020-04-14 18:58:59,3,29,21.9,44,7.8,1016.0,1.0,1.7,12,1747.5,0
2020-04-14 19:01:59,3,29,21.9,45,7.8,1016.0,0.7,1.0,14,1747.5,0
2020-04-14 19:04:59,3,29,21.9,45,7.8,1016.2,2.0,2.7,12,1747.5,0
2020-04-14 19:07:59,3,29,21.9,45,7.7,1016.3,1.4,2.4,0,1747.5,0
2020-04-14 19:10:59,3,29,21.9,46,7.7,1016.4,0.7,1.4,14,1747.5,0
2020-04-14 19:13:59,3,29,21.9,46,7.7,1016.5,0.3,0.7,12,1747.5,0
2020-04-14 19:16:59,3,29,21.9,46,7.6,1016.5,0,0.3,14,1747.5,0
2020-04-14 19:19:59,3,29,21.9,46,7.5,1016.6,1.4,2.0,10,1747.5,0
2020-04-14 19:22:59,3,28,22.0,46,7.5,1016.6,1.7,2.4,12,1747.5,0
2020-04-14 19:25:59,3,28,22.0,47,7.5,1016.6,1.7,2.0,12,1747.5,0
2020-04-14 19:28:59,3,28,22.0,52,7.4,1016.5,1.0,1.4,10,1747.5,0
2020-04-14 19:31:59,3,28,22.0,53,7.4,1016.6,1.4,2.0,12,1747.5,0
2020-04-14 19:34:59,3,28,22.0,52,7.3,1016.7,1.0,2.0,14,1747.5,0
2020-04-14 19:37:59,3,28,22.0,52,7.3,1016.5,0.7,1.0,14,1747.5,0
2020-04-14 19:40:59,3,28,22.0,53,7.2,1016.5,1.0,1.7,10,1747.5,0
2020-04-14 19:43:59,3,28,22.1,53,7.1,1016.4,0.7,1.0,12,1747.5,0
2020-04-14 19:46:59,3,28,22.1,54,7.1,1016.4,0.3,0.7,10,1747.5,0
2020-04-14 19:49:59,3,28,22.1,54,7.0,1016.4,2.0,3.4,11,1747.5,0
2020-04-14 19:52:59,3,29,22.1,54,7.0,1016.4,1.7,2.4,14,1747.5,0
2020-04-14 19:55:59,3,29,22.1,54,7.0,1016.4,0.7,1.4,14,1747.5,0
2020-04-14 19:58:59,3,29,22.1,54,6.9,1016.3,2.0,2.7,12,1747.5,0
2020-04-14 20:01:59,3,29,22.1,54,6.9,1016.3,1.7,2.4,10,1747.5,0
2020-04-14 20:04:59,3,29,22.1,54,6.9,1016.3,1.7,2.4,10,1747.5,0
2020-04-14 20:07:59,3,29,22.1,55,6.8,1016.4,1.0,1.7,12,1747.5,0
2020-04-14 20:10:59,3,28,22.1,55,6.8,1016.4,1.0,1.4,12,1747.5,0
2020-04-14 20:13:59,3,28,22.1,55,6.7,1016.4,0.7,1.4,12,1747.5,0
2020-04-14 20:16:59,3,28,22.1,55,6.7,1016.4,0.7,1.0,10,1747.5,0
2020-04-14 20:19:59,3,28,22.1,56,6.6,1016.3,1.0,1.4,10,1747.5,0
2020-04-14 20:22:59,3,28,22.2,56,6.6,1016.3,0.3,0.7,10,1747.5,0
2020-04-14 20:25:59,3,28,22.2,56,6.5,1016.2,1.0,1.7,12,1747.5,0
2020-04-14 20:28:59,3,28,22.2,56,6.4,1016.2,1.0,1.4,8,1747.5,0
2020-04-14 20:31:59,3,28,22.2,57,6.3,1016.3,0.7,1.0,8,1747.5,0
2020-04-14 20:34:59,3,28,22.2,57,6.3,1016.3,1.4,2.0,12,1747.5,0
2020-04-14 20:37:59,3,28,22.2,57,6.2,1016.2,0.7,1.4,10,1747.5,0
2020-04-14 20:40:59,3,28,22.2,57,6.2,1016.1,0.7,1.0,0,1747.5,0
2020-04-14 20:43:59,3,28,22.1,57,6.1,1016.1,0.7,0.7,10,1747.5,0
2020-04-14 20:46:59,3,28,22.1,58,6.1,1016.1,0.7,1.0,11,1747.5,0
2020-04-14 20:49:59,3,28,22.1,58,6.0,1016.0,1.4,2.0,12,1747.5,0
2020-04-14 20:52:59,3,28,22.1,58,6.0,1016.0,0.7,1.0,10,1747.5,0
2020-04-14 20:55:59,3,28,22.1,59,6.0,1016.2,1.0,1.4,10,1747.5,0
2020-04-14 20:58:59,3,28,22.1,60,6.0,1016.0,0.3,0.7,10,1747.5,0
2020-04-14 21:01:59,3,28,22.1,60,5.9,1016.0,0.3,0.7,8,1747.5,0
2020-04-14 21:04:59,3,28,22.1,60,5.9,1016.1,1.0,1.4,12,1747.5,0
2020-04-14 21:07:59,3,28,22.0,60,5.8,1016.0,0.7,1.0,12,1747.5,0
2020-04-14 21:10:59,3,28,22.0,61,5.8,1016.0,0.3,0.7,9,1747.5,0
2020-04-14 21:13:59,3,28,22.0,61,5.7,1016.2,0,0.3,10,1747.5,0
2020-04-14 21:16:59,3,28,22.0,61,5.7,1016.1,0.3,0.7,10,1747.5,0
2020-04-14 21:19:59,3,29,21.9,61,5.7,1016.2,0.7,1.4,10,1747.5,0
2020-04-14 21:22:59,3,29,21.9,61,5.7,1016.4,0.3,1.0,10,1747.5,0
2020-04-14 21:25:59,3,29,21.9,61,5.7,1016.4,0,0.3,12,1747.5,0
2020-04-14 21:28:59,3,29,21.9,61,5.7,1016.3,0.7,1.4,12,1747.5,0
2020-04-14 21:31:59,3,29,21.9,61,5.7,1016.4,0.3,0.7,10,1747.5,0
2020-04-14 21:34:59,3,29,21.9,61,5.7,1016.2,1.0,1.7,12,1747.5,0
2020-04-14 21:37:59,3,29,21.9,61,5.7,1016.3,1.0,1.4,8,1747.5,0
2020-04-14 21:40:59,3,29,21.9,61,5.6,1016.3,0.3,0.7,10,1747.5,0
2020-04-14 21:43:59,3,29,21.9,61,5.6,1016.2,0.7,0.7,10,1747.5,0
2020-04-14 21:46:59,3,29,21.8,61,5.6,1016.3,0.7,1.4,10,1747.5,0
2020-04-14 21:49:59,3,29,21.9,61,5.5,1016.2,0.7,1.4,10,1747.5,0
2020-04-14 21:52:59,3,29,21.8,61,5.6,1016.1,1.0,1.4,10,1747.5,0
2020-04-14 21:55:59,3,29,21.8,61,5.6,1016.1,1.0,1.4,14,1747.5,0
2020-04-14 21:58:59,3,29,21.8,61,5.6,1016.0,0.7,1.4,12,1747.5,0
