2018-10-03 00:01:59,3,42,21.0,80,10.9,1004.8,2.7,4.8,12,1015.5,0
2018-10-03 00:04:59,3,43,20.9,80,10.9,1004.7,2.7,4.8,12,1015.5,0
2018-10-03 00:07:59,3,43,20.9,79,10.8,1004.8,3.1,4.1,10,1015.5,0
2018-10-03 00:10:59,3,43,20.9,78,10.8,1004.8,2.4,4.1,10,1015.5,0
2018-10-03 00:13:59,3,43,20.9,78,10.8,1004.8,2.4,3.4,12,1015.8,0
2018-10-03 00:16:59,3,42,20.9,78,10.8,1004.8,2.4,3.7,8,1015.8,0
2018-10-03 00:19:59,3,42,20.9,77,10.8,1004.9,1.4,2.0,10,1015.8,0
2018-10-03 00:22:59,3,42,20.9,77,10.8,1004.7,3.4,4.8,10,1015.8,0
2018-10-03 00:25:59,3,42,20.9,76,10.8,1004.8,2.7,3.7,13,1015.8,0
2018-10-03 00:28:59,3,42,20.9,76,10.8,1004.9,2.4,3.4,11,1015.8,0
2018-10-03 00:31:59,3,42,20.9,76,10.8,1004.9,2.7,3.4,10,1015.8,0
2018-10-03 00:34:59,3,42,20.8,75,10.7,1004.8,2.7,3.4,12,1015.8,0
2018-10-03 00:37:59,3,42,20.8,75,10.7,1004.7,1.7,2.4,10,1015.8,0
2018-10-03 00:40:59,3,42,20.8,75,10.7,1004.6,3.4,4.4,10,1015.8,0
2018-10-03 00:43:59,3,42,20.7,75,10.7,1004.8,3.7,5.8,11,1015.8,0
2018-10-03 00:46:59,3,42,20.7,75,10.6,1004.6,3.4,4.1,8,1015.8,0
2018-10-03 00:49:59,3,42,20.7,75,10.6,1004.7,2.4,3.1,12,1015.8,0
2018-10-03 00:52:59,3,42,20.7,75,10.6,1004.7,3.4,4.8,12,1015.8,0
2018-10-03 00:55:59,3,42,20.7,75,10.6,1004.7,2.4,3.4,12,1015.8,0
2018-10-03 00:58:59,3,42,20.7,75,10.6,1004.7,3.1,4.8,9,1015.8,0
2018-10-03 01:01:59,3,42,20.7,75,10.6,1004.7,2.4,3.4,10,1015.8,0
2018-10-03 01:04:59,3,42,20.6,74,10.7,1004.7,3.4,4.8,14,1015.8,0
2018-10-03 01:07:59,3,42,20.6,74,10.7,1004.7,2.4,2.7,10,1015.8,0
2018-10-03 01:10:59,3,42,20.7,74,10.7,1004.9,3.7,4.8,8,1015.8,0
2018-10-03 01:13:59,3,42,20.6,74,10.7,1004.9,3.7,5.4,8,1015.8,0
2018-10-03 01:16:59,3,42,20.6,74,10.7,1004.8,2.7,4.4,10,1015.8,0
2018-10-03 01:19:59,3,42,20.6,75,10.7,1004.8,2.0,2.4,10,1015.8,0
2018-10-03 01:22:59,3,42,20.6,75,10.6,1004.8,2.7,3.4,10,1015.8,0
2018-10-03 01:25:59,3,42,20.6,76,10.5,1004.8,2.4,3.4,10,1015.8,0
2018-10-03 01:28:59,3,42,20.6,78,10.2,1004.9,2.0,2.7,10,1015.8,0
2018-10-03 01:31:59,3,42,20.6,80,10.0,1005.0,2.0,3.1,10,1015.8,0
2018-10-03 01:34:59,3,42,20.6,81,9.9,1005.0,2.7,4.4,10,1015.8,0
2018-10-03 01:37:59,3,42,20.6,82,9.8,1004.9,3.1,4.4,10,1015.8,0
2018-10-03 01:40:59,3,42,20.5,82,9.8,1005.0,1.7,2.4,10,1015.8,0
2018-10-03 01:43:59,3,42,20.5,82,9.7,1005.0,4.4,8.2,8,1015.8,0
2018-10-03 01:46:59,3,42,20.5,82,9.8,1005.0,4.4,5.8,12,1015.8,0
2018-10-03 01:49:59,3,42,20.5,82,9.7,1005.0,3.1,4.4,14,1015.8,0
2018-10-03 01:52:59,3,42,20.5,81,9.7,1005.0,1.7,2.0,10,1015.8,0
2018-10-03 01:55:59,3,42,20.5,81,9.7,1005.2,2.7,3.7,10,1015.8,0
2018-10-03 01:58:59,3,42,20.5,81,9.7,1005.0,2.0,2.7,8,1015.8,0
2018-10-03 02:01:59,3,42,20.5,81,9.7,1005.1,2.4,3.7,10,1015.8,0
2018-10-03 02:04:59,3,42,20.5,81,9.7,1005.0,2.4,3.7,10,1015.8,0
2018-10-03 02:07:59,3,42,20.5,80,9.8,1005.0,4.8,6.8,13,1016.1,0
2018-10-03 02:10:59,3,42,20.4,80,9.9,1005.0,1.7,2.4,12,1016.1,0
2018-10-03 02:13:59,3,42,20.4,80,9.9,1005.0,3.7,5.1,12,1016.1,0
2018-10-03 02:16:59,3,42,20.4,80,9.9,1005.1,1.7,2.7,11,1016.1,0
2018-10-03 02:19:59,3,42,20.4,79,9.9,1005.0,2.4,3.1,12,1016.1,0
2018-10-03 02:22:59,3,42,20.4,79,9.9,1005.0,2.7,4.1,12,1016.1,0
2018-10-03 02:25:59,3,42,20.4,78,10.0,1005.0,3.1,3.7,10,1016.1,0
2018-10-03 02:28:59,3,42,20.4,77,10.0,1004.9,2.7,3.1,10,1016.1,0
2018-10-03 02:31:59,3,42,20.4,77,10.0,1005.1,3.4,4.4,12,1016.1,0
2018-10-03 02:34:59,3,42,20.3,76,10.0,1005.0,2.0,3.1,14,1016.1,0
2018-10-03 02:37:59,3,42,20.3,76,10.0,1005.1,3.4,6.5,12,1016.1,0
2018-10-03 02:40:59,3,42,20.3,76,10.1,1005.0,3.1,4.1,10,1016.1,0
2018-10-03 02:43:59,3,42,20.3,76,10.1,1005.1,2.7,4.1,12,1016.1,0
2018-10-03 02:46:59,3,42,20.3,76,10.1,1005.1,2.7,4.1,12,1016.1,0
2018-10-03 02:49:59,3,42,20.3,76,10.1,1005.2,3.7,6.1,12,1016.1,0
2018-10-03 02:52:59,3,42,20.3,76,10.0,1005.2,1.7,2.4,12,1016.1,0
2018-10-03 02:55:59,3,42,20.3,76,10.0,1005.2,4.1,5.4,0,1016.1,0
2018-10-03 02:58:59,3,42,20.3,76,10.0,1005.1,3.7,5.1,12,1016.1,0
2018-10-03 03:01:59,3,42,20.3,76,10.0,1005.0,3.7,5.1,12,1016.1,0
2018-10-03 03:04:59,3,42,20.3,76,10.0,1005.0,3.7,5.8,10,1016.1,0
2018-10-03 03:07:59,3,42,20.3,76,10.1,1005.1,2.4,4.4,9,1016.1,0
2018-10-03 03:10:59,3,42,20.2,75,10.1,1005.0,3.1,4.1,12,1016.1,0
2018-10-03 03:13:59,3,42,20.2,75,10.1,1005.1,4.1,7.1,12,1016.1,0
2018-10-03 03:16:59,3,42,20.2,75,10.0,1005.2,2.4,3.1,8,1016.1,0
2018-10-03 03:19:59,3,42,20.2,75,10.0,1005.0,2.0,2.7,10,1016.1,0
2018-10-03 03:22:59,3,42,20.2,75,10.0,1005.3,3.7,5.1,10,1016.1,0
2018-10-03 03:25:59,3,42,20.1,75,9.9,1005.2,2.4,3.7,10,1016.1,0
2018-10-03 03:28:59,3,42,20.1,75,9.9,1005.0,1.7,2.0,10,1016.1,0
2018-10-03 03:31:59,3,42,20.1,75,9.9,1005.3,2.7,4.1,8,1016.1,0
2018-10-03 03:34:59,3,42,20.1,75,9.9,1005.1,2.4,4.8,10,1016.1,0
2018-10-03 03:37:59,3,42,20.1,75,9.9,1005.1,2.7,3.7,14,1016.1,0
2018-10-03 03:40:59,3,42,20.1,75,9.9,1005.1,3.7,5.4,10,1016.1,0
2018-10-03 03:43:59,3,42,20.1,74,9.9,1005.1,2.4,5.8,12,1016.1,0
2018-10-03 03:46:59,3,42,20.1,74,9.9,1005.2,3.4,5.1,10,1016.1,0
2018-10-03 03:49:59,3,42,20.1,74,9.9,1005.2,2.7,3.7,10,1016.1,0
2018-10-03 03:52:59,3,42,20.1,74,9.9,1005.3,3.1,4.8,12,1016.1,0
2018-10-03 03:55:59,3,42,20.1,74,9.9,1005.4,2.4,2.7,12,1016.1,0
2018-10-03 03:58:59,3,42,20.1,74,9.9,1005.3,2.7,3.4,10,1016.1,0
2018-10-03 04:01:59,3,42,20.1,74,9.9,1005.2,3.4,6.1,10,1016.1,0
2018-10-03 04:04:59,3,42,20.1,74,9.9,1005.3,3.4,6.1,10,1016.1,0
2018-10-03 04:07:59,3,42,20.1,74,10.0,1005.3,3.4,5.1,0,1016.1,0
2018-10-03 04:10:59,3,42,20.1,74,10.0,1005.3,2.0,2.4,10,1016.1,0
2018-10-03 04:13:59,3,42,20.1,73,10.0,1005.3,4.1,6.1,10,1016.1,0
2018-10-03 04:16:59,3,42,20.2,73,10.0,1005.3,1.4,2.0,10,1016.1,0
2018-10-03 04:19:59,3,42,20.2,74,10.0,1005.3,3.1,4.8,10,1016.1,0
2018-10-03 04:22:59,3,42,20.2,73,10.0,1005.4,3.1,4.4,10,1016.1,0
2018-10-03 04:25:59,3,43,20.2,73,10.0,1005.5,2.4,3.1,10,1016.1,0
2018-10-03 04:28:59,3,42,20.3,73,10.0,1005.5,2.0,2.7,10,1016.1,0
2018-10-03 04:31:59,3,42,20.3,73,10.0,1005.5,2.7,3.4,12,1016.1,0
2018-10-03 04:34:59,3,42,20.3,73,10.0,1005.5,2.7,3.4,8,1016.1,0
2018-10-03 04:37:59,3,42,20.4,73,10.1,1005.6,3.1,4.1,12,1016.1,0
2018-10-03 04:40:59,3,42,20.4,73,10.1,1005.5,3.4,5.8,12,1016.1,0
2018-10-03 04:43:59,3,42,20.4,72,10.1,1005.5,2.4,3.7,10,1016.1,0
2018-10-03 04:46:59,3,43,20.4,72,10.1,1005.3,3.1,5.1,12,1016.1,0
2018-10-03 04:49:59,3,42,20.5,72,10.1,1005.4,3.4,5.1,10,1016.1,0
2018-10-03 04:52:59,3,43,20.5,72,10.1,1005.5,2.4,3.4,10,1016.1,0
2018-10-03 04:55:59,3,43,20.5,72,10.1,1005.6,2.4,3.4,11,1016.1,0
2018-10-03 04:58:59,3,43,20.5,72,10.1,1005.8,5.4,9.2,12,1016.1,0
2018-10-03 05:01:59,3,43,20.5,72,10.1,1005.7,2.4,3.1,11,1016.1,0
2018-10-03 05:04:59,3,43,20.6,72,10.1,1005.7,2.0,2.7,14,1016.1,0
2018-10-03 05:07:59,3,43,20.6,72,10.1,1005.9,3.1,5.1,4,1016.1,0
2018-10-03 05:10:59,3,43,20.6,72,10.1,1005.9,3.4,5.1,12,1016.1,0
2018-10-03 05:13:59,3,42,20.6,73,10.1,1005.8,4.1,6.1,12,1016.1,0
2018-10-03 05:16:59,3,42,20.6,73,10.1,1005.7,2.0,2.7,10,1016.1,0
2018-10-03 05:19:59,3,42,20.6,73,10.1,1005.8,4.1,5.8,10,1016.1,0
2018-10-03 05:22:59,3,43,20.6,73,10.1,1005.8,3.1,4.1,10,1016.1,0
2018-10-03 05:25:59,3,43,20.7,73,10.0,1005.9,2.7,4.8,12,1016.1,0
2018-10-03 05:28:59,3,43,20.7,72,10.0,1005.9,2.7,3.4,10,1016.1,0
2018-10-03 05:31:59,3,43,20.7,73,10.0,1006.0,2.7,4.1,10,1016.1,0
2018-10-03 05:34:59,3,43,20.7,73,10.0,1006.0,2.0,3.1,10,1016.1,0
2018-10-03 05:37:59,3,43,20.7,73,10.0,1006.1,2.0,3.1,10,1016.1,0
2018-10-03 05:40:59,3,43,20.7,73,9.9,1006.1,2.4,3.1,8,1016.1,0
2018-10-03 05:43:59,3,43,20.7,74,9.9,1006.2,2.0,2.4,10,1016.1,0
2018-10-03 05:46:59,3,43,20.8,74,9.8,1006.2,2.7,4.1,10,1016.1,0
2018-10-03 05:49:59,3,43,20.9,75,9.7,1006.1,3.4,5.1,11,1016.1,0
2018-10-03 05:52:59,3,42,21.0,75,9.8,1006.5,2.4,3.4,10,1016.1,0
2018-10-03 05:55:59,3,42,21.2,75,9.8,1006.5,2.7,3.1,8,1016.1,0
2018-10-03 05:58:59,3,41,21.3,75,9.9,1006.5,1.7,2.4,12,1016.1,0
2018-10-03 06:01:59,3,41,21.5,74,9.9,1006.6,5.1,6.8,14,1016.1,0
2018-10-03 06:04:59,3,41,21.7,74,9.9,1006.6,5.1,6.8,14,1016.1,0
2018-10-03 06:07:59,3,40,21.8,74,10.0,1006.6,2.0,3.4,14,1016.1,0
2018-10-03 06:10:59,3,40,21.9,74,10.0,1006.8,2.7,3.4,10,1016.1,0
2018-10-03 06:13:59,3,39,22.1,74,10.0,1006.9,2.7,4.1,12,1016.1,0
2018-10-03 06:16:59,3,39,22.2,74,10.1,1006.9,2.4,3.1,8,1016.1,0
2018-10-03 06:19:59,3,39,22.2,74,10.1,1006.8,1.7,3.1,12,1016.1,0
2018-10-03 06:22:59,3,39,22.3,74,10.1,1006.9,1.7,2.4,10,1016.1,0
2018-10-03 06:25:59,3,38,22.4,73,10.3,1007.1,2.0,2.7,10,1016.1,0
2018-10-03 06:28:59,3,38,22.6,73,10.4,1007.1,1.7,2.4,12,1016.1,0
2018-10-03 06:31:59,3,38,22.7,72,10.4,1007.2,3.7,4.8,10,1016.1,0
2018-10-03 06:34:59,3,38,22.7,72,10.4,1007.1,1.4,3.1,10,1016.1,0
2018-10-03 06:37:59,3,38,22.8,72,10.5,1007.1,2.7,3.4,12,1016.1,0
2018-10-03 06:40:59,3,38,22.9,72,10.5,1007.2,3.1,4.4,14,1016.1,0
2018-10-03 06:43:59,3,37,23.0,72,10.5,1007.4,3.4,4.4,12,1016.1,0
2018-10-03 06:46:59,3,37,23.0,72,10.5,1007.3,2.0,3.1,14,1016.1,0
2018-10-03 06:49:59,3,37,23.1,72,10.5,1007.6,2.0,3.1,10,1016.1,0
2018-10-03 06:52:59,3,37,23.1,72,10.5,1007.4,4.4,6.8,14,1016.1,0
2018-10-03 06:55:59,3,37,23.1,72,10.5,1007.5,3.7,4.4,14,1016.1,0
2018-10-03 06:58:59,3,36,23.3,72,10.6,1007.6,3.7,4.8,10,1016.1,0
2018-10-03 07:01:59,3,36,23.3,72,10.6,1007.6,3.7,5.8,14,1016.1,0
2018-10-03 07:04:59,3,37,23.4,72,10.6,1007.6,2.0,3.4,14,1016.1,0
2018-10-03 07:07:59,3,36,23.4,72,10.7,1007.8,2.4,3.4,11,1016.1,0
2018-10-03 07:10:59,3,36,23.4,72,10.7,1007.9,4.4,6.5,10,1016.1,0
2018-10-03 07:13:59,3,36,23.5,71,10.8,1007.9,3.4,4.4,10,1016.1,0
2018-10-03 07:16:59,3,36,23.6,71,10.8,1008.0,1.4,2.7,12,1016.1,0
2018-10-03 07:19:59,3,36,23.6,71,10.8,1007.7,3.7,6.8,10,1016.1,0
2018-10-03 07:22:59,3,35,23.6,71,10.9,1008.1,3.7,6.5,14,1016.1,0
2018-10-03 07:25:59,3,35,23.6,71,11.1,1008.1,3.1,4.1,12,1016.1,0
2018-10-03 07:28:59,3,35,23.6,71,11.1,1008.2,2.0,2.4,10,1016.1,0
2018-10-03 07:31:59,3,35,23.7,71,11.0,1008.1,2.4,5.1,12,1016.1,0
2018-10-03 07:34:59,3,35,23.8,71,11.0,1008.3,4.4,6.5,12,1016.1,0
2018-10-03 07:37:59,3,35,23.8,72,11.0,1008.3,1.4,2.4,14,1016.1,0
2018-10-03 07:40:59,3,35,23.8,72,11.0,1008.4,3.1,5.4,11,1016.1,0
2018-10-03 07:43:59,3,34,24.0,72,11.0,1008.5,3.4,4.4,11,1016.1,0
2018-10-03 07:46:59,3,34,24.0,72,11.1,1008.4,1.4,1.7,14,1016.1,0
2018-10-03 07:49:59,3,34,24.2,72,11.4,1008.5,5.1,7.5,10,1016.1,0
2018-10-03 07:52:59,3,34,24.2,72,11.7,1008.7,4.1,6.1,10,1016.1,0
2018-10-03 07:55:59,3,34,24.3,71,11.8,1008.6,3.4,4.8,12,1016.1,0
2018-10-03 07:58:59,3,34,24.4,71,11.6,1008.7,3.7,5.4,13,1016.1,0
2018-10-03 08:01:59,3,34,24.4,71,11.5,1008.8,3.7,5.1,10,1016.1,0
2018-10-03 08:04:59,3,34,24.5,71,11.5,1008.7,3.7,5.1,10,1016.1,0
2018-10-03 08:07:59,3,33,24.5,71,11.4,1008.7,3.7,5.4,10,1016.1,0
2018-10-03 08:10:59,3,33,24.5,72,11.4,1008.8,3.4,4.8,12,1016.1,0
2018-10-03 08:13:59,3,33,24.5,72,11.4,1008.9,2.4,3.7,12,1016.1,0
2018-10-03 08:16:59,3,34,24.2,71,11.4,1008.8,5.1,8.5,14,1016.1,0
2018-10-03 08:19:59,3,34,24.0,71,11.7,1008.9,3.4,6.8,14,1016.1,0
2018-10-03 08:22:59,3,35,23.8,71,11.8,1008.9,2.4,3.4,11,1016.1,0
2018-10-03 08:25:59,3,35,23.7,70,12.0,1008.9,4.4,6.1,12,1016.1,0
2018-10-03 08:28:59,3,35,23.6,70,12.1,1009.0,3.4,4.8,12,1016.1,0
2018-10-03 08:31:59,3,36,23.4,70,12.1,1009.0,2.0,3.4,9,1016.1,0
2018-10-03 08:34:59,3,36,23.4,70,12.1,1008.9,3.1,4.1,12,1016.1,0
2018-10-03 08:37:59,3,36,23.3,70,12.2,1009.0,4.1,6.5,12,1016.1,0
2018-10-03 08:40:59,3,36,23.1,70,12.2,1009.0,2.4,4.1,14,1016.1,0
2018-10-03 08:43:59,3,36,23.1,70,12.1,1009.1,2.0,3.1,12,1016.1,0
2018-10-03 08:46:59,3,36,23.1,70,12.1,1009.1,2.4,3.1,14,1016.1,0
2018-10-03 08:49:59,3,37,23.0,70,12.0,1009.1,3.4,5.4,14,1016.1,0
2018-10-03 08:52:59,3,37,23.0,70,12.0,1009.2,1.7,2.4,10,1016.1,0
2018-10-03 08:55:59,3,38,22.9,70,11.9,1009.3,4.1,5.1,0,1016.1,0
2018-10-03 08:58:59,3,38,22.9,70,11.9,1009.3,2.0,3.1,12,1016.1,0
2018-10-03 09:01:59,3,38,22.8,70,11.9,1009.4,2.7,3.7,10,1016.1,0
2018-10-03 09:04:59,3,38,22.7,69,11.9,1009.4,1.0,2.0,12,1016.1,0
2018-10-03 09:07:59,3,38,22.7,70,11.9,1009.5,2.7,3.7,14,1016.1,0
2018-10-03 09:10:59,3,38,22.7,69,11.9,1009.6,3.4,4.4,10,1016.1,0
2018-10-03 09:13:59,3,38,22.7,69,11.9,1009.6,3.4,4.4,14,1016.1,0
2018-10-03 09:16:59,3,38,22.6,69,12.1,1009.7,1.7,2.7,14,1016.1,0
2018-10-03 09:19:59,3,38,22.6,68,12.1,1009.8,1.4,2.4,14,1016.1,0
2018-10-03 09:22:59,3,38,22.6,68,12.1,1009.5,3.7,4.4,12,1016.1,0
2018-10-03 09:25:59,3,38,22.6,68,12.0,1009.7,2.7,3.4,12,1016.1,0
2018-10-03 09:28:59,3,38,22.5,69,12.1,1009.8,1.7,2.4,10,1016.1,0
2018-10-03 09:31:59,3,38,22.5,68,12.4,1009.8,1.7,2.0,14,1016.1,0
2018-10-03 09:34:59,3,38,22.4,63,12.5,1009.9,3.4,5.1,14,1016.1,0
2018-10-03 09:37:59,3,38,22.3,62,12.5,1009.9,2.7,3.4,14,1016.1,0
2018-10-03 09:40:59,3,38,22.3,65,12.4,1010.0,2.4,4.4,14,1016.1,0
2018-10-03 09:43:59,3,39,22.2,65,12.4,1010.2,1.7,2.7,0,1016.1,0
2018-10-03 09:46:59,3,39,22.2,65,12.4,1010.2,3.7,5.4,10,1016.1,0
2018-10-03 09:49:59,3,39,22.2,65,12.4,1010.1,3.1,4.1,12,1016.1,0
2018-10-03 09:52:59,3,39,22.2,62,12.5,1010.3,4.1,5.4,13,1016.1,0
2018-10-03 09:55:59,3,39,22.1,61,12.6,1010.3,3.4,4.4,12,1016.1,0
2018-10-03 09:58:59,3,39,22.1,61,12.5,1010.2,3.7,5.4,14,1016.1,0
2018-10-03 10:01:59,3,39,22.1,65,12.4,1010.3,2.7,4.4,0,1016.1,0
2018-10-03 10:04:59,3,39,22.0,65,12.4,1010.5,2.7,4.4,0,1016.1,0
2018-10-03 10:07:59,3,39,22.0,63,12.5,1010.4,1.7,2.0,8,1016.1,0
2018-10-03 10:10:59,3,40,21.9,63,12.6,1010.5,1.7,2.4,10,1016.1,0
2018-10-03 10:13:59,3,40,21.9,63,12.7,1010.6,2.0,3.1,10,1016.1,0
2018-10-03 10:16:59,3,41,21.9,63,12.8,1010.6,1.7,2.4,10,1016.1,0
2018-10-03 10:19:59,3,41,21.9,62,12.8,1010.6,2.7,4.4,14,1016.1,0
2018-10-03 10:22:59,3,41,21.9,62,12.7,1010.5,2.0,3.1,12,1016.1,0
2018-10-03 10:25:59,3,41,21.8,62,12.7,1010.5,2.7,3.1,12,1016.1,0
2018-10-03 10:28:59,3,41,21.8,61,12.8,1010.6,3.4,4.1,12,1016.1,0
2018-10-03 10:31:59,3,41,21.8,61,12.8,1010.6,2.0,3.4,12,1016.1,0
2018-10-03 10:34:59,3,41,21.8,62,12.7,1010.7,2.0,3.4,10,1016.1,0
2018-10-03 10:37:59,3,41,21.8,69,12.4,1010.8,3.4,5.4,12,1016.1,0
2018-10-03 10:40:59,3,41,21.8,70,12.0,1010.9,2.7,4.1,12,1016.1,0
2018-10-03 10:43:59,3,41,21.7,72,11.8,1011.0,1.7,2.4,12,1016.1,0
2018-10-03 10:46:59,3,41,21.7,73,11.7,1010.9,1.4,1.7,14,1016.1,0
2018-10-03 10:49:59,3,41,21.7,74,11.6,1010.9,1.0,1.4,12,1016.1,0
2018-10-03 10:52:59,3,42,21.7,74,11.7,1010.8,1.4,2.0,0,1016.1,0
2018-10-03 10:55:59,3,41,21.7,76,12.2,1010.9,1.0,1.7,12,1016.1,0
2018-10-03 10:58:59,3,41,21.7,72,12.5,1010.9,0.7,1.0,8,1016.1,0
2018-10-03 11:01:59,3,41,21.7,71,12.7,1011.0,2.4,3.4,0,1016.1,0
2018-10-03 11:04:59,3,42,21.7,68,12.6,1011.0,1.0,1.4,14,1016.1,0
2018-10-03 11:07:59,3,42,21.7,70,12.4,1011.1,1.4,3.1,12,1016.1,0
2018-10-03 11:10:59,3,42,21.6,71,12.3,1011.2,2.7,3.7,1,1016.1,0
2018-10-03 11:13:59,3,42,21.6,71,12.0,1011.3,3.7,5.4,12,1016.1,0
2018-10-03 11:16:59,3,42,21.6,72,11.6,1011.4,1.4,2.4,12,1016.1,0
2018-10-03 11:19:59,3,42,21.6,74,11.3,1011.2,1.7,2.4,12,1016.1,0
2018-10-03 11:22:59,3,42,21.6,76,11.1,1011.2,0.7,1.0,14,1016.1,0
2018-10-03 11:25:59,3,42,21.6,77,11.2,1011.2,2.4,3.1,12,1016.4,0
2018-10-03 11:28:59,3,42,21.6,79,11.6,1011.2,2.7,3.4,12,1016.4,0
2018-10-03 11:31:59,3,43,21.6,79,12.0,1011.2,2.4,3.4,12,1016.4,0
2018-10-03 11:34:59,3,43,21.5,77,11.9,1011.2,1.4,1.7,14,1016.4,0
2018-10-03 11:37:59,3,43,21.5,76,11.9,1011.5,1.0,1.4,12,1016.4,0
2018-10-03 11:40:59,3,43,21.6,76,12.1,1011.5,1.0,2.0,12,1016.4,0
2018-10-03 11:43:59,3,43,21.6,75,12.4,1011.5,1.7,2.0,12,1016.4,0
2018-10-03 11:46:59,3,43,21.6,72,12.6,1011.5,2.0,2.7,12,1016.4,0
2018-10-03 11:49:59,3,43,21.6,71,12.7,1011.5,2.0,3.4,12,1016.4,0
2018-10-03 11:52:59,3,43,21.6,70,12.8,1011.5,1.7,2.0,12,1016.4,0
2018-10-03 11:55:59,3,43,21.6,70,13.3,1011.7,2.0,2.4,12,1016.4,0
2018-10-03 11:58:59,3,43,21.7,67,13.6,1011.6,2.7,4.4,10,1016.4,0
2018-10-03 12:01:59,3,44,21.7,64,13.6,1011.6,2.7,4.1,14,1016.4,0
2018-10-03 12:04:59,3,44,21.7,64,13.6,1011.6,2.7,4.1,14,1016.4,0
2018-10-03 12:07:59,3,44,21.7,63,14.1,1011.8,0.7,1.4,8,1016.4,0
2018-10-03 12:10:59,3,44,21.7,62,14.3,1011.7,2.0,3.4,12,1016.4,0
2018-10-03 12:13:59,3,44,21.7,60,14.2,1011.7,2.7,3.4,13,1016.4,0
2018-10-03 12:16:59,3,44,21.7,59,13.8,1011.8,2.4,3.1,12,1016.4,0
2018-10-03 12:19:59,3,45,21.7,60,13.6,1011.9,1.7,2.4,14,1016.4,0
2018-10-03 12:22:59,3,45,21.8,61,13.4,1011.9,1.0,1.7,12,1016.4,0
2018-10-03 12:25:59,3,45,21.8,60,13.4,1011.9,1.0,1.7,12,1016.4,0
2018-10-03 12:28:59,3,45,21.8,58,13.4,1012.0,1.4,2.0,14,1016.4,0
2018-10-03 12:31:59,3,44,21.8,56,13.3,1012.0,3.1,4.1,14,1016.4,0
2018-10-03 12:34:59,3,44,21.8,55,13.3,1012.1,2.7,3.7,8,1016.4,0
2018-10-03 12:37:59,3,44,21.8,56,13.4,1012.2,2.7,3.7,14,1016.4,0
2018-10-03 12:40:59,3,44,21.8,56,13.4,1012.1,1.7,2.7,0,1016.4,0
2018-10-03 12:43:59,3,44,21.8,57,13.4,1012.1,2.4,5.8,12,1016.4,0
2018-10-03 12:46:59,3,44,21.8,56,13.4,1012.1,2.4,3.1,14,1016.4,0
2018-10-03 12:49:59,3,44,21.8,53,13.4,1012.3,3.4,5.1,12,1016.4,0
2018-10-03 12:52:59,3,44,21.8,51,13.4,1012.2,1.4,2.4,6,1016.4,0
2018-10-03 12:55:59,3,44,21.8,51,13.4,1012.3,3.1,5.4,14,1016.4,0
2018-10-03 12:58:59,3,44,21.8,50,13.4,1012.3,2.7,4.4,12,1016.4,0
2018-10-03 13:01:59,3,44,21.8,50,13.5,1012.3,5.4,6.8,14,1016.4,0
2018-10-03 13:04:59,3,44,21.8,49,13.7,1012.3,4.4,6.1,12,1016.4,0
2018-10-03 13:07:59,3,44,21.8,50,14.0,1012.4,3.1,4.8,13,1016.4,0
2018-10-03 13:10:59,3,44,21.8,46,14.0,1012.4,2.0,2.4,12,1016.4,0
2018-10-03 13:13:59,3,44,21.8,47,14.1,1012.4,1.7,2.4,15,1016.4,0
2018-10-03 13:16:59,3,44,21.8,46,14.1,1012.5,3.1,4.8,2,1016.4,0
2018-10-03 13:19:59,3,44,21.8,45,13.9,1012.5,3.7,5.1,14,1016.4,0
2018-10-03 13:22:59,3,44,21.8,44,13.8,1012.6,3.4,5.1,12,1016.4,0
2018-10-03 13:25:59,3,44,21.8,44,13.6,1012.7,1.7,2.0,12,1016.4,0
2018-10-03 13:28:59,3,44,21.8,44,13.7,1012.7,2.0,3.4,12,1016.4,0
2018-10-03 13:31:59,3,44,21.8,43,13.8,1012.7,4.1,5.1,12,1016.4,0
2018-10-03 13:34:59,3,44,21.8,43,14.0,1012.8,2.7,3.7,14,1016.4,0
2018-10-03 13:37:59,3,44,21.9,43,13.9,1012.8,2.0,3.1,12,1016.4,0
2018-10-03 13:40:59,3,44,21.9,42,13.8,1012.8,3.1,5.8,12,1016.4,0
2018-10-03 13:43:59,3,44,21.9,43,13.6,1012.9,4.1,5.1,0,1016.4,0
2018-10-03 13:46:59,3,44,21.9,43,13.5,1012.9,1.4,2.7,12,1016.4,0
2018-10-03 13:49:59,3,44,21.9,44,13.4,1012.9,1.4,2.4,14,1016.4,0
2018-10-03 13:52:59,3,44,21.9,45,13.3,1012.9,3.7,5.1,14,1016.4,0
2018-10-03 13:55:59,3,44,21.9,46,13.2,1012.9,2.0,2.7,8,1016.4,0
2018-10-03 13:58:59,3,44,21.9,47,13.2,1013.0,1.7,2.7,14,1016.4,0
2018-10-03 14:01:59,3,44,21.9,47,13.3,1013.0,2.4,3.4,14,1016.4,0
2018-10-03 14:04:59,3,44,21.9,47,13.3,1013.1,2.4,3.4,14,1016.4,0
2018-10-03 14:07:59,3,44,21.9,47,14.1,1013.1,3.1,4.1,12,1016.4,0
2018-10-03 14:10:59,3,44,21.9,46,14.2,1013.0,3.1,4.1,10,1016.4,0
2018-10-03 14:13:59,3,44,21.9,47,14.1,1013.1,1.7,2.4,14,1016.4,0
2018-10-03 14:16:59,3,44,21.9,47,14.2,1013.1,4.4,7.5,14,1016.4,0
2018-10-03 14:19:59,3,43,21.9,47,14.4,1013.2,3.4,4.8,12,1016.4,0
2018-10-03 14:22:59,3,43,21.9,46,14.5,1013.1,3.7,5.1,12,1016.4,0
2018-10-03 14:25:59,3,43,21.9,45,14.6,1013.3,3.1,4.4,12,1016.4,0
2018-10-03 14:28:59,3,43,21.9,45,14.6,1013.2,1.7,2.4,14,1016.4,0
2018-10-03 14:31:59,3,43,21.9,45,14.6,1013.2,3.7,5.4,0,1016.4,0
2018-10-03 14:34:59,3,43,21.9,46,14.7,1013.3,1.4,2.0,6,1016.4,0
2018-10-03 14:37:59,3,43,21.9,45,14.6,1013.3,2.0,3.1,0,1016.4,0
2018-10-03 14:40:59,3,43,21.9,45,14.3,1013.4,2.4,3.1,12,1016.4,0
2018-10-03 14:43:59,3,43,21.9,45,14.1,1013.5,2.7,4.8,14,1016.4,0
2018-10-03 14:46:59,3,43,21.9,46,14.0,1013.4,2.7,3.4,12,1016.4,0
2018-10-03 14:49:59,3,43,21.9,46,14.0,1013.5,1.4,2.0,13,1016.4,0
2018-10-03 14:52:59,3,43,21.9,47,14.0,1013.4,1.4,2.4,2,1016.4,0
2018-10-03 14:55:59,3,43,21.9,48,14.2,1013.6,1.4,1.7,12,1016.4,0
2018-10-03 14:58:59,3,43,21.9,48,14.2,1013.6,2.0,4.1,12,1016.4,0
2018-10-03 15:01:59,3,43,21.9,47,14.3,1013.6,1.0,1.7,10,1016.4,0
2018-10-03 15:04:59,3,43,21.9,48,14.4,1013.7,3.4,5.1,14,1016.4,0
2018-10-03 15:07:59,3,43,21.9,48,14.3,1013.6,1.4,2.4,14,1016.4,0
2018-10-03 15:10:59,3,43,21.9,47,14.3,1013.7,1.4,2.4,14,1016.4,0
2018-10-03 15:13:59,3,43,21.9,47,14.2,1013.7,1.7,2.4,12,1016.4,0
2018-10-03 15:16:59,3,43,21.9,47,14.1,1013.8,1.7,2.7,10,1016.4,0
2018-10-03 15:19:59,3,42,22.0,47,14.0,1014.0,1.0,1.7,12,1016.4,0
2018-10-03 15:22:59,3,43,21.9,47,14.0,1014.0,2.0,2.7,14,1016.4,0
2018-10-03 15:25:59,3,42,22.0,46,14.0,1014.0,2.0,2.7,0,1016.4,0
2018-10-03 15:28:59,3,42,22.0,46,13.9,1014.0,2.0,4.1,10,1016.4,0
2018-10-03 15:31:59,3,42,22.0,46,13.9,1014.0,2.4,3.1,12,1016.4,0
2018-10-03 15:34:59,3,42,22.0,46,13.8,1014.1,1.4,1.7,12,1016.4,0
2018-10-03 15:37:59,3,42,22.0,46,13.8,1014.1,2.0,2.4,12,1016.4,0
2018-10-03 15:40:59,3,42,22.0,46,13.7,1014.1,1.4,1.7,0,1016.4,0
2018-10-03 15:43:59,3,42,22.0,46,13.6,1014.2,1.4,2.0,12,1016.4,0
2018-10-03 15:46:59,3,43,21.9,47,13.5,1014.2,1.0,1.7,12,1016.4,0
2018-10-03 15:49:59,3,42,22.0,49,13.5,1014.3,1.7,2.0,0,1016.4,0
2018-10-03 15:52:59,3,42,22.0,48,13.5,1014.3,1.0,1.4,14,1016.4,0
2018-10-03 15:55:59,3,42,22.0,48,13.5,1014.3,1.7,2.4,14,1016.4,0
2018-10-03 15:58:59,3,42,22.0,47,13.3,1014.2,2.4,3.4,0,1016.4,0
2018-10-03 16:01:59,3,42,22.0,48,13.3,1014.2,0.3,0.7,12,1016.4,0
2018-10-03 16:04:59,3,42,22.0,48,13.3,1014.3,0.3,0.7,12,1016.4,0
2018-10-03 16:07:59,3,42,22.0,50,12.8,1014.3,0.3,0.7,14,1016.4,0
2018-10-03 16:10:59,3,42,22.0,51,12.7,1014.3,0.3,0.3,14,1016.4,0
2018-10-03 16:13:59,3,42,22.0,51,12.5,1014.5,0.7,1.0,13,1016.4,0
2018-10-03 16:16:59,3,42,22.0,56,12.4,1014.5,0.7,1.0,12,1016.4,0
2018-10-03 16:19:59,3,42,22.0,58,12.2,1014.6,1.0,1.7,12,1016.4,0
2018-10-03 16:22:59,3,42,22.0,59,12.1,1014.5,0.3,0.7,14,1016.4,0
2018-10-03 16:25:59,3,42,22.0,60,12.0,1014.6,0.3,0.7,12,1016.4,0
2018-10-03 16:28:59,3,42,22.0,60,11.9,1014.6,0.3,1.0,14,1016.4,0
2018-10-03 16:31:59,3,42,22.0,60,11.7,1014.6,0.7,1.0,12,1016.4,0
2018-10-03 16:34:59,3,42,22.0,61,11.6,1014.7,0.7,1.0,12,1016.4,0
2018-10-03 16:37:59,3,42,22.0,61,11.5,1014.7,0.7,1.0,14,1016.4,0
2018-10-03 16:40:59,3,42,22.0,61,11.4,1014.7,1.4,1.7,14,1016.4,0
2018-10-03 16:43:59,3,42,22.0,61,11.3,1014.6,0.7,1.0,10,1016.4,0
2018-10-03 16:46:59,3,42,22.0,62,11.3,1014.7,1.0,1.4,12,1016.4,0
2018-10-03 16:49:59,3,42,22.0,62,11.3,1014.8,0.7,1.4,10,1016.4,0
2018-10-03 16:52:59,3,42,22.0,62,11.2,1014.8,1.0,1.7,11,1016.4,0
2018-10-03 16:55:59,3,42,22.0,62,11.2,1014.8,0.7,1.0,12,1016.4,0
2018-10-03 16:58:59,3,42,22.0,62,11.2,1015.0,1.0,1.4,12,1016.4,0
2018-10-03 17:01:59,3,42,22.1,63,11.1,1015.0,1.0,1.4,10,1016.4,0
2018-10-03 17:04:59,3,42,22.1,64,11.1,1015.0,1.0,1.4,10,1016.4,0
2018-10-03 17:07:59,3,42,22.1,65,11.0,1015.1,1.0,1.7,10,1016.4,0
2018-10-03 17:10:59,3,42,22.1,65,11.0,1015.2,1.4,1.7,8,1016.4,0
2018-10-03 17:13:59,3,42,22.1,66,11.0,1015.1,1.4,1.7,10,1016.4,0
2018-10-03 17:16:59,3,42,22.1,68,11.0,1015.2,1.0,1.4,10,1016.4,0
2018-10-03 17:19:59,3,42,22.1,69,11.0,1015.2,1.7,2.4,10,1016.4,0
2018-10-03 17:22:59,3,42,22.1,70,11.0,1015.2,1.0,1.4,6,1016.4,0
2018-10-03 17:25:59,3,42,22.1,70,11.0,1015.3,1.0,2.0,12,1016.4,0
2018-10-03 17:28:59,3,42,22.1,70,11.0,1015.4,1.0,1.4,11,1016.4,0
2018-10-03 17:31:59,3,42,22.1,70,11.0,1015.5,0.7,1.4,10,1016.4,0
2018-10-03 17:34:59,3,42,22.1,70,10.9,1015.4,1.4,2.0,14,1016.4,0
2018-10-03 17:37:59,3,42,22.1,70,11.0,1015.5,1.7,2.4,12,1016.4,0
2018-10-03 17:40:59,3,42,22.1,70,11.0,1015.5,1.0,1.7,12,1016.4,0
2018-10-03 17:43:59,3,42,22.1,70,11.0,1015.6,1.7,2.4,14,1016.4,0
2018-10-03 17:46:59,3,42,22.1,70,11.1,1015.6,2.4,3.4,14,1016.4,0
2018-10-03 17:49:59,3,42,22.1,70,11.1,1015.4,1.0,1.4,10,1016.4,0
2018-10-03 17:52:59,3,42,22.1,70,11.1,1015.7,1.0,1.7,14,1016.4,0
2018-10-03 17:55:59,3,42,22.1,70,11.1,1015.7,2.4,3.4,13,1016.4,0
2018-10-03 17:58:59,3,42,22.1,70,11.1,1015.7,1.4,2.0,10,1016.4,0
2018-10-03 18:01:59,3,42,22.1,69,11.1,1015.7,1.4,2.0,12,1016.4,0
2018-10-03 18:04:59,3,42,22.1,69,11.1,1015.9,1.4,2.0,12,1016.4,0
2018-10-03 18:07:59,3,42,22.1,69,11.0,1015.9,1.0,1.4,12,1016.4,0
2018-10-03 18:10:59,3,42,22.1,69,11.0,1016.0,1.7,2.4,12,1016.4,0
2018-10-03 18:13:59,3,42,22.1,69,11.0,1015.9,1.0,1.4,12,1016.4,0
2018-10-03 18:16:59,3,42,22.1,69,10.9,1016.0,0.7,1.0,12,1016.4,0
2018-10-03 18:19:59,3,42,22.1,70,10.9,1016.0,0.7,1.4,14,1016.4,0
2018-10-03 18:22:59,3,42,22.1,70,10.8,1016.1,0.7,1.0,12,1016.4,0
2018-10-03 18:25:59,3,42,22.1,70,10.7,1016.0,1.0,1.7,12,1016.4,0
2018-10-03 18:28:59,3,42,22.1,70,10.6,1016.0,0.3,0.7,12,1016.4,0
2018-10-03 18:31:59,3,42,22.1,70,10.5,1016.1,0.3,1.0,10,1016.4,0
2018-10-03 18:34:59,3,42,22.1,70,10.5,1016.1,1.0,1.4,10,1016.4,0
2018-10-03 18:37:59,3,42,22.1,70,10.5,1016.1,0.3,0.7,12,1016.4,0
2018-10-03 18:40:59,3,42,22.1,71,10.4,1016.1,0.3,0.7,12,1016.4,0
2018-10-03 18:43:59,3,42,22.1,71,10.3,1016.2,0,0.7,8,1016.4,0
2018-10-03 18:46:59,3,42,22.1,71,10.3,1016.2,0,0.3,10,1016.4,0
2018-10-03 18:49:59,3,41,22.1,71,10.3,1016.2,1.4,1.7,10,1016.4,0
2018-10-03 18:52:59,3,42,22.1,71,10.3,1016.3,0.3,0.7,10,1016.4,0
2018-10-03 18:55:59,3,42,22.1,71,10.3,1016.4,1.0,1.4,12,1016.4,0
2018-10-03 18:58:59,3,42,22.1,71,10.3,1016.3,0.7,1.0,14,1016.4,0
2018-10-03 19:01:59,3,41,22.1,71,10.3,1016.3,1.4,1.7,14,1016.4,0
2018-10-03 19:04:59,3,42,22.1,71,10.3,1016.3,1.0,1.4,12,1016.4,0
2018-10-03 19:07:59,3,42,22.1,71,10.2,1016.4,0.7,1.7,12,1016.4,0
2018-10-03 19:10:59,3,42,22.1,71,10.2,1016.4,0.7,1.4,10,1016.4,0
2018-10-03 19:13:59,3,42,22.1,71,10.2,1016.5,0.7,1.4,12,1016.4,0
2018-10-03 19:16:59,3,42,22.1,71,10.2,1016.5,1.4,2.0,12,1016.4,0
2018-10-03 19:19:59,3,42,22.1,71,10.2,1016.5,1.0,1.4,10,1016.4,0
2018-10-03 19:22:59,3,42,22.1,71,10.2,1016.6,1.0,1.4,14,1016.4,0
2018-10-03 19:25:59,3,42,22.1,71,10.1,1016.7,0.7,1.0,10,1016.4,0
2018-10-03 19:28:59,3,42,22.1,71,10.0,1016.6,0.3,0.7,12,1016.4,0
2018-10-03 19:31:59,3,42,22.1,71,9.9,1016.7,1.0,1.7,10,1016.4,0
2018-10-03 19:34:59,3,42,22.1,72,9.9,1016.6,0.3,0.7,12,1016.4,0
2018-10-03 19:37:59,3,42,22.1,72,9.9,1016.7,0.7,1.0,10,1016.4,0
2018-10-03 19:40:59,3,42,22.1,72,9.8,1016.7,0.3,0.7,12,1016.4,0
2018-10-03 19:43:59,3,42,22.1,72,9.8,1016.8,2.0,2.7,8,1016.4,0
2018-10-03 19:46:59,3,42,22.1,72,9.9,1016.8,1.4,1.7,12,1016.4,0
2018-10-03 19:49:59,3,42,22.1,72,9.8,1016.8,0.7,1.0,10,1016.4,0
2018-10-03 19:52:59,3,42,22.1,72,9.8,1016.9,1.0,1.4,14,1016.4,0
2018-10-03 19:55:59,3,42,22.1,72,9.7,1016.8,0.7,1.0,14,1016.4,0
2018-10-03 19:58:59,3,42,22.1,72,9.7,1016.8,1.0,1.4,12,1016.4,0
2018-10-03 20:01:59,3,42,22.1,72,9.7,1017.0,1.4,1.7,12,1016.4,0
2018-10-03 20:04:59,3,42,22.1,72,9.7,1017.0,1.4,1.7,12,1016.4,0
2018-10-03 20:07:59,3,42,22.1,71,9.6,1016.9,0.3,0.7,12,1016.4,0
2018-10-03 20:10:59,3,42,22.1,72,9.6,1017.0,1.0,1.4,10,1016.4,0
2018-10-03 20:13:59,3,42,22.1,71,9.6,1017.1,0.7,1.0,8,1016.4,0
2018-10-03 20:16:59,3,42,22.1,71,9.6,1017.0,1.7,2.4,12,1016.4,0
2018-10-03 20:19:59,3,42,22.1,71,9.6,1017.0,1.0,1.7,10,1016.4,0
2018-10-03 20:22:59,3,42,22.1,71,9.6,1017.1,1.0,1.4,10,1016.4,0
2018-10-03 20:25:59,3,42,22.1,71,9.5,1017.1,1.0,1.4,10,1016.4,0
2018-10-03 20:28:59,3,42,22.1,71,9.5,1017.1,1.0,1.7,12,1016.4,0
2018-10-03 20:31:59,3,42,22.1,71,9.5,1017.1,1.0,1.4,12,1016.4,0
2018-10-03 20:34:59,3,42,22.1,71,9.5,1017.2,1.0,1.7,11,1016.4,0
2018-10-03 20:37:59,3,42,22.1,71,9.5,1017.1,1.7,2.4,12,1016.4,0
2018-10-03 20:40:59,3,42,22.1,71,9.5,1017.2,0.7,1.4,12,1016.4,0
2018-10-03 20:43:59,3,42,22.1,71,9.5,1017.2,0.7,1.4,12,1016.4,0
2018-10-03 20:46:59,3,42,22.1,71,9.4,1017.1,1.4,2.0,8,1016.4,0
2018-10-03 20:49:59,3,41,22.1,71,9.4,1017.2,1.7,2.7,13,1016.4,0
2018-10-03 20:52:59,3,42,22.0,71,9.4,1017.3,1.0,2.0,10,1016.4,0
2018-10-03 20:55:59,3,41,22.0,71,9.4,1017.2,0.7,1.0,10,1016.4,0
2018-10-03 20:58:59,3,41,22.0,71,9.3,1017.3,1.0,1.4,10,1016.4,0
2018-10-03 21:01:59,3,41,22.0,72,9.3,1017.2,1.4,1.7,14,1016.4,0
2018-10-03 21:04:59,3,42,21.9,72,9.3,1017.4,1.0,1.4,10,1016.4,0
2018-10-03 21:07:59,3,42,21.9,72,9.3,1017.3,1.0,1.4,12,1016.4,0
2018-10-03 21:10:59,3,42,21.9,72,9.2,1017.3,0.7,1.0,11,1016.4,0
2018-10-03 21:13:59,3,42,21.9,72,9.2,1017.4,1.0,1.4,10,1016.4,0
2018-10-03 21:16:59,3,42,21.9,72,9.1,1017.3,1.0,1.4,10,1016.4,0
2018-10-03 21:19:59,3,42,21.9,72,9.1,1017.3,0.7,1.0,10,1016.4,0
2018-10-03 21:22:59,3,42,21.9,72,9.0,1017.4,1.0,1.4,11,1016.4,0
2018-10-03 21:25:59,3,42,21.9,72,9.0,1017.4,1.4,1.7,11,1016.4,0
2018-10-03 21:28:59,3,42,21.9,73,9.0,1017.6,1.4,1.7,12,1016.4,0
2018-10-03 21:31:59,3,42,21.9,73,8.9,1017.5,0.7,1.0,10,1016.4,0
2018-10-03 21:34:59,3,42,21.9,73,8.9,1017.4,0.7,1.0,10,1016.4,0
2018-10-03 21:37:59,3,42,21.8,73,8.8,1017.4,1.4,1.7,10,1016.4,0
2018-10-03 21:40:59,3,42,21.8,73,8.7,1017.3,1.0,1.7,10,1016.4,0
2018-10-03 21:43:59,3,42,21.8,74,8.7,1017.3,0.7,1.4,10,1016.4,0
2018-10-03 21:46:59,3,42,21.8,74,8.7,1017.4,1.0,1.4,10,1016.4,0
2018-10-03 21:49:59,3,42,21.8,74,8.7,1017.4,0.7,1.4,10,1016.4,0
2018-10-03 21:52:59,3,42,21.8,74,8.6,1017.4,1.0,1.7,12,1016.4,0
2018-10-03 21:55:59,3,42,21.8,74,8.6,1017.4,0.7,1.4,12,1016.4,0
2018-10-03 21:58:59,3,42,21.8,74,8.5,1017.5,0.7,1.0,10,1016.4,0
