2018-10-28 00:01:59,3,41,20.9,82,3.0,1007.7,0,0,14,1027.5,0
2018-10-28 00:04:59,3,41,20.8,82,3.0,1007.7,0,0,14,1027.5,0
2018-10-28 00:07:59,3,41,20.8,82,3.0,1007.7,0,0.3,14,1027.5,0
2018-10-28 00:10:59,3,41,20.7,82,3.0,1007.8,0,0,14,1027.5,0
2018-10-28 00:13:59,3,41,20.7,82,3.0,1007.8,0,0,14,1027.5,0
2018-10-28 00:16:59,3,41,20.7,82,2.9,1007.8,0,0,14,1027.5,0
2018-10-28 00:19:59,3,41,20.7,82,2.9,1007.8,0,0,14,1027.5,0
2018-10-28 00:22:59,3,41,20.7,83,2.9,1007.7,0,0,14,1027.5,0
2018-10-28 00:25:59,3,41,20.7,83,2.8,1007.7,0,0,14,1027.5,0
2018-10-28 00:28:59,3,41,20.6,83,2.8,1007.7,0,0,14,1027.5,0
2018-10-28 00:31:59,3,41,20.6,83,2.8,1007.6,0,0,14,1027.5,0
2018-10-28 00:34:59,3,41,20.6,83,2.8,1007.7,0,0,14,1027.5,0
2018-10-28 00:37:59,3,41,20.6,83,2.8,1007.8,0,0.3,14,1027.5,0
2018-10-28 00:40:59,3,41,20.6,83,2.8,1007.8,0,0,12,1027.5,0
2018-10-28 00:43:59,3,41,20.6,83,2.8,1007.8,0,0,14,1027.5,0
2018-10-28 00:46:59,3,41,20.6,83,2.8,1007.7,0,0,14,1027.5,0
2018-10-28 00:49:59,3,41,20.5,83,2.8,1007.7,0,0,0,1027.5,0
2018-10-28 00:52:59,3,41,20.5,83,2.8,1007.8,0,0,12,1027.5,0
2018-10-28 00:55:59,3,41,20.5,83,2.8,1007.7,0,0.3,14,1027.5,0
2018-10-28 00:58:59,3,41,20.5,83,2.8,1007.8,0,0,0,1027.5,0
2018-10-28 01:01:59,3,41,20.5,83,2.8,1007.8,0,0,0,1027.5,0
2018-10-28 01:04:59,3,41,20.5,83,2.8,1007.7,0,0.3,0,1027.5,0
2018-10-28 01:07:59,3,40,20.4,84,2.8,1007.7,0,0,12,1027.5,0
2018-10-28 01:10:59,3,40,20.4,84,2.7,1007.7,0,0,14,1027.5,0
2018-10-28 01:13:59,3,40,20.4,84,2.7,1007.7,0,0,14,1027.5,0
2018-10-28 01:16:59,3,40,20.4,84,2.7,1007.7,0,0,0,1027.5,0
2018-10-28 01:19:59,3,40,20.4,84,2.7,1007.6,0,0,0,1027.5,0
2018-10-28 01:22:59,3,40,20.4,84,2.7,1007.7,0,0,14,1027.5,0
2018-10-28 01:25:59,3,40,20.3,84,2.6,1007.8,0,0,14,1027.5,0
2018-10-28 01:28:59,3,40,20.3,84,2.6,1007.6,0,0,14,1027.5,0
2018-10-28 01:31:59,3,40,20.3,84,2.6,1007.6,0,0,14,1027.5,0
2018-10-28 01:34:59,3,40,20.3,84,2.5,1007.7,0,0,14,1027.5,0
2018-10-28 01:37:59,3,40,20.3,84,2.5,1007.7,0.3,0.7,14,1027.5,0
2018-10-28 01:40:59,3,40,20.3,84,2.5,1007.7,0.3,0.7,14,1027.5,0
2018-10-28 01:43:59,3,40,20.3,84,2.5,1007.7,0,0.3,14,1027.5,0
2018-10-28 01:46:59,3,40,20.2,84,2.5,1007.7,0,0,14,1027.5,0
2018-10-28 01:49:59,3,40,20.2,85,2.5,1007.7,0,0.3,0,1027.5,0
2018-10-28 01:52:59,3,40,20.2,85,2.4,1007.7,0,0.3,0,1027.5,0
2018-10-28 01:55:59,3,40,20.2,85,2.4,1007.6,0,0.3,14,1027.5,0
2018-10-28 01:58:59,3,40,20.2,85,2.4,1007.6,0,0,0,1027.5,0
2018-10-28 02:01:59,3,40,20.1,85,2.4,1007.5,0,0.3,0,1027.5,0
2018-10-28 02:04:59,3,40,20.1,85,2.4,1007.8,0,0.3,0,1027.5,0
2018-10-28 02:07:59,3,40,20.1,85,2.4,1007.7,0,0.3,0,1027.5,0
2018-10-28 02:10:59,3,40,20.1,85,2.3,1007.8,0.3,0.7,0,1027.5,0
2018-10-28 02:13:59,3,40,20.1,85,2.3,1007.6,0,0.3,14,1027.5,0
2018-10-28 02:16:59,3,40,20.1,85,2.3,1007.7,0,0,14,1027.5,0
2018-10-28 02:19:59,3,40,20.0,85,2.3,1007.7,0,0,14,1027.5,0
2018-10-28 02:22:59,3,40,20.0,85,2.3,1007.6,0,0,14,1027.5,0
2018-10-28 02:25:59,3,40,20.0,85,2.3,1007.8,0.7,1.0,14,1027.5,0
2018-10-28 02:28:59,3,40,20.0,85,2.3,1007.8,0,0,12,1027.5,0
2018-10-28 02:31:59,3,40,20.0,85,2.3,1007.8,0,0,0,1027.5,0
2018-10-28 02:34:59,3,40,20.0,85,2.3,1007.8,0,0,0,1027.5,0
2018-10-28 02:37:59,3,40,20.0,85,2.3,1008.0,0.3,0.7,14,1027.5,0
2018-10-28 02:40:59,3,41,19.9,86,2.3,1008.0,0,0,0,1027.5,0
2018-10-28 02:43:59,3,41,19.9,86,2.3,1008.0,0,0,14,1027.5,0
2018-10-28 02:46:59,3,41,19.8,86,2.3,1008.1,0,0,12,1027.5,0
2018-10-28 02:49:59,3,41,19.8,86,2.3,1008.0,0,0,0,1027.5,0
2018-10-28 02:52:59,3,41,19.8,86,2.3,1008.0,0,0,0,1027.5,0
2018-10-28 02:55:59,3,41,19.8,86,2.4,1008.0,0,0.3,0,1027.5,0
2018-10-28 02:58:59,3,41,19.8,86,2.4,1007.8,0,0.3,14,1027.5,0
2018-10-28 03:01:59,3,41,19.8,86,2.4,1007.9,0.7,1.0,2,1027.5,0
2018-10-28 03:04:59,3,41,19.7,86,2.4,1007.8,0.7,1.0,2,1027.5,0
2018-10-28 03:07:59,3,41,19.7,86,2.5,1007.9,0,0.3,14,1027.5,0
2018-10-28 03:10:59,3,41,19.7,87,2.5,1007.9,0.3,0.7,0,1027.5,0
2018-10-28 03:13:59,3,41,19.7,87,2.6,1008.0,0,0,14,1027.5,0
2018-10-28 03:16:59,3,41,19.7,87,2.6,1008.1,0.7,1.0,0,1027.5,0
2018-10-28 03:19:59,3,41,19.7,87,2.7,1008.0,0,0,14,1027.5,0
2018-10-28 03:22:59,3,41,19.7,87,2.7,1008.0,0.3,1.0,14,1027.5,0
2018-10-28 03:25:59,3,41,19.6,87,2.8,1007.9,0.3,1.0,0,1027.5,0
2018-10-28 03:28:59,3,41,19.6,88,2.9,1008.0,0.7,1.0,0,1027.5,0
2018-10-28 03:31:59,3,41,19.6,88,2.9,1008.0,0.7,1.4,14,1027.5,0
2018-10-28 03:34:59,3,41,19.6,88,3.0,1008.0,0.7,1.0,0,1027.5,0
2018-10-28 03:37:59,3,41,19.6,88,3.0,1008.1,1.0,1.4,0,1027.5,0
2018-10-28 03:40:59,3,41,19.6,88,3.0,1008.2,0,0.3,0,1027.5,0
2018-10-28 03:43:59,3,41,19.6,89,3.1,1008.2,0.7,1.0,0,1027.5,0
2018-10-28 03:46:59,3,41,19.6,89,3.1,1008.2,0.3,1.0,0,1027.5,0
2018-10-28 03:49:59,3,41,19.6,89,3.1,1008.3,0,0.3,0,1027.5,0
2018-10-28 03:52:59,3,41,19.5,89,3.1,1008.2,0.7,1.4,14,1027.5,0
2018-10-28 03:55:59,3,41,19.5,89,3.2,1008.2,0.3,0.7,14,1027.5,0
2018-10-28 03:58:59,3,41,19.5,89,3.2,1008.2,0.3,0.7,14,1027.5,0
2018-10-28 04:01:59,3,41,19.5,89,3.2,1008.1,0.3,1.0,2,1027.5,0
2018-10-28 04:04:59,3,41,19.5,89,3.2,1008.1,0,0.3,0,1027.5,0
2018-10-28 04:07:59,3,41,19.5,89,3.3,1008.2,0.3,0.7,0,1027.5,0
2018-10-28 04:10:59,3,41,19.4,89,3.3,1008.1,1.0,1.4,0,1027.5,0
2018-10-28 04:13:59,3,41,19.4,89,3.3,1008.1,0.3,0.7,14,1027.5,0
2018-10-28 04:16:59,3,41,19.4,90,3.3,1008.1,0,0,0,1027.5,0
2018-10-28 04:19:59,3,41,19.3,90,3.4,1008.2,0.7,1.0,0,1027.5,0
2018-10-28 04:22:59,3,41,19.3,90,3.4,1008.1,0.7,1.0,14,1027.5,0
2018-10-28 04:25:59,3,41,19.3,90,3.4,1008.1,1.0,1.7,2,1027.5,0
2018-10-28 04:28:59,3,41,19.3,90,3.4,1008.2,0.3,1.0,0,1027.5,0
2018-10-28 04:31:59,3,41,19.3,90,3.4,1008.3,0.3,0.7,0,1027.5,0
2018-10-28 04:34:59,3,41,19.3,90,3.5,1008.2,0.3,1.0,0,1027.5,0
2018-10-28 04:37:59,3,41,19.3,90,3.5,1008.3,0.3,0.7,14,1027.5,0
2018-10-28 04:40:59,3,41,19.3,90,3.5,1008.3,0.3,0.3,2,1027.5,0
2018-10-28 04:43:59,3,41,19.3,90,3.5,1008.2,0.3,0.3,14,1027.5,0
2018-10-28 04:46:59,3,41,19.3,90,3.5,1008.3,0.7,1.0,0,1027.5,0
2018-10-28 04:49:59,3,41,19.3,90,3.5,1008.3,0.7,1.0,2,1027.5,0
2018-10-28 04:52:59,3,41,19.3,90,3.5,1008.3,0,0,14,1027.5,0
2018-10-28 04:55:59,3,41,19.2,90,3.6,1008.4,0.3,1.0,0,1027.5,0
2018-10-28 04:58:59,3,41,19.3,90,3.6,1008.4,0,0,0,1027.5,0
2018-10-28 05:01:59,3,41,19.3,90,3.6,1008.5,0.7,1.0,2,1027.5,0
2018-10-28 05:04:59,3,41,19.3,90,3.6,1008.4,0.7,1.0,2,1027.5,0
2018-10-28 05:07:59,3,41,19.3,90,3.6,1008.5,0.7,1.0,0,1027.5,0
2018-10-28 05:10:59,3,41,19.3,90,3.7,1008.4,0,0.3,4,1027.5,0
2018-10-28 05:13:59,3,41,19.3,90,3.7,1008.4,0.3,0.7,0,1027.5,0
2018-10-28 05:16:59,3,41,19.3,90,3.7,1008.3,0.3,0.7,0,1027.5,0
2018-10-28 05:19:59,3,41,19.4,90,3.7,1008.4,0.7,1.0,0,1027.5,0
2018-10-28 05:22:59,3,41,19.5,90,3.7,1008.3,0.7,1.0,4,1027.5,0
2018-10-28 05:25:59,3,41,19.5,90,3.8,1008.3,0.7,1.0,0,1027.5,0
2018-10-28 05:28:59,3,41,19.6,90,3.8,1008.4,1.0,1.4,0,1027.5,0
2018-10-28 05:31:59,3,41,19.6,90,3.9,1008.4,0.3,0.7,0,1027.5,0
2018-10-28 05:34:59,3,41,19.6,90,3.9,1008.4,0.7,1.0,14,1027.5,0
2018-10-28 05:37:59,3,41,19.7,90,3.9,1008.4,0.3,0.7,0,1027.5,0
2018-10-28 05:40:59,3,41,19.7,90,3.9,1008.3,0.3,0.7,13,1027.5,0
2018-10-28 05:43:59,3,41,19.7,90,4.0,1008.5,0.3,0.7,2,1027.5,0
2018-10-28 05:46:59,3,41,19.8,90,4.0,1008.4,0.3,0.7,0,1027.5,0
2018-10-28 05:49:59,3,41,19.8,90,4.0,1008.4,0.3,0.7,4,1027.5,0
2018-10-28 05:52:59,3,41,19.8,90,4.0,1008.4,0.7,1.4,2,1027.5,0
2018-10-28 05:55:59,3,41,19.9,90,4.0,1008.5,1.0,1.7,2,1027.5,0
2018-10-28 05:58:59,3,41,19.9,90,4.1,1008.5,0.3,0.7,0,1027.5,0
2018-10-28 06:01:59,3,40,20.0,90,4.1,1008.6,1.0,1.4,0,1027.5,0
2018-10-28 06:04:59,3,40,20.0,90,4.1,1008.6,1.0,1.4,0,1027.5,0
2018-10-28 06:07:59,3,40,20.1,90,4.1,1008.7,1.4,1.7,0,1027.5,0
2018-10-28 06:10:59,3,40,20.1,90,4.1,1008.9,1.0,1.4,14,1027.5,0
2018-10-28 06:13:59,3,40,20.1,90,4.1,1008.9,0.7,1.0,2,1027.5,0
2018-10-28 06:16:59,3,40,20.1,90,4.2,1008.9,0.3,0.7,14,1027.5,0
2018-10-28 06:19:59,3,40,20.2,90,4.2,1009.0,0,0.7,0,1027.5,0
2018-10-28 06:22:59,3,40,20.2,90,4.2,1008.9,0,0.7,14,1027.5,0
2018-10-28 06:25:59,3,40,20.2,90,4.2,1009.0,0.3,1.0,14,1027.5,0
2018-10-28 06:28:59,3,40,20.3,90,4.2,1009.1,0.3,0.7,0,1027.5,0
2018-10-28 06:31:59,3,40,20.3,90,4.2,1009.2,0.7,1.4,2,1027.5,0
2018-10-28 06:34:59,3,40,20.3,90,4.3,1009.2,0,0,0,1027.5,0
2018-10-28 06:37:59,3,40,20.3,90,4.3,1009.1,1.4,2.0,2,1027.5,0
2018-10-28 06:40:59,3,40,20.3,90,4.3,1009.2,1.0,1.7,4,1027.5,0
2018-10-28 06:43:59,3,41,20.3,90,4.4,1009.1,0.7,1.4,11,1027.5,0
2018-10-28 06:46:59,3,40,20.3,90,4.4,1009.2,1.0,1.4,14,1027.5,0
2018-10-28 06:49:59,3,40,20.3,90,4.4,1009.2,1.4,2.0,0,1027.5,0
2018-10-28 06:52:59,3,40,20.3,90,4.5,1009.2,1.7,2.0,0,1027.5,0
2018-10-28 06:55:59,3,41,20.4,90,4.5,1009.2,0.7,1.7,2,1027.5,0
2018-10-28 06:58:59,3,41,20.4,90,4.5,1009.1,0.7,0.7,1,1027.5,0
2018-10-28 07:01:59,3,41,20.4,90,4.5,1009.1,1.4,1.7,14,1027.5,0
2018-10-28 07:04:59,3,41,20.4,90,4.5,1009.2,1.4,1.7,14,1027.5,0
2018-10-28 07:07:59,3,41,20.4,89,4.6,1009.3,0.7,1.0,0,1027.5,0
2018-10-28 07:10:59,3,41,20.4,89,4.6,1009.2,1.4,2.4,2,1027.5,0
2018-10-28 07:13:59,3,41,20.4,89,4.6,1009.3,1.0,1.4,0,1027.5,0
2018-10-28 07:16:59,3,41,20.4,89,4.6,1009.3,0.7,1.0,0,1027.5,0
2018-10-28 07:19:59,3,41,20.4,89,4.7,1009.3,2.0,2.7,15,1027.5,0
2018-10-28 07:22:59,3,41,20.4,89,4.7,1009.2,0.3,0.7,15,1027.5,0
2018-10-28 07:25:59,3,41,20.5,89,4.7,1009.4,0.3,0.7,0,1027.5,0
2018-10-28 07:28:59,3,42,20.5,89,4.8,1009.3,1.4,1.7,0,1027.5,0
2018-10-28 07:31:59,3,43,20.5,89,4.8,1009.5,0.7,1.0,0,1027.5,0
2018-10-28 07:34:59,3,43,20.6,88,4.8,1009.5,1.7,2.0,2,1027.5,0
2018-10-28 07:37:59,3,42,20.7,88,4.8,1009.4,0.3,1.0,0,1027.5,0
2018-10-28 07:40:59,3,41,21.1,88,4.9,1009.7,0.7,1.4,0,1027.5,0
2018-10-28 07:43:59,3,40,21.3,88,4.9,1009.8,1.4,1.7,0,1027.5,0
2018-10-28 07:46:59,3,39,21.5,88,4.9,1009.8,0.7,1.0,0,1027.5,0
2018-10-28 07:49:59,3,39,21.7,88,5.0,1009.9,0.7,1.0,14,1027.5,0
2018-10-28 07:52:59,3,39,21.8,88,5.1,1009.9,0.7,1.0,0,1027.5,0
2018-10-28 07:55:59,3,38,21.9,88,5.1,1009.9,0.3,0.7,14,1027.5,0
2018-10-28 07:58:59,3,37,22.1,88,5.2,1010.1,0.3,0.7,12,1027.5,0
2018-10-28 08:01:59,3,36,22.2,88,5.2,1010.1,0.3,0.7,0,1027.5,0
2018-10-28 08:04:59,3,36,22.3,88,5.3,1010.1,1.0,1.4,14,1027.5,0
2018-10-28 08:07:59,3,36,22.3,88,5.4,1010.1,1.0,1.4,2,1027.5,0
2018-10-28 08:10:59,3,35,22.5,87,5.4,1010.1,0.3,1.0,2,1027.5,0
2018-10-28 08:13:59,3,35,22.5,87,5.5,1010.0,0.7,1.0,2,1027.5,0
2018-10-28 08:16:59,3,35,22.6,87,5.5,1010.0,0.3,0.7,14,1027.5,0
2018-10-28 08:19:59,3,35,22.6,86,5.5,1010.0,1.7,2.4,2,1027.5,0
2018-10-28 08:22:59,3,35,22.7,86,5.6,1010.1,0.3,0.7,0,1027.5,0
2018-10-28 08:25:59,3,34,22.7,85,5.6,1010.0,1.4,2.0,0,1027.5,0
2018-10-28 08:28:59,3,34,22.7,85,5.7,1010.0,0.3,0.7,2,1027.5,0
2018-10-28 08:31:59,3,34,22.9,85,5.7,1010.2,1.7,2.0,2,1027.5,0
2018-10-28 08:34:59,3,34,22.9,85,5.8,1010.1,2.0,2.7,0,1027.5,0
2018-10-28 08:37:59,3,34,22.9,84,5.8,1010.3,1.0,1.7,0,1027.5,0
2018-10-28 08:40:59,3,34,22.7,84,5.9,1010.3,1.4,1.7,14,1027.5,0
2018-10-28 08:43:59,3,34,22.6,83,6.0,1010.2,0.3,0.7,10,1027.5,0
2018-10-28 08:46:59,3,35,22.5,83,6.0,1010.3,1.7,2.4,0,1027.5,0
2018-10-28 08:49:59,3,35,22.4,83,6.1,1010.2,0.3,0.7,0,1027.5,0
2018-10-28 08:52:59,3,35,22.3,82,6.1,1010.1,1.4,1.7,14,1027.5,0
2018-10-28 08:55:59,3,35,22.2,82,6.2,1010.2,1.4,1.7,0,1027.5,0
2018-10-28 08:58:59,3,35,22.2,82,6.3,1010.0,1.7,2.4,0,1027.5,0
2018-10-28 09:01:59,3,35,22.2,82,6.3,1010.0,1.7,2.7,2,1027.5,0
2018-10-28 09:04:59,3,35,22.2,82,6.3,1009.9,1.7,2.7,2,1027.5,0
2018-10-28 09:07:59,3,35,22.1,81,6.4,1010.1,1.0,1.4,0,1027.5,0
2018-10-28 09:10:59,3,35,22.1,81,6.5,1010.0,1.4,2.0,1,1027.5,0
2018-10-28 09:13:59,3,35,22.1,81,6.7,1010.0,1.0,1.7,2,1027.5,0
2018-10-28 09:16:59,3,35,22.1,81,6.8,1009.9,1.4,2.0,2,1027.5,0
2018-10-28 09:19:59,3,35,22.0,80,6.9,1009.9,2.7,3.4,2,1027.5,0
2018-10-28 09:22:59,3,36,21.9,80,7.0,1009.8,1.7,2.4,0,1027.5,0
2018-10-28 09:25:59,3,36,21.9,79,7.1,1009.9,1.4,1.7,0,1027.5,0
2018-10-28 09:28:59,3,36,21.9,78,7.2,1009.8,0.7,1.4,4,1027.5,0
2018-10-28 09:31:59,3,37,21.9,78,7.4,1009.8,1.7,2.0,2,1027.5,0
2018-10-28 09:34:59,3,37,21.8,76,7.4,1009.8,3.4,4.1,2,1027.5,0
2018-10-28 09:37:59,3,37,21.8,75,7.4,1009.7,0.7,1.0,1,1027.5,0
2018-10-28 09:40:59,3,37,21.8,74,7.4,1009.7,2.7,4.1,3,1027.5,0
2018-10-28 09:43:59,3,37,21.7,74,7.4,1009.7,1.4,1.7,2,1027.5,0
2018-10-28 09:46:59,3,37,21.7,73,7.4,1009.7,1.0,1.7,14,1027.5,0
2018-10-28 09:49:59,3,37,21.7,70,7.5,1009.7,0.7,1.0,14,1027.5,0
2018-10-28 09:52:59,3,38,21.6,70,7.6,1009.6,0.7,1.0,3,1027.5,0
2018-10-28 09:55:59,3,38,21.6,68,7.7,1009.7,2.0,2.7,2,1027.5,0
2018-10-28 09:58:59,3,38,21.6,67,7.7,1009.8,2.4,4.4,1,1027.5,0
2018-10-28 10:01:59,3,38,21.5,65,7.6,1009.7,2.4,3.4,2,1027.5,0
2018-10-28 10:04:59,3,38,21.5,64,7.6,1009.7,1.7,2.7,0,1027.5,0
2018-10-28 10:07:59,3,38,21.5,64,7.8,1009.7,0.7,1.0,0,1027.5,0
2018-10-28 10:10:59,3,38,21.5,64,7.9,1009.7,2.4,3.4,5,1027.5,0
2018-10-28 10:13:59,3,38,21.4,63,8.1,1009.5,1.4,2.0,0,1027.5,0
2018-10-28 10:16:59,3,39,21.3,62,8.3,1009.5,1.7,2.7,0,1027.5,0
2018-10-28 10:19:59,3,39,21.3,62,8.3,1009.6,2.4,2.7,0,1027.5,0
2018-10-28 10:22:59,3,39,21.3,62,8.4,1009.6,1.4,1.7,0,1027.5,0
2018-10-28 10:25:59,3,39,21.3,61,8.4,1009.6,2.4,3.4,0,1027.5,0
2018-10-28 10:28:59,3,39,21.3,62,8.8,1009.6,1.0,1.7,6,1027.5,0
2018-10-28 10:31:59,3,39,21.3,60,8.8,1009.7,2.0,4.4,4,1027.5,0
2018-10-28 10:34:59,3,39,21.3,60,8.6,1009.8,2.0,2.4,10,1027.5,0
2018-10-28 10:37:59,3,40,21.3,60,8.7,1009.5,1.7,3.7,0,1027.5,0
2018-10-28 10:40:59,3,40,21.3,60,8.7,1009.5,1.4,1.7,0,1027.5,0
2018-10-28 10:43:59,3,40,21.3,60,8.9,1009.4,0.7,1.4,2,1027.5,0
2018-10-28 10:46:59,3,40,21.3,60,9.2,1009.4,1.7,2.7,0,1027.5,0
2018-10-28 10:49:59,3,40,21.3,59,9.4,1009.4,2.0,2.7,0,1027.5,0
2018-10-28 10:52:59,3,40,21.2,57,9.5,1009.4,2.0,2.7,4,1027.5,0
2018-10-28 10:55:59,3,40,21.2,56,9.5,1009.3,1.0,2.0,2,1027.5,0
2018-10-28 10:58:59,3,40,21.2,56,9.5,1009.2,1.7,2.4,2,1027.5,0
2018-10-28 11:01:59,3,40,21.2,55,9.4,1009.3,3.7,5.4,0,1027.5,0
2018-10-28 11:04:59,3,40,21.2,55,9.4,1009.2,3.7,5.4,0,1027.5,0
2018-10-28 11:07:59,3,40,21.2,55,9.2,1009.2,1.7,2.4,0,1027.5,0
2018-10-28 11:10:59,3,40,21.2,56,9.3,1009.1,1.7,2.4,0,1027.5,0
2018-10-28 11:13:59,3,40,21.2,56,9.3,1009.1,1.0,1.4,4,1027.5,0
2018-10-28 11:16:59,3,40,21.2,56,9.5,1009.1,2.0,2.7,2,1027.5,0
2018-10-28 11:19:59,3,41,21.2,55,9.4,1009.2,2.7,4.1,0,1027.5,0
2018-10-28 11:22:59,3,41,21.2,55,9.3,1009.1,2.0,2.4,0,1027.5,0
2018-10-28 11:25:59,3,41,21.1,55,9.2,1009.1,1.4,2.0,0,1027.5,0
2018-10-28 11:28:59,3,41,21.1,56,9.1,1009.0,1.4,1.7,0,1027.5,0
2018-10-28 11:31:59,3,41,21.1,56,9.1,1009.0,1.0,1.7,6,1027.5,0
2018-10-28 11:34:59,3,41,21.1,56,9.0,1009.1,1.7,2.7,0,1027.5,0
2018-10-28 11:37:59,3,41,21.1,56,9.0,1009.1,1.0,1.4,0,1027.5,0
2018-10-28 11:40:59,3,41,21.1,57,8.9,1009.1,1.7,2.7,0,1027.5,0
2018-10-28 11:43:59,3,41,21.1,56,8.8,1009.1,1.4,2.0,0,1027.5,0
2018-10-28 11:46:59,3,41,21.1,56,8.6,1009.2,3.4,3.7,2,1027.5,0
2018-10-28 11:49:59,3,41,21.1,57,8.5,1009.1,0.7,1.4,14,1027.5,0
2018-10-28 11:52:59,3,41,21.1,57,8.5,1009.0,2.4,3.1,2,1027.5,0
2018-10-28 11:55:59,3,41,21.1,57,8.5,1009.0,1.0,1.4,0,1027.5,0
2018-10-28 11:58:59,3,41,21.0,58,8.6,1008.8,2.0,2.4,10,1027.5,0
2018-10-28 12:01:59,3,41,21.0,58,8.6,1008.9,2.7,3.4,4,1027.5,0
2018-10-28 12:04:59,3,41,21.0,58,8.6,1009.0,3.4,4.4,14,1027.5,0
2018-10-28 12:07:59,3,41,21.0,58,8.6,1009.0,1.4,1.7,0,1027.5,0
2018-10-28 12:10:59,3,41,21.0,58,8.6,1009.1,2.7,3.4,0,1027.5,0
2018-10-28 12:13:59,3,41,21.0,57,8.5,1009.1,1.7,2.0,4,1027.5,0
2018-10-28 12:16:59,3,41,21.0,58,8.5,1009.1,2.7,3.4,2,1027.5,0
2018-10-28 12:19:59,3,41,21.0,57,8.4,1009.2,1.7,2.4,2,1027.5,0
2018-10-28 12:22:59,3,41,21.0,58,8.4,1009.2,0.3,0.7,0,1027.5,0
2018-10-28 12:25:59,3,41,21.0,59,8.4,1009.1,1.0,1.4,2,1027.5,0
2018-10-28 12:28:59,3,41,21.0,59,8.5,1009.2,1.4,2.0,0,1027.5,0
2018-10-28 12:31:59,3,41,21.0,58,8.4,1009.2,1.4,2.4,0,1027.5,0
2018-10-28 12:34:59,3,41,21.0,58,8.4,1009.3,1.7,2.7,0,1027.5,0
2018-10-28 12:37:59,3,41,21.0,58,8.4,1009.3,1.4,2.0,0,1027.5,0
2018-10-28 12:40:59,3,41,21.0,58,8.3,1009.3,1.4,2.0,2,1027.5,0
2018-10-28 12:43:59,3,41,21.0,59,8.4,1009.3,1.7,2.0,14,1027.5,0
2018-10-28 12:46:59,3,41,21.0,59,8.4,1009.2,1.0,2.0,13,1027.5,0
2018-10-28 12:49:59,3,41,21.0,58,8.3,1009.2,1.0,1.4,4,1027.5,0
2018-10-28 12:52:59,3,41,21.1,59,8.4,1009.1,1.4,1.7,0,1027.5,0
2018-10-28 12:55:59,3,41,21.1,58,8.4,1009.1,1.7,2.4,0,1027.5,0
2018-10-28 12:58:59,3,41,21.1,57,8.4,1009.1,2.0,2.7,0,1027.5,0
2018-10-28 13:01:59,3,41,21.1,57,8.4,1009.1,0.7,1.0,2,1027.5,0
2018-10-28 13:04:59,3,41,21.1,57,8.4,1009.1,0.7,1.0,2,1027.5,0
2018-10-28 13:07:59,3,41,21.1,58,8.4,1009.1,0.7,1.0,2,1027.5,0
2018-10-28 13:10:59,3,41,21.1,59,8.4,1009.1,1.0,1.7,15,1027.5,0
2018-10-28 13:13:59,3,41,21.1,60,8.4,1009.1,2.7,3.7,0,1027.5,0
2018-10-28 13:16:59,3,41,21.1,60,8.3,1009.0,1.0,1.4,0,1027.5,0
2018-10-28 13:19:59,3,41,21.1,60,8.3,1009.0,1.0,1.4,0,1027.5,0
2018-10-28 13:22:59,3,41,21.2,60,8.3,1009.2,1.4,2.0,2,1027.5,0
2018-10-28 13:25:59,3,41,21.2,60,8.2,1009.2,2.0,3.4,0,1027.5,0
2018-10-28 13:28:59,3,41,21.2,60,8.2,1009.2,1.7,2.0,4,1027.5,0
2018-10-28 13:31:59,3,41,21.2,60,8.2,1009.1,1.0,1.4,2,1027.5,0
2018-10-28 13:34:59,3,41,21.2,60,8.2,1009.1,2.0,3.1,14,1027.5,0
2018-10-28 13:37:59,3,41,21.2,60,8.2,1009.1,1.0,1.4,0,1027.5,0
2018-10-28 13:40:59,3,41,21.2,60,8.1,1009.0,1.4,2.0,14,1027.5,0
2018-10-28 13:43:59,3,41,21.2,60,8.2,1009.0,3.1,3.7,1,1027.5,0
2018-10-28 13:46:59,3,41,21.2,60,8.1,1009.0,2.4,2.7,0,1027.5,0
2018-10-28 13:49:59,3,41,21.2,60,8.1,1008.9,2.0,2.7,0,1027.5,0
2018-10-28 13:52:59,3,41,21.3,60,8.1,1008.9,3.1,3.7,0,1027.5,0
2018-10-28 13:55:59,3,41,21.3,60,8.1,1008.9,2.0,3.1,15,1027.5,0
2018-10-28 13:58:59,3,41,21.3,60,8.1,1008.9,2.0,2.7,2,1027.5,0
2018-10-28 14:01:59,3,41,21.3,60,8.1,1008.9,1.0,1.7,1,1027.5,0
2018-10-28 14:04:59,3,41,21.3,60,8.1,1009.0,1.0,1.0,0,1027.5,0
2018-10-28 14:07:59,3,41,21.3,60,8.1,1009.0,0.7,1.0,14,1027.5,0
2018-10-28 14:10:59,3,41,21.3,61,8.1,1009.1,0.3,0.7,14,1027.5,0
2018-10-28 14:13:59,3,40,21.3,61,8.0,1009.1,1.0,1.4,0,1027.5,0
2018-10-28 14:16:59,3,40,21.3,61,8.0,1009.2,1.0,1.4,0,1027.5,0
2018-10-28 14:19:59,3,40,21.3,61,8.0,1009.2,1.0,1.4,14,1027.5,0
2018-10-28 14:22:59,3,40,21.3,61,8.0,1009.2,1.4,2.0,2,1027.5,0
2018-10-28 14:25:59,3,40,21.3,61,8.0,1009.2,0.7,1.0,0,1027.5,0
2018-10-28 14:28:59,3,40,21.3,61,8.0,1009.1,0.7,1.0,2,1027.5,0
2018-10-28 14:31:59,3,40,21.3,61,7.9,1009.1,1.4,2.0,2,1027.5,0
2018-10-28 14:34:59,3,40,21.3,61,7.9,1009.0,1.4,1.7,0,1027.5,0
2018-10-28 14:37:59,3,40,21.3,61,7.9,1008.8,1.4,2.0,0,1027.5,0
2018-10-28 14:40:59,3,40,21.3,62,7.9,1008.8,1.4,2.0,0,1027.5,0
2018-10-28 14:43:59,3,40,21.3,62,7.8,1008.9,2.4,3.1,14,1027.5,0
2018-10-28 14:46:59,3,40,21.3,62,7.8,1008.9,2.0,2.7,0,1027.5,0
2018-10-28 14:49:59,3,40,21.3,62,7.8,1008.9,1.0,1.7,0,1027.5,0
2018-10-28 14:52:59,3,40,21.3,62,7.7,1008.9,2.4,3.4,0,1027.5,0
2018-10-28 14:55:59,3,40,21.3,62,7.7,1008.8,2.7,4.4,2,1027.5,0
2018-10-28 14:58:59,3,40,21.3,62,7.7,1008.8,1.0,1.4,0,1027.5,0
2018-10-28 15:01:59,3,40,21.3,62,7.7,1009.0,0.7,1.4,14,1027.5,0
2018-10-28 15:04:59,3,40,21.3,62,7.7,1008.9,0.7,1.4,14,1027.5,0
2018-10-28 15:07:59,3,40,21.3,63,7.6,1009.0,1.0,1.4,12,1027.5,0
2018-10-28 15:10:59,3,40,21.3,63,7.6,1009.0,2.7,3.4,0,1027.5,0
2018-10-28 15:13:59,3,40,21.3,63,7.6,1009.0,1.0,1.7,0,1027.5,0
2018-10-28 15:16:59,3,40,21.3,63,7.6,1009.0,1.4,1.7,2,1027.5,0
2018-10-28 15:19:59,3,40,21.3,63,7.6,1009.1,1.0,1.7,15,1027.5,0
2018-10-28 15:22:59,3,40,21.3,63,7.6,1009.1,1.7,2.4,4,1027.5,0
2018-10-28 15:25:59,3,40,21.3,63,7.6,1009.1,1.7,2.0,15,1027.5,0
2018-10-28 15:28:59,3,40,21.3,63,7.5,1009.1,2.0,2.7,0,1027.5,0
2018-10-28 15:31:59,3,40,21.3,63,7.5,1009.2,2.7,3.7,0,1027.5,0
2018-10-28 15:34:59,3,40,21.3,63,7.5,1009.2,1.0,1.4,2,1027.5,0
2018-10-28 15:37:59,3,40,21.4,64,7.5,1009.2,0.7,1.0,0,1027.5,0
2018-10-28 15:40:59,3,40,21.4,64,7.5,1009.2,1.7,2.0,14,1027.5,0
2018-10-28 15:43:59,3,40,21.4,64,7.5,1009.2,1.0,1.7,0,1027.5,0
2018-10-28 15:46:59,3,40,21.4,69,7.4,1009.3,1.7,2.4,0,1027.5,0
2018-10-28 15:49:59,3,40,21.4,68,7.4,1009.2,2.0,3.1,14,1027.5,0
2018-10-28 15:52:59,3,40,21.3,68,7.4,1009.2,0.7,1.4,0,1027.5,0
2018-10-28 15:55:59,3,40,21.4,69,7.4,1009.2,0.7,1.4,0,1027.5,0
2018-10-28 15:58:59,3,40,21.4,69,7.4,1009.2,1.0,1.7,0,1027.5,0
2018-10-28 16:01:59,3,40,21.4,69,7.3,1009.1,1.0,1.4,0,1027.5,0
2018-10-28 16:04:59,3,40,21.4,69,7.3,1009.1,0.7,1.0,0,1027.5,0
2018-10-28 16:07:59,3,40,21.4,70,7.3,1009.0,1.4,2.0,0,1027.5,0
2018-10-28 16:10:59,3,40,21.4,70,7.3,1009.1,1.0,1.4,0,1027.5,0
2018-10-28 16:13:59,3,40,21.4,70,7.3,1009.0,1.0,1.4,14,1027.5,0
2018-10-28 16:16:59,3,40,21.4,70,7.3,1009.0,2.4,3.1,0,1027.5,0
2018-10-28 16:19:59,3,40,21.4,70,7.3,1009.2,1.4,1.7,6,1027.5,0
2018-10-28 16:22:59,3,40,21.4,70,7.2,1009.1,2.4,4.4,0,1027.5,0
2018-10-28 16:25:59,3,40,21.4,70,7.2,1009.2,1.7,2.4,0,1027.5,0
2018-10-28 16:28:59,3,40,21.4,70,7.2,1009.2,0.7,1.0,2,1027.5,0
2018-10-28 16:31:59,3,40,21.4,70,7.2,1009.3,0.7,2.0,1,1027.5,0
2018-10-28 16:34:59,3,40,21.5,70,7.2,1009.3,1.0,1.7,0,1027.5,0
2018-10-28 16:37:59,3,40,21.5,70,7.2,1009.2,1.4,1.7,0,1027.5,0
2018-10-28 16:40:59,3,40,21.5,70,7.1,1009.2,1.0,1.4,2,1027.5,0
2018-10-28 16:43:59,3,40,21.5,70,7.1,1009.2,0.3,0.7,2,1027.5,0
2018-10-28 16:46:59,3,40,21.5,70,7.1,1009.2,1.4,1.7,2,1027.5,0
2018-10-28 16:49:59,3,40,21.5,71,7.1,1009.1,1.0,1.4,4,1027.5,0
2018-10-28 16:52:59,3,40,21.5,71,7.1,1008.9,1.7,2.4,2,1027.5,0
2018-10-28 16:55:59,3,40,21.5,71,7.0,1008.9,1.7,2.0,2,1027.5,0
2018-10-28 16:58:59,3,40,21.5,71,7.0,1008.9,1.7,2.0,1,1027.5,0
2018-10-28 17:01:59,3,40,21.5,71,7.0,1008.9,1.0,1.7,0,1027.5,0
2018-10-28 17:04:59,3,40,21.5,71,7.0,1008.9,1.0,1.7,0,1027.5,0
2018-10-28 17:07:59,3,40,21.5,71,7.0,1008.9,2.4,3.1,2,1027.5,0
2018-10-28 17:10:59,3,40,21.5,71,7.0,1009.0,1.0,2.0,0,1027.5,0
2018-10-28 17:13:59,3,40,21.5,71,7.0,1009.0,2.4,3.4,2,1027.5,0
2018-10-28 17:16:59,3,40,21.5,72,7.0,1008.8,1.0,1.7,0,1027.5,0
2018-10-28 17:19:59,3,40,21.5,72,6.9,1008.9,1.4,2.0,4,1027.5,0
2018-10-28 17:22:59,3,40,21.5,72,6.9,1008.9,1.4,1.7,0,1027.5,0
2018-10-28 17:25:59,3,40,21.5,72,6.9,1008.9,1.4,2.4,2,1027.5,0
2018-10-28 17:28:59,3,40,21.5,72,6.9,1008.8,1.0,1.4,0,1027.5,0
2018-10-28 17:31:59,3,40,21.5,72,6.9,1008.8,1.7,2.0,0,1027.5,0
2018-10-28 17:34:59,3,40,21.5,72,6.9,1008.8,1.4,1.7,2,1027.5,0
2018-10-28 17:37:59,3,40,21.5,72,6.9,1008.8,1.0,1.4,2,1027.5,0
2018-10-28 17:40:59,3,40,21.5,72,6.9,1008.7,1.0,1.4,0,1027.5,0
2018-10-28 17:43:59,3,40,21.5,72,6.9,1008.6,1.4,1.7,0,1027.5,0
2018-10-28 17:46:59,3,40,21.5,72,7.0,1008.6,1.7,3.1,8,1027.5,0
2018-10-28 17:49:59,3,40,21.5,72,7.0,1008.6,2.0,2.7,0,1027.5,0
2018-10-28 17:52:59,3,40,21.5,72,7.0,1008.5,1.0,1.4,14,1027.5,0
2018-10-28 17:55:59,3,40,21.5,72,7.0,1008.5,1.0,2.0,0,1027.5,0
2018-10-28 17:58:59,3,40,21.5,72,7.0,1008.6,1.4,1.7,14,1027.5,0
2018-10-28 18:01:59,3,40,21.5,72,7.0,1008.5,0.3,0.7,14,1027.5,0
2018-10-28 18:04:59,3,40,21.5,72,7.0,1008.5,0.7,1.0,0,1027.5,0
2018-10-28 18:07:59,3,40,21.5,72,7.0,1008.4,1.0,1.4,4,1027.5,0
2018-10-28 18:10:59,3,40,21.5,72,7.0,1008.3,1.7,2.0,0,1027.5,0
2018-10-28 18:13:59,3,40,21.5,72,7.0,1008.3,0.7,1.4,14,1027.5,0
2018-10-28 18:16:59,3,40,21.5,73,7.0,1008.4,0.7,1.0,0,1027.5,0
2018-10-28 18:19:59,3,40,21.5,73,7.0,1008.3,0.7,1.0,14,1027.5,0
2018-10-28 18:22:59,3,40,21.5,73,7.0,1008.3,0.7,1.0,0,1027.5,0
2018-10-28 18:25:59,3,40,21.5,73,7.0,1008.2,1.7,2.0,1,1027.5,0
2018-10-28 18:28:59,3,40,21.5,73,7.0,1008.3,0.7,1.4,2,1027.5,0
2018-10-28 18:31:59,3,40,21.5,73,7.0,1008.3,1.7,2.7,0,1027.5,0
2018-10-28 18:34:59,3,40,21.5,74,6.9,1008.4,1.4,2.4,0,1027.5,0
2018-10-28 18:37:59,3,40,21.5,75,6.9,1008.4,1.7,2.0,2,1027.5,0
2018-10-28 18:40:59,3,40,21.5,75,6.8,1008.4,1.0,1.7,2,1027.5,0
2018-10-28 18:43:59,3,40,21.5,76,6.8,1008.3,1.0,1.4,0,1027.5,0
2018-10-28 18:46:59,3,40,21.5,77,6.8,1008.4,1.0,1.7,0,1027.5,0
2018-10-28 18:49:59,3,40,21.5,77,6.7,1008.4,1.4,2.0,0,1027.5,0
2018-10-28 18:52:59,3,40,21.5,78,6.7,1008.3,1.4,2.0,0,1027.5,0
2018-10-28 18:55:59,3,40,21.5,78,6.6,1008.4,1.4,1.7,0,1027.5,0
2018-10-28 18:58:59,3,40,21.5,78,6.6,1008.5,1.4,1.7,2,1027.5,0
2018-10-28 19:01:59,3,40,21.5,79,6.6,1008.5,0.7,1.0,0,1027.5,0
2018-10-28 19:04:59,3,40,21.5,79,6.6,1008.6,0.7,1.0,0,1027.5,0
2018-10-28 19:07:59,3,40,21.5,79,6.6,1008.6,1.0,1.4,2,1027.5,0
2018-10-28 19:10:59,3,40,21.5,80,6.6,1008.6,0.7,1.0,0,1027.5,0
2018-10-28 19:13:59,3,40,21.5,80,6.6,1008.6,0.3,0.7,0,1027.5,0
2018-10-28 19:16:59,3,40,21.5,80,6.5,1008.7,1.0,1.4,0,1027.5,0
2018-10-28 19:19:59,3,40,21.5,80,6.5,1008.8,0.7,1.0,14,1027.5,0
2018-10-28 19:22:59,3,40,21.5,80,6.5,1008.8,1.0,1.7,2,1027.5,0
2018-10-28 19:25:59,3,40,21.5,80,6.5,1008.8,1.0,1.4,4,1027.5,0
2018-10-28 19:28:59,3,40,21.5,80,6.5,1008.7,1.7,2.0,4,1027.5,0
2018-10-28 19:31:59,3,40,21.5,80,6.5,1008.7,0.7,1.0,14,1027.5,0
2018-10-28 19:34:59,3,40,21.5,80,6.5,1008.8,1.7,2.0,2,1027.5,0
2018-10-28 19:37:59,3,40,21.5,80,6.5,1008.7,1.7,2.7,0,1027.5,0
2018-10-28 19:40:59,3,40,21.5,80,6.5,1008.8,1.4,1.7,0,1027.5,0
2018-10-28 19:43:59,3,39,21.5,80,6.5,1008.9,2.0,2.7,0,1027.5,0
2018-10-28 19:46:59,3,39,21.5,80,6.5,1008.9,0.3,0.7,0,1027.5,0
2018-10-28 19:49:59,3,39,21.5,80,6.5,1008.9,1.0,1.4,0,1027.5,0
2018-10-28 19:52:59,3,39,21.5,80,6.5,1008.9,1.4,2.0,0,1027.5,0
2018-10-28 19:55:59,3,39,21.5,80,6.5,1008.9,0.7,1.4,14,1027.5,0
2018-10-28 19:58:59,3,39,21.5,80,6.5,1008.9,1.0,1.4,0,1027.5,0
2018-10-28 20:01:59,3,39,21.5,80,6.5,1008.9,1.0,2.0,1,1027.5,0
2018-10-28 20:04:59,3,39,21.5,80,6.5,1009.0,1.0,1.7,0,1027.5,0
2018-10-28 20:07:59,3,39,21.5,80,6.4,1008.9,0.3,0.7,0,1027.5,0
2018-10-28 20:10:59,3,39,21.5,80,6.4,1008.9,1.7,2.0,2,1027.5,0
2018-10-28 20:13:59,3,39,21.5,80,6.4,1008.8,0.7,1.4,2,1027.5,0
2018-10-28 20:16:59,3,39,21.5,80,6.4,1008.7,0.7,1.0,0,1027.5,0
2018-10-28 20:19:59,3,39,21.5,80,6.4,1008.7,1.7,1.7,0,1027.5,0
2018-10-28 20:22:59,3,39,21.5,80,6.4,1008.7,1.0,1.4,0,1027.5,0
2018-10-28 20:25:59,3,39,21.5,80,6.4,1008.7,0.3,0.7,2,1027.5,0
2018-10-28 20:28:59,3,39,21.5,80,6.4,1008.6,1.0,1.7,0,1027.5,0
2018-10-28 20:31:59,3,39,21.5,80,6.4,1008.6,1.0,1.4,15,1027.5,0
2018-10-28 20:34:59,3,39,21.5,80,6.4,1008.7,2.0,2.7,2,1027.5,0
2018-10-28 20:37:59,3,39,21.5,80,6.5,1008.7,1.7,2.4,14,1027.5,0
2018-10-28 20:40:59,3,39,21.5,80,6.5,1008.5,2.0,2.7,2,1027.5,0
2018-10-28 20:43:59,3,39,21.5,79,6.5,1008.5,0.7,1.0,2,1027.5,0
2018-10-28 20:46:59,3,39,21.5,79,6.5,1008.6,0.7,1.0,2,1027.5,0
2018-10-28 20:49:59,3,39,21.5,79,6.5,1008.5,1.0,1.4,0,1027.5,0
2018-10-28 20:52:59,3,39,21.5,78,6.6,1008.4,2.7,3.4,0,1027.5,0
2018-10-28 20:55:59,3,39,21.5,78,6.6,1008.4,0.7,2.4,1,1027.5,0
2018-10-28 20:58:59,3,39,21.5,78,6.6,1008.2,1.0,1.4,0,1027.5,0
2018-10-28 21:01:59,3,39,21.5,78,6.6,1008.2,0.3,0.7,0,1027.5,0
2018-10-28 21:04:59,3,39,21.5,78,6.6,1008.1,0.3,0.7,0,1027.5,0
2018-10-28 21:07:59,3,39,21.5,78,6.6,1008.2,2.4,3.7,14,1027.5,0
2018-10-28 21:10:59,3,39,21.5,77,6.6,1008.2,3.1,3.7,2,1027.5,0
2018-10-28 21:13:59,3,39,21.5,77,6.6,1008.2,0.7,1.0,0,1027.5,0
2018-10-28 21:16:59,3,39,21.5,77,6.6,1008.1,1.0,1.4,8,1027.5,0
2018-10-28 21:19:59,3,39,21.5,77,6.6,1008.0,0.7,1.0,0,1027.5,0
2018-10-28 21:22:59,3,39,21.4,77,6.6,1008.0,2.0,2.4,0,1027.5,0
2018-10-28 21:25:59,3,39,21.4,77,6.6,1008.1,0.7,1.0,12,1027.5,0
2018-10-28 21:28:59,3,39,21.4,77,6.6,1008.1,1.0,1.7,1,1027.5,0
2018-10-28 21:31:59,3,39,21.4,77,6.6,1008.2,1.4,1.7,2,1027.5,0
2018-10-28 21:34:59,3,39,21.3,77,6.6,1008.1,2.0,2.4,3,1027.5,0
2018-10-28 21:37:59,3,39,21.3,77,6.6,1008.1,2.4,3.4,0,1027.5,0
2018-10-28 21:40:59,3,39,21.3,77,6.6,1008.0,0.7,1.0,14,1027.5,0
2018-10-28 21:43:59,3,39,21.3,77,6.6,1008.1,2.4,3.4,2,1027.5,0
2018-10-28 21:46:59,3,39,21.3,77,6.6,1008.1,1.0,1.4,6,1027.5,0
2018-10-28 21:49:59,3,39,21.3,77,6.6,1008.0,2.0,2.4,3,1027.5,0
2018-10-28 21:52:59,3,39,21.3,77,6.6,1008.1,1.4,2.0,15,1027.5,0
2018-10-28 21:55:59,3,39,21.3,77,6.6,1008.0,1.0,1.4,2,1027.5,0
2018-10-28 21:58:59,3,39,21.3,77,6.6,1008.2,2.4,3.1,0,1027.5,0
2018-10-28 22:01:59,3,39,21.3,77,6.6,1008.0,0.7,1.0,2,1027.5,0
2018-10-28 22:04:59,3,39,21.3,77,6.6,1008.0,1.7,2.4,4,1027.5,0
2018-10-28 22:07:59,3,39,21.3,78,6.6,1008.0,0.7,1.0,0,1027.5,0
2018-10-28 22:10:59,3,39,21.3,78,6.6,1008.0,1.4,1.7,4,1027.5,0
2018-10-28 22:13:59,3,39,21.3,78,6.6,1007.9,1.0,1.7,0,1027.5,0
2018-10-28 22:16:59,3,39,21.3,78,6.6,1008.0,1.7,3.1,2,1027.5,0
2018-10-28 22:19:59,3,39,21.3,78,6.6,1007.8,2.4,3.4,0,1027.5,0
2018-10-28 22:22:59,3,39,21.3,78,6.6,1007.7,1.4,2.0,2,1027.5,0
2018-10-28 22:25:59,3,39,21.3,78,6.6,1007.7,1.7,2.0,14,1027.5,0
2018-10-28 22:28:59,3,39,21.3,78,6.6,1007.7,2.7,3.7,2,1027.5,0
2018-10-28 22:31:59,3,39,21.2,78,6.6,1007.7,2.0,3.7,0,1027.5,0
2018-10-28 22:34:59,3,39,21.2,78,6.6,1007.6,1.7,2.7,4,1027.5,0
2018-10-28 22:37:59,3,39,21.2,77,6.6,1007.6,2.0,4.1,0,1027.5,0
2018-10-28 22:40:59,3,39,21.2,77,6.6,1007.4,1.7,2.0,2,1027.5,0
2018-10-28 22:43:59,3,39,21.2,77,6.6,1007.5,1.4,2.0,1,1027.5,0
2018-10-28 22:46:59,3,39,21.2,77,6.6,1007.4,1.4,1.7,0,1027.5,0
2018-10-28 22:49:59,3,39,21.2,76,6.6,1007.4,2.4,3.4,0,1027.5,0
2018-10-28 22:52:59,3,39,21.2,76,6.6,1007.4,1.4,2.0,2,1027.5,0
2018-10-28 22:55:59,3,39,21.2,76,6.6,1007.3,2.0,2.7,0,1027.5,0
2018-10-28 22:58:59,3,39,21.1,76,6.5,1007.3,1.4,1.7,0,1027.5,0
2018-10-28 23:01:59,3,39,21.1,76,6.5,1007.3,0.7,1.4,14,1027.5,0
2018-10-28 23:04:59,3,39,21.1,76,6.5,1007.2,0.7,1.4,14,1027.5,0
2018-10-28 23:07:59,3,39,21.1,75,6.5,1007.4,2.0,3.4,4,1027.5,0
2018-10-28 23:10:59,3,39,21.1,74,6.5,1007.3,4.8,5.4,0,1027.5,0
2018-10-28 23:13:59,3,39,21.1,74,6.5,1007.2,1.4,2.0,15,1027.5,0
2018-10-28 23:16:59,3,39,21.1,74,6.5,1007.4,1.0,2.0,0,1027.5,0
2018-10-28 23:19:59,3,39,21.1,74,6.5,1007.3,1.4,2.0,2,1027.5,0
2018-10-28 23:22:59,3,39,21.1,74,6.4,1007.4,1.0,1.4,4,1027.5,0
2018-10-28 23:25:59,3,39,21.0,74,6.4,1007.4,1.0,1.4,4,1027.5,0
2018-10-28 23:28:59,3,39,21.0,74,6.4,1007.3,1.7,4.1,0,1027.5,0
2018-10-28 23:31:59,3,39,21.0,74,6.4,1007.2,1.4,2.0,0,1027.5,0
2018-10-28 23:34:59,3,39,21.0,74,6.3,1007.1,4.1,6.5,10,1027.5,0
2018-10-28 23:37:59,3,39,21.0,74,6.3,1007.0,2.0,2.4,0,1027.5,0
2018-10-28 23:40:59,3,39,21.0,74,6.3,1006.9,1.7,3.7,6,1027.5,0
2018-10-28 23:43:59,3,40,20.9,74,6.2,1007.0,1.7,2.7,0,1027.5,0
2018-10-28 23:46:59,3,40,20.9,74,6.2,1007.0,2.4,3.7,2,1027.5,0
2018-10-28 23:49:59,3,40,20.9,74,6.1,1007.0,1.4,3.1,4,1027.5,0
2018-10-28 23:52:59,3,40,20.9,74,6.1,1007.0,1.4,2.0,2,1027.5,0
2018-10-28 23:55:59,3,40,20.9,74,6.0,1007.0,1.4,2.4,4,1027.5,0
2018-10-28 23:58:59,3,40,20.9,74,6.0,1006.8,2.0,3.7,14,1027.5,0
