2018-10-26 00:01:59,3,45,20.8,72,10.1,1005.1,1.4,2.0,10,1027.5,0
2018-10-26 00:04:59,3,45,20.8,72,10.1,1005.0,1.4,2.0,10,1027.5,0
2018-10-26 00:07:59,3,45,20.7,72,10.1,1005.0,0.7,1.0,10,1027.5,0
2018-10-26 00:10:59,3,45,20.7,72,10.0,1005.0,1.0,1.4,10,1027.5,0
2018-10-26 00:13:59,3,45,20.7,72,10.0,1005.0,1.7,2.0,10,1027.5,0
2018-10-26 00:16:59,3,45,20.7,72,10.0,1005.1,1.7,2.4,10,1027.5,0
2018-10-26 00:19:59,3,45,20.7,72,10.0,1005.0,1.0,1.0,10,1027.5,0
2018-10-26 00:22:59,3,45,20.7,72,10.0,1005.0,0.7,1.0,8,1027.5,0
2018-10-26 00:25:59,3,45,20.7,72,10.0,1004.9,1.4,2.0,10,1027.5,0
2018-10-26 00:28:59,3,45,20.7,72,10.0,1004.9,0.7,1.0,12,1027.5,0
2018-10-26 00:31:59,3,45,20.6,72,10.0,1004.8,0.7,1.0,9,1027.5,0
2018-10-26 00:34:59,3,45,20.6,72,10.0,1004.9,1.7,2.4,10,1027.5,0
2018-10-26 00:37:59,3,45,20.6,72,10.0,1004.9,1.4,1.7,10,1027.5,0
2018-10-26 00:40:59,3,45,20.6,72,9.9,1004.9,0.7,1.4,11,1027.5,0
2018-10-26 00:43:59,3,45,20.6,72,9.9,1004.8,1.0,1.4,10,1027.5,0
2018-10-26 00:46:59,3,45,20.6,72,9.9,1004.8,0.3,0.7,12,1027.5,0
2018-10-26 00:49:59,3,45,20.6,72,9.9,1004.8,0.7,1.0,10,1027.5,0
2018-10-26 00:52:59,3,45,20.6,72,9.8,1004.7,1.4,1.7,12,1027.5,0
2018-10-26 00:55:59,3,45,20.6,72,9.8,1004.7,0.3,0.7,10,1027.5,0
2018-10-26 00:58:59,3,45,20.6,72,9.8,1004.7,0.7,1.4,12,1027.5,0
2018-10-26 01:01:59,3,45,20.6,72,9.8,1004.7,1.4,2.0,12,1027.5,0
2018-10-26 01:04:59,3,45,20.6,72,9.8,1004.6,1.7,2.0,10,1027.5,0
2018-10-26 01:07:59,3,45,20.5,72,9.8,1004.6,1.7,2.4,12,1027.5,0
2018-10-26 01:10:59,3,45,20.5,72,9.8,1004.6,1.0,1.4,8,1027.5,0
2018-10-26 01:13:59,3,45,20.5,72,9.8,1004.7,1.4,2.0,9,1027.5,0
2018-10-26 01:16:59,3,45,20.5,72,9.8,1004.6,1.0,1.7,13,1027.5,0
2018-10-26 01:19:59,3,45,20.5,72,9.8,1004.5,1.0,1.7,12,1027.5,0
2018-10-26 01:22:59,3,45,20.5,72,9.8,1004.8,1.4,2.0,10,1027.5,0
2018-10-26 01:25:59,3,45,20.5,72,9.8,1004.5,1.0,1.4,10,1027.5,0
2018-10-26 01:28:59,3,45,20.5,71,9.8,1004.5,0.7,1.4,11,1027.5,0
2018-10-26 01:31:59,3,45,20.5,71,9.8,1004.6,1.0,1.4,10,1027.5,0
2018-10-26 01:34:59,3,45,20.5,71,9.8,1004.6,1.0,2.0,12,1027.5,0
2018-10-26 01:37:59,3,45,20.5,71,9.8,1004.5,1.4,1.7,10,1027.5,0
2018-10-26 01:40:59,3,45,20.4,71,9.8,1004.5,0.7,1.4,12,1027.5,0
2018-10-26 01:43:59,3,45,20.4,71,9.8,1004.5,1.4,1.7,8,1027.5,0
2018-10-26 01:46:59,3,45,20.5,71,9.8,1004.6,1.7,2.0,10,1027.5,0
2018-10-26 01:49:59,3,45,20.4,71,9.8,1004.5,1.7,2.0,14,1027.5,0
2018-10-26 01:52:59,3,45,20.4,71,9.7,1004.5,1.4,1.7,12,1027.5,0
2018-10-26 01:55:59,3,45,20.4,71,9.7,1004.6,0.7,1.4,10,1027.5,0
2018-10-26 01:58:59,3,45,20.4,72,9.7,1004.5,1.7,2.4,8,1027.5,0
2018-10-26 02:01:59,3,45,20.4,72,9.6,1004.4,1.0,1.4,10,1027.5,0
2018-10-26 02:04:59,3,45,20.4,72,9.6,1004.4,1.0,1.4,10,1027.5,0
2018-10-26 02:07:59,3,45,20.4,72,9.6,1004.4,1.0,1.4,8,1027.5,0
2018-10-26 02:10:59,3,45,20.4,72,9.5,1004.4,1.0,1.7,10,1027.5,0
2018-10-26 02:13:59,3,44,20.4,72,9.5,1004.4,0.7,1.4,10,1027.5,0
2018-10-26 02:16:59,3,45,20.4,72,9.5,1004.3,1.7,2.0,12,1027.5,0
2018-10-26 02:19:59,3,44,20.4,72,9.5,1004.3,1.0,1.7,12,1027.5,0
2018-10-26 02:22:59,3,44,20.3,72,9.4,1004.3,0.7,1.0,10,1027.5,0
2018-10-26 02:25:59,3,44,20.3,72,9.4,1004.2,0.7,1.4,10,1027.5,0
2018-10-26 02:28:59,3,44,20.3,72,9.3,1004.2,0.7,1.0,10,1027.5,0
2018-10-26 02:31:59,3,44,20.3,72,9.3,1004.2,1.0,1.7,13,1027.5,0
2018-10-26 02:34:59,3,44,20.3,73,9.3,1004.2,0.3,0.7,10,1027.5,0
2018-10-26 02:37:59,3,44,20.3,73,9.2,1004.3,1.0,1.4,12,1027.5,0
2018-10-26 02:40:59,3,44,20.3,73,9.2,1004.2,0.3,1.0,10,1027.5,0
2018-10-26 02:43:59,3,44,20.3,73,9.2,1004.2,0.7,1.0,14,1027.5,0
2018-10-26 02:46:59,3,44,20.3,73,9.1,1004.0,0.7,1.0,10,1027.5,0
2018-10-26 02:49:59,3,44,20.3,73,9.1,1004.0,0.3,0.7,10,1027.5,0
2018-10-26 02:52:59,3,44,20.3,73,9.1,1004.1,1.4,1.7,12,1027.5,0
2018-10-26 02:55:59,3,44,20.2,74,9.1,1004.1,1.4,2.4,12,1027.5,0
2018-10-26 02:58:59,3,44,20.2,74,9.1,1004.0,1.0,1.4,10,1027.5,0
2018-10-26 03:01:59,3,44,20.2,74,9.1,1004.0,1.4,2.0,10,1027.5,0
2018-10-26 03:04:59,3,44,20.2,74,9.0,1004.0,1.0,1.4,12,1027.5,0
2018-10-26 03:07:59,3,44,20.2,74,9.0,1004.0,0.7,1.0,12,1027.5,0
2018-10-26 03:10:59,3,44,20.2,74,9.0,1004.0,0.7,1.0,12,1027.5,0
2018-10-26 03:13:59,3,44,20.1,74,9.0,1004.0,0.7,1.0,12,1027.5,0
2018-10-26 03:16:59,3,44,20.1,74,8.9,1003.9,0.7,1.4,8,1027.5,0
2018-10-26 03:19:59,3,44,20.1,74,8.9,1004.0,0.3,0.7,10,1027.5,0
2018-10-26 03:22:59,3,44,20.1,74,8.9,1003.8,0.7,1.0,14,1027.5,0
2018-10-26 03:25:59,3,44,20.1,74,8.9,1003.9,0.7,1.0,10,1027.5,0
2018-10-26 03:28:59,3,44,20.1,74,8.9,1003.9,1.4,1.7,10,1027.5,0
2018-10-26 03:31:59,3,44,20.1,74,8.9,1003.7,1.7,2.4,12,1027.5,0
2018-10-26 03:34:59,3,44,20.1,74,8.8,1003.8,1.0,1.4,10,1027.5,0
2018-10-26 03:37:59,3,44,20.1,74,8.8,1003.8,1.0,1.4,10,1027.5,0
2018-10-26 03:40:59,3,44,20.1,74,8.8,1003.9,0.7,1.0,10,1027.5,0
2018-10-26 03:43:59,3,44,20.1,75,8.8,1003.8,1.0,1.4,10,1027.5,0
2018-10-26 03:46:59,3,44,20.1,75,8.8,1003.8,0.7,1.4,12,1027.5,0
2018-10-26 03:49:59,3,44,20.1,75,8.8,1003.8,0.7,1.4,10,1027.5,0
2018-10-26 03:52:59,3,44,20.0,75,8.8,1003.8,0.7,1.4,12,1027.5,0
2018-10-26 03:55:59,3,44,20.1,75,8.7,1003.8,1.0,1.7,10,1027.5,0
2018-10-26 03:58:59,3,44,20.1,75,8.7,1003.8,1.4,2.0,10,1027.5,0
2018-10-26 04:01:59,3,44,20.1,75,8.7,1003.8,0.7,1.4,12,1027.5,0
2018-10-26 04:04:59,3,44,20.1,75,8.7,1003.7,0.7,1.4,12,1027.5,0
2018-10-26 04:07:59,3,44,20.1,75,8.7,1003.6,1.0,1.7,10,1027.5,0
2018-10-26 04:10:59,3,45,20.1,75,8.7,1003.6,0.3,0.7,12,1027.5,0
2018-10-26 04:13:59,3,45,20.1,76,8.7,1003.6,0.3,0.7,12,1027.5,0
2018-10-26 04:16:59,3,45,20.1,76,8.7,1003.6,0.3,0.7,12,1027.5,0
2018-10-26 04:19:59,3,45,20.1,76,8.6,1003.5,0.3,0.7,12,1027.5,0
2018-10-26 04:22:59,3,45,20.2,76,8.6,1003.6,0.3,0.3,13,1027.5,0
2018-10-26 04:25:59,3,45,20.2,76,8.6,1003.5,0.3,0.7,10,1027.5,0
2018-10-26 04:28:59,3,45,20.3,76,8.6,1003.5,0.3,0.3,10,1027.5,0
2018-10-26 04:31:59,3,45,20.3,76,8.6,1003.7,0.3,0.7,10,1027.5,0
2018-10-26 04:34:59,3,45,20.3,76,8.5,1003.6,0,0.3,14,1027.5,0
2018-10-26 04:37:59,3,45,20.3,76,8.5,1003.6,0.3,0.7,12,1027.5,0
2018-10-26 04:40:59,3,45,20.4,77,8.5,1003.6,0,0.3,14,1027.5,0
2018-10-26 04:43:59,3,45,20.4,77,8.5,1003.5,0,0.3,10,1027.5,0
2018-10-26 04:46:59,3,45,20.5,77,8.5,1003.5,0,0.3,12,1027.5,0
2018-10-26 04:49:59,3,45,20.5,77,8.5,1003.5,0,0.3,12,1027.5,0
2018-10-26 04:52:59,3,45,20.5,77,8.4,1003.5,0,0.3,10,1027.5,0
2018-10-26 04:55:59,3,45,20.5,78,8.4,1003.4,0.3,0.7,12,1027.5,0
2018-10-26 04:58:59,3,45,20.5,78,8.4,1003.3,0,0,12,1027.5,0
2018-10-26 05:01:59,3,45,20.6,78,8.3,1003.4,0.7,1.0,10,1027.5,0
2018-10-26 05:04:59,3,45,20.6,78,8.3,1003.2,0,0.3,12,1027.5,0
2018-10-26 05:07:59,3,45,20.6,78,8.2,1003.3,0.7,1.0,12,1027.5,0
2018-10-26 05:10:59,3,46,20.7,78,8.2,1003.2,0,0.3,12,1027.5,0
2018-10-26 05:13:59,3,44,21.0,78,8.1,1003.2,0,0.3,12,1027.5,0
2018-10-26 05:16:59,3,44,21.2,79,8.1,1003.2,0,0.3,12,1027.5,0
2018-10-26 05:19:59,3,43,21.4,79,8.0,1003.3,0,0,14,1027.5,0
2018-10-26 05:22:59,3,43,21.5,79,7.9,1003.2,0,0,10,1027.5,0
2018-10-26 05:25:59,3,42,21.7,79,7.8,1003.2,0,0,10,1027.5,0
2018-10-26 05:28:59,3,42,21.8,79,7.6,1003.2,0,0,10,1027.5,0
2018-10-26 05:31:59,3,42,21.9,79,7.5,1003.1,0,0,10,1027.5,0
2018-10-26 05:34:59,3,40,22.0,83,7.4,1003.3,0,0,10,1027.5,0
2018-10-26 05:37:59,3,41,22.2,84,7.3,1003.2,0,0,10,1027.5,0
2018-10-26 05:40:59,3,40,22.3,84,7.2,1003.3,0,0,0,1027.5,0
2018-10-26 05:43:59,3,40,22.3,84,7.1,1003.3,0,0,0,1027.5,0
2018-10-26 05:46:59,3,40,22.5,84,7.1,1003.4,0,0.3,2,1027.5,0
2018-10-26 05:49:59,3,40,22.6,84,7.0,1003.3,0,0.3,2,1027.5,0
2018-10-26 05:52:59,3,40,22.7,84,6.9,1003.3,0,0,2,1027.5,0
2018-10-26 05:55:59,3,39,22.9,84,6.9,1003.4,0,0,2,1027.5,0
2018-10-26 05:58:59,3,39,22.9,85,6.8,1003.2,0,0.3,4,1027.5,0
2018-10-26 06:01:59,3,38,23.0,85,6.8,1003.3,0,0,2,1027.5,0
2018-10-26 06:04:59,3,38,23.1,85,6.8,1003.4,0,0,2,1027.5,0
2018-10-26 06:07:59,3,38,23.2,85,6.6,1003.3,0,0,2,1027.5,0
2018-10-26 06:10:59,3,38,23.3,85,6.6,1003.3,0,0.3,4,1027.5,0
2018-10-26 06:13:59,3,38,23.4,86,6.6,1003.3,0,0,4,1027.5,0
2018-10-26 06:16:59,3,38,23.4,86,6.6,1003.4,0,0,4,1027.5,0
2018-10-26 06:19:59,3,38,23.4,86,6.5,1003.4,0,0,8,1027.5,0
2018-10-26 06:22:59,3,37,23.5,86,6.5,1003.3,0,0,2,1027.5,0
2018-10-26 06:25:59,3,37,23.4,87,6.6,1003.3,0,0,8,1027.5,0
2018-10-26 06:28:59,3,38,23.3,87,6.6,1003.3,0,0,8,1027.5,0
2018-10-26 06:31:59,3,38,23.1,87,6.7,1003.3,0,0,14,1027.5,0
2018-10-26 06:34:59,3,38,23.0,87,6.7,1003.3,0,0.3,7,1027.5,0
2018-10-26 06:37:59,3,39,22.9,88,6.8,1003.3,0,0.3,6,1027.5,0
2018-10-26 06:40:59,3,39,22.8,88,6.9,1003.3,0,0,6,1027.5,0
2018-10-26 06:43:59,3,39,22.7,89,7.1,1003.2,0,0.3,6,1027.5,0
2018-10-26 06:46:59,3,39,22.7,89,7.2,1003.2,0,0.3,8,1027.5,0
2018-10-26 06:49:59,3,39,22.6,84,7.5,1003.2,0.3,0.7,14,1027.5,0
2018-10-26 06:52:59,3,40,22.5,84,7.7,1003.1,0,0,6,1027.5,0
2018-10-26 06:55:59,3,40,22.6,84,7.9,1003.3,0,0,12,1027.5,0
2018-10-26 06:58:59,3,40,22.6,84,8.1,1003.1,0,0,12,1027.5,0
2018-10-26 07:01:59,3,40,22.7,84,8.2,1003.3,0,0,12,1027.5,0
2018-10-26 07:04:59,3,40,22.9,84,8.3,1003.3,0,0,8,1027.5,0
2018-10-26 07:07:59,3,39,23.0,84,8.2,1003.3,0.7,1.0,12,1027.5,0
2018-10-26 07:10:59,3,39,23.1,84,8.2,1003.2,0.7,1.0,10,1027.5,0
2018-10-26 07:13:59,3,39,23.1,83,8.1,1003.2,0,0,4,1027.5,0
2018-10-26 07:16:59,3,38,23.3,83,8.1,1003.2,0.3,0.7,8,1027.5,0
2018-10-26 07:19:59,3,38,23.4,83,8.1,1003.1,0,0.7,14,1027.5,0
2018-10-26 07:22:59,3,38,23.4,83,8.1,1003.2,0,0,14,1027.5,0
2018-10-26 07:25:59,3,38,23.6,83,8.2,1003.2,0.3,0.7,12,1027.5,0
2018-10-26 07:28:59,3,38,23.6,83,8.2,1003.2,0.3,0.7,12,1027.5,0
2018-10-26 07:31:59,3,37,23.7,83,8.3,1003.2,0.3,0.7,12,1027.5,0
2018-10-26 07:34:59,3,37,23.8,83,8.4,1003.1,0.3,0.7,14,1027.5,0
2018-10-26 07:37:59,3,37,23.8,83,8.6,1003.2,0.7,1.0,12,1027.5,0
2018-10-26 07:40:59,3,37,23.9,83,8.7,1003.1,0.3,1.0,14,1027.5,0
2018-10-26 07:43:59,3,37,23.9,83,8.9,1003.1,0.7,1.0,12,1027.5,0
2018-10-26 07:46:59,3,37,23.9,83,9.1,1003.1,0,0.3,12,1027.5,0
2018-10-26 07:49:59,3,37,23.9,82,9.2,1003.1,0.7,1.0,14,1027.5,0
2018-10-26 07:52:59,3,37,23.9,82,9.4,1003.2,0.3,0.7,12,1027.5,0
2018-10-26 07:55:59,3,36,24.0,82,9.6,1003.1,0.3,0.7,12,1027.5,0
2018-10-26 07:58:59,3,36,24.0,81,9.8,1003.1,0.7,1.0,8,1027.5,0
2018-10-26 08:01:59,3,36,24.0,81,9.8,1003.1,0.3,0.7,12,1027.5,0
2018-10-26 08:04:59,3,36,24.0,81,9.8,1003.0,0.3,0.7,12,1027.5,0
2018-10-26 08:07:59,3,37,23.8,80,10.1,1003.0,0.7,1.0,0,1027.5,0
2018-10-26 08:10:59,3,38,23.7,79,10.1,1003.0,0.7,1.0,7,1027.5,0
2018-10-26 08:13:59,3,38,23.6,79,10.3,1002.8,0.7,1.0,8,1027.5,0
2018-10-26 08:16:59,3,38,23.4,78,10.4,1002.9,0.7,1.0,10,1027.5,0
2018-10-26 08:19:59,3,38,23.3,77,10.5,1002.8,1.4,2.0,10,1027.5,0
2018-10-26 08:22:59,3,39,23.3,76,10.6,1002.7,1.0,1.7,8,1027.5,0
2018-10-26 08:25:59,3,39,23.1,76,10.6,1002.8,1.4,2.0,12,1027.5,0
2018-10-26 08:28:59,3,39,23.1,75,10.7,1002.6,0.7,1.0,10,1027.5,0
2018-10-26 08:31:59,3,39,23.0,75,10.8,1002.7,1.7,3.1,8,1027.5,0
2018-10-26 08:34:59,3,39,23.0,75,10.8,1002.7,1.0,1.7,10,1027.5,0
2018-10-26 08:37:59,3,39,23.0,74,10.9,1002.6,1.7,2.7,12,1027.5,0
2018-10-26 08:40:59,3,40,22.9,74,11.0,1002.5,0.7,1.0,10,1027.5,0
2018-10-26 08:43:59,3,40,22.9,74,11.1,1002.5,1.0,1.0,10,1027.5,0
2018-10-26 08:46:59,3,40,22.8,73,11.2,1002.4,1.0,1.7,12,1027.5,0
2018-10-26 08:49:59,3,40,22.7,73,11.2,1002.5,0.7,1.4,10,1027.5,0
2018-10-26 08:52:59,3,40,22.7,73,11.2,1002.5,1.0,1.7,14,1027.5,0
2018-10-26 08:55:59,3,40,22.7,73,11.2,1002.5,1.4,2.0,13,1027.5,0
2018-10-26 08:58:59,3,40,22.7,73,11.3,1002.4,1.0,1.4,12,1027.5,0
2018-10-26 09:01:59,3,40,22.7,73,11.4,1002.4,1.0,1.4,8,1027.5,0
2018-10-26 09:04:59,3,40,22.6,72,11.4,1002.3,1.4,2.0,10,1027.5,0
2018-10-26 09:07:59,3,40,22.6,72,11.4,1002.3,0.7,1.0,12,1027.5,0
2018-10-26 09:10:59,3,40,22.6,73,11.4,1002.2,0.3,0.7,14,1027.5,0
2018-10-26 09:13:59,3,40,22.6,73,11.4,1002.2,1.4,1.7,10,1027.5,0
2018-10-26 09:16:59,3,40,22.5,72,11.4,1002.2,1.7,2.0,12,1027.5,0
2018-10-26 09:19:59,3,40,22.5,73,11.3,1002.1,0.7,1.0,12,1027.5,0
2018-10-26 09:22:59,3,40,22.4,73,11.3,1002.1,1.4,2.0,10,1027.5,0
2018-10-26 09:25:59,3,40,22.4,73,11.3,1002.1,0.3,0.7,10,1027.5,0
2018-10-26 09:28:59,3,40,22.3,73,11.3,1002.0,1.0,1.7,12,1027.5,0
2018-10-26 09:31:59,3,40,22.3,74,11.3,1002.1,0.3,1.0,10,1027.5,0
2018-10-26 09:34:59,3,40,22.3,74,11.3,1002.0,0.7,1.4,10,1027.5,0
2018-10-26 09:37:59,3,40,22.2,74,11.3,1002.0,1.7,2.4,8,1027.5,0
2018-10-26 09:40:59,3,40,22.2,74,11.3,1002.0,1.7,2.4,6,1027.5,0
2018-10-26 09:43:59,3,40,22.2,75,11.2,1002.0,1.0,2.0,10,1027.5,0
2018-10-26 09:46:59,3,41,22.2,76,11.1,1001.9,0.7,1.0,10,1027.5,0
2018-10-26 09:49:59,3,41,22.1,77,11.0,1001.9,2.0,3.1,12,1027.5,0
2018-10-26 09:52:59,3,41,22.0,78,10.9,1001.8,1.0,1.4,12,1027.5,0
2018-10-26 09:55:59,3,41,22.0,79,10.9,1001.8,0.7,1.0,14,1027.5,0
2018-10-26 09:58:59,3,42,21.9,79,11.0,1001.7,0.3,0.7,12,1027.5,0
2018-10-26 10:01:59,3,42,21.9,80,11.1,1001.6,1.4,2.0,6,1027.5,0
2018-10-26 10:04:59,3,42,21.9,80,11.1,1001.7,1.4,2.0,6,1027.5,0
2018-10-26 10:07:59,3,42,21.9,79,11.3,1001.7,0.3,0.7,10,1027.5,0
2018-10-26 10:10:59,3,42,21.9,79,11.3,1001.6,1.0,1.4,10,1027.5,0
2018-10-26 10:13:59,3,42,21.8,78,11.3,1001.5,1.4,2.0,8,1027.5,0
2018-10-26 10:16:59,3,42,21.8,78,11.2,1001.5,0.7,1.0,10,1027.5,0
2018-10-26 10:19:59,3,42,21.8,78,11.2,1001.5,1.0,1.7,12,1027.5,0
2018-10-26 10:22:59,3,42,21.8,78,11.2,1001.4,1.7,2.4,10,1027.5,0
2018-10-26 10:25:59,3,43,21.8,78,11.1,1001.4,2.0,2.4,10,1027.5,0
2018-10-26 10:28:59,3,43,21.8,79,11.1,1001.2,2.4,3.4,10,1027.5,0
2018-10-26 10:31:59,3,43,21.7,79,11.2,1001.1,2.4,3.1,8,1027.5,0
2018-10-26 10:34:59,3,43,21.7,79,11.2,1001.1,1.0,1.7,12,1027.5,0
2018-10-26 10:37:59,3,43,21.7,79,11.3,1001.0,0.7,1.0,14,1027.5,0
2018-10-26 10:40:59,3,43,21.7,79,11.3,1001.0,0.7,1.0,6,1027.5,0
2018-10-26 10:43:59,3,43,21.7,79,11.3,1001.0,0.7,1.0,8,1027.5,0
2018-10-26 10:46:59,3,43,21.7,79,11.3,1000.9,1.0,1.4,9,1027.5,0
2018-10-26 10:49:59,3,43,21.7,79,11.4,1000.9,0.7,1.0,8,1027.5,0
2018-10-26 10:52:59,3,43,21.6,79,11.4,1000.8,0.7,1.0,14,1027.5,0
2018-10-26 10:55:59,3,43,21.6,79,11.4,1000.7,1.7,2.4,10,1027.5,0
2018-10-26 10:58:59,3,43,21.6,79,11.4,1000.8,0.7,1.0,10,1027.5,0
2018-10-26 11:01:59,3,43,21.6,79,11.4,1000.7,1.4,2.0,8,1027.5,0
2018-10-26 11:04:59,3,44,21.6,79,11.5,1000.7,0,0.3,10,1027.5,0
2018-10-26 11:07:59,3,44,21.6,79,11.5,1000.6,1.7,2.0,10,1027.5,0
2018-10-26 11:10:59,3,44,21.6,79,11.5,1000.6,0.7,1.0,0,1027.5,0
2018-10-26 11:13:59,3,44,21.5,79,11.5,1000.4,1.0,1.4,6,1027.5,0
2018-10-26 11:16:59,3,44,21.5,79,11.6,1000.4,1.7,2.0,12,1027.5,0
2018-10-26 11:19:59,3,44,21.5,79,11.7,1000.3,1.0,1.4,12,1027.5,0
2018-10-26 11:22:59,3,44,21.5,79,11.7,1000.3,1.7,2.7,8,1027.5,0
2018-10-26 11:25:59,3,44,21.5,79,11.8,1000.1,0.7,1.4,4,1027.5,0
2018-10-26 11:28:59,3,44,21.5,78,11.8,1000.1,2.0,3.1,12,1027.5,0
2018-10-26 11:31:59,3,44,21.5,78,11.9,1000.0,0.7,1.0,8,1027.5,0
2018-10-26 11:34:59,3,44,21.5,78,11.9,1000.0,2.0,2.7,8,1027.5,0
2018-10-26 11:37:59,3,44,21.5,78,12.0,1000.0,1.7,2.7,10,1027.5,0
2018-10-26 11:40:59,3,45,21.5,78,12.0,1000.0,0.3,1.0,12,1027.5,0
2018-10-26 11:43:59,3,45,21.5,78,12.1,999.9,0.7,0.7,12,1027.5,0
2018-10-26 11:46:59,3,45,21.5,78,12.1,999.9,1.0,1.7,10,1027.5,0
2018-10-26 11:49:59,3,45,21.5,77,12.2,999.9,0.7,1.0,0,1027.5,0
2018-10-26 11:52:59,3,45,21.5,77,12.3,999.9,0.7,1.0,10,1027.5,0
2018-10-26 11:55:59,3,45,21.5,77,12.3,999.9,1.4,2.0,6,1027.5,0
2018-10-26 11:58:59,3,45,21.5,76,12.2,999.9,1.4,1.7,14,1027.5,0
2018-10-26 12:01:59,3,45,21.5,76,12.2,999.8,0.3,1.0,12,1027.5,0
2018-10-26 12:04:59,3,45,21.5,76,12.2,999.7,0.3,1.0,12,1027.5,0
2018-10-26 12:07:59,3,45,21.5,76,12.1,999.6,0.3,1.4,8,1027.5,0
2018-10-26 12:10:59,3,45,21.5,76,12.1,999.7,0.7,1.0,0,1027.5,0
2018-10-26 12:13:59,3,45,21.6,76,12.2,999.7,1.0,1.7,10,1027.5,0
2018-10-26 12:16:59,3,45,21.6,76,12.3,999.7,1.4,1.7,12,1027.5,0
2018-10-26 12:19:59,3,45,21.6,75,12.4,999.6,1.0,1.4,12,1027.5,0
2018-10-26 12:22:59,3,45,21.6,75,12.4,999.6,1.0,1.4,10,1027.5,0
2018-10-26 12:25:59,3,45,21.6,74,12.4,999.4,1.4,2.4,12,1027.5,0
2018-10-26 12:28:59,3,45,21.6,71,12.5,999.4,1.4,2.7,4,1027.5,0
2018-10-26 12:31:59,3,45,21.6,71,12.5,999.4,2.4,2.7,12,1027.5,0
2018-10-26 12:34:59,3,45,21.6,71,12.5,999.3,1.7,2.7,6,1027.5,0
2018-10-26 12:37:59,3,46,21.6,71,12.5,999.3,1.7,2.0,10,1027.5,0
2018-10-26 12:40:59,3,46,21.7,71,12.6,999.2,1.4,2.0,10,1027.5,0
2018-10-26 12:43:59,3,46,21.7,71,12.6,999.2,1.0,1.4,10,1027.5,0
2018-10-26 12:46:59,3,46,21.7,71,12.7,999.2,0.7,1.4,12,1027.5,0
2018-10-26 12:49:59,3,46,21.7,71,12.7,999.2,0.3,1.0,8,1027.5,0
2018-10-26 12:52:59,3,46,21.7,71,12.6,999.1,1.4,2.0,10,1027.5,0
2018-10-26 12:55:59,3,46,21.7,71,12.6,999.0,1.0,1.4,8,1027.5,0
2018-10-26 12:58:59,3,46,21.7,71,12.6,998.9,0.3,0.7,8,1027.5,0
2018-10-26 13:01:59,3,46,21.7,71,12.7,999.0,1.0,1.4,11,1027.5,0
2018-10-26 13:04:59,3,46,21.7,71,12.7,999.0,1.7,2.4,12,1027.5,0
2018-10-26 13:07:59,3,46,21.7,70,12.8,998.8,1.7,2.0,10,1027.5,0
2018-10-26 13:10:59,3,46,21.7,70,12.8,998.8,0.7,1.0,12,1027.5,0
2018-10-26 13:13:59,3,46,21.7,69,12.8,998.7,1.0,2.0,8,1027.5,0
2018-10-26 13:16:59,3,45,21.7,68,12.8,998.6,1.7,2.4,12,1027.5,0
2018-10-26 13:19:59,3,45,21.7,67,12.7,998.7,2.0,2.4,12,1027.5,0
2018-10-26 13:22:59,3,45,21.7,68,12.7,998.7,0.7,1.0,10,1027.5,0
2018-10-26 13:25:59,3,45,21.7,68,12.7,998.7,0.7,1.0,12,1027.5,0
2018-10-26 13:28:59,3,45,21.7,68,12.7,998.7,1.7,3.1,8,1027.5,0
2018-10-26 13:31:59,3,45,21.7,68,12.7,998.6,0.7,1.0,12,1027.5,0
2018-10-26 13:34:59,3,45,21.7,68,12.7,998.5,0.3,0.7,8,1027.5,0
2018-10-26 13:37:59,3,45,21.7,68,12.7,998.6,0.7,1.0,12,1027.5,0
2018-10-26 13:40:59,3,45,21.7,68,12.7,998.5,1.0,1.4,11,1027.5,0
2018-10-26 13:43:59,3,45,21.7,68,12.6,998.5,0.7,1.4,12,1027.5,0
2018-10-26 13:46:59,3,46,21.7,69,12.6,998.4,0.3,0.7,8,1027.5,0
2018-10-26 13:49:59,3,46,21.7,69,12.6,998.4,0.7,1.0,6,1027.5,0
2018-10-26 13:52:59,3,46,21.7,69,12.6,998.3,1.0,2.4,8,1027.5,0
2018-10-26 13:55:59,3,46,21.7,69,12.6,998.2,0.7,1.4,8,1027.5,0
2018-10-26 13:58:59,3,46,21.7,70,12.6,998.2,0.3,0.7,12,1027.5,0
2018-10-26 14:01:59,3,46,21.7,70,12.6,998.2,0.3,0.7,12,1027.5,0
2018-10-26 14:04:59,3,46,21.7,70,12.6,998.2,0.3,0.7,12,1027.5,0
2018-10-26 14:07:59,3,46,21.7,70,12.7,998.1,0.3,0.7,0,1027.5,0
2018-10-26 14:10:59,3,46,21.7,70,12.7,998.1,0.7,1.0,8,1027.5,0
2018-10-26 14:13:59,3,46,21.7,70,12.7,997.9,0.3,0.7,2,1027.5,0
2018-10-26 14:16:59,3,46,21.7,70,12.7,997.9,1.0,1.4,10,1027.5,0
2018-10-26 14:19:59,3,46,21.7,70,12.7,998.0,1.0,1.4,10,1027.5,0
2018-10-26 14:22:59,3,46,21.7,70,12.7,997.9,1.7,2.7,6,1027.5,0
2018-10-26 14:25:59,3,46,21.7,70,12.6,997.9,1.4,1.7,6,1027.5,0
2018-10-26 14:28:59,3,46,21.7,69,12.6,997.8,2.0,2.4,4,1027.5,0
2018-10-26 14:31:59,3,46,21.7,69,12.5,997.9,0.3,0.7,12,1027.5,0
2018-10-26 14:34:59,3,46,21.7,69,12.5,997.8,1.0,2.4,8,1027.5,0
2018-10-26 14:37:59,3,47,21.7,69,12.5,997.8,0.7,1.4,10,1027.5,0
2018-10-26 14:40:59,3,47,21.7,71,12.4,997.8,0.7,1.0,14,1027.5,0
2018-10-26 14:43:59,3,47,21.7,71,12.4,997.7,1.4,1.7,10,1027.5,0
2018-10-26 14:46:59,3,47,21.7,71,12.4,997.7,1.0,1.4,10,1027.5,0
2018-10-26 14:49:59,3,47,21.7,71,12.4,997.8,1.4,2.0,12,1027.5,0
2018-10-26 14:52:59,3,47,21.7,71,12.4,997.7,1.4,1.7,10,1027.5,0
2018-10-26 14:55:59,3,47,21.7,71,12.3,997.6,0.3,0.7,14,1027.5,0
2018-10-26 14:58:59,3,47,21.7,71,12.3,997.7,0.3,0.7,12,1027.5,0
2018-10-26 15:01:59,3,47,21.7,71,12.3,997.5,1.0,1.7,8,1027.5,0
2018-10-26 15:04:59,3,47,21.7,71,12.2,997.6,0.7,1.0,9,1027.5,0
2018-10-26 15:07:59,3,47,21.7,71,12.2,997.7,0.3,0.7,12,1027.5,0
2018-10-26 15:10:59,3,47,21.7,71,12.2,997.6,1.0,1.4,6,1027.5,0
2018-10-26 15:13:59,3,47,21.7,71,12.2,997.7,0.3,1.0,12,1027.5,0
2018-10-26 15:16:59,3,47,21.7,71,12.2,997.6,0.7,1.0,12,1027.5,0
2018-10-26 15:19:59,3,47,21.7,71,12.2,997.5,1.4,2.0,0,1027.5,0
2018-10-26 15:22:59,3,47,21.7,71,12.1,997.4,0.3,1.0,10,1027.5,0
2018-10-26 15:25:59,3,47,21.7,71,12.1,997.4,0.7,1.0,0,1027.5,0
2018-10-26 15:28:59,3,47,21.8,71,12.1,997.4,0.3,0.7,10,1027.5,0
2018-10-26 15:31:59,3,47,21.7,71,12.1,997.5,0.7,1.0,12,1027.5,0
2018-10-26 15:34:59,3,47,21.7,71,12.0,997.4,0.3,0.7,2,1027.5,0
2018-10-26 15:37:59,3,47,21.8,71,12.0,997.5,0.7,1.4,10,1027.5,0
2018-10-26 15:40:59,3,47,21.8,71,12.0,997.3,0.7,1.4,14,1027.5,0
2018-10-26 15:43:59,3,47,21.8,71,11.9,997.2,0.7,1.4,10,1027.5,0
2018-10-26 15:46:59,3,47,21.8,71,11.8,997.1,0.7,1.0,1,1027.5,0
2018-10-26 15:49:59,3,47,21.8,71,11.8,997.1,0.3,1.0,8,1027.5,0
2018-10-26 15:52:59,3,47,21.8,71,11.7,997.1,0.3,0.7,12,1027.5,0
2018-10-26 15:55:59,3,47,21.8,71,11.6,997.0,0,0.7,12,1027.5,0
2018-10-26 15:58:59,3,47,21.8,72,11.6,997.1,0.3,0.7,10,1027.5,0
2018-10-26 16:01:59,3,47,21.8,72,11.6,997.0,0.7,1.0,10,1027.5,0
2018-10-26 16:04:59,3,47,21.8,72,11.6,996.9,0.7,1.0,10,1027.5,0
2018-10-26 16:07:59,3,47,21.8,72,11.6,997.0,0.7,1.4,10,1027.5,0
2018-10-26 16:10:59,3,47,21.8,71,11.6,997.2,1.7,2.4,10,1027.5,0
2018-10-26 16:13:59,3,47,21.8,71,11.6,997.1,0.3,0.7,10,1027.5,0
2018-10-26 16:16:59,3,47,21.8,71,11.6,997.2,1.0,1.7,10,1027.5,0
2018-10-26 16:19:59,3,47,21.8,70,11.6,997.2,0.7,1.0,9,1027.5,0
2018-10-26 16:22:59,3,47,21.8,70,11.6,997.2,1.0,1.7,8,1027.5,0
2018-10-26 16:25:59,3,47,21.8,70,11.5,997.1,1.4,2.0,6,1027.5,0
2018-10-26 16:28:59,3,47,21.8,70,11.4,997.1,0.7,1.4,0,1027.5,0
2018-10-26 16:31:59,3,47,21.8,70,11.4,997.1,1.4,2.0,12,1027.5,0
2018-10-26 16:34:59,3,47,21.8,70,11.3,997.1,1.0,1.4,14,1027.5,0
2018-10-26 16:37:59,3,47,21.8,70,11.2,997.2,1.0,2.0,11,1027.5,0
2018-10-26 16:40:59,3,47,21.8,70,11.2,997.0,0.3,0.7,14,1027.5,0
2018-10-26 16:43:59,3,47,21.8,70,11.1,997.2,0.7,1.0,12,1027.5,0
2018-10-26 16:46:59,3,47,21.8,70,11.0,997.3,0.3,0.7,10,1027.5,0
2018-10-26 16:49:59,3,47,21.8,70,11.0,997.2,1.0,1.4,13,1027.5,0
2018-10-26 16:52:59,3,47,21.8,70,10.9,997.2,0.7,1.0,8,1027.5,0
2018-10-26 16:55:59,3,47,21.8,70,10.9,997.1,0.7,1.0,8,1027.5,0
2018-10-26 16:58:59,3,47,21.8,70,10.9,997.1,0.7,1.4,10,1027.5,0
2018-10-26 17:01:59,3,47,21.8,70,10.9,997.0,0.7,1.7,12,1027.5,0
2018-10-26 17:04:59,3,47,21.8,70,10.8,997.0,1.4,1.7,8,1027.5,0
2018-10-26 17:07:59,3,47,21.8,70,10.8,997.1,1.4,2.0,10,1027.5,0
2018-10-26 17:10:59,3,47,21.8,70,10.8,997.0,0.7,1.0,6,1027.5,0
2018-10-26 17:13:59,3,47,21.8,70,10.8,997.0,0.7,1.4,10,1027.5,0
2018-10-26 17:16:59,3,47,21.8,70,10.8,997.0,1.4,2.0,8,1027.5,0
2018-10-26 17:19:59,3,47,21.8,70,10.7,996.9,0.7,1.0,6,1027.5,0
2018-10-26 17:22:59,3,47,21.8,70,10.7,996.9,0.7,1.4,8,1027.5,0
2018-10-26 17:25:59,3,47,21.8,71,10.7,996.9,1.0,1.7,8,1027.5,0
2018-10-26 17:28:59,3,47,21.8,71,10.6,997.0,1.0,2.0,6,1027.5,0
2018-10-26 17:31:59,3,46,21.8,71,10.6,997.0,0.7,1.0,8,1027.5,0
2018-10-26 17:34:59,3,46,21.8,71,10.6,996.9,1.0,1.7,0,1027.5,0
2018-10-26 17:37:59,3,46,21.8,71,10.6,996.9,1.4,2.0,8,1027.5,0
2018-10-26 17:40:59,3,46,21.8,71,10.6,996.9,0.3,0.7,14,1027.5,0
2018-10-26 17:43:59,3,46,21.8,71,10.6,997.0,1.0,1.4,8,1027.5,0
2018-10-26 17:46:59,3,46,21.8,71,10.6,997.0,1.7,2.0,0,1027.5,0
2018-10-26 17:49:59,3,46,21.8,71,10.6,997.0,0.3,0.7,10,1027.5,0
2018-10-26 17:52:59,3,46,21.8,71,10.6,996.9,1.0,1.4,9,1027.5,0
2018-10-26 17:55:59,3,46,21.8,71,10.6,996.8,0.7,1.0,10,1027.5,0
2018-10-26 17:58:59,3,46,21.8,71,10.5,996.7,0.7,1.0,10,1027.5,0
2018-10-26 18:01:59,3,46,21.8,71,10.5,996.7,0.7,1.0,12,1027.5,0
2018-10-26 18:04:59,3,46,21.8,71,10.5,996.7,0.7,1.0,12,1027.5,0
2018-10-26 18:07:59,3,46,21.8,71,10.5,996.7,1.0,1.7,10,1027.5,0
2018-10-26 18:10:59,3,46,21.8,71,10.5,996.5,0.7,1.4,12,1027.5,0
2018-10-26 18:13:59,3,46,21.8,71,10.5,996.5,1.0,1.4,12,1027.5,0
2018-10-26 18:16:59,3,46,21.8,71,10.5,996.5,1.0,2.7,10,1027.5,0
2018-10-26 18:19:59,3,46,21.8,71,10.5,996.3,0.7,1.0,14,1027.5,0
2018-10-26 18:22:59,3,46,21.8,71,10.5,996.3,1.4,2.0,10,1027.5,0
2018-10-26 18:25:59,3,46,21.8,71,10.5,996.5,0.3,0.7,10,1027.5,0
2018-10-26 18:28:59,3,46,21.8,71,10.5,996.4,0.7,1.4,14,1027.5,0
2018-10-26 18:31:59,3,46,21.8,71,10.5,996.4,1.0,1.7,10,1027.5,0
2018-10-26 18:34:59,3,46,21.8,71,10.5,996.4,1.7,3.1,12,1027.5,0
2018-10-26 18:37:59,3,46,21.8,71,10.5,996.2,0.7,1.0,10,1027.5,0
2018-10-26 18:40:59,3,46,21.8,71,10.4,996.2,0.7,1.0,12,1027.5,0
2018-10-26 18:43:59,3,46,21.8,71,10.4,996.1,0.3,0.7,10,1027.5,0
2018-10-26 18:46:59,3,46,21.8,71,10.4,996.2,0.3,0.7,12,1027.5,0
2018-10-26 18:49:59,3,46,21.8,72,10.3,996.2,0.3,1.0,8,1027.5,0
2018-10-26 18:52:59,3,46,21.8,72,10.3,996.1,0,0.7,12,1027.5,0
2018-10-26 18:55:59,3,46,21.8,72,10.3,996.2,2.0,2.7,10,1027.5,0
2018-10-26 18:58:59,3,46,21.8,72,10.3,996.2,0.7,1.0,10,1027.5,0
2018-10-26 19:01:59,3,46,21.8,72,10.3,996.2,0.7,1.4,12,1027.5,0
2018-10-26 19:04:59,3,46,21.8,72,10.3,996.2,0.3,1.0,12,1027.5,0
2018-10-26 19:07:59,3,46,21.8,72,10.3,996.1,1.4,2.0,8,1027.5,0
2018-10-26 19:10:59,3,46,21.8,72,10.3,996.1,0.7,1.0,10,1027.5,0
2018-10-26 19:13:59,3,46,21.8,72,10.3,996.2,1.0,1.4,10,1027.5,0
2018-10-26 19:16:59,3,46,21.8,72,10.2,996.0,1.0,1.4,8,1027.5,0
2018-10-26 19:19:59,3,46,21.8,72,10.2,996.0,1.0,1.4,12,1027.5,0
2018-10-26 19:22:59,3,46,21.8,72,10.2,996.0,1.0,1.4,10,1027.5,0
2018-10-26 19:25:59,3,46,21.8,72,10.2,996.0,1.4,1.7,12,1027.5,0
2018-10-26 19:28:59,3,46,21.8,72,10.2,996.0,0.3,0.7,12,1027.5,0
2018-10-26 19:31:59,3,46,21.8,72,10.2,996.0,0.7,1.0,8,1027.5,0
2018-10-26 19:34:59,3,46,21.8,72,10.2,996.0,0,0.7,10,1027.5,0
2018-10-26 19:37:59,3,46,21.8,72,10.1,996.0,0.7,1.0,10,1027.5,0
2018-10-26 19:40:59,3,46,21.8,72,10.1,995.9,0.3,0.7,9,1027.5,0
2018-10-26 19:43:59,3,46,21.8,72,10.1,996.0,0.7,1.0,14,1027.5,0
2018-10-26 19:46:59,3,46,21.8,72,10.1,995.9,0.3,0.7,0,1027.5,0
2018-10-26 19:49:59,3,46,21.8,72,10.1,995.9,0.3,0.7,10,1027.5,0
2018-10-26 19:52:59,3,46,21.8,72,10.1,995.8,0.3,0.3,10,1027.5,0
2018-10-26 19:55:59,3,45,21.8,72,10.1,995.8,1.0,1.4,12,1027.5,0
2018-10-26 19:58:59,3,45,21.8,72,10.1,995.9,1.4,1.7,12,1027.5,0
2018-10-26 20:01:59,3,45,21.8,72,10.1,995.9,0.7,1.0,2,1027.5,0
2018-10-26 20:04:59,3,45,21.8,72,10.1,995.8,0.7,1.0,2,1027.5,0
2018-10-26 20:07:59,3,45,21.8,72,10.1,995.7,1.7,2.7,8,1027.5,0
2018-10-26 20:10:59,3,45,21.8,72,10.2,995.8,1.4,1.7,11,1027.5,0
2018-10-26 20:13:59,3,45,21.8,72,10.2,995.8,1.4,2.0,10,1027.5,0
2018-10-26 20:16:59,3,45,21.8,72,10.2,995.8,0.7,1.0,8,1027.5,0
2018-10-26 20:19:59,3,45,21.8,72,10.2,995.7,1.7,2.7,10,1027.5,0
2018-10-26 20:22:59,3,45,21.8,72,10.2,995.8,1.0,1.4,10,1027.5,0
2018-10-26 20:25:59,3,45,21.8,72,10.2,995.8,1.0,1.4,12,1027.5,0
2018-10-26 20:28:59,3,45,21.8,72,10.2,995.7,2.0,2.7,12,1027.5,0
2018-10-26 20:31:59,3,45,21.8,72,10.2,995.6,1.4,2.0,14,1027.5,0
2018-10-26 20:34:59,3,45,21.8,72,10.2,995.7,0.7,1.0,12,1027.5,0
2018-10-26 20:37:59,3,45,21.8,72,10.2,995.7,2.0,3.1,10,1027.5,0
2018-10-26 20:40:59,3,45,21.8,71,10.2,995.7,0.7,1.0,10,1027.5,0
2018-10-26 20:43:59,3,45,21.8,71,10.2,995.7,1.4,1.7,10,1027.5,0
2018-10-26 20:46:59,3,45,21.8,71,10.1,995.6,2.0,2.7,10,1027.5,0
2018-10-26 20:49:59,3,45,21.8,71,10.1,995.6,1.0,1.4,12,1027.5,0
2018-10-26 20:52:59,3,45,21.8,71,10.1,995.7,1.4,1.7,12,1027.5,0
2018-10-26 20:55:59,3,45,21.7,71,10.1,995.6,1.0,1.4,12,1027.5,0
2018-10-26 20:58:59,3,45,21.7,71,10.1,995.6,1.0,1.7,14,1027.5,0
2018-10-26 21:01:59,3,45,21.7,71,10.1,995.5,2.0,2.7,10,1027.5,0
2018-10-26 21:04:59,3,45,21.7,71,10.1,995.6,2.4,3.1,13,1027.5,0
2018-10-26 21:07:59,3,45,21.7,71,10.1,995.5,1.0,1.4,10,1027.5,0
2018-10-26 21:10:59,3,45,21.7,71,10.1,995.4,1.0,1.7,12,1027.5,0
2018-10-26 21:13:59,3,45,21.7,71,10.1,995.6,1.7,2.4,8,1027.5,0
2018-10-26 21:16:59,3,45,21.7,71,10.2,995.6,0.7,1.4,10,1027.5,0
2018-10-26 21:19:59,3,45,21.7,71,10.2,995.7,2.7,3.7,12,1027.5,0
2018-10-26 21:22:59,3,45,21.7,70,10.2,995.6,1.7,2.7,11,1027.5,0
2018-10-26 21:25:59,3,45,21.7,70,10.2,995.5,1.7,2.4,12,1027.5,0
2018-10-26 21:28:59,3,45,21.7,70,10.2,995.5,2.0,2.7,10,1027.5,0
2018-10-26 21:31:59,3,45,21.7,70,10.2,995.5,1.0,1.7,8,1027.5,0
2018-10-26 21:34:59,3,45,21.7,70,10.2,995.4,0.7,1.4,10,1027.5,0
2018-10-26 21:37:59,3,45,21.7,70,10.2,995.4,0.7,1.0,12,1027.5,0
2018-10-26 21:40:59,3,45,21.7,70,10.2,995.4,1.4,2.0,12,1027.5,0
2018-10-26 21:43:59,3,45,21.7,70,10.1,995.3,1.0,1.7,10,1027.5,0
2018-10-26 21:46:59,3,45,21.6,71,10.1,995.3,1.4,2.0,10,1027.5,0
2018-10-26 21:49:59,3,45,21.6,71,10.1,995.3,0.7,1.0,10,1027.5,0
2018-10-26 21:52:59,3,44,21.6,71,10.0,995.3,1.7,2.4,8,1027.5,0
2018-10-26 21:55:59,3,44,21.6,71,10.0,995.2,2.4,3.1,0,1027.5,0
2018-10-26 21:58:59,3,44,21.6,71,10.0,995.3,2.0,3.1,12,1027.5,0
