2018-10-25 00:02:00,3,42,20.7,87,9.8,1008.3,1.4,2.0,10,1026.9,0
2018-10-25 00:05:00,3,42,20.7,87,9.8,1008.2,1.4,2.0,10,1026.9,0
2018-10-25 00:08:00,3,42,20.6,87,9.9,1008.2,1.4,1.7,14,1026.9,0
2018-10-25 00:11:00,3,42,20.6,87,9.9,1008.1,1.7,2.0,10,1026.9,0
2018-10-25 00:14:00,3,42,20.6,87,9.9,1008.1,3.1,3.7,10,1026.9,0
2018-10-25 00:17:00,3,42,20.6,88,9.9,1008.1,2.7,3.7,12,1026.9,0
2018-10-25 00:20:00,3,42,20.6,88,10.0,1008.0,1.0,1.4,10,1026.9,0
2018-10-25 00:23:00,3,42,20.6,88,9.9,1008.0,1.4,2.0,10,1026.9,0
2018-10-25 00:27:00,3,42,20.6,89,9.9,1007.9,1.0,1.7,12,1026.9,0
2018-10-25 00:30:00,3,42,20.6,89,9.9,1007.9,1.7,2.0,10,1026.9,0
2018-10-25 00:33:00,3,42,20.6,90,9.9,1007.8,2.4,3.1,10,1026.9,0
2018-10-25 00:34:59,3,42,20.6,90,9.9,1007.7,1.4,2.4,10,1026.9,0
2018-10-25 00:37:59,3,42,20.5,90,9.9,1007.7,1.7,2.4,12,1026.9,0
2018-10-25 00:40:59,3,42,20.5,90,9.9,1007.7,1.4,1.7,12,1026.9,0
2018-10-25 00:43:59,3,42,20.5,91,9.9,1007.6,1.0,1.7,11,1026.9,0
2018-10-25 00:46:59,3,42,20.5,91,9.9,1007.7,2.7,4.1,10,1026.9,0
2018-10-25 00:49:59,3,42,20.5,91,9.9,1007.6,2.0,2.7,10,1026.9,0
2018-10-25 00:52:59,3,42,20.5,91,10.0,1007.6,1.0,2.0,14,1026.9,0
2018-10-25 00:55:59,3,42,20.5,92,10.0,1007.7,1.7,2.4,10,1026.9,0
2018-10-25 00:58:59,3,42,20.5,92,10.0,1007.5,1.4,2.0,10,1026.9,0
2018-10-25 01:01:59,3,42,20.5,92,10.0,1007.5,1.0,1.7,12,1026.9,0
2018-10-25 01:04:59,3,42,20.5,92,10.1,1007.6,3.1,4.4,10,1026.9,0
2018-10-25 01:07:59,3,42,20.5,92,10.1,1007.5,1.7,2.0,0,1026.9,0
2018-10-25 01:12:59,3,42,20.4,93,10.2,1007.4,1.4,2.0,10,1026.9,0
2018-10-25 01:17:59,3,42,20.4,93,10.2,1007.5,1.7,3.4,10,1026.9,0
2018-10-25 01:19:59,3,42,20.4,93,10.2,1007.3,1.7,2.7,12,1026.9,0
2018-10-25 01:22:59,3,42,20.4,93,10.3,1007.3,1.4,2.4,12,1026.9,0
2018-10-25 01:24:59,3,42,20.4,94,10.3,1007.4,1.0,1.7,10,1026.9,0
2018-10-25 01:27:59,3,42,20.4,94,10.3,1007.2,1.0,1.4,10,1026.9,0
2018-10-25 01:32:59,3,42,20.4,94,10.4,1007.2,1.7,2.0,12,1026.9,0
2018-10-25 01:34:59,3,42,20.4,94,10.4,1007.1,1.0,1.4,12,1026.9,0
2018-10-25 01:37:59,3,42,20.4,94,10.4,1007.0,2.4,4.1,14,1026.9,0
2018-10-25 01:39:59,3,42,20.4,94,10.5,1006.9,1.0,1.4,10,1026.9,0
2018-10-25 01:42:59,3,42,20.4,95,10.5,1006.9,1.7,2.4,11,1026.9,0
2018-10-25 01:47:59,3,42,20.4,95,10.5,1006.9,0.7,1.4,10,1026.9,0
2018-10-25 01:49:59,3,42,20.3,95,10.6,1006.8,1.0,1.7,12,1026.9,0
2018-10-25 01:52:59,3,42,20.3,95,10.6,1006.7,1.0,1.7,12,1026.9,0
2018-10-25 01:54:59,3,42,20.3,95,10.6,1006.7,1.0,1.7,10,1027.2,0
2018-10-25 01:57:59,3,42,20.3,95,10.6,1006.6,2.4,3.4,10,1027.2,0
2018-10-25 02:03:59,3,42,20.3,95,10.7,1006.6,1.7,2.0,12,1027.2,0
2018-10-25 02:05:59,3,42,20.3,95,10.7,1006.6,1.7,2.0,10,1027.2,0
2018-10-25 02:08:59,3,42,20.3,95,10.7,1006.5,1.7,2.0,10,1027.2,0
2018-10-25 02:10:59,3,42,20.3,95,10.8,1006.7,1.4,2.0,12,1027.2,0
2018-10-25 02:13:59,3,42,20.3,95,10.8,1006.5,3.1,4.4,8,1027.2,0
2018-10-25 02:15:59,3,42,20.3,96,10.9,1006.4,2.0,2.7,11,1027.2,0
2018-10-25 02:18:59,3,42,20.3,96,10.9,1006.5,3.1,4.4,12,1027.2,0
2018-10-25 02:23:59,3,42,20.3,96,10.9,1006.5,2.0,2.4,10,1027.2,0
2018-10-25 02:25:59,3,42,20.3,96,10.9,1006.2,1.4,1.7,14,1027.2,0
2018-10-25 02:28:59,3,42,20.3,96,10.9,1006.1,2.0,2.7,2,1027.2,0
2018-10-25 02:30:59,3,42,20.2,96,11.0,1006.1,2.0,3.7,12,1027.2,0
2018-10-25 02:33:59,3,43,20.2,96,11.0,1006.2,1.4,2.0,12,1027.2,0
2018-10-25 02:38:59,3,43,20.2,96,11.0,1006.2,1.0,1.4,10,1027.2,0
2018-10-25 02:40:59,3,43,20.2,96,11.0,1006.2,1.7,2.7,12,1027.2,0
2018-10-25 02:43:59,3,43,20.2,95,11.1,1006.1,1.0,1.7,14,1027.2,0
2018-10-25 02:45:59,3,43,20.2,95,11.1,1006.0,2.4,3.1,14,1027.2,0
2018-10-25 02:48:59,3,43,20.2,95,11.1,1006.0,1.4,1.7,11,1027.2,0
2018-10-25 02:53:59,3,43,20.2,95,11.1,1005.9,1.4,2.4,10,1027.2,0
2018-10-25 02:55:59,3,43,20.2,95,11.1,1005.9,1.7,2.0,10,1027.2,0
2018-10-25 02:58:59,3,42,20.1,95,11.1,1005.7,2.0,3.1,12,1027.2,0
2018-10-25 03:00:59,3,43,20.1,95,11.2,1005.8,1.4,2.0,10,1027.2,0
2018-10-25 03:03:59,3,43,20.1,94,11.2,1005.7,1.7,2.4,10,1027.2,0
2018-10-25 03:08:59,3,43,20.1,94,11.2,1005.6,3.1,3.7,12,1027.2,0
2018-10-25 03:11:59,3,43,20.1,94,11.3,1005.6,2.7,4.1,12,1027.2,0
2018-10-25 03:14:59,3,43,20.1,93,11.3,1005.5,1.4,1.7,8,1027.2,0
2018-10-25 03:16:59,3,43,20.1,93,11.3,1005.4,2.7,4.1,12,1027.2,0
2018-10-25 03:19:59,3,43,20.1,92,11.3,1005.4,1.4,1.7,10,1027.2,0
2018-10-25 03:22:59,3,43,20.1,92,11.3,1005.4,1.7,2.0,12,1027.2,0
2018-10-25 03:27:59,3,43,20.1,91,11.3,1005.4,1.7,2.4,12,1027.2,0
2018-10-25 03:32:59,3,43,20.1,91,11.3,1005.4,2.0,3.1,10,1027.2,0
2018-10-25 03:34:59,3,43,20.1,91,11.3,1005.4,1.7,2.4,15,1027.2,0
2018-10-25 03:37:59,3,43,20.1,91,11.3,1005.3,1.7,2.4,12,1027.2,0
2018-10-25 03:39:59,3,43,20.1,91,11.3,1005.3,1.7,2.0,12,1027.2,0
2018-10-25 03:42:59,3,43,20.1,91,11.3,1005.2,3.1,3.7,12,1027.2,0
2018-10-25 03:47:59,3,43,20.0,91,11.3,1005.1,2.4,3.4,10,1027.2,0
2018-10-25 03:49:59,3,43,20.0,91,11.3,1005.0,1.7,2.4,12,1027.2,0
2018-10-25 03:52:59,3,43,20.0,91,11.2,1005.0,1.4,2.0,8,1027.2,0
2018-10-25 03:54:59,3,43,20.0,91,11.2,1005.0,1.4,1.7,10,1027.2,0
2018-10-25 03:57:59,3,43,20.0,91,11.2,1005.0,1.7,2.4,12,1027.2,0
2018-10-25 04:03:59,3,43,20.0,92,11.1,1005.0,1.0,1.4,10,1027.2,0
2018-10-25 04:05:59,3,43,20.0,92,11.1,1004.9,1.0,1.4,10,1027.2,0
2018-10-25 04:08:59,3,43,20.0,92,11.1,1004.8,1.0,1.4,10,1027.2,0
2018-10-25 04:11:59,3,43,20.1,92,11.1,1004.7,1.4,2.0,12,1027.2,0
2018-10-25 04:16:59,3,43,20.1,93,11.1,1004.6,1.0,1.4,10,1027.2,0
2018-10-25 04:19:59,3,43,20.1,93,11.1,1004.8,2.7,4.4,10,1027.5,0
2018-10-25 04:22:59,3,43,20.1,93,11.0,1004.8,1.7,2.4,12,1027.5,0
2018-10-25 04:24:59,3,43,20.1,93,11.0,1004.6,2.4,2.7,14,1027.5,0
2018-10-25 04:27:59,3,43,20.2,93,11.1,1004.6,2.4,3.1,8,1027.5,0
2018-10-25 04:32:59,3,43,20.2,94,11.1,1004.5,2.0,2.7,12,1027.5,0
2018-10-25 04:34:59,3,43,20.2,94,11.1,1004.6,2.0,4.1,12,1027.5,0
2018-10-25 04:37:59,3,43,20.3,94,11.1,1004.6,2.4,3.7,6,1027.5,0
2018-10-25 04:39:59,3,44,20.3,94,11.2,1004.5,2.0,2.7,12,1027.5,0
2018-10-25 04:42:59,3,44,20.3,94,11.2,1004.4,2.4,3.4,12,1027.5,0
2018-10-25 04:47:59,3,44,20.3,94,11.3,1004.5,3.1,3.7,10,1027.5,0
2018-10-25 04:50:59,3,44,20.3,94,11.3,1004.3,2.0,2.7,10,1027.5,0
2018-10-25 04:53:59,3,44,20.3,94,11.3,1004.3,2.4,3.1,8,1027.5,0
2018-10-25 04:55:59,3,44,20.3,94,11.4,1004.4,2.7,4.4,10,1027.5,0
2018-10-25 04:58:59,3,44,20.4,94,11.4,1004.3,1.4,1.7,14,1027.5,0
2018-10-25 05:00:59,3,44,20.4,94,11.4,1004.4,1.7,3.4,14,1027.5,0
2018-10-25 05:03:59,3,44,20.4,93,11.5,1004.4,2.7,4.4,13,1027.5,0
2018-10-25 05:08:59,3,44,20.4,93,11.5,1004.4,3.1,4.1,10,1027.5,0
2018-10-25 05:10:59,3,44,20.4,93,11.6,1004.3,1.7,3.4,12,1027.5,0
2018-10-25 05:13:59,3,44,20.4,92,11.6,1004.3,1.7,2.4,12,1027.5,0
2018-10-25 05:15:59,3,44,20.4,92,11.6,1004.3,1.7,2.4,12,1027.5,0
2018-10-25 05:18:59,3,44,20.4,91,11.6,1004.1,2.7,4.1,14,1027.5,0
2018-10-25 05:23:59,3,44,20.4,91,11.7,1004.3,2.7,3.7,10,1027.5,0
2018-10-25 05:25:59,3,44,20.4,91,11.7,1004.3,3.1,5.1,12,1027.5,0
2018-10-25 05:28:59,3,44,20.4,90,11.7,1004.3,3.7,4.8,8,1027.5,0
2018-10-25 05:30:59,3,44,20.4,90,11.7,1004.1,2.4,4.1,12,1027.5,0
2018-10-25 05:33:59,3,44,20.4,90,11.6,1004.2,2.0,4.1,10,1027.5,0
2018-10-25 05:38:59,3,44,20.4,90,11.6,1004.1,2.0,3.7,10,1027.5,0
2018-10-25 05:40:59,3,44,20.4,90,11.6,1004.2,1.0,1.7,11,1027.5,0
2018-10-25 05:43:59,3,44,20.5,90,11.6,1004.3,2.0,3.1,12,1027.5,0
2018-10-25 05:45:59,3,44,20.5,90,11.7,1004.3,3.1,3.7,8,1027.5,0
2018-10-25 05:48:59,3,44,20.5,90,11.7,1004.3,2.0,3.1,10,1027.5,0
2018-10-25 05:53:59,3,44,20.5,89,11.7,1004.3,2.7,3.7,10,1027.5,0
2018-10-25 05:56:59,3,44,20.5,89,11.6,1004.2,2.7,4.1,11,1027.5,0
2018-10-25 05:59:59,3,44,20.5,88,11.6,1004.4,1.7,2.7,10,1027.5,0
2018-10-25 06:01:59,3,44,20.5,88,11.5,1004.4,1.7,2.7,12,1027.5,0
2018-10-25 06:04:59,3,44,20.5,88,11.5,1004.6,1.7,2.7,12,1027.5,0
2018-10-25 06:06:59,3,44,20.5,88,11.5,1004.5,1.7,2.7,12,1027.5,0
2018-10-25 06:09:59,3,44,20.5,89,11.3,1004.5,1.0,1.7,15,1027.5,0
2018-10-25 06:14:59,3,44,20.5,89,11.3,1004.5,0.7,1.4,11,1027.5,0
2018-10-25 06:16:59,3,45,20.5,90,11.3,1004.6,2.0,3.1,12,1027.5,0
2018-10-25 06:19:59,3,45,20.5,90,11.3,1004.6,1.0,1.4,10,1027.5,0
2018-10-25 06:22:59,3,45,20.5,90,11.3,1004.4,2.0,3.4,10,1027.5,0
2018-10-25 06:26:59,3,45,20.5,90,11.3,1004.4,1.4,1.7,10,1027.5,0
2018-10-25 06:28:59,3,45,20.6,90,11.2,1004.6,3.1,4.4,13,1027.5,0
2018-10-25 06:31:59,3,46,20.6,90,11.2,1004.5,1.7,3.1,12,1027.5,0
2018-10-25 06:34:59,3,46,20.6,90,11.1,1004.5,1.7,3.1,4,1027.5,0
2018-10-25 06:37:59,3,47,20.7,90,11.1,1004.5,3.4,4.4,14,1027.5,0
2018-10-25 06:40:59,3,45,21.0,90,11.1,1004.7,2.7,3.4,12,1027.5,0
2018-10-25 06:43:59,3,45,21.2,89,11.1,1004.8,1.4,2.0,12,1027.5,0
2018-10-25 06:46:59,3,44,21.3,89,11.1,1004.7,1.7,2.0,12,1027.5,0
2018-10-25 06:49:59,3,44,21.5,89,11.1,1004.6,1.4,1.7,10,1027.5,0
2018-10-25 06:52:59,3,44,21.7,89,11.1,1004.6,1.7,2.7,12,1027.5,0
2018-10-25 06:55:59,3,43,21.8,88,11.1,1004.7,1.0,1.7,10,1027.5,0
2018-10-25 06:58:59,3,43,21.9,88,11.1,1004.6,1.0,1.4,10,1027.5,0
2018-10-25 07:01:59,3,43,21.9,87,11.1,1004.7,3.1,4.8,10,1027.5,0
2018-10-25 07:04:59,3,42,22.1,86,11.1,1004.8,1.7,2.0,10,1027.5,0
2018-10-25 07:07:59,3,42,22.2,85,11.2,1004.9,1.4,1.7,11,1027.5,0
2018-10-25 07:10:59,3,41,22.3,84,11.2,1004.8,2.0,3.1,0,1027.5,0
2018-10-25 07:13:59,3,41,22.3,83,11.2,1004.8,3.1,4.4,8,1027.5,0
2018-10-25 07:16:59,3,41,22.4,82,11.3,1004.7,4.1,5.8,13,1027.5,0
2018-10-25 07:19:59,3,41,22.6,82,11.3,1004.7,2.0,3.1,12,1027.5,0
2018-10-25 07:22:59,3,41,22.6,81,11.3,1004.9,2.7,4.1,10,1027.5,0
2018-10-25 07:25:59,3,40,22.6,81,11.3,1004.7,1.0,1.4,12,1027.5,0
2018-10-25 07:28:59,3,40,22.7,81,11.3,1004.8,2.0,2.7,10,1027.5,0
2018-10-25 07:31:59,3,40,22.7,81,11.3,1004.9,2.4,3.1,8,1027.5,0
2018-10-25 07:34:59,3,40,22.8,81,11.4,1004.8,5.4,6.5,10,1027.5,0
2018-10-25 07:37:59,3,40,22.9,81,11.4,1004.9,3.1,5.1,10,1027.5,0
2018-10-25 07:40:59,3,40,23.0,81,11.4,1004.8,2.4,3.1,9,1027.5,0
2018-10-25 07:43:59,3,39,23.1,81,11.4,1004.8,1.7,2.4,12,1027.5,0
2018-10-25 07:46:59,3,39,23.1,81,11.4,1004.7,2.0,2.7,12,1027.5,0
2018-10-25 07:49:59,3,39,23.1,81,11.4,1004.9,1.0,2.0,14,1027.5,0
2018-10-25 07:52:59,3,38,23.3,81,11.4,1004.8,1.4,2.0,12,1027.5,0
2018-10-25 07:55:59,3,38,23.4,81,11.4,1004.8,1.4,2.0,12,1027.5,0
2018-10-25 07:58:59,3,38,23.4,81,11.5,1004.8,2.4,3.4,8,1027.5,0
2018-10-25 08:01:59,3,38,23.4,81,11.5,1004.8,2.7,3.1,12,1027.5,0
2018-10-25 08:04:59,3,38,23.5,81,11.5,1004.8,2.7,3.1,12,1027.5,0
2018-10-25 08:07:59,3,37,23.6,81,11.5,1004.9,1.7,2.0,12,1027.5,0
2018-10-25 08:10:59,3,37,23.6,81,11.5,1004.8,3.1,4.1,10,1027.5,0
2018-10-25 08:13:59,3,37,23.6,81,11.5,1004.8,1.7,2.0,10,1027.5,0
2018-10-25 08:16:59,3,37,23.6,81,11.5,1004.9,1.7,2.7,12,1027.5,0
2018-10-25 08:19:59,3,38,23.6,81,11.4,1004.7,2.0,2.4,12,1027.5,0
2018-10-25 08:22:59,3,38,23.6,82,11.4,1004.7,2.0,3.7,10,1027.5,0
2018-10-25 08:25:59,3,38,23.6,82,11.4,1004.8,1.4,1.7,10,1027.5,0
2018-10-25 08:28:59,3,39,23.6,82,11.5,1004.7,3.1,4.4,13,1027.5,0
2018-10-25 08:31:59,3,39,23.6,82,11.5,1004.6,1.7,2.4,12,1027.5,0
2018-10-25 08:34:59,3,39,23.6,81,11.6,1004.6,3.7,5.1,8,1027.5,0
2018-10-25 08:37:59,3,39,23.6,81,11.6,1004.5,1.4,2.0,12,1027.5,0
2018-10-25 08:40:59,3,39,23.6,81,11.7,1004.6,2.0,2.7,10,1027.5,0
2018-10-25 08:43:59,3,39,23.6,81,11.7,1004.7,2.0,3.1,10,1027.5,0
2018-10-25 08:46:59,3,39,23.6,80,11.7,1004.7,2.7,3.7,12,1027.5,0
2018-10-25 08:49:59,3,39,23.6,80,11.8,1004.7,1.7,2.0,11,1027.5,0
2018-10-25 08:52:59,3,39,23.6,80,11.8,1004.5,2.4,4.1,12,1027.5,0
2018-10-25 08:55:59,3,39,23.5,80,11.8,1004.5,2.7,3.4,8,1027.5,0
2018-10-25 08:58:59,3,39,23.4,80,11.8,1004.5,2.0,3.1,10,1027.5,0
2018-10-25 09:01:59,3,39,23.2,80,11.9,1004.5,2.0,3.1,10,1027.5,0
2018-10-25 09:04:59,3,39,23.1,80,11.9,1004.3,1.4,2.7,12,1027.5,0
2018-10-25 09:07:59,3,40,23.0,80,12.0,1004.3,2.7,3.4,10,1027.5,0
2018-10-25 09:10:59,3,40,23.0,80,12.0,1004.3,1.4,2.4,12,1027.5,0
2018-10-25 09:13:59,3,40,22.9,79,12.0,1004.3,3.1,5.4,10,1027.5,0
2018-10-25 09:16:59,3,40,22.7,79,12.1,1004.2,2.4,3.7,14,1027.5,0
2018-10-25 09:19:59,3,40,22.7,79,12.1,1004.3,1.4,1.7,10,1027.5,0
2018-10-25 09:22:59,3,40,22.6,79,12.1,1004.2,3.7,4.8,12,1027.5,0
2018-10-25 09:25:59,3,40,22.6,80,12.1,1004.2,2.0,2.7,10,1027.5,0
2018-10-25 09:28:59,3,41,22.5,80,12.0,1004.1,2.7,3.7,10,1027.5,0
2018-10-25 09:31:59,3,41,22.5,81,11.9,1004.1,1.7,3.1,0,1027.5,0
2018-10-25 09:34:59,3,41,22.3,81,11.8,1004.2,2.4,3.1,12,1027.5,0
2018-10-25 09:37:59,3,41,22.3,81,11.8,1004.2,3.1,4.1,14,1027.5,0
2018-10-25 09:40:59,3,41,22.3,81,11.9,1004.2,1.4,2.0,10,1027.5,0
2018-10-25 09:43:59,3,41,22.2,81,11.9,1004.1,1.7,2.7,10,1027.5,0
2018-10-25 09:46:59,3,41,22.2,81,11.9,1004.1,3.1,3.7,9,1027.5,0
2018-10-25 09:49:59,3,41,22.2,81,12.0,1004.1,2.0,2.7,14,1027.5,0
2018-10-25 09:52:59,3,41,22.1,81,12.0,1004.1,2.7,4.4,10,1027.5,0
2018-10-25 09:55:59,3,41,22.1,81,12.0,1004.1,2.0,2.7,0,1027.5,0
2018-10-25 09:58:59,3,41,22.0,81,12.0,1004.0,4.1,5.1,10,1027.5,0
2018-10-25 10:01:59,3,42,21.9,81,12.0,1004.1,3.4,4.1,12,1027.5,0
2018-10-25 10:04:59,3,42,21.9,81,12.0,1004.1,3.4,4.1,12,1027.5,0
2018-10-25 10:07:59,3,42,21.9,81,12.0,1004.1,2.4,3.4,14,1027.5,0
2018-10-25 10:10:59,3,42,21.9,81,12.0,1004.1,2.4,4.1,11,1027.5,0
2018-10-25 10:13:59,3,42,21.8,81,11.9,1004.1,3.7,4.4,12,1027.5,0
2018-10-25 10:16:59,3,42,21.8,82,11.8,1004.0,3.1,3.7,13,1027.5,0
2018-10-25 10:19:59,3,42,21.8,83,11.7,1004.1,2.4,3.4,12,1027.5,0
2018-10-25 10:22:59,3,42,21.8,83,11.7,1003.9,1.7,3.1,10,1027.5,0
2018-10-25 10:25:59,3,42,21.8,84,11.7,1004.0,2.4,3.4,11,1027.5,0
2018-10-25 10:28:59,3,42,21.7,84,11.7,1004.0,1.7,2.0,12,1027.5,0
2018-10-25 10:31:59,3,42,21.7,85,11.7,1004.0,2.0,3.1,10,1027.5,0
2018-10-25 10:34:59,3,42,21.7,85,11.8,1004.0,3.1,4.1,10,1027.5,0
2018-10-25 10:37:59,3,42,21.7,85,11.9,1004.0,2.7,3.7,14,1027.5,0
2018-10-25 10:40:59,3,43,21.7,85,11.9,1004.0,3.4,4.1,12,1027.5,0
2018-10-25 10:43:59,3,43,21.6,84,12.0,1003.8,1.7,2.0,12,1027.5,0
2018-10-25 10:46:59,3,43,21.6,84,12.0,1003.8,2.7,4.1,10,1027.5,0
2018-10-25 10:49:59,3,43,21.5,84,12.0,1004.0,3.4,5.1,10,1027.5,0
2018-10-25 10:52:59,3,43,21.5,84,12.0,1004.0,3.1,5.1,12,1027.5,0
2018-10-25 10:55:59,3,43,21.5,84,12.0,1004.1,2.0,3.7,10,1027.5,0
2018-10-25 10:58:59,3,43,21.5,85,12.0,1003.9,3.1,3.7,12,1027.5,0
2018-10-25 11:01:59,3,43,21.5,85,12.0,1003.9,3.1,3.4,12,1027.5,0
2018-10-25 11:04:59,3,43,21.4,85,12.0,1004.0,2.7,3.4,6,1027.5,0
2018-10-25 11:07:59,3,44,21.4,85,12.0,1004.2,2.0,2.7,12,1027.5,0
2018-10-25 11:10:59,3,44,21.3,85,11.9,1004.0,2.7,3.7,12,1027.5,0
2018-10-25 11:13:59,3,44,21.3,85,11.8,1004.0,2.7,4.8,14,1027.5,0
2018-10-25 11:16:59,3,44,21.3,86,11.7,1004.0,2.7,4.8,12,1027.5,0
2018-10-25 11:19:59,3,44,21.3,86,11.7,1003.9,3.1,4.1,10,1027.5,0
2018-10-25 11:22:59,3,44,21.3,86,11.7,1004.1,2.0,3.1,12,1027.5,0
2018-10-25 11:25:59,3,44,21.3,87,11.9,1004.1,2.0,3.4,14,1027.5,0
2018-10-25 11:28:59,3,44,21.2,88,11.9,1003.9,2.0,2.7,12,1027.5,0
2018-10-25 11:31:59,3,44,21.2,88,12.0,1004.0,2.0,3.1,12,1027.5,0
2018-10-25 11:34:59,3,44,21.2,88,12.0,1004.0,3.7,5.1,12,1027.5,0
2018-10-25 11:37:59,3,44,21.2,87,12.0,1004.1,1.4,2.4,14,1027.5,0
2018-10-25 11:40:59,3,45,21.2,86,12.0,1004.0,2.4,3.4,12,1027.5,0
2018-10-25 11:43:59,3,45,21.2,85,12.1,1004.0,4.1,7.8,14,1027.5,0
2018-10-25 11:46:59,3,45,21.2,84,12.1,1004.0,2.0,3.7,12,1027.5,0
2018-10-25 11:49:59,3,45,21.2,83,12.2,1003.9,2.4,3.7,10,1027.5,0
2018-10-25 11:52:59,3,45,21.2,82,12.2,1003.9,2.7,3.4,12,1027.5,0
2018-10-25 11:55:59,3,45,21.2,82,12.3,1003.9,3.7,4.4,14,1027.5,0
2018-10-25 11:58:59,3,45,21.2,81,12.3,1004.0,3.4,4.8,12,1027.5,0
2018-10-25 12:01:59,3,45,21.2,81,12.3,1003.9,1.7,2.7,14,1027.5,0
2018-10-25 12:04:59,3,45,21.2,81,12.3,1003.8,1.7,2.7,14,1027.5,0
2018-10-25 12:07:59,3,45,21.2,80,12.3,1003.9,1.4,1.7,14,1027.5,0
2018-10-25 12:10:59,3,45,21.2,80,12.3,1003.9,1.4,2.0,2,1027.5,0
2018-10-25 12:13:59,3,46,21.2,81,12.3,1003.8,1.7,2.7,14,1027.5,0
2018-10-25 12:16:59,3,46,21.2,81,12.3,1003.8,1.7,2.4,12,1027.5,0
2018-10-25 12:19:59,3,46,21.2,81,12.3,1003.8,1.0,1.4,6,1027.5,0
2018-10-25 12:22:59,3,46,21.2,80,12.3,1003.8,3.4,4.4,13,1027.5,0
2018-10-25 12:25:59,3,46,21.2,80,12.4,1003.7,2.7,3.4,12,1027.5,0
2018-10-25 12:28:59,3,46,21.2,79,12.4,1003.8,3.4,4.4,12,1027.5,0
2018-10-25 12:31:59,3,46,21.2,74,12.5,1003.7,3.4,4.8,14,1027.5,0
2018-10-25 12:34:59,3,46,21.2,74,12.5,1003.8,3.1,4.4,12,1027.5,0
2018-10-25 12:37:59,3,46,21.2,73,12.6,1003.8,2.7,4.4,12,1027.5,0
2018-10-25 12:40:59,3,47,21.2,72,12.6,1003.7,2.4,3.4,14,1027.5,0
2018-10-25 12:43:59,3,47,21.2,72,12.7,1003.7,2.7,3.4,11,1027.5,0
2018-10-25 12:46:59,3,47,21.2,72,12.7,1003.6,1.4,2.0,14,1027.5,0
2018-10-25 12:49:59,3,47,21.2,72,12.8,1003.6,3.1,4.4,10,1027.5,0
2018-10-25 12:52:59,3,47,21.2,71,12.9,1003.6,2.4,2.7,10,1027.5,0
2018-10-25 12:55:59,3,47,21.2,71,12.9,1003.6,2.0,3.1,6,1027.5,0
2018-10-25 12:58:59,3,47,21.2,71,13.0,1003.6,1.7,2.4,10,1027.5,0
2018-10-25 13:01:59,3,47,21.2,71,13.0,1003.7,2.7,4.1,12,1027.5,0
2018-10-25 13:04:59,3,47,21.2,71,13.0,1003.7,2.4,3.7,14,1027.5,0
2018-10-25 13:07:59,3,47,21.2,71,13.0,1003.7,1.4,2.0,12,1027.5,0
2018-10-25 13:10:59,3,47,21.2,71,13.0,1003.7,1.7,2.4,14,1027.5,0
2018-10-25 13:13:59,3,47,21.2,71,13.1,1003.6,2.7,4.1,14,1027.5,0
2018-10-25 13:16:59,3,47,21.2,71,13.1,1003.7,2.4,3.7,14,1027.5,0
2018-10-25 13:19:59,3,47,21.2,71,13.2,1003.7,2.0,2.4,0,1027.5,0
2018-10-25 13:22:59,3,47,21.2,71,13.2,1003.7,2.4,3.4,12,1027.5,0
2018-10-25 13:25:59,3,47,21.2,71,13.1,1003.7,2.4,3.1,12,1027.5,0
2018-10-25 13:28:59,3,47,21.2,70,13.1,1003.6,1.7,2.0,14,1027.5,0
2018-10-25 13:31:59,3,47,21.2,70,13.0,1003.7,3.1,4.8,14,1027.5,0
2018-10-25 13:34:59,3,47,21.2,70,13.0,1003.7,3.4,4.1,12,1027.5,0
2018-10-25 13:37:59,3,47,21.2,70,13.0,1003.8,2.4,3.7,14,1027.5,0
2018-10-25 13:40:59,3,47,21.2,70,13.0,1003.8,2.0,3.1,12,1027.5,0
2018-10-25 13:43:59,3,47,21.2,68,13.0,1003.8,1.7,2.4,12,1027.5,0
2018-10-25 13:46:59,3,47,21.2,68,13.0,1003.8,1.0,1.7,14,1027.5,0
2018-10-25 13:49:59,3,47,21.2,67,13.0,1003.8,2.7,4.8,12,1027.5,0
2018-10-25 13:52:59,3,47,21.2,66,13.0,1003.8,2.0,2.7,14,1027.5,0
2018-10-25 13:55:59,3,47,21.2,67,12.9,1003.8,1.0,1.7,10,1027.5,0
2018-10-25 13:58:59,3,47,21.2,66,12.9,1003.8,2.4,3.1,14,1027.5,0
2018-10-25 14:01:59,3,47,21.2,66,12.9,1003.8,1.7,2.4,14,1027.5,0
2018-10-25 14:04:59,3,48,21.2,66,12.9,1003.8,1.7,2.4,14,1027.5,0
2018-10-25 14:07:59,3,48,21.2,66,12.9,1003.8,1.0,1.7,12,1027.5,0
2018-10-25 14:10:59,3,48,21.2,65,12.9,1003.8,2.7,3.4,12,1027.5,0
2018-10-25 14:13:59,3,48,21.2,65,12.9,1003.8,1.7,2.4,10,1027.5,0
2018-10-25 14:16:59,3,48,21.2,65,12.8,1003.7,0.7,1.4,12,1027.5,0
2018-10-25 14:19:59,3,48,21.2,65,12.8,1003.8,2.0,3.1,12,1027.5,0
2018-10-25 14:22:59,3,48,21.2,64,12.8,1003.8,2.0,2.7,12,1027.5,0
2018-10-25 14:25:59,3,48,21.2,64,12.8,1003.8,2.4,3.1,11,1027.5,0
2018-10-25 14:28:59,3,48,21.2,64,12.8,1003.9,1.7,2.4,10,1027.5,0
2018-10-25 14:31:59,3,48,21.2,64,12.8,1003.8,2.7,4.1,14,1027.5,0
2018-10-25 14:34:59,3,48,21.2,64,12.8,1003.9,2.4,3.1,12,1027.5,0
2018-10-25 14:37:59,3,48,21.2,64,12.8,1004.0,1.7,2.7,12,1027.5,0
2018-10-25 14:40:59,3,48,21.2,63,12.8,1003.8,2.0,3.1,2,1027.5,0
2018-10-25 14:43:59,3,47,21.2,62,12.8,1004.0,2.0,3.4,14,1027.5,0
2018-10-25 14:46:59,3,47,21.2,61,12.8,1003.9,4.8,5.8,0,1027.5,0
2018-10-25 14:49:59,3,47,21.2,60,12.9,1004.0,2.4,4.4,12,1027.5,0
2018-10-25 14:52:59,3,47,21.2,60,12.9,1003.9,4.8,7.8,14,1027.5,0
2018-10-25 14:55:59,3,47,21.2,59,12.9,1004.2,3.1,6.5,14,1027.5,0
2018-10-25 14:58:59,3,47,21.2,58,12.9,1004.1,2.7,3.7,12,1027.5,0
2018-10-25 15:01:59,3,47,21.2,59,12.8,1004.1,1.7,3.1,14,1027.5,0
2018-10-25 15:04:59,3,47,21.2,59,12.8,1004.1,1.7,2.7,12,1027.5,0
2018-10-25 15:07:59,3,47,21.2,58,12.8,1004.2,3.1,4.4,14,1027.5,0
2018-10-25 15:10:59,3,47,21.2,57,12.7,1004.1,2.4,3.4,12,1027.5,0
2018-10-25 15:13:59,3,47,21.2,58,12.7,1004.1,0.7,1.0,0,1027.5,0
2018-10-25 15:16:59,3,47,21.1,58,12.7,1004.1,2.0,3.4,12,1027.5,0
2018-10-25 15:19:59,3,47,21.1,58,12.6,1004.0,1.0,1.4,14,1027.5,0
2018-10-25 15:22:59,3,47,21.1,58,12.6,1004.1,2.0,2.4,14,1027.5,0
2018-10-25 15:25:59,3,47,21.1,58,12.6,1004.2,2.0,2.7,12,1027.5,0
2018-10-25 15:28:59,3,47,21.1,58,12.6,1004.2,2.7,3.4,12,1027.5,0
2018-10-25 15:31:59,3,47,21.1,58,12.5,1004.3,0.7,1.0,14,1027.5,0
2018-10-25 15:34:59,3,47,21.1,59,12.5,1004.2,0.7,1.0,10,1027.5,0
2018-10-25 15:37:59,3,47,21.1,62,12.4,1004.3,1.0,1.4,14,1027.5,0
2018-10-25 15:40:59,3,47,21.1,62,12.4,1004.2,0.3,1.0,6,1027.5,0
2018-10-25 15:43:59,3,47,21.1,63,12.3,1004.3,0.7,1.0,13,1027.5,0
2018-10-25 15:46:59,3,47,21.1,63,12.3,1004.4,0.7,1.0,12,1027.5,0
2018-10-25 15:49:59,3,47,21.1,63,12.2,1004.4,0.3,0.7,14,1027.5,0
2018-10-25 15:52:59,3,47,21.1,63,12.2,1004.3,1.7,2.4,14,1027.5,0
2018-10-25 15:55:59,3,47,21.1,63,12.2,1004.4,0.3,0.7,14,1027.5,0
2018-10-25 15:58:59,3,47,21.1,63,12.2,1004.3,0.7,1.0,14,1027.5,0
2018-10-25 16:01:59,3,47,21.1,63,12.1,1004.4,1.4,2.4,12,1027.5,0
2018-10-25 16:04:59,3,47,21.1,63,12.1,1004.5,1.4,2.4,12,1027.5,0
2018-10-25 16:07:59,3,47,21.1,63,12.0,1004.4,1.0,1.4,14,1027.5,0
2018-10-25 16:10:59,3,47,21.1,63,12.0,1004.5,0.3,0.7,14,1027.5,0
2018-10-25 16:13:59,3,47,21.1,63,12.0,1004.6,0.7,1.0,0,1027.5,0
2018-10-25 16:16:59,3,47,21.1,63,12.0,1004.6,1.7,2.4,12,1027.5,0
2018-10-25 16:19:59,3,48,21.1,63,12.0,1004.5,1.0,1.7,0,1027.5,0
2018-10-25 16:22:59,3,48,21.1,63,11.9,1004.5,0.7,1.0,0,1027.5,0
2018-10-25 16:25:59,3,48,21.2,63,11.9,1004.6,1.4,2.4,2,1027.5,0
2018-10-25 16:28:59,3,48,21.2,63,11.9,1004.5,1.4,1.7,12,1027.5,0
2018-10-25 16:31:59,3,48,21.2,62,11.9,1004.7,1.7,2.7,14,1027.5,0
2018-10-25 16:34:59,3,48,21.2,62,11.9,1004.8,1.4,1.7,13,1027.5,0
2018-10-25 16:37:59,3,48,21.2,62,12.0,1004.8,1.0,1.7,10,1027.5,0
2018-10-25 16:40:59,3,48,21.3,61,12.0,1004.9,3.4,5.1,14,1027.5,0
2018-10-25 16:43:59,3,48,21.3,61,12.0,1004.9,2.0,2.7,13,1027.5,0
2018-10-25 16:46:59,3,48,21.3,61,12.0,1004.9,1.4,2.0,14,1027.5,0
2018-10-25 16:49:59,3,48,21.3,61,12.0,1004.8,2.4,3.1,12,1027.5,0
2018-10-25 16:52:59,3,48,21.3,60,12.0,1005.0,1.7,3.1,14,1027.5,0
2018-10-25 16:55:59,3,48,21.4,60,12.1,1005.0,2.0,2.4,2,1027.5,0
2018-10-25 16:58:59,3,48,21.4,60,12.1,1005.1,2.4,3.4,10,1027.5,0
2018-10-25 17:01:59,3,48,21.5,60,12.1,1004.9,1.4,2.4,4,1027.5,0
2018-10-25 17:04:59,3,48,21.5,60,12.0,1005.1,0.7,1.0,14,1027.5,0
2018-10-25 17:07:59,3,47,21.5,60,12.0,1005.1,2.0,3.4,12,1027.5,0
2018-10-25 17:10:59,3,47,21.5,60,12.0,1005.1,1.7,2.0,12,1027.5,0
2018-10-25 17:13:59,3,47,21.5,60,12.0,1005.2,1.7,2.7,10,1027.5,0
2018-10-25 17:16:59,3,47,21.5,60,12.0,1005.1,2.0,3.1,12,1027.5,0
2018-10-25 17:19:59,3,47,21.5,60,12.0,1005.2,1.7,2.0,2,1027.5,0
2018-10-25 17:22:59,3,47,21.5,60,11.9,1005.2,2.0,2.7,0,1027.5,0
2018-10-25 17:25:59,3,47,21.5,58,12.0,1005.2,2.0,2.7,12,1027.5,0
2018-10-25 17:28:59,3,47,21.5,58,12.0,1005.2,2.0,3.4,10,1027.5,0
2018-10-25 17:31:59,3,47,21.5,58,12.0,1005.2,1.0,1.4,14,1027.5,0
2018-10-25 17:34:59,3,47,21.5,58,11.9,1005.3,1.0,1.4,2,1027.5,0
2018-10-25 17:37:59,3,47,21.5,58,11.9,1005.3,1.0,1.7,8,1027.5,0
2018-10-25 17:40:59,3,47,21.5,59,11.9,1005.3,2.0,2.4,12,1027.5,0
2018-10-25 17:43:59,3,46,21.5,59,11.9,1005.2,2.0,2.4,14,1027.5,0
2018-10-25 17:46:59,3,46,21.5,60,11.9,1005.4,0.3,0.7,10,1027.5,0
2018-10-25 17:49:59,3,46,21.5,60,11.8,1005.3,0.7,1.0,12,1027.5,0
2018-10-25 17:52:59,3,46,21.5,60,11.8,1005.4,1.0,1.7,14,1027.5,0
2018-10-25 17:55:59,3,46,21.5,61,11.7,1005.4,1.7,2.7,10,1027.5,0
2018-10-25 17:58:59,3,46,21.5,61,11.7,1005.4,3.1,4.1,12,1027.5,0
2018-10-25 18:01:59,3,46,21.5,61,11.7,1005.5,2.0,2.4,12,1027.5,0
2018-10-25 18:04:59,3,46,21.5,61,11.7,1005.5,2.0,2.4,12,1027.5,0
2018-10-25 18:07:59,3,46,21.5,62,11.6,1005.5,2.4,2.7,14,1027.5,0
2018-10-25 18:10:59,3,46,21.5,62,11.6,1005.4,2.7,4.1,12,1027.5,0
2018-10-25 18:13:59,3,46,21.5,62,11.6,1005.5,2.0,3.4,14,1027.5,0
2018-10-25 18:16:59,3,46,21.5,63,11.6,1005.5,1.4,2.0,12,1027.5,0
2018-10-25 18:19:59,3,46,21.5,63,11.5,1005.5,2.0,2.7,0,1027.5,0
2018-10-25 18:22:59,3,46,21.5,64,11.5,1005.5,2.4,3.7,12,1027.5,0
2018-10-25 18:25:59,3,46,21.5,64,11.5,1005.4,2.4,3.1,14,1027.5,0
2018-10-25 18:28:59,3,46,21.5,65,11.5,1005.6,3.7,6.1,10,1027.5,0
2018-10-25 18:31:59,3,46,21.5,65,11.5,1005.6,1.4,2.4,2,1027.5,0
2018-10-25 18:34:59,3,46,21.5,65,11.4,1005.5,2.7,3.7,14,1027.5,0
2018-10-25 18:37:59,3,46,21.5,66,11.4,1005.6,2.7,3.7,12,1027.5,0
2018-10-25 18:40:59,3,46,21.5,66,11.4,1005.6,2.0,2.4,14,1027.5,0
2018-10-25 18:43:59,3,46,21.5,66,11.3,1005.6,2.0,2.7,12,1027.5,0
2018-10-25 18:46:59,3,46,21.5,66,11.3,1005.6,2.0,2.4,14,1027.5,0
2018-10-25 18:49:59,3,46,21.5,66,11.3,1005.5,1.4,2.0,12,1027.5,0
2018-10-25 18:52:59,3,46,21.5,66,11.3,1005.4,0.7,1.0,14,1027.5,0
2018-10-25 18:55:59,3,46,21.5,65,11.3,1005.5,3.1,3.7,12,1027.5,0
2018-10-25 18:58:59,3,46,21.5,65,11.3,1005.5,2.7,3.7,10,1027.5,0
2018-10-25 19:01:59,3,46,21.5,65,11.3,1005.6,2.0,2.7,14,1027.5,0
2018-10-25 19:04:59,3,46,21.5,64,11.3,1005.6,1.7,2.4,12,1027.5,0
2018-10-25 19:07:59,3,46,21.5,64,11.3,1005.6,2.7,5.4,10,1027.5,0
2018-10-25 19:10:59,3,46,21.5,63,11.3,1005.5,3.4,4.8,12,1027.5,0
2018-10-25 19:13:59,3,45,21.5,63,11.3,1005.5,0.7,1.0,14,1027.5,0
2018-10-25 19:16:59,3,45,21.5,64,11.2,1005.5,1.0,1.7,14,1027.5,0
2018-10-25 19:19:59,3,45,21.5,64,11.2,1005.5,2.7,3.7,14,1027.5,0
2018-10-25 19:22:59,3,45,21.5,64,11.2,1005.4,1.0,1.7,0,1027.5,0
2018-10-25 19:25:59,3,45,21.5,65,11.1,1005.5,1.4,2.0,14,1027.5,0
2018-10-25 19:28:59,3,45,21.5,65,11.1,1005.4,2.4,2.7,13,1027.5,0
2018-10-25 19:31:59,3,45,21.5,64,11.1,1005.6,2.0,2.7,14,1027.5,0
2018-10-25 19:34:59,3,45,21.5,63,11.1,1005.6,1.0,1.4,14,1027.5,0
2018-10-25 19:37:59,3,45,21.5,63,11.1,1005.4,2.7,4.8,14,1027.5,0
2018-10-25 19:40:59,3,45,21.5,63,11.1,1005.5,2.7,3.7,12,1027.5,0
2018-10-25 19:43:59,3,45,21.5,64,11.1,1005.5,1.0,2.0,12,1027.5,0
2018-10-25 19:46:59,3,45,21.5,64,11.1,1005.5,1.4,2.0,12,1027.5,0
2018-10-25 19:49:59,3,45,21.5,64,11.0,1005.6,1.4,2.0,10,1027.5,0
2018-10-25 19:52:59,3,45,21.5,64,11.0,1005.6,3.1,4.1,10,1027.5,0
2018-10-25 19:55:59,3,45,21.5,64,11.1,1005.6,1.0,1.4,14,1027.5,0
2018-10-25 19:58:59,3,45,21.5,64,11.0,1005.7,1.7,2.0,14,1027.5,0
2018-10-25 20:01:59,3,45,21.5,64,11.0,1005.7,0.3,1.0,14,1027.5,0
2018-10-25 20:04:59,3,45,21.5,64,11.0,1005.7,0.3,1.0,14,1027.5,0
2018-10-25 20:07:59,3,45,21.5,65,10.9,1005.8,0.7,1.0,10,1027.5,0
2018-10-25 20:10:59,3,45,21.5,65,10.9,1005.8,1.7,2.7,12,1027.5,0
2018-10-25 20:13:59,3,45,21.5,65,10.9,1005.8,1.4,2.0,14,1027.5,0
2018-10-25 20:16:59,3,45,21.5,65,10.9,1005.8,0.7,1.0,10,1027.5,0
2018-10-25 20:19:59,3,45,21.5,65,10.8,1005.8,1.0,1.4,8,1027.5,0
2018-10-25 20:22:59,3,45,21.5,66,10.8,1005.8,0.7,1.0,8,1027.5,0
2018-10-25 20:25:59,3,45,21.5,66,10.8,1005.8,0.3,0.7,12,1027.5,0
2018-10-25 20:28:59,3,45,21.4,66,10.8,1005.8,0.3,0.7,12,1027.5,0
2018-10-25 20:31:59,3,45,21.4,66,10.7,1005.7,0.7,1.0,12,1027.5,0
2018-10-25 20:34:59,3,45,21.5,67,10.7,1005.8,0.7,1.0,12,1027.5,0
2018-10-25 20:37:59,3,45,21.5,67,10.7,1005.9,1.0,1.4,12,1027.5,0
2018-10-25 20:40:59,3,45,21.4,67,10.7,1005.8,0.7,1.0,10,1027.5,0
2018-10-25 20:43:59,3,45,21.4,67,10.7,1005.9,1.7,2.0,10,1027.5,0
2018-10-25 20:46:59,3,45,21.4,67,10.7,1005.9,1.4,1.7,10,1027.5,0
2018-10-25 20:49:59,3,45,21.4,67,10.7,1005.9,1.0,1.7,10,1027.5,0
2018-10-25 20:52:59,3,45,21.4,67,10.7,1005.9,1.4,1.7,14,1027.5,0
2018-10-25 20:55:59,3,45,21.3,67,10.7,1005.9,1.0,1.4,10,1027.5,0
2018-10-25 20:58:59,3,45,21.3,68,10.6,1006.0,0.3,0.7,8,1027.5,0
2018-10-25 21:01:59,3,45,21.3,68,10.6,1006.0,1.4,1.7,10,1027.5,0
2018-10-25 21:04:59,3,45,21.3,68,10.6,1006.0,0.3,0.7,10,1027.5,0
2018-10-25 21:07:59,3,45,21.3,68,10.6,1005.9,1.0,1.7,6,1027.5,0
2018-10-25 21:10:59,3,45,21.3,68,10.5,1005.9,1.4,2.0,10,1027.5,0
2018-10-25 21:13:59,3,45,21.3,69,10.5,1005.9,1.4,2.7,12,1027.5,0
2018-10-25 21:16:59,3,45,21.3,68,10.6,1006.0,0.3,0.7,12,1027.5,0
2018-10-25 21:19:59,3,44,21.3,69,10.5,1005.9,1.4,2.7,12,1027.5,0
2018-10-25 21:22:59,3,44,21.3,69,10.5,1005.9,1.7,2.7,12,1027.5,0
2018-10-25 21:25:59,3,44,21.3,68,10.6,1006.0,1.0,1.7,10,1027.5,0
2018-10-25 21:28:59,3,44,21.3,68,10.6,1005.9,1.0,1.7,14,1027.5,0
2018-10-25 21:31:59,3,44,21.3,69,10.6,1005.9,1.0,1.4,10,1027.5,0
2018-10-25 21:34:59,3,44,21.3,69,10.5,1005.8,1.4,1.7,14,1027.5,0
2018-10-25 21:37:59,3,44,21.3,69,10.5,1005.9,0.3,0.7,10,1027.5,0
2018-10-25 21:40:59,3,44,21.3,69,10.5,1005.9,0.7,1.0,10,1027.5,0
2018-10-25 21:43:59,3,44,21.3,69,10.5,1005.9,1.0,1.7,12,1027.5,0
2018-10-25 21:46:59,3,44,21.2,69,10.5,1005.8,0.7,1.0,12,1027.5,0
2018-10-25 21:49:59,3,44,21.2,69,10.5,1005.8,1.0,1.4,12,1027.5,0
2018-10-25 21:52:59,3,44,21.2,69,10.4,1005.8,0.7,1.4,12,1027.5,0
2018-10-25 21:55:59,3,44,21.2,69,10.4,1005.9,0.7,1.0,12,1027.5,0
2018-10-25 21:58:59,3,44,21.2,70,10.4,1005.8,0.3,0.7,10,1027.5,0
