2019-11-07 00:01:00,3,48,20.7,92,5.4,997.7,0,0,6,1546.8,0
2019-11-07 00:04:00,3,48,20.7,92,5.4,997.7,0,0,6,1546.8,0
2019-11-07 00:07:00,3,48,20.7,92,5.4,997.6,0,0,6,1546.8,0
2019-11-07 00:10:00,3,48,20.6,92,5.4,997.6,0,0,6,1546.8,0
2019-11-07 00:13:00,3,48,20.6,92,5.4,997.6,0,0,6,1546.8,0
2019-11-07 00:16:00,3,47,20.6,92,5.3,997.6,0,0,6,1546.8,0
2019-11-07 00:19:00,3,47,20.6,92,5.3,997.5,0,0,2,1546.8,0
2019-11-07 00:22:00,3,47,20.6,92,5.2,997.5,0,0,2,1546.8,0
2019-11-07 00:25:00,3,47,20.6,92,5.2,997.5,0,0,2,1546.8,0
2019-11-07 00:28:00,3,47,20.6,92,5.2,997.5,0,0,2,1546.8,0
2019-11-07 00:31:00,3,47,20.6,92,5.1,997.5,0,0,2,1546.8,0
2019-11-07 00:34:00,3,47,20.5,92,5.1,997.5,0,0,2,1546.8,0
2019-11-07 00:37:00,3,47,20.5,92,5.1,997.6,0,0,2,1546.8,0
2019-11-07 00:40:00,3,47,20.5,92,5.1,997.6,0,0,2,1546.8,0
2019-11-07 00:43:00,3,47,20.5,92,5.1,997.6,0,0,2,1546.8,0
2019-11-07 00:46:00,3,47,20.5,92,5.1,997.5,0,0,2,1546.8,0
2019-11-07 00:49:00,3,47,20.4,92,5.2,997.5,0,0,2,1546.8,0
2019-11-07 00:52:00,3,47,20.4,92,5.2,997.6,0,0,2,1546.8,0
2019-11-07 00:55:00,3,47,20.4,92,5.2,997.5,0,0,2,1546.8,0
2019-11-07 00:58:00,3,47,20.4,92,5.2,997.6,0,0,2,1546.8,0
2019-11-07 01:01:00,3,47,20.4,92,5.2,997.6,0,0,8,1546.8,0
2019-11-07 01:04:00,3,47,20.4,92,5.2,997.5,0,0,8,1546.8,0
2019-11-07 01:07:00,3,47,20.4,92,5.3,997.5,0,0,2,1546.8,0
2019-11-07 01:10:00,3,47,20.4,92,5.3,997.6,0,0,2,1546.8,0
2019-11-07 01:13:00,3,47,20.3,92,5.4,997.6,0,0,14,1546.8,0
2019-11-07 01:16:00,3,47,20.3,92,5.4,997.5,0,0,14,1546.8,0
2019-11-07 01:19:00,3,47,20.3,92,5.4,997.5,0,0.3,10,1546.8,0
2019-11-07 01:22:00,3,47,20.3,92,5.5,997.6,0,0,10,1546.8,0
2019-11-07 01:25:00,3,47,20.3,92,5.6,997.5,0,0,4,1546.8,0
2019-11-07 01:28:00,3,47,20.3,92,5.6,997.4,0,0,4,1546.8,0
2019-11-07 01:31:00,3,47,20.3,92,5.7,997.4,0,0,4,1546.8,0
2019-11-07 01:34:00,3,47,20.3,92,5.7,997.4,0,0,0,1546.8,0
2019-11-07 01:37:00,3,47,20.2,92,5.8,997.4,0,0,4,1546.8,0
2019-11-07 01:40:00,3,47,20.2,92,5.8,997.3,0,0,4,1546.8,0
2019-11-07 01:43:00,3,47,20.2,92,5.8,997.3,0,0,4,1546.8,0
2019-11-07 01:46:00,3,47,20.2,92,5.8,997.3,0,0,4,1546.8,0
2019-11-07 01:49:00,3,47,20.2,92,5.8,997.3,0,0,4,1546.8,0
2019-11-07 01:52:00,3,47,20.2,92,5.8,997.3,0,0,4,1546.8,0
2019-11-07 01:55:00,3,47,20.1,92,5.8,997.3,0,0,4,1546.8,0
2019-11-07 01:58:00,3,47,20.1,92,5.8,997.3,0,0,4,1546.8,0
2019-11-07 02:01:00,3,47,20.1,92,5.9,997.3,0,0,14,1546.8,0
2019-11-07 02:04:00,3,47,20.1,92,5.9,997.3,0,0,14,1546.8,0
2019-11-07 02:07:00,3,47,20.1,92,5.9,997.3,0,0,14,1546.8,0
2019-11-07 02:10:00,3,47,20.1,92,5.9,997.2,0,0,14,1546.8,0
2019-11-07 02:13:00,3,47,20.1,92,6.0,997.2,0,0,14,1546.8,0
2019-11-07 02:16:00,3,47,20.1,92,6.0,997.2,0,0,14,1546.8,0
2019-11-07 02:19:00,3,47,20.1,92,6.0,997.2,0,0,14,1546.8,0
2019-11-07 02:22:00,3,47,20.0,92,6.0,997.2,0,0,14,1546.8,0
2019-11-07 02:25:00,3,47,20.0,92,6.0,997.2,0,0,14,1546.8,0
2019-11-07 02:28:00,3,47,20.0,92,6.0,997.2,0,0,14,1546.8,0
2019-11-07 02:31:00,3,47,20.0,92,6.0,997.2,0,0,14,1546.8,0
2019-11-07 02:34:00,3,47,20.0,92,6.0,997.3,0,0,2,1546.8,0
2019-11-07 02:37:00,3,47,20.0,92,6.0,997.2,0,0,2,1546.8,0
2019-11-07 02:40:00,3,47,20.0,92,6.0,997.2,0,0,2,1546.8,0
2019-11-07 02:43:00,3,47,20.0,92,6.0,997.1,0,0,2,1546.8,0
2019-11-07 02:46:00,3,48,19.9,92,6.0,997.2,0,0,2,1546.8,0
2019-11-07 02:49:00,3,48,19.9,92,6.0,997.2,0,0,2,1546.8,0
2019-11-07 02:52:00,3,48,19.9,92,6.0,997.2,0,0,2,1546.8,0
2019-11-07 02:55:00,3,48,19.9,92,6.0,997.2,0,0,2,1546.8,0
2019-11-07 02:58:00,3,48,19.9,92,6.0,997.1,0,0,4,1546.8,0
2019-11-07 03:01:00,3,48,19.8,92,6.0,997.2,0,0,4,1546.8,0
2019-11-07 03:04:00,3,48,19.8,92,6.0,997.1,0,0,4,1546.8,0
2019-11-07 03:07:00,3,48,19.8,92,6.0,997.1,0,0,14,1546.8,0
2019-11-07 03:10:00,3,48,19.8,92,6.0,997.1,0,0,14,1546.8,0
2019-11-07 03:13:00,3,48,19.8,92,5.9,997.2,0,0,14,1546.8,0
2019-11-07 03:16:00,3,48,19.8,92,5.9,997.1,0,0,14,1546.8,0
2019-11-07 03:19:00,3,48,19.8,92,6.0,997.2,0,0,14,1546.8,0
2019-11-07 03:22:00,3,48,19.8,92,6.0,997.1,0,0,14,1546.8,0
2019-11-07 03:25:00,3,48,19.8,92,6.0,997.1,0,0,14,1546.8,0
2019-11-07 03:28:00,3,48,19.7,92,6.0,997.2,0,0,8,1546.8,0
2019-11-07 03:31:00,3,48,19.7,92,6.0,997.2,0,0,8,1546.8,0
2019-11-07 03:34:00,3,48,19.7,92,6.0,997.2,0,0,0,1546.8,0
2019-11-07 03:37:00,3,48,19.7,93,6.1,997.2,0,0,0,1546.8,0
2019-11-07 03:40:00,3,48,19.7,93,6.1,997.1,0,0,0,1546.8,0
2019-11-07 03:43:00,3,48,19.7,93,6.2,997.1,0,0,2,1546.8,0
2019-11-07 03:46:00,3,48,19.7,93,6.2,997.0,0,0,2,1546.8,0
2019-11-07 03:49:00,3,48,19.7,93,6.3,997.1,0,0,2,1546.8,0
2019-11-07 03:52:00,3,48,19.7,93,6.3,997.1,0,0,4,1546.8,0
2019-11-07 03:55:00,3,48,19.6,93,6.3,997.0,0,0,6,1546.8,0
2019-11-07 03:58:00,3,48,19.6,93,6.3,996.9,0,0,2,1546.8,0
2019-11-07 04:01:00,3,48,19.6,93,6.4,997.0,0,0,2,1546.8,0
2019-11-07 04:04:00,3,48,19.6,93,6.4,997.0,0,0,2,1546.8,0
2019-11-07 04:07:00,3,48,19.6,93,6.4,996.9,0.3,0.7,4,1546.8,0
2019-11-07 04:10:00,3,48,19.6,93,6.4,996.9,0,0.3,12,1546.8,0
2019-11-07 04:13:00,3,48,19.6,93,6.4,996.9,0.3,0.7,8,1546.8,0
2019-11-07 04:16:00,3,48,19.6,93,6.4,996.9,0,0,0,1546.8,0
2019-11-07 04:19:00,3,48,19.6,93,6.5,996.9,0,0,8,1546.8,0
2019-11-07 04:22:00,3,48,19.6,93,6.5,997.0,0,0,10,1546.8,0
2019-11-07 04:25:00,3,48,19.5,93,6.5,996.9,0.7,1.0,8,1546.8,0
2019-11-07 04:28:00,3,48,19.5,93,6.5,996.9,0.3,0.3,6,1546.8,0
2019-11-07 04:31:00,3,48,19.5,93,6.6,996.9,0,0.3,4,1546.8,0
2019-11-07 04:34:00,3,47,19.5,93,6.6,996.8,0,0.3,2,1546.8,0
2019-11-07 04:37:00,3,47,19.4,93,6.6,996.9,0,0.3,4,1546.8,0
2019-11-07 04:40:00,3,47,19.4,93,6.6,996.8,0.3,0.7,4,1546.8,0
2019-11-07 04:43:00,3,47,19.4,93,6.6,996.9,0.3,0.7,8,1546.8,0
2019-11-07 04:46:00,3,47,19.4,93,6.6,996.9,0.3,0.7,8,1546.8,0
2019-11-07 04:49:00,3,48,19.4,93,6.6,996.9,0.3,1.0,8,1546.8,0
2019-11-07 04:52:00,3,48,19.4,93,6.7,996.8,0.3,0.7,8,1546.8,0
2019-11-07 04:55:00,3,48,19.4,93,6.7,996.8,0,0.3,7,1546.8,0
2019-11-07 04:58:00,3,48,19.4,93,6.7,996.8,0,0,7,1546.8,0
2019-11-07 05:01:00,3,48,19.4,93,6.7,996.9,0.7,1.0,8,1546.8,0
2019-11-07 05:04:00,3,48,19.4,93,6.7,996.9,0.7,1.0,8,1546.8,0
2019-11-07 05:07:00,3,48,19.4,93,6.7,996.9,0.3,1.0,4,1546.8,0
2019-11-07 05:10:00,3,48,19.5,93,6.7,996.8,0.3,0.7,4,1546.8,0
2019-11-07 05:13:00,3,48,19.5,93,6.7,996.8,0.3,1.0,10,1546.8,0
2019-11-07 05:16:00,3,48,19.5,93,6.7,996.8,0,0.3,2,1546.8,0
2019-11-07 05:19:00,3,48,19.5,93,6.7,996.8,0,0.3,2,1546.8,0
2019-11-07 05:22:00,3,48,19.6,93,6.7,996.7,0,0.3,2,1546.8,0
2019-11-07 05:25:00,3,48,19.6,93,6.8,996.7,0,0,0,1546.8,0
2019-11-07 05:28:00,3,48,19.6,93,6.8,996.7,0,0,2,1546.8,0
2019-11-07 05:31:00,3,48,19.6,93,6.8,996.9,0,0,2,1546.8,0
2019-11-07 05:34:00,3,48,19.7,93,6.8,996.9,0,0.3,10,1546.8,0
2019-11-07 05:37:00,3,48,19.7,93,6.8,996.9,0,0.3,10,1546.8,0
2019-11-07 05:40:00,3,48,19.7,93,6.8,997.0,0,0.3,10,1546.8,0
2019-11-07 05:43:00,3,48,19.8,94,6.8,996.9,0.3,0.3,8,1546.8,0
2019-11-07 05:46:00,3,48,19.8,94,6.8,997.0,0,0.3,4,1546.8,0
2019-11-07 05:49:00,3,48,19.8,94,6.9,996.9,0,0,0,1546.8,0
2019-11-07 05:52:00,3,48,19.9,94,6.9,997.0,0.7,1.0,4,1546.8,0
2019-11-07 05:55:00,3,47,20.0,94,6.9,997.1,0,0,4,1546.8,0
2019-11-07 05:58:00,3,47,20.0,94,6.9,997.0,0,0,2,1546.8,0
2019-11-07 06:01:00,3,47,20.0,94,6.9,997.0,0,0,2,1546.8,0
2019-11-07 06:04:00,3,47,20.0,94,6.9,997.0,0,0,4,1546.8,0
2019-11-07 06:07:00,3,47,20.1,94,6.9,997.0,0,0,4,1546.8,0
2019-11-07 06:10:00,3,46,20.1,94,6.9,997.0,0,0,4,1546.8,0
2019-11-07 06:13:00,3,47,20.1,94,6.9,997.1,0.3,0.7,14,1546.8,0
2019-11-07 06:16:00,3,47,20.1,94,6.9,997.0,0.3,0.7,2,1546.8,0
2019-11-07 06:19:00,3,47,20.1,94,6.9,997.1,0,0,4,1546.8,0
2019-11-07 06:22:00,3,47,20.2,94,7.0,997.0,0,0,0,1546.8,0
2019-11-07 06:25:00,3,47,20.3,94,7.0,997.1,0,0,2,1546.8,0
2019-11-07 06:28:00,3,47,20.4,94,7.0,997.2,0,0,2,1546.8,0
2019-11-07 06:31:00,3,47,20.5,94,7.0,997.3,0.7,1.0,4,1546.8,0
2019-11-07 06:34:00,3,46,20.7,94,7.0,997.3,0,0.3,4,1546.8,0
2019-11-07 06:37:00,3,45,20.9,94,7.0,997.3,0,0,4,1546.8,0
2019-11-07 06:40:00,3,44,21.1,94,7.0,997.3,0,0,4,1546.8,0
2019-11-07 06:43:00,3,43,21.2,94,7.0,997.4,0,0,0,1546.8,0
2019-11-07 06:46:00,3,43,21.3,94,7.0,997.4,0,0,0,1546.8,0
2019-11-07 06:49:00,3,43,21.4,94,7.0,997.5,0,0.3,8,1546.8,0
2019-11-07 06:52:00,3,43,21.5,94,7.0,997.5,0,0,8,1546.8,0
2019-11-07 06:55:00,3,43,21.6,94,7.0,997.6,0,0,8,1546.8,0
2019-11-07 06:58:00,3,42,21.7,94,7.0,997.6,0,0,10,1546.8,0
2019-11-07 07:01:00,3,42,21.8,94,7.0,997.6,0,0,10,1546.8,0
2019-11-07 07:04:00,3,42,21.9,94,7.0,997.7,0,0,10,1546.8,0
2019-11-07 07:07:00,3,41,22.1,94,7.0,997.7,0,0,10,1546.8,0
2019-11-07 07:10:00,3,40,22.2,94,7.0,997.8,0,0,4,1546.8,0
2019-11-07 07:13:00,3,40,22.3,94,7.1,997.7,0,0,2,1546.8,0
2019-11-07 07:16:00,3,40,22.3,94,7.1,997.8,0,0,4,1546.8,0
2019-11-07 07:19:00,3,40,22.5,94,7.1,997.8,0,0,6,1546.8,0
2019-11-07 07:22:00,3,40,22.6,94,7.1,997.7,0,0,2,1546.8,0
2019-11-07 07:25:00,3,39,22.7,94,7.1,997.7,0,0,2,1546.8,0
2019-11-07 07:28:00,3,39,22.9,94,7.1,997.7,0,0,4,1546.8,0
2019-11-07 07:31:00,3,39,23.0,94,7.2,997.8,0,0,12,1546.8,0
2019-11-07 07:34:00,3,39,23.0,94,7.2,997.8,0,0,4,1546.8,0
2019-11-07 07:37:00,3,38,23.1,94,7.2,997.9,0,0,14,1546.8,0
2019-11-07 07:40:00,3,38,23.2,94,7.2,997.8,0,0,0,1546.8,0
2019-11-07 07:43:00,3,38,23.3,94,7.2,997.9,0,0,0,1546.8,0
2019-11-07 07:46:00,3,38,23.4,94,7.2,997.9,0,0,0,1546.8,0
2019-11-07 07:49:00,3,38,23.5,94,7.2,997.9,0,0,4,1546.8,0
2019-11-07 07:52:00,3,37,23.6,94,7.2,998.0,0,0,4,1546.8,0
2019-11-07 07:55:00,3,37,23.6,94,7.3,997.9,0,0,4,1546.8,0
2019-11-07 07:58:00,3,37,23.6,94,7.3,998.0,0,0,2,1546.8,0
2019-11-07 08:01:00,3,37,23.7,94,7.3,998.1,0,0,4,1546.8,0
2019-11-07 08:04:00,3,37,23.7,94,7.3,998.1,0,0,2,1546.8,0
2019-11-07 08:07:00,3,37,23.7,94,7.4,998.0,0,0,8,1546.8,0
2019-11-07 08:10:00,3,37,23.5,95,7.4,998.0,0,0,8,1546.8,0
2019-11-07 08:13:00,3,37,23.3,95,7.4,998.2,0,0,4,1546.8,0
2019-11-07 08:16:00,3,38,23.1,95,7.4,998.0,0,0,2,1546.8,0
2019-11-07 08:19:00,3,38,23.0,95,7.4,998.1,0,0,0,1546.8,0
2019-11-07 08:22:00,3,39,22.9,95,7.4,998.0,0,0,4,1547.1,0
2019-11-07 08:25:00,3,39,22.7,95,7.4,997.9,0,0,4,1547.1,0
2019-11-07 08:28:00,3,39,22.6,95,7.4,998.0,0,0,2,1547.1,0
2019-11-07 08:31:00,3,39,22.6,91,7.5,998.0,0,0,6,1547.1,0
2019-11-07 08:34:00,3,39,22.5,91,7.5,997.9,0,0,0,1547.1,0
2019-11-07 08:37:00,3,39,22.4,91,7.5,997.9,0,0,2,1547.1,0
2019-11-07 08:40:00,3,40,22.3,91,7.5,997.9,0,0,2,1547.1,0
2019-11-07 08:43:00,3,40,22.3,91,7.5,997.9,0,0,8,1547.1,0
2019-11-07 08:46:00,3,40,22.2,91,7.6,997.9,0,0,2,1547.1,0
2019-11-07 08:49:00,3,40,22.2,91,7.6,997.8,0,0.3,4,1547.1,0
2019-11-07 08:52:00,3,40,22.2,91,7.6,997.7,0,0.3,0,1547.1,0
2019-11-07 08:55:00,3,40,22.1,91,7.6,997.7,0.3,0.7,4,1547.1,0
2019-11-07 08:58:00,3,40,22.1,91,7.7,997.7,0,0,4,1547.1,0
2019-11-07 09:01:00,3,40,22.1,91,7.7,997.7,0,0,4,1547.1,0
2019-11-07 09:04:00,3,40,22.1,91,7.7,997.8,0,0,4,1547.1,0
2019-11-07 09:07:00,3,40,22.0,91,7.7,997.6,0,0,4,1547.1,0
2019-11-07 09:10:00,3,41,21.9,91,7.9,997.6,0,0.3,4,1547.1,0
2019-11-07 09:13:00,3,41,21.9,91,7.9,997.6,1.0,1.4,2,1547.1,0
2019-11-07 09:16:00,3,41,21.9,91,7.9,997.6,0.7,1.0,4,1547.1,0
2019-11-07 09:19:00,3,41,21.8,91,8.0,997.6,0,0.3,8,1547.1,0
2019-11-07 09:22:00,3,41,21.8,91,8.0,997.5,0,0.3,2,1547.1,0
2019-11-07 09:25:00,3,41,21.8,91,8.1,997.6,0.3,0.7,4,1547.1,0
2019-11-07 09:28:00,3,41,21.8,91,8.2,997.6,0.3,0.7,14,1547.1,0
2019-11-07 09:31:00,3,41,21.8,91,8.2,997.8,0,0,4,1547.1,0
2019-11-07 09:34:00,3,42,21.7,92,8.4,997.7,0.3,0.7,4,1547.1,0
2019-11-07 09:37:00,3,42,21.7,92,8.5,997.7,0,0.3,4,1547.1,0
2019-11-07 09:40:00,3,42,21.7,92,8.5,997.6,0,0.3,4,1547.1,0
2019-11-07 09:43:00,3,42,21.6,92,8.5,997.6,0.3,0.7,7,1547.1,0
2019-11-07 09:46:00,3,42,21.6,92,8.6,997.6,0,0.3,8,1547.1,0
2019-11-07 09:49:00,3,42,21.6,92,8.7,997.6,0.7,1.4,2,1547.1,0
2019-11-07 09:52:00,3,42,21.5,92,8.7,997.5,0,0.3,8,1547.1,0
2019-11-07 09:55:00,3,43,21.5,92,8.8,997.6,0,0.3,4,1547.1,0
2019-11-07 09:58:00,3,43,21.5,92,8.9,997.6,0.3,0.7,2,1547.1,0
2019-11-07 10:01:00,3,43,21.5,92,8.9,997.6,0.3,1.0,2,1547.1,0
2019-11-07 10:04:00,3,43,21.4,92,8.9,997.5,0.3,0.7,14,1547.1,0
2019-11-07 10:07:00,3,43,21.4,92,9.0,997.5,0,0,10,1547.1,0
2019-11-07 10:10:00,3,43,21.3,92,9.1,997.5,0,0.3,2,1547.1,0
2019-11-07 10:13:00,3,43,21.3,92,9.1,997.5,0.3,0.7,15,1547.1,0
2019-11-07 10:16:00,3,43,21.3,92,9.1,997.5,0,0.3,10,1547.1,0
2019-11-07 10:19:00,3,43,21.3,92,9.1,997.5,0.7,1.0,10,1547.1,0
2019-11-07 10:22:00,3,44,21.3,92,9.2,997.4,0.3,0.7,2,1547.1,0
2019-11-07 10:25:00,3,44,21.2,92,9.2,997.5,0.7,1.0,8,1547.1,0
2019-11-07 10:28:00,3,44,21.2,92,9.2,997.5,0,0.3,8,1547.1,0
2019-11-07 10:31:00,3,44,21.2,92,9.1,997.5,0.7,0.7,10,1547.1,0
2019-11-07 10:34:00,3,44,21.2,92,9.1,997.5,0.3,0.7,8,1547.1,0
2019-11-07 10:37:00,3,44,21.2,92,9.1,997.5,0,0.3,3,1547.1,0
2019-11-07 10:40:00,3,44,21.2,92,9.2,997.5,0,0,6,1547.1,0
2019-11-07 10:43:00,3,45,21.2,92,9.2,997.4,0,0.3,14,1547.1,0
2019-11-07 10:46:00,3,45,21.1,92,9.3,997.5,0.7,1.4,6,1547.1,0
2019-11-07 10:49:00,3,45,21.1,92,9.4,997.4,0,0,2,1547.1,0
2019-11-07 10:52:00,3,45,21.1,92,9.5,997.3,0,0,4,1547.1,0
2019-11-07 10:55:00,3,45,21.1,92,9.4,997.3,0.7,1.0,2,1547.1,0
2019-11-07 10:58:00,3,45,21.1,92,9.5,997.4,0,0,4,1547.1,0
2019-11-07 11:01:00,3,45,21.1,92,9.5,997.3,0,0.3,8,1547.1,0
2019-11-07 11:04:00,3,45,21.1,92,9.5,997.4,0,0.3,8,1547.1,0
2019-11-07 11:07:00,3,45,21.1,92,9.5,997.4,0,0.3,8,1547.1,0
2019-11-07 11:10:00,3,46,21.0,92,9.9,997.3,0.7,1.0,14,1547.1,0
2019-11-07 11:13:00,3,46,21.0,91,9.9,997.2,0.3,1.0,6,1547.1,0
2019-11-07 11:16:00,3,46,21.0,91,9.9,997.2,0.7,1.0,3,1547.1,0
2019-11-07 11:19:00,3,46,21.0,91,10.0,997.1,0.7,1.0,9,1547.1,0
2019-11-07 11:22:00,3,46,21.0,91,10.1,997.2,1.0,1.4,8,1547.1,0
2019-11-07 11:25:00,3,46,21.0,90,10.1,997.2,0.3,1.0,8,1547.1,0
2019-11-07 11:27:59,3,46,21.0,90,10.1,997.1,0,0,8,1547.1,0
2019-11-07 11:30:59,3,47,20.9,89,10.2,997.2,0.3,0.7,15,1547.1,0
2019-11-07 11:33:59,3,47,20.9,88,10.2,997.1,0,0,13,1547.1,0
2019-11-07 11:36:59,3,47,20.9,87,10.3,997.0,0.3,0.7,2,1547.1,0
2019-11-07 11:39:59,3,48,20.9,87,10.3,997.1,0,0,10,1547.1,0
2019-11-07 11:42:59,3,48,20.9,87,10.5,997.1,0,0,10,1547.1,0
2019-11-07 11:45:59,3,48,20.9,86,10.5,997.0,0.3,0.7,10,1547.1,0
2019-11-07 11:48:59,3,48,20.9,86,10.6,997.1,0.3,0.7,2,1547.1,0
2019-11-07 11:51:59,3,48,20.9,86,10.6,997.0,0,0,8,1547.1,0
2019-11-07 11:54:59,3,48,20.9,85,10.7,996.9,0,0,8,1547.1,0
2019-11-07 11:57:59,3,48,20.9,84,10.7,997.0,0,0,10,1547.1,0
2019-11-07 12:00:59,3,48,20.9,84,10.8,996.9,0,0,0,1547.1,0
2019-11-07 12:03:59,3,48,20.9,84,10.9,996.9,0.3,0.7,9,1547.1,0
2019-11-07 12:06:59,3,48,20.9,84,11.0,997.0,0,0,12,1547.1,0
2019-11-07 12:09:59,3,48,20.9,84,11.3,996.8,0,0,12,1547.1,0
2019-11-07 12:12:59,3,48,20.9,84,11.6,996.7,0,0,4,1547.1,0
2019-11-07 12:15:59,3,48,20.9,83,11.6,996.8,1.0,1.4,6,1547.1,0
2019-11-07 12:18:59,3,49,20.9,82,11.6,996.8,0.7,1.0,0,1547.1,0
2019-11-07 12:21:59,3,49,20.9,80,11.4,996.7,0.7,1.0,2,1547.1,0
2019-11-07 12:24:59,3,49,20.9,79,11.3,996.9,0.7,1.0,15,1547.1,0
2019-11-07 12:27:59,3,49,20.9,78,11.3,996.8,0.3,0.7,6,1547.1,0
2019-11-07 12:30:59,3,49,20.9,78,11.3,996.8,0.7,1.0,2,1547.1,0
2019-11-07 12:33:59,3,49,20.9,78,11.3,996.9,0.7,1.0,10,1547.1,0
2019-11-07 12:36:59,3,49,20.9,78,11.3,996.8,0.7,1.0,2,1547.1,0
2019-11-07 12:39:59,3,49,20.9,78,11.2,996.9,0.7,1.0,12,1547.1,0
2019-11-07 12:42:59,3,50,20.9,78,11.2,997.0,0.7,1.0,10,1547.1,0
2019-11-07 12:45:59,3,50,20.9,77,11.1,997.0,0,0.3,4,1547.1,0
2019-11-07 12:48:59,3,49,21.0,77,11.1,997.0,0.7,1.0,2,1547.1,0
2019-11-07 12:51:59,3,49,21.1,77,11.1,997.1,0.3,0.7,10,1547.1,0
2019-11-07 12:54:59,3,49,21.2,77,11.1,997.0,0.7,1.0,10,1547.1,0
2019-11-07 12:57:59,3,49,21.5,77,11.1,997.1,1.0,1.4,4,1547.1,0
2019-11-07 13:00:59,3,48,21.7,77,11.2,997.0,0,0.7,8,1547.1,0
2019-11-07 13:03:59,3,47,21.8,77,11.2,997.2,0,0.7,8,1547.1,0
2019-11-07 13:06:59,3,46,21.9,77,11.2,997.2,0,0.7,8,1547.1,0
2019-11-07 13:09:59,3,45,22.1,77,11.3,997.3,0,0,14,1547.1,0
2019-11-07 13:12:59,3,44,22.2,77,11.3,997.3,0,0,0,1547.1,0
2019-11-07 13:15:59,3,44,22.3,77,11.3,997.4,0,1.0,9,1547.1,0
2019-11-07 13:18:59,3,44,22.3,76,11.3,997.4,0,0.3,2,1547.1,0
2019-11-07 13:21:59,3,43,22.5,76,11.2,997.4,0.7,1.4,8,1547.1,0
2019-11-07 13:24:59,3,43,22.6,75,11.2,997.4,0,0,11,1547.1,0
2019-11-07 13:27:59,3,43,22.6,75,11.2,997.3,0,0,0,1547.1,0
2019-11-07 13:30:59,3,43,22.6,75,11.2,997.3,1.0,1.7,6,1547.1,0
2019-11-07 13:33:59,3,43,22.5,75,11.2,997.3,0,0.3,10,1547.1,0
2019-11-07 13:36:59,3,43,22.3,75,11.2,997.3,0.7,1.4,2,1547.1,0
2019-11-07 13:39:59,3,43,22.3,75,11.2,997.3,0.3,0.7,0,1547.1,0
2019-11-07 13:42:59,3,43,22.2,75,11.2,997.4,0,0,0,1547.1,0
2019-11-07 13:45:59,3,44,22.2,75,11.2,997.4,0.7,1.0,8,1547.1,0
2019-11-07 13:48:59,3,44,22.2,74,11.2,997.3,0.3,0.7,8,1547.1,0
2019-11-07 13:51:59,3,44,22.1,73,11.2,997.4,1.0,1.4,1,1547.1,0
2019-11-07 13:54:59,3,44,22.1,73,11.2,997.3,0,0.3,2,1547.1,0
2019-11-07 13:57:59,3,44,22.1,74,11.2,997.3,0.3,0.7,0,1547.1,0
2019-11-07 14:00:59,3,44,22.1,74,11.3,997.4,0,0.3,8,1547.1,0
2019-11-07 14:03:59,3,44,22.1,73,11.2,997.3,1.0,1.4,2,1547.1,0
2019-11-07 14:06:59,3,44,22.1,73,11.2,997.3,0.7,1.0,10,1547.1,0
2019-11-07 14:09:59,3,43,22.1,73,11.2,997.3,0.3,0.7,4,1547.1,0
2019-11-07 14:12:59,3,43,22.1,73,11.1,997.4,1.0,1.4,3,1547.1,0
2019-11-07 14:15:59,3,43,22.1,73,11.1,997.4,0.3,0.7,12,1547.1,0
2019-11-07 14:18:59,3,43,22.0,73,11.1,997.4,0.3,0.7,8,1547.1,0
2019-11-07 14:21:59,3,44,21.9,74,11.1,997.4,0,0.3,6,1547.1,0
2019-11-07 14:24:59,3,44,21.9,74,11.2,997.4,0,0,10,1547.1,0
2019-11-07 14:27:59,3,44,21.9,74,11.3,997.4,0,0.3,8,1547.1,0
2019-11-07 14:30:59,3,44,21.9,74,11.5,997.5,0,0,12,1547.1,0
2019-11-07 14:33:59,3,44,21.9,73,11.5,997.4,0.3,0.3,15,1547.1,0
2019-11-07 14:36:59,3,44,21.9,73,11.6,997.4,0,0.3,9,1547.1,0
2019-11-07 14:39:59,3,44,21.9,73,11.5,997.5,0,0,2,1547.1,0
2019-11-07 14:42:59,3,45,21.8,73,11.4,997.5,0,0,4,1547.1,0
2019-11-07 14:45:59,3,45,21.8,73,11.3,997.5,0,0,0,1547.1,0
2019-11-07 14:48:59,3,45,21.8,73,11.1,997.4,0,0,0,1547.1,0
2019-11-07 14:51:59,3,45,21.8,74,11.0,997.5,0,0,12,1547.1,0
2019-11-07 14:54:59,3,45,21.8,74,10.8,997.4,0,0,2,1547.1,0
2019-11-07 14:57:59,3,45,21.7,74,10.6,997.4,0,0,4,1547.1,0
2019-11-07 15:00:59,3,45,21.7,74,10.5,997.5,0,0,4,1547.1,0
2019-11-07 15:03:59,3,45,21.7,74,10.5,997.4,0,0,4,1547.1,0
2019-11-07 15:06:59,3,45,21.7,75,10.2,997.3,0,0,4,1547.1,0
2019-11-07 15:09:59,3,46,21.7,75,10.1,997.5,0,0,4,1547.1,0
2019-11-07 15:12:59,3,46,21.7,75,9.9,997.4,0,0,4,1547.1,0
2019-11-07 15:15:59,3,46,21.7,76,9.7,997.4,0,0,4,1547.1,0
2019-11-07 15:18:59,3,46,21.6,76,9.6,997.4,0,0,14,1547.1,0
2019-11-07 15:21:59,3,46,21.6,76,9.4,997.5,0,0,0,1547.1,0
2019-11-07 15:24:59,3,46,21.6,77,9.3,997.6,0,0,0,1547.1,0
2019-11-07 15:27:59,3,46,21.6,77,9.2,997.5,0,0,0,1547.1,0
2019-11-07 15:30:59,3,46,21.6,77,9.0,997.6,0,0,0,1547.1,0
2019-11-07 15:33:59,3,46,21.6,78,8.9,997.6,0,0,0,1547.1,0
2019-11-07 15:36:59,3,46,21.5,78,8.8,997.6,0,0,0,1547.1,0
2019-11-07 15:39:59,3,46,21.5,78,8.7,997.6,0,0,0,1547.1,0
2019-11-07 15:42:59,3,47,21.5,79,8.6,997.7,0,0,0,1547.1,0
2019-11-07 15:45:59,3,47,21.5,79,8.4,997.8,0,0,0,1547.1,0
2019-11-07 15:48:59,3,47,21.5,80,8.3,997.6,0,0,0,1547.1,0
2019-11-07 15:51:59,3,47,21.5,80,8.3,997.6,0,0,0,1547.1,0
2019-11-07 15:54:59,3,47,21.5,80,8.1,997.6,0,0,0,1547.1,0
2019-11-07 15:57:59,3,47,21.5,80,8.0,997.8,0,0,0,1547.1,0
2019-11-07 16:00:59,3,47,21.5,81,7.9,997.8,0,0,0,1547.1,0
2019-11-07 16:03:59,3,47,21.5,81,7.9,997.8,0,0,0,1547.1,0
2019-11-07 16:06:59,3,47,21.5,81,7.9,997.7,0,0,0,1547.1,0
2019-11-07 16:09:59,3,47,21.5,81,7.8,997.7,0,0,0,1547.1,0
2019-11-07 16:12:59,3,47,21.5,81,7.8,997.8,0,0,0,1547.1,0
2019-11-07 16:15:59,3,47,21.5,81,7.8,997.8,0,0,0,1547.1,0
2019-11-07 16:18:59,3,47,21.5,81,7.7,997.7,0,0,0,1547.1,0
2019-11-07 16:21:59,3,47,21.5,82,7.8,997.6,0,0,0,1547.1,0
2019-11-07 16:24:59,3,47,21.4,82,7.8,997.6,0,0,0,1547.1,0
2019-11-07 16:27:59,3,47,21.4,82,7.8,997.7,0,0,0,1547.1,0
2019-11-07 16:30:59,3,47,21.4,82,7.8,997.6,0,0,0,1547.1,0
2019-11-07 16:33:59,3,47,21.4,83,7.9,997.7,0,0.3,2,1547.1,0
2019-11-07 16:36:59,3,47,21.4,83,8.0,997.6,0,0,4,1547.1,0
2019-11-07 16:39:59,3,47,21.4,83,8.0,997.7,0,0,4,1547.1,0
2019-11-07 16:42:59,3,47,21.4,83,8.0,997.8,0.7,1.0,2,1547.1,0
2019-11-07 16:45:59,3,47,21.4,84,8.1,997.8,0,0,5,1547.1,0
2019-11-07 16:48:59,3,47,21.4,84,8.1,997.8,0,0,2,1547.1,0
2019-11-07 16:51:59,3,47,21.4,84,8.2,997.8,0.3,0.7,4,1547.1,0
2019-11-07 16:54:59,3,47,21.4,84,8.2,997.7,0,0,4,1547.1,0
2019-11-07 16:57:59,3,47,21.4,84,8.3,997.7,0.3,0.7,5,1547.1,0
2019-11-07 17:00:59,3,47,21.4,85,8.4,997.8,0,0,2,1547.1,0
2019-11-07 17:03:59,3,47,21.4,85,8.4,997.8,0,0,2,1547.1,0
2019-11-07 17:06:59,3,47,21.4,85,8.4,997.7,0,0,0,1547.1,0
2019-11-07 17:09:59,3,47,21.4,85,8.4,997.7,0,0,2,1547.1,0
2019-11-07 17:12:59,3,47,21.3,85,8.4,997.7,0.3,0.7,14,1547.1,0
2019-11-07 17:15:59,3,48,21.4,85,8.4,997.8,0,0,4,1547.1,0
2019-11-07 17:18:59,3,48,21.4,85,8.5,997.7,0,0,1,1547.1,0
2019-11-07 17:21:59,3,48,21.4,85,8.5,997.9,0,0,2,1547.1,0
2019-11-07 17:24:59,3,48,21.4,85,8.5,997.9,0,0,4,1547.1,0
2019-11-07 17:27:59,3,48,21.3,85,8.5,997.9,0,0.3,6,1547.1,0
2019-11-07 17:30:59,3,48,21.3,85,8.6,997.9,0,0,14,1547.1,0
2019-11-07 17:33:59,3,48,21.3,85,8.6,998.0,0,0,2,1547.1,0
2019-11-07 17:36:59,3,48,21.4,85,8.7,997.9,0,0,6,1547.1,0
2019-11-07 17:39:59,3,48,21.3,84,8.8,997.9,0.3,0.7,4,1547.1,0
2019-11-07 17:42:59,3,48,21.3,84,8.8,997.9,0,0,4,1547.1,0
2019-11-07 17:45:59,3,48,21.3,84,8.8,997.9,1.0,1.7,6,1547.1,0
2019-11-07 17:48:59,3,48,21.3,84,8.8,998.0,0,0.7,4,1547.1,0
2019-11-07 17:51:59,3,48,21.4,84,8.8,998.0,0,0,4,1547.1,0
2019-11-07 17:54:59,3,48,21.4,83,8.8,998.0,0,0,4,1547.1,0
2019-11-07 17:57:59,3,48,21.4,83,8.8,998.0,0,0,2,1547.1,0
2019-11-07 18:00:59,3,48,21.4,83,8.8,998.0,0,0,2,1547.1,0
2019-11-07 18:03:59,3,48,21.3,83,8.8,998.0,0,0,4,1547.1,0
2019-11-07 18:06:59,3,48,21.3,82,8.8,998.1,0.3,0.7,0,1547.1,0
2019-11-07 18:09:59,3,48,21.3,82,8.8,998.1,0,0,2,1547.1,0
2019-11-07 18:12:59,3,48,21.3,82,8.8,998.1,0,0.7,2,1547.1,0
2019-11-07 18:15:59,3,48,21.3,82,8.8,998.1,0,0.3,3,1547.1,0
2019-11-07 18:18:59,3,48,21.3,82,8.8,998.2,0,0,14,1547.1,0
2019-11-07 18:21:59,3,48,21.3,81,8.7,998.3,0,0,2,1547.1,0
2019-11-07 18:24:59,3,48,21.3,81,8.7,998.1,0,0.3,4,1547.1,0
2019-11-07 18:27:59,3,48,21.3,81,8.7,998.1,0.3,1.0,2,1547.1,0
2019-11-07 18:30:59,3,48,21.3,81,8.8,998.2,0,0.7,6,1547.1,0
2019-11-07 18:33:59,3,48,21.3,81,8.8,998.2,0,0,3,1547.1,0
2019-11-07 18:36:59,3,48,21.3,81,8.9,998.2,0,0,10,1547.1,0
2019-11-07 18:39:59,3,48,21.3,80,8.9,998.3,0.3,0.7,4,1547.1,0
2019-11-07 18:42:59,3,48,21.3,80,8.9,998.2,0,0,10,1547.1,0
2019-11-07 18:45:59,3,48,21.3,80,9.0,998.2,0,0.3,10,1547.1,0
2019-11-07 18:48:59,3,48,21.3,80,9.0,998.2,0,0,4,1547.1,0
2019-11-07 18:51:59,3,48,21.3,79,9.0,998.2,0,0,2,1547.1,0
2019-11-07 18:54:59,3,48,21.3,79,9.0,998.3,0,0.3,10,1547.1,0
2019-11-07 18:57:59,3,48,21.3,78,9.0,998.2,0.3,0.7,0,1547.1,0
2019-11-07 19:00:59,3,49,21.3,78,9.0,998.3,0.3,0.7,4,1547.1,0
2019-11-07 19:03:59,3,49,21.3,78,9.0,998.2,0.3,0.7,4,1547.1,0
2019-11-07 19:06:59,3,49,21.3,77,9.0,998.2,0.7,1.0,0,1547.1,0
2019-11-07 19:09:59,3,49,21.3,77,9.0,998.3,0.7,1.4,6,1547.1,0
2019-11-07 19:12:59,3,49,21.3,77,9.0,998.3,0,0,6,1547.1,0
2019-11-07 19:15:59,3,49,21.3,76,9.0,998.3,0.3,0.7,4,1547.1,0
2019-11-07 19:18:59,3,49,21.3,76,9.0,998.2,0,0.3,4,1547.1,0
2019-11-07 19:21:59,3,49,21.3,76,8.9,998.3,0.3,0.7,7,1547.1,0
2019-11-07 19:24:59,3,49,21.3,76,8.9,998.3,0.7,1.0,4,1547.1,0
2019-11-07 19:27:59,3,49,21.3,76,8.9,998.4,1.0,1.4,6,1547.1,0
2019-11-07 19:30:59,3,49,21.3,76,8.9,998.3,0,0.3,4,1547.1,0
2019-11-07 19:33:59,3,49,21.3,76,8.8,998.4,0.3,0.7,4,1547.1,0
2019-11-07 19:36:59,3,49,21.3,76,8.8,998.2,0.3,0.7,4,1547.1,0
2019-11-07 19:39:59,3,49,21.3,76,8.9,998.3,1.0,1.4,0,1547.1,0
2019-11-07 19:42:59,3,49,21.3,75,8.9,998.3,0.3,0.7,2,1547.1,0
2019-11-07 19:45:59,3,49,21.3,75,8.9,998.4,0.3,0.7,4,1547.1,0
2019-11-07 19:48:59,3,49,21.3,75,8.9,998.2,0,0.3,4,1547.1,0
2019-11-07 19:51:59,3,49,21.3,75,8.9,998.3,0.3,0.7,2,1547.1,0
2019-11-07 19:54:59,3,49,21.3,75,8.8,998.3,0.7,1.0,4,1547.1,0
2019-11-07 19:57:59,3,49,21.3,75,8.8,998.1,0.7,1.0,8,1547.1,0
2019-11-07 20:00:59,3,49,21.3,75,8.8,998.1,0.3,0.7,2,1547.1,0
2019-11-07 20:03:59,3,49,21.3,75,8.8,998.1,0.3,0.7,14,1547.1,0
2019-11-07 20:06:59,3,49,21.3,75,8.8,998.2,0,0.3,2,1547.1,0
2019-11-07 20:09:59,3,49,21.3,75,8.7,998.4,0,0.3,8,1547.1,0
2019-11-07 20:12:59,3,49,21.3,75,8.6,998.3,0,0,12,1547.1,0
2019-11-07 20:15:59,3,49,21.3,75,8.6,998.3,0,0.3,10,1547.1,0
2019-11-07 20:18:59,3,49,21.3,75,8.5,998.3,0.7,1.0,8,1547.1,0
2019-11-07 20:21:59,3,49,21.3,75,8.5,998.5,0,0.3,10,1547.1,0
2019-11-07 20:24:59,3,49,21.3,75,8.4,998.6,0,0,12,1547.1,0
2019-11-07 20:27:59,3,49,21.3,75,8.4,998.5,0,0.3,0,1547.1,0
2019-11-07 20:30:59,3,49,21.3,76,8.4,998.7,0.3,0.7,0,1547.1,0
2019-11-07 20:33:59,3,49,21.3,76,8.3,998.7,0.7,1.0,4,1547.1,0
2019-11-07 20:36:59,3,49,21.3,76,8.4,998.7,0.7,1.0,5,1547.1,0
2019-11-07 20:39:59,3,49,21.3,76,8.4,998.7,0,0.7,4,1547.1,0
2019-11-07 20:42:59,3,49,21.3,76,8.5,998.8,0.3,0.7,8,1547.1,0
2019-11-07 20:45:59,3,49,21.3,76,8.5,998.7,0.3,0.7,8,1547.1,0
2019-11-07 20:48:59,3,49,21.3,76,8.6,998.8,1.0,1.4,0,1547.1,0
2019-11-07 20:51:59,3,49,21.3,75,8.6,998.8,0.3,0.7,14,1547.1,0
2019-11-07 20:54:59,3,49,21.3,75,8.6,998.9,1.0,1.4,8,1547.1,0
2019-11-07 20:57:59,3,49,21.3,75,8.6,998.9,0.7,1.0,4,1547.1,0
2019-11-07 21:00:59,3,49,21.3,75,8.7,998.9,0,0.3,2,1547.1,0
2019-11-07 21:03:59,3,49,21.3,75,8.7,998.9,0,0.3,2,1547.1,0
2019-11-07 21:06:59,3,49,21.3,75,8.7,998.9,1.0,1.4,2,1547.1,0
2019-11-07 21:09:59,3,49,21.3,75,8.7,998.9,1.0,1.4,4,1547.1,0
2019-11-07 21:12:59,3,49,21.3,74,8.7,998.9,0.3,0.7,4,1547.1,0
2019-11-07 21:15:59,3,49,21.3,74,8.7,998.9,0.7,1.4,11,1547.1,0
2019-11-07 21:18:59,3,49,21.3,74,8.7,998.9,0.3,1.0,6,1547.1,0
2019-11-07 21:21:59,3,49,21.3,74,8.7,998.9,0.3,1.0,2,1547.1,0
2019-11-07 21:24:59,3,49,21.3,74,8.6,998.8,0.3,0.3,3,1547.1,0
2019-11-07 21:27:59,3,49,21.3,74,8.6,998.7,1.0,1.0,2,1547.1,0
2019-11-07 21:30:59,3,49,21.3,74,8.6,998.8,0.3,0.7,7,1547.1,0
2019-11-07 21:33:59,3,49,21.3,74,8.6,998.8,0.3,0.7,0,1547.1,0
2019-11-07 21:36:59,3,49,21.3,74,8.5,998.9,0.3,0.7,6,1547.1,0
2019-11-07 21:39:59,3,49,21.3,74,8.5,998.8,0,0.3,0,1547.1,0
2019-11-07 21:42:59,3,49,21.3,74,8.5,998.8,0,0,12,1547.1,0
2019-11-07 21:45:59,3,49,21.3,74,8.5,998.8,0,0.3,2,1547.1,0
2019-11-07 21:48:59,3,49,21.2,74,8.5,998.9,0.7,1.0,4,1547.1,0
2019-11-07 21:51:59,3,49,21.2,74,8.6,998.9,0.3,0.7,4,1547.1,0
2019-11-07 21:54:59,3,49,21.2,74,8.6,998.9,0.3,1.0,6,1547.1,0
2019-11-07 21:57:59,3,49,21.2,74,8.6,998.9,0.7,1.0,2,1547.1,0
2019-11-07 22:00:59,3,49,21.2,74,8.6,999.0,0.3,0.7,4,1547.1,0
2019-11-07 22:03:59,3,49,21.2,74,8.6,999.0,1.0,1.7,2,1547.1,0
2019-11-07 22:06:59,3,49,21.2,74,8.7,999.0,1.0,1.7,4,1547.1,0
2019-11-07 22:09:59,3,49,21.2,73,8.7,999.0,0.7,1.0,7,1547.1,0
2019-11-07 22:12:59,3,49,21.2,73,8.7,999.0,1.0,1.4,14,1547.1,0
2019-11-07 22:15:59,3,49,21.2,73,8.7,999.0,1.4,1.7,10,1547.1,0
2019-11-07 22:18:59,3,48,21.2,73,8.8,999.1,0.3,1.0,8,1547.1,0
2019-11-07 22:21:59,3,48,21.2,73,8.8,999.0,1.0,1.4,12,1547.1,0
2019-11-07 22:24:59,3,48,21.2,73,8.8,999.1,0.7,1.0,6,1547.1,0
2019-11-07 22:27:59,3,48,21.2,73,8.8,999.1,1.4,2.0,8,1547.1,0
2019-11-07 22:30:59,3,48,21.2,73,8.8,999.1,0,0.7,4,1547.1,0
2019-11-07 22:33:59,3,48,21.1,73,8.8,999.1,0.7,1.0,0,1547.1,0
2019-11-07 22:36:59,3,48,21.1,73,8.8,999.0,0.3,0.7,2,1547.1,0
2019-11-07 22:39:59,3,48,21.1,73,8.8,999.0,0.7,1.0,10,1547.1,0
2019-11-07 22:42:59,3,48,21.1,73,8.8,999.2,0.7,1.0,8,1547.1,0
2019-11-07 22:45:59,3,48,21.1,73,8.9,999.2,0.7,1.4,6,1547.1,0
2019-11-07 22:48:59,3,48,21.1,72,8.9,999.2,0.3,0.3,2,1547.1,0
2019-11-07 22:51:59,3,48,21.1,72,8.9,999.2,0.3,0.7,10,1547.1,0
2019-11-07 22:54:59,3,48,21.1,72,8.9,999.2,0.7,1.0,4,1547.1,0
2019-11-07 22:57:59,3,48,21.1,72,8.9,999.3,0,0,0,1547.1,0
2019-11-07 23:00:59,3,48,21.1,72,8.9,999.3,0.3,0.3,2,1547.1,0
2019-11-07 23:03:59,3,48,21.0,72,8.9,999.3,0.3,0.3,2,1547.1,0
2019-11-07 23:06:59,3,48,21.0,73,8.8,999.2,0,0,0,1547.1,0
2019-11-07 23:09:59,3,48,21.0,73,8.7,999.2,0,0,2,1547.1,0
2019-11-07 23:12:59,3,48,21.0,73,8.7,999.2,0,0.3,2,1547.1,0
2019-11-07 23:15:59,3,48,21.0,73,8.6,999.3,0.7,1.0,6,1547.1,0
2019-11-07 23:18:59,3,48,21.0,73,8.6,999.3,0,0.3,6,1547.1,0
2019-11-07 23:21:59,3,49,20.9,73,8.6,999.3,0.7,1.0,8,1547.1,0
2019-11-07 23:24:59,3,49,20.9,73,8.5,999.2,0.3,0.7,8,1547.1,0
2019-11-07 23:27:59,3,49,20.9,73,8.5,999.2,0,0,14,1547.1,0
2019-11-07 23:30:59,3,49,20.9,73,8.5,999.3,0,0,4,1547.1,0
2019-11-07 23:33:59,3,49,20.9,73,8.4,999.3,0.7,1.0,8,1547.1,0
2019-11-07 23:36:59,3,49,20.9,73,8.3,999.3,0,0,4,1547.1,0
2019-11-07 23:39:59,3,49,20.9,73,8.2,999.3,0,0,0,1547.1,0
2019-11-07 23:42:59,3,49,20.9,74,8.1,999.3,0,0,14,1547.1,0
2019-11-07 23:45:59,3,49,20.9,74,8.0,999.1,0,0,0,1547.1,0
2019-11-07 23:48:59,3,49,20.9,74,7.9,999.3,0,0,0,1547.1,0
2019-11-07 23:51:59,3,49,20.8,74,7.7,999.3,0,0,2,1547.1,0
2019-11-07 23:54:59,3,49,20.7,74,7.6,999.4,0,0,0,1547.1,0
2019-11-07 23:57:59,3,49,20.7,74,7.5,999.3,0,0,0,1547.1,0
