2019-11-16 00:02:59,3,42,20.5,83,7.8,998.3,0,0,0,1548.3,0
2019-11-16 00:05:59,3,42,20.5,83,7.7,998.4,0,0,0,1548.3,0
2019-11-16 00:08:59,3,42,20.5,82,7.6,998.5,0,0,0,1548.3,0
2019-11-16 00:11:59,3,42,20.5,82,7.5,998.5,0,0,0,1548.3,0
2019-11-16 00:14:59,3,42,20.5,88,7.4,998.6,0,0,0,1548.3,0
2019-11-16 00:17:59,3,42,20.5,88,7.4,998.4,0,0,0,1548.3,0
2019-11-16 00:20:59,3,42,20.4,88,7.2,998.4,0,0,0,1548.3,0
2019-11-16 00:23:59,3,42,20.4,88,7.1,998.6,0,0,6,1548.3,0
2019-11-16 00:26:59,3,42,20.4,88,7.1,998.6,0,0,6,1548.3,0
2019-11-16 00:29:59,3,42,20.4,88,7.0,998.7,0,0,8,1548.3,0
2019-11-16 00:32:59,3,42,20.4,88,7.1,998.8,0,0,8,1548.3,0
2019-11-16 00:35:59,3,42,20.4,88,7.1,998.6,0,0,0,1548.3,0
2019-11-16 00:38:59,3,42,20.3,88,7.0,998.3,0,0,0,1548.3,0
2019-11-16 00:41:59,3,42,20.3,88,7.0,998.2,0,0,0,1548.3,0
2019-11-16 00:44:59,3,42,20.3,88,7.0,998.0,0,0,0,1548.3,0
2019-11-16 00:47:59,3,41,20.3,89,7.0,998.0,0,0,0,1548.3,0
2019-11-16 00:50:59,3,42,20.3,89,6.9,997.9,0,0,0,1548.3,0
2019-11-16 00:53:59,3,42,20.3,89,6.9,998.1,0,0,0,1548.3,0
2019-11-16 00:56:59,3,42,20.3,89,6.9,998.1,0,0,0,1548.3,0
2019-11-16 00:59:59,3,42,20.3,89,6.8,998.1,0,0,0,1548.3,0
2019-11-16 01:02:59,3,42,20.2,89,6.8,998.3,0,0,0,1548.3,0
2019-11-16 01:05:59,3,42,20.2,89,6.8,998.2,0,0,0,1548.3,0
2019-11-16 01:08:59,3,42,20.2,89,6.7,998.1,0,0,14,1548.3,0
2019-11-16 01:11:59,3,42,20.2,89,6.6,998.2,0,0,14,1548.3,0
2019-11-16 01:14:59,3,42,20.2,89,6.5,998.0,0,0,14,1548.3,0
2019-11-16 01:17:59,3,42,20.2,89,6.4,998.1,0,0,0,1548.3,0
2019-11-16 01:20:59,3,42,20.1,89,6.4,998.2,0,0,8,1548.3,0
2019-11-16 01:23:59,3,42,20.2,89,6.4,998.3,0,0,2,1548.3,0
2019-11-16 01:26:59,3,42,20.1,89,6.4,998.2,0,0,0,1548.3,0
2019-11-16 01:29:59,3,42,20.1,90,6.4,997.9,0,0,0,1548.3,0
2019-11-16 01:32:59,3,42,20.1,90,6.4,997.7,0,0,0,1548.3,0
2019-11-16 01:35:59,3,42,20.1,90,6.4,997.5,0,0,0,1548.3,0
2019-11-16 01:38:59,3,42,20.1,90,6.4,997.6,0.3,0.7,0,1548.3,0
2019-11-16 01:41:59,3,42,20.1,90,6.4,997.7,0.7,1.0,2,1548.3,0
2019-11-16 01:44:59,3,42,20.1,90,6.4,997.5,0,0,0,1548.3,0
2019-11-16 01:47:59,3,42,20.0,90,6.5,997.5,0.3,0.7,0,1548.3,0
2019-11-16 01:50:59,3,41,20.0,90,6.6,997.5,0.3,0.7,0,1548.3,0
2019-11-16 01:53:59,3,41,20.0,90,6.6,997.5,0,0,0,1548.3,0
2019-11-16 01:56:59,3,41,20.0,90,6.6,997.4,0,0,0,1548.3,0
2019-11-16 01:59:59,3,41,20.0,90,6.5,997.7,0,0,2,1548.3,0
2019-11-16 02:02:59,3,41,20.0,90,6.5,997.5,0,0,0,1548.3,0
2019-11-16 02:05:59,3,41,20.0,90,6.6,997.4,0,0,0,1548.3,0
2019-11-16 02:08:59,3,41,20.0,90,6.6,997.6,0,0,10,1548.3,0
2019-11-16 02:11:59,3,42,19.9,91,6.6,997.9,0.3,0.7,8,1548.3,0
2019-11-16 02:14:59,3,42,19.9,91,6.7,997.8,0,0,0,1548.3,0
2019-11-16 02:17:59,3,42,19.8,91,6.8,997.7,0,0,0,1548.3,0
2019-11-16 02:20:59,3,42,19.8,91,6.8,997.7,0,0,2,1548.3,0
2019-11-16 02:23:59,3,42,19.8,91,6.8,997.9,0,0,4,1548.3,0
2019-11-16 02:26:59,3,42,19.8,91,6.9,997.8,0,0,2,1548.3,0
2019-11-16 02:29:59,3,42,19.8,91,6.9,997.8,0,0,12,1548.3,0
2019-11-16 02:32:59,3,42,19.8,91,6.9,998.0,0,0,8,1548.3,0
2019-11-16 02:35:59,3,42,19.8,91,6.9,997.8,0,0,14,1548.3,0
2019-11-16 02:38:59,3,42,19.8,91,6.9,997.7,0,0,14,1548.3,0
2019-11-16 02:41:59,3,42,19.8,91,6.8,997.5,0.3,0.7,2,1548.3,0
2019-11-16 02:44:59,3,42,19.7,91,6.7,997.9,0,0,0,1548.3,0
2019-11-16 02:47:59,3,42,19.7,91,6.7,997.5,0,0,0,1548.3,0
2019-11-16 02:50:59,3,42,19.7,91,6.6,997.7,0,0,0,1548.3,0
2019-11-16 02:53:59,3,42,19.7,91,6.6,997.6,0,0,0,1548.3,0
2019-11-16 02:56:59,3,42,19.7,91,6.6,997.1,0,0.3,0,1548.3,0
2019-11-16 02:59:59,3,42,19.7,91,6.6,997.1,0,0,4,1548.3,0
2019-11-16 03:02:59,3,42,19.7,91,6.6,997.3,0,0,4,1548.3,0
2019-11-16 03:05:59,3,42,19.7,91,6.6,997.1,0,0,4,1548.3,0
2019-11-16 03:08:59,3,42,19.6,91,6.4,997.1,0,0,0,1548.3,0
2019-11-16 03:11:59,3,42,19.6,91,6.4,997.1,0,0,0,1548.3,0
2019-11-16 03:14:59,3,42,19.6,91,6.4,997.1,0,0,0,1548.3,0
2019-11-16 03:17:59,3,42,19.6,91,6.4,997.3,0,0,0,1548.3,0
2019-11-16 03:20:59,3,42,19.6,91,6.4,997.2,0,0,0,1548.3,0
2019-11-16 03:23:59,3,42,19.6,91,6.5,997.2,0,0,0,1548.3,0
2019-11-16 03:26:59,3,42,19.6,91,6.5,996.8,0,0,0,1548.3,0
2019-11-16 03:29:59,3,42,19.6,91,6.4,996.8,0,0,0,1548.3,0
2019-11-16 03:32:59,3,42,19.5,91,6.4,996.8,0,0,0,1548.3,0
2019-11-16 03:35:59,3,42,19.5,91,6.5,996.8,0,0,0,1548.3,0
2019-11-16 03:38:59,3,42,19.5,91,6.5,996.8,0,0,2,1548.3,0
2019-11-16 03:41:59,3,42,19.5,91,6.4,996.7,0,0,2,1548.3,0
2019-11-16 03:44:59,3,42,19.5,91,6.4,996.5,0,0,0,1548.3,0
2019-11-16 03:47:59,3,42,19.5,91,6.3,996.7,0,0,0,1548.3,0
2019-11-16 03:50:59,3,42,19.4,91,6.3,996.6,0,0,0,1548.3,0
2019-11-16 03:53:59,3,42,19.4,91,6.3,996.6,0,0,0,1548.3,0
2019-11-16 03:56:59,3,42,19.4,91,6.3,996.7,0,0,8,1548.3,0
2019-11-16 03:59:59,3,42,19.3,91,6.3,996.7,0,0,8,1548.3,0
2019-11-16 04:02:59,3,42,19.3,91,6.3,996.6,0,0,0,1548.3,0
2019-11-16 04:05:59,3,42,19.3,91,6.3,996.5,0,0,0,1548.3,0
2019-11-16 04:08:59,3,42,19.3,91,6.3,996.6,0,0,8,1548.3,0
2019-11-16 04:11:59,3,42,19.3,91,6.3,996.4,0,0,0,1548.3,0
2019-11-16 04:14:59,3,42,19.3,91,6.3,996.5,0,0,0,1548.3,0
2019-11-16 04:17:59,3,42,19.3,91,6.3,996.6,0,0,0,1548.3,0
2019-11-16 04:20:59,3,42,19.3,91,6.3,996.5,0,0,0,1548.3,0
2019-11-16 04:23:59,3,42,19.3,91,6.3,996.6,0,0,12,1548.3,0
2019-11-16 04:26:59,3,42,19.2,92,6.3,996.5,0,0,12,1548.3,0
2019-11-16 04:29:59,3,42,19.2,92,6.3,996.4,0,0,12,1548.3,0
2019-11-16 04:32:59,3,42,19.2,92,6.3,996.3,0,0,0,1548.3,0
2019-11-16 04:35:59,3,42,19.2,92,6.3,996.3,0,0,0,1548.3,0
2019-11-16 04:38:59,3,42,19.2,92,6.3,996.2,0,0,0,1548.3,0
2019-11-16 04:41:59,3,42,19.2,92,6.4,996.2,0,0,0,1548.3,0
2019-11-16 04:44:59,3,42,19.2,92,6.5,996.0,0.3,0.7,0,1548.3,0
2019-11-16 04:47:59,3,42,19.2,92,6.5,995.9,0,0,0,1548.3,0
2019-11-16 04:50:59,3,42,19.2,92,6.5,995.9,0,0,0,1548.3,0
2019-11-16 04:53:59,3,42,19.2,92,6.6,996.0,0,0,2,1548.3,0
2019-11-16 04:56:59,3,42,19.2,92,6.6,995.9,0,0,0,1548.6,0
2019-11-16 04:59:59,3,42,19.2,92,6.6,996.1,0,0,4,1548.6,0
2019-11-16 05:02:59,3,42,19.2,92,6.6,996.3,0,0,4,1548.6,0
2019-11-16 05:05:59,3,43,19.2,92,6.6,996.3,0,0,4,1548.6,0
2019-11-16 05:08:59,3,43,19.2,92,6.9,996.3,0,0,14,1548.9,0
2019-11-16 05:11:59,3,43,19.3,92,7.0,996.2,0,0,14,1548.9,0
2019-11-16 05:14:59,3,43,19.3,92,7.1,996.2,0,0,8,1548.9,0
2019-11-16 05:17:59,3,43,19.3,92,7.1,996.4,0,0,1,1548.9,0
2019-11-16 05:20:59,3,43,19.3,92,7.1,996.5,0,0,8,1548.9,0
2019-11-16 05:23:59,3,43,19.4,92,7.2,996.7,0,0,8,1548.9,0
2019-11-16 05:26:59,3,43,19.4,93,7.3,996.6,0,0.3,8,1548.9,0
2019-11-16 05:29:59,3,43,19.5,93,7.4,996.6,0,0,0,1548.9,0
2019-11-16 05:32:59,3,43,19.5,93,7.4,996.6,0,0.3,4,1548.9,0
2019-11-16 05:35:59,3,43,19.6,89,7.5,996.6,0,0,10,1548.9,0
2019-11-16 05:38:59,3,43,19.6,89,7.5,996.6,0.7,1.0,8,1548.9,0
2019-11-16 05:41:59,3,43,19.7,89,7.6,996.5,0,0.3,8,1548.9,0
2019-11-16 05:44:59,3,43,19.7,89,7.6,996.5,0,0.3,6,1548.9,0
2019-11-16 05:47:59,3,43,19.7,90,7.7,996.6,0.7,1.0,2,1548.9,0
2019-11-16 05:50:59,3,43,19.7,90,7.7,996.6,1.0,1.7,8,1548.9,0
2019-11-16 05:53:59,3,43,19.8,90,7.7,996.6,0.3,0.7,4,1548.9,0
2019-11-16 05:56:59,3,43,19.8,90,7.7,996.6,0.3,1.0,6,1548.9,0
2019-11-16 05:59:59,3,43,19.9,90,7.8,996.6,0,0,0,1548.9,0
2019-11-16 06:02:59,3,43,19.9,90,7.8,996.7,0,0.7,7,1548.9,0
2019-11-16 06:05:59,3,42,20.0,90,7.8,996.7,0,0.3,2,1548.9,0
2019-11-16 06:08:59,3,42,20.0,90,7.9,996.8,0,0.3,6,1549.2,0
2019-11-16 06:11:59,3,42,20.0,90,7.9,996.8,0.3,0.7,15,1549.2,0
2019-11-16 06:14:59,3,42,20.0,90,7.9,996.8,0,0,0,1549.2,0
2019-11-16 06:17:59,3,42,20.1,90,7.9,996.9,0.3,0.7,2,1549.2,0
2019-11-16 06:20:59,3,42,20.1,90,7.9,996.9,0,0.3,6,1549.2,0
2019-11-16 06:24:59,4,42,20.1,90,7.9,996.9,0,0,4,1549.5,0
2019-11-16 06:27:59,3,42,20.3,90,8.0,996.9,0.3,1.0,7,1549.5,0
2019-11-16 06:30:59,3,42,20.4,90,8.0,996.9,0,0.7,3,1549.8,0
2019-11-16 06:33:59,3,42,20.6,90,8.0,997.0,0.3,1.0,4,1550.1,0
2019-11-16 06:36:59,3,41,20.7,90,8.0,996.9,0.3,0.7,4,1550.4,0
2019-11-16 06:39:59,3,41,20.9,90,8.0,996.9,0.7,1.4,4,1550.4,0
2019-11-16 06:42:59,3,40,21.0,90,8.0,996.8,1.0,1.4,4,1550.4,0
2019-11-16 06:45:59,3,40,21.2,90,8.0,996.8,1.4,2.0,4,1550.4,0
2019-11-16 06:48:59,3,40,21.2,90,8.0,996.7,1.4,1.7,4,1550.4,0
2019-11-16 06:51:59,3,40,21.3,90,8.1,996.8,0.3,1.0,4,1550.4,0
2019-11-16 06:54:59,3,40,21.4,90,8.1,996.8,0.7,1.0,6,1550.4,0
2019-11-16 06:57:59,3,40,21.5,90,8.1,996.8,1.4,2.0,4,1550.7,0
2019-11-16 07:00:59,3,40,21.7,90,8.1,997.0,1.7,2.7,4,1550.7,0
2019-11-16 07:04:59,4,40,21.8,90,8.1,996.8,1.7,2.7,4,1550.7,0
2019-11-16 07:07:59,3,39,21.8,90,8.2,996.6,0,0,0,1550.7,0
2019-11-16 07:10:59,3,39,21.9,90,8.3,996.8,1.4,1.7,4,1550.7,0
2019-11-16 07:13:59,3,39,21.9,90,8.3,996.8,0,0,6,1550.7,0
2019-11-16 07:16:59,3,38,22.1,90,8.3,997.0,0,0.3,8,1550.7,0
2019-11-16 07:19:59,3,38,22.2,90,8.4,996.8,0,0,8,1550.7,0
2019-11-16 07:22:59,3,38,22.2,90,8.4,997.0,0,0,11,1550.7,0
2019-11-16 07:25:59,3,38,22.3,90,8.4,997.1,0,0,10,1550.7,0
2019-11-16 07:28:59,3,38,22.3,90,8.3,997.2,0.3,0.7,8,1550.7,0
2019-11-16 07:31:59,3,38,22.4,90,8.3,997.3,0.7,1.0,8,1550.7,0
2019-11-16 07:34:59,3,38,22.5,90,8.3,997.2,0.3,1.0,9,1550.7,0
2019-11-16 07:37:59,3,38,22.5,90,8.3,997.3,0.7,1.0,12,1550.7,0
2019-11-16 07:40:59,3,38,22.6,90,8.3,997.3,0.3,0.7,14,1550.7,0
2019-11-16 07:43:59,3,38,22.6,90,8.3,997.3,1.0,1.4,8,1550.7,0
2019-11-16 07:46:59,3,38,22.6,90,8.3,997.4,0,0.3,9,1550.7,0
2019-11-16 07:49:59,3,38,22.6,90,8.3,997.4,0.7,1.0,8,1550.7,0
2019-11-16 07:52:59,3,38,22.6,90,8.3,997.4,0.3,0.7,4,1550.7,0
2019-11-16 07:55:59,3,38,22.6,90,8.3,997.5,0,0.7,8,1550.7,0
2019-11-16 07:58:59,3,38,22.5,90,8.3,997.5,0.3,0.7,8,1550.7,0
2019-11-16 08:01:59,3,38,22.3,90,8.3,997.7,0,0.3,8,1550.7,0
2019-11-16 08:04:59,3,38,22.2,90,8.3,997.7,0,0.3,0,1550.7,0
2019-11-16 08:07:59,3,38,22.2,90,8.3,997.7,0,0,10,1550.7,0
2019-11-16 08:10:59,3,38,22.1,90,8.3,997.7,1.0,1.4,6,1550.7,0
2019-11-16 08:13:59,3,38,22.0,90,8.3,997.8,0.7,1.0,6,1550.7,0
2019-11-16 08:16:59,3,39,21.9,90,8.3,997.8,1.4,2.0,8,1550.7,0
2019-11-16 08:19:59,3,39,21.9,90,8.3,997.8,1.0,1.4,8,1550.7,0
2019-11-16 08:22:59,3,40,21.9,90,8.3,997.8,0.3,1.0,12,1550.7,0
2019-11-16 08:25:59,3,40,21.8,90,8.3,997.8,1.0,1.4,10,1550.7,0
2019-11-16 08:28:59,3,39,21.8,90,8.3,997.9,1.0,1.7,8,1550.7,0
2019-11-16 08:31:59,3,39,21.8,90,8.3,997.9,1.0,1.4,8,1550.7,0
2019-11-16 08:34:59,3,40,21.8,90,8.3,997.9,0,0,2,1550.7,0
2019-11-16 08:37:59,3,40,21.8,90,8.2,998.0,0.7,1.4,10,1550.7,0
2019-11-16 08:40:59,3,40,21.8,90,8.2,997.9,1.7,2.0,10,1550.7,0
2019-11-16 08:43:59,3,40,21.8,90,8.2,997.9,1.0,1.7,14,1550.7,0
2019-11-16 08:46:59,3,40,21.8,90,8.2,998.0,0.7,1.0,10,1550.7,0
2019-11-16 08:49:59,3,40,21.7,90,8.2,998.0,1.0,1.4,8,1550.7,0
2019-11-16 08:52:59,3,40,21.7,90,8.2,997.9,1.4,1.7,10,1550.7,0
2019-11-16 08:55:59,3,40,21.7,90,8.2,997.9,0.3,0.7,0,1550.7,0
2019-11-16 08:58:59,3,40,21.7,90,8.2,998.0,1.7,2.4,13,1550.7,0
2019-11-16 09:01:59,3,40,21.6,90,8.2,997.9,0,1.0,8,1550.7,0
2019-11-16 09:04:59,3,40,21.6,90,8.2,998.0,0,1.0,8,1550.7,0
2019-11-16 09:07:59,3,40,21.5,90,8.2,998.1,1.7,2.7,6,1550.7,0
2019-11-16 09:10:59,3,40,21.5,90,8.2,998.2,0.3,1.0,10,1550.7,0
2019-11-16 09:13:59,3,40,21.5,90,8.2,998.3,1.4,1.7,8,1550.7,0
2019-11-16 09:16:59,3,41,21.5,90,8.1,998.2,2.4,3.4,8,1550.7,0
2019-11-16 09:19:59,3,41,21.4,90,8.1,998.3,1.4,2.4,9,1550.7,0
2019-11-16 09:22:59,3,41,21.4,90,8.1,998.3,0.3,0.7,10,1550.7,0
2019-11-16 09:25:59,3,41,21.4,90,8.1,998.4,1.0,2.0,14,1550.7,0
2019-11-16 09:28:59,3,41,21.3,90,8.1,998.3,1.7,2.7,12,1550.7,0
2019-11-16 09:31:59,3,41,21.3,90,8.0,998.6,1.0,1.7,10,1550.7,0
2019-11-16 09:34:59,3,41,21.3,90,7.9,998.7,1.0,2.4,12,1550.7,0
2019-11-16 09:37:59,3,41,21.3,90,7.8,998.6,1.4,2.0,12,1550.7,0
2019-11-16 09:40:59,3,41,21.3,90,7.7,998.9,1.7,2.0,10,1550.7,0
2019-11-16 09:43:59,3,41,21.3,90,7.6,998.8,1.0,1.4,10,1550.7,0
2019-11-16 09:46:59,3,41,21.3,89,7.6,998.8,1.7,2.4,12,1550.7,0
2019-11-16 09:49:59,3,41,21.2,93,7.4,998.9,2.0,3.4,11,1550.7,0
2019-11-16 09:52:59,3,41,21.2,93,7.4,998.8,1.4,2.0,12,1550.7,0
2019-11-16 09:55:59,3,41,21.2,93,7.3,998.9,2.4,3.4,6,1550.7,0
2019-11-16 09:58:59,3,42,21.2,92,7.2,999.1,2.0,3.1,10,1550.7,0
2019-11-16 10:01:59,3,42,21.2,92,7.1,999.1,1.4,2.0,10,1550.7,0
2019-11-16 10:04:59,3,42,21.2,92,7.1,999.1,3.1,3.4,10,1550.7,0
2019-11-16 10:07:59,3,42,21.2,92,7.0,999.2,1.0,1.7,10,1550.7,0
2019-11-16 10:10:59,3,42,21.2,92,7.0,999.3,2.7,3.7,10,1550.7,0
2019-11-16 10:13:59,3,42,21.2,92,6.9,999.2,2.0,3.1,10,1550.7,0
2019-11-16 10:16:59,3,42,21.1,92,6.9,999.2,3.4,4.1,8,1550.7,0
2019-11-16 10:19:59,3,42,21.1,92,6.8,999.2,2.0,2.7,10,1550.7,0
2019-11-16 10:22:59,3,42,21.1,92,6.8,999.2,1.0,1.4,8,1550.7,0
2019-11-16 10:25:59,3,42,21.1,92,6.8,999.5,1.0,1.7,10,1550.7,0
2019-11-16 10:28:59,3,42,21.1,91,6.8,999.5,2.0,3.1,8,1550.7,0
2019-11-16 10:31:59,3,42,21.1,91,6.7,999.5,3.4,4.8,8,1550.7,0
2019-11-16 10:34:59,3,42,21.0,91,6.7,999.5,3.1,4.1,10,1550.7,0
2019-11-16 10:37:59,3,42,21.0,91,6.7,999.3,1.4,1.7,10,1550.7,0
2019-11-16 10:40:59,3,42,21.0,91,6.6,999.4,1.7,2.4,10,1550.7,0
2019-11-16 10:43:59,3,42,21.0,91,6.6,999.4,1.7,2.0,10,1550.7,0
2019-11-16 10:46:59,3,43,20.9,91,6.6,999.5,1.0,2.0,10,1550.7,0
2019-11-16 10:49:59,3,43,20.9,91,6.6,999.5,1.4,1.7,9,1550.7,0
2019-11-16 10:52:59,3,43,20.9,91,6.6,999.5,1.7,2.0,12,1550.7,0
2019-11-16 10:55:59,3,43,20.9,91,6.6,999.5,2.0,2.4,10,1550.7,0
2019-11-16 10:58:59,3,43,20.9,91,6.6,999.6,4.1,5.4,12,1550.7,0
2019-11-16 11:01:59,3,43,20.9,91,6.6,999.6,1.4,2.7,12,1550.7,0
2019-11-16 11:04:59,3,43,20.8,91,6.6,999.7,1.4,2.7,12,1550.7,0
2019-11-16 11:08:59,4,42,20.8,91,6.5,999.8,1.4,1.7,8,1550.7,0
2019-11-16 11:11:59,3,43,20.7,90,6.5,999.8,2.0,2.7,10,1550.7,0
2019-11-16 11:14:59,3,43,20.7,90,6.5,999.9,1.4,2.0,8,1550.7,0
2019-11-16 11:17:59,3,43,20.7,90,6.5,1000.0,1.0,1.4,12,1550.7,0
2019-11-16 11:20:59,3,43,20.7,90,6.5,1000.1,1.7,2.0,8,1550.7,0
2019-11-16 11:23:59,3,43,20.7,90,6.5,1000.1,2.0,2.7,10,1550.7,0
2019-11-16 11:26:59,3,43,20.6,90,6.5,1000.2,1.7,2.4,10,1550.7,0
2019-11-16 11:29:59,3,43,20.6,90,6.5,1000.2,1.0,1.7,11,1550.7,0
2019-11-16 11:32:59,3,43,20.6,90,6.6,1000.2,1.0,1.7,10,1550.7,0
2019-11-16 11:35:59,3,43,20.6,90,6.6,1000.4,1.0,1.4,12,1550.7,0
2019-11-16 11:38:59,3,43,20.6,90,6.6,1000.3,1.7,2.0,8,1550.7,0
2019-11-16 11:41:59,3,43,20.6,90,6.6,1000.3,1.4,2.0,12,1550.7,0
2019-11-16 11:44:59,3,42,20.6,89,6.6,1000.4,2.0,2.7,12,1550.7,0
2019-11-16 11:47:59,3,43,20.5,89,6.6,1000.6,1.7,2.4,11,1550.7,0
2019-11-16 11:50:59,3,43,20.5,89,6.6,1000.6,3.1,4.8,12,1550.7,0
2019-11-16 11:54:00,3,43,20.5,89,6.6,1000.5,1.7,2.0,12,1550.7,0
2019-11-16 11:57:00,3,43,20.5,89,6.6,1000.6,2.4,3.4,12,1550.7,0
2019-11-16 12:00:00,3,43,20.5,88,6.6,1000.6,1.7,2.4,10,1550.7,0
2019-11-16 12:03:00,3,43,20.5,88,6.5,1000.6,2.4,3.4,10,1550.7,0
2019-11-16 12:06:00,3,43,20.4,87,6.5,1000.8,2.0,2.7,14,1550.7,0
2019-11-16 12:09:00,3,43,20.4,87,6.6,1000.6,1.0,1.4,10,1550.7,0
2019-11-16 12:12:00,3,43,20.4,87,6.6,1000.7,1.0,1.7,10,1550.7,0
2019-11-16 12:15:00,3,42,20.4,87,6.6,1000.7,2.4,3.1,10,1550.7,0
2019-11-16 12:18:00,3,42,20.4,86,6.6,1000.6,2.4,3.4,12,1550.7,0
2019-11-16 12:21:00,3,42,20.4,86,6.6,1000.8,2.7,3.4,8,1550.7,0
2019-11-16 12:24:00,3,42,20.4,85,6.6,1000.7,2.0,3.1,10,1550.7,0
2019-11-16 12:27:00,3,42,20.3,85,6.6,1000.8,2.0,3.1,8,1550.7,0
2019-11-16 12:30:00,3,42,20.3,85,6.6,1000.9,2.0,2.7,10,1550.7,0
2019-11-16 12:33:00,3,42,20.3,84,6.6,1001.1,1.7,2.4,8,1550.7,0
2019-11-16 12:36:00,3,42,20.3,84,6.6,1001.2,1.4,1.7,10,1550.7,0
2019-11-16 12:39:00,3,42,20.3,84,6.6,1001.2,2.0,2.4,11,1550.7,0
2019-11-16 12:42:00,3,42,20.3,83,6.6,1001.3,2.4,3.1,10,1550.7,0
2019-11-16 12:45:00,3,42,20.3,83,6.5,1001.3,2.0,3.1,7,1550.7,0
2019-11-16 12:48:00,3,42,20.3,82,6.5,1001.6,2.7,4.1,10,1550.7,0
2019-11-16 12:51:00,3,43,20.3,82,6.5,1001.7,2.7,3.7,10,1550.7,0
2019-11-16 12:54:00,3,43,20.4,82,6.5,1001.7,2.4,2.7,10,1550.7,0
2019-11-16 12:57:00,3,43,20.4,82,6.5,1001.9,1.7,2.0,10,1550.7,0
2019-11-16 13:00:00,3,43,20.4,82,6.4,1001.9,2.4,3.1,10,1550.7,0
2019-11-16 13:03:00,3,42,20.4,82,6.4,1002.0,2.4,3.1,10,1550.7,0
2019-11-16 13:06:00,3,42,20.4,82,6.4,1002.0,2.4,3.1,10,1550.7,0
2019-11-16 13:09:00,3,42,20.4,81,6.3,1002.1,2.4,4.1,10,1550.7,0
2019-11-16 13:12:00,3,42,20.4,81,6.3,1002.2,2.0,3.1,11,1550.7,0
2019-11-16 13:15:00,3,42,20.5,81,6.3,1002.3,1.7,2.0,12,1550.7,0
2019-11-16 13:18:00,3,42,20.5,81,6.3,1002.4,1.0,1.4,10,1550.7,0
2019-11-16 13:21:00,3,42,20.5,81,6.2,1002.6,3.1,3.7,10,1550.7,0
2019-11-16 13:24:00,3,42,20.5,81,6.2,1002.6,1.4,2.0,10,1550.7,0
2019-11-16 13:27:00,3,42,20.5,81,6.2,1002.6,2.0,3.1,10,1550.7,0
2019-11-16 13:30:00,3,42,20.6,81,6.2,1002.6,1.7,2.0,10,1550.7,0
2019-11-16 13:33:00,3,42,20.6,81,6.2,1002.7,1.7,2.4,9,1550.7,0
2019-11-16 13:36:00,3,42,20.6,81,6.2,1002.6,1.7,2.0,8,1550.7,0
2019-11-16 13:39:00,3,42,20.6,81,6.2,1002.7,2.0,2.7,12,1550.7,0
2019-11-16 13:42:00,3,42,20.6,81,6.2,1002.7,2.4,3.4,10,1550.7,0
2019-11-16 13:45:00,3,42,20.6,81,6.2,1002.9,1.7,2.7,12,1550.7,0
2019-11-16 13:48:00,3,42,20.6,81,6.2,1002.9,2.0,3.1,10,1550.7,0
2019-11-16 13:51:00,3,42,20.6,81,6.2,1003.0,2.0,2.4,10,1550.7,0
2019-11-16 13:54:00,3,42,20.6,80,6.2,1003.0,1.7,2.7,12,1550.7,0
2019-11-16 13:57:00,3,42,20.7,80,6.2,1003.1,1.4,2.4,12,1550.7,0
2019-11-16 14:00:00,3,42,20.7,80,6.2,1003.1,1.7,2.0,10,1550.7,0
2019-11-16 14:03:00,3,42,20.6,80,6.2,1003.1,2.0,2.7,10,1550.7,0
2019-11-16 14:06:00,3,42,20.6,80,6.2,1003.2,1.4,2.4,10,1550.7,0
2019-11-16 14:09:00,3,42,20.7,80,6.2,1003.3,1.7,2.4,10,1550.7,0
2019-11-16 14:12:00,3,42,20.7,80,6.3,1003.4,1.0,1.7,11,1550.7,0
2019-11-16 14:15:00,3,42,20.7,80,6.3,1003.4,1.0,1.7,11,1550.7,0
2019-11-16 14:18:00,3,42,20.7,80,6.3,1003.6,1.0,1.7,6,1550.7,0
2019-11-16 14:21:00,3,42,20.7,80,6.3,1003.5,1.0,1.7,12,1550.7,0
2019-11-16 14:24:00,3,42,20.7,80,6.3,1003.7,1.0,1.4,10,1550.7,0
2019-11-16 14:27:00,3,42,20.7,80,6.3,1003.7,1.0,1.4,12,1550.7,0
2019-11-16 14:30:00,3,42,20.7,80,6.3,1003.7,1.4,1.7,10,1550.7,0
2019-11-16 14:33:00,3,42,20.7,80,6.3,1003.7,1.0,1.4,12,1550.7,0
2019-11-16 14:36:00,3,42,20.7,80,6.3,1003.9,1.0,1.4,8,1550.7,0
2019-11-16 14:39:00,3,42,20.7,80,6.3,1003.8,1.4,2.0,10,1550.7,0
2019-11-16 14:42:00,3,42,20.7,80,6.4,1003.8,0.7,1.4,12,1550.7,0
2019-11-16 14:45:00,3,42,20.7,80,6.4,1003.7,2.0,2.7,8,1550.7,0
2019-11-16 14:48:00,3,42,20.7,80,6.4,1003.8,1.0,1.4,10,1550.7,0
2019-11-16 14:51:00,3,42,20.7,80,6.4,1003.9,1.4,2.0,12,1550.7,0
2019-11-16 14:54:00,3,42,20.7,80,6.4,1003.9,0.7,1.4,8,1550.7,0
2019-11-16 14:57:00,3,42,20.7,80,6.4,1004.0,1.0,1.4,8,1550.7,0
2019-11-16 15:00:00,3,42,20.7,80,6.4,1004.0,1.0,1.4,10,1550.7,0
2019-11-16 15:03:00,3,42,20.7,80,6.4,1004.1,1.0,1.4,10,1550.7,0
2019-11-16 15:06:00,3,42,20.7,80,6.4,1004.0,1.0,1.4,10,1550.7,0
2019-11-16 15:09:00,3,42,20.7,81,6.3,1004.1,1.4,1.7,10,1550.7,0
2019-11-16 15:12:00,3,42,20.7,81,6.3,1004.1,0.7,1.4,12,1550.7,0
2019-11-16 15:15:00,3,42,20.8,81,6.2,1004.1,1.0,1.4,8,1550.7,0
2019-11-16 15:18:00,3,42,20.8,81,6.2,1004.1,0.3,0.7,14,1550.7,0
2019-11-16 15:21:00,3,42,20.8,81,6.1,1004.0,0.7,1.4,14,1550.7,0
2019-11-16 15:24:00,3,42,20.9,81,6.0,1004.1,0.3,0.7,12,1550.7,0
2019-11-16 15:27:00,3,42,20.9,81,6.0,1004.1,0.7,1.0,10,1550.7,0
2019-11-16 15:30:00,3,42,20.9,81,5.9,1004.1,0.7,1.0,12,1550.7,0
2019-11-16 15:33:00,3,43,20.9,82,5.8,1004.2,0.3,0.7,8,1550.7,0
2019-11-16 15:36:00,3,43,20.9,82,5.7,1004.3,0.7,1.0,12,1550.7,0
2019-11-16 15:39:00,3,43,20.9,82,5.7,1004.3,0.7,1.0,0,1550.7,0
2019-11-16 15:42:00,3,43,20.9,82,5.6,1004.3,1.4,2.0,10,1550.7,0
2019-11-16 15:45:00,3,43,20.9,82,5.6,1004.3,1.0,1.7,8,1550.7,0
2019-11-16 15:48:00,3,43,20.9,83,5.6,1004.4,0.3,0.7,8,1550.7,0
2019-11-16 15:51:00,3,43,20.9,83,5.5,1004.4,1.4,1.7,10,1550.7,0
2019-11-16 15:54:00,3,43,20.9,83,5.5,1004.4,0.3,0.7,12,1550.7,0
2019-11-16 15:57:00,3,43,20.9,83,5.4,1004.5,0,0.3,12,1550.7,0
2019-11-16 16:00:00,3,43,20.9,83,5.4,1004.6,1.0,1.4,8,1550.7,0
2019-11-16 16:03:00,3,42,20.9,83,5.4,1004.6,0,0.3,10,1550.7,0
2019-11-16 16:06:00,3,42,20.9,84,5.3,1004.6,0.3,0.7,10,1550.7,0
2019-11-16 16:09:00,3,42,20.9,84,5.3,1004.7,0.3,0.7,8,1550.7,0
2019-11-16 16:12:00,3,42,20.9,84,5.4,1004.6,0.7,1.0,12,1550.7,0
2019-11-16 16:15:00,3,42,20.9,84,5.4,1004.6,0.7,1.4,10,1550.7,0
2019-11-16 16:18:00,3,42,20.9,84,5.5,1004.7,0.3,1.0,12,1550.7,0
2019-11-16 16:21:00,3,42,20.9,85,5.5,1004.7,0.3,0.7,8,1550.7,0
2019-11-16 16:24:00,3,43,20.9,85,5.5,1004.7,0,0.3,10,1550.7,0
2019-11-16 16:27:00,3,43,20.9,85,5.4,1004.8,0.7,1.4,10,1550.7,0
2019-11-16 16:30:00,3,43,20.9,85,5.4,1004.7,0,0.3,2,1550.7,0
2019-11-16 16:33:00,3,43,20.9,85,5.4,1004.9,0.7,1.0,12,1550.7,0
2019-11-16 16:36:00,3,43,20.9,85,5.4,1005.0,0.3,0.7,6,1550.7,0
2019-11-16 16:39:00,3,42,20.9,85,5.4,1005.0,1.0,1.7,8,1550.7,0
2019-11-16 16:42:00,3,42,20.9,85,5.3,1005.1,0.3,0.3,4,1550.7,0
2019-11-16 16:45:00,3,42,20.9,85,5.3,1005.2,2.0,2.7,8,1550.7,0
2019-11-16 16:48:00,3,42,20.9,85,5.4,1005.2,0.3,0.7,14,1550.7,0
2019-11-16 16:51:00,3,42,20.9,85,5.4,1005.4,1.0,1.4,10,1550.7,0
2019-11-16 16:54:00,3,42,20.9,86,5.5,1005.2,0.7,1.4,12,1550.7,0
2019-11-16 16:57:00,3,42,20.9,86,5.5,1005.4,0.7,1.0,10,1550.7,0
2019-11-16 17:00:00,3,42,20.9,86,5.6,1005.4,0.3,1.0,12,1550.7,0
2019-11-16 17:03:00,3,42,20.9,86,5.6,1005.5,0.3,1.0,12,1550.7,0
2019-11-16 17:06:00,3,42,20.9,86,5.6,1005.7,0.3,1.0,12,1550.7,0
2019-11-16 17:09:00,3,42,20.9,86,5.7,1005.8,0.3,0.7,10,1550.7,0
2019-11-16 17:12:00,3,42,20.9,86,5.8,1005.5,1.0,1.7,14,1550.7,0
2019-11-16 17:15:00,3,42,20.9,85,5.8,1005.7,1.0,1.7,0,1550.7,0
2019-11-16 17:18:00,3,42,20.9,85,5.8,1005.7,0.7,1.0,10,1550.7,0
2019-11-16 17:21:00,3,42,20.9,85,5.7,1005.8,1.0,1.4,10,1550.7,0
2019-11-16 17:24:00,3,42,20.9,85,5.7,1006.0,2.7,4.1,10,1550.7,0
2019-11-16 17:27:00,3,42,20.9,84,5.7,1006.0,0.3,0.7,8,1550.7,0
2019-11-16 17:30:00,3,42,20.9,84,5.7,1006.0,1.0,1.7,10,1550.7,0
2019-11-16 17:33:00,3,42,20.9,84,5.7,1006.2,1.4,1.7,8,1550.7,0
2019-11-16 17:36:00,3,42,20.9,84,5.6,1006.2,1.0,1.4,10,1550.7,0
2019-11-16 17:39:00,3,42,20.9,84,5.6,1006.1,0.7,1.4,10,1550.7,0
2019-11-16 17:42:00,3,42,20.9,84,5.5,1006.0,1.4,1.7,5,1550.7,0
2019-11-16 17:45:00,3,42,20.9,83,5.5,1006.1,1.4,2.4,10,1550.7,0
2019-11-16 17:48:00,3,42,20.9,83,5.4,1006.1,0.7,1.0,12,1550.7,0
2019-11-16 17:51:00,3,42,20.9,83,5.4,1006.3,1.0,1.4,8,1550.7,0
2019-11-16 17:54:00,3,42,20.9,83,5.3,1006.4,0.7,1.0,12,1550.7,0
2019-11-16 17:57:00,3,42,20.9,83,5.3,1006.2,0.7,1.0,12,1550.7,0
2019-11-16 18:00:00,3,42,20.9,84,5.3,1006.3,1.0,1.7,14,1550.7,0
2019-11-16 18:03:00,3,42,20.9,84,5.2,1006.3,0.7,1.0,6,1550.7,0
2019-11-16 18:06:00,3,42,20.9,84,5.2,1006.4,0.7,1.0,10,1550.7,0
2019-11-16 18:09:00,3,44,20.9,84,5.1,1006.5,1.0,2.0,12,1550.7,0
2019-11-16 18:12:00,3,44,20.9,84,5.1,1006.5,0.3,0.7,10,1550.7,0
2019-11-16 18:15:00,3,43,21.0,84,5.1,1006.4,1.0,1.4,10,1550.7,0
2019-11-16 18:18:00,3,43,21.2,84,5.0,1006.6,1.0,1.4,8,1550.7,0
2019-11-16 18:21:00,3,42,21.4,84,5.0,1006.8,0.3,0.3,12,1550.7,0
2019-11-16 18:24:00,3,41,21.6,84,4.9,1006.8,0,0.7,10,1550.7,0
2019-11-16 18:27:00,3,41,21.7,84,4.9,1006.8,1.0,1.4,6,1550.7,0
2019-11-16 18:30:00,3,40,21.8,84,4.9,1006.7,1.0,1.4,10,1550.7,0
2019-11-16 18:33:00,3,40,21.9,84,4.9,1006.8,1.0,1.4,10,1550.7,0
2019-11-16 18:36:00,3,39,22.0,84,4.8,1006.9,0.3,0.7,12,1550.7,0
2019-11-16 18:39:00,3,39,22.1,84,4.8,1007.1,0.7,1.0,12,1550.7,0
2019-11-16 18:42:00,3,38,22.2,84,4.7,1007.1,1.0,2.0,8,1550.7,0
2019-11-16 18:45:00,3,38,22.2,84,4.7,1007.1,0,0,14,1550.7,0
2019-11-16 18:48:00,3,38,22.3,84,4.6,1007.1,0.3,0.7,10,1550.7,0
2019-11-16 18:51:00,3,38,22.3,84,4.6,1007.2,0,0.3,14,1550.7,0
2019-11-16 18:54:00,3,38,22.4,84,4.5,1007.3,0,0.3,14,1550.7,0
2019-11-16 18:57:00,3,38,22.5,84,4.5,1007.2,0,0.3,12,1550.7,0
2019-11-16 19:00:00,3,38,22.5,84,4.5,1007.2,0.3,1.0,8,1550.7,0
2019-11-16 19:03:00,3,38,22.6,84,4.5,1007.3,0.3,1.0,8,1550.7,0
2019-11-16 19:06:00,3,38,22.5,84,4.5,1007.4,0.3,1.0,8,1550.7,0
2019-11-16 19:09:00,3,38,22.3,85,4.3,1007.5,0.3,0.7,10,1550.7,0
2019-11-16 19:12:00,3,38,22.3,85,4.2,1007.5,0,0,14,1550.7,0
2019-11-16 19:15:00,3,38,22.2,85,4.1,1007.4,0,0,14,1550.7,0
2019-11-16 19:18:00,3,38,22.2,85,4.1,1007.3,0,0,0,1550.7,0
2019-11-16 19:21:00,3,38,22.1,85,4.0,1007.4,0,0,8,1550.7,0
2019-11-16 19:24:00,3,38,22.1,85,3.9,1007.2,0,0,2,1550.7,0
2019-11-16 19:27:00,3,38,22.1,84,3.9,1007.3,0,0,4,1550.7,0
2019-11-16 19:30:00,3,38,22.1,84,3.8,1007.2,0,0,2,1550.7,0
2019-11-16 19:33:00,3,38,22.1,84,3.7,1007.4,0,0.3,14,1550.7,0
2019-11-16 19:36:00,3,38,22.0,84,3.6,1007.4,0,0.3,10,1550.7,0
2019-11-16 19:39:00,3,38,22.0,85,3.6,1007.4,0,0,14,1550.7,0
2019-11-16 19:42:00,3,39,21.9,85,3.5,1007.6,0,0,10,1550.7,0
2019-11-16 19:45:00,3,39,21.9,85,3.4,1007.7,0,0,14,1550.7,0
2019-11-16 19:48:00,3,39,21.9,85,3.3,1007.7,0,0,14,1550.7,0
2019-11-16 19:51:00,3,39,21.9,85,3.2,1007.9,0,0,4,1550.7,0
2019-11-16 19:54:00,3,39,21.8,85,3.1,1007.9,0,0,0,1550.7,0
2019-11-16 19:57:00,3,39,21.8,84,3.1,1007.8,0,0,0,1550.7,0
2019-11-16 20:00:00,3,39,21.8,84,3.0,1008.0,0,0,0,1550.7,0
2019-11-16 20:03:00,3,39,21.7,84,2.9,1008.0,0,0,4,1550.7,0
2019-11-16 20:06:00,3,39,21.7,84,2.8,1007.8,0,0,0,1550.7,0
2019-11-16 20:09:00,3,39,21.7,84,2.7,1008.0,0,0,4,1550.7,0
2019-11-16 20:12:00,3,39,21.7,84,2.6,1007.9,0,0,4,1550.7,0
2019-11-16 20:15:00,3,39,21.6,84,2.5,1007.9,0,0,2,1550.7,0
2019-11-16 20:18:00,3,39,21.6,84,2.4,1007.8,0,0,12,1550.7,0
2019-11-16 20:21:00,3,39,21.6,84,2.3,1008.0,0,0,0,1550.7,0
2019-11-16 20:24:00,3,39,21.5,85,2.4,1007.9,0,0,2,1550.7,0
2019-11-16 20:27:00,3,39,21.5,85,2.4,1007.9,0,0,0,1550.7,0
2019-11-16 20:30:00,3,39,21.5,85,2.3,1008.0,0,0,2,1550.7,0
2019-11-16 20:33:00,3,40,21.5,85,2.2,1008.2,0,0,2,1550.7,0
2019-11-16 20:36:00,3,40,21.5,85,2.2,1008.1,0.3,0.3,4,1550.7,0
2019-11-16 20:39:00,3,40,21.4,85,2.2,1008.2,0,0.3,2,1550.7,0
2019-11-16 20:42:00,3,40,21.4,85,2.2,1008.3,0,0,0,1550.7,0
2019-11-16 20:45:00,3,40,21.3,85,2.2,1008.4,0,0,0,1550.7,0
2019-11-16 20:48:00,3,40,21.3,85,2.2,1008.4,0,0,0,1550.7,0
2019-11-16 20:51:00,3,40,21.3,85,2.1,1008.3,0,0,0,1550.7,0
2019-11-16 20:54:00,3,40,21.3,85,2.0,1008.4,0,0,0,1550.7,0
2019-11-16 20:57:00,3,40,21.3,85,2.1,1008.4,0,0,0,1550.7,0
2019-11-16 21:00:00,3,40,21.3,85,2.1,1008.3,0,0,14,1550.7,0
2019-11-16 21:03:00,3,40,21.3,85,2.1,1008.2,0,0,14,1550.7,0
2019-11-16 21:06:00,3,40,21.3,85,2.1,1008.2,0,0,14,1550.7,0
2019-11-16 21:09:00,3,40,21.3,86,2.2,1008.1,0.3,0.7,4,1550.7,0
2019-11-16 21:12:00,3,40,21.3,86,2.2,1008.3,0.3,0.7,4,1550.7,0
2019-11-16 21:15:00,3,40,21.3,86,2.2,1008.4,0.3,0.7,4,1550.7,0
2019-11-16 21:18:00,3,40,21.3,86,2.3,1008.4,0,0,4,1550.7,0
2019-11-16 21:21:00,3,40,21.3,86,2.3,1008.3,0,0,0,1550.7,0
2019-11-16 21:24:00,3,40,21.3,86,2.3,1008.2,0,0,8,1550.7,0
2019-11-16 21:27:00,3,40,21.2,86,2.3,1008.3,0,0,14,1550.7,0
2019-11-16 21:30:00,3,40,21.2,86,2.3,1008.3,0,0,10,1550.7,0
2019-11-16 21:33:00,3,40,21.2,86,2.1,1008.2,0,0,4,1550.7,0
2019-11-16 21:36:00,3,40,21.2,86,2.0,1008.3,0,0,4,1550.7,0
2019-11-16 21:39:00,3,40,21.2,86,2.0,1008.4,0,0,2,1550.7,0
2019-11-16 21:42:00,3,40,21.2,86,2.0,1008.4,0,0,6,1550.7,0
2019-11-16 21:45:00,3,40,21.2,86,2.0,1008.5,0,0.3,6,1550.7,0
2019-11-16 21:48:00,3,40,21.2,86,2.0,1008.4,0,0,2,1550.7,0
2019-11-16 21:51:00,3,40,21.1,86,1.9,1008.4,0,0.3,4,1550.7,0
2019-11-16 21:54:00,3,40,21.1,86,1.9,1008.6,0,0.3,4,1550.7,0
2019-11-16 21:57:00,3,40,21.1,86,1.9,1008.5,0,0,4,1550.7,0
2019-11-16 22:00:00,3,40,21.1,86,1.8,1008.5,0,0,4,1550.7,0
2019-11-16 22:03:00,3,40,21.1,86,1.7,1008.7,0,0,4,1550.7,0
2019-11-16 22:06:00,3,40,21.1,86,1.6,1008.7,0,0,0,1550.7,0
2019-11-16 22:09:00,3,40,21.0,86,1.6,1008.8,0,0,0,1550.7,0
2019-11-16 22:12:00,3,40,21.0,86,1.5,1008.8,0,0,0,1550.7,0
2019-11-16 22:15:00,3,40,21.0,86,1.5,1008.6,0,0,0,1550.7,0
2019-11-16 22:18:00,3,41,20.9,86,1.5,1008.6,0,0,14,1550.7,0
2019-11-16 22:21:00,3,41,20.9,86,1.5,1008.6,0,0,14,1550.7,0
2019-11-16 22:24:00,3,41,20.9,86,1.5,1008.6,0,0,14,1550.7,0
2019-11-16 22:27:00,3,41,20.9,86,1.5,1008.4,0,0,14,1550.7,0
2019-11-16 22:30:00,3,41,20.9,86,1.4,1008.4,0,0,14,1550.7,0
2019-11-16 22:33:00,3,41,20.9,86,1.3,1008.5,0,0,14,1550.7,0
2019-11-16 22:36:00,3,41,20.8,86,1.2,1008.3,0,0,14,1550.7,0
2019-11-16 22:39:00,3,41,20.7,86,1.1,1008.3,0,0,14,1550.7,0
2019-11-16 22:42:00,3,41,20.7,86,1.1,1008.3,0,0,14,1550.7,0
2019-11-16 22:45:00,3,41,20.7,86,1.0,1008.3,0,0,14,1550.7,0
2019-11-16 22:48:00,3,41,20.7,86,0.9,1008.3,0,0,14,1550.7,0
2019-11-16 22:51:00,3,41,20.7,86,0.9,1008.3,0,0,2,1550.7,0
2019-11-16 22:54:00,3,41,20.6,86,0.8,1008.3,0,0,2,1550.7,0
2019-11-16 22:57:00,3,41,20.6,86,0.7,1008.4,0,0,2,1550.7,0
2019-11-16 23:00:00,3,41,20.6,86,0.7,1008.4,0,0,2,1550.7,0
2019-11-16 23:03:00,3,41,20.6,86,0.7,1008.5,0,0,2,1550.7,0
2019-11-16 23:06:00,3,41,20.6,86,0.7,1008.7,0,0,2,1550.7,0
2019-11-16 23:09:00,3,41,20.6,86,0.6,1008.7,0,0,2,1550.7,0
2019-11-16 23:12:00,3,41,20.5,86,0.5,1008.8,0,0,2,1550.7,0
2019-11-16 23:15:00,3,41,20.5,86,0.5,1008.7,0,0,0,1550.7,0
2019-11-16 23:18:00,3,41,20.5,86,0.4,1008.6,0,0,0,1550.7,0
2019-11-16 23:21:00,3,41,20.5,86,0.4,1008.7,0,0,4,1550.7,0
2019-11-16 23:24:00,3,41,20.4,86,0.3,1008.7,0,0,4,1550.7,0
2019-11-16 23:27:00,3,41,20.4,86,0.3,1008.7,0,0,4,1550.7,0
2019-11-16 23:30:00,3,41,20.4,86,0.3,1008.7,0,0,4,1550.7,0
2019-11-16 23:33:00,3,41,20.4,86,0.4,1008.8,0,0,2,1550.7,0
2019-11-16 23:36:00,3,41,20.4,86,0.5,1008.7,0,0,2,1550.7,0
2019-11-16 23:39:00,3,41,20.3,86,0.5,1008.6,0,0,2,1550.7,0
2019-11-16 23:42:00,3,41,20.3,86,0.6,1008.7,0,0,2,1550.7,0
2019-11-16 23:45:00,3,41,20.3,86,0.6,1008.6,0,0,2,1550.7,0
2019-11-16 23:48:00,3,41,20.2,86,0.7,1008.6,0,0,2,1550.7,0
2019-11-16 23:51:00,3,41,20.3,86,0.7,1008.6,0,0,2,1550.7,0
2019-11-16 23:54:00,3,41,20.2,86,0.7,1008.5,0,0,2,1550.7,0
2019-11-16 23:57:00,3,41,20.2,86,0.7,1008.5,0,0,2,1550.7,0
