2009-07-19 00:12:04,20,57,23.6,75,16.7,1003.4,0.0,1.0,12,420.6,0
2009-07-19 00:32:04,20,57,23.5,75,16.6,1003.2,1.0,2.0,13,420.6,0
2009-07-19 00:52:04,20,57,23.5,76,16.5,1003.7,1.0,2.0,12,420.6,0
2009-07-19 01:12:04,20,57,23.4,76,16.3,1003.5,1.0,3.1,11,420.6,0
2009-07-19 01:32:04,20,57,23.4,77,16.2,1003.9,0.3,1.7,12,420.6,0
2009-07-19 01:52:04,20,57,23.4,77,16.2,1004.0,0.7,1.0,14,420.6,0
2009-07-19 02:12:04,20,57,23.3,77,16.0,1004.0,1.4,2.7,10,420.6,0
2009-07-19 02:32:04,20,57,23.3,78,15.8,1004.2,0.3,1.4,11,420.6,0
2009-07-19 02:52:04,20,57,23.3,78,15.6,1004.0,1.0,2.4,13,420.6,0
2009-07-19 03:12:04,20,57,23.2,79,15.4,1004.0,1.0,1.7,12,420.6,0
2009-07-19 03:32:04,20,57,23.2,80,15.3,1004.3,1.4,2.7,12,420.6,0
2009-07-19 03:52:04,20,57,23.1,80,15.3,1004.3,0.7,1.4,10,420.6,0
2009-07-19 04:12:04,20,57,23.1,80,15.3,1004.3,0.7,2.0,11,420.6,0
2009-07-19 04:32:04,20,57,23.0,81,15.2,1004.3,0.3,1.7,12,420.6,0
2009-07-19 04:52:04,20,57,23.0,81,15.2,1004.5,0.0,1.0,10,420.9,0
2009-07-19 05:12:04,20,57,23.0,82,15.2,1004.8,0.3,1.4,11,420.9,0
2009-07-19 05:32:04,20,57,22.9,83,15.3,1004.7,0.3,0.7,12,420.9,0
2009-07-19 05:52:04,20,57,22.9,83,16.1,1004.6,1.0,1.7,12,420.9,0
2009-07-19 06:12:04,20,57,22.9,79,20.3,1004.6,0.7,1.7,12,420.9,0
2009-07-19 06:32:04,20,57,22.9,66,23.6,1004.9,1.7,2.7,12,421.2,0
2009-07-19 06:52:04,20,58,22.9,64,21.4,1005.3,1.0,2.7,12,421.2,0
2009-07-19 07:12:04,20,58,22.9,64,21.5,1005.2,0.7,1.7,14,421.2,0
2009-07-19 07:32:04,20,58,22.9,54,28.5,1005.0,0.3,1.4,14,421.2,0
2009-07-19 07:52:04,20,58,22.9,47,29.8,1005.2,0.7,1.4,14,421.2,0
2009-07-19 08:12:04,20,58,22.9,42,29.5,1005.2,0.7,2.0,12,421.2,0
2009-07-19 08:32:04,20,58,22.9,39,31.3,1005.3,1.0,2.4,14,421.2,0
2009-07-19 08:52:04,20,56,22.9,40,28.5,1005.3,1.7,3.4,12,421.2,0
2009-07-19 09:12:04,20,55,22.8,40,26.9,1005.4,1.7,3.1,14,421.2,0
2009-07-19 09:32:04,20,54,22.7,42,27.4,1005.3,1.0,2.4,10,421.2,0
2009-07-19 09:52:04,20,53,22.6,42,26.0,1005.4,1.0,1.7,10,421.2,0
2009-07-19 10:12:04,20,52,22.7,37,28.6,1005.1,2.4,4.4,13,421.2,0
2009-07-19 10:32:04,20,53,22.7,42,25.1,1005.5,3.4,7.1,14,421.2,0
2009-07-19 10:52:04,20,53,22.7,53,21.8,1005.8,0.7,1.4,10,421.2,0
2009-07-19 11:12:04,20,54,22.7,57,22.1,1005.6,1.0,1.7,10,421.2,0
2009-07-19 11:32:04,20,54,22.7,55,23.9,1005.4,0.7,1.7,10,421.2,0
2009-07-19 11:52:04,20,54,22.7,51,25.2,1005.3,0.0,1.0,10,421.2,0
2009-07-19 12:12:04,20,55,22.8,47,26.5,1005.3,1.0,1.7,10,421.2,0
2009-07-19 12:32:04,20,55,22.8,47,25.7,1005.2,1.0,2.7,12,421.2,0
2009-07-19 12:52:04,20,55,23.0,44,25.9,1005.0,1.4,2.7,12,421.2,0
2009-07-19 13:12:04,20,54,23.4,46,25.9,1004.7,1.0,2.0,8,421.2,0
2009-07-19 13:32:04,20,54,23.8,45,25.0,1004.8,1.0,2.0,12,421.2,0
2009-07-19 13:52:04,20,53,24.1,47,24.8,1004.9,2.0,3.7,14,421.2,0
2009-07-19 14:12:04,20,52,24.4,50,24.4,1005.0,1.4,2.7,12,421.2,0
2009-07-19 14:32:04,20,51,24.6,46,25.9,1004.8,1.0,2.7,6,421.2,0
2009-07-19 14:52:04,20,50,24.8,44,26.5,1004.8,2.0,3.4,14,421.2,0
2009-07-19 15:12:04,20,50,24.9,46,25.5,1004.8,1.4,3.1,10,421.2,0
2009-07-19 15:32:04,20,50,24.8,46,25.8,1004.6,1.0,2.0,12,421.2,0
2009-07-19 15:52:04,20,50,24.7,50,23.7,1004.5,1.0,2.0,8,421.2,0
2009-07-19 16:12:04,20,50,24.7,50,23.9,1004.6,0.7,1.7,8,421.2,0
2009-07-19 16:32:04,20,50,24.7,52,23.5,1004.5,1.0,2.4,12,421.2,0
2009-07-19 16:52:04,20,49,24.8,53,23.1,1004.6,0.3,1.7,10,421.2,0
2009-07-19 17:12:04,20,49,24.9,53,22.4,1004.6,0.3,1.0,10,421.2,0
2009-07-19 17:32:04,20,49,24.9,56,20.9,1005.3,1.7,4.4,10,421.2,0
2009-07-19 17:52:04,20,49,24.9,64,18.2,1005.6,1.4,2.4,10,421.2,0
2009-07-19 18:12:04,20,49,25.0,68,17.3,1006.0,0.7,1.4,12,421.2,0
2009-07-19 18:32:04,20,50,25.0,69,16.9,1006.1,1.4,2.7,12,421.2,0
2009-07-19 18:52:04,20,50,25.0,72,16.3,1006.2,0.0,0.3,10,421.8,0
2009-07-19 19:12:04,20,50,25.0,75,15.8,1006.2,0.0,0.7,10,421.8,0
2009-07-19 19:32:04,20,50,25.0,77,15.5,1006.7,0.3,1.0,12,421.8,0
2009-07-19 19:52:04,20,50,25.1,78,15.1,1006.8,0.3,1.0,12,421.8,0
2009-07-19 20:12:04,20,51,25.0,80,14.7,1006.8,0.3,1.4,12,421.8,0
2009-07-19 20:32:04,20,51,24.8,80,14.7,1006.9,0.0,0.7,12,421.8,0
2009-07-19 20:52:04,20,51,24.6,81,14.5,1007.0,0.3,1.0,10,421.8,0
2009-07-19 21:12:04,20,51,24.4,82,14.4,1007.1,0.0,1.0,10,421.8,0
2009-07-19 21:32:04,20,52,24.2,82,14.4,1007.3,0.0,1.0,9,421.8,0
2009-07-19 21:52:04,20,52,24.0,83,14.3,1007.5,0.7,2.0,12,421.8,0
2009-07-19 22:12:04,20,53,23.9,83,14.3,1007.6,0.3,1.4,10,421.8,0
2009-07-19 22:32:04,20,53,23.8,84,14.1,1007.6,0.7,1.4,10,421.8,0
2009-07-19 22:52:04,20,53,23.7,84,13.9,1007.7,1.0,1.7,10,421.8,0
2009-07-19 23:12:04,20,53,23.6,84,13.7,1007.5,1.0,2.0,12,421.8,0
2009-07-19 23:32:04,20,53,23.5,84,13.5,1007.5,0.7,1.7,12,421.8,0
2009-07-19 23:52:04,20,54,23.4,84,13.3,1007.6,0.3,1.0,10,421.8,0
