2017-02-19 00:00:00,3,32,19.6,78,2.9,1017.8,0,0,10,161.7,0
2017-02-19 00:03:00,3,32,19.6,78,2.9,1017.8,0,0,10,161.7,0
2017-02-19 00:06:00,3,32,19.6,78,2.9,1017.7,0,0,10,161.7,0
2017-02-19 00:09:00,3,32,19.6,78,2.9,1017.6,0,0,10,161.7,0
2017-02-19 00:12:00,3,32,19.5,78,2.9,1017.7,0,0,10,161.7,0
2017-02-19 00:15:00,3,32,19.5,78,2.8,1017.6,0,0,10,161.7,0
2017-02-19 00:18:00,3,32,19.5,78,2.8,1017.6,0,0,10,161.7,0
2017-02-19 00:21:00,3,32,19.5,78,2.8,1017.6,0,0,10,161.7,0
2017-02-19 00:24:00,3,32,19.4,78,2.8,1017.5,0,0,10,161.7,0
2017-02-19 00:27:00,3,32,19.4,78,2.8,1017.5,0.3,0.7,8,161.7,0
2017-02-19 00:30:00,3,32,19.3,78,2.8,1017.4,0,0.3,10,161.7,0
2017-02-19 00:33:00,3,32,19.3,78,2.8,1017.5,0,0.3,10,161.7,0
2017-02-19 00:36:00,3,32,19.3,78,2.8,1017.4,0.3,0.7,8,161.7,0
2017-02-19 00:39:00,3,32,19.3,79,2.8,1017.4,0.3,0.7,10,161.7,0
2017-02-19 00:42:00,3,32,19.3,79,2.8,1017.3,0.7,1.0,8,161.7,0
2017-02-19 00:45:00,3,32,19.3,79,2.8,1017.3,0.7,1.0,8,161.7,0
2017-02-19 00:48:00,3,32,19.3,79,2.8,1017.3,0,0,10,161.7,0
2017-02-19 00:51:00,3,32,19.2,79,2.8,1017.3,0,0.3,10,161.7,0
2017-02-19 00:54:00,3,32,19.2,79,2.8,1017.3,0.3,0.3,0,161.7,0
2017-02-19 00:57:00,3,32,19.2,79,2.9,1017.3,0.3,0.3,10,161.7,0
2017-02-19 01:00:00,3,32,19.2,79,2.9,1017.1,0,0.3,10,161.7,0
2017-02-19 01:03:00,3,32,19.2,79,2.9,1017.2,0,0.3,10,161.7,0
2017-02-19 01:06:00,3,32,19.2,79,2.9,1017.0,0,0.3,10,161.7,0
2017-02-19 01:09:00,3,32,19.2,79,2.9,1017.0,0,0.3,10,161.7,0
2017-02-19 01:12:00,3,32,19.1,79,2.9,1017.1,0.3,0.7,10,161.7,0
2017-02-19 01:15:00,3,32,19.1,79,2.9,1017.1,0.7,0.7,9,161.7,0
2017-02-19 01:18:00,3,32,19.1,79,2.9,1017.1,0.3,0.7,10,161.7,0
2017-02-19 01:21:00,3,32,19.1,79,2.9,1016.9,0.7,1.0,8,161.7,0
2017-02-19 01:24:00,3,32,19.1,80,2.9,1016.9,0,0.3,10,161.7,0
2017-02-19 01:27:00,3,32,19.1,80,2.9,1016.8,0.3,0.7,10,161.7,0
2017-02-19 01:30:00,3,32,19.1,80,2.9,1016.7,0,0,10,161.7,0
2017-02-19 01:33:00,3,32,19.1,80,2.9,1016.8,0.3,0.7,10,161.7,0
2017-02-19 01:36:00,3,32,19.0,80,2.9,1016.8,0,0,10,161.7,0
2017-02-19 01:39:00,3,32,19.0,80,2.9,1016.7,0,0.3,12,161.7,0
2017-02-19 01:42:00,3,32,19.0,80,2.9,1016.6,0,0,14,161.7,0
2017-02-19 01:45:00,3,32,19.0,80,2.9,1016.7,0.3,0.7,10,161.7,0
2017-02-19 01:48:00,3,32,19.0,80,2.9,1016.5,0.3,0.7,10,161.7,0
2017-02-19 01:51:00,3,32,19.0,80,2.9,1016.5,0.3,0.7,10,161.7,0
2017-02-19 01:54:00,3,32,19.0,80,2.9,1016.7,0.3,0.7,12,161.7,0
2017-02-19 01:57:00,3,33,18.9,80,2.9,1016.6,0.3,0.7,10,161.7,0
2017-02-19 02:00:00,3,33,18.9,80,2.9,1016.6,0.3,0.7,10,161.7,0
2017-02-19 02:03:00,3,33,18.9,80,2.9,1016.5,0.3,0.7,10,161.7,0
2017-02-19 02:06:00,3,33,18.9,80,2.9,1016.5,0.3,0.7,10,161.7,0
2017-02-19 02:09:00,3,33,18.8,80,3.0,1016.5,0.7,1.0,10,161.7,0
2017-02-19 02:12:00,3,33,18.8,80,3.0,1016.4,0.3,0.7,10,161.7,0
2017-02-19 02:15:00,3,33,18.8,80,3.0,1016.4,0.7,1.0,10,161.7,0
2017-02-19 02:18:00,3,33,18.8,80,3.0,1016.2,0.3,0.7,10,161.7,0
2017-02-19 02:21:00,3,33,18.8,80,3.0,1016.3,0.3,1.0,10,161.7,0
2017-02-19 02:24:00,3,33,18.8,80,3.0,1016.2,0.7,1.0,8,161.7,0
2017-02-19 02:27:00,3,33,18.8,80,3.0,1016.3,0.3,0.7,10,161.7,0
2017-02-19 02:30:00,3,33,18.8,80,3.0,1016.3,0,0.3,12,161.7,0
2017-02-19 02:33:00,3,32,18.8,80,3.0,1016.2,0.3,0.7,12,161.7,0
2017-02-19 02:36:00,3,33,18.8,80,3.0,1016.1,0,0,10,161.7,0
2017-02-19 02:39:00,3,33,18.7,80,3.0,1016.0,0,0,10,161.7,0
2017-02-19 02:42:00,3,33,18.7,80,3.0,1016.0,0.3,0.7,10,161.7,0
2017-02-19 02:45:00,3,33,18.7,80,3.0,1015.9,0.3,0.3,8,161.7,0
2017-02-19 02:48:00,3,33,18.7,80,2.9,1016.1,0.3,0.3,10,161.7,0
2017-02-19 02:51:00,3,33,18.6,80,2.9,1015.9,0,0.3,12,161.7,0
2017-02-19 02:54:00,3,33,18.6,80,2.9,1016.1,0,0.3,14,161.7,0
2017-02-19 02:57:00,3,33,18.6,80,2.9,1016.0,0.3,0.3,10,161.7,0
2017-02-19 03:00:00,3,33,18.6,80,2.9,1016.1,0.3,0.7,8,161.7,0
2017-02-19 03:03:00,3,33,18.6,80,2.9,1016.0,0.3,0.7,8,161.7,0
2017-02-19 03:06:00,3,33,18.6,80,2.9,1015.9,0.3,0.7,8,161.7,0
2017-02-19 03:09:00,3,33,18.6,80,2.9,1015.9,0.3,0.3,8,161.7,0
2017-02-19 03:12:00,3,33,18.6,80,2.9,1015.9,0.3,0.7,8,161.7,0
2017-02-19 03:15:00,3,33,18.6,80,2.9,1015.8,0.3,0.7,8,161.7,0
2017-02-19 03:18:00,3,33,18.6,80,2.9,1015.9,0,0,10,161.7,0
2017-02-19 03:21:00,3,33,18.6,80,2.9,1016.0,0.3,0.7,14,161.7,0
2017-02-19 03:24:00,3,33,18.5,79,2.9,1015.9,0.3,0.7,10,161.7,0
2017-02-19 03:27:00,3,33,18.5,79,2.9,1015.9,0.3,0.7,10,161.7,0
2017-02-19 03:30:00,3,33,18.5,79,2.9,1015.9,0,0.3,10,161.7,0
2017-02-19 03:33:00,3,33,18.5,79,2.9,1015.8,0.3,0.7,12,161.7,0
2017-02-19 03:36:00,3,33,18.5,79,2.9,1015.8,0,0,12,161.7,0
2017-02-19 03:39:00,3,33,18.5,79,2.8,1015.8,0.3,0.7,10,161.7,0
2017-02-19 03:42:00,3,33,18.5,78,2.8,1015.8,0.3,0.7,10,161.7,0
2017-02-19 03:45:00,3,33,18.5,78,2.8,1015.7,0.7,1.0,12,161.7,0
2017-02-19 03:48:00,3,33,18.5,78,2.7,1015.7,0.3,0.7,10,161.7,0
2017-02-19 03:51:00,3,33,18.5,78,2.7,1015.8,0.3,0.7,10,161.7,0
2017-02-19 03:54:00,3,33,18.5,78,2.6,1015.7,0,0,10,161.7,0
2017-02-19 03:57:00,3,33,18.5,78,2.5,1015.7,0,0,10,161.7,0
2017-02-19 04:00:00,3,33,18.5,78,2.4,1015.6,0,0,10,161.7,0
2017-02-19 04:03:00,3,33,18.5,78,2.4,1015.6,0,0.3,12,161.7,0
2017-02-19 04:06:00,3,33,18.4,78,2.3,1015.6,0.3,0.7,14,161.7,0
2017-02-19 04:09:00,3,33,18.4,78,2.2,1015.6,0,0.3,10,161.7,0
2017-02-19 04:12:00,3,33,18.4,79,2.1,1015.7,0.3,0.7,8,161.7,0
2017-02-19 04:15:00,3,33,18.4,79,2.1,1015.6,0.3,0.7,10,161.7,0
2017-02-19 04:18:00,3,33,18.4,79,2.0,1015.6,0.3,0.7,10,161.7,0
2017-02-19 04:21:00,3,33,18.4,79,1.9,1015.6,0.3,0.7,10,161.7,0
2017-02-19 04:24:00,3,33,18.4,79,1.8,1015.5,0.3,0.3,8,161.7,0
2017-02-19 04:27:00,3,33,18.4,80,1.8,1015.5,0.7,1.4,10,161.7,0
2017-02-19 04:30:00,3,33,18.4,80,1.7,1015.3,0,0,10,161.7,0
2017-02-19 04:33:00,3,33,18.4,80,1.7,1015.3,0,0,10,161.7,0
2017-02-19 04:36:00,3,33,18.4,80,1.6,1015.2,0.3,0.7,10,161.7,0
2017-02-19 04:39:00,3,33,18.4,80,1.5,1015.2,0.3,0.7,10,161.7,0
2017-02-19 04:42:00,3,33,18.4,80,1.5,1015.1,0,0.3,10,161.7,0
2017-02-19 04:45:00,3,33,18.4,80,1.4,1015.2,0,0,10,161.7,0
2017-02-19 04:48:00,3,33,18.4,80,1.3,1015.2,0,0,10,161.7,0
2017-02-19 04:51:00,3,33,18.4,80,1.3,1015.1,0,0.3,10,161.7,0
2017-02-19 04:54:00,3,33,18.4,80,1.2,1015.0,0,0.3,10,161.7,0
2017-02-19 04:57:00,3,33,18.4,80,1.2,1014.9,0,0.3,8,161.7,0
2017-02-19 05:00:00,3,33,18.4,80,1.1,1014.9,0,0.3,5,161.7,0
2017-02-19 05:03:00,3,33,18.4,80,1.1,1015.0,0,0.3,5,161.7,0
2017-02-19 05:06:00,3,33,18.4,80,1.1,1015.1,0,0.3,5,161.7,0
2017-02-19 05:09:00,3,33,18.4,80,1.0,1015.2,0,0,10,161.7,0
2017-02-19 05:12:00,3,33,18.4,80,1.0,1015.0,0,0,10,161.7,0
2017-02-19 05:15:00,3,33,18.4,80,1.0,1014.9,0.3,0.7,10,161.7,0
2017-02-19 05:18:00,3,33,18.5,81,0.9,1015.0,0,0.3,8,161.7,0
2017-02-19 05:21:00,3,33,18.5,81,0.9,1014.9,0.3,0.7,8,161.7,0
2017-02-19 05:24:00,3,33,18.5,81,0.8,1014.9,0,0,14,161.7,0
2017-02-19 05:27:00,3,33,18.5,81,0.7,1014.9,0,0.3,2,161.7,0
2017-02-19 05:30:00,3,33,18.6,81,0.6,1014.9,0,0.3,0,161.7,0
2017-02-19 05:33:00,3,33,18.6,81,0.6,1015.0,0,0.3,10,161.7,0
2017-02-19 05:36:00,3,33,18.6,81,0.5,1014.8,0,0,10,161.7,0
2017-02-19 05:39:00,3,33,18.6,81,0.5,1014.8,0,0,10,161.7,0
2017-02-19 05:42:00,3,33,18.6,81,0.4,1014.7,0,0,10,161.7,0
2017-02-19 05:45:00,3,33,18.7,81,0.3,1014.6,0,0.3,8,161.7,0
2017-02-19 05:48:00,3,33,18.8,81,0.3,1014.7,0.3,0.7,10,161.7,0
2017-02-19 05:51:00,3,33,18.8,81,0.3,1014.7,0,0,8,161.7,0
2017-02-19 05:54:00,3,33,18.8,81,0.3,1014.6,0.3,0.7,10,161.7,0
2017-02-19 05:57:00,3,33,18.8,81,0.3,1014.6,0,0.3,12,161.7,0
2017-02-19 06:00:00,3,33,18.9,81,0.4,1014.7,0,0.3,12,161.7,0
2017-02-19 06:03:00,3,33,18.9,82,0.4,1014.7,0,0.3,12,161.7,0
2017-02-19 06:06:00,3,33,18.9,82,0.4,1014.6,0.3,0.7,10,161.7,0
2017-02-19 06:09:00,3,32,19.0,82,0.4,1014.6,0.7,1.0,8,161.7,0
2017-02-19 06:12:00,3,32,19.0,82,0.4,1014.6,0.3,0.7,10,161.7,0
2017-02-19 06:15:00,3,32,19.0,82,0.5,1014.6,0.7,1.0,10,161.7,0
2017-02-19 06:18:00,3,32,19.0,82,0.5,1014.6,0.3,0.7,12,161.7,0
2017-02-19 06:21:00,3,32,19.1,82,0.5,1014.6,0.3,1.0,10,161.7,0
2017-02-19 06:24:00,3,31,19.1,82,0.5,1014.6,0,0,14,161.7,0
2017-02-19 06:27:00,3,32,19.1,82,0.5,1014.7,0.7,1.0,10,161.7,0
2017-02-19 06:30:00,3,32,19.1,82,0.5,1014.7,0,0.3,10,161.7,0
2017-02-19 06:33:00,3,32,19.1,82,0.6,1014.7,0.3,0.7,12,161.7,0
2017-02-19 06:36:00,3,32,19.1,82,0.6,1014.8,0.7,1.0,8,161.7,0
2017-02-19 06:39:00,3,31,19.1,82,0.6,1014.9,0.7,1.0,10,161.7,0
2017-02-19 06:42:00,3,31,19.2,82,0.7,1014.8,0.3,0.7,10,161.7,0
2017-02-19 06:45:00,3,31,19.2,81,0.8,1014.9,0.7,1.0,10,161.7,0
2017-02-19 06:48:00,3,31,19.2,81,0.9,1014.8,0.3,0.7,10,161.7,0
2017-02-19 06:51:00,3,32,19.2,81,1.0,1014.9,0.3,0.7,10,161.7,0
2017-02-19 06:54:00,3,32,19.2,81,1.1,1014.8,0.7,1.0,9,161.7,0
2017-02-19 06:57:00,3,32,19.2,81,1.3,1014.9,0.7,1.0,10,161.7,0
2017-02-19 07:00:00,3,32,19.2,81,1.6,1014.8,0.3,1.0,10,161.7,0
2017-02-19 07:03:00,3,32,19.2,81,1.6,1014.9,0.3,1.0,10,161.7,0
2017-02-19 07:06:00,3,32,19.2,81,1.6,1014.8,0.3,1.0,10,161.7,0
2017-02-19 07:09:00,3,32,19.2,80,1.7,1014.9,0,0,10,161.7,0
2017-02-19 07:12:00,3,32,19.2,80,1.8,1014.7,0.7,1.4,8,161.7,0
2017-02-19 07:15:00,3,32,19.2,80,1.8,1014.7,0.3,0.7,10,161.7,0
2017-02-19 07:18:00,3,32,19.3,80,1.9,1014.7,0.7,1.0,12,161.7,0
2017-02-19 07:21:00,3,32,19.3,80,2.0,1014.6,0.7,1.0,10,161.7,0
2017-02-19 07:24:00,3,32,19.3,79,2.1,1014.7,0.7,1.0,8,161.7,0
2017-02-19 07:27:00,3,32,19.3,79,2.1,1014.6,0.7,1.4,10,161.7,0
2017-02-19 07:30:00,3,32,19.3,78,2.2,1014.6,0.7,1.0,8,161.7,0
2017-02-19 07:33:00,3,32,19.3,78,2.4,1014.6,1.0,1.4,10,161.7,0
2017-02-19 07:36:00,3,32,19.3,77,2.6,1014.5,1.0,1.4,9,161.7,0
2017-02-19 07:39:00,3,32,19.3,77,2.9,1014.4,0.7,1.0,10,161.7,0
2017-02-19 07:42:00,3,32,19.3,76,3.2,1014.6,0.7,1.0,8,161.7,0
2017-02-19 07:45:00,3,32,19.3,75,3.3,1014.6,0.7,1.0,10,161.7,0
2017-02-19 07:48:00,3,32,19.3,74,3.2,1014.5,1.4,2.0,10,161.7,0
2017-02-19 07:51:00,3,32,19.3,73,3.1,1014.3,1.0,1.4,8,161.7,0
2017-02-19 07:54:00,3,32,19.4,73,3.0,1014.3,1.0,1.4,10,161.7,0
2017-02-19 07:57:00,3,32,19.4,73,3.0,1014.3,0.7,1.0,10,161.7,0
2017-02-19 08:00:00,3,32,19.4,73,3.1,1014.3,1.0,1.4,10,161.7,0
2017-02-19 08:03:00,3,32,19.4,73,3.1,1014.3,0.7,1.4,10,161.7,0
2017-02-19 08:06:00,3,32,19.4,73,3.2,1014.4,0.7,1.0,10,161.7,0
2017-02-19 08:09:00,3,32,19.5,73,3.3,1014.3,1.4,1.7,12,161.7,0
2017-02-19 08:12:00,3,32,19.5,73,3.4,1014.3,1.0,1.7,10,161.7,0
2017-02-19 08:15:00,3,32,19.5,73,3.6,1014.3,1.7,2.4,10,161.7,0
2017-02-19 08:18:00,3,32,19.5,73,3.7,1014.3,1.4,1.7,12,161.7,0
2017-02-19 08:21:00,3,32,19.5,72,4.0,1014.2,0.7,1.0,5,161.7,0
2017-02-19 08:24:00,3,32,19.5,72,4.2,1014.2,0.7,1.0,10,161.7,0
2017-02-19 08:27:00,3,32,19.5,71,4.3,1014.1,1.4,1.7,12,161.7,0
2017-02-19 08:30:00,3,33,19.5,71,4.3,1014.2,1.7,2.4,12,161.7,0
2017-02-19 08:33:00,3,34,19.6,70,4.2,1014.1,1.4,2.0,10,161.7,0
2017-02-19 08:36:00,3,34,19.6,70,4.2,1014.1,1.4,1.7,11,161.7,0
2017-02-19 08:39:00,3,34,19.7,70,4.2,1014.2,1.0,1.4,13,161.7,0
2017-02-19 08:42:00,3,32,20.0,70,4.2,1014.1,1.4,1.7,10,161.7,0
2017-02-19 08:45:00,3,32,20.2,70,4.2,1014.0,1.4,2.0,10,161.7,0
2017-02-19 08:48:00,3,32,20.4,70,4.2,1014.0,1.4,1.7,8,161.7,0
2017-02-19 08:51:00,3,31,20.4,70,4.2,1014.2,1.4,2.0,10,161.7,0
2017-02-19 08:54:00,3,31,20.5,70,4.2,1014.0,1.4,1.7,8,161.7,0
2017-02-19 08:57:00,3,31,20.6,70,4.3,1014.0,1.0,1.4,12,161.7,0
2017-02-19 09:00:00,3,31,20.8,70,4.3,1014.1,0.7,1.0,10,161.7,0
2017-02-19 09:03:00,3,31,20.9,70,4.3,1014.0,0.7,1.0,10,161.7,0
2017-02-19 09:06:00,3,30,20.9,70,4.3,1014.1,0.7,1.0,10,161.7,0
2017-02-19 09:09:00,3,29,21.0,70,4.6,1014.2,1.0,1.7,10,161.7,0
2017-02-19 09:12:00,3,29,21.1,70,4.7,1014.1,1.7,2.4,12,161.7,0
2017-02-19 09:15:00,3,29,21.1,70,4.7,1014.0,1.0,1.4,10,161.7,0
2017-02-19 09:18:00,3,29,21.1,70,4.7,1014.0,1.4,2.0,10,161.7,0
2017-02-19 09:21:00,3,29,21.1,69,4.7,1014.0,1.0,1.4,6,161.7,0
2017-02-19 09:24:00,3,29,21.0,69,4.7,1013.9,1.4,1.7,10,161.7,0
2017-02-19 09:27:00,3,30,20.9,69,4.7,1014.0,0.7,1.4,10,161.7,0
2017-02-19 09:30:00,3,30,20.9,69,4.7,1013.9,0.7,1.0,10,161.7,0
2017-02-19 09:33:00,3,30,20.8,70,4.7,1014.0,0.7,1.0,10,161.7,0
2017-02-19 09:36:00,3,30,20.7,70,4.7,1014.0,1.0,1.7,10,161.7,0
2017-02-19 09:39:00,3,30,20.7,70,4.7,1013.9,1.7,2.4,12,161.7,0
2017-02-19 09:42:00,3,30,20.7,69,4.8,1013.9,2.4,3.1,10,161.7,0
2017-02-19 09:45:00,3,30,20.7,69,4.8,1013.9,1.0,1.7,12,161.7,0
2017-02-19 09:48:00,3,30,20.6,69,4.9,1013.9,1.4,2.0,10,161.7,0
2017-02-19 09:51:00,3,30,20.6,69,5.0,1013.8,1.4,1.7,12,161.7,0
2017-02-19 09:54:00,3,30,20.6,69,5.0,1013.8,1.4,2.4,12,161.7,0
2017-02-19 09:57:00,3,30,20.6,69,5.1,1013.7,2.0,2.4,10,161.7,0
2017-02-19 10:00:00,3,30,20.5,68,5.2,1013.7,1.7,2.4,10,161.7,0
2017-02-19 10:03:00,3,30,20.5,68,5.2,1013.6,1.4,2.0,8,161.7,0
2017-02-19 10:06:00,3,30,20.4,68,5.2,1013.7,0.7,1.4,8,161.7,0
2017-02-19 10:09:00,3,30,20.4,68,5.3,1013.7,1.4,2.0,10,161.7,0
2017-02-19 10:12:00,3,30,20.4,68,5.4,1013.6,1.7,2.0,10,161.7,0
2017-02-19 10:15:00,3,30,20.4,68,5.4,1013.7,2.0,2.7,6,161.7,0
2017-02-19 10:18:00,3,30,20.3,67,5.6,1013.5,1.7,2.7,14,161.7,0
2017-02-19 10:21:00,3,30,20.3,67,5.7,1013.6,0.7,1.7,12,161.7,0
2017-02-19 10:24:00,3,31,20.2,66,5.7,1013.5,1.0,1.4,10,161.7,0
2017-02-19 10:27:00,3,31,20.2,66,5.8,1013.5,1.4,2.0,10,161.7,0
2017-02-19 10:30:00,3,31,20.1,66,5.8,1013.5,1.4,1.7,10,161.7,0
2017-02-19 10:33:00,3,31,20.1,66,5.9,1013.6,1.0,1.4,10,161.7,0
2017-02-19 10:36:00,3,31,20.1,65,5.9,1013.4,1.7,2.4,14,161.7,0
2017-02-19 10:39:00,3,31,20.1,65,6.0,1013.2,0.3,1.0,10,161.7,0
2017-02-19 10:42:00,3,31,20.0,65,6.0,1013.2,1.0,1.4,10,161.7,0
2017-02-19 10:45:00,3,31,20.0,65,6.0,1013.3,1.4,1.7,10,161.7,0
2017-02-19 10:48:00,3,31,20.0,65,6.0,1013.2,1.4,1.7,12,161.7,0
2017-02-19 10:51:00,3,31,20.0,65,6.1,1013.2,2.4,3.1,8,161.7,0
2017-02-19 10:54:00,3,31,20.0,64,6.1,1013.1,1.4,2.0,12,161.7,0
2017-02-19 10:57:00,3,32,19.9,64,6.2,1013.2,1.0,1.7,10,161.7,0
2017-02-19 11:00:00,3,32,19.9,64,6.3,1013.2,1.0,1.7,10,161.7,0
2017-02-19 11:03:00,3,32,19.9,64,6.3,1013.0,1.0,1.7,10,161.7,0
2017-02-19 11:06:00,3,32,19.8,64,6.3,1013.0,1.0,1.7,10,161.7,0
2017-02-19 11:09:00,3,32,19.8,64,6.8,1012.9,1.4,2.0,8,161.7,0
2017-02-19 11:12:00,3,32,19.8,64,7.2,1012.8,1.4,2.0,10,161.7,0
2017-02-19 11:15:00,3,32,19.8,60,7.5,1012.8,2.0,3.1,10,161.7,0
2017-02-19 11:18:00,3,32,19.8,59,7.6,1012.8,1.7,2.7,14,161.7,0
2017-02-19 11:21:00,3,32,19.7,59,7.5,1012.7,1.4,2.0,10,161.7,0
2017-02-19 11:24:00,3,33,19.7,62,7.3,1012.6,1.0,2.0,10,161.7,0
2017-02-19 11:27:00,3,33,19.7,62,7.3,1012.7,1.0,1.4,9,161.7,0
2017-02-19 11:30:00,3,33,19.7,59,7.7,1012.6,1.7,2.7,12,161.7,0
2017-02-19 11:33:00,3,33,19.7,58,8.2,1012.5,1.7,2.0,13,161.7,0
2017-02-19 11:36:00,3,33,19.7,57,8.3,1012.5,1.0,1.7,6,161.7,0
2017-02-19 11:39:00,3,33,19.7,56,8.3,1012.4,1.4,2.0,6,161.7,0
2017-02-19 11:42:00,3,33,19.7,56,8.2,1012.4,1.7,2.4,9,161.7,0
2017-02-19 11:45:00,3,33,19.7,57,8.2,1012.3,2.0,2.4,6,161.7,0
2017-02-19 11:48:00,3,33,19.7,56,8.4,1012.3,2.0,3.1,10,161.7,0
2017-02-19 11:51:00,3,33,19.6,56,8.6,1012.2,1.7,2.4,10,161.7,0
2017-02-19 11:54:00,3,33,19.6,55,9.0,1012.1,1.4,2.0,12,161.7,0
2017-02-19 11:57:00,3,33,19.6,54,9.2,1012.0,2.0,3.1,12,161.7,0
2017-02-19 12:00:00,3,33,19.6,54,9.4,1012.1,1.7,2.4,10,161.7,0
2017-02-19 12:03:00,3,33,19.6,54,9.6,1012.0,1.0,1.4,10,161.7,0
2017-02-19 12:06:00,3,33,19.6,53,10.2,1012.0,2.0,3.1,8,161.7,0
2017-02-19 12:09:00,3,33,19.6,52,10.0,1011.9,1.4,2.0,0,161.7,0
2017-02-19 12:12:00,3,33,19.6,52,10.0,1012.0,1.4,1.7,10,161.7,0
2017-02-19 12:15:00,3,33,19.6,52,9.8,1011.9,1.7,2.0,10,161.7,0
2017-02-19 12:18:00,3,33,19.6,52,9.6,1011.8,2.0,2.7,10,161.7,0
2017-02-19 12:21:00,3,33,19.6,53,9.3,1011.8,1.7,2.4,10,161.7,0
2017-02-19 12:24:00,3,33,19.6,53,9.5,1011.9,1.7,2.4,8,161.7,0
2017-02-19 12:27:00,3,33,19.6,53,9.8,1011.7,2.0,2.7,12,161.7,0
2017-02-19 12:30:00,3,34,19.6,52,10.1,1011.8,3.4,4.1,10,161.7,0
2017-02-19 12:33:00,3,34,19.6,52,10.0,1011.8,2.7,3.4,8,161.7,0
2017-02-19 12:36:00,3,34,19.6,52,10.1,1011.7,3.7,4.8,12,161.7,0
2017-02-19 12:39:00,3,34,19.6,52,10.1,1011.7,3.4,4.8,10,161.7,0
2017-02-19 12:42:00,3,34,19.6,52,10.2,1011.6,2.4,3.1,10,161.7,0
2017-02-19 12:45:00,3,34,19.6,52,9.9,1011.6,2.0,2.7,10,161.7,0
2017-02-19 12:48:00,3,34,19.7,53,9.4,1011.6,2.4,3.4,11,161.7,0
2017-02-19 12:51:00,3,34,19.7,53,9.0,1011.6,1.0,1.4,12,161.7,0
2017-02-19 12:54:00,3,34,19.7,55,8.8,1011.6,1.7,2.7,8,161.7,0
2017-02-19 12:57:00,3,34,19.7,56,8.6,1011.6,2.0,2.4,10,161.7,0
2017-02-19 13:00:00,3,34,19.7,57,8.4,1011.5,2.0,2.7,10,161.7,0
2017-02-19 13:03:00,3,34,19.7,57,8.4,1011.6,2.0,2.7,10,161.7,0
2017-02-19 13:06:00,3,34,19.7,57,8.4,1011.5,2.0,2.7,10,161.7,0
2017-02-19 13:09:00,3,34,19.8,58,8.3,1011.5,2.4,3.1,10,161.7,0
2017-02-19 13:12:00,3,34,19.8,59,8.3,1011.4,1.4,1.7,10,161.7,0
2017-02-19 13:15:00,3,34,19.8,59,8.4,1011.4,1.0,2.0,10,161.7,0
2017-02-19 13:18:00,3,34,19.8,59,8.4,1011.4,2.0,2.4,10,161.7,0
2017-02-19 13:21:00,3,34,19.8,58,8.5,1011.3,1.7,2.4,8,161.7,0
2017-02-19 13:24:00,3,34,19.8,58,8.5,1011.3,1.4,2.0,10,161.7,0
2017-02-19 13:27:00,3,34,19.8,58,8.5,1011.5,2.4,3.1,11,161.7,0
2017-02-19 13:30:00,3,34,19.9,58,8.5,1011.4,1.7,2.7,10,161.7,0
2017-02-19 13:33:00,3,34,19.9,58,8.5,1011.4,2.0,2.7,10,161.7,0
2017-02-19 13:36:00,3,34,19.9,58,8.5,1011.3,1.4,1.7,10,161.7,0
2017-02-19 13:39:00,3,33,20.0,59,8.6,1011.3,1.0,1.4,8,161.7,0
2017-02-19 13:42:00,3,33,20.0,58,8.6,1011.3,1.4,2.0,9,161.7,0
2017-02-19 13:45:00,3,33,20.0,58,8.5,1011.3,2.0,2.7,10,161.7,0
2017-02-19 13:48:00,3,33,20.0,57,8.5,1011.4,2.7,3.7,12,161.7,0
2017-02-19 13:51:00,3,33,20.0,57,8.4,1011.3,2.7,3.7,10,161.7,0
2017-02-19 13:54:00,3,33,20.0,57,8.4,1011.2,1.7,2.7,9,161.7,0
2017-02-19 13:57:00,3,33,20.0,57,8.3,1011.2,2.4,3.1,11,161.7,0
2017-02-19 14:00:00,3,33,20.0,57,8.3,1011.3,1.4,1.7,10,161.7,0
2017-02-19 14:03:00,3,33,20.0,58,8.3,1011.4,2.0,2.4,10,161.7,0
2017-02-19 14:06:00,3,33,20.0,58,8.3,1011.3,2.4,3.4,10,161.7,0
2017-02-19 14:09:00,3,33,20.1,58,8.3,1011.3,2.7,3.4,10,161.7,0
2017-02-19 14:12:00,3,33,20.1,58,8.2,1011.4,1.4,2.0,10,161.7,0
2017-02-19 14:15:00,3,33,20.1,58,8.2,1011.4,2.7,4.8,12,161.7,0
2017-02-19 14:18:00,3,33,20.1,58,8.1,1011.4,2.7,3.7,10,161.7,0
2017-02-19 14:21:00,3,33,20.1,59,8.0,1011.4,2.4,3.1,10,161.7,0
2017-02-19 14:24:00,3,32,20.1,59,8.0,1011.5,1.7,2.7,10,161.7,0
2017-02-19 14:27:00,3,32,20.1,60,7.9,1011.5,1.4,1.7,10,161.7,0
2017-02-19 14:30:00,3,32,20.1,60,7.8,1011.5,1.0,1.7,10,161.7,0
2017-02-19 14:33:00,3,32,20.1,61,7.8,1011.6,1.0,1.4,12,161.7,0
2017-02-19 14:36:00,3,32,20.1,62,7.6,1011.6,1.0,1.7,12,161.7,0
2017-02-19 14:39:00,3,32,20.1,63,7.5,1011.6,2.0,3.1,10,161.7,0
2017-02-19 14:42:00,3,32,20.1,69,7.2,1011.6,1.4,2.0,0,161.7,0
2017-02-19 14:45:00,3,32,20.1,70,7.1,1011.6,2.7,3.7,8,161.7,0
2017-02-19 14:48:00,3,32,20.1,72,6.9,1011.6,1.4,1.7,14,161.7,0
2017-02-19 14:51:00,3,32,20.1,73,6.7,1011.7,1.0,1.7,12,162.0,0
2017-02-19 14:54:00,3,32,20.1,74,6.6,1011.7,1.7,2.0,10,162.0,0
2017-02-19 14:57:00,3,32,20.1,75,6.4,1011.7,1.4,2.0,12,162.0,0
2017-02-19 15:00:00,3,32,20.1,76,6.3,1011.6,2.7,3.1,12,162.0,0
2017-02-19 15:03:00,3,32,20.1,76,6.3,1011.5,2.7,3.1,12,162.0,0
2017-02-19 15:06:00,3,32,20.1,76,6.3,1011.4,2.7,3.1,12,162.0,0
2017-02-19 15:09:00,3,32,20.1,79,6.1,1011.4,0.7,1.0,10,162.0,0
2017-02-19 15:12:00,3,32,20.1,80,6.0,1011.3,2.0,2.7,11,162.3,0
2017-02-19 15:15:00,3,32,20.1,80,6.0,1011.3,1.4,1.7,12,162.3,0
2017-02-19 15:18:00,3,32,20.1,80,5.9,1011.3,1.0,1.4,10,162.3,0
2017-02-19 15:21:00,3,32,20.1,80,5.9,1011.3,1.7,2.4,10,162.3,0
2017-02-19 15:24:00,3,32,20.1,81,5.8,1011.2,1.4,1.7,8,162.3,0
2017-02-19 15:27:00,3,32,20.1,81,5.8,1011.3,0.7,1.0,12,162.3,0
2017-02-19 15:30:00,3,32,20.2,81,5.8,1011.2,2.0,3.1,12,162.6,0
2017-02-19 15:33:00,3,32,20.2,81,5.7,1011.3,1.7,2.0,10,162.6,0
2017-02-19 15:36:00,3,32,20.2,81,5.7,1011.2,1.0,1.4,10,162.6,0
2017-02-19 15:39:00,3,33,20.2,81,5.7,1011.1,1.0,1.7,10,162.6,0
2017-02-19 15:42:00,3,33,20.2,82,5.6,1011.2,1.0,1.7,10,162.6,0
2017-02-19 15:45:00,3,33,20.2,82,5.6,1011.2,0.7,1.4,10,162.6,0
2017-02-19 15:48:00,3,33,20.2,82,5.5,1011.2,1.0,1.7,10,162.6,0
2017-02-19 15:51:00,3,33,20.2,82,5.5,1011.1,1.4,1.7,12,162.6,0
2017-02-19 15:54:00,3,33,20.2,82,5.5,1011.1,1.4,2.0,10,162.6,0
2017-02-19 15:57:00,3,33,20.2,82,5.5,1011.1,0.7,1.4,10,162.6,0
2017-02-19 16:00:00,3,33,20.2,83,5.5,1011.2,0.7,1.0,14,162.6,0
2017-02-19 16:03:00,3,33,20.2,83,5.4,1011.1,1.4,1.7,12,162.6,0
2017-02-19 16:06:00,3,33,20.3,83,5.4,1011.2,1.4,2.0,11,162.6,0
2017-02-19 16:09:00,3,33,20.3,83,5.4,1011.1,1.4,1.7,10,162.9,0
2017-02-19 16:12:00,3,33,20.3,83,5.3,1011.0,0.3,0.7,12,162.9,0
2017-02-19 16:15:00,3,33,20.2,83,5.3,1011.1,1.0,1.4,14,162.9,0
2017-02-19 16:18:00,3,33,20.2,84,5.3,1011.1,0.3,0.7,10,162.9,0
2017-02-19 16:21:00,3,33,20.2,84,5.3,1011.1,0.3,0.7,10,162.9,0
2017-02-19 16:24:00,3,33,20.2,84,5.3,1011.1,0.7,1.0,12,162.9,0
2017-02-19 16:27:00,3,33,20.3,84,5.2,1011.1,1.0,1.4,10,163.2,0
2017-02-19 16:30:00,3,33,20.3,84,5.2,1011.0,0.7,1.0,10,163.2,0
2017-02-19 16:33:00,3,33,20.3,84,5.2,1011.1,1.0,1.4,10,163.2,0
2017-02-19 16:36:00,3,33,20.3,84,5.2,1011.1,0.7,1.0,10,163.2,0
2017-02-19 16:39:00,3,33,20.3,84,5.1,1011.0,0.7,1.0,12,163.2,0
2017-02-19 16:42:00,3,33,20.3,85,5.1,1011.1,0.7,1.0,10,163.2,0
2017-02-19 16:45:00,3,33,20.3,85,5.1,1011.2,0.7,1.0,12,163.2,0
2017-02-19 16:48:00,3,33,20.3,85,5.1,1011.3,1.4,1.7,10,163.2,0
2017-02-19 16:51:00,3,33,20.3,85,5.1,1011.3,0.7,1.0,10,163.2,0
2017-02-19 16:54:00,3,33,20.3,85,5.1,1011.3,1.0,1.4,10,163.2,0
2017-02-19 16:57:00,3,33,20.3,85,5.1,1011.3,0.7,1.0,10,163.2,0
2017-02-19 17:00:00,3,33,20.3,85,5.1,1011.3,0.3,0.7,9,163.2,0
2017-02-19 17:03:00,3,33,20.3,85,5.1,1011.3,0.3,0.7,9,163.2,0
2017-02-19 17:06:00,3,33,20.3,85,5.1,1011.2,0.3,0.7,9,163.2,0
2017-02-19 17:09:00,3,33,20.3,85,5.1,1011.3,1.4,1.7,12,163.2,0
2017-02-19 17:12:00,3,33,20.3,85,5.1,1011.2,0.7,1.4,10,163.2,0
2017-02-19 17:15:00,3,33,20.3,85,5.1,1011.3,0.7,1.0,8,163.2,0
2017-02-19 17:18:00,3,33,20.3,85,5.1,1011.3,0.7,1.0,10,163.2,0
2017-02-19 17:21:00,3,33,20.3,85,5.1,1011.3,0.7,0.7,8,163.2,0
2017-02-19 17:24:00,3,33,20.3,85,5.1,1011.3,0.7,1.4,10,163.2,0
2017-02-19 17:27:00,3,33,20.3,85,5.1,1011.3,0.3,0.7,10,163.2,0
2017-02-19 17:30:00,3,33,20.3,85,5.1,1011.2,1.0,1.7,10,163.2,0
2017-02-19 17:33:00,3,33,20.3,85,5.1,1011.2,0.7,1.0,11,163.2,0
2017-02-19 17:36:00,3,33,20.3,85,5.1,1011.3,1.4,1.7,10,163.2,0
2017-02-19 17:39:00,3,33,20.3,85,5.1,1011.1,0.7,1.0,10,163.2,0
2017-02-19 17:42:00,3,33,20.3,85,5.1,1011.2,1.0,1.4,10,163.2,0
2017-02-19 17:45:00,3,33,20.3,85,5.1,1011.2,0.3,1.0,10,163.2,0
2017-02-19 17:48:00,3,33,20.3,85,5.1,1011.3,0.7,1.4,10,163.2,0
2017-02-19 17:51:00,3,33,20.3,85,5.1,1011.3,1.0,1.7,8,163.2,0
2017-02-19 17:54:00,3,33,20.3,85,5.1,1011.3,1.7,2.7,14,163.2,0
2017-02-19 17:57:00,3,33,20.3,85,5.2,1011.3,1.0,1.7,10,163.2,0
2017-02-19 18:00:00,3,33,20.3,85,5.2,1011.2,1.4,2.0,12,163.2,0
2017-02-19 18:03:00,3,33,20.3,85,5.2,1011.2,0.7,1.4,8,163.2,0
2017-02-19 18:06:00,3,33,20.4,85,5.2,1011.3,0.7,1.0,10,163.2,0
2017-02-19 18:09:00,3,33,20.4,85,5.2,1011.2,1.7,2.0,12,163.2,0
2017-02-19 18:12:00,3,33,20.4,85,5.2,1011.2,1.0,1.7,10,163.2,0
2017-02-19 18:15:00,3,33,20.4,85,5.2,1011.2,1.0,1.4,10,163.2,0
2017-02-19 18:18:00,3,33,20.4,85,5.2,1011.3,1.0,1.4,10,163.2,0
2017-02-19 18:21:00,3,33,20.4,85,5.2,1011.3,0.7,1.0,8,163.2,0
2017-02-19 18:24:00,3,33,20.4,85,5.2,1011.1,1.4,1.7,10,163.2,0
2017-02-19 18:27:00,3,33,20.4,85,5.1,1011.3,1.0,1.7,12,163.2,0
2017-02-19 18:30:00,3,33,20.4,85,5.1,1011.2,1.4,1.7,10,163.2,0
2017-02-19 18:33:00,3,33,20.4,85,5.1,1011.2,0.7,1.0,10,163.2,0
2017-02-19 18:36:00,3,33,20.4,85,5.1,1011.1,0.7,1.0,8,163.2,0
2017-02-19 18:39:00,3,33,20.4,85,5.1,1011.2,1.4,2.4,10,163.2,0
2017-02-19 18:42:00,3,33,20.4,85,5.1,1011.2,0.7,1.0,13,163.2,0
2017-02-19 18:45:00,3,33,20.4,85,5.1,1011.2,1.4,1.7,10,163.2,0
2017-02-19 18:48:00,3,33,20.4,85,5.1,1011.2,1.0,1.4,12,163.2,0
2017-02-19 18:51:00,3,33,20.4,85,5.1,1011.2,0.3,0.7,10,163.2,0
2017-02-19 18:54:00,3,33,20.4,85,5.1,1011.2,0.7,1.0,10,163.2,0
2017-02-19 18:57:00,3,33,20.4,85,5.1,1011.1,0.7,1.0,12,163.2,0
2017-02-19 19:00:00,3,33,20.4,85,5.1,1011.2,0.7,1.0,12,163.2,0
2017-02-19 19:03:00,3,33,20.4,85,5.1,1011.2,0.7,1.0,12,163.2,0
2017-02-19 19:06:00,3,33,20.4,85,5.1,1011.4,0.7,1.0,12,163.2,0
2017-02-19 19:09:00,3,32,20.4,85,5.1,1011.4,1.4,1.7,10,163.2,0
2017-02-19 19:12:00,3,32,20.4,85,5.2,1011.4,1.0,1.4,12,163.2,0
2017-02-19 19:15:00,3,32,20.4,85,5.2,1011.4,1.0,1.7,10,163.2,0
2017-02-19 19:18:00,3,32,20.4,85,5.2,1011.5,1.0,1.4,10,163.2,0
2017-02-19 19:21:00,3,32,20.4,85,5.2,1011.5,1.0,1.0,10,163.2,0
2017-02-19 19:24:00,3,32,20.4,85,5.1,1011.5,1.0,1.4,10,163.2,0
2017-02-19 19:27:00,3,32,20.4,85,5.1,1011.5,0.7,1.0,10,163.2,0
2017-02-19 19:30:00,3,32,20.4,85,5.1,1011.5,2.0,2.7,9,163.2,0
2017-02-19 19:33:00,3,32,20.4,85,5.1,1011.5,0.7,1.0,12,163.2,0
2017-02-19 19:36:00,3,32,20.4,85,5.1,1011.5,1.4,1.7,8,163.2,0
2017-02-19 19:39:00,3,32,20.3,85,5.1,1011.6,0.3,0.7,12,163.2,0
2017-02-19 19:42:00,3,32,20.4,85,5.1,1011.5,1.4,1.7,10,163.2,0
2017-02-19 19:45:00,3,32,20.4,85,5.1,1011.5,1.0,1.4,12,163.2,0
2017-02-19 19:48:00,3,32,20.3,85,5.1,1011.6,0.7,1.0,10,163.2,0
2017-02-19 19:51:00,3,32,20.4,85,5.1,1011.5,0.7,1.0,10,163.2,0
2017-02-19 19:54:00,3,32,20.4,85,5.0,1011.6,1.0,1.4,10,163.2,0
2017-02-19 19:57:00,3,32,20.3,85,5.0,1011.5,0.7,1.0,8,163.2,0
2017-02-19 20:00:00,3,32,20.4,85,5.0,1011.6,0.7,1.0,10,163.2,0
2017-02-19 20:03:00,3,32,20.4,85,5.0,1011.5,1.0,1.4,10,163.2,0
2017-02-19 20:06:00,3,32,20.4,85,5.0,1011.5,1.0,1.4,10,163.2,0
2017-02-19 20:09:00,3,32,20.4,85,5.0,1011.5,1.0,1.4,8,163.2,0
2017-02-19 20:12:00,3,32,20.4,85,5.0,1011.6,0.7,1.0,10,163.2,0
2017-02-19 20:15:00,3,32,20.4,85,5.0,1011.5,0.7,1.0,10,163.2,0
2017-02-19 20:18:00,3,32,20.4,85,5.0,1011.6,1.4,1.7,12,163.2,0
2017-02-19 20:21:00,3,32,20.4,85,5.0,1011.5,0.7,1.4,10,163.2,0
2017-02-19 20:24:00,3,32,20.4,85,5.0,1011.6,0.3,1.0,10,163.2,0
2017-02-19 20:27:00,3,32,20.4,85,5.0,1011.5,0.7,1.0,10,163.2,0
2017-02-19 20:30:00,3,32,20.4,85,5.0,1011.6,0.7,1.0,10,163.2,0
2017-02-19 20:33:00,3,32,20.4,85,4.9,1011.6,0.7,1.0,10,163.2,0
2017-02-19 20:35:59,3,32,20.4,85,4.9,1011.5,0.7,1.0,10,163.2,0
2017-02-19 20:38:59,3,32,20.4,85,4.9,1011.6,0.7,0.7,10,163.2,0
2017-02-19 20:41:59,3,32,20.4,85,4.9,1011.7,0.7,1.0,10,163.2,0
2017-02-19 20:44:59,3,32,20.4,85,4.9,1011.6,1.0,1.4,10,163.2,0
2017-02-19 20:47:59,3,32,20.4,85,4.9,1011.6,1.0,1.4,10,163.2,0
2017-02-19 20:50:59,3,32,20.4,86,4.9,1011.7,1.0,1.4,10,163.2,0
2017-02-19 20:53:59,3,32,20.4,86,4.9,1011.7,0.7,1.0,10,163.2,0
2017-02-19 20:56:59,3,32,20.4,86,4.9,1011.7,1.0,1.4,10,163.2,0
2017-02-19 20:59:59,3,32,20.4,86,4.9,1011.7,1.0,1.4,10,163.2,0
2017-02-19 21:02:59,3,32,20.4,86,4.9,1011.8,1.0,1.4,10,163.2,0
2017-02-19 21:05:59,3,32,20.4,86,4.9,1011.7,1.0,1.4,10,163.2,0
2017-02-19 21:08:59,3,32,20.4,86,4.9,1011.7,0.7,1.0,10,163.2,0
2017-02-19 21:11:59,3,32,20.4,86,4.9,1011.7,1.0,1.4,12,163.2,0
2017-02-19 21:14:59,3,32,20.4,86,4.8,1011.7,0.7,1.0,10,163.2,0
2017-02-19 21:17:59,3,32,20.4,86,4.8,1011.6,1.0,1.4,10,163.2,0
2017-02-19 21:20:59,3,32,20.4,86,4.8,1011.6,1.0,1.4,10,163.2,0
2017-02-19 21:23:59,3,32,20.4,86,4.8,1011.6,0.7,1.0,12,163.2,0
2017-02-19 21:26:59,3,32,20.4,87,4.8,1011.7,1.0,1.4,12,163.2,0
2017-02-19 21:29:59,3,32,20.4,87,4.8,1011.6,0.7,1.0,10,163.2,0
2017-02-19 21:32:59,3,32,20.4,87,4.8,1011.6,1.7,2.0,10,163.2,0
2017-02-19 21:35:59,3,32,20.4,87,4.8,1011.6,1.0,1.0,9,163.2,0
2017-02-19 21:38:59,3,32,20.4,87,4.8,1011.5,0.7,1.4,10,163.2,0
2017-02-19 21:41:59,3,32,20.3,87,4.8,1011.5,1.0,1.4,10,163.2,0
2017-02-19 21:44:59,3,32,20.3,87,4.9,1011.4,0.7,1.4,10,163.2,0
2017-02-19 21:47:59,3,32,20.3,87,4.9,1011.4,0.7,0.7,12,163.2,0
2017-02-19 21:50:59,3,32,20.3,87,4.9,1011.4,0.7,1.0,10,163.2,0
2017-02-19 21:53:59,3,32,20.3,87,4.9,1011.4,1.0,1.4,10,163.2,0
2017-02-19 21:56:59,3,32,20.3,87,4.9,1011.4,0.7,1.0,12,163.2,0
2017-02-19 21:59:59,3,32,20.3,87,4.8,1011.4,0.7,1.0,12,163.2,0
2017-02-19 22:02:59,3,32,20.3,87,4.8,1011.4,1.0,1.4,10,163.2,0
2017-02-19 22:05:59,3,32,20.3,87,4.8,1011.3,1.0,1.4,10,163.2,0
2017-02-19 22:08:59,3,32,20.3,88,4.9,1011.3,0.7,1.0,10,163.2,0
2017-02-19 22:11:59,3,32,20.3,88,4.9,1011.3,0.7,1.0,12,163.2,0
2017-02-19 22:14:59,3,32,20.3,88,4.9,1011.4,0.3,0.7,10,163.2,0
2017-02-19 22:17:59,3,32,20.3,88,4.9,1011.3,0.7,1.0,12,163.2,0
2017-02-19 22:20:59,3,32,20.2,88,4.9,1011.4,1.0,1.0,12,163.2,0
2017-02-19 22:23:59,3,32,20.2,88,4.9,1011.4,0.7,1.4,10,163.2,0
2017-02-19 22:26:59,3,32,20.2,88,4.9,1011.5,0.3,0.7,10,163.2,0
2017-02-19 22:29:59,3,32,20.2,88,4.9,1011.5,0.7,1.0,10,163.2,0
2017-02-19 22:32:59,3,32,20.2,88,4.9,1011.4,1.0,1.4,10,163.2,0
2017-02-19 22:35:59,3,32,20.1,88,4.9,1011.5,1.4,1.7,10,163.2,0
2017-02-19 22:38:59,3,32,20.2,88,4.9,1011.5,0.7,1.0,10,163.2,0
2017-02-19 22:41:59,3,32,20.2,88,4.9,1011.6,1.4,1.7,10,163.2,0
2017-02-19 22:44:59,3,32,20.1,88,4.9,1011.6,0.3,0.7,10,163.2,0
2017-02-19 22:47:59,3,32,20.1,88,4.9,1011.6,1.4,1.7,8,163.2,0
2017-02-19 22:50:59,3,32,20.1,88,4.9,1011.6,0.3,0.7,12,163.2,0
2017-02-19 22:53:59,3,32,20.1,88,4.9,1011.7,1.0,1.4,10,163.2,0
2017-02-19 22:56:59,3,32,20.1,88,4.9,1011.7,0.7,1.0,10,163.2,0
2017-02-19 22:59:59,3,32,20.1,88,4.9,1011.6,1.0,1.4,10,163.2,0
