2017-11-29 00:01:00,3,40,20.1,73,4.9,998.6,0.3,0.7,10,713.7,0
2017-11-29 00:04:00,3,40,20.1,73,4.9,998.6,0.3,0.7,10,713.7,0
2017-11-29 00:07:00,3,40,20.1,73,4.9,998.6,1.0,1.7,8,713.7,0
2017-11-29 00:10:00,3,40,20.1,73,4.8,998.6,1.0,1.4,8,713.7,0
2017-11-29 00:13:00,3,40,20.1,73,4.8,998.6,0.3,0.7,12,713.7,0
2017-11-29 00:16:00,3,40,20.0,73,4.8,998.6,0.3,0.7,10,713.7,0
2017-11-29 00:19:00,3,40,20.0,74,4.6,998.7,1.0,1.7,10,713.7,0
2017-11-29 00:22:00,3,40,20.0,74,4.6,998.7,0.3,0.7,8,713.7,0
2017-11-29 00:25:00,3,40,20.0,74,4.5,998.7,1.0,1.7,6,713.7,0
2017-11-29 00:28:00,3,40,20.0,74,4.5,998.8,0.3,0.7,11,713.7,0
2017-11-29 00:31:00,3,40,20.0,74,4.5,998.7,0.3,0.7,8,713.7,0
2017-11-29 00:34:00,3,40,20.0,74,4.4,998.7,0.3,0.7,8,713.7,0
2017-11-29 00:37:00,3,41,19.9,75,4.4,998.6,1.4,2.0,10,713.7,0
2017-11-29 00:40:00,3,41,19.9,75,4.4,998.6,2.0,2.4,10,713.7,0
2017-11-29 00:43:00,3,41,19.8,75,4.4,998.7,1.0,1.4,10,713.7,0
2017-11-29 00:46:00,3,41,19.8,75,4.4,998.7,0,0.7,10,713.7,0
2017-11-29 00:49:00,3,41,19.8,75,4.3,998.7,0.3,0.7,12,713.7,0
2017-11-29 00:52:00,3,41,19.8,75,4.2,998.6,0.7,0.7,10,713.7,0
2017-11-29 00:55:00,3,41,19.8,75,4.1,998.7,0.3,0.7,10,713.7,0
2017-11-29 00:58:00,3,41,19.8,75,4.1,998.7,1.0,1.4,12,713.7,0
2017-11-29 01:01:00,3,41,19.8,75,4.1,998.7,0.7,1.0,10,713.7,0
2017-11-29 01:04:00,3,41,19.7,75,4.1,998.8,0.7,1.0,10,713.7,0
2017-11-29 01:07:00,3,41,19.7,76,4.0,998.7,0.7,1.0,10,713.7,0
2017-11-29 01:10:00,3,41,19.7,76,4.0,998.7,0.7,1.0,10,713.7,0
2017-11-29 01:13:00,3,41,19.7,76,4.0,998.7,0.3,0.7,10,713.7,0
2017-11-29 01:16:00,3,41,19.7,76,4.0,998.7,0.7,1.0,10,713.7,0
2017-11-29 01:19:00,3,41,19.7,76,3.9,998.7,1.4,1.7,12,713.7,0
2017-11-29 01:22:00,3,41,19.6,76,3.9,998.9,0.3,0.7,8,713.7,0
2017-11-29 01:25:00,3,41,19.6,76,3.9,998.8,0.7,1.0,10,713.7,0
2017-11-29 01:28:00,3,41,19.6,76,3.9,998.7,0.7,1.0,8,713.7,0
2017-11-29 01:31:00,3,41,19.6,77,3.8,998.7,1.0,1.4,10,713.7,0
2017-11-29 01:34:00,3,41,19.6,77,3.8,998.7,0,0.3,14,713.7,0
2017-11-29 01:37:00,3,41,19.6,77,3.7,998.7,0,0,8,713.7,0
2017-11-29 01:40:00,3,41,19.6,77,3.7,998.7,0,0,8,713.7,0
2017-11-29 01:43:00,3,41,19.5,77,3.6,998.8,0.7,1.0,4,713.7,0
2017-11-29 01:46:00,3,41,19.5,77,3.6,998.7,1.4,2.0,8,713.7,0
2017-11-29 01:49:00,3,41,19.5,78,3.5,998.7,1.0,1.7,10,713.7,0
2017-11-29 01:52:00,3,41,19.5,78,3.5,998.7,0,0.3,10,713.7,0
2017-11-29 01:55:00,3,41,19.5,78,3.5,998.8,0.7,1.4,8,713.7,0
2017-11-29 01:58:00,3,41,19.4,78,3.4,998.7,0,0.3,8,713.7,0
2017-11-29 02:01:00,3,41,19.4,78,3.3,998.7,0.3,0.7,10,713.7,0
2017-11-29 02:04:00,3,41,19.3,78,3.3,998.7,0.3,0.7,10,713.7,0
2017-11-29 02:07:00,3,41,19.3,78,3.2,998.6,1.4,1.7,10,713.7,0
2017-11-29 02:10:00,3,41,19.3,78,3.1,998.8,0.7,1.0,10,713.7,0
2017-11-29 02:13:00,3,41,19.3,78,3.1,998.7,1.4,1.7,8,713.7,0
2017-11-29 02:16:00,3,41,19.3,78,3.1,998.6,0,0.3,10,713.7,0
2017-11-29 02:19:00,3,41,19.3,78,3.1,998.7,0,0.3,8,713.7,0
2017-11-29 02:22:00,3,41,19.3,78,3.0,998.6,0.7,1.0,10,713.7,0
2017-11-29 02:25:00,3,41,19.2,78,2.9,998.6,0,0.3,10,713.7,0
2017-11-29 02:28:00,3,41,19.2,78,2.9,998.6,0.7,1.0,8,713.7,0
2017-11-29 02:31:00,3,41,19.2,79,2.8,998.6,0.3,0.7,10,713.7,0
2017-11-29 02:34:00,3,41,19.2,79,2.7,998.6,0.3,0.7,10,713.7,0
2017-11-29 02:37:00,3,41,19.2,79,2.6,998.6,0,0.3,10,713.7,0
2017-11-29 02:40:00,3,41,19.2,79,2.5,998.6,0.3,0.7,10,713.7,0
2017-11-29 02:43:00,3,41,19.2,79,2.5,998.6,0.3,0.7,10,713.7,0
2017-11-29 02:46:00,3,41,19.1,80,2.4,998.6,0,0,8,713.7,0
2017-11-29 02:49:00,3,41,19.1,80,2.4,998.6,0.3,0.7,10,713.7,0
2017-11-29 02:52:00,3,41,19.1,80,2.3,998.6,0.7,1.4,10,713.7,0
2017-11-29 02:55:00,3,41,19.1,80,2.3,998.5,0,0.3,10,713.7,0
2017-11-29 02:58:00,3,41,19.1,80,2.2,998.7,0,0,8,713.7,0
2017-11-29 03:01:00,3,41,19.0,80,2.2,998.6,0,0,10,713.7,0
2017-11-29 03:04:00,3,41,19.0,80,2.2,998.7,0,0,10,713.7,0
2017-11-29 03:07:00,3,41,19.0,80,2.0,998.7,0,0,10,713.7,0
2017-11-29 03:10:00,3,41,19.0,80,1.9,998.6,0,0,12,713.7,0
2017-11-29 03:13:00,3,41,19.0,80,1.8,998.7,0,0,10,713.7,0
2017-11-29 03:16:00,3,41,19.0,80,1.8,998.5,0,0,10,713.7,0
2017-11-29 03:19:00,3,41,19.0,80,1.7,998.6,0,0,10,713.7,0
2017-11-29 03:22:00,3,41,19.0,80,1.6,998.5,0,0,10,713.7,0
2017-11-29 03:25:00,3,42,18.9,80,1.5,998.5,0,0,10,713.7,0
2017-11-29 03:28:00,3,42,18.9,80,1.5,998.5,0,0,10,713.7,0
2017-11-29 03:31:00,3,42,18.9,80,1.4,998.6,0,0,6,713.7,0
2017-11-29 03:34:00,3,42,18.9,80,1.4,998.5,0,0.3,8,713.7,0
2017-11-29 03:37:00,3,42,18.8,81,1.4,998.5,0,0,8,713.7,0
2017-11-29 03:40:00,3,42,18.8,81,1.4,998.5,0,0,8,713.7,0
2017-11-29 03:43:00,3,42,18.8,81,1.3,998.4,0,0,0,713.7,0
2017-11-29 03:46:00,3,42,18.8,81,1.3,998.5,0,0.3,0,713.7,0
2017-11-29 03:49:00,3,42,18.8,81,1.3,998.6,0,0,8,713.7,0
2017-11-29 03:52:00,3,42,18.8,81,1.2,998.5,0,0,8,713.7,0
2017-11-29 03:55:00,3,42,18.8,81,1.2,998.6,0,0,8,713.7,0
2017-11-29 03:58:00,3,42,18.7,81,1.1,998.6,0,0,4,713.7,0
2017-11-29 04:01:00,3,42,18.7,81,1.1,998.7,0,0.3,10,713.7,0
2017-11-29 04:04:00,3,42,18.7,81,1.1,998.6,0,0,10,713.7,0
2017-11-29 04:07:00,3,42,18.6,81,1.0,998.6,0,0.3,4,713.7,0
2017-11-29 04:10:00,3,42,18.6,81,0.9,998.6,0,0,8,713.7,0
2017-11-29 04:13:00,3,42,18.6,81,0.9,998.6,0,0,8,713.7,0
2017-11-29 04:16:00,3,42,18.6,81,0.9,998.6,0,0,4,713.7,0
2017-11-29 04:19:00,3,42,18.6,81,0.8,998.6,0,0,4,713.7,0
2017-11-29 04:22:00,3,42,18.6,81,0.8,998.5,0,0,4,713.7,0
2017-11-29 04:25:00,3,42,18.6,81,0.8,998.5,0,0.3,4,713.7,0
2017-11-29 04:28:00,3,42,18.6,81,0.7,998.5,0,0,4,713.7,0
2017-11-29 04:31:00,3,42,18.6,81,0.7,998.6,0,0,10,713.7,0
2017-11-29 04:34:00,3,42,18.6,81,0.6,998.6,0,0.3,10,713.7,0
2017-11-29 04:37:00,3,42,18.6,81,0.6,998.4,0,0,10,713.7,0
2017-11-29 04:40:00,3,42,18.5,81,0.6,998.5,0,0,10,713.7,0
2017-11-29 04:43:00,3,42,18.5,81,0.6,998.6,0,0,8,713.7,0
2017-11-29 04:46:00,3,42,18.5,81,0.5,998.4,0,0,8,713.7,0
2017-11-29 04:49:00,3,42,18.5,81,0.4,998.7,0,0,10,713.7,0
2017-11-29 04:52:00,3,42,18.5,81,0.4,998.6,0,0,0,713.7,0
2017-11-29 04:55:00,3,41,18.5,81,0.4,998.7,0,0.3,8,713.7,0
2017-11-29 04:58:00,3,41,18.5,81,0.4,998.7,0,0,10,713.7,0
2017-11-29 05:01:00,3,41,18.5,82,0.4,998.6,0,0,4,713.7,0
2017-11-29 05:04:00,3,41,18.5,82,0.4,998.6,0,0,4,713.7,0
2017-11-29 05:07:00,3,42,18.6,82,0.4,998.6,0,0,6,713.7,0
2017-11-29 05:10:00,3,41,18.6,82,0.4,998.6,0,0,0,713.7,0
2017-11-29 05:13:00,3,41,18.6,82,0.4,998.5,0,0,0,713.7,0
2017-11-29 05:16:00,3,41,18.6,82,0.4,998.5,0,0,12,713.7,0
2017-11-29 05:19:00,3,42,18.6,82,0.4,998.6,0,0.3,6,713.7,0
2017-11-29 05:22:00,3,42,18.8,82,0.4,998.6,0,0,4,713.7,0
2017-11-29 05:25:00,3,42,18.8,82,0.4,998.6,0,0.3,12,713.7,0
2017-11-29 05:28:00,3,42,18.8,82,0.4,998.6,0,0,0,713.7,0
2017-11-29 05:31:00,3,42,18.8,82,0.3,998.7,0,0,0,713.7,0
2017-11-29 05:34:00,3,41,18.9,82,0.3,998.7,0,0,8,713.7,0
2017-11-29 05:37:00,3,40,19.0,82,0.2,998.8,0,0,6,713.7,0
2017-11-29 05:40:00,3,40,19.0,82,0.2,998.8,0,0,6,713.7,0
2017-11-29 05:43:00,3,40,19.1,82,0.1,998.8,0,0,12,713.7,0
2017-11-29 05:46:00,3,40,19.1,82,0,998.7,0,0,12,713.7,0
2017-11-29 05:49:00,3,40,19.1,82,0,998.7,0,0,6,713.7,0
2017-11-29 05:52:00,3,39,19.2,82,0,998.8,0,0,6,713.7,0
2017-11-29 05:55:00,3,39,19.2,82,-0.1,998.8,0,0,10,713.7,0
2017-11-29 05:58:00,3,39,19.2,82,-0.1,998.9,0,0,4,713.7,0
2017-11-29 06:01:00,3,39,19.3,82,-0.2,998.9,0,0,4,713.7,0
2017-11-29 06:04:00,3,39,19.3,82,-0.2,998.8,0,0.3,8,713.7,0
2017-11-29 06:07:00,3,39,19.3,82,-0.2,998.8,0,0,8,713.7,0
2017-11-29 06:10:00,3,39,19.4,82,-0.3,998.8,0,0,8,713.7,0
2017-11-29 06:13:00,3,39,19.4,82,-0.3,998.8,0,0,8,713.7,0
2017-11-29 06:16:00,3,39,19.5,82,-0.4,998.8,0,0,8,713.7,0
2017-11-29 06:19:00,3,39,19.5,82,-0.4,998.7,0,0,2,713.7,0
2017-11-29 06:22:00,3,39,19.5,82,-0.4,998.9,0,0,0,713.7,0
2017-11-29 06:25:00,3,39,19.6,82,-0.5,998.9,0,0,0,713.7,0
2017-11-29 06:28:00,3,39,19.6,82,-0.5,998.9,0,0,0,713.7,0
2017-11-29 06:31:00,3,39,19.6,82,-0.5,999.0,0,0,4,713.7,0
2017-11-29 06:34:00,3,39,19.6,82,-0.5,998.9,0,0,8,713.7,0
2017-11-29 06:37:00,3,38,19.6,82,-0.6,999.0,0,0,8,713.7,0
2017-11-29 06:40:00,3,38,19.6,82,-0.6,999.2,0,0,8,713.7,0
2017-11-29 06:43:00,3,39,19.7,82,-0.7,999.1,0,0,8,713.7,0
2017-11-29 06:46:00,3,39,19.7,82,-0.7,999.1,0,0,2,713.7,0
2017-11-29 06:49:00,3,39,19.7,82,-0.7,999.2,0,0,2,713.7,0
2017-11-29 06:52:00,3,38,19.7,82,-0.7,999.2,0,0,4,713.7,0
2017-11-29 06:55:00,3,38,19.7,82,-0.7,999.2,0,0,2,713.7,0
2017-11-29 06:58:00,3,39,19.7,82,-0.7,999.2,0,0,2,713.7,0
2017-11-29 07:01:00,3,41,19.7,82,-0.7,999.3,0,0,4,713.7,0
2017-11-29 07:04:00,3,41,19.8,82,-0.7,999.3,0,0,4,713.7,0
2017-11-29 07:07:00,3,42,19.8,82,-0.6,999.3,0,0,4,713.7,0
2017-11-29 07:10:00,3,41,19.9,83,-0.6,999.3,0,0,4,713.7,0
2017-11-29 07:13:00,3,40,20.2,83,-0.6,999.3,0,0,4,713.7,0
2017-11-29 07:16:00,3,39,20.4,83,-0.6,999.5,0,0,4,713.7,0
2017-11-29 07:19:00,3,38,20.6,83,-0.6,999.5,0,0,8,713.7,0
2017-11-29 07:22:00,3,38,20.7,83,-0.6,999.6,0,0,6,713.7,0
2017-11-29 07:25:00,3,37,20.9,83,-0.6,999.7,0,0,2,713.7,0
2017-11-29 07:28:00,3,35,21.1,83,-0.6,999.6,0,0,2,713.7,0
2017-11-29 07:31:00,3,35,21.1,83,-0.6,999.7,0,0,0,713.7,0
2017-11-29 07:34:00,3,34,21.2,83,-0.6,999.8,0,0,8,713.7,0
2017-11-29 07:37:00,3,34,21.2,83,-0.6,999.8,0,0,8,713.7,0
2017-11-29 07:40:00,3,34,21.3,83,-0.6,999.8,0,0,8,713.7,0
2017-11-29 07:43:00,3,34,21.3,83,-0.6,999.9,0,0.3,8,713.7,0
2017-11-29 07:46:00,3,33,21.5,83,-0.6,999.9,0,0,8,713.7,0
2017-11-29 07:49:00,3,33,21.5,83,-0.6,999.9,0,0,0,713.7,0
2017-11-29 07:52:00,3,33,21.6,83,-0.5,1000.0,0,0,0,713.7,0
2017-11-29 07:55:00,3,33,21.6,83,-0.5,1000.0,0,0,14,713.7,0
2017-11-29 07:58:00,3,33,21.7,83,-0.4,1000.0,0,0,2,713.7,0
2017-11-29 08:01:00,3,33,21.7,83,-0.4,999.9,0,0,8,713.7,0
2017-11-29 08:04:00,3,33,21.7,83,-0.3,1000.0,0,0,8,713.7,0
2017-11-29 08:07:00,3,33,21.8,83,-0.2,1000.1,0,0,6,713.7,0
2017-11-29 08:10:00,3,33,21.8,84,-0.2,1000.2,0,0.3,12,713.7,0
2017-11-29 08:13:00,3,32,21.9,84,-0.1,1000.3,0,0.3,2,713.7,0
2017-11-29 08:16:00,3,32,21.9,84,0,1000.2,0.3,0.7,8,713.7,0
2017-11-29 08:19:00,3,32,21.9,84,0.1,1000.3,0.3,1.0,6,713.7,0
2017-11-29 08:22:00,3,31,22.0,84,0.3,1000.3,0,0.7,6,713.7,0
2017-11-29 08:25:00,3,31,22.1,84,0.4,1000.4,0.7,1.0,9,713.7,0
2017-11-29 08:28:00,3,31,22.1,85,0.5,1000.4,0.7,1.0,4,713.7,0
2017-11-29 08:31:00,3,31,22.2,85,0.7,1000.5,0.7,1.0,8,713.7,0
2017-11-29 08:34:00,3,31,22.2,85,0.8,1000.4,0,0.3,8,713.7,0
2017-11-29 08:37:00,3,31,22.0,85,0.9,1000.5,0,0,10,713.7,0
2017-11-29 08:40:00,3,32,21.9,85,1.0,1000.3,0,0,10,713.7,0
2017-11-29 08:43:00,3,32,21.8,85,1.0,1000.4,0.3,0.3,8,713.7,0
2017-11-29 08:46:00,3,32,21.8,85,1.1,1000.4,0,0,8,713.7,0
2017-11-29 08:49:00,3,33,21.7,85,1.2,1000.4,0.3,0.7,10,713.7,0
2017-11-29 08:52:00,3,33,21.6,86,1.3,1000.4,0.3,0.7,10,713.7,0
2017-11-29 08:55:00,3,33,21.6,86,1.4,1000.3,0.7,1.0,4,713.7,0
2017-11-29 08:58:00,3,33,21.5,86,1.5,1000.5,0,0.3,6,713.7,0
2017-11-29 09:01:00,3,33,21.5,86,1.5,1000.3,0.7,1.0,8,713.7,0
2017-11-29 09:04:00,3,33,21.4,86,1.5,1000.3,0.7,1.0,8,713.7,0
2017-11-29 09:07:00,3,33,21.4,85,1.9,1000.3,1.4,1.4,8,713.7,0
2017-11-29 09:10:00,3,33,21.3,85,2.0,1000.4,0.7,1.0,10,713.7,0
2017-11-29 09:13:00,3,33,21.3,84,2.1,1000.3,1.0,1.4,8,713.7,0
2017-11-29 09:16:00,3,33,21.3,84,2.2,1000.3,1.4,1.7,8,713.7,0
2017-11-29 09:19:00,3,34,21.2,83,2.4,1000.4,0.7,1.0,6,713.7,0
2017-11-29 09:22:00,3,34,21.2,82,2.5,1000.4,1.4,2.4,8,713.7,0
2017-11-29 09:25:00,3,34,21.2,82,2.7,1000.3,1.4,1.7,8,713.7,0
2017-11-29 09:28:00,3,34,21.2,82,3.0,1000.3,0.3,1.0,6,713.7,0
2017-11-29 09:31:00,3,34,21.1,81,3.5,1000.3,1.0,1.4,6,713.7,0
2017-11-29 09:34:00,3,34,21.1,80,3.9,1000.3,1.4,1.7,8,713.7,0
2017-11-29 09:37:00,3,35,21.1,79,4.2,1000.3,0.7,1.0,10,713.7,0
2017-11-29 09:40:00,3,37,21.0,77,4.2,1000.3,0.3,0.7,0,713.7,0
2017-11-29 09:43:00,3,37,21.0,76,4.2,1000.2,0.3,0.7,12,713.7,0
2017-11-29 09:46:00,3,37,21.1,75,4.3,1000.3,0.3,0.7,8,713.7,0
2017-11-29 09:49:00,3,36,21.1,75,4.8,1000.2,0.7,1.0,8,713.7,0
2017-11-29 09:52:00,3,36,21.1,74,5.1,1000.2,0.3,1.4,9,713.7,0
2017-11-29 09:55:00,3,36,21.1,72,5.4,1000.1,0,0.3,0,713.7,0
2017-11-29 09:58:00,3,36,21.1,71,5.7,1000.2,0.3,0.7,12,713.7,0
2017-11-29 10:01:00,3,35,21.1,69,6.0,1000.2,0.3,0.7,10,713.7,0
2017-11-29 10:04:00,3,35,21.1,68,6.1,1000.3,0.7,1.0,10,713.7,0
2017-11-29 10:07:00,3,35,21.1,66,6.2,1000.2,0.7,1.0,0,713.7,0
2017-11-29 10:10:00,3,35,21.1,66,6.3,1000.1,0.3,0.7,10,713.7,0
2017-11-29 10:13:00,3,35,21.0,65,6.1,1000.2,0.3,0.7,8,713.7,0
2017-11-29 10:16:00,3,36,20.9,65,5.9,1000.0,0.3,0.7,8,713.7,0
2017-11-29 10:19:00,3,36,20.9,65,5.7,1000.1,0.3,1.0,6,713.7,0
2017-11-29 10:22:00,3,37,20.9,66,5.5,1000.1,0,0,10,713.7,0
2017-11-29 10:25:00,3,37,20.8,68,5.7,999.9,0.3,0.7,10,713.7,0
2017-11-29 10:28:00,3,37,20.7,67,6.0,1000.0,0.7,1.4,8,713.7,0
2017-11-29 10:31:00,3,37,20.7,65,6.0,1000.0,1.4,1.7,8,713.7,0
2017-11-29 10:34:00,3,37,20.7,65,6.0,999.9,0,0.3,8,713.7,0
2017-11-29 10:37:00,3,37,20.6,65,6.1,1000.0,0.3,0.7,10,713.7,0
2017-11-29 10:40:00,3,37,20.6,65,6.2,1000.0,0.3,0.7,10,713.7,0
2017-11-29 10:43:00,3,38,20.6,64,6.3,999.9,0.7,1.4,13,713.7,0
2017-11-29 10:46:00,3,38,20.6,65,6.3,999.9,0.7,1.0,10,713.7,0
2017-11-29 10:49:00,3,38,20.5,65,6.5,999.9,0.7,1.0,6,713.7,0
2017-11-29 10:52:00,3,38,20.5,64,6.6,999.9,1.4,1.7,8,713.7,0
2017-11-29 10:55:00,3,38,20.5,64,6.7,999.9,0.7,1.4,8,713.7,0
2017-11-29 10:58:00,3,38,20.5,63,6.7,999.9,1.4,2.0,11,713.7,0
2017-11-29 11:01:00,3,38,20.5,63,6.7,999.9,0.7,0.7,8,713.7,0
2017-11-29 11:04:00,3,38,20.5,63,6.7,999.9,0.7,0.7,8,713.7,0
2017-11-29 11:07:00,3,38,20.4,63,7.0,999.9,0.7,1.0,8,713.7,0
2017-11-29 11:10:00,3,39,20.4,62,7.2,999.9,1.4,2.0,9,713.7,0
2017-11-29 11:13:00,3,39,20.4,62,7.3,999.9,0.7,0.7,0,713.7,0
2017-11-29 11:16:00,3,39,20.4,62,7.4,999.9,1.0,2.0,12,713.7,0
2017-11-29 11:19:00,3,40,20.4,59,7.6,999.7,0.3,1.0,10,713.7,0
2017-11-29 11:22:00,3,40,20.4,58,7.8,999.8,1.0,1.4,10,713.7,0
2017-11-29 11:25:00,3,40,20.4,57,7.8,999.9,0.7,1.0,12,713.7,0
2017-11-29 11:28:00,3,40,20.4,57,7.9,999.8,1.0,1.4,10,713.7,0
2017-11-29 11:31:00,3,40,20.4,57,7.9,999.9,0.7,1.0,8,713.7,0
2017-11-29 11:34:00,3,40,20.4,57,8.1,999.8,1.0,1.4,8,713.7,0
2017-11-29 11:37:00,3,40,20.3,55,7.8,999.8,1.4,1.7,10,713.7,0
2017-11-29 11:40:00,3,40,20.3,55,7.8,999.8,0.7,1.0,8,713.7,0
2017-11-29 11:43:00,3,40,20.3,56,7.8,999.7,0.3,1.0,10,713.7,0
2017-11-29 11:46:00,3,40,20.3,56,7.7,999.7,0.7,1.0,8,713.7,0
2017-11-29 11:49:00,3,40,20.3,57,7.8,999.7,0.3,0.7,6,713.7,0
2017-11-29 11:52:00,3,40,20.3,56,8.0,999.7,1.4,2.0,8,713.7,0
2017-11-29 11:55:00,3,41,20.3,56,8.0,999.6,0.3,0.7,10,713.7,0
2017-11-29 11:58:00,3,41,20.3,54,8.1,999.6,1.0,1.4,8,713.7,0
2017-11-29 12:01:00,3,41,20.3,54,7.8,999.6,0.7,1.0,8,713.7,0
2017-11-29 12:04:00,3,41,20.2,55,7.7,999.5,0.7,1.0,6,713.7,0
2017-11-29 12:07:00,3,41,20.2,60,7.4,999.6,0.3,0.7,10,713.7,0
2017-11-29 12:10:00,3,41,20.2,61,7.1,999.4,1.0,1.4,8,713.7,0
2017-11-29 12:13:00,3,41,20.2,61,6.7,999.5,1.4,1.7,10,713.7,0
2017-11-29 12:16:00,3,41,20.2,62,6.7,999.6,1.0,1.4,10,713.7,0
2017-11-29 12:19:00,3,41,20.2,62,7.0,999.5,0.7,1.0,8,713.7,0
2017-11-29 12:22:00,3,41,20.2,62,7.2,999.5,0.7,1.0,10,713.7,0
2017-11-29 12:25:00,3,41,20.2,62,7.3,999.6,1.0,1.4,10,713.7,0
2017-11-29 12:28:00,3,41,20.2,61,7.3,999.6,0.7,0.7,8,713.7,0
2017-11-29 12:31:00,3,41,20.2,61,7.0,999.6,1.4,1.7,8,713.7,0
2017-11-29 12:34:00,3,41,20.2,61,6.6,999.6,1.0,1.4,8,713.7,0
2017-11-29 12:37:00,3,41,20.2,62,6.4,999.6,0.3,0.7,10,713.7,0
2017-11-29 12:40:00,3,41,20.2,63,6.3,999.6,0,0.7,8,713.7,0
2017-11-29 12:43:00,3,41,20.2,63,6.3,999.6,0.7,1.0,6,713.7,0
2017-11-29 12:46:00,3,41,20.3,63,6.2,999.5,1.0,1.4,8,713.7,0
2017-11-29 12:49:00,3,41,20.3,63,6.2,999.6,0.3,0.7,8,713.7,0
2017-11-29 12:52:00,3,41,20.3,63,6.2,999.6,1.0,1.4,8,713.7,0
2017-11-29 12:55:00,3,41,20.3,63,6.2,999.7,0.7,1.0,10,713.7,0
2017-11-29 12:58:00,3,41,20.3,63,6.2,999.7,0.7,1.0,8,713.7,0
2017-11-29 13:01:00,3,41,20.4,63,6.2,999.5,0,0.3,8,713.7,0
2017-11-29 13:04:00,3,41,20.4,63,6.2,999.7,0,0.3,8,713.7,0
2017-11-29 13:07:00,3,41,20.4,63,6.2,999.6,0.7,1.0,10,713.7,0
2017-11-29 13:10:00,3,41,20.4,63,6.2,999.6,0.3,0.7,10,713.7,0
2017-11-29 13:13:00,3,41,20.5,63,6.2,999.6,0.7,1.4,8,713.7,0
2017-11-29 13:16:00,3,41,20.5,63,6.1,999.6,0.7,1.0,8,713.7,0
2017-11-29 13:19:00,3,41,20.5,64,6.1,999.7,1.0,1.4,10,713.7,0
2017-11-29 13:22:00,3,41,20.5,64,6.1,999.5,0.7,1.0,10,713.7,0
2017-11-29 13:25:00,3,41,20.5,64,6.1,999.7,0.3,0.7,10,713.7,0
2017-11-29 13:28:00,3,41,20.5,64,6.1,999.6,0.3,0.7,10,713.7,0
2017-11-29 13:31:00,3,41,20.5,64,6.1,999.6,1.0,1.4,10,713.7,0
2017-11-29 13:34:00,3,41,20.5,64,6.0,999.6,1.0,1.4,10,713.7,0
2017-11-29 13:37:00,3,41,20.6,64,5.9,999.7,1.0,1.4,10,713.7,0
2017-11-29 13:40:00,3,41,20.6,64,5.9,999.7,0.3,1.0,8,713.7,0
2017-11-29 13:43:00,3,41,20.6,64,5.9,999.7,0.3,1.0,10,713.7,0
2017-11-29 13:46:00,3,41,20.6,65,5.9,999.6,0,0.3,10,713.7,0
2017-11-29 13:49:00,3,41,20.6,65,5.8,999.6,1.0,1.4,10,713.7,0
2017-11-29 13:52:00,3,41,20.6,65,5.8,999.7,0.3,0.7,8,713.7,0
2017-11-29 13:55:00,3,41,20.6,65,5.7,999.7,0.7,1.0,10,713.7,0
2017-11-29 13:58:00,3,41,20.6,65,5.6,999.7,0.3,0.7,14,713.7,0
2017-11-29 14:01:00,3,41,20.6,65,5.6,999.8,0,0,10,713.7,0
2017-11-29 14:04:00,3,40,20.6,66,5.6,999.7,0,0.3,10,713.7,0
2017-11-29 14:07:00,3,40,20.6,66,5.5,999.7,0.7,1.0,12,713.7,0
2017-11-29 14:10:00,3,40,20.6,66,5.5,999.8,0.3,0.7,10,713.7,0
2017-11-29 14:13:00,3,40,20.6,66,5.4,999.8,0.3,0.7,10,713.7,0
2017-11-29 14:16:00,3,40,20.6,66,5.3,999.8,0,0.3,10,713.7,0
2017-11-29 14:19:00,3,40,20.6,67,5.3,999.8,0,0.3,10,713.7,0
2017-11-29 14:22:00,3,40,20.6,67,5.2,999.8,0,0,10,713.7,0
2017-11-29 14:25:00,3,40,20.6,67,5.1,999.8,0,0.3,8,713.7,0
2017-11-29 14:28:00,3,40,20.6,68,5.0,999.8,0,0,8,713.7,0
2017-11-29 14:31:00,3,40,20.6,68,4.9,999.8,0,0,8,713.7,0
2017-11-29 14:34:00,3,40,20.6,68,4.8,999.9,0,0,10,713.7,0
2017-11-29 14:37:00,3,40,20.6,69,4.7,999.9,0,0,10,713.7,0
2017-11-29 14:40:00,3,40,20.6,69,4.6,1000.0,0,0,10,713.7,0
2017-11-29 14:43:00,3,40,20.6,70,4.5,999.9,0,0,10,713.7,0
2017-11-29 14:46:00,3,40,20.6,70,4.4,999.9,0,0,10,713.7,0
2017-11-29 14:49:00,3,40,20.6,70,4.2,999.9,0,0,10,713.7,0
2017-11-29 14:52:00,3,40,20.6,70,4.1,999.9,0,0,10,713.7,0
2017-11-29 14:55:00,3,40,20.6,70,3.9,999.9,0,0,2,713.7,0
2017-11-29 14:58:00,3,40,20.6,71,3.7,999.8,0,0,2,713.7,0
2017-11-29 15:01:00,3,40,20.6,71,3.6,999.8,0,0,4,713.7,0
2017-11-29 15:04:00,3,40,20.6,71,3.6,999.9,0,0,4,713.7,0
2017-11-29 15:07:00,3,39,20.6,72,3.2,1000.0,0,0,0,713.7,0
2017-11-29 15:10:00,3,39,20.6,72,3.0,999.8,0,0,0,713.7,0
2017-11-29 15:13:00,3,39,20.6,72,2.9,999.9,0,0,0,713.7,0
2017-11-29 15:16:00,3,39,20.6,72,2.8,999.9,0,0,0,713.7,0
2017-11-29 15:19:00,3,39,20.6,73,2.7,999.9,0,0,0,713.7,0
2017-11-29 15:22:00,3,39,20.6,73,2.6,999.9,0,0,0,713.7,0
2017-11-29 15:25:00,3,39,20.6,74,2.5,1000.0,0,0,0,713.7,0
2017-11-29 15:28:00,3,39,20.6,74,2.5,999.9,0,0,0,713.7,0
2017-11-29 15:31:00,3,39,20.6,75,2.4,999.8,0,0,0,713.7,0
2017-11-29 15:34:00,3,39,20.6,75,2.3,999.9,0,0,2,713.7,0
2017-11-29 15:37:00,3,39,20.6,76,2.3,999.9,0,0,4,713.7,0
2017-11-29 15:40:00,3,38,20.7,76,2.3,999.9,0,0,4,713.7,0
2017-11-29 15:43:00,3,38,20.7,76,2.2,1000.0,0,0,2,713.7,0
2017-11-29 15:46:00,3,38,20.7,77,2.1,1000.0,0,0,2,713.7,0
2017-11-29 15:49:00,3,38,20.7,77,2.1,1000.0,0,0,2,713.7,0
2017-11-29 15:52:00,3,38,20.7,77,2.0,999.9,0,0,2,713.7,0
2017-11-29 15:55:00,3,38,20.7,78,2.0,999.9,0,0,2,713.7,0
2017-11-29 15:58:00,3,38,20.7,78,1.9,1000.0,0,0,2,713.7,0
2017-11-29 16:01:00,3,38,20.7,78,1.8,1000.0,0,0,2,713.7,0
2017-11-29 16:04:00,3,38,20.7,78,1.7,1000.0,0,0,2,713.7,0
2017-11-29 16:07:00,3,38,20.7,78,1.6,1000.0,0,0,2,713.7,0
2017-11-29 16:10:00,3,38,20.7,78,1.6,1000.0,0,0,2,713.7,0
2017-11-29 16:13:00,3,38,20.7,78,1.5,1000.0,0,0,2,713.7,0
2017-11-29 16:16:00,3,38,20.7,79,1.5,1000.1,0,0,2,713.7,0
2017-11-29 16:19:00,3,38,20.7,79,1.4,1000.1,0,0,2,713.7,0
2017-11-29 16:22:00,3,38,20.7,80,1.4,1000.1,0,0,2,713.7,0
2017-11-29 16:25:00,3,38,20.7,80,1.3,1000.1,0,0,2,713.7,0
2017-11-29 16:28:00,3,38,20.7,80,1.3,1000.1,0,0,2,713.7,0
2017-11-29 16:31:00,3,39,20.7,80,1.2,1000.0,0,0,2,713.7,0
2017-11-29 16:34:00,3,39,20.7,80,1.2,1000.1,0,0,2,713.7,0
2017-11-29 16:37:00,3,39,20.7,80,1.1,1000.2,0,0,2,713.7,0
2017-11-29 16:40:00,3,39,20.7,80,1.1,1000.2,0,0,2,713.7,0
2017-11-29 16:43:00,3,39,20.7,80,1.0,1000.1,0,0.3,2,713.7,0
2017-11-29 16:46:00,3,39,20.7,80,1.0,1000.1,0,0,2,713.7,0
2017-11-29 16:49:00,3,39,20.7,81,0.9,1000.2,0,0,2,713.7,0
2017-11-29 16:52:00,3,39,20.7,81,0.9,1000.1,0,0,2,713.7,0
2017-11-29 16:55:00,3,39,20.7,81,0.9,1000.0,0,0.3,2,713.7,0
2017-11-29 16:58:00,3,39,20.7,81,0.8,1000.2,0,0,2,713.7,0
2017-11-29 17:01:00,3,39,20.7,81,0.8,1000.2,0,0,2,713.7,0
2017-11-29 17:04:00,3,39,20.7,81,0.8,1000.1,0,0,2,713.7,0
2017-11-29 17:07:00,3,39,20.7,81,0.8,1000.1,0,0,0,713.7,0
2017-11-29 17:10:00,3,39,20.7,81,0.8,1000.0,0,0,0,713.7,0
2017-11-29 17:13:00,3,39,20.7,81,0.8,1000.1,0,0,0,713.7,0
2017-11-29 17:16:00,3,39,20.7,81,0.8,1000.1,0,0,0,713.7,0
2017-11-29 17:19:00,3,39,20.7,81,0.8,1000.1,0,0,0,713.7,0
2017-11-29 17:22:00,3,39,20.7,81,0.8,1000.0,0,0,0,713.7,0
2017-11-29 17:25:00,3,39,20.7,81,0.8,999.9,0,0,0,713.7,0
2017-11-29 17:28:00,3,39,20.7,81,0.8,1000.0,0,0,0,713.7,0
2017-11-29 17:31:00,3,39,20.7,81,0.8,999.9,0,0,0,713.7,0
2017-11-29 17:34:00,3,39,20.7,81,0.8,1000.0,0,0,0,713.7,0
2017-11-29 17:37:00,3,39,20.7,81,0.8,999.9,0,0,0,713.7,0
2017-11-29 17:40:00,3,39,20.7,81,0.8,1000.0,0,0,0,713.7,0
2017-11-29 17:43:00,3,39,20.7,81,0.8,1000.0,0,0,0,713.7,0
2017-11-29 17:46:00,3,39,20.7,81,0.8,1000.0,0,0,0,713.7,0
2017-11-29 17:49:00,3,39,20.7,81,0.8,999.9,0,0,0,713.7,0
2017-11-29 17:52:00,3,39,20.7,81,0.8,1000.0,0,0,0,713.7,0
2017-11-29 17:55:00,3,39,20.7,82,0.8,999.9,0,0,0,713.7,0
2017-11-29 17:58:00,3,39,20.7,82,0.8,1000.0,0,0,0,713.7,0
2017-11-29 18:01:00,3,38,20.7,82,0.8,1000.0,0,0,0,713.7,0
2017-11-29 18:04:00,3,38,20.7,82,0.8,1000.0,0,0,0,713.7,0
2017-11-29 18:07:00,3,38,20.7,82,0.8,1000.0,0,0,0,713.7,0
2017-11-29 18:10:00,3,38,20.7,82,0.8,1000.0,0,0,0,713.7,0
2017-11-29 18:13:00,3,38,20.7,82,0.8,999.9,0,0,0,713.7,0
2017-11-29 18:16:00,3,38,20.7,82,0.8,1000.0,0,0,0,713.7,0
2017-11-29 18:19:00,3,38,20.7,82,0.8,1000.0,0,0,0,713.7,0
2017-11-29 18:22:00,3,38,20.8,82,0.8,1000.0,0,0,0,713.7,0
2017-11-29 18:25:00,3,38,20.7,82,0.8,1000.1,0,0,0,713.7,0
2017-11-29 18:28:00,3,38,20.7,82,0.8,1000.0,0,0,0,713.7,0
2017-11-29 18:31:00,3,38,20.7,82,0.8,1000.0,0,0,0,713.7,0
2017-11-29 18:34:00,3,38,20.7,82,0.8,1000.1,0,0,0,713.7,0
2017-11-29 18:37:00,3,38,20.7,82,0.7,1000.1,0,0,0,713.7,0
2017-11-29 18:40:00,3,38,20.7,82,0.7,1000.0,0,0,0,713.7,0
2017-11-29 18:43:00,3,38,20.7,82,0.7,1000.1,0,0,0,713.7,0
2017-11-29 18:46:00,3,38,20.7,82,0.7,1000.2,0,0,0,713.7,0
2017-11-29 18:49:00,3,38,20.7,82,0.7,1000.1,0,0,0,713.7,0
2017-11-29 18:52:00,3,38,20.7,82,0.7,1000.2,0,0,0,713.7,0
2017-11-29 18:55:00,3,38,20.7,82,0.7,1000.3,0,0,0,713.7,0
2017-11-29 18:58:00,3,38,20.7,82,0.7,1000.2,0,0.3,6,713.7,0
2017-11-29 19:01:00,3,38,20.7,82,0.7,1000.2,0,0,6,713.7,0
2017-11-29 19:04:00,3,38,20.7,82,0.7,1000.2,0,0,6,713.7,0
2017-11-29 19:07:00,3,38,20.7,83,0.7,1000.1,0,0,6,713.7,0
2017-11-29 19:10:00,3,38,20.7,83,0.7,1000.2,0,0,6,713.7,0
2017-11-29 19:13:00,3,38,20.7,83,0.8,1000.2,0,0,2,713.7,0
2017-11-29 19:16:00,3,38,20.7,83,0.9,1000.2,0,0,2,713.7,0
2017-11-29 19:19:00,3,38,20.7,83,0.9,1000.2,0,0,2,713.7,0
2017-11-29 19:22:00,3,38,20.7,83,0.9,1000.2,0,0,2,713.7,0
2017-11-29 19:25:00,3,38,20.7,83,0.9,1000.2,0,0,2,713.7,0
2017-11-29 19:28:00,3,38,20.7,83,0.9,1000.3,0,0,8,713.7,0
2017-11-29 19:31:00,3,38,20.7,83,1.0,1000.3,0,0,8,713.7,0
2017-11-29 19:34:00,3,38,20.7,83,1.0,1000.3,0.3,0.3,4,713.7,0
2017-11-29 19:37:00,3,38,20.7,83,1.0,1000.3,0,0,8,713.7,0
2017-11-29 19:40:00,3,38,20.7,83,1.0,1000.2,0,0,4,713.7,0
2017-11-29 19:43:00,3,38,20.7,83,1.0,1000.3,0,0,4,713.7,0
2017-11-29 19:46:00,3,38,20.7,83,1.0,1000.4,0,0,4,713.7,0
2017-11-29 19:49:00,3,38,20.7,83,1.0,1000.3,0,0,4,713.7,0
2017-11-29 19:52:00,3,38,20.7,83,1.0,1000.4,0,0,4,713.7,0
2017-11-29 19:55:00,3,38,20.7,83,1.0,1000.3,0,0,4,713.7,0
2017-11-29 19:58:00,3,38,20.7,83,1.0,1000.3,0,0,12,713.7,0
2017-11-29 20:01:00,3,38,20.7,83,1.0,1000.3,0,0,12,713.7,0
2017-11-29 20:04:00,3,38,20.7,83,0.9,1000.2,0,0,12,713.7,0
2017-11-29 20:07:00,3,38,20.7,83,0.9,1000.2,0,0,2,713.7,0
2017-11-29 20:10:00,3,38,20.7,83,0.9,1000.2,0,0,2,713.7,0
2017-11-29 20:13:00,3,38,20.7,83,0.9,1000.2,0,0,2,713.7,0
2017-11-29 20:16:00,3,38,20.7,83,0.9,1000.2,0,0,8,713.7,0
2017-11-29 20:19:00,3,38,20.7,83,0.9,1000.1,0,0,2,713.7,0
2017-11-29 20:22:00,3,38,20.7,83,0.9,1000.2,0,0,10,713.7,0
2017-11-29 20:25:00,3,38,20.7,83,0.9,1000.1,0,0,2,713.7,0
2017-11-29 20:28:00,3,38,20.7,83,0.9,1000.0,0,0,2,713.7,0
2017-11-29 20:31:00,3,38,20.7,83,0.9,1000.0,0,0,2,713.7,0
2017-11-29 20:34:00,3,38,20.7,83,0.9,1000.0,0,0,2,713.7,0
2017-11-29 20:37:00,3,38,20.7,83,0.9,1000.0,0,0,2,713.7,0
2017-11-29 20:40:00,3,38,20.7,83,0.8,999.9,0,0,2,713.7,0
2017-11-29 20:43:00,3,38,20.7,83,0.8,1000.0,0,0,2,713.7,0
2017-11-29 20:46:00,3,38,20.7,83,0.8,1000.0,0,0,8,713.7,0
2017-11-29 20:49:00,3,38,20.7,83,0.8,1000.1,0,0,8,713.7,0
2017-11-29 20:52:00,3,38,20.7,83,0.8,1000.1,0,0,8,713.7,0
2017-11-29 20:55:00,3,38,20.7,83,0.8,999.9,0,0,8,713.7,0
2017-11-29 20:58:00,3,38,20.7,83,0.8,1000.1,0,0,2,713.7,0
2017-11-29 21:01:00,3,38,20.7,83,0.7,1000.1,0,0,2,713.7,0
2017-11-29 21:04:00,3,38,20.7,83,0.7,999.9,0,0,2,713.7,0
2017-11-29 21:07:00,3,37,20.7,83,0.7,1000.0,0,0,2,713.7,0
2017-11-29 21:10:00,3,37,20.7,84,0.7,1000.0,0,0,2,713.7,0
2017-11-29 21:13:00,3,37,20.7,84,0.7,1000.0,0,0,2,713.7,0
2017-11-29 21:16:00,3,37,20.7,84,0.7,1000.1,0,0,2,713.7,0
2017-11-29 21:19:00,3,37,20.7,84,0.7,1000.1,0,0,2,713.7,0
2017-11-29 21:22:00,3,37,20.7,84,0.7,1000.0,0,0,2,713.7,0
2017-11-29 21:25:00,3,37,20.7,84,0.7,1000.1,0,0,2,713.7,0
2017-11-29 21:28:00,3,37,20.6,84,0.7,1000.0,0,0,2,713.7,0
2017-11-29 21:31:00,3,37,20.6,84,0.7,1000.0,0,0,2,713.7,0
2017-11-29 21:34:00,3,37,20.6,84,0.7,1000.0,0,0,2,713.7,0
2017-11-29 21:37:00,3,37,20.6,84,0.7,1000.1,0,0,2,713.7,0
2017-11-29 21:40:00,3,37,20.6,84,0.8,1000.0,0,0,2,713.7,0
2017-11-29 21:43:00,3,37,20.6,84,0.8,999.9,0,0,2,713.7,0
2017-11-29 21:46:00,3,37,20.6,84,0.8,1000.0,0,0,2,713.7,0
2017-11-29 21:49:00,3,37,20.6,84,0.9,1000.0,0,0,2,713.7,0
2017-11-29 21:52:00,3,37,20.6,84,0.9,1000.0,0,0,2,713.7,0
2017-11-29 21:55:00,3,37,20.6,84,0.9,999.9,0,0,2,713.7,0
2017-11-29 21:58:00,3,37,20.5,84,0.9,999.9,0,0,2,713.7,0
2017-11-29 22:01:00,3,36,20.5,84,0.9,1000.0,0,0,8,713.7,0
2017-11-29 22:04:00,3,36,20.5,84,0.9,1000.1,0,0,8,713.7,0
2017-11-29 22:07:00,3,37,20.5,84,1.0,1000.0,0,0,8,713.7,0
2017-11-29 22:10:00,3,37,20.5,84,1.0,1000.0,0,0,8,713.7,0
2017-11-29 22:13:00,3,36,20.5,84,1.0,999.9,0,0,8,713.7,0
2017-11-29 22:16:00,3,36,20.4,84,1.0,999.9,0,0,8,713.7,0
2017-11-29 22:19:00,3,36,20.4,84,1.1,1000.0,0,0,8,713.7,0
2017-11-29 22:22:00,3,36,20.4,84,1.1,999.9,0,0,8,713.7,0
2017-11-29 22:25:00,3,36,20.4,84,1.1,1000.0,0,0,0,713.7,0
2017-11-29 22:28:00,3,36,20.4,84,1.1,999.9,0,0,0,713.7,0
2017-11-29 22:31:00,3,36,20.4,84,1.2,999.8,0,0,0,713.7,0
2017-11-29 22:34:00,3,36,20.4,84,1.2,999.9,0,0,0,713.7,0
2017-11-29 22:37:00,3,36,20.3,85,1.3,999.8,0,0,0,713.7,0
2017-11-29 22:40:00,3,36,20.3,85,1.3,999.9,0,0,10,713.7,0
2017-11-29 22:43:00,3,36,20.3,85,1.4,999.7,0,0,8,713.7,0
2017-11-29 22:46:00,3,36,20.3,85,1.4,999.7,0,0,8,713.7,0
2017-11-29 22:49:00,3,36,20.3,85,1.5,999.6,0,0,14,713.7,0
2017-11-29 22:52:00,3,36,20.2,85,1.5,999.5,0,0,10,713.7,0
2017-11-29 22:55:00,3,36,20.2,85,1.5,999.5,0,0,10,713.7,0
2017-11-29 22:58:00,3,36,20.2,85,1.6,999.6,0,0,10,713.7,0
2017-11-29 23:01:00,3,36,20.2,85,1.6,999.5,0,0,10,713.7,0
2017-11-29 23:04:00,3,36,20.1,85,1.6,999.5,0,0,10,713.7,0
2017-11-29 23:07:00,3,36,20.1,85,1.6,999.5,0,0,10,713.7,0
2017-11-29 23:10:00,3,36,20.1,85,1.6,999.5,0,0,10,713.7,0
2017-11-29 23:13:00,3,36,20.1,85,1.6,999.4,0,0,4,713.7,0
2017-11-29 23:16:00,3,36,20.1,85,1.6,999.5,0,0,4,713.7,0
2017-11-29 23:19:00,3,36,20.1,85,1.6,999.5,0,0,4,713.7,0
2017-11-29 23:22:00,3,36,20.0,85,1.6,999.4,0,0,4,713.7,0
2017-11-29 23:25:00,3,36,20.0,85,1.6,999.4,0,0,4,714.0,0
2017-11-29 23:28:00,3,36,20.0,85,1.6,999.3,0,0,4,714.0,0
2017-11-29 23:31:00,3,36,20.0,85,1.7,999.4,0,0,4,714.0,0
2017-11-29 23:34:00,3,36,20.0,85,1.6,999.3,0,0,4,714.0,0
2017-11-29 23:37:00,3,37,19.8,85,1.6,999.3,0,0,4,714.0,0
2017-11-29 23:40:00,3,37,19.8,85,1.6,999.2,0,0,4,714.0,0
2017-11-29 23:43:00,3,37,19.8,85,1.6,999.1,0,0,4,714.0,0
2017-11-29 23:46:00,3,37,19.8,85,1.6,999.2,0,0,4,714.0,0
2017-11-29 23:49:00,3,37,19.8,85,1.6,999.1,0,0,4,714.0,0
2017-11-29 23:52:00,3,37,19.7,85,1.5,999.0,0,0,4,714.0,0
2017-11-29 23:55:00,3,37,19.7,85,1.5,999.1,0,0,4,714.0,0
2017-11-29 23:58:00,3,37,19.7,85,1.4,999.1,0,0,4,714.0,0
