2017-11-02 00:00:59,3,48,21.0,88,10.6,1007.6,1.7,2.0,10,658.8,0
2017-11-02 00:03:59,3,48,21.0,88,10.6,1007.5,1.0,1.4,10,658.8,0
2017-11-02 00:06:59,3,48,21.0,88,10.5,1007.5,1.7,2.4,14,658.8,0
2017-11-02 00:09:59,3,48,21.0,88,10.5,1007.6,0.7,1.0,10,659.1,0
2017-11-02 00:12:59,3,48,21.0,88,10.5,1007.4,1.4,1.7,10,659.1,0
2017-11-02 00:15:59,3,48,21.0,88,10.5,1007.5,1.7,2.4,11,659.1,0
2017-11-02 00:18:59,3,49,20.9,88,10.5,1007.4,1.7,2.0,8,659.1,0
2017-11-02 00:21:59,3,49,20.9,88,10.4,1007.5,1.7,2.4,8,659.4,0
2017-11-02 00:24:59,3,49,20.9,87,10.4,1007.4,1.7,2.0,12,659.4,0
2017-11-02 00:27:59,3,49,20.9,87,10.4,1007.4,0.7,1.0,11,659.4,0
2017-11-02 00:30:59,3,49,20.9,87,10.4,1007.4,0.3,0.7,10,659.4,0
2017-11-02 00:33:59,3,49,20.9,87,10.4,1007.3,1.4,2.0,10,659.4,0
2017-11-02 00:36:59,3,49,20.9,87,10.4,1007.3,1.7,2.0,10,659.4,0
2017-11-02 00:39:59,3,49,20.9,87,10.3,1007.3,0.7,1.0,10,659.4,0
2017-11-02 00:42:59,3,49,20.9,87,10.3,1007.2,1.7,2.4,10,659.7,0
2017-11-02 00:45:59,3,49,20.9,87,10.3,1007.2,0.7,1.4,10,659.7,0
2017-11-02 00:48:59,3,49,20.9,87,10.3,1007.1,3.1,3.4,10,660.0,0
2017-11-02 00:51:59,3,49,20.8,87,10.2,1007.3,1.0,1.7,10,660.0,0
2017-11-02 00:54:59,3,49,20.8,87,10.2,1007.2,1.7,2.4,12,660.0,0
2017-11-02 00:57:59,3,49,20.8,86,10.2,1007.1,1.0,1.7,14,660.0,0
2017-11-02 01:00:59,3,49,20.7,86,10.2,1007.1,1.7,2.4,10,660.0,0
2017-11-02 01:03:59,3,49,20.7,86,10.2,1007.1,1.7,2.4,10,660.0,0
2017-11-02 01:06:59,3,49,20.7,84,9.9,1007.0,1.0,1.7,12,660.3,0
2017-11-02 01:09:59,3,49,20.7,83,9.9,1007.0,0.7,1.0,10,660.3,0
2017-11-02 01:12:59,3,49,20.7,83,9.8,1007.1,0.3,1.0,12,660.3,0
2017-11-02 01:15:59,3,49,20.7,83,9.8,1007.2,0.7,1.0,12,660.6,0
2017-11-02 01:18:59,3,49,20.7,84,9.7,1007.2,1.7,2.4,12,660.6,0
2017-11-02 01:21:59,3,49,20.7,84,9.7,1007.2,1.0,1.4,10,660.6,0
2017-11-02 01:24:59,3,49,20.6,84,9.6,1007.4,0.7,1.4,12,660.6,0
2017-11-02 01:27:59,3,49,20.6,84,9.6,1007.2,0.7,1.0,12,660.9,0
2017-11-02 01:30:59,3,49,20.6,84,9.5,1007.2,1.4,1.7,0,660.9,0
2017-11-02 01:33:59,3,49,20.6,84,9.4,1007.1,1.4,1.7,10,660.9,0
2017-11-02 01:36:59,3,49,20.6,84,9.4,1007.1,1.4,1.7,6,661.2,0
2017-11-02 01:39:59,3,49,20.6,84,9.3,1007.0,1.4,2.0,12,661.2,0
2017-11-02 01:42:59,3,49,20.6,84,9.3,1007.1,1.0,1.7,12,661.2,0
2017-11-02 01:45:59,3,49,20.6,84,9.2,1007.0,1.4,1.7,10,661.2,0
2017-11-02 01:48:59,3,49,20.6,84,9.2,1006.9,1.0,1.4,12,661.5,0
2017-11-02 01:51:59,3,49,20.6,84,9.1,1006.9,1.4,1.7,10,661.5,0
2017-11-02 01:54:59,3,49,20.6,84,9.1,1006.8,1.0,1.4,10,661.8,0
2017-11-02 01:57:59,3,49,20.5,84,9.1,1006.9,0.7,1.0,8,661.8,0
2017-11-02 02:00:59,3,49,20.5,84,9.0,1006.7,1.0,1.7,12,661.8,0
2017-11-02 02:03:59,3,49,20.5,85,9.0,1006.7,2.0,2.7,12,661.8,0
2017-11-02 02:06:59,3,49,20.5,85,9.1,1006.7,1.0,1.7,10,662.1,0
2017-11-02 02:09:59,3,49,20.5,85,9.1,1006.7,1.7,2.4,10,662.1,0
2017-11-02 02:12:59,3,49,20.5,85,9.0,1006.8,0.7,1.4,14,662.4,0
2017-11-02 02:15:59,3,49,20.5,86,9.1,1006.7,1.0,1.4,2,662.4,0
2017-11-02 02:18:59,3,49,20.5,86,9.1,1006.6,1.4,1.7,10,662.4,0
2017-11-02 02:21:59,3,49,20.5,86,9.1,1006.7,0.7,1.0,10,662.4,0
2017-11-02 02:24:59,3,49,20.5,86,9.1,1006.6,1.4,1.7,10,662.4,0
2017-11-02 02:27:59,3,49,20.5,86,9.1,1006.6,1.4,2.0,10,662.7,0
2017-11-02 02:30:59,3,49,20.5,86,9.1,1006.5,0.7,1.0,12,662.7,0
2017-11-02 02:33:59,3,49,20.4,86,9.1,1006.5,1.0,1.7,10,663.0,0
2017-11-02 02:36:59,3,49,20.4,86,9.1,1006.4,1.4,2.4,10,663.0,0
2017-11-02 02:39:59,3,49,20.4,86,9.0,1006.2,1.0,1.4,12,663.3,0
2017-11-02 02:42:59,3,49,20.4,86,8.9,1006.3,2.0,2.4,12,663.3,0
2017-11-02 02:45:59,3,49,20.4,86,8.8,1006.3,2.0,2.7,8,663.6,0
2017-11-02 02:48:59,3,49,20.4,85,8.7,1006.2,2.0,2.4,10,663.6,0
2017-11-02 02:51:59,3,49,20.4,85,8.6,1005.9,1.4,2.0,11,663.9,0
2017-11-02 02:54:59,3,49,20.4,85,8.5,1005.8,1.7,2.7,10,664.2,0
2017-11-02 02:57:59,3,49,20.4,85,8.4,1005.8,3.1,3.7,10,664.2,0
2017-11-02 03:00:59,3,49,20.3,84,8.3,1005.8,1.4,2.0,10,664.5,0
2017-11-02 03:03:59,3,49,20.3,84,8.3,1005.7,1.4,2.0,10,664.5,0
2017-11-02 03:06:59,3,49,20.3,84,8.3,1005.7,1.4,2.0,10,664.5,0
2017-11-02 03:09:59,3,49,20.3,85,8.2,1005.7,1.0,1.4,10,664.8,0
2017-11-02 03:12:59,3,49,20.3,85,8.2,1005.7,1.4,1.7,10,665.1,0
2017-11-02 03:15:59,3,49,20.3,85,8.3,1005.5,1.4,2.0,9,665.1,0
2017-11-02 03:18:59,3,49,20.3,86,8.3,1005.6,1.0,2.0,8,665.4,0
2017-11-02 03:21:59,3,49,20.3,86,8.3,1005.5,0.7,1.0,12,665.4,0
2017-11-02 03:24:59,3,49,20.3,86,8.2,1005.3,1.4,2.0,10,665.4,0
2017-11-02 03:27:59,3,49,20.3,86,8.2,1005.3,1.4,2.0,10,665.4,0
2017-11-02 03:30:59,3,49,20.3,86,8.1,1005.2,1.7,2.4,10,665.4,0
2017-11-02 03:33:59,3,49,20.3,86,8.1,1005.2,0.7,1.0,10,665.7,0
2017-11-02 03:36:59,3,49,20.3,86,8.1,1005.1,1.4,1.7,10,665.7,0
2017-11-02 03:39:59,3,49,20.2,86,8.1,1005.1,0.7,1.0,10,665.7,0
2017-11-02 03:42:59,3,49,20.2,86,8.1,1005.1,1.0,1.7,10,665.7,0
2017-11-02 03:45:59,3,49,20.2,86,8.1,1005.2,0.7,1.4,10,665.7,0
2017-11-02 03:48:59,3,49,20.2,86,8.1,1005.2,0.3,0.7,12,665.7,0
2017-11-02 03:51:59,3,49,20.2,86,8.1,1005.2,0.3,0.7,12,665.7,0
2017-11-02 03:54:59,3,49,20.2,86,8.1,1004.9,0.3,0.7,10,665.7,0
2017-11-02 03:57:59,3,49,20.2,86,8.1,1004.8,0.3,0.7,8,666.0,0
2017-11-02 04:00:59,3,49,20.2,87,8.1,1004.9,0,0.3,10,666.0,0
2017-11-02 04:03:59,3,49,20.1,87,8.1,1004.8,0.3,0.7,10,666.0,0
2017-11-02 04:06:59,3,49,20.1,87,8.1,1004.7,0,0,10,666.0,0
2017-11-02 04:09:59,3,49,20.1,87,8.1,1004.6,0.3,0.7,10,666.3,0
2017-11-02 04:12:59,3,49,20.1,87,8.2,1004.8,1.4,1.7,10,666.3,0
2017-11-02 04:15:59,3,49,20.1,87,8.2,1004.8,0.7,1.0,12,666.3,0
2017-11-02 04:18:59,3,49,20.1,87,8.2,1004.8,0.3,0.7,10,666.3,0
2017-11-02 04:21:59,3,49,20.1,88,8.2,1004.7,0.3,0.7,10,666.3,0
2017-11-02 04:24:59,3,49,20.1,88,8.2,1004.7,0.3,0.7,12,666.6,0
2017-11-02 04:27:59,3,49,20.1,88,8.2,1004.7,0,0.3,8,666.6,0
2017-11-02 04:30:59,3,49,20.0,88,8.3,1004.6,0.3,0.7,10,666.6,0
2017-11-02 04:33:59,3,49,20.0,88,8.3,1004.6,0.3,0.7,10,666.6,0
2017-11-02 04:36:59,3,49,20.0,88,8.3,1004.7,0.3,0.7,12,666.6,0
2017-11-02 04:39:59,3,49,20.0,88,8.3,1004.6,0,0.3,10,666.9,0
2017-11-02 04:42:59,3,49,20.0,88,8.4,1004.6,0.7,1.0,10,666.9,0
2017-11-02 04:45:59,3,49,20.0,88,8.4,1004.5,0.7,1.0,10,666.9,0
2017-11-02 04:48:59,3,49,20.0,89,8.4,1004.7,0.7,1.0,12,667.2,0
2017-11-02 04:51:59,3,49,20.0,89,8.4,1004.8,0.3,0.7,0,667.2,0
2017-11-02 04:54:59,3,49,20.0,89,8.4,1004.5,0.7,1.0,10,667.5,0
2017-11-02 04:57:59,3,49,20.0,89,8.4,1004.5,0,0,10,667.5,0
2017-11-02 05:00:59,3,49,20.0,89,8.4,1004.6,0.3,0.7,8,667.5,0
2017-11-02 05:03:59,3,49,20.0,89,8.4,1004.5,0.3,0.7,8,667.5,0
2017-11-02 05:06:59,3,49,20.0,89,8.4,1004.5,0.7,1.0,10,668.1,0
2017-11-02 05:09:59,3,49,20.1,89,8.3,1004.4,0.3,0.7,14,668.1,0
2017-11-02 05:12:59,3,49,20.1,89,8.3,1004.4,0,0,12,668.4,0
2017-11-02 05:15:59,3,50,20.1,89,8.3,1004.5,0.3,0.7,8,668.4,0
2017-11-02 05:18:59,3,50,20.1,89,8.3,1004.3,0.3,0.7,8,668.7,0
2017-11-02 05:21:59,3,50,20.1,89,8.3,1004.2,0,0,0,668.7,0
2017-11-02 05:24:59,3,50,20.2,89,8.3,1004.2,0.3,0.7,8,668.7,0
2017-11-02 05:27:59,3,50,20.2,89,8.3,1004.3,0.3,0.7,10,668.7,0
2017-11-02 05:30:59,3,50,20.3,89,8.3,1004.3,0,0,14,668.7,0
2017-11-02 05:33:59,3,50,20.3,89,8.3,1004.4,0,0,14,668.7,0
2017-11-02 05:36:59,3,50,20.3,89,8.3,1004.3,0,0,14,668.7,0
2017-11-02 05:39:59,3,50,20.4,89,8.3,1004.3,0,0,14,668.7,0
2017-11-02 05:42:59,3,50,20.4,89,8.3,1004.4,0,0,8,668.7,0
2017-11-02 05:45:59,3,50,20.4,89,8.3,1004.3,0,0,2,668.7,0
2017-11-02 05:48:59,3,50,20.5,89,8.3,1004.3,0,0,10,668.7,0
2017-11-02 05:51:59,3,50,20.5,89,8.3,1004.3,0,0,10,669.0,0
2017-11-02 05:54:59,3,50,20.5,89,8.3,1004.3,0,0,10,669.0,0
2017-11-02 05:57:59,3,50,20.5,89,8.3,1004.1,0,0,0,669.0,0
2017-11-02 06:00:59,3,50,20.5,89,8.3,1004.2,0,0,0,669.0,0
2017-11-02 06:03:59,3,50,20.5,89,8.3,1004.2,0,0,0,669.0,0
2017-11-02 06:06:59,3,50,20.6,89,8.3,1004.0,0,0,4,669.3,0
2017-11-02 06:09:59,3,50,20.6,89,8.3,1004.1,0,0,4,669.3,0
2017-11-02 06:12:59,3,50,20.6,89,8.3,1004.1,0,0,10,669.3,0
2017-11-02 06:15:59,3,50,20.6,89,8.3,1004.0,0,0,2,669.3,0
2017-11-02 06:18:59,3,50,20.6,89,8.3,1004.0,0,0,2,669.3,0
2017-11-02 06:21:59,3,50,20.6,89,8.3,1004.0,0,0,8,669.3,0
2017-11-02 06:24:59,3,50,20.7,89,8.3,1004.0,0,0,8,669.3,0
2017-11-02 06:27:59,3,50,20.7,89,8.3,1004.0,0,0,8,669.3,0
2017-11-02 06:30:59,3,50,20.7,89,8.3,1004.1,0,0,2,669.3,0
2017-11-02 06:33:59,3,50,20.7,89,8.3,1003.9,0,0,2,669.3,0
2017-11-02 06:36:59,3,50,20.7,89,8.3,1003.9,0,0,6,669.3,0
2017-11-02 06:39:59,3,50,20.7,89,8.3,1003.7,0.3,0.7,4,669.3,0
2017-11-02 06:42:59,3,50,20.7,89,8.3,1003.7,0,0.3,4,669.3,0
2017-11-02 06:45:59,3,50,20.7,89,8.3,1003.6,0.3,0.7,8,669.3,0
2017-11-02 06:48:59,3,50,20.7,89,8.3,1003.5,0.3,0.7,8,669.3,0
2017-11-02 06:51:59,3,50,20.7,90,8.3,1003.4,0,0.3,8,669.3,0
2017-11-02 06:54:59,3,50,20.7,90,8.3,1003.4,0.3,0.7,4,669.3,0
2017-11-02 06:57:59,3,50,20.7,90,8.3,1003.3,0.7,1.0,14,669.3,0
2017-11-02 07:00:59,3,50,20.7,90,8.3,1003.3,0.3,0.7,6,669.3,0
2017-11-02 07:03:59,3,50,20.7,90,8.3,1003.2,0.3,0.7,6,669.3,0
2017-11-02 07:06:59,3,50,20.8,90,8.2,1003.3,0.3,0.7,8,669.3,0
2017-11-02 07:09:59,3,50,20.8,90,8.2,1003.2,0.3,0.7,4,669.3,0
2017-11-02 07:12:59,3,50,20.9,90,8.2,1003.2,0.7,1.4,6,669.3,0
2017-11-02 07:15:59,3,50,20.9,90,8.2,1003.1,0.3,0.7,7,669.6,0
2017-11-02 07:18:59,3,50,20.9,90,8.3,1003.2,1.0,1.7,8,669.6,0
2017-11-02 07:21:59,3,51,20.9,90,8.3,1003.2,0,0.7,0,669.6,0
2017-11-02 07:24:59,3,51,20.9,90,8.3,1003.3,0.3,0.7,8,669.6,0
2017-11-02 07:27:59,3,50,21.1,90,8.3,1003.3,0.3,0.7,12,669.6,0
2017-11-02 07:30:59,3,49,21.3,90,8.3,1003.3,0,0,8,669.6,0
2017-11-02 07:33:59,3,49,21.5,90,8.3,1003.3,0,0.3,8,669.6,0
2017-11-02 07:36:59,3,49,21.7,90,8.3,1003.3,0,0,4,669.6,0
2017-11-02 07:39:59,3,48,21.8,90,8.4,1003.4,0,0.3,8,669.6,0
2017-11-02 07:42:59,3,48,21.9,90,8.4,1003.4,0.3,0.7,8,669.6,0
2017-11-02 07:45:59,3,46,22.0,90,8.4,1003.3,0.3,1.0,8,669.6,0
2017-11-02 07:48:59,3,46,22.2,90,8.4,1003.3,0,0.3,14,669.6,0
2017-11-02 07:51:59,3,45,22.2,90,8.5,1003.2,0.3,0.7,8,669.6,0
2017-11-02 07:54:59,3,45,22.3,90,8.5,1003.3,0.7,1.0,10,669.6,0
2017-11-02 07:57:59,3,44,22.3,90,8.5,1003.1,0.3,0.7,8,669.9,0
2017-11-02 08:00:59,3,44,22.5,90,8.5,1003.2,0.3,0.7,8,669.9,0
2017-11-02 08:03:59,3,44,22.6,90,8.5,1003.1,0.3,0.7,6,669.9,0
2017-11-02 08:06:59,3,44,22.6,90,8.6,1003.0,0.3,0.3,6,669.9,0
2017-11-02 08:09:59,3,43,22.6,90,8.6,1003.1,1.0,1.4,8,669.9,0
2017-11-02 08:12:59,3,43,22.7,90,8.7,1003.0,0.7,1.4,10,669.9,0
2017-11-02 08:15:59,3,43,22.7,90,8.7,1003.2,0.7,1.4,0,669.9,0
2017-11-02 08:18:59,3,43,22.8,90,8.7,1003.4,0,0.3,14,669.9,0
2017-11-02 08:21:59,3,43,22.9,90,8.8,1003.2,0.7,1.0,8,669.9,0
2017-11-02 08:24:59,3,42,22.9,90,8.8,1003.2,0,0,14,669.9,0
2017-11-02 08:27:59,3,42,22.9,90,8.9,1003.3,0,0,10,669.9,0
2017-11-02 08:30:59,3,42,23.0,90,8.9,1003.3,0,0,12,669.9,0
2017-11-02 08:33:59,3,42,23.0,90,9.0,1003.3,0.3,0.7,12,669.9,0
2017-11-02 08:36:59,3,42,23.0,90,9.0,1003.3,0.7,1.0,10,669.9,0
2017-11-02 08:39:59,3,42,22.9,90,9.0,1003.4,0.3,0.7,10,669.9,0
2017-11-02 08:42:59,3,42,22.7,90,9.1,1003.3,0,0.3,10,669.9,0
2017-11-02 08:45:59,3,43,22.7,90,9.1,1003.3,0.7,1.0,8,669.9,0
2017-11-02 08:48:59,3,43,22.6,90,9.1,1003.2,0.7,1.0,8,669.9,0
2017-11-02 08:51:59,3,43,22.6,90,9.2,1003.0,0.7,1.0,8,669.9,0
2017-11-02 08:54:59,3,43,22.6,90,9.2,1003.0,0.3,0.7,12,669.9,0
2017-11-02 08:57:59,3,43,22.5,90,9.3,1003.0,0.3,1.0,10,669.9,0
2017-11-02 09:00:59,3,44,22.6,90,9.3,1003.0,0,0.3,12,669.9,0
2017-11-02 09:03:59,3,44,22.6,90,9.3,1003.0,0,0.3,12,669.9,0
2017-11-02 09:06:59,3,44,22.7,90,9.3,1003.0,0,0.3,12,669.9,0
2017-11-02 09:09:59,3,43,22.7,90,9.5,1003.0,0.7,1.0,12,669.9,0
2017-11-02 09:12:59,3,43,22.7,90,9.5,1003.0,0.7,1.0,10,669.9,0
2017-11-02 09:15:59,3,43,22.8,91,9.5,1003.1,0.7,1.0,10,669.9,0
2017-11-02 09:18:59,3,43,22.9,91,9.6,1003.1,0.7,1.0,12,669.9,0
2017-11-02 09:21:59,3,43,22.9,91,9.6,1003.0,0.3,0.7,8,669.9,0
2017-11-02 09:24:59,3,43,23.0,91,9.6,1003.0,0.7,1.4,10,669.9,0
2017-11-02 09:27:59,3,42,23.0,91,9.7,1002.7,0.7,0.7,10,669.9,0
2017-11-02 09:30:59,3,42,23.0,91,9.7,1002.9,1.0,1.4,12,669.9,0
2017-11-02 09:33:59,3,42,23.0,90,9.8,1003.0,0.3,1.0,10,669.9,0
2017-11-02 09:36:59,3,42,23.1,90,9.8,1003.0,1.0,1.4,10,669.9,0
2017-11-02 09:39:59,3,42,23.1,90,9.8,1003.0,1.4,1.7,10,669.9,0
2017-11-02 09:42:59,3,42,23.1,90,9.9,1002.8,0.7,1.4,12,669.9,0
2017-11-02 09:45:59,3,42,23.1,90,9.9,1003.0,2.4,3.1,14,669.9,0
2017-11-02 09:48:59,3,42,23.1,90,9.9,1003.0,1.4,2.0,10,669.9,0
2017-11-02 09:51:59,3,42,23.2,90,10.0,1002.9,1.0,1.4,12,669.9,0
2017-11-02 09:54:59,3,42,23.2,90,10.0,1002.9,1.0,1.4,12,669.9,0
2017-11-02 09:57:59,3,42,23.3,90,10.0,1002.8,1.4,1.7,8,669.9,0
2017-11-02 10:00:59,3,42,23.3,89,10.1,1002.8,2.4,3.1,10,669.9,0
2017-11-02 10:03:59,3,42,23.3,88,10.2,1002.9,1.0,1.0,11,669.9,0
2017-11-02 10:06:59,3,42,23.3,88,10.3,1002.8,1.4,1.7,12,669.9,0
2017-11-02 10:09:59,3,42,23.4,87,10.4,1002.8,1.0,1.7,12,669.9,0
2017-11-02 10:12:59,3,42,23.4,86,10.4,1002.8,3.1,3.7,10,669.9,0
2017-11-02 10:15:59,3,42,23.4,85,10.5,1002.8,2.0,3.1,12,669.9,0
2017-11-02 10:18:59,3,42,23.4,85,10.6,1002.8,1.0,1.7,10,669.9,0
2017-11-02 10:21:59,3,41,23.4,84,10.7,1002.7,1.4,2.4,10,669.9,0
2017-11-02 10:24:59,3,41,23.4,83,10.7,1002.7,1.4,1.7,11,669.9,0
2017-11-02 10:27:59,3,41,23.4,82,10.7,1002.7,2.0,2.7,10,669.9,0
2017-11-02 10:30:59,3,41,23.4,82,10.7,1002.8,1.4,2.0,10,669.9,0
2017-11-02 10:33:59,3,41,23.4,81,10.7,1002.8,1.4,2.4,12,669.9,0
2017-11-02 10:36:59,3,41,23.4,81,10.8,1002.7,2.0,2.7,10,669.9,0
2017-11-02 10:39:59,3,41,23.4,81,10.9,1002.9,2.0,3.1,10,669.9,0
2017-11-02 10:42:59,3,41,23.4,81,11.0,1002.9,1.4,2.0,10,669.9,0
2017-11-02 10:45:59,3,41,23.4,81,11.0,1002.8,0.7,1.0,8,669.9,0
2017-11-02 10:48:59,3,41,23.4,81,11.0,1002.8,2.4,3.1,12,669.9,0
2017-11-02 10:51:59,3,41,23.4,81,11.1,1002.8,1.0,1.7,12,669.9,0
2017-11-02 10:54:59,3,41,23.4,80,11.1,1002.8,1.7,2.7,8,669.9,0
2017-11-02 10:57:59,3,41,23.4,80,11.2,1002.9,1.4,2.0,12,669.9,0
2017-11-02 11:00:59,3,42,23.4,80,11.3,1002.9,1.0,1.4,12,669.9,0
2017-11-02 11:03:59,3,42,23.4,80,11.3,1002.9,1.0,1.4,12,669.9,0
2017-11-02 11:06:59,3,42,23.4,80,11.3,1002.9,1.0,1.4,12,669.9,0
2017-11-02 11:09:59,3,42,23.5,80,11.2,1002.9,3.1,4.4,12,669.9,0
2017-11-02 11:12:59,3,42,23.5,79,11.1,1002.9,1.0,1.7,10,669.9,0
2017-11-02 11:15:59,3,42,23.6,79,11.1,1003.0,0.3,1.0,12,669.9,0
2017-11-02 11:18:59,3,42,23.6,80,11.0,1003.0,0.7,1.0,14,669.9,0
2017-11-02 11:21:59,3,42,23.6,80,11.0,1002.8,0.7,1.4,10,669.9,0
2017-11-02 11:24:59,3,42,23.4,80,11.0,1002.9,0.3,1.0,10,669.9,0
2017-11-02 11:27:59,3,42,23.4,81,10.9,1002.9,1.4,2.0,10,669.9,0
2017-11-02 11:30:59,3,42,23.3,81,10.9,1002.9,1.7,2.4,14,669.9,0
2017-11-02 11:33:59,3,42,23.1,81,10.9,1002.9,0.7,1.4,12,669.9,0
2017-11-02 11:36:59,3,42,23.1,81,11.0,1003.0,1.0,1.7,10,669.9,0
2017-11-02 11:39:59,3,42,23.0,81,11.0,1002.9,0.7,1.0,12,669.9,0
2017-11-02 11:42:59,3,42,23.0,81,10.9,1003.0,1.0,1.7,8,669.9,0
2017-11-02 11:45:59,3,42,22.9,81,10.9,1003.1,1.0,1.7,10,669.9,0
2017-11-02 11:48:59,3,42,22.9,81,10.9,1002.9,1.7,2.4,10,669.9,0
2017-11-02 11:51:59,3,42,22.7,81,10.9,1002.9,0.7,1.0,14,669.9,0
2017-11-02 11:54:59,3,42,22.7,81,11.0,1002.9,1.0,1.7,12,669.9,0
2017-11-02 11:57:59,3,42,22.7,81,11.0,1002.9,1.7,2.0,12,669.9,0
2017-11-02 12:00:59,3,42,22.6,81,11.0,1003.0,0.7,1.4,12,669.9,0
2017-11-02 12:03:59,3,43,22.6,81,11.0,1002.9,1.4,1.7,12,669.9,0
2017-11-02 12:06:59,3,43,22.6,81,11.0,1003.0,1.4,2.0,12,669.9,0
2017-11-02 12:09:59,3,43,22.5,80,11.0,1002.8,0.7,1.0,12,669.9,0
2017-11-02 12:12:59,3,43,22.5,81,11.0,1002.9,1.0,1.7,10,669.9,0
2017-11-02 12:15:59,3,43,22.4,81,11.1,1002.9,0.7,1.0,14,669.9,0
2017-11-02 12:18:59,3,43,22.3,81,11.1,1002.8,0,0.3,14,669.9,0
2017-11-02 12:21:59,3,43,22.3,81,11.2,1003.0,1.4,2.0,13,669.9,0
2017-11-02 12:24:59,3,43,22.3,81,11.2,1003.0,1.7,2.0,12,669.9,0
2017-11-02 12:27:59,3,43,22.2,80,11.3,1003.0,0.3,0.7,14,669.9,0
2017-11-02 12:30:59,3,43,22.2,80,11.2,1002.9,0.3,0.7,14,669.9,0
2017-11-02 12:33:59,3,43,22.2,80,11.2,1003.1,1.0,1.7,14,669.9,0
2017-11-02 12:36:59,3,44,22.2,80,11.2,1003.2,1.0,2.0,14,669.9,0
2017-11-02 12:39:59,3,44,22.2,80,11.2,1003.1,2.4,3.4,14,669.9,0
2017-11-02 12:42:59,3,44,22.2,80,11.2,1003.1,1.7,2.0,14,669.9,0
2017-11-02 12:45:59,3,44,22.2,80,11.2,1003.0,0.3,0.7,12,669.9,0
2017-11-02 12:48:59,3,44,22.1,80,11.2,1003.3,1.4,1.7,14,669.9,0
2017-11-02 12:51:59,3,45,22.1,80,11.2,1003.3,1.4,2.4,12,669.9,0
2017-11-02 12:54:59,3,46,22.1,80,11.2,1003.3,0.3,1.0,10,669.9,0
2017-11-02 12:57:59,3,46,22.1,80,11.2,1003.3,0.7,1.4,10,669.9,0
2017-11-02 13:00:59,3,47,22.1,80,11.2,1003.3,1.4,2.4,11,669.9,0
2017-11-02 13:03:59,3,47,22.1,80,11.2,1003.2,1.4,2.4,11,669.9,0
2017-11-02 13:06:59,3,47,22.2,80,11.1,1003.3,1.0,1.7,12,669.9,0
2017-11-02 13:09:59,3,47,22.3,80,11.1,1003.3,0.3,1.0,14,669.9,0
2017-11-02 13:12:59,3,46,22.6,80,11.0,1003.4,1.4,2.0,12,669.9,0
2017-11-02 13:15:59,3,45,22.7,80,11.0,1003.4,0.3,0.7,12,669.9,0
2017-11-02 13:18:59,3,45,22.7,80,11.0,1003.5,1.7,2.7,14,669.9,0
2017-11-02 13:21:59,3,45,22.9,80,11.0,1003.5,0.7,1.0,12,669.9,0
2017-11-02 13:24:59,3,43,23.0,80,11.0,1003.4,0.3,0.7,12,669.9,0
2017-11-02 13:27:59,3,43,23.0,80,11.0,1003.5,1.0,1.4,14,669.9,0
2017-11-02 13:30:59,3,43,23.0,80,11.0,1003.4,0.7,1.0,14,669.9,0
2017-11-02 13:33:59,3,43,23.1,80,11.0,1003.5,1.0,2.0,14,669.9,0
2017-11-02 13:36:59,3,43,23.2,80,11.0,1003.6,0.7,1.0,14,669.9,0
2017-11-02 13:39:59,3,43,23.3,80,11.0,1003.5,0.3,1.0,12,669.9,0
2017-11-02 13:42:59,3,43,23.3,80,11.0,1003.6,0.7,1.0,13,669.9,0
2017-11-02 13:45:59,3,42,23.4,80,11.0,1003.6,0.3,0.7,12,669.9,0
2017-11-02 13:48:59,3,42,23.4,80,11.1,1003.7,1.4,2.0,9,669.9,0
2017-11-02 13:51:59,3,42,23.5,80,11.2,1003.8,1.0,1.4,10,669.9,0
2017-11-02 13:54:59,3,42,23.6,80,11.2,1003.7,0.7,1.0,12,669.9,0
2017-11-02 13:57:59,3,42,23.6,80,11.3,1003.9,1.0,1.0,12,669.9,0
2017-11-02 14:00:59,3,42,23.6,80,11.3,1003.9,0.7,1.4,10,669.9,0
2017-11-02 14:03:59,3,42,23.7,80,11.4,1003.9,0.7,1.0,10,669.9,0
2017-11-02 14:06:59,3,42,23.7,80,11.4,1003.8,1.4,2.4,12,669.9,0
2017-11-02 14:09:59,3,42,23.7,80,11.4,1003.8,2.4,3.4,8,669.9,0
2017-11-02 14:12:59,3,42,23.8,79,11.4,1003.9,0.7,1.4,10,669.9,0
2017-11-02 14:15:59,3,42,23.8,79,11.4,1003.9,1.4,1.7,11,669.9,0
2017-11-02 14:18:59,3,42,23.8,79,11.3,1003.8,0.3,0.7,10,669.9,0
2017-11-02 14:21:59,3,42,23.9,79,11.3,1003.9,0.7,1.0,10,669.9,0
2017-11-02 14:24:59,3,41,24.0,79,11.3,1003.8,1.4,1.7,10,669.9,0
2017-11-02 14:27:59,3,41,24.0,79,11.3,1003.9,1.0,1.4,10,669.9,0
2017-11-02 14:30:59,3,41,24.0,80,11.3,1003.9,1.4,2.0,10,669.9,0
2017-11-02 14:33:59,3,41,24.1,80,11.3,1003.9,1.0,1.4,12,669.9,0
2017-11-02 14:36:59,3,41,24.1,80,11.3,1003.9,1.4,2.4,10,669.9,0
2017-11-02 14:39:59,3,40,24.0,79,11.2,1004.0,1.4,2.0,10,669.9,0
2017-11-02 14:42:59,3,40,24.0,79,11.2,1004.1,0.7,1.7,14,669.9,0
2017-11-02 14:45:59,3,41,24.2,79,11.2,1004.0,1.0,1.4,10,669.9,0
2017-11-02 14:48:59,3,41,24.2,79,11.2,1004.1,1.4,1.7,12,669.9,0
2017-11-02 14:51:59,3,41,24.2,79,11.2,1004.1,0.7,1.0,11,669.9,0
2017-11-02 14:54:59,3,40,24.2,79,11.1,1004.1,0.3,1.0,4,669.9,0
2017-11-02 14:57:59,3,40,24.2,79,11.1,1004.2,1.4,1.7,8,669.9,0
2017-11-02 15:00:59,3,40,24.1,79,11.1,1004.2,1.0,1.4,10,669.9,0
2017-11-02 15:03:59,3,42,23.9,79,11.1,1004.1,1.0,1.4,10,669.9,0
2017-11-02 15:06:59,3,42,23.8,79,11.0,1004.2,1.4,1.7,12,669.9,0
2017-11-02 15:09:59,3,42,23.7,79,11.0,1004.2,1.0,1.4,8,669.9,0
2017-11-02 15:12:59,3,42,23.6,79,10.9,1004.1,0.7,1.0,10,669.9,0
2017-11-02 15:15:59,3,42,23.6,79,10.9,1004.2,1.0,1.4,12,669.9,0
2017-11-02 15:18:59,3,42,23.5,80,10.8,1004.1,0,0.7,10,669.9,0
2017-11-02 15:21:59,3,42,23.4,80,10.7,1004.2,1.0,1.4,8,669.9,0
2017-11-02 15:24:59,3,42,23.4,80,10.6,1004.3,0.3,0.7,12,669.9,0
2017-11-02 15:27:59,3,42,23.4,80,10.6,1004.2,1.7,2.0,12,669.9,0
2017-11-02 15:30:59,3,42,23.3,80,10.5,1004.2,0.7,1.0,12,669.9,0
2017-11-02 15:33:59,3,42,23.3,80,10.4,1004.3,0.3,0.7,10,669.9,0
2017-11-02 15:36:59,3,42,23.2,80,10.4,1004.4,0.3,0.7,10,669.9,0
2017-11-02 15:39:59,3,42,23.1,80,10.3,1004.5,0.3,0.7,11,669.9,0
2017-11-02 15:42:59,3,42,23.1,80,10.2,1004.5,0.7,1.0,14,669.9,0
2017-11-02 15:45:59,3,42,23.1,81,10.2,1004.5,0.3,0.7,10,669.9,0
2017-11-02 15:48:59,3,42,23.0,81,10.1,1004.6,0,0,10,669.9,0
2017-11-02 15:51:59,3,42,23.0,81,10.0,1004.5,0,0,12,669.9,0
2017-11-02 15:54:59,3,42,23.0,81,9.9,1004.6,0.3,0.7,14,669.9,0
2017-11-02 15:57:59,3,43,22.9,81,9.8,1004.7,0,0,12,669.9,0
2017-11-02 16:00:59,3,43,22.9,81,9.8,1004.9,0,0.3,12,669.9,0
2017-11-02 16:03:59,3,43,22.9,81,9.7,1004.8,0,0.3,10,669.9,0
2017-11-02 16:06:59,3,43,22.8,81,9.7,1004.8,0,0,12,669.9,0
2017-11-02 16:09:59,3,43,22.7,82,9.6,1004.8,1.0,1.4,8,669.9,0
2017-11-02 16:12:59,3,43,22.7,82,9.7,1004.9,1.7,2.4,9,669.9,0
2017-11-02 16:15:59,3,43,22.7,82,9.7,1004.8,1.0,1.7,12,669.9,0
2017-11-02 16:18:59,3,43,22.7,83,9.8,1004.8,0.7,1.0,8,669.9,0
2017-11-02 16:21:59,3,43,22.7,83,9.8,1004.8,1.7,2.0,12,669.9,0
2017-11-02 16:24:59,3,43,22.6,83,9.9,1004.9,1.0,1.4,12,669.9,0
2017-11-02 16:27:59,3,43,22.6,83,10.0,1004.9,1.0,1.4,10,669.9,0
2017-11-02 16:30:59,3,43,22.6,83,10.0,1004.9,1.0,1.4,12,669.9,0
2017-11-02 16:33:59,3,44,22.6,82,10.1,1005.0,0.7,1.0,8,669.9,0
2017-11-02 16:36:59,3,44,22.6,82,10.1,1005.0,0.7,1.0,10,669.9,0
2017-11-02 16:39:59,3,44,22.6,82,10.1,1004.9,2.0,2.4,10,669.9,0
2017-11-02 16:42:59,3,44,22.5,82,10.1,1004.9,1.7,2.4,12,669.9,0
2017-11-02 16:45:59,3,44,22.5,82,10.2,1004.9,1.7,2.4,12,669.9,0
2017-11-02 16:48:59,3,44,22.5,81,10.2,1005.0,1.0,1.0,12,669.9,0
2017-11-02 16:51:59,3,44,22.5,81,10.2,1005.0,1.0,1.4,12,669.9,0
2017-11-02 16:54:59,3,44,22.4,81,10.1,1005.1,1.4,1.7,8,669.9,0
2017-11-02 16:57:59,3,44,22.4,81,10.1,1005.1,0.7,1.0,8,669.9,0
2017-11-02 17:00:59,3,44,22.3,81,10.0,1005.1,0.7,1.4,9,669.9,0
2017-11-02 17:03:59,3,44,22.3,81,10.0,1005.2,0.7,1.4,9,669.9,0
2017-11-02 17:06:59,3,44,22.3,81,9.8,1005.2,0.7,1.0,10,669.9,0
2017-11-02 17:09:59,3,45,22.3,81,9.8,1005.2,0.7,1.4,8,669.9,0
2017-11-02 17:12:59,3,45,22.3,81,9.7,1005.2,0.7,1.0,10,669.9,0
2017-11-02 17:15:59,3,45,22.3,81,9.6,1005.4,0.7,1.4,10,669.9,0
2017-11-02 17:18:59,3,45,22.3,81,9.6,1005.3,1.0,1.4,12,669.9,0
2017-11-02 17:21:59,3,45,22.3,81,9.5,1005.4,1.7,2.7,10,669.9,0
2017-11-02 17:24:59,3,45,22.2,81,9.5,1005.4,1.0,1.4,10,669.9,0
2017-11-02 17:27:59,3,45,22.2,82,9.4,1005.4,1.4,1.7,10,669.9,0
2017-11-02 17:30:59,3,45,22.2,82,9.4,1005.5,1.4,2.0,10,669.9,0
2017-11-02 17:33:59,3,45,22.2,82,9.4,1005.4,1.0,1.7,10,669.9,0
2017-11-02 17:36:59,3,45,22.2,82,9.4,1005.6,1.4,1.7,10,669.9,0
2017-11-02 17:39:59,3,45,22.2,82,9.4,1005.6,1.0,1.7,10,669.9,0
2017-11-02 17:42:59,3,45,22.2,82,9.4,1005.6,1.0,1.4,10,669.9,0
2017-11-02 17:45:59,3,45,22.2,82,9.5,1005.7,1.0,1.4,11,669.9,0
2017-11-02 17:48:59,3,45,22.2,82,9.5,1005.7,1.4,1.7,10,669.9,0
2017-11-02 17:51:59,3,45,22.2,82,9.5,1005.8,2.0,2.4,14,669.9,0
2017-11-02 17:54:59,3,45,22.2,82,9.5,1005.7,1.7,2.4,10,669.9,0
2017-11-02 17:57:59,3,45,22.2,82,9.5,1005.7,1.7,2.0,10,669.9,0
2017-11-02 18:00:59,3,45,22.2,82,9.6,1005.7,1.0,2.4,10,669.9,0
2017-11-02 18:03:59,3,46,22.2,82,9.6,1005.7,1.7,2.4,10,669.9,0
2017-11-02 18:06:59,3,46,22.1,82,9.7,1005.7,1.4,1.7,12,669.9,0
2017-11-02 18:09:59,3,46,22.1,82,9.7,1005.8,1.0,1.7,10,669.9,0
2017-11-02 18:12:59,3,46,22.1,82,9.7,1005.8,1.7,2.0,12,669.9,0
2017-11-02 18:15:59,3,46,22.1,82,9.7,1005.8,1.7,2.7,8,669.9,0
2017-11-02 18:18:59,3,46,22.1,82,9.7,1005.9,1.4,2.0,9,669.9,0
2017-11-02 18:21:59,3,46,22.1,82,9.7,1005.9,0.7,1.4,10,669.9,0
2017-11-02 18:24:59,3,46,22.1,82,9.7,1005.9,2.0,2.4,12,669.9,0
2017-11-02 18:27:59,3,46,22.1,81,9.7,1005.9,1.4,2.4,12,669.9,0
2017-11-02 18:30:59,3,46,22.1,81,9.7,1005.9,1.4,2.0,10,669.9,0
2017-11-02 18:33:59,3,46,22.1,81,9.7,1005.9,1.7,2.0,10,669.9,0
2017-11-02 18:36:59,3,46,22.1,81,9.7,1006.0,1.7,2.4,8,669.9,0
2017-11-02 18:39:59,3,46,22.1,81,9.7,1006.0,1.4,1.7,10,669.9,0
2017-11-02 18:42:59,3,46,22.1,81,9.6,1005.9,1.4,1.7,10,669.9,0
2017-11-02 18:45:59,3,46,22.1,81,9.6,1006.0,2.0,2.7,12,669.9,0
2017-11-02 18:48:59,3,46,22.1,81,9.5,1006.0,1.4,2.4,10,669.9,0
2017-11-02 18:51:59,3,46,22.0,81,9.5,1006.0,1.4,2.0,12,669.9,0
2017-11-02 18:54:59,3,46,22.0,81,9.5,1005.9,1.0,1.4,10,669.9,0
2017-11-02 18:57:59,3,46,22.0,81,9.4,1006.0,1.0,1.4,9,669.9,0
2017-11-02 19:00:59,3,46,22.0,81,9.4,1006.0,0.3,0.7,10,669.9,0
2017-11-02 19:03:59,3,46,22.0,81,9.4,1006.0,0.3,0.7,10,669.9,0
2017-11-02 19:06:59,3,46,22.0,82,9.2,1006.1,1.0,1.4,12,669.9,0
2017-11-02 19:09:59,3,46,22.0,82,9.2,1006.2,1.4,1.7,10,669.9,0
2017-11-02 19:12:59,3,46,22.0,82,9.2,1006.1,1.0,1.4,10,669.9,0
2017-11-02 19:15:59,3,46,22.0,82,9.1,1006.1,1.7,2.4,12,669.9,0
2017-11-02 19:18:59,3,47,21.9,82,9.1,1006.2,0.7,1.0,14,669.9,0
2017-11-02 19:21:59,3,47,21.9,82,9.1,1006.2,1.0,1.4,10,669.9,0
2017-11-02 19:24:59,3,47,21.9,82,9.1,1006.2,0.7,1.0,10,669.9,0
2017-11-02 19:27:59,3,47,21.9,82,9.0,1006.3,0.3,0.7,8,669.9,0
2017-11-02 19:30:59,3,47,21.9,82,9.0,1006.3,0.7,1.4,10,669.9,0
2017-11-02 19:33:59,3,47,21.9,83,9.0,1006.2,0.7,1.0,12,669.9,0
2017-11-02 19:36:59,3,47,21.9,83,9.0,1006.4,1.0,1.4,10,669.9,0
2017-11-02 19:39:59,3,47,21.9,83,9.0,1006.3,1.0,1.4,10,669.9,0
2017-11-02 19:42:59,3,47,21.9,83,9.0,1006.3,1.0,1.4,10,669.9,0
2017-11-02 19:45:59,3,47,21.9,83,9.0,1006.5,0.7,1.0,10,669.9,0
2017-11-02 19:48:59,3,47,21.9,83,8.9,1006.4,1.0,1.4,12,669.9,0
2017-11-02 19:51:59,3,47,21.9,83,9.0,1006.5,0.7,1.0,10,669.9,0
2017-11-02 19:54:59,3,47,21.9,83,9.0,1006.5,1.0,1.0,10,669.9,0
2017-11-02 19:57:59,3,48,21.9,84,9.0,1006.5,1.4,1.7,10,669.9,0
2017-11-02 20:00:59,3,48,21.9,84,9.1,1006.5,1.0,1.4,10,669.9,0
2017-11-02 20:03:59,3,48,21.9,84,9.1,1006.5,1.0,1.7,10,669.9,0
2017-11-02 20:06:59,3,48,21.9,84,9.2,1006.5,1.4,2.0,12,669.9,0
2017-11-02 20:09:59,3,48,21.9,84,9.2,1006.4,1.7,2.0,10,669.9,0
2017-11-02 20:12:59,3,48,21.9,84,9.3,1006.5,1.4,2.0,10,669.9,0
2017-11-02 20:15:59,3,48,21.9,84,9.3,1006.6,1.7,2.4,10,669.9,0
2017-11-02 20:18:59,3,48,21.9,84,9.3,1006.6,1.7,2.4,12,669.9,0
2017-11-02 20:21:59,3,48,21.9,84,9.3,1006.7,1.4,2.0,12,669.9,0
2017-11-02 20:24:59,3,48,21.9,84,9.3,1006.6,1.0,1.4,12,669.9,0
2017-11-02 20:27:59,3,48,21.9,83,9.3,1006.7,1.4,1.7,10,669.9,0
2017-11-02 20:30:59,3,48,21.9,83,9.3,1006.7,1.4,1.7,15,669.9,0
2017-11-02 20:33:59,3,48,21.9,83,9.3,1006.8,1.0,1.7,12,669.9,0
2017-11-02 20:36:59,3,48,21.9,84,9.3,1006.8,0.7,1.4,10,669.9,0
2017-11-02 20:39:59,3,48,21.9,84,9.3,1007.0,0.3,0.7,12,669.9,0
2017-11-02 20:42:59,3,48,21.9,84,9.3,1007.0,1.4,1.7,14,669.9,0
2017-11-02 20:45:59,3,48,21.9,84,9.4,1007.0,0.7,1.0,14,669.9,0
2017-11-02 20:48:59,3,48,21.9,84,9.4,1007.0,0.7,1.0,10,669.9,0
2017-11-02 20:51:59,3,48,21.9,84,9.4,1007.0,0.7,1.4,0,669.9,0
2017-11-02 20:54:59,3,48,21.9,84,9.4,1007.1,0.7,1.0,10,669.9,0
2017-11-02 20:57:59,3,48,21.9,84,9.4,1007.1,0.3,0.3,14,669.9,0
2017-11-02 21:00:59,3,48,21.9,84,9.4,1007.2,1.0,1.7,12,669.9,0
2017-11-02 21:03:59,3,48,21.9,84,9.4,1007.2,1.0,1.7,12,669.9,0
2017-11-02 21:06:59,3,48,21.9,84,9.4,1007.2,0.3,1.0,10,669.9,0
2017-11-02 21:09:59,3,48,21.9,84,9.4,1007.2,0.7,1.0,12,669.9,0
2017-11-02 21:12:59,3,48,21.9,84,9.5,1007.3,1.0,1.4,14,669.9,0
2017-11-02 21:15:59,3,48,21.9,84,9.5,1007.3,1.0,1.7,12,669.9,0
2017-11-02 21:18:59,3,48,21.9,84,9.5,1007.2,1.0,1.4,12,669.9,0
2017-11-02 21:21:59,3,48,21.9,83,9.5,1007.2,1.0,1.7,10,669.9,0
2017-11-02 21:25:00,3,48,21.8,83,9.4,1007.3,1.7,2.4,10,669.9,0
2017-11-02 21:28:00,3,48,21.8,83,9.4,1007.2,0,0.3,14,669.9,0
2017-11-02 21:31:00,3,48,21.8,83,9.4,1007.3,0.7,1.0,14,669.9,0
2017-11-02 21:34:00,3,48,21.8,83,9.4,1007.4,0.7,1.4,9,669.9,0
2017-11-02 21:37:00,3,48,21.8,83,9.4,1007.5,1.4,2.0,14,669.9,0
2017-11-02 21:40:00,3,48,21.8,83,9.4,1007.4,1.0,1.4,12,669.9,0
2017-11-02 21:43:00,3,48,21.8,83,9.4,1007.5,0.7,1.0,10,669.9,0
2017-11-02 21:46:00,3,48,21.8,83,9.4,1007.5,1.4,1.7,12,669.9,0
2017-11-02 21:49:00,3,48,21.8,83,9.4,1007.6,0.7,1.4,11,669.9,0
2017-11-02 21:52:00,3,48,21.8,83,9.4,1007.5,0.7,1.0,12,669.9,0
2017-11-02 21:55:00,3,48,21.8,83,9.4,1007.5,1.7,2.4,12,669.9,0
2017-11-02 21:58:00,3,48,21.8,83,9.4,1007.5,2.0,2.4,11,669.9,0
2017-11-02 22:01:00,3,48,21.7,84,9.4,1007.5,1.0,1.4,10,669.9,0
2017-11-02 22:04:00,3,48,21.7,84,9.4,1007.7,0.7,1.0,10,669.9,0
2017-11-02 22:07:00,3,48,21.7,84,9.4,1007.6,0.3,0.7,10,669.9,0
2017-11-02 22:10:00,3,48,21.7,84,9.4,1007.6,1.0,1.4,10,669.9,0
2017-11-02 22:13:00,3,48,21.7,84,9.4,1007.5,1.0,1.4,12,669.9,0
2017-11-02 22:16:00,3,48,21.7,83,9.4,1007.6,1.0,1.7,12,669.9,0
2017-11-02 22:19:00,3,48,21.7,83,9.3,1007.6,1.0,1.4,14,669.9,0
2017-11-02 22:22:00,3,48,21.7,83,9.3,1007.6,0.7,1.0,10,669.9,0
2017-11-02 22:25:00,3,48,21.7,83,9.3,1007.7,1.0,1.7,10,669.9,0
2017-11-02 22:28:00,3,48,21.7,83,9.3,1007.7,0.7,1.0,14,669.9,0
2017-11-02 22:31:00,3,48,21.6,83,9.3,1007.6,0.3,0.7,12,669.9,0
2017-11-02 22:34:00,3,48,21.6,83,9.3,1007.7,1.0,1.7,12,669.9,0
2017-11-02 22:37:00,3,48,21.6,83,9.3,1007.8,1.7,2.7,10,669.9,0
2017-11-02 22:40:00,3,48,21.6,83,9.3,1007.7,1.0,1.7,14,669.9,0
2017-11-02 22:43:00,3,48,21.6,83,9.3,1007.8,0.7,1.4,11,669.9,0
2017-11-02 22:46:00,3,48,21.6,83,9.3,1007.8,1.4,2.4,14,669.9,0
2017-11-02 22:49:00,3,48,21.6,83,9.3,1007.8,1.4,2.0,10,669.9,0
2017-11-02 22:52:00,3,48,21.5,83,9.3,1007.9,1.0,1.4,10,669.9,0
2017-11-02 22:55:00,3,48,21.5,83,9.3,1007.9,0.7,1.0,14,669.9,0
2017-11-02 22:58:00,3,48,21.5,83,9.3,1007.8,1.0,1.7,14,669.9,0
2017-11-02 23:01:00,3,48,21.5,83,9.3,1007.9,0.3,1.0,14,669.9,0
2017-11-02 23:04:00,3,48,21.5,83,9.3,1007.9,0.3,1.0,14,669.9,0
2017-11-02 23:07:00,3,48,21.5,83,9.2,1007.9,0.7,1.4,12,669.9,0
2017-11-02 23:10:00,3,48,21.5,83,9.2,1007.9,0.3,0.7,10,669.9,0
2017-11-02 23:13:00,3,48,21.5,83,9.2,1007.8,1.4,1.7,10,669.9,0
2017-11-02 23:16:00,3,48,21.5,83,9.2,1007.9,0.3,0.7,12,669.9,0
2017-11-02 23:19:00,3,48,21.5,83,9.2,1008.0,0.7,1.0,14,669.9,0
2017-11-02 23:22:00,3,48,21.5,83,9.2,1007.9,0.7,1.0,12,669.9,0
2017-11-02 23:25:00,3,48,21.4,83,9.2,1008.0,0,0.3,14,669.9,0
2017-11-02 23:28:00,3,48,21.4,83,9.2,1007.9,0.3,0.7,12,669.9,0
2017-11-02 23:31:00,3,48,21.3,83,9.2,1007.9,1.0,1.4,8,669.9,0
2017-11-02 23:34:00,3,48,21.3,83,9.2,1008.0,0.7,0.7,12,669.9,0
2017-11-02 23:37:00,3,48,21.3,83,9.2,1008.1,0.7,1.0,10,669.9,0
2017-11-02 23:40:00,3,48,21.3,83,9.2,1008.1,0,0.3,14,669.9,0
2017-11-02 23:43:00,3,48,21.3,83,9.2,1008.0,1.0,1.4,12,669.9,0
2017-11-02 23:46:00,3,48,21.3,83,9.2,1008.0,0.7,1.0,12,669.9,0
2017-11-02 23:49:00,3,48,21.3,83,9.2,1008.0,0.3,0.7,14,669.9,0
2017-11-02 23:52:00,3,48,21.3,83,9.2,1008.0,1.0,1.4,12,669.9,0
2017-11-02 23:55:00,3,48,21.3,83,9.2,1008.1,0,0.3,12,669.9,0
2017-11-02 23:58:00,3,48,21.3,83,9.2,1008.1,0.3,0.7,12,669.9,0
