2017-11-28 00:01:00,3,40,19.8,86,5.3,998.7,0.7,1.0,8,713.4,0
2017-11-28 00:04:00,3,40,19.8,86,5.3,998.7,1.7,2.7,14,713.4,0
2017-11-28 00:07:00,3,40,19.8,86,5.4,998.6,1.4,1.7,12,713.4,0
2017-11-28 00:10:00,3,40,19.7,85,5.4,998.7,1.0,1.4,10,713.4,0
2017-11-28 00:13:00,3,40,19.7,85,5.4,998.6,1.4,2.0,8,713.4,0
2017-11-28 00:16:00,3,40,19.7,85,5.4,998.6,1.7,2.0,9,713.4,0
2017-11-28 00:19:00,3,40,19.7,85,5.4,998.7,0.7,1.0,12,713.4,0
2017-11-28 00:22:00,3,40,19.7,85,5.4,998.5,2.0,3.1,8,713.4,0
2017-11-28 00:25:00,3,40,19.7,85,5.4,998.5,1.7,3.1,8,713.4,0
2017-11-28 00:28:00,3,40,19.6,85,5.5,998.5,1.0,1.4,11,713.4,0
2017-11-28 00:31:00,3,40,19.6,84,5.5,998.6,1.0,1.4,10,713.4,0
2017-11-28 00:34:00,3,40,19.6,84,5.5,998.5,1.0,1.4,8,713.4,0
2017-11-28 00:37:00,3,40,19.6,84,5.5,998.4,1.7,2.7,10,713.4,0
2017-11-28 00:40:00,3,40,19.6,84,5.6,998.4,1.0,1.4,12,713.4,0
2017-11-28 00:43:00,3,40,19.6,84,5.6,998.3,2.0,2.7,8,713.4,0
2017-11-28 00:46:00,3,40,19.6,84,5.6,998.3,1.0,1.4,10,713.4,0
2017-11-28 00:49:00,3,40,19.5,83,5.7,998.3,1.7,2.4,8,713.4,0
2017-11-28 00:52:00,3,40,19.5,83,5.7,998.3,0.7,1.4,10,713.4,0
2017-11-28 00:55:00,3,40,19.5,83,5.7,998.3,1.0,1.7,8,713.4,0
2017-11-28 00:58:00,3,40,19.5,83,5.7,998.4,2.0,3.1,8,713.4,0
2017-11-28 01:01:00,3,40,19.4,83,5.7,998.4,1.4,2.0,8,713.4,0
2017-11-28 01:04:00,3,40,19.4,83,5.7,998.3,1.4,2.0,8,713.4,0
2017-11-28 01:07:00,3,40,19.3,83,5.8,998.2,1.0,2.0,10,713.4,0
2017-11-28 01:10:00,3,40,19.3,83,5.8,998.2,0.7,1.4,10,713.4,0
2017-11-28 01:13:00,3,40,19.3,82,5.8,998.3,1.7,2.4,12,713.4,0
2017-11-28 01:16:00,3,40,19.3,82,5.9,998.3,3.1,3.7,10,713.4,0
2017-11-28 01:19:00,3,40,19.3,82,5.9,998.2,2.0,2.7,6,713.4,0
2017-11-28 01:22:00,3,40,19.3,82,5.9,998.3,0.7,1.0,9,713.4,0
2017-11-28 01:25:00,3,40,19.3,82,5.9,998.3,1.4,2.0,9,713.4,0
2017-11-28 01:28:00,3,40,19.2,82,5.9,998.2,1.4,2.7,6,713.4,0
2017-11-28 01:31:00,3,40,19.2,82,6.0,998.1,1.4,2.0,8,713.4,0
2017-11-28 01:34:00,3,40,19.2,82,5.9,998.2,1.7,2.0,8,713.4,0
2017-11-28 01:37:00,3,40,19.2,82,5.9,998.2,1.4,1.7,8,713.4,0
2017-11-28 01:40:00,3,40,19.2,81,6.0,998.1,1.0,1.4,10,713.4,0
2017-11-28 01:43:00,3,40,19.2,81,5.9,998.2,1.0,2.0,7,713.4,0
2017-11-28 01:46:00,3,40,19.1,82,5.9,998.2,2.0,2.7,10,713.4,0
2017-11-28 01:49:00,3,40,19.1,82,6.0,998.0,1.7,2.0,10,713.4,0
2017-11-28 01:52:00,3,40,19.1,81,6.0,998.0,1.0,1.7,8,713.4,0
2017-11-28 01:55:00,3,40,19.1,81,5.9,997.9,1.7,2.4,10,713.4,0
2017-11-28 01:58:00,3,40,19.1,81,5.9,997.9,1.7,2.0,10,713.4,0
2017-11-28 02:01:00,3,40,19.1,81,5.9,997.9,0.7,1.0,8,713.4,0
2017-11-28 02:04:00,3,40,19.1,81,5.9,997.9,0.7,1.0,10,713.4,0
2017-11-28 02:07:00,3,40,19.1,81,5.8,997.9,1.0,1.4,8,713.4,0
2017-11-28 02:10:00,3,40,19.0,81,5.8,997.8,1.0,1.7,12,713.4,0
2017-11-28 02:13:00,3,40,19.0,81,5.8,997.8,1.4,1.7,10,713.4,0
2017-11-28 02:16:00,3,40,19.0,81,5.8,997.8,0.7,1.0,12,713.4,0
2017-11-28 02:19:00,3,40,19.0,81,5.8,997.6,1.0,1.4,8,713.4,0
2017-11-28 02:22:00,3,40,19.0,81,5.8,997.6,1.0,1.7,7,713.4,0
2017-11-28 02:25:00,3,40,19.0,81,5.7,997.6,0.7,0.7,8,713.4,0
2017-11-28 02:28:00,3,40,19.0,81,5.7,997.5,1.0,1.4,13,713.4,0
2017-11-28 02:31:00,3,40,19.0,81,5.7,997.5,1.0,1.4,8,713.4,0
2017-11-28 02:34:00,3,42,18.9,81,5.7,997.5,0.7,1.0,10,713.4,0
2017-11-28 02:37:00,3,42,18.9,81,5.7,997.4,1.4,1.7,8,713.4,0
2017-11-28 02:40:00,3,42,18.9,81,5.7,997.4,0.3,0.7,12,713.4,0
2017-11-28 02:43:00,3,41,18.8,81,5.7,997.4,0.7,1.0,12,713.4,0
2017-11-28 02:46:00,3,41,18.9,81,5.8,997.4,1.0,1.7,10,713.4,0
2017-11-28 02:49:00,3,41,18.8,81,5.8,997.4,2.0,2.7,4,713.4,0
2017-11-28 02:52:00,3,41,18.8,81,5.8,997.4,2.0,3.1,14,713.4,0
2017-11-28 02:55:00,3,41,18.8,81,5.9,997.5,1.7,2.7,10,713.4,0
2017-11-28 02:58:00,3,41,18.8,81,5.9,997.5,1.0,1.7,6,713.4,0
2017-11-28 03:01:00,3,41,18.8,81,5.9,997.4,1.4,2.4,6,713.4,0
2017-11-28 03:04:00,3,41,18.8,81,5.9,997.4,1.4,2.4,6,713.4,0
2017-11-28 03:07:00,3,41,18.8,81,6.0,997.4,1.0,1.4,10,713.4,0
2017-11-28 03:10:00,3,41,18.8,81,6.0,997.5,1.4,2.0,7,713.4,0
2017-11-28 03:13:00,3,41,18.7,81,6.0,997.4,0.7,1.0,12,713.4,0
2017-11-28 03:16:00,3,41,18.7,81,6.0,997.4,1.4,1.7,9,713.4,0
2017-11-28 03:19:00,3,41,18.6,81,6.0,997.5,1.4,2.4,10,713.4,0
2017-11-28 03:22:00,3,41,18.6,81,6.0,997.4,2.7,3.4,8,713.4,0
2017-11-28 03:25:00,3,41,18.6,81,6.1,997.4,1.0,1.7,10,713.4,0
2017-11-28 03:28:00,3,41,18.6,81,6.0,997.5,1.7,2.0,12,713.4,0
2017-11-28 03:31:00,3,41,18.6,81,6.0,997.4,1.4,2.0,10,713.4,0
2017-11-28 03:34:00,3,41,18.6,81,6.0,997.4,1.0,1.7,9,713.4,0
2017-11-28 03:37:00,3,41,18.6,82,5.9,997.5,1.0,1.7,10,713.4,0
2017-11-28 03:40:00,3,41,18.6,82,5.9,997.4,1.4,1.7,9,713.4,0
2017-11-28 03:43:00,3,41,18.6,82,5.9,997.4,0.7,1.0,10,713.4,0
2017-11-28 03:46:00,3,41,18.5,82,5.8,997.4,1.0,1.4,10,713.4,0
2017-11-28 03:49:00,3,41,18.5,83,5.8,997.4,1.0,1.7,8,713.4,0
2017-11-28 03:52:00,3,41,18.5,83,5.8,997.5,1.0,1.4,12,713.4,0
2017-11-28 03:55:00,3,41,18.5,83,5.8,997.4,0.3,1.0,12,713.4,0
2017-11-28 03:58:00,3,41,18.5,83,5.8,997.4,0.7,1.0,10,713.4,0
2017-11-28 04:01:00,3,41,18.5,83,5.8,997.6,0.7,1.4,8,713.4,0
2017-11-28 04:04:00,3,41,18.5,84,5.8,997.5,1.7,2.0,10,713.4,0
2017-11-28 04:07:00,3,41,18.5,84,5.8,997.5,2.7,3.7,10,713.4,0
2017-11-28 04:10:00,3,41,18.5,84,5.8,997.6,0.7,1.0,10,713.4,0
2017-11-28 04:13:00,3,41,18.4,84,5.8,997.6,1.4,1.7,10,713.4,0
2017-11-28 04:16:00,3,41,18.4,84,5.8,997.6,0.7,1.0,12,713.4,0
2017-11-28 04:19:00,3,41,18.4,84,5.8,997.5,0.3,0.7,10,713.7,0
2017-11-28 04:22:00,3,41,18.4,85,5.8,997.5,0.7,1.0,11,713.7,0
2017-11-28 04:25:00,3,41,18.4,85,5.8,997.4,1.0,1.7,6,713.7,0
2017-11-28 04:28:00,3,41,18.4,85,5.9,997.7,1.0,1.7,12,713.7,0
2017-11-28 04:31:00,3,41,18.4,85,5.8,997.7,1.0,1.7,12,713.7,0
2017-11-28 04:34:00,3,41,18.4,85,5.6,997.5,2.4,3.4,12,713.7,0
2017-11-28 04:37:00,3,41,18.4,84,5.4,997.3,1.0,1.4,12,713.7,0
2017-11-28 04:40:00,3,41,18.3,84,5.3,997.4,0,0,10,713.7,0
2017-11-28 04:43:00,3,41,18.3,84,5.2,997.2,0.7,1.0,9,713.7,0
2017-11-28 04:46:00,3,41,18.3,84,5.2,997.2,0.3,1.0,8,713.7,0
2017-11-28 04:49:00,3,41,18.3,84,5.1,997.1,0.3,0.7,8,713.7,0
2017-11-28 04:52:00,3,41,18.3,84,5.1,997.2,0,0,8,713.7,0
2017-11-28 04:55:00,3,41,18.3,84,5.0,997.2,0,0,8,713.7,0
2017-11-28 04:58:00,3,41,18.3,84,5.0,997.1,0,0,14,713.7,0
2017-11-28 05:01:00,3,41,18.3,84,5.0,997.2,0,0,10,713.7,0
2017-11-28 05:04:00,3,41,18.3,84,5.0,997.2,0,0,10,713.7,0
2017-11-28 05:07:00,3,41,18.3,84,4.8,997.3,0.3,0.7,10,713.7,0
2017-11-28 05:10:00,3,41,18.4,85,4.8,997.4,0,0,10,713.7,0
2017-11-28 05:13:00,3,41,18.4,85,4.7,997.4,0.3,0.7,12,713.7,0
2017-11-28 05:16:00,3,41,18.4,85,4.7,997.3,0,0.3,10,713.7,0
2017-11-28 05:19:00,3,41,18.4,85,4.7,997.4,0.7,1.0,9,713.7,0
2017-11-28 05:22:00,3,41,18.5,85,4.7,997.4,0.7,1.0,8,713.7,0
2017-11-28 05:25:00,3,41,18.5,86,4.8,997.3,0.3,0.7,10,713.7,0
2017-11-28 05:28:00,3,41,18.6,86,4.8,997.2,0,0.3,8,713.7,0
2017-11-28 05:31:00,3,41,18.6,86,4.8,997.3,0,0.3,10,713.7,0
2017-11-28 05:34:00,3,41,18.6,86,4.8,997.3,0.7,1.0,8,713.7,0
2017-11-28 05:37:00,3,42,18.6,87,4.9,997.2,0.3,1.0,0,713.7,0
2017-11-28 05:40:00,3,42,18.8,87,4.9,997.3,0.3,0.7,10,713.7,0
2017-11-28 05:43:00,3,42,18.8,87,4.9,997.1,0.7,1.0,8,713.7,0
2017-11-28 05:46:00,3,42,18.9,87,4.9,997.1,0.3,0.7,10,713.7,0
2017-11-28 05:49:00,3,42,18.9,87,4.9,997.2,0.3,0.7,12,713.7,0
2017-11-28 05:52:00,3,41,19.0,87,4.9,997.3,0.3,0.7,10,713.7,0
2017-11-28 05:55:00,3,41,19.0,87,4.9,997.2,0,0.3,12,713.7,0
2017-11-28 05:58:00,3,41,19.1,87,4.9,997.3,0.3,0.7,12,713.7,0
2017-11-28 06:01:00,3,41,19.1,87,4.9,997.4,1.4,2.0,12,713.7,0
2017-11-28 06:04:00,3,41,19.1,87,4.9,997.3,0.7,1.0,10,713.7,0
2017-11-28 06:07:00,3,41,19.2,87,4.9,997.3,0.3,0.7,10,713.7,0
2017-11-28 06:10:00,3,40,19.2,87,4.9,997.5,0.3,1.0,10,713.7,0
2017-11-28 06:13:00,3,40,19.2,87,4.9,997.5,0.3,0.7,10,713.7,0
2017-11-28 06:16:00,3,40,19.3,87,4.8,997.5,0.7,1.0,10,713.7,0
2017-11-28 06:19:00,3,40,19.3,87,4.8,997.4,0.3,0.7,8,713.7,0
2017-11-28 06:22:00,3,40,19.3,87,4.8,997.5,1.0,1.7,10,713.7,0
2017-11-28 06:25:00,3,40,19.3,87,4.8,997.4,0.7,1.0,10,713.7,0
2017-11-28 06:28:00,3,40,19.4,87,4.8,997.4,0.7,1.0,8,713.7,0
2017-11-28 06:31:00,3,40,19.5,87,4.8,997.3,0,0.3,6,713.7,0
2017-11-28 06:34:00,3,40,19.5,87,4.8,997.5,1.0,1.7,8,713.7,0
2017-11-28 06:37:00,3,40,19.5,86,4.9,997.5,0,0,8,713.7,0
2017-11-28 06:40:00,3,40,19.5,86,4.9,997.6,0.7,1.4,8,713.7,0
2017-11-28 06:43:00,3,40,19.5,86,4.9,997.7,0.7,1.4,10,713.7,0
2017-11-28 06:46:00,3,41,19.6,86,5.0,997.6,0.7,1.0,10,713.7,0
2017-11-28 06:49:00,3,41,19.6,86,5.0,997.6,0.7,1.0,8,713.7,0
2017-11-28 06:52:00,3,41,19.6,86,5.0,997.7,0.3,0.7,10,713.7,0
2017-11-28 06:55:00,3,41,19.6,86,5.0,997.7,0.7,1.4,10,713.7,0
2017-11-28 06:58:00,3,41,19.6,86,5.1,997.7,0.3,0.7,8,713.7,0
2017-11-28 07:01:00,3,41,19.6,86,5.1,997.7,1.0,1.7,12,713.7,0
2017-11-28 07:04:00,3,41,19.7,86,5.1,997.7,1.0,1.7,12,713.7,0
2017-11-28 07:07:00,3,41,19.7,86,5.1,997.6,0.7,1.0,10,713.7,0
2017-11-28 07:10:00,3,41,19.7,86,5.2,997.8,0.3,0.7,10,713.7,0
2017-11-28 07:13:00,3,41,19.7,85,5.2,997.7,1.0,1.7,10,713.7,0
2017-11-28 07:16:00,3,41,19.7,85,5.2,997.7,1.7,2.0,10,713.7,0
2017-11-28 07:19:00,3,41,19.7,85,5.3,997.7,0.7,1.4,9,713.7,0
2017-11-28 07:22:00,3,41,19.8,85,5.3,997.8,1.0,1.4,12,713.7,0
2017-11-28 07:25:00,3,40,20.0,85,5.3,997.7,1.4,2.0,10,713.7,0
2017-11-28 07:28:00,3,40,20.2,85,5.4,997.8,1.0,1.4,10,713.7,0
2017-11-28 07:31:00,3,40,20.3,85,5.4,997.8,1.0,1.4,8,713.7,0
2017-11-28 07:34:00,3,38,20.5,84,5.4,997.8,0.7,1.0,6,713.7,0
2017-11-28 07:37:00,3,38,20.6,84,5.5,997.7,1.4,2.0,6,713.7,0
2017-11-28 07:40:00,3,37,20.7,84,5.5,997.8,1.4,2.0,8,713.7,0
2017-11-28 07:43:00,3,38,20.9,84,5.5,997.9,1.0,1.4,10,713.7,0
2017-11-28 07:46:00,3,37,21.0,84,5.6,997.8,0.7,0.7,10,713.7,0
2017-11-28 07:49:00,3,36,21.1,84,5.6,997.9,1.4,1.7,10,713.7,0
2017-11-28 07:52:00,3,36,21.2,84,5.6,997.9,1.0,2.4,8,713.7,0
2017-11-28 07:55:00,3,36,21.3,84,5.6,997.8,1.4,2.0,6,713.7,0
2017-11-28 07:58:00,3,36,21.3,84,5.7,997.9,0.7,1.0,10,713.7,0
2017-11-28 08:01:00,3,35,21.5,84,5.7,997.8,0.7,1.0,8,713.7,0
2017-11-28 08:04:00,3,35,21.5,84,5.7,997.9,1.0,1.4,10,713.7,0
2017-11-28 08:07:00,3,35,21.6,84,5.8,997.9,1.4,2.4,10,713.7,0
2017-11-28 08:10:00,3,35,21.7,83,5.8,997.8,0.7,1.0,12,713.7,0
2017-11-28 08:13:00,3,35,21.7,83,5.8,997.9,1.4,1.7,10,713.7,0
2017-11-28 08:16:00,3,35,21.7,83,5.8,997.9,0.3,0.7,10,713.7,0
2017-11-28 08:19:00,3,35,21.8,83,5.8,997.9,0.7,1.0,12,713.7,0
2017-11-28 08:22:00,3,35,21.8,83,5.8,998.0,0.7,1.0,8,713.7,0
2017-11-28 08:25:00,3,35,21.9,83,5.8,998.1,1.4,1.7,8,713.7,0
2017-11-28 08:28:00,3,35,21.9,83,5.8,998.0,1.0,1.7,4,713.7,0
2017-11-28 08:31:00,3,34,21.9,82,5.8,998.0,0.3,0.7,10,713.7,0
2017-11-28 08:34:00,3,34,21.9,82,5.8,998.1,1.0,1.4,10,713.7,0
2017-11-28 08:37:00,3,34,21.9,82,5.8,998.2,0.7,1.0,10,713.7,0
2017-11-28 08:40:00,3,33,22.1,82,5.9,998.3,1.4,1.7,10,713.7,0
2017-11-28 08:43:00,3,33,22.1,82,5.9,998.1,1.0,1.4,12,713.7,0
2017-11-28 08:46:00,3,33,22.1,82,5.9,998.3,0.7,1.0,10,713.7,0
2017-11-28 08:49:00,3,33,22.1,82,5.9,998.2,0.7,1.4,6,713.7,0
2017-11-28 08:52:00,3,33,22.2,82,6.0,998.2,0.3,0.7,10,713.7,0
2017-11-28 08:55:00,3,33,22.2,82,6.0,998.3,1.7,2.4,10,713.7,0
2017-11-28 08:58:00,3,33,22.2,82,6.0,998.3,0,0.3,8,713.7,0
2017-11-28 09:01:00,3,34,22.2,82,6.0,998.3,0.3,0.7,8,713.7,0
2017-11-28 09:04:00,3,34,22.2,82,6.0,998.3,0.3,0.7,8,713.7,0
2017-11-28 09:07:00,3,34,22.2,82,6.1,998.3,0.7,1.0,12,713.7,0
2017-11-28 09:10:00,3,33,22.1,82,6.1,998.3,1.0,1.7,4,713.7,0
2017-11-28 09:13:00,3,35,21.9,82,6.1,998.3,1.7,2.0,8,713.7,0
2017-11-28 09:16:00,3,35,21.9,81,6.2,998.3,1.0,1.7,10,713.7,0
2017-11-28 09:19:00,3,35,21.8,81,6.2,998.3,0.7,1.0,10,713.7,0
2017-11-28 09:22:00,3,35,21.8,81,6.2,998.1,0.3,0.7,10,713.7,0
2017-11-28 09:25:00,3,35,21.7,81,6.2,998.3,0.7,1.4,12,713.7,0
2017-11-28 09:28:00,3,35,21.7,81,6.3,998.1,1.4,1.7,10,713.7,0
2017-11-28 09:31:00,3,35,21.7,81,6.3,998.1,1.0,1.4,8,713.7,0
2017-11-28 09:34:00,3,35,21.6,81,6.3,998.1,2.4,3.4,10,713.7,0
2017-11-28 09:37:00,3,36,21.5,81,6.3,998.0,0.3,1.0,10,713.7,0
2017-11-28 09:40:00,3,36,21.5,81,6.4,998.1,1.7,2.4,8,713.7,0
2017-11-28 09:43:00,3,36,21.5,81,6.4,998.0,1.4,1.7,8,713.7,0
2017-11-28 09:46:00,3,36,21.4,81,6.4,998.0,1.0,2.0,6,713.7,0
2017-11-28 09:49:00,3,36,21.3,81,6.5,998.0,0.7,1.0,8,713.7,0
2017-11-28 09:52:00,3,36,21.3,81,6.5,997.9,0.7,1.0,8,713.7,0
2017-11-28 09:55:00,3,36,21.3,81,6.5,998.1,1.7,2.4,8,713.7,0
2017-11-28 09:58:00,3,36,21.3,81,6.5,998.0,1.4,2.0,8,713.7,0
2017-11-28 10:01:00,3,36,21.2,81,6.6,997.9,2.4,3.4,8,713.7,0
2017-11-28 10:04:00,3,37,21.2,81,6.6,997.9,1.0,1.4,7,713.7,0
2017-11-28 10:07:00,3,37,21.2,80,6.6,997.9,1.0,1.4,8,713.7,0
2017-11-28 10:10:00,3,37,21.1,80,6.7,997.9,0.7,1.0,10,713.7,0
2017-11-28 10:13:00,3,37,21.1,80,6.7,997.8,1.0,1.4,14,713.7,0
2017-11-28 10:16:00,3,37,21.0,80,6.7,997.8,0.7,1.4,8,713.7,0
2017-11-28 10:19:00,3,37,21.0,80,6.7,997.8,1.0,1.4,9,713.7,0
2017-11-28 10:22:00,3,38,20.9,80,6.8,997.8,2.4,3.7,11,713.7,0
2017-11-28 10:25:00,3,38,20.9,80,6.8,997.7,2.4,3.4,10,713.7,0
2017-11-28 10:28:00,3,38,20.9,80,6.8,997.7,1.4,2.0,10,713.7,0
2017-11-28 10:31:00,3,38,20.8,79,6.8,997.6,0.7,1.0,8,713.7,0
2017-11-28 10:34:00,3,38,20.7,79,6.8,997.7,1.7,2.4,8,713.7,0
2017-11-28 10:37:00,3,39,20.7,79,6.8,997.6,0.7,1.4,10,713.7,0
2017-11-28 10:40:00,3,39,20.7,79,6.8,997.7,1.7,2.4,8,713.7,0
2017-11-28 10:43:00,3,39,20.6,78,6.8,997.6,1.0,2.0,8,713.7,0
2017-11-28 10:46:00,3,39,20.6,78,6.8,997.6,1.0,1.7,10,713.7,0
2017-11-28 10:49:00,3,39,20.6,78,6.8,997.7,1.7,2.7,8,713.7,0
2017-11-28 10:52:00,3,39,20.6,78,6.9,997.7,1.4,1.7,10,713.7,0
2017-11-28 10:55:00,3,40,20.5,79,7.2,997.7,1.7,2.4,10,713.7,0
2017-11-28 10:58:00,3,40,20.5,71,7.7,997.7,2.7,3.4,8,713.7,0
2017-11-28 11:01:00,3,40,20.5,71,7.7,997.7,2.4,4.1,10,713.7,0
2017-11-28 11:04:00,3,40,20.5,71,7.7,997.6,2.4,4.1,10,713.7,0
2017-11-28 11:07:00,3,40,20.5,70,8.2,997.7,1.4,2.0,8,713.7,0
2017-11-28 11:10:00,3,40,20.5,69,8.5,997.6,1.0,2.7,10,713.7,0
2017-11-28 11:13:00,3,40,20.4,67,8.7,997.6,1.7,2.0,10,713.7,0
2017-11-28 11:16:00,3,40,20.4,66,8.8,997.6,1.4,2.0,8,713.7,0
2017-11-28 11:19:00,3,40,20.4,65,9.0,997.6,2.0,2.4,8,713.7,0
2017-11-28 11:22:00,3,40,20.4,65,9.1,997.5,3.4,4.8,12,713.7,0
2017-11-28 11:25:00,3,40,20.4,64,9.0,997.5,1.7,2.4,10,713.7,0
2017-11-28 11:28:00,3,40,20.4,64,8.9,997.5,2.4,3.1,6,713.7,0
2017-11-28 11:31:00,3,40,20.4,63,8.8,997.5,2.0,3.4,14,713.7,0
2017-11-28 11:34:00,3,41,20.3,64,8.5,997.5,2.4,3.1,6,713.7,0
2017-11-28 11:37:00,3,41,20.3,64,8.2,997.4,2.0,3.1,10,713.7,0
2017-11-28 11:40:00,3,41,20.3,64,8.0,997.4,2.7,3.7,10,713.7,0
2017-11-28 11:43:00,3,41,20.3,65,7.8,997.3,1.4,1.7,8,713.7,0
2017-11-28 11:46:00,3,41,20.3,66,7.8,997.4,1.4,1.7,10,713.7,0
2017-11-28 11:49:00,3,41,20.3,66,7.6,997.3,1.7,2.4,9,713.7,0
2017-11-28 11:52:00,3,41,20.3,66,7.6,997.5,1.4,1.7,10,713.7,0
2017-11-28 11:55:00,3,41,20.3,66,7.5,997.4,1.0,1.7,10,713.7,0
2017-11-28 11:58:00,3,41,20.3,66,7.5,997.3,1.7,2.0,10,713.7,0
2017-11-28 12:01:00,3,41,20.3,65,7.5,997.3,2.4,4.1,9,713.7,0
2017-11-28 12:04:00,3,41,20.3,69,7.4,997.3,1.7,2.4,8,713.7,0
2017-11-28 12:07:00,3,41,20.2,69,7.4,997.2,2.0,2.7,10,713.7,0
2017-11-28 12:10:00,3,41,20.2,64,7.5,997.1,1.4,1.7,10,713.7,0
2017-11-28 12:13:00,3,41,20.2,64,7.5,997.2,1.7,2.0,8,713.7,0
2017-11-28 12:16:00,3,41,20.2,64,7.5,997.2,2.4,3.7,9,713.7,0
2017-11-28 12:19:00,3,41,20.2,63,7.5,997.2,4.4,6.1,10,713.7,0
2017-11-28 12:22:00,3,42,20.2,62,7.5,997.1,1.7,2.4,8,713.7,0
2017-11-28 12:25:00,3,42,20.2,63,7.6,997.0,1.4,1.7,10,713.7,0
2017-11-28 12:28:00,3,42,20.2,63,7.7,997.1,1.4,1.7,10,713.7,0
2017-11-28 12:31:00,3,42,20.2,63,7.8,997.0,1.4,1.7,8,713.7,0
2017-11-28 12:34:00,3,42,20.2,62,7.9,997.0,1.4,1.7,8,713.7,0
2017-11-28 12:37:00,3,42,20.2,62,7.9,997.0,1.4,2.0,12,713.7,0
2017-11-28 12:40:00,3,42,20.2,62,7.9,997.1,2.0,2.7,10,713.7,0
2017-11-28 12:43:00,3,42,20.2,61,7.8,997.0,2.0,2.4,8,713.7,0
2017-11-28 12:46:00,3,42,20.2,61,7.8,997.0,1.7,2.4,9,713.7,0
2017-11-28 12:49:00,3,42,20.3,62,7.8,997.1,0.7,1.4,10,713.7,0
2017-11-28 12:52:00,3,42,20.3,61,7.7,997.1,1.7,3.1,12,713.7,0
2017-11-28 12:55:00,3,42,20.3,61,7.7,997.1,1.7,2.7,10,713.7,0
2017-11-28 12:58:00,3,42,20.3,61,7.6,997.0,2.4,3.1,10,713.7,0
2017-11-28 13:01:00,3,42,20.4,60,7.6,997.1,3.1,4.1,10,713.7,0
2017-11-28 13:04:00,3,42,20.4,60,7.6,997.2,3.1,4.1,10,713.7,0
2017-11-28 13:07:00,3,42,20.4,61,7.5,997.1,1.7,2.7,6,713.7,0
2017-11-28 13:10:00,3,42,20.4,65,7.4,997.1,1.7,2.7,10,713.7,0
2017-11-28 13:13:00,3,42,20.4,65,7.4,997.2,2.0,2.7,10,713.7,0
2017-11-28 13:16:00,3,42,20.4,66,7.4,997.0,2.0,3.4,4,713.7,0
2017-11-28 13:19:00,3,42,20.4,66,7.4,997.0,2.4,3.1,9,713.7,0
2017-11-28 13:22:00,3,42,20.4,66,7.3,997.1,1.4,1.7,9,713.7,0
2017-11-28 13:25:00,3,42,20.4,67,7.3,997.2,2.0,2.4,10,713.7,0
2017-11-28 13:28:00,3,42,20.5,67,7.3,997.1,1.7,2.7,12,713.7,0
2017-11-28 13:31:00,3,42,20.5,67,7.2,997.2,1.7,2.4,10,713.7,0
2017-11-28 13:34:00,3,42,20.5,68,7.2,997.1,1.4,1.7,10,713.7,0
2017-11-28 13:37:00,3,42,20.5,68,7.1,997.0,1.4,1.7,14,713.7,0
2017-11-28 13:40:00,3,42,20.5,68,7.1,997.1,0.7,1.0,10,713.7,0
2017-11-28 13:43:00,3,42,20.5,68,7.1,997.1,1.0,1.7,10,713.7,0
2017-11-28 13:46:00,3,42,20.5,68,7.1,997.2,1.4,2.0,8,713.7,0
2017-11-28 13:49:00,3,42,20.5,68,7.1,997.2,1.4,1.7,2,713.7,0
2017-11-28 13:52:00,3,42,20.5,68,7.1,997.1,2.0,2.7,10,713.7,0
2017-11-28 13:55:00,3,42,20.5,68,7.1,997.2,2.4,2.7,8,713.7,0
2017-11-28 13:58:00,3,41,20.5,69,7.1,997.2,2.0,2.4,8,713.7,0
2017-11-28 14:01:00,3,42,20.5,69,7.1,997.2,1.4,2.0,8,713.7,0
2017-11-28 14:04:00,3,42,20.5,69,7.1,997.2,1.7,2.4,10,713.7,0
2017-11-28 14:07:00,3,42,20.5,69,7.1,997.3,1.4,1.7,10,713.7,0
2017-11-28 14:10:00,3,41,20.5,70,7.0,997.3,1.0,2.4,12,713.7,0
2017-11-28 14:13:00,3,41,20.5,70,7.0,997.3,1.4,1.7,10,713.7,0
2017-11-28 14:16:00,3,41,20.5,69,7.0,997.4,1.0,1.4,8,713.7,0
2017-11-28 14:19:00,3,41,20.5,70,7.0,997.4,1.0,1.4,8,713.7,0
2017-11-28 14:22:00,3,41,20.5,70,7.0,997.3,1.0,1.4,6,713.7,0
2017-11-28 14:25:00,3,41,20.5,70,7.0,997.4,0.7,1.7,9,713.7,0
2017-11-28 14:28:00,3,41,20.5,70,7.0,997.4,0.7,1.0,8,713.7,0
2017-11-28 14:31:00,3,41,20.5,70,6.9,997.5,0.7,1.0,10,713.7,0
2017-11-28 14:34:00,3,41,20.5,70,6.9,997.5,1.4,2.0,10,713.7,0
2017-11-28 14:37:00,3,41,20.5,70,6.9,997.7,1.0,1.7,10,713.7,0
2017-11-28 14:40:00,3,41,20.5,70,6.9,997.7,1.7,2.4,9,713.7,0
2017-11-28 14:43:00,3,41,20.5,71,6.9,997.6,1.0,1.4,12,713.7,0
2017-11-28 14:46:00,3,41,20.5,71,6.8,997.6,1.4,1.7,12,713.7,0
2017-11-28 14:49:00,3,41,20.5,71,6.8,997.7,2.0,2.7,8,713.7,0
2017-11-28 14:52:00,3,41,20.5,71,6.8,997.7,1.0,1.4,6,713.7,0
2017-11-28 14:55:00,3,41,20.5,71,6.7,997.7,0.3,1.0,10,713.7,0
2017-11-28 14:58:00,3,41,20.5,71,6.7,997.7,1.4,2.4,10,713.7,0
2017-11-28 15:01:00,3,41,20.5,71,6.7,997.7,1.4,2.0,10,713.7,0
2017-11-28 15:04:00,3,41,20.5,71,6.7,997.7,1.4,2.0,10,713.7,0
2017-11-28 15:07:00,3,41,20.5,72,6.6,997.7,1.4,2.4,2,713.7,0
2017-11-28 15:10:00,3,41,20.5,72,6.6,997.7,1.0,2.0,14,713.7,0
2017-11-28 15:13:00,3,41,20.5,73,6.6,997.7,1.4,1.7,6,713.7,0
2017-11-28 15:16:00,3,41,20.5,73,6.5,997.8,1.4,1.7,6,713.7,0
2017-11-28 15:19:00,3,41,20.5,74,6.4,997.7,1.4,2.7,10,713.7,0
2017-11-28 15:22:00,3,41,20.5,74,6.4,997.6,0.7,1.0,10,713.7,0
2017-11-28 15:25:00,3,41,20.5,74,6.4,997.7,1.4,2.0,8,713.7,0
2017-11-28 15:28:00,3,41,20.5,74,6.4,997.8,1.0,1.4,9,713.7,0
2017-11-28 15:31:00,3,41,20.6,74,6.4,997.8,2.0,3.7,8,713.7,0
2017-11-28 15:34:00,3,41,20.5,73,6.4,997.7,1.7,2.4,10,713.7,0
2017-11-28 15:37:00,3,41,20.6,73,6.4,997.8,1.4,1.7,14,713.7,0
2017-11-28 15:40:00,3,41,20.6,73,6.4,997.9,1.0,1.4,12,713.7,0
2017-11-28 15:43:00,3,41,20.6,73,6.4,997.9,1.0,1.4,10,713.7,0
2017-11-28 15:46:00,3,41,20.6,73,6.4,997.9,1.7,2.0,14,713.7,0
2017-11-28 15:49:00,3,41,20.6,72,6.4,998.0,1.0,1.7,10,713.7,0
2017-11-28 15:52:00,3,41,20.6,72,6.4,997.8,0.7,1.0,9,713.7,0
2017-11-28 15:55:00,3,41,20.6,72,6.4,997.8,2.0,2.7,10,713.7,0
2017-11-28 15:58:00,3,41,20.6,72,6.4,997.8,1.4,1.7,8,713.7,0
2017-11-28 16:01:00,3,41,20.6,72,6.4,997.8,1.4,2.4,10,713.7,0
2017-11-28 16:04:00,3,41,20.6,72,6.4,997.9,0.7,1.0,12,713.7,0
2017-11-28 16:07:00,3,41,20.6,71,6.4,997.9,1.0,1.7,6,713.7,0
2017-11-28 16:10:00,3,41,20.6,71,6.4,997.8,1.0,1.4,11,713.7,0
2017-11-28 16:13:00,3,41,20.6,71,6.4,997.8,1.4,1.7,8,713.7,0
2017-11-28 16:16:00,3,41,20.6,71,6.4,997.9,0.7,1.7,8,713.7,0
2017-11-28 16:19:00,3,41,20.6,71,6.5,997.8,1.4,1.7,8,713.7,0
2017-11-28 16:22:00,3,41,20.6,71,6.5,997.9,3.4,4.8,10,713.7,0
2017-11-28 16:25:00,3,41,20.6,71,6.5,998.0,2.0,2.4,8,713.7,0
2017-11-28 16:28:00,3,41,20.6,71,6.5,997.9,1.0,1.4,8,713.7,0
2017-11-28 16:31:00,3,41,20.6,71,6.5,997.9,1.4,1.7,9,713.7,0
2017-11-28 16:34:00,3,41,20.6,71,6.4,997.9,1.0,2.0,4,713.7,0
2017-11-28 16:37:00,3,42,20.6,72,6.4,998.0,1.0,1.4,10,713.7,0
2017-11-28 16:40:00,3,43,20.6,72,6.4,997.9,1.4,2.4,8,713.7,0
2017-11-28 16:43:00,3,43,20.7,72,6.3,998.0,0.7,1.4,14,713.7,0
2017-11-28 16:46:00,3,43,20.9,72,6.3,998.1,0.7,1.4,8,713.7,0
2017-11-28 16:49:00,3,41,21.1,72,6.3,998.1,0.7,1.0,12,713.7,0
2017-11-28 16:52:00,3,40,21.3,72,6.3,998.3,1.4,2.0,12,713.7,0
2017-11-28 16:55:00,3,40,21.5,73,6.3,998.3,1.4,2.0,10,713.7,0
2017-11-28 16:58:00,3,39,21.6,73,6.2,998.2,1.0,1.4,8,713.7,0
2017-11-28 17:01:00,3,39,21.7,73,6.2,998.1,1.7,2.0,8,713.7,0
2017-11-28 17:04:00,3,39,21.8,73,6.2,998.3,1.7,2.0,8,713.7,0
2017-11-28 17:07:00,3,39,21.9,75,6.1,998.3,1.0,1.4,10,713.7,0
2017-11-28 17:10:00,3,37,22.0,75,6.0,998.3,0.7,1.0,8,713.7,0
2017-11-28 17:13:00,3,38,21.9,75,6.0,998.2,1.0,1.7,6,713.7,0
2017-11-28 17:16:00,3,38,21.8,75,6.0,998.2,1.0,1.4,9,713.7,0
2017-11-28 17:19:00,3,38,21.8,75,6.0,998.2,1.7,2.0,9,713.7,0
2017-11-28 17:22:00,3,38,21.8,74,6.1,998.2,1.0,1.4,10,713.7,0
2017-11-28 17:25:00,3,39,21.7,74,6.1,998.2,1.4,1.7,8,713.7,0
2017-11-28 17:28:00,3,38,21.7,74,6.1,998.2,1.4,1.7,11,713.7,0
2017-11-28 17:31:00,3,38,21.7,74,6.1,998.2,0.7,1.4,12,713.7,0
2017-11-28 17:34:00,3,38,21.6,73,6.1,998.2,0.3,0.7,11,713.7,0
2017-11-28 17:37:00,3,38,21.6,73,6.1,998.2,0.7,1.0,10,713.7,0
2017-11-28 17:40:00,3,39,21.6,73,6.1,998.1,1.0,1.4,10,713.7,0
2017-11-28 17:43:00,3,39,21.6,73,6.1,998.1,1.4,1.7,10,713.7,0
2017-11-28 17:46:00,3,39,21.5,72,6.2,998.1,0.7,1.0,8,713.7,0
2017-11-28 17:49:00,3,39,21.5,72,6.2,998.2,1.4,2.0,10,713.7,0
2017-11-28 17:52:00,3,39,21.5,72,6.2,998.1,1.4,2.0,8,713.7,0
2017-11-28 17:55:00,3,39,21.5,71,6.2,998.1,1.0,1.7,10,713.7,0
2017-11-28 17:58:00,3,39,21.5,71,6.2,998.1,0.7,1.0,12,713.7,0
2017-11-28 18:01:00,3,39,21.4,71,6.2,998.2,1.7,2.4,8,713.7,0
2017-11-28 18:04:00,3,39,21.3,71,6.3,998.1,1.4,2.7,10,713.7,0
2017-11-28 18:07:00,3,39,21.3,70,6.3,998.2,1.0,1.4,10,713.7,0
2017-11-28 18:10:00,3,39,21.3,70,6.3,998.1,0.7,1.4,12,713.7,0
2017-11-28 18:13:00,3,39,21.3,70,6.3,998.2,0.7,1.0,10,713.7,0
2017-11-28 18:16:00,3,39,21.2,70,6.3,998.1,0.7,1.0,12,713.7,0
2017-11-28 18:19:00,3,39,21.2,70,6.3,998.2,1.4,2.0,12,713.7,0
2017-11-28 18:22:00,3,39,21.2,70,6.3,998.2,1.0,1.4,10,713.7,0
2017-11-28 18:25:00,3,39,21.1,70,6.3,998.3,0.7,1.0,8,713.7,0
2017-11-28 18:28:00,3,39,21.1,70,6.3,998.2,1.0,1.4,4,713.7,0
2017-11-28 18:31:00,3,39,21.1,70,6.3,998.2,1.0,1.4,10,713.7,0
2017-11-28 18:34:00,3,39,21.1,70,6.3,998.1,1.0,1.7,12,713.7,0
2017-11-28 18:37:00,3,39,21.1,70,6.2,998.3,0.7,1.4,8,713.7,0
2017-11-28 18:40:00,3,39,21.1,70,6.3,998.2,1.0,1.7,10,713.7,0
2017-11-28 18:43:00,3,39,21.1,70,6.3,998.3,0.7,1.4,12,713.7,0
2017-11-28 18:46:00,3,39,21.1,70,6.3,998.3,1.0,1.4,0,713.7,0
2017-11-28 18:49:00,3,39,21.1,70,6.2,998.2,0.3,0.7,10,713.7,0
2017-11-28 18:52:00,3,39,21.0,70,6.2,998.3,0.7,1.0,10,713.7,0
2017-11-28 18:55:00,3,39,21.0,70,6.2,998.2,0.7,1.0,8,713.7,0
2017-11-28 18:58:00,3,39,21.0,70,6.2,998.3,2.0,2.7,10,713.7,0
2017-11-28 19:01:00,3,39,21.0,70,6.2,998.3,1.0,1.4,10,713.7,0
2017-11-28 19:04:00,3,39,21.0,70,6.2,998.3,1.0,1.4,10,713.7,0
2017-11-28 19:07:00,3,39,21.0,70,6.2,998.4,1.0,1.4,10,713.7,0
2017-11-28 19:10:00,3,40,20.9,70,6.1,998.3,1.0,1.4,8,713.7,0
2017-11-28 19:13:00,3,39,21.0,70,6.1,998.3,1.4,1.7,10,713.7,0
2017-11-28 19:16:00,3,39,21.0,70,6.1,998.1,1.0,1.4,9,713.7,0
2017-11-28 19:19:00,3,40,20.9,70,6.1,998.2,1.4,1.7,10,713.7,0
2017-11-28 19:22:00,3,40,20.9,71,6.1,998.2,0.7,1.0,8,713.7,0
2017-11-28 19:25:00,3,40,20.9,71,6.1,998.1,1.0,1.4,8,713.7,0
2017-11-28 19:28:00,3,40,20.9,71,6.1,998.2,1.7,2.7,14,713.7,0
2017-11-28 19:31:00,3,40,20.9,71,6.1,998.3,1.4,1.7,8,713.7,0
2017-11-28 19:34:00,3,40,20.9,71,6.1,998.2,1.0,1.7,4,713.7,0
2017-11-28 19:37:00,3,40,20.9,71,6.1,998.2,0.7,1.0,12,713.7,0
2017-11-28 19:40:00,3,40,20.9,71,6.1,998.2,0.7,1.0,8,713.7,0
2017-11-28 19:43:00,3,40,20.9,71,6.1,998.2,0.3,0.7,10,713.7,0
2017-11-28 19:46:00,3,40,20.9,71,6.0,998.1,1.0,1.4,8,713.7,0
2017-11-28 19:49:00,3,40,20.9,71,6.0,998.2,0.7,1.0,10,713.7,0
2017-11-28 19:52:00,3,40,20.9,71,6.0,998.1,1.0,1.4,8,713.7,0
2017-11-28 19:55:00,3,40,20.9,71,6.0,998.1,1.0,1.4,8,713.7,0
2017-11-28 19:58:00,3,40,20.9,71,6.0,998.3,1.0,1.4,10,713.7,0
2017-11-28 20:01:00,3,40,20.9,71,6.0,998.2,0.7,1.0,10,713.7,0
2017-11-28 20:04:00,3,41,20.9,71,6.0,998.2,1.0,1.4,6,713.7,0
2017-11-28 20:07:00,3,41,20.9,71,6.0,998.2,0.7,1.0,9,713.7,0
2017-11-28 20:10:00,3,41,20.9,71,6.0,998.2,1.7,2.7,10,713.7,0
2017-11-28 20:13:00,3,41,20.9,71,6.0,998.2,1.0,1.4,10,713.7,0
2017-11-28 20:16:00,3,40,20.9,71,6.0,998.2,1.0,1.4,12,713.7,0
2017-11-28 20:19:00,3,41,20.9,71,5.9,998.4,1.0,1.4,10,713.7,0
2017-11-28 20:22:00,3,41,20.9,71,5.9,998.2,0.7,1.4,10,713.7,0
2017-11-28 20:25:00,3,41,20.9,71,5.9,998.3,1.4,2.0,14,713.7,0
2017-11-28 20:28:00,3,41,20.9,71,5.9,998.2,1.0,1.7,10,713.7,0
2017-11-28 20:31:00,3,41,20.9,71,5.9,998.3,0.7,1.0,10,713.7,0
2017-11-28 20:34:00,3,41,20.9,71,5.9,998.3,1.0,1.7,10,713.7,0
2017-11-28 20:37:00,3,41,20.9,71,5.9,998.3,0.7,1.0,8,713.7,0
2017-11-28 20:40:00,3,41,20.9,71,5.8,998.3,0.7,1.0,8,713.7,0
2017-11-28 20:43:00,3,41,20.9,71,5.8,998.3,0.7,1.0,10,713.7,0
2017-11-28 20:46:00,3,41,20.9,71,5.8,998.3,1.0,1.7,10,713.7,0
2017-11-28 20:49:00,3,41,20.9,71,5.8,998.3,1.0,2.0,10,713.7,0
2017-11-28 20:52:00,3,41,20.9,71,5.8,998.2,1.0,1.4,10,713.7,0
2017-11-28 20:55:00,3,41,20.9,71,5.8,998.3,0.7,1.4,10,713.7,0
2017-11-28 20:58:00,3,41,20.9,72,5.7,998.3,0.7,1.0,8,713.7,0
2017-11-28 21:01:00,3,41,20.9,72,5.7,998.3,1.4,1.7,12,713.7,0
2017-11-28 21:04:00,3,41,20.9,72,5.7,998.3,1.4,1.7,12,713.7,0
2017-11-28 21:07:00,3,41,20.9,72,5.7,998.4,1.7,2.4,8,713.7,0
2017-11-28 21:10:00,3,41,20.9,72,5.7,998.3,1.0,1.4,10,713.7,0
2017-11-28 21:13:00,3,41,20.9,72,5.7,998.4,1.0,1.7,8,713.7,0
2017-11-28 21:16:00,3,41,20.9,72,5.7,998.4,2.0,3.1,10,713.7,0
2017-11-28 21:19:00,3,41,20.9,72,5.7,998.3,1.0,1.7,6,713.7,0
2017-11-28 21:22:00,3,41,20.9,71,5.7,998.5,0.7,1.0,10,713.7,0
2017-11-28 21:25:00,3,41,20.9,71,5.7,998.4,0.7,1.4,12,713.7,0
2017-11-28 21:28:00,3,41,20.9,71,5.7,998.5,0,0.7,8,713.7,0
2017-11-28 21:31:00,3,41,20.9,72,5.7,998.5,1.0,1.7,6,713.7,0
2017-11-28 21:34:00,3,41,20.8,72,5.6,998.5,0.7,1.0,8,713.7,0
2017-11-28 21:37:00,3,40,20.8,72,5.6,998.4,1.0,1.4,12,713.7,0
2017-11-28 21:40:00,3,40,20.8,72,5.6,998.4,1.4,1.7,10,713.7,0
2017-11-28 21:43:00,3,40,20.7,72,5.6,998.4,0.7,1.4,10,713.7,0
2017-11-28 21:46:00,3,40,20.7,72,5.6,998.6,1.4,2.0,10,713.7,0
2017-11-28 21:49:00,3,40,20.7,72,5.6,998.5,1.4,2.0,10,713.7,0
2017-11-28 21:52:00,3,40,20.7,72,5.5,998.4,1.4,1.7,10,713.7,0
2017-11-28 21:55:00,3,40,20.7,72,5.5,998.5,0.7,1.7,12,713.7,0
2017-11-28 21:58:00,3,40,20.7,72,5.5,998.4,1.0,1.4,9,713.7,0
2017-11-28 22:01:00,3,40,20.7,72,5.5,998.4,0.7,1.0,10,713.7,0
2017-11-28 22:04:00,3,40,20.7,72,5.5,998.6,1.4,2.0,13,713.7,0
2017-11-28 22:07:00,3,40,20.6,72,5.5,998.5,1.4,2.0,10,713.7,0
2017-11-28 22:10:00,3,40,20.7,72,5.4,998.4,1.4,1.7,10,713.7,0
2017-11-28 22:13:00,3,40,20.6,72,5.4,998.6,0.3,0.7,9,713.7,0
2017-11-28 22:16:00,3,40,20.6,72,5.4,998.6,1.4,1.7,11,713.7,0
2017-11-28 22:19:00,3,40,20.6,72,5.4,998.6,0.7,1.4,10,713.7,0
2017-11-28 22:22:00,3,40,20.6,72,5.4,998.6,1.4,2.0,14,713.7,0
2017-11-28 22:25:00,3,40,20.6,72,5.4,998.6,1.0,1.4,10,713.7,0
2017-11-28 22:28:00,3,40,20.6,72,5.4,998.6,2.0,2.4,15,713.7,0
2017-11-28 22:31:00,3,40,20.6,72,5.4,998.5,0.7,1.0,12,713.7,0
2017-11-28 22:34:00,3,40,20.6,72,5.3,998.6,1.0,1.4,8,713.7,0
2017-11-28 22:37:00,3,40,20.5,72,5.3,998.5,1.0,1.4,10,713.7,0
2017-11-28 22:40:00,3,40,20.5,72,5.3,998.6,0.7,1.0,10,713.7,0
2017-11-28 22:43:00,3,40,20.5,72,5.3,998.6,1.4,1.7,8,713.7,0
2017-11-28 22:46:00,3,40,20.5,73,5.3,998.6,1.0,1.4,10,713.7,0
2017-11-28 22:49:00,3,40,20.5,72,5.3,998.6,0.7,1.0,12,713.7,0
2017-11-28 22:52:00,3,40,20.5,72,5.3,998.6,1.7,3.1,10,713.7,0
2017-11-28 22:55:00,3,40,20.5,72,5.3,998.6,1.4,2.0,10,713.7,0
2017-11-28 22:58:00,3,40,20.5,72,5.3,998.7,1.4,1.7,9,713.7,0
