2017-11-23 00:01:00,3,43,21.0,86,4.4,1001.4,0,0,0,689.7,0
2017-11-23 00:04:00,3,43,21.0,86,4.4,1001.3,0,0,0,689.7,0
2017-11-23 00:07:00,3,43,21.0,86,4.3,1001.4,0,0,8,689.7,0
2017-11-23 00:10:00,3,43,21.0,86,4.2,1001.4,0,0,4,689.7,0
2017-11-23 00:13:00,3,44,20.9,86,4.1,1001.4,0,0.3,2,689.7,0
2017-11-23 00:16:00,3,44,20.9,86,4.1,1001.3,0,0,2,689.7,0
2017-11-23 00:19:00,3,44,20.9,86,4.1,1001.3,0,0,2,689.7,0
2017-11-23 00:22:00,3,44,20.9,86,4.0,1001.4,0,0.3,4,689.7,0
2017-11-23 00:25:00,3,44,20.9,86,4.0,1001.4,0,0,0,689.7,0
2017-11-23 00:28:00,3,44,20.9,86,3.9,1001.5,0.3,0.3,10,689.7,0
2017-11-23 00:31:00,3,44,20.9,86,3.9,1001.5,0,0,6,689.7,0
2017-11-23 00:34:00,3,44,20.8,86,3.9,1001.4,0.3,0.7,14,689.7,0
2017-11-23 00:37:00,3,44,20.7,86,4.0,1001.5,0.7,1.0,0,689.7,0
2017-11-23 00:40:00,3,44,20.7,86,4.1,1001.4,0.3,0.7,4,689.7,0
2017-11-23 00:43:00,3,44,20.7,87,4.1,1001.3,0,0.3,8,689.7,0
2017-11-23 00:46:00,3,44,20.7,87,4.1,1001.3,0,0,4,689.7,0
2017-11-23 00:49:00,3,44,20.7,87,4.1,1001.3,0.3,0.7,4,689.7,0
2017-11-23 00:52:00,3,44,20.6,87,4.2,1001.4,0.3,0.7,6,689.7,0
2017-11-23 00:55:00,3,44,20.6,87,4.4,1001.3,1.0,1.4,8,689.7,0
2017-11-23 00:58:00,3,44,20.6,87,4.5,1001.3,0,0.3,6,689.7,0
2017-11-23 01:01:00,3,44,20.6,87,4.5,1001.3,0.7,1.0,4,689.7,0
2017-11-23 01:04:00,3,44,20.6,87,4.5,1001.3,0.7,1.0,4,689.7,0
2017-11-23 01:07:00,3,44,20.6,88,4.7,1001.3,0.3,0.7,8,689.7,0
2017-11-23 01:10:00,3,44,20.6,88,4.7,1001.2,0.3,1.0,0,689.7,0
2017-11-23 01:13:00,3,44,20.5,88,4.8,1001.2,0,0,14,689.7,0
2017-11-23 01:16:00,3,44,20.5,88,4.8,1001.2,0,0,4,689.7,0
2017-11-23 01:19:00,3,44,20.5,88,4.8,1001.2,0,0.3,6,689.7,0
2017-11-23 01:22:00,3,44,20.5,88,4.8,1001.1,0,0,10,689.7,0
2017-11-23 01:25:00,3,44,20.5,88,4.8,1001.0,0,0.7,6,689.7,0
2017-11-23 01:28:00,3,44,20.5,88,4.8,1001.0,0,0.3,4,689.7,0
2017-11-23 01:31:00,3,44,20.5,87,4.7,1001.0,0.7,1.4,6,689.7,0
2017-11-23 01:34:00,3,44,20.4,87,4.7,1000.9,0,0,8,689.7,0
2017-11-23 01:37:00,3,44,20.4,87,4.7,1000.9,0,0.3,8,689.7,0
2017-11-23 01:40:00,3,44,20.4,87,4.6,1001.0,0,0,4,689.7,0
2017-11-23 01:43:00,3,44,20.4,87,4.6,1000.9,0,0,4,689.7,0
2017-11-23 01:46:00,3,44,20.4,87,4.5,1000.8,0,0,4,689.7,0
2017-11-23 01:49:00,3,44,20.4,87,4.5,1001.0,0,0,6,689.7,0
2017-11-23 01:52:00,3,44,20.4,87,4.5,1000.9,0,0,4,689.7,0
2017-11-23 01:55:00,3,44,20.4,87,4.4,1000.8,0,0,8,689.7,0
2017-11-23 01:58:00,3,44,20.3,87,4.3,1000.8,0,0,6,689.7,0
2017-11-23 02:01:00,3,44,20.3,86,4.3,1000.8,0,0.3,6,689.7,0
2017-11-23 02:04:00,3,44,20.3,86,4.3,1000.8,0,0.3,6,689.7,0
2017-11-23 02:07:00,3,44,20.3,87,4.4,1000.7,0,0,0,689.7,0
2017-11-23 02:10:00,3,44,20.3,87,4.4,1000.6,0,0,6,689.7,0
2017-11-23 02:13:00,3,44,20.3,87,4.4,1000.6,0.3,0.7,2,689.7,0
2017-11-23 02:16:00,3,44,20.3,87,4.4,1000.4,0,0.3,8,689.7,0
2017-11-23 02:19:00,3,44,20.2,87,4.4,1000.4,0.3,0.7,8,689.7,0
2017-11-23 02:22:00,3,44,20.2,87,4.4,1000.4,0.7,1.0,4,689.7,0
2017-11-23 02:25:00,3,44,20.2,87,4.5,1000.4,1.0,1.7,8,689.7,0
2017-11-23 02:28:00,3,44,20.2,87,4.5,1000.4,0,0.3,4,689.7,0
2017-11-23 02:31:00,3,44,20.1,87,4.5,1000.5,0.7,1.0,4,689.7,0
2017-11-23 02:34:00,3,44,20.1,87,4.5,1000.4,0.3,0.7,4,689.7,0
2017-11-23 02:37:00,3,44,20.1,87,4.5,1000.4,0.3,0.7,6,689.7,0
2017-11-23 02:40:00,3,44,20.1,87,4.5,1000.3,0,0.7,8,689.7,0
2017-11-23 02:43:00,3,44,20.1,87,4.6,1000.2,0,0,9,689.7,0
2017-11-23 02:46:00,3,44,20.1,87,4.6,1000.2,0,0.3,4,689.7,0
2017-11-23 02:49:00,3,44,20.1,87,4.6,1000.2,0,0.3,2,689.7,0
2017-11-23 02:52:00,3,44,20.0,87,4.6,1000.2,0.3,0.7,4,689.7,0
2017-11-23 02:55:00,3,44,20.0,87,4.6,1000.2,0,0,4,689.7,0
2017-11-23 02:58:00,3,44,20.0,87,4.6,1000.2,0,0.3,6,689.7,0
2017-11-23 03:01:00,3,44,20.0,87,4.6,1000.1,0,0.3,6,689.7,0
2017-11-23 03:04:00,3,44,20.0,87,4.6,1000.1,0,0.3,6,689.7,0
2017-11-23 03:07:00,3,44,20.0,87,4.6,1000.2,0,0,8,689.7,0
2017-11-23 03:10:00,3,44,20.0,87,4.6,1000.2,0,0.3,4,689.7,0
2017-11-23 03:13:00,3,44,20.0,86,4.6,1000.2,0,0.3,6,689.7,0
2017-11-23 03:16:00,3,45,19.9,86,4.6,1000.1,0,0.3,2,689.7,0
2017-11-23 03:19:00,3,45,19.8,86,4.5,1000.2,0,0.3,6,689.7,0
2017-11-23 03:22:00,3,45,19.8,86,4.5,1000.1,0,0.3,8,689.7,0
2017-11-23 03:25:00,3,45,19.8,86,4.5,1000.0,0,0.3,4,689.7,0
2017-11-23 03:28:00,3,45,19.8,86,4.5,1000.0,0,0,5,689.7,0
2017-11-23 03:31:00,3,44,19.8,86,4.5,1000.1,0.3,0.7,8,689.7,0
2017-11-23 03:34:00,3,44,19.8,86,4.5,1000.1,0,0.3,4,689.7,0
2017-11-23 03:37:00,3,44,19.8,86,4.5,1000.2,0,0.3,6,689.7,0
2017-11-23 03:40:00,3,44,19.8,86,4.5,1000.1,0,0,8,689.7,0
2017-11-23 03:43:00,3,44,19.7,86,4.4,1000.1,0,0,4,689.7,0
2017-11-23 03:46:00,3,44,19.7,86,4.4,1000.0,0,0,8,689.7,0
2017-11-23 03:49:00,3,44,19.7,86,4.4,1000.0,0,0,6,689.7,0
2017-11-23 03:52:00,3,44,19.7,86,4.4,1000.0,0,0,4,689.7,0
2017-11-23 03:55:00,3,44,19.7,86,4.3,1000.0,0,0,4,689.7,0
2017-11-23 03:58:00,3,44,19.7,86,4.2,999.9,0,0,4,689.7,0
2017-11-23 04:01:00,3,44,19.6,85,4.1,999.9,0,0,6,689.7,0
2017-11-23 04:04:00,3,44,19.7,85,4.1,999.9,0,0,4,689.7,0
2017-11-23 04:07:00,3,44,19.6,85,4.1,999.9,0,0,2,689.7,0
2017-11-23 04:10:00,3,44,19.6,85,4.2,999.8,0,0,6,689.7,0
2017-11-23 04:13:00,3,44,19.6,85,4.2,999.8,0,0,6,689.7,0
2017-11-23 04:16:00,3,44,19.6,86,4.2,999.7,0,0,4,689.7,0
2017-11-23 04:19:00,3,44,19.6,86,4.3,999.7,0,0,2,689.7,0
2017-11-23 04:22:00,3,44,19.6,86,4.3,999.8,0,0,2,689.7,0
2017-11-23 04:25:00,3,44,19.6,86,4.3,999.9,0,0,12,689.7,0
2017-11-23 04:28:00,3,44,19.5,86,4.2,999.9,0,0,14,689.7,0
2017-11-23 04:31:00,3,44,19.5,85,4.1,1000.0,0,0,14,689.7,0
2017-11-23 04:34:00,3,44,19.5,85,4.0,999.9,0.3,0.7,4,689.7,0
2017-11-23 04:37:00,3,44,19.5,85,4.0,999.9,0,0.3,6,689.7,0
2017-11-23 04:40:00,3,44,19.4,85,4.1,999.8,0,0,4,689.7,0
2017-11-23 04:43:00,3,44,19.5,85,4.0,999.7,0.3,0.7,6,689.7,0
2017-11-23 04:46:00,3,44,19.4,85,4.0,999.7,0,0,6,689.7,0
2017-11-23 04:49:00,3,44,19.3,85,3.9,999.7,0,0,8,689.7,0
2017-11-23 04:52:00,3,44,19.3,85,3.9,999.8,0,0,0,689.7,0
2017-11-23 04:55:00,3,44,19.3,85,3.8,999.8,0,0.3,2,689.7,0
2017-11-23 04:58:00,3,44,19.3,85,3.8,999.7,0,0.3,3,689.7,0
2017-11-23 05:01:00,3,44,19.3,85,3.8,999.9,0,0,2,689.7,0
2017-11-23 05:04:00,3,44,19.3,85,3.8,999.8,0,0,2,689.7,0
2017-11-23 05:07:00,3,44,19.3,85,3.9,999.8,0.3,0.7,4,689.7,0
2017-11-23 05:10:00,3,44,19.4,85,3.9,999.8,0.3,0.3,0,689.7,0
2017-11-23 05:13:00,3,44,19.5,85,3.9,999.8,0,0,0,689.7,0
2017-11-23 05:16:00,3,44,19.5,85,3.8,999.8,0,0,4,689.7,0
2017-11-23 05:19:00,3,44,19.5,85,3.7,999.7,0,0,4,689.7,0
2017-11-23 05:22:00,3,44,19.6,85,3.7,999.8,0,0,4,689.7,0
2017-11-23 05:25:00,3,44,19.6,85,3.7,999.8,0,0,4,689.7,0
2017-11-23 05:28:00,3,44,19.6,85,3.7,999.9,0,0.3,4,689.7,0
2017-11-23 05:31:00,3,44,19.7,86,3.8,999.9,0.3,0.7,6,689.7,0
2017-11-23 05:34:00,3,44,19.7,86,3.8,999.8,0.3,0.3,4,689.7,0
2017-11-23 05:37:00,3,44,19.7,86,3.8,999.8,0,0.3,0,689.7,0
2017-11-23 05:40:00,3,43,19.8,86,3.8,999.8,0,0.3,0,689.7,0
2017-11-23 05:43:00,3,43,19.8,86,3.8,999.9,0,0.3,14,689.7,0
2017-11-23 05:46:00,3,43,19.8,86,3.7,1000.0,0,0,14,689.7,0
2017-11-23 05:49:00,3,42,20.0,85,3.7,999.9,0.3,0.7,4,689.7,0
2017-11-23 05:52:00,3,42,20.0,86,3.7,999.9,0.3,0.7,4,689.7,0
2017-11-23 05:55:00,3,42,20.0,86,3.8,999.9,0,0,4,689.7,0
2017-11-23 05:58:00,3,42,20.1,86,3.8,1000.0,0.3,0.3,4,689.7,0
2017-11-23 06:01:00,3,42,20.1,86,3.7,999.9,0.3,0.3,14,689.7,0
2017-11-23 06:04:00,3,42,20.1,86,3.7,1000.1,0.3,0.7,0,689.7,0
2017-11-23 06:07:00,3,42,20.1,85,3.6,1000.1,0,0,0,689.7,0
2017-11-23 06:10:00,3,42,20.2,85,3.5,1000.0,0,0,4,689.7,0
2017-11-23 06:13:00,3,42,20.2,85,3.4,999.9,0,0,2,689.7,0
2017-11-23 06:16:00,3,42,20.3,85,3.3,1000.0,0,0,4,689.7,0
2017-11-23 06:19:00,3,42,20.3,85,3.3,1000.0,0.3,0.7,2,689.7,0
2017-11-23 06:22:00,3,42,20.3,85,3.3,999.9,0.3,0.7,4,689.7,0
2017-11-23 06:25:00,3,42,20.3,85,3.4,1000.0,0,0,2,689.7,0
2017-11-23 06:28:00,3,42,20.4,85,3.5,999.9,0.3,0.7,4,689.7,0
2017-11-23 06:31:00,3,42,20.4,86,3.7,1000.0,0.3,0.7,6,689.7,0
2017-11-23 06:34:00,3,42,20.4,86,3.8,999.9,0,0.3,2,689.7,0
2017-11-23 06:37:00,3,42,20.4,86,4.0,999.9,0,0.7,4,689.7,0
2017-11-23 06:40:00,3,42,20.4,86,4.1,999.9,0,0.3,4,689.7,0
2017-11-23 06:43:00,3,42,20.4,86,4.2,1000.0,0,0,0,689.7,0
2017-11-23 06:46:00,3,42,20.4,86,4.2,999.9,0,0,4,689.7,0
2017-11-23 06:49:00,3,42,20.4,86,4.3,1000.1,0,0,4,689.7,0
2017-11-23 06:52:00,3,42,20.5,86,4.3,999.9,0,0,4,689.7,0
2017-11-23 06:55:00,3,42,20.5,86,4.4,1000.0,0,0,8,689.7,0
2017-11-23 06:58:00,3,42,20.6,86,4.5,999.9,0,0,6,689.7,0
2017-11-23 07:01:00,3,42,20.9,86,4.5,999.8,0,0,4,689.7,0
2017-11-23 07:04:00,3,40,21.1,86,4.5,999.8,0,0,4,689.7,0
2017-11-23 07:07:00,3,40,21.2,86,4.7,999.8,0.7,1.0,3,689.7,0
2017-11-23 07:10:00,3,40,21.3,86,4.8,999.8,0.3,0.7,6,689.7,0
2017-11-23 07:13:00,3,39,21.5,85,4.9,999.8,0.3,0.7,4,689.7,0
2017-11-23 07:16:00,3,39,21.6,85,5.0,1000.0,0.7,1.0,4,689.7,0
2017-11-23 07:19:00,3,39,21.7,85,5.2,999.9,0,0,2,689.7,0
2017-11-23 07:22:00,3,39,21.7,85,5.4,999.8,0.3,0.7,4,689.7,0
2017-11-23 07:25:00,3,39,21.8,84,5.5,999.7,0.7,1.0,2,689.7,0
2017-11-23 07:28:00,3,39,21.9,84,5.7,999.9,0.7,1.0,6,689.7,0
2017-11-23 07:31:00,3,39,21.9,83,5.9,999.8,1.7,2.4,8,689.7,0
2017-11-23 07:34:00,3,38,22.0,82,6.2,999.8,0.3,0.7,10,689.7,0
2017-11-23 07:37:00,3,38,22.1,81,6.4,999.8,1.0,1.4,4,689.7,0
2017-11-23 07:40:00,3,38,22.2,80,6.6,999.9,1.0,2.0,6,689.7,0
2017-11-23 07:43:00,3,38,22.2,78,6.9,999.9,0.7,1.0,2,689.7,0
2017-11-23 07:46:00,3,38,22.3,77,7.0,999.8,0.3,0.7,2,689.7,0
2017-11-23 07:49:00,3,38,22.3,75,7.2,999.9,0.7,1.4,8,689.7,0
2017-11-23 07:52:00,3,37,22.5,74,7.3,999.9,1.4,3.1,8,689.7,0
2017-11-23 07:55:00,3,37,22.6,73,7.4,1000.0,2.0,2.7,4,689.7,0
2017-11-23 07:58:00,3,37,22.6,69,7.6,1000.1,0.7,1.0,9,689.7,0
2017-11-23 08:01:00,3,37,22.7,69,7.7,1000.1,0.7,1.0,8,689.7,0
2017-11-23 08:04:00,3,36,22.7,69,7.8,1000.2,0,0,4,689.7,0
2017-11-23 08:07:00,3,36,22.7,69,7.8,1000.2,1.0,1.4,6,689.7,0
2017-11-23 08:10:00,3,36,22.8,68,7.9,1000.1,0.7,1.0,4,689.7,0
2017-11-23 08:13:00,3,36,22.9,67,8.0,1000.2,1.4,1.7,10,689.7,0
2017-11-23 08:16:00,3,36,22.9,67,8.0,1000.1,1.4,2.4,9,689.7,0
2017-11-23 08:19:00,3,36,22.9,66,8.1,1000.2,1.4,1.7,2,689.7,0
2017-11-23 08:22:00,3,35,23.0,66,8.2,1000.2,2.4,3.1,10,689.7,0
2017-11-23 08:25:00,3,35,23.0,65,8.3,1000.2,1.7,2.4,6,689.7,0
2017-11-23 08:28:00,3,35,22.9,65,8.4,1000.2,1.7,2.0,8,689.7,0
2017-11-23 08:31:00,3,35,22.7,65,8.5,1000.2,1.0,1.4,2,689.7,0
2017-11-23 08:34:00,3,36,22.6,65,8.5,1000.1,2.0,2.4,8,689.7,0
2017-11-23 08:37:00,3,36,22.6,64,8.6,1000.2,1.7,3.4,10,689.7,0
2017-11-23 08:40:00,3,36,22.5,64,8.6,1000.3,1.0,1.7,7,689.7,0
2017-11-23 08:43:00,3,37,22.4,64,8.7,1000.4,1.0,1.7,2,689.7,0
2017-11-23 08:46:00,3,37,22.3,64,8.8,1000.3,1.7,2.0,10,689.7,0
2017-11-23 08:49:00,3,37,22.3,64,8.8,1000.2,1.4,2.0,12,689.7,0
2017-11-23 08:52:00,3,37,22.2,63,8.8,1000.3,1.7,2.4,8,689.7,0
2017-11-23 08:55:00,3,37,22.2,64,8.9,1000.3,1.0,2.0,4,689.7,0
2017-11-23 08:58:00,3,37,22.2,63,9.0,1000.2,1.0,1.7,9,689.7,0
2017-11-23 09:01:00,3,38,22.1,63,9.0,1000.1,2.4,3.4,7,689.7,0
2017-11-23 09:04:00,3,38,22.0,63,9.0,1000.1,2.4,3.4,7,689.7,0
2017-11-23 09:07:00,3,38,22.0,62,9.1,1000.1,2.4,3.1,6,689.7,0
2017-11-23 09:10:00,3,39,21.9,62,9.2,1000.2,2.0,3.1,8,689.7,0
2017-11-23 09:13:00,3,39,21.9,61,9.3,1000.1,2.4,3.4,6,689.7,0
2017-11-23 09:16:00,3,39,21.8,61,9.4,1000.2,1.4,2.4,6,689.7,0
2017-11-23 09:19:00,3,39,21.8,61,9.4,1000.2,2.4,3.1,6,689.7,0
2017-11-23 09:22:00,3,39,21.8,61,9.5,1000.3,2.4,3.1,10,689.7,0
2017-11-23 09:25:00,3,39,21.7,61,9.5,1000.4,2.0,2.4,6,689.7,0
2017-11-23 09:28:00,3,39,21.7,61,9.5,1000.4,1.7,2.0,8,689.7,0
2017-11-23 09:31:00,3,39,21.7,61,9.4,1000.3,1.0,1.4,10,689.7,0
2017-11-23 09:34:00,3,40,21.6,61,9.4,1000.1,2.0,2.4,8,689.7,0
2017-11-23 09:37:00,3,41,21.6,61,9.4,1000.1,2.7,3.4,8,689.7,0
2017-11-23 09:40:00,3,41,21.7,61,9.4,1000.1,1.0,2.0,8,689.7,0
2017-11-23 09:43:00,3,41,21.8,61,9.4,1000.3,4.1,4.8,8,689.7,0
2017-11-23 09:46:00,3,40,21.9,61,9.5,1000.3,4.4,5.8,8,690.0,0
2017-11-23 09:49:00,3,39,22.1,61,9.5,1000.4,1.4,2.7,8,690.0,0
2017-11-23 09:52:00,3,38,22.2,61,9.6,1000.3,2.4,3.1,8,690.0,0
2017-11-23 09:55:00,3,38,22.3,61,9.6,1000.3,1.7,2.4,12,690.0,0
2017-11-23 09:58:00,3,38,22.5,61,9.6,1000.3,2.0,2.7,8,690.0,0
2017-11-23 10:01:00,3,38,22.6,61,9.6,1000.3,1.4,2.4,10,690.0,0
2017-11-23 10:04:00,3,38,22.6,61,9.7,1000.1,2.0,2.7,6,690.0,0
2017-11-23 10:07:00,3,38,22.7,61,9.8,1000.2,1.0,1.4,12,690.0,0
2017-11-23 10:10:00,3,37,22.7,61,9.9,1000.2,1.0,1.7,10,690.0,0
2017-11-23 10:13:00,3,37,22.7,61,10.0,1000.2,2.0,2.7,2,690.0,0
2017-11-23 10:16:00,3,37,22.9,61,10.0,1000.0,2.0,2.4,8,690.0,0
2017-11-23 10:19:00,3,38,22.9,61,10.0,1000.1,2.0,3.1,10,690.0,0
2017-11-23 10:22:00,3,38,22.9,61,10.0,1000.2,1.4,1.7,8,690.0,0
2017-11-23 10:25:00,3,36,23.0,61,10.0,1000.2,1.4,1.7,8,690.0,0
2017-11-23 10:28:00,3,36,23.0,61,10.0,1000.1,1.7,2.0,4,690.0,0
2017-11-23 10:31:00,3,36,23.1,61,10.1,1000.2,1.0,2.0,12,690.0,0
2017-11-23 10:34:00,3,36,23.1,61,10.2,1000.1,2.0,2.7,4,690.0,0
2017-11-23 10:37:00,3,36,23.0,61,10.2,999.9,0.7,1.0,5,690.0,0
2017-11-23 10:40:00,3,36,22.9,61,10.3,999.9,1.4,1.7,6,690.0,0
2017-11-23 10:43:00,3,37,22.8,61,10.3,1000.0,0.7,1.7,6,690.0,0
2017-11-23 10:46:00,3,37,22.7,61,10.4,999.9,1.0,1.7,8,690.0,0
2017-11-23 10:49:00,3,38,22.6,61,10.3,999.9,2.0,3.1,10,690.0,0
2017-11-23 10:52:00,3,38,22.6,61,10.3,999.8,1.4,1.7,8,690.0,0
2017-11-23 10:55:00,3,38,22.5,61,10.3,999.8,1.7,2.7,6,690.0,0
2017-11-23 10:58:00,3,38,22.4,61,10.2,999.7,1.4,2.0,2,690.0,0
2017-11-23 11:01:00,3,38,22.3,61,10.2,999.4,2.0,2.7,10,690.0,0
2017-11-23 11:04:00,3,38,22.3,61,10.2,999.5,2.0,2.7,10,690.0,0
2017-11-23 11:07:00,3,38,22.2,61,10.3,999.5,0.7,1.0,14,690.0,0
2017-11-23 11:10:00,3,38,22.2,61,10.4,999.6,1.4,2.0,4,690.0,0
2017-11-23 11:13:00,3,38,22.2,61,10.5,999.4,0.7,1.0,10,690.0,0
2017-11-23 11:16:00,3,38,22.1,61,10.5,999.5,1.0,1.4,8,690.0,0
2017-11-23 11:19:00,3,38,22.1,61,10.5,999.4,1.7,3.1,8,690.0,0
2017-11-23 11:22:00,3,39,22.0,61,10.6,999.5,1.0,1.7,8,690.0,0
2017-11-23 11:25:00,3,39,21.9,61,10.6,999.6,1.4,2.0,8,690.0,0
2017-11-23 11:28:00,3,39,21.9,61,10.6,999.5,2.0,2.4,8,690.0,0
2017-11-23 11:31:00,3,40,21.9,61,10.6,999.5,2.0,2.4,8,690.0,0
2017-11-23 11:34:00,3,40,21.9,61,10.6,999.6,1.7,2.4,6,690.0,0
2017-11-23 11:37:00,3,40,21.8,61,10.6,999.6,2.0,2.7,5,690.0,0
2017-11-23 11:40:00,3,40,21.8,61,10.6,999.6,1.7,2.4,8,690.0,0
2017-11-23 11:43:00,3,40,21.8,61,10.6,999.5,1.4,2.0,8,690.0,0
2017-11-23 11:46:00,3,40,21.7,61,10.7,999.5,1.4,2.7,6,690.0,0
2017-11-23 11:49:00,3,40,21.7,61,10.7,999.4,2.4,3.1,10,690.0,0
2017-11-23 11:52:00,3,40,21.6,61,10.8,999.5,2.0,3.1,8,690.0,0
2017-11-23 11:55:00,3,40,21.6,61,10.8,999.4,0.7,1.0,0,690.0,0
2017-11-23 11:58:00,3,40,21.5,61,10.8,999.4,2.7,3.7,7,690.0,0
2017-11-23 12:01:00,3,40,21.5,61,10.8,999.3,1.7,2.4,10,690.0,0
2017-11-23 12:04:00,3,40,21.5,61,10.9,999.2,2.0,3.4,10,690.0,0
2017-11-23 12:07:00,3,40,21.4,61,11.0,999.4,2.0,2.7,8,690.0,0
2017-11-23 12:10:00,3,40,21.3,60,11.1,999.4,2.4,3.7,9,690.0,0
2017-11-23 12:13:00,3,40,21.3,60,11.1,999.4,3.7,4.4,10,690.0,0
2017-11-23 12:16:00,3,40,21.3,60,11.2,999.4,1.4,1.7,8,690.0,0
2017-11-23 12:19:00,3,40,21.3,61,11.2,999.4,1.0,1.4,9,690.0,0
2017-11-23 12:22:00,3,40,21.2,61,11.1,999.4,0.7,1.0,8,690.0,0
2017-11-23 12:25:00,3,40,21.2,60,11.1,999.3,1.7,2.0,8,690.0,0
2017-11-23 12:28:00,3,41,21.2,61,11.1,999.3,1.0,1.7,0,690.0,0
2017-11-23 12:31:00,3,41,21.2,61,11.1,999.3,0.7,1.0,5,690.0,0
2017-11-23 12:34:00,3,41,21.2,61,11.1,999.2,2.0,2.4,8,690.0,0
2017-11-23 12:37:00,3,41,21.2,61,11.2,999.3,1.4,2.0,8,690.0,0
2017-11-23 12:40:00,3,41,21.2,61,11.2,999.2,1.0,1.4,14,690.0,0
2017-11-23 12:43:00,3,41,21.2,61,11.2,999.2,1.7,3.1,6,690.0,0
2017-11-23 12:46:00,3,41,21.2,61,11.3,999.1,1.4,1.7,8,690.0,0
2017-11-23 12:49:00,3,41,21.2,61,11.3,999.0,2.0,3.1,10,690.0,0
2017-11-23 12:52:00,3,41,21.2,60,11.3,999.1,1.4,1.7,5,690.0,0
2017-11-23 12:55:00,3,41,21.2,60,11.4,999.2,1.7,2.0,8,690.0,0
2017-11-23 12:58:00,3,41,21.2,60,11.4,999.2,0.7,1.0,8,690.0,0
2017-11-23 13:01:00,3,41,21.2,60,11.4,999.2,2.4,3.7,8,690.0,0
2017-11-23 13:04:00,3,41,21.2,60,11.4,999.2,2.4,3.7,8,690.0,0
2017-11-23 13:07:00,3,41,21.2,60,11.5,999.1,1.7,2.7,12,690.0,0
2017-11-23 13:10:00,3,41,21.2,60,11.6,999.1,2.0,3.7,10,690.0,0
2017-11-23 13:13:00,3,41,21.2,60,11.6,999.2,1.4,1.7,10,690.0,0
2017-11-23 13:16:00,3,41,21.2,60,11.6,999.3,1.7,2.4,8,690.0,0
2017-11-23 13:19:00,3,42,21.2,60,11.7,999.3,1.0,1.7,10,690.0,0
2017-11-23 13:22:00,3,42,21.2,59,11.7,999.1,2.0,2.7,8,690.0,0
2017-11-23 13:25:00,3,42,21.2,60,11.7,999.2,0.7,1.4,15,690.0,0
2017-11-23 13:28:00,3,42,21.2,60,11.7,999.2,0.7,1.7,14,690.0,0
2017-11-23 13:31:00,3,42,21.2,59,11.7,999.2,2.4,3.1,8,690.0,0
2017-11-23 13:34:00,3,42,21.2,59,11.8,999.2,1.4,2.4,8,690.0,0
2017-11-23 13:37:00,3,42,21.2,59,11.8,999.3,2.4,3.4,10,690.0,0
2017-11-23 13:40:00,3,42,21.2,58,11.9,999.3,2.0,3.4,8,690.0,0
2017-11-23 13:43:00,3,42,21.2,58,11.9,999.2,1.0,2.0,2,690.0,0
2017-11-23 13:46:00,3,42,21.2,59,11.9,999.4,0.3,0.7,0,690.0,0
2017-11-23 13:49:00,3,42,21.2,59,11.9,999.4,0.7,1.0,10,690.0,0
2017-11-23 13:52:00,3,42,21.2,59,11.9,999.4,0.3,1.0,10,690.0,0
2017-11-23 13:55:00,3,42,21.2,58,12.0,999.4,1.0,1.4,8,690.0,0
2017-11-23 13:58:00,3,42,21.2,58,12.0,999.5,0.3,1.0,12,690.0,0
2017-11-23 14:01:00,3,42,21.2,58,12.1,999.5,2.4,3.7,7,690.0,0
2017-11-23 14:04:00,3,42,21.2,57,12.2,999.6,1.4,2.4,6,690.0,0
2017-11-23 14:07:00,3,42,21.2,57,12.4,999.6,1.7,2.7,10,690.0,0
2017-11-23 14:10:00,3,42,21.2,53,12.5,999.7,1.0,1.7,12,690.0,0
2017-11-23 14:13:00,3,42,21.2,52,12.5,999.6,1.4,2.4,8,690.0,0
2017-11-23 14:16:00,3,42,21.2,53,12.5,999.5,1.0,1.7,6,690.0,0
2017-11-23 14:19:00,3,42,21.2,53,12.6,999.5,0.3,0.7,10,690.0,0
2017-11-23 14:22:00,3,42,21.2,52,12.7,999.6,1.7,2.4,10,690.0,0
2017-11-23 14:25:00,3,42,21.2,52,12.7,999.6,1.7,2.7,12,690.0,0
2017-11-23 14:28:00,3,42,21.2,52,12.8,999.6,2.0,2.4,8,690.0,0
2017-11-23 14:31:00,3,42,21.2,52,12.8,999.7,2.0,2.7,8,690.0,0
2017-11-23 14:34:00,3,42,21.2,52,12.8,999.7,1.4,2.0,10,690.0,0
2017-11-23 14:37:00,3,42,21.2,52,12.8,999.7,1.7,2.0,8,690.0,0
2017-11-23 14:40:00,3,42,21.2,52,12.7,999.8,1.4,1.7,10,690.0,0
2017-11-23 14:43:00,3,42,21.2,52,12.7,999.8,1.4,1.7,8,690.0,0
2017-11-23 14:46:00,3,42,21.2,52,12.6,999.8,1.4,2.0,8,690.0,0
2017-11-23 14:49:00,3,42,21.2,52,12.6,1000.0,3.4,4.1,8,690.0,0
2017-11-23 14:52:00,3,42,21.2,52,12.6,999.8,1.4,2.4,12,690.0,0
2017-11-23 14:55:00,3,42,21.2,52,12.5,1000.0,1.4,1.7,10,690.0,0
2017-11-23 14:58:00,3,42,21.2,53,12.5,1000.0,1.0,1.4,10,690.0,0
2017-11-23 15:01:00,3,42,21.2,57,12.4,1000.1,0.7,1.4,10,690.0,0
2017-11-23 15:04:00,3,42,21.2,57,12.4,1000.1,0.7,1.4,10,690.0,0
2017-11-23 15:07:00,3,42,21.2,57,12.3,1000.1,1.0,1.7,8,690.0,0
2017-11-23 15:10:00,3,42,21.2,58,12.2,1000.1,1.0,1.7,8,690.0,0
2017-11-23 15:13:00,3,42,21.2,57,12.3,1000.0,0.7,1.0,8,690.0,0
2017-11-23 15:16:00,3,42,21.2,57,12.3,1000.0,1.4,2.0,10,690.0,0
2017-11-23 15:19:00,3,42,21.2,57,12.4,1000.1,1.4,2.0,12,690.0,0
2017-11-23 15:22:00,3,42,21.2,57,12.4,1000.1,2.0,3.1,8,690.0,0
2017-11-23 15:25:00,3,42,21.2,53,12.5,1000.1,1.4,1.7,10,690.0,0
2017-11-23 15:28:00,3,42,21.2,53,12.5,1000.2,1.7,2.0,8,690.0,0
2017-11-23 15:31:00,3,42,21.2,57,12.4,1000.2,1.4,1.7,10,690.0,0
2017-11-23 15:34:00,3,42,21.2,58,12.3,1000.2,0.7,1.4,9,690.0,0
2017-11-23 15:37:00,3,42,21.2,58,12.2,1000.2,1.7,2.4,10,690.0,0
2017-11-23 15:40:00,3,42,21.2,59,12.2,1000.1,1.0,1.4,10,690.0,0
2017-11-23 15:43:00,3,42,21.2,59,12.2,1000.1,1.4,1.7,14,690.0,0
2017-11-23 15:46:00,3,42,21.2,59,12.2,1000.3,2.7,4.1,10,690.0,0
2017-11-23 15:49:00,3,42,21.2,59,12.3,1000.3,3.4,4.8,8,690.0,0
2017-11-23 15:52:00,3,42,21.2,59,12.3,1000.3,1.4,2.0,8,690.0,0
2017-11-23 15:55:00,3,42,21.2,59,12.3,1000.3,1.4,2.0,10,690.0,0
2017-11-23 15:58:00,3,42,21.2,59,12.3,1000.3,1.0,1.7,10,690.0,0
2017-11-23 16:01:00,3,42,21.2,59,12.4,1000.3,2.4,3.7,2,690.0,0
2017-11-23 16:04:00,3,42,21.2,59,12.4,1000.4,1.4,2.0,10,690.0,0
2017-11-23 16:07:00,3,42,21.2,59,12.4,1000.2,2.7,3.7,12,690.0,0
2017-11-23 16:10:00,3,42,21.2,54,12.5,1000.4,2.7,3.1,10,690.0,0
2017-11-23 16:13:00,3,42,21.2,54,12.6,1000.3,2.0,2.7,10,690.0,0
2017-11-23 16:16:00,3,42,21.2,54,12.6,1000.3,2.4,3.4,10,690.0,0
2017-11-23 16:19:00,3,42,21.2,54,12.6,1000.5,1.4,1.7,8,690.0,0
2017-11-23 16:22:00,3,42,21.2,54,12.6,1000.6,1.7,2.7,8,690.0,0
2017-11-23 16:25:00,3,42,21.2,54,12.7,1000.6,2.4,3.4,8,690.0,0
2017-11-23 16:28:00,3,42,21.2,54,12.8,1000.6,2.7,4.4,12,690.0,0
2017-11-23 16:31:00,3,42,21.2,54,12.7,1000.6,0.7,1.4,12,690.0,0
2017-11-23 16:34:00,3,42,21.2,54,12.6,1000.4,3.1,4.8,11,690.0,0
2017-11-23 16:37:00,3,42,21.1,55,12.6,1000.6,2.7,3.4,8,690.0,0
2017-11-23 16:40:00,3,42,21.2,55,12.6,1000.5,2.7,3.7,10,690.0,0
2017-11-23 16:43:00,3,42,21.2,55,12.6,1000.8,3.1,3.7,10,690.0,0
2017-11-23 16:46:00,3,42,21.2,55,12.6,1000.8,1.0,2.0,12,690.0,0
2017-11-23 16:49:00,3,42,21.2,55,12.6,1000.8,2.4,3.1,10,690.0,0
2017-11-23 16:52:00,3,42,21.1,55,12.6,1000.9,2.4,2.7,10,690.0,0
2017-11-23 16:55:00,3,42,21.2,55,12.6,1000.9,3.1,4.1,10,690.0,0
2017-11-23 16:58:00,3,42,21.2,56,12.6,1000.8,2.0,3.1,12,690.0,0
2017-11-23 17:01:00,3,42,21.2,56,12.6,1000.8,2.0,2.4,10,690.0,0
2017-11-23 17:04:00,3,42,21.1,56,12.6,1000.9,2.0,2.4,10,690.0,0
2017-11-23 17:07:00,3,42,21.1,56,12.5,1001.0,2.4,3.4,8,690.0,0
2017-11-23 17:10:00,3,42,21.1,56,12.5,1000.9,2.4,3.1,10,690.0,0
2017-11-23 17:13:00,3,42,21.1,56,12.5,1001.0,2.0,3.4,12,690.0,0
2017-11-23 17:16:00,3,42,21.1,56,12.5,1001.1,1.4,2.0,6,690.0,0
2017-11-23 17:19:00,3,42,21.1,56,12.5,1001.1,0.7,1.4,8,690.0,0
2017-11-23 17:22:00,3,42,21.1,56,12.6,1001.0,1.7,2.4,8,690.0,0
2017-11-23 17:25:00,3,42,21.1,56,12.7,1001.1,1.7,2.4,10,690.0,0
2017-11-23 17:28:00,3,42,21.1,56,12.7,1001.2,1.4,1.7,12,690.0,0
2017-11-23 17:31:00,3,42,21.1,56,12.7,1001.3,1.4,1.7,8,690.0,0
2017-11-23 17:34:00,3,42,21.1,56,12.8,1001.2,2.7,4.8,10,690.0,0
2017-11-23 17:37:00,3,42,21.1,56,12.8,1001.2,1.4,2.0,12,690.0,0
2017-11-23 17:40:00,3,42,21.1,56,12.8,1001.2,1.0,2.0,8,690.0,0
2017-11-23 17:43:00,3,42,21.1,56,12.8,1001.1,1.7,2.7,8,690.0,0
2017-11-23 17:46:00,3,42,21.1,56,12.8,1001.3,1.7,2.7,8,690.0,0
2017-11-23 17:49:00,3,42,21.1,56,12.8,1001.3,1.7,2.7,12,690.0,0
2017-11-23 17:52:00,3,42,21.1,56,12.7,1001.4,1.4,2.0,10,690.0,0
2017-11-23 17:55:00,3,42,21.1,56,12.7,1001.4,1.0,1.7,12,690.0,0
2017-11-23 17:58:00,3,42,21.1,56,12.6,1001.5,2.4,3.1,8,690.0,0
2017-11-23 18:01:00,3,42,21.1,57,12.7,1001.5,1.4,1.7,12,690.0,0
2017-11-23 18:04:00,3,42,21.1,57,12.7,1001.6,2.4,3.4,9,690.0,0
2017-11-23 18:07:00,3,42,21.1,57,12.7,1001.6,1.4,1.7,9,690.0,0
2017-11-23 18:10:00,3,42,21.1,57,12.7,1001.6,1.7,2.0,10,690.0,0
2017-11-23 18:13:00,3,42,21.1,57,12.7,1001.5,2.0,2.7,8,690.0,0
2017-11-23 18:16:00,3,42,21.1,57,12.7,1001.6,0.7,1.7,14,690.0,0
2017-11-23 18:19:00,3,42,21.1,57,12.6,1001.6,1.0,1.4,12,690.0,0
2017-11-23 18:22:00,3,42,21.1,57,12.7,1001.5,1.0,2.0,10,690.0,0
2017-11-23 18:25:00,3,42,21.1,57,12.7,1001.5,2.0,2.7,10,690.0,0
2017-11-23 18:28:00,3,42,21.1,57,12.8,1001.5,1.7,2.4,10,690.0,0
2017-11-23 18:31:00,3,42,21.2,57,12.8,1001.5,1.0,2.4,8,690.0,0
2017-11-23 18:34:00,3,42,21.2,57,12.8,1001.6,3.1,4.8,8,690.0,0
2017-11-23 18:37:00,3,42,21.2,57,12.7,1001.6,1.7,2.7,8,690.0,0
2017-11-23 18:40:00,3,42,21.2,57,12.6,1001.6,2.7,3.4,10,690.0,0
2017-11-23 18:43:00,3,42,21.2,57,12.6,1001.6,1.7,2.4,10,690.0,0
2017-11-23 18:46:00,3,43,21.1,57,12.5,1001.7,2.7,3.7,10,690.0,0
2017-11-23 18:49:00,3,43,21.1,58,12.5,1001.7,1.4,2.0,6,690.0,0
2017-11-23 18:52:00,3,43,21.1,61,12.4,1001.7,1.0,1.7,6,690.0,0
2017-11-23 18:55:00,3,43,21.1,61,12.4,1001.7,1.4,2.0,8,690.0,0
2017-11-23 18:58:00,3,43,21.1,61,12.3,1001.5,1.7,2.7,8,690.0,0
2017-11-23 19:01:00,3,43,21.1,61,12.3,1001.6,1.4,3.1,10,690.0,0
2017-11-23 19:04:00,3,43,21.1,61,12.3,1001.6,1.4,3.1,10,690.0,0
2017-11-23 19:07:00,3,43,21.1,62,12.2,1001.6,1.0,1.4,10,690.0,0
2017-11-23 19:10:00,3,43,21.1,62,12.1,1001.7,1.7,2.4,10,690.0,0
2017-11-23 19:13:00,3,43,21.1,62,12.1,1001.7,1.4,2.0,8,690.0,0
2017-11-23 19:16:00,3,43,21.1,62,12.1,1001.8,1.4,2.0,8,690.0,0
2017-11-23 19:19:00,3,43,21.1,62,12.1,1001.9,1.7,2.4,10,690.0,0
2017-11-23 19:22:00,3,43,21.1,62,12.1,1001.9,1.7,2.7,8,690.0,0
2017-11-23 19:25:00,3,43,21.1,62,12.0,1001.8,1.0,1.4,12,690.0,0
2017-11-23 19:28:00,3,43,21.1,62,12.1,1002.0,1.7,2.4,10,690.0,0
2017-11-23 19:31:00,3,43,21.1,62,12.1,1002.0,1.4,1.7,8,690.0,0
2017-11-23 19:34:00,3,43,21.1,62,12.1,1002.1,1.0,1.7,10,690.0,0
2017-11-23 19:37:00,3,43,21.1,62,12.1,1002.0,1.7,2.4,10,690.0,0
2017-11-23 19:40:00,3,43,21.1,62,12.1,1002.1,2.7,4.4,10,690.0,0
2017-11-23 19:43:00,3,43,21.1,62,12.1,1002.0,1.0,1.7,12,690.0,0
2017-11-23 19:46:00,3,43,21.1,62,12.1,1002.2,2.7,3.4,8,690.0,0
2017-11-23 19:49:00,3,43,21.2,62,12.2,1002.1,1.7,2.4,10,690.0,0
2017-11-23 19:52:00,3,43,21.2,62,12.2,1002.2,1.7,2.0,10,690.0,0
2017-11-23 19:55:00,3,43,21.2,62,12.2,1002.1,1.7,2.7,10,690.0,0
2017-11-23 19:58:00,3,43,21.2,62,12.2,1002.1,2.0,4.1,10,690.0,0
2017-11-23 20:01:00,3,43,21.2,62,12.2,1002.2,1.4,2.0,11,690.0,0
2017-11-23 20:04:00,3,43,21.2,62,12.2,1002.3,2.0,2.7,9,690.0,0
2017-11-23 20:07:00,3,43,21.2,62,12.2,1002.3,1.7,2.4,9,690.0,0
2017-11-23 20:10:00,3,43,21.2,62,12.2,1002.2,1.0,1.7,10,690.0,0
2017-11-23 20:13:00,3,43,21.2,62,12.2,1002.4,1.4,2.0,10,690.0,0
2017-11-23 20:16:00,3,43,21.2,62,12.2,1002.3,1.7,2.7,4,690.0,0
2017-11-23 20:19:00,3,43,21.2,62,12.2,1002.4,1.0,1.4,10,690.0,0
2017-11-23 20:22:00,3,43,21.2,62,12.2,1002.3,1.7,2.4,10,690.0,0
2017-11-23 20:25:00,3,43,21.2,62,12.3,1002.4,1.7,2.7,10,690.0,0
2017-11-23 20:28:00,3,43,21.2,62,12.3,1002.5,1.4,2.0,14,690.0,0
2017-11-23 20:31:00,3,43,21.2,62,12.3,1002.5,0.7,1.4,10,690.0,0
2017-11-23 20:34:00,3,43,21.2,62,12.3,1002.5,1.0,1.7,5,690.0,0
2017-11-23 20:37:00,3,43,21.2,62,12.2,1002.6,1.7,2.4,10,690.0,0
2017-11-23 20:40:00,3,43,21.2,62,12.2,1002.6,1.0,1.4,10,690.0,0
2017-11-23 20:43:00,3,43,21.2,63,12.2,1002.7,1.4,2.4,10,690.0,0
2017-11-23 20:46:00,3,43,21.2,63,12.1,1002.7,1.4,2.0,10,690.0,0
2017-11-23 20:49:00,3,43,21.2,63,12.1,1002.7,1.4,2.0,10,690.0,0
2017-11-23 20:52:00,3,43,21.2,63,12.1,1002.7,1.4,1.7,10,690.0,0
2017-11-23 20:55:00,3,43,21.2,63,12.2,1002.8,1.0,1.4,8,690.0,0
2017-11-23 20:58:00,3,43,21.2,63,12.2,1002.8,1.0,1.4,10,690.0,0
2017-11-23 21:01:00,3,43,21.2,63,12.1,1002.9,1.0,1.4,8,690.0,0
2017-11-23 21:04:00,3,43,21.2,63,12.1,1002.9,1.0,1.4,8,690.0,0
2017-11-23 21:07:00,3,43,21.2,63,12.1,1003.1,1.7,2.4,10,690.0,0
2017-11-23 21:10:00,3,43,21.2,63,12.1,1003.1,1.4,2.0,11,690.0,0
2017-11-23 21:13:00,3,43,21.2,63,12.1,1003.2,1.7,2.0,8,690.0,0
2017-11-23 21:16:00,3,43,21.2,63,12.1,1003.3,1.7,2.4,10,690.0,0
2017-11-23 21:19:00,3,43,21.2,63,12.1,1003.2,2.0,2.4,8,690.0,0
2017-11-23 21:22:00,3,43,21.2,63,12.1,1003.3,1.0,1.4,8,690.0,0
2017-11-23 21:25:00,3,43,21.2,63,12.0,1003.4,1.0,1.4,8,690.0,0
2017-11-23 21:28:00,3,43,21.2,64,12.0,1003.4,1.0,1.4,10,690.0,0
2017-11-23 21:31:00,3,43,21.2,64,12.0,1003.4,1.0,1.4,8,690.0,0
2017-11-23 21:34:00,3,43,21.2,64,11.9,1003.5,0.7,1.4,10,690.0,0
2017-11-23 21:37:00,3,43,21.2,64,11.8,1003.3,0.3,0.7,8,690.0,0
2017-11-23 21:40:00,3,43,21.2,64,11.7,1003.4,1.4,2.0,8,690.0,0
2017-11-23 21:43:00,3,43,21.2,65,11.7,1003.3,0.7,1.0,10,690.0,0
2017-11-23 21:46:00,3,43,21.2,65,11.5,1003.5,1.0,1.4,9,690.0,0
2017-11-23 21:49:00,3,43,21.2,65,11.5,1003.6,0.3,0.7,10,690.0,0
2017-11-23 21:52:00,3,43,21.2,66,11.4,1003.5,1.4,2.0,8,690.0,0
2017-11-23 21:55:00,3,43,21.2,66,11.5,1003.5,0.7,1.4,10,690.0,0
2017-11-23 21:58:00,3,43,21.2,65,11.6,1003.6,0.7,1.4,10,690.0,0
2017-11-23 22:01:00,3,43,21.1,65,11.7,1003.7,1.0,1.4,10,690.0,0
2017-11-23 22:04:00,3,43,21.1,65,11.6,1003.7,0.3,0.7,10,690.0,0
2017-11-23 22:07:00,3,43,21.1,66,11.6,1003.8,0.7,1.0,8,690.0,0
2017-11-23 22:10:00,3,43,21.1,66,11.6,1003.8,0.7,1.0,9,690.0,0
2017-11-23 22:13:00,3,43,21.1,66,11.6,1003.9,0.7,1.0,10,690.0,0
2017-11-23 22:16:00,3,43,21.1,66,11.6,1003.9,1.4,1.7,8,690.0,0
2017-11-23 22:19:00,3,43,21.1,66,11.6,1003.8,0.7,1.0,10,690.0,0
2017-11-23 22:22:00,3,43,21.1,66,11.6,1003.9,0.3,0.7,10,690.0,0
2017-11-23 22:25:00,3,43,21.1,66,11.5,1003.6,0.7,1.4,8,690.0,0
2017-11-23 22:28:00,3,43,21.1,66,11.5,1003.7,1.4,2.0,6,690.0,0
2017-11-23 22:31:00,3,43,21.1,66,11.5,1003.7,1.4,1.7,8,690.0,0
2017-11-23 22:34:00,3,43,21.1,66,11.5,1003.8,0.7,1.4,10,690.0,0
2017-11-23 22:37:00,3,43,21.1,66,11.5,1004.0,0.3,0.7,10,690.0,0
2017-11-23 22:40:00,3,43,21.1,66,11.5,1004.0,0.7,1.0,10,690.0,0
2017-11-23 22:43:00,3,43,21.0,67,11.5,1004.1,0.7,1.4,8,690.0,0
2017-11-23 22:46:00,3,43,21.0,67,11.5,1004.1,0.7,1.4,10,690.0,0
2017-11-23 22:49:00,3,43,21.0,67,11.4,1004.1,0.7,1.0,12,690.0,0
2017-11-23 22:52:00,3,43,21.0,67,11.4,1004.2,1.4,2.0,9,690.0,0
2017-11-23 22:55:00,3,43,21.0,67,11.4,1004.1,0.7,1.0,10,690.0,0
2017-11-23 22:58:00,3,43,21.0,67,11.4,1004.1,0,0.3,8,690.0,0
