2018-09-03 00:02:00,3,52,22.2,69,19.8,1014.2,1.4,2.0,2,994.8,0
2018-09-03 00:05:00,3,52,22.2,69,19.8,1014.1,1.4,2.0,2,994.8,0
2018-09-03 00:08:00,3,52,22.2,69,19.9,1014.1,1.4,1.7,2,994.8,0
2018-09-03 00:11:00,3,52,22.2,69,19.9,1014.2,1.0,1.4,0,994.8,0
2018-09-03 00:14:00,3,52,22.2,69,19.9,1014.1,1.4,2.0,1,994.8,0
2018-09-03 00:17:00,3,52,22.2,69,19.9,1014.1,0.7,1.0,0,994.8,0
2018-09-03 00:20:00,3,52,22.2,69,19.9,1014.1,1.4,1.7,1,994.8,0
2018-09-03 00:23:00,3,52,22.1,69,19.9,1014.0,1.7,2.0,2,994.8,0
2018-09-03 00:26:00,3,52,22.1,69,19.9,1014.0,1.4,1.7,3,994.8,0
2018-09-03 00:29:00,3,52,22.1,69,19.8,1014.0,1.0,1.4,0,994.8,0
2018-09-03 00:32:00,3,52,22.1,69,19.8,1014.0,1.0,1.4,0,994.8,0
2018-09-03 00:35:00,3,52,22.1,69,19.8,1014.0,1.7,2.0,2,994.8,0
2018-09-03 00:38:00,3,52,22.1,69,19.8,1014.0,0.3,0.7,0,994.8,0
2018-09-03 00:41:00,3,52,22.1,69,19.8,1014.0,1.0,1.7,2,994.8,0
2018-09-03 00:44:00,3,52,22.1,70,19.7,1014.0,0.7,1.4,2,994.8,0
2018-09-03 00:47:00,3,52,22.1,70,19.7,1013.9,1.4,1.7,0,994.8,0
2018-09-03 00:50:00,3,52,22.1,70,19.7,1013.9,0.7,1.0,0,994.8,0
2018-09-03 00:53:00,3,52,22.1,70,19.7,1013.9,1.0,1.4,0,994.8,0
2018-09-03 00:56:00,3,52,22.1,70,19.7,1014.0,1.0,1.4,0,994.8,0
2018-09-03 00:59:00,3,52,22.1,70,19.7,1013.9,1.0,1.4,0,994.8,0
2018-09-03 01:02:00,3,52,22.1,70,19.7,1013.9,1.4,2.0,0,994.8,0
2018-09-03 01:05:00,3,52,22.1,70,19.6,1014.0,1.0,1.4,0,994.8,0
2018-09-03 01:08:00,3,52,22.1,70,19.6,1013.9,0,0.3,0,994.8,0
2018-09-03 01:11:00,3,52,22.1,70,19.6,1014.0,0.3,0.7,14,994.8,0
2018-09-03 01:14:00,3,52,22.1,70,19.5,1013.9,0.3,0.7,0,994.8,0
2018-09-03 01:17:00,3,52,22.1,70,19.5,1013.9,0.7,1.0,2,994.8,0
2018-09-03 01:20:00,3,52,22.1,70,19.5,1013.9,0.7,1.4,0,994.8,0
2018-09-03 01:23:00,3,52,22.1,70,19.5,1013.9,1.0,1.4,0,994.8,0
2018-09-03 01:26:00,3,52,22.1,70,19.5,1014.0,0.7,1.0,14,994.8,0
2018-09-03 01:29:00,3,52,22.1,70,19.5,1014.0,1.0,1.7,2,994.8,0
2018-09-03 01:32:00,3,52,22.1,70,19.4,1014.1,1.0,1.7,0,994.8,0
2018-09-03 01:35:00,3,52,22.1,70,19.5,1014.0,0.3,1.0,0,994.8,0
2018-09-03 01:38:00,3,52,22.1,70,19.4,1014.0,1.0,1.7,0,994.8,0
2018-09-03 01:41:00,3,52,22.1,70,19.4,1014.1,0.3,0.7,0,994.8,0
2018-09-03 01:44:00,3,52,22.1,70,19.4,1014.0,1.0,1.4,0,994.8,0
2018-09-03 01:47:00,3,52,22.1,70,19.4,1014.0,0.7,1.4,2,994.8,0
2018-09-03 01:50:00,3,52,22.1,70,19.3,1014.1,1.0,1.4,0,994.8,0
2018-09-03 01:53:00,3,52,22.1,70,19.3,1014.0,0.3,0.7,0,994.8,0
2018-09-03 01:56:00,3,52,22.1,70,19.3,1014.1,0.3,0.7,0,994.8,0
2018-09-03 01:59:00,3,51,22.1,70,19.3,1013.9,0.3,0.7,0,994.8,0
2018-09-03 02:02:00,3,51,22.1,70,19.3,1014.0,0.3,0.7,0,994.8,0
2018-09-03 02:05:00,3,51,22.1,70,19.3,1014.1,0.3,0.7,0,994.8,0
2018-09-03 02:08:00,3,51,22.1,71,19.2,1014.1,0.3,0.7,2,994.8,0
2018-09-03 02:11:00,3,51,22.1,71,19.2,1014.1,0.7,1.0,0,994.8,0
2018-09-03 02:14:00,3,51,22.1,72,19.1,1014.1,0.3,0.7,0,994.8,0
2018-09-03 02:17:00,3,51,22.1,73,19.0,1014.1,0.7,1.0,0,994.8,0
2018-09-03 02:20:00,3,51,22.0,74,18.9,1014.1,1.0,1.4,0,994.8,0
2018-09-03 02:23:00,3,51,22.0,75,18.8,1014.0,0.7,1.0,0,994.8,0
2018-09-03 02:26:00,3,51,22.0,76,18.6,1014.1,0.7,1.0,0,994.8,0
2018-09-03 02:29:00,3,51,22.0,77,18.5,1014.1,0.7,1.0,0,994.8,0
2018-09-03 02:32:00,3,51,22.0,78,18.5,1014.0,0.7,1.0,15,994.8,0
2018-09-03 02:35:00,3,51,22.0,79,18.4,1014.0,1.0,1.4,14,994.8,0
2018-09-03 02:38:00,3,51,22.0,79,18.3,1013.9,1.0,1.4,0,994.8,0
2018-09-03 02:41:00,3,51,22.0,79,18.3,1013.9,0.7,1.0,0,994.8,0
2018-09-03 02:44:00,3,51,22.0,79,18.3,1013.9,1.4,1.7,0,994.8,0
2018-09-03 02:47:00,3,51,22.0,79,18.3,1013.9,0.7,1.0,0,994.8,0
2018-09-03 02:50:00,3,51,22.0,80,18.2,1013.8,0.7,1.0,2,994.8,0
2018-09-03 02:53:00,3,51,22.0,80,18.2,1013.7,0.7,1.4,2,994.8,0
2018-09-03 02:56:00,3,51,22.0,80,18.1,1013.7,0.7,1.0,0,994.8,0
2018-09-03 02:59:00,3,51,22.0,80,18.1,1013.7,0.3,1.0,0,994.8,0
2018-09-03 03:02:00,3,51,22.0,79,18.1,1013.6,0,0.3,0,994.8,0
2018-09-03 03:05:00,3,52,21.9,79,18.1,1013.6,0.7,1.0,0,994.8,0
2018-09-03 03:08:00,3,52,21.9,79,18.1,1013.6,0,0,0,994.8,0
2018-09-03 03:11:00,3,52,21.9,79,18.0,1013.6,0.3,0.7,0,994.8,0
2018-09-03 03:14:00,3,52,21.9,79,18.0,1013.6,0.3,0.7,0,994.8,0
2018-09-03 03:17:00,3,52,21.9,79,18.0,1013.6,0.3,0.7,0,994.8,0
2018-09-03 03:20:00,3,52,21.9,80,17.9,1013.5,0,0,0,994.8,0
2018-09-03 03:23:00,3,52,21.9,80,17.9,1013.6,0,0.3,0,994.8,0
2018-09-03 03:26:00,3,52,21.9,80,17.9,1013.5,0,0,0,994.8,0
2018-09-03 03:29:00,3,52,21.9,80,17.8,1013.6,0.3,0.7,0,994.8,0
2018-09-03 03:32:00,3,52,21.9,80,17.8,1013.5,0.3,0.7,0,994.8,0
2018-09-03 03:35:00,3,52,21.9,80,17.8,1013.5,0.3,0.7,0,994.8,0
2018-09-03 03:38:00,3,52,21.9,80,17.8,1013.5,0.7,1.0,0,994.8,0
2018-09-03 03:41:00,3,52,21.9,80,17.8,1013.3,0.7,1.0,0,994.8,0
2018-09-03 03:44:00,3,52,21.9,80,17.9,1013.4,0.3,0.7,1,994.8,0
2018-09-03 03:47:00,3,52,21.9,80,17.9,1013.4,0.7,0.7,0,994.8,0
2018-09-03 03:50:00,3,52,21.9,79,17.9,1013.4,0.7,1.0,0,994.8,0
2018-09-03 03:53:00,3,52,21.9,79,18.0,1013.3,0.3,0.7,0,994.8,0
2018-09-03 03:56:00,3,52,21.9,78,18.0,1013.2,0.3,0.7,2,994.8,0
2018-09-03 03:59:00,3,52,21.9,78,18.0,1013.3,0.3,0.7,0,994.8,0
2018-09-03 04:02:00,3,52,21.9,78,18.0,1013.3,0.3,0.7,0,994.8,0
2018-09-03 04:05:00,3,52,21.9,78,18.0,1013.3,0.3,0.7,0,994.8,0
2018-09-03 04:08:00,3,52,21.9,78,18.0,1013.3,0.3,0.7,0,994.8,0
2018-09-03 04:11:00,3,52,21.9,78,18.0,1013.3,0.7,1.0,0,994.8,0
2018-09-03 04:14:00,3,52,21.9,77,18.0,1013.3,0.3,0.7,0,994.8,0
2018-09-03 04:17:00,3,52,21.9,77,17.9,1013.3,0.3,0.7,0,994.8,0
2018-09-03 04:20:00,3,52,21.9,78,17.9,1013.4,0.7,1.0,2,994.8,0
2018-09-03 04:23:00,3,52,21.9,78,17.9,1013.3,0.7,1.0,0,994.8,0
2018-09-03 04:26:00,3,52,21.9,78,17.9,1013.3,0.7,1.0,0,994.8,0
2018-09-03 04:29:00,3,52,21.9,77,18.0,1013.3,0.3,1.0,0,994.8,0
2018-09-03 04:32:00,3,52,21.9,77,18.0,1013.3,0.7,1.0,14,994.8,0
2018-09-03 04:35:00,3,52,21.9,77,18.0,1013.3,0.3,0.7,0,994.8,0
2018-09-03 04:38:00,3,52,21.9,77,18.0,1013.2,0.7,1.0,2,994.8,0
2018-09-03 04:41:00,3,52,21.9,77,18.0,1013.4,0.3,0.7,0,994.8,0
2018-09-03 04:44:00,3,52,21.9,77,18.0,1013.3,1.4,2.0,2,994.8,0
2018-09-03 04:47:00,3,52,21.9,77,18.0,1013.4,0.7,1.0,0,994.8,0
2018-09-03 04:50:00,3,52,21.9,76,18.1,1013.4,1.0,1.4,0,994.8,0
2018-09-03 04:53:00,3,52,21.9,76,18.1,1013.2,1.0,1.7,2,994.8,0
2018-09-03 04:56:00,3,52,21.9,76,18.2,1013.3,1.7,2.4,2,994.8,0
2018-09-03 04:59:00,3,52,21.9,76,18.2,1013.4,1.0,1.4,1,994.8,0
2018-09-03 05:02:00,3,52,21.9,75,18.2,1013.4,0.7,1.0,2,994.8,0
2018-09-03 05:05:00,3,52,21.9,75,18.2,1013.4,0.7,1.0,0,994.8,0
2018-09-03 05:08:00,3,52,21.9,75,18.3,1013.5,0.3,0.7,2,994.8,0
2018-09-03 05:11:00,3,52,21.9,75,18.3,1013.5,0.7,1.0,0,994.8,0
2018-09-03 05:14:00,3,52,21.9,75,18.3,1013.4,0.7,1.0,0,994.8,0
2018-09-03 05:17:00,3,52,21.9,75,18.3,1013.4,0.7,1.0,2,994.8,0
2018-09-03 05:20:00,3,52,21.9,75,18.3,1013.4,1.0,1.4,0,994.8,0
2018-09-03 05:23:00,3,52,21.9,75,18.3,1013.4,0.7,1.0,2,994.8,0
2018-09-03 05:26:00,3,52,21.9,75,18.3,1013.5,1.0,1.7,0,994.8,0
2018-09-03 05:29:00,3,53,21.9,75,18.3,1013.6,1.0,1.7,2,994.8,0
2018-09-03 05:32:00,3,53,21.9,75,18.3,1013.5,0.3,0.7,2,994.8,0
2018-09-03 05:35:00,3,53,21.9,75,18.4,1013.5,0.7,1.0,0,994.8,0
2018-09-03 05:38:00,3,53,21.9,75,18.4,1013.6,0.3,1.0,0,994.8,0
2018-09-03 05:41:00,3,53,21.9,75,18.4,1013.5,0.7,1.0,2,994.8,0
2018-09-03 05:44:00,3,53,21.9,75,18.4,1013.6,0.3,0.7,2,994.8,0
2018-09-03 05:47:00,3,53,21.9,74,18.4,1013.6,0.3,1.0,0,994.8,0
2018-09-03 05:50:00,3,53,21.9,74,18.5,1013.6,0.7,1.0,2,994.8,0
2018-09-03 05:53:00,3,53,21.9,74,18.5,1013.6,0.7,1.0,0,994.8,0
2018-09-03 05:56:00,3,53,21.9,74,18.5,1013.7,1.7,2.4,0,994.8,0
2018-09-03 05:59:00,3,53,21.9,74,18.6,1013.6,1.7,2.7,0,994.8,0
2018-09-03 06:02:00,3,53,21.9,74,18.6,1013.6,1.0,1.7,2,994.8,0
2018-09-03 06:05:00,3,53,21.9,74,18.6,1013.6,1.0,1.7,2,994.8,0
2018-09-03 06:08:00,3,53,21.9,73,18.8,1013.5,1.7,3.1,0,994.8,0
2018-09-03 06:11:00,3,53,21.9,73,18.8,1013.6,1.0,1.7,0,994.8,0
2018-09-03 06:14:00,3,53,21.9,73,18.9,1013.6,1.7,2.7,2,994.8,0
2018-09-03 06:17:00,3,53,21.9,72,19.0,1013.6,0.7,1.0,2,994.8,0
2018-09-03 06:20:00,3,53,21.9,72,19.2,1013.6,1.4,1.7,0,994.8,0
2018-09-03 06:23:00,3,53,21.9,72,19.3,1013.6,1.7,2.4,2,994.8,0
2018-09-03 06:26:00,3,53,21.9,71,19.4,1013.6,2.0,2.7,0,994.8,0
2018-09-03 06:29:00,3,54,21.9,71,19.5,1013.6,1.0,1.4,2,994.8,0
2018-09-03 06:32:00,3,54,21.9,71,19.7,1013.6,1.0,1.7,0,994.8,0
2018-09-03 06:35:00,3,54,21.9,71,19.9,1013.7,0.7,1.0,14,994.8,0
2018-09-03 06:38:00,3,54,21.9,71,20.2,1013.6,0.7,1.0,0,994.8,0
2018-09-03 06:41:00,3,54,21.9,70,20.4,1013.6,2.0,2.7,2,994.8,0
2018-09-03 06:44:00,3,54,21.9,70,20.3,1013.6,1.0,1.7,2,994.8,0
2018-09-03 06:47:00,3,54,21.9,70,20.5,1013.6,0.7,1.0,0,994.8,0
2018-09-03 06:50:00,3,54,21.9,70,20.7,1013.5,1.7,2.4,0,994.8,0
2018-09-03 06:53:00,3,54,21.9,70,20.9,1013.4,0.7,1.0,2,994.8,0
2018-09-03 06:56:00,3,54,21.9,68,21.1,1013.4,0.7,1.0,2,994.8,0
2018-09-03 06:59:00,3,54,21.9,67,21.2,1013.4,1.4,2.0,0,994.8,0
2018-09-03 07:02:00,3,54,21.9,67,21.4,1013.5,1.0,1.4,4,994.8,0
2018-09-03 07:05:00,3,54,21.9,66,21.5,1013.5,1.0,1.4,2,994.8,0
2018-09-03 07:08:00,3,54,21.9,65,21.5,1013.5,2.0,2.7,0,994.8,0
2018-09-03 07:11:00,3,54,21.9,65,21.3,1013.5,1.7,2.4,14,994.8,0
2018-09-03 07:14:00,3,54,21.9,66,21.2,1013.5,0.7,1.0,12,994.8,0
2018-09-03 07:17:00,3,54,21.9,67,21.2,1013.5,0.7,1.0,4,994.8,0
2018-09-03 07:20:00,3,54,21.9,67,21.1,1013.5,0.7,1.4,0,994.8,0
2018-09-03 07:23:00,3,54,21.9,67,21.1,1013.4,0.7,1.0,0,994.8,0
2018-09-03 07:26:00,3,54,21.9,67,21.1,1013.5,0.7,1.0,0,994.8,0
2018-09-03 07:29:00,3,54,21.9,67,21.2,1013.5,1.0,1.4,0,994.8,0
2018-09-03 07:32:00,3,54,21.9,66,21.3,1013.5,1.4,1.7,0,994.8,0
2018-09-03 07:35:00,3,54,21.9,67,21.3,1013.4,0.7,1.0,2,994.8,0
2018-09-03 07:38:00,3,54,21.9,67,21.4,1013.4,0.3,0.7,14,994.8,0
2018-09-03 07:41:00,3,54,21.9,67,21.5,1013.3,1.4,1.7,2,994.8,0
2018-09-03 07:44:00,3,54,21.9,66,21.4,1013.4,1.7,2.4,1,994.8,0
2018-09-03 07:47:00,3,54,21.9,67,21.5,1013.3,1.0,1.4,2,994.8,0
2018-09-03 07:50:00,3,54,21.9,66,21.6,1013.3,1.4,1.7,2,994.8,0
2018-09-03 07:53:00,3,54,21.9,66,21.6,1013.2,1.0,1.4,10,994.8,0
2018-09-03 07:56:00,3,54,21.9,66,21.8,1013.2,0,0.3,2,994.8,0
2018-09-03 07:59:00,3,54,21.9,66,22.0,1013.3,0.7,1.4,0,994.8,0
2018-09-03 08:02:00,3,54,21.9,66,22.1,1013.3,1.4,1.7,0,994.8,0
2018-09-03 08:05:00,3,54,21.9,66,22.1,1013.3,1.4,1.7,0,994.8,0
2018-09-03 08:08:00,3,54,21.9,62,22.5,1013.4,0.3,0.7,0,994.8,0
2018-09-03 08:11:00,3,54,21.9,62,22.8,1013.3,0.3,0.7,10,994.8,0
2018-09-03 08:14:00,3,54,21.9,61,23.0,1013.2,0.7,0.7,0,994.8,0
2018-09-03 08:17:00,3,54,21.9,60,22.9,1013.3,0.7,1.0,0,994.8,0
2018-09-03 08:20:00,3,54,21.9,60,23.0,1013.2,1.0,1.7,2,994.8,0
2018-09-03 08:23:00,3,54,21.9,60,23.2,1013.2,1.4,1.7,0,994.8,0
2018-09-03 08:26:00,3,54,21.9,60,23.4,1013.2,0.3,0.7,0,994.8,0
2018-09-03 08:29:00,3,54,21.9,60,23.7,1013.2,0.3,0.7,0,994.8,0
2018-09-03 08:32:00,3,55,21.9,59,23.8,1013.1,1.7,2.0,1,994.8,0
2018-09-03 08:35:00,3,55,21.9,56,23.8,1013.0,2.0,2.7,0,994.8,0
2018-09-03 08:38:00,3,55,21.9,56,23.7,1013.0,2.7,3.1,2,994.8,0
2018-09-03 08:41:00,3,55,21.9,56,23.6,1013.0,1.7,2.4,0,994.8,0
2018-09-03 08:44:00,3,55,21.9,56,23.7,1013.0,1.0,1.4,0,994.8,0
2018-09-03 08:47:00,3,55,21.9,56,23.8,1013.0,1.0,1.4,4,994.8,0
2018-09-03 08:50:00,3,55,21.9,56,23.8,1013.0,1.7,2.0,0,994.8,0
2018-09-03 08:53:00,3,55,21.9,56,23.7,1013.0,0.3,1.0,2,994.8,0
2018-09-03 08:56:00,3,55,21.9,56,23.9,1013.1,1.0,1.4,14,994.8,0
2018-09-03 08:59:00,3,55,21.9,55,24.2,1013.0,1.4,2.0,6,994.8,0
2018-09-03 09:02:00,3,55,21.9,54,24.7,1013.0,1.0,1.7,2,994.8,0
2018-09-03 09:05:00,3,55,21.9,52,25.2,1013.1,2.4,3.4,4,994.8,0
2018-09-03 09:08:00,3,54,22.0,52,25.4,1013.0,0.7,1.0,0,994.8,0
2018-09-03 09:11:00,3,54,22.0,51,25.7,1013.0,0.7,1.4,6,994.8,0
2018-09-03 09:14:00,3,54,22.0,50,25.6,1012.9,1.7,2.7,1,994.8,0
2018-09-03 09:17:00,3,54,22.0,51,25.5,1013.0,1.0,1.4,0,994.8,0
2018-09-03 09:20:00,3,55,22.0,51,25.6,1012.8,0.7,1.0,10,994.8,0
2018-09-03 09:23:00,3,55,22.1,51,25.8,1012.9,1.4,2.0,0,994.8,0
2018-09-03 09:26:00,3,55,22.1,50,26.1,1012.8,2.0,2.4,0,994.8,0
2018-09-03 09:29:00,3,55,22.1,50,26.3,1012.8,1.0,1.4,0,994.8,0
2018-09-03 09:32:00,3,55,22.1,50,26.7,1012.8,1.4,1.7,2,994.8,0
2018-09-03 09:35:00,3,55,22.1,48,26.8,1012.7,1.0,1.4,0,994.8,0
2018-09-03 09:38:00,3,55,22.1,46,26.8,1012.8,1.7,2.7,2,994.8,0
2018-09-03 09:41:00,3,55,22.1,48,26.8,1012.6,1.4,2.0,8,994.8,0
2018-09-03 09:44:00,3,56,22.2,49,27.2,1012.6,0.7,1.0,4,994.8,0
2018-09-03 09:47:00,3,56,22.2,46,27.3,1012.6,1.4,2.0,15,994.8,0
2018-09-03 09:50:00,3,56,22.2,45,27.4,1012.5,2.0,3.1,12,994.8,0
2018-09-03 09:53:00,3,56,22.2,42,27.5,1012.6,1.7,2.0,8,994.8,0
2018-09-03 09:56:00,3,56,22.2,45,27.3,1012.4,2.4,2.7,14,994.8,0
2018-09-03 09:59:00,3,56,22.2,46,27.3,1012.5,1.0,1.4,2,994.8,0
2018-09-03 10:02:00,3,56,22.2,46,27.4,1012.5,2.4,3.1,0,994.8,0
2018-09-03 10:05:00,3,57,22.2,46,27.4,1012.4,2.4,3.1,0,994.8,0
2018-09-03 10:08:00,3,57,22.3,42,27.6,1012.4,0.3,1.0,4,994.8,0
2018-09-03 10:11:00,3,57,22.3,42,27.7,1012.3,1.4,2.0,8,994.8,0
2018-09-03 10:14:00,3,57,22.3,43,27.9,1012.3,1.4,1.7,0,994.8,0
2018-09-03 10:17:00,3,57,22.3,42,27.5,1012.3,3.1,4.1,2,994.8,0
2018-09-03 10:20:00,3,57,22.3,46,27.3,1012.2,1.7,2.4,0,994.8,0
2018-09-03 10:23:00,3,57,22.4,47,27.3,1012.3,1.0,1.7,2,994.8,0
2018-09-03 10:26:00,3,57,22.4,43,27.7,1012.3,1.4,1.7,2,994.8,0
2018-09-03 10:29:00,3,57,22.5,42,28.1,1012.3,1.7,2.4,1,994.8,0
2018-09-03 10:32:00,3,57,22.5,41,28.0,1012.1,1.7,2.0,14,994.8,0
2018-09-03 10:35:00,3,57,22.5,41,28.2,1012.2,2.7,3.7,4,994.8,0
2018-09-03 10:38:00,3,57,22.6,41,28.0,1012.2,2.4,3.1,4,994.8,0
2018-09-03 10:41:00,3,57,22.6,41,28.1,1012.2,1.4,2.7,10,994.8,0
2018-09-03 10:44:00,3,57,22.6,41,28.0,1012.1,1.4,1.7,0,994.8,0
2018-09-03 10:47:00,3,57,22.6,42,28.2,1012.1,0.7,1.0,8,994.8,0
2018-09-03 10:50:00,3,57,22.6,41,28.3,1012.2,1.4,2.4,8,994.8,0
2018-09-03 10:53:00,3,57,22.6,41,28.2,1012.0,2.0,2.7,6,994.8,0
2018-09-03 10:56:00,3,58,22.6,42,27.5,1012.2,2.7,4.1,0,994.8,0
2018-09-03 10:59:00,3,58,22.7,47,27.4,1012.1,1.4,2.0,0,994.8,0
2018-09-03 11:02:00,3,58,22.7,43,27.5,1012.2,1.7,2.7,4,994.8,0
2018-09-03 11:05:00,3,58,22.7,42,27.9,1012.0,2.0,2.7,2,994.8,0
2018-09-03 11:08:00,3,57,22.7,42,27.9,1012.1,1.7,2.4,0,994.8,0
2018-09-03 11:11:00,3,57,22.7,41,27.9,1012.0,1.7,2.7,8,994.8,0
2018-09-03 11:14:00,3,57,22.7,41,27.9,1012.0,3.7,5.4,4,994.8,0
2018-09-03 11:17:00,3,57,22.7,40,28.0,1011.9,1.7,2.7,0,994.8,0
2018-09-03 11:20:00,3,57,22.8,41,28.4,1012.0,1.7,2.4,4,994.8,0
2018-09-03 11:23:00,3,57,22.8,40,28.5,1011.9,2.0,2.7,12,994.8,0
2018-09-03 11:26:00,3,57,22.9,40,28.4,1012.0,1.4,2.0,14,994.8,0
2018-09-03 11:29:00,3,57,22.9,40,28.6,1012.0,2.7,4.1,4,994.8,0
2018-09-03 11:32:00,3,57,22.9,40,28.4,1012.0,2.4,3.4,2,994.8,0
2018-09-03 11:35:00,3,57,22.9,40,28.6,1012.0,1.7,2.7,2,994.8,0
2018-09-03 11:38:00,3,57,22.9,39,28.8,1012.0,3.1,3.7,6,994.8,0
2018-09-03 11:41:00,3,58,23.0,40,28.7,1011.9,0.7,1.0,8,994.8,0
2018-09-03 11:44:00,3,57,23.0,40,29.0,1011.9,1.4,2.0,0,994.8,0
2018-09-03 11:47:00,3,57,23.0,38,29.2,1011.9,2.0,2.7,4,994.8,0
2018-09-03 11:50:00,3,57,23.0,38,29.3,1011.8,1.4,2.0,4,994.8,0
2018-09-03 11:53:00,3,57,23.0,38,29.3,1011.8,1.7,2.4,6,994.8,0
2018-09-03 11:56:00,3,57,23.0,38,29.3,1011.8,3.1,3.7,4,994.8,0
2018-09-03 11:59:00,3,57,23.1,38,29.2,1011.7,2.0,2.7,14,994.8,0
2018-09-03 12:02:00,3,57,23.1,39,29.2,1011.7,1.7,2.4,10,994.8,0
2018-09-03 12:05:00,3,57,23.1,39,29.2,1011.6,1.7,2.4,10,994.8,0
2018-09-03 12:08:00,3,57,23.1,39,29.2,1011.6,1.7,2.4,10,994.8,0
2018-09-03 12:11:00,3,57,23.1,37,29.3,1011.7,1.7,2.7,8,994.8,0
2018-09-03 12:14:00,3,57,23.1,36,29.1,1011.5,1.7,2.7,2,994.8,0
2018-09-03 12:17:00,3,57,23.2,37,29.3,1011.5,1.4,2.4,10,994.8,0
2018-09-03 12:20:00,3,57,23.2,36,29.4,1011.6,1.7,2.7,8,994.8,0
2018-09-03 12:23:00,3,57,23.3,36,29.2,1011.5,2.0,3.1,6,994.8,0
2018-09-03 12:26:00,3,57,23.3,36,29.3,1011.5,1.7,2.4,4,994.8,0
2018-09-03 12:29:00,3,57,23.3,35,29.1,1011.5,1.4,2.4,8,994.8,0
2018-09-03 12:32:00,3,57,23.4,36,29.0,1011.4,2.0,3.1,14,994.8,0
2018-09-03 12:35:00,3,57,23.4,36,29.0,1011.4,2.0,4.1,8,994.8,0
2018-09-03 12:38:00,3,57,23.5,36,28.8,1011.3,2.7,4.8,4,994.8,0
2018-09-03 12:41:00,3,57,23.6,38,28.3,1011.4,2.7,3.7,1,994.8,0
2018-09-03 12:44:00,3,56,23.7,39,28.3,1011.3,2.0,3.1,0,994.8,0
2018-09-03 12:47:00,3,56,23.8,39,28.3,1011.4,1.7,2.4,6,994.8,0
2018-09-03 12:50:00,3,55,24.0,38,28.6,1011.3,1.4,2.0,0,994.8,0
2018-09-03 12:53:00,3,54,24.1,38,28.6,1011.5,1.0,1.7,0,994.8,0
2018-09-03 12:56:00,3,54,24.1,37,28.6,1011.5,2.0,2.4,0,994.8,0
2018-09-03 12:59:00,3,54,24.4,37,28.6,1011.4,1.4,2.0,0,994.8,0
2018-09-03 13:02:00,3,54,24.5,38,28.5,1011.4,1.0,1.7,0,994.8,0
2018-09-03 13:05:00,3,53,24.5,38,28.7,1011.3,1.7,2.4,4,994.8,0
2018-09-03 13:08:00,3,53,24.7,36,28.7,1011.2,2.7,3.1,2,994.8,0
2018-09-03 13:11:00,3,53,24.7,37,28.6,1011.3,0.3,0.7,2,994.8,0
2018-09-03 13:14:00,3,53,24.8,35,28.6,1011.2,2.0,3.4,0,994.8,0
2018-09-03 13:17:00,3,53,24.8,36,28.5,1011.3,2.4,3.1,2,994.8,0
2018-09-03 13:20:00,3,53,24.8,36,28.5,1011.3,1.7,2.4,8,994.8,0
2018-09-03 13:23:00,3,53,24.8,37,28.7,1011.3,1.7,2.4,14,994.8,0
2018-09-03 13:26:00,3,53,24.8,35,28.9,1011.3,2.0,3.4,2,994.8,0
2018-09-03 13:29:00,3,53,24.8,35,29.1,1011.3,1.0,2.0,2,994.8,0
2018-09-03 13:32:00,3,53,24.8,34,29.2,1011.2,1.4,1.7,14,994.8,0
2018-09-03 13:35:00,3,53,24.7,34,29.3,1011.1,1.0,1.4,0,994.8,0
2018-09-03 13:38:00,3,53,24.8,33,29.2,1011.1,1.4,2.0,14,994.8,0
2018-09-03 13:41:00,3,53,24.8,33,29.3,1011.1,2.0,2.7,12,994.8,0
2018-09-03 13:44:00,3,53,24.8,33,29.4,1011.1,3.1,4.4,6,994.8,0
2018-09-03 13:47:00,3,53,24.8,33,29.4,1011.1,1.0,1.4,2,994.8,0
2018-09-03 13:50:00,3,53,24.8,33,29.4,1011.0,0.7,1.4,10,994.8,0
2018-09-03 13:53:00,3,53,24.8,34,29.6,1011.0,2.0,3.7,2,994.8,0
2018-09-03 13:56:00,3,53,24.8,34,29.4,1011.0,2.4,3.1,0,994.8,0
2018-09-03 13:59:00,3,53,24.8,34,29.4,1011.0,1.0,1.7,0,994.8,0
2018-09-03 14:02:00,3,53,24.8,33,29.4,1010.9,1.0,2.7,8,994.8,0
2018-09-03 14:05:00,3,53,24.8,33,29.4,1011.1,1.0,2.7,8,994.8,0
2018-09-03 14:08:00,3,53,24.8,34,29.7,1011.1,1.4,2.7,2,994.8,0
2018-09-03 14:11:00,3,52,25.0,33,29.7,1011.0,1.7,2.7,8,994.8,0
2018-09-03 14:14:00,3,52,25.0,33,29.7,1010.9,1.7,2.7,2,994.8,0
2018-09-03 14:17:00,3,52,25.0,33,29.8,1011.0,2.4,3.7,2,994.8,0
2018-09-03 14:20:00,3,52,25.0,34,29.4,1011.0,1.4,1.7,0,994.8,0
2018-09-03 14:23:00,3,52,25.0,34,29.2,1010.9,1.0,1.4,0,994.8,0
2018-09-03 14:26:00,3,52,25.0,34,29.0,1010.8,1.0,1.4,0,994.8,0
2018-09-03 14:29:00,3,51,25.0,34,29.1,1010.8,3.1,4.1,0,994.8,0
2018-09-03 14:32:00,3,51,25.0,34,29.2,1010.9,1.0,1.7,8,994.8,0
2018-09-03 14:35:00,3,51,25.0,34,29.2,1010.8,2.4,3.1,1,994.8,0
2018-09-03 14:38:00,3,51,25.0,34,29.2,1010.8,3.4,4.4,4,994.8,0
2018-09-03 14:41:00,3,51,25.1,34,29.3,1010.8,1.7,3.1,8,994.8,0
2018-09-03 14:44:00,3,51,25.1,33,29.3,1010.9,1.0,2.0,14,994.8,0
2018-09-03 14:47:00,3,51,25.1,33,29.4,1010.9,1.7,2.4,2,994.8,0
2018-09-03 14:50:00,3,51,25.1,33,29.5,1010.8,0.3,0.7,4,994.8,0
2018-09-03 14:53:00,3,51,25.1,33,29.6,1010.8,1.0,1.7,14,994.8,0
2018-09-03 14:56:00,3,51,25.2,33,29.7,1010.7,2.0,2.7,0,994.8,0
2018-09-03 14:59:00,3,51,25.1,33,29.5,1010.8,2.0,2.7,0,994.8,0
2018-09-03 15:02:00,3,51,25.1,33,29.4,1010.8,1.0,1.7,2,994.8,0
2018-09-03 15:05:00,3,51,25.1,33,29.6,1010.8,1.4,2.0,4,994.8,0
2018-09-03 15:08:00,3,51,25.1,33,29.7,1010.8,2.0,2.7,4,994.8,0
2018-09-03 15:11:00,3,51,25.2,33,29.6,1010.8,1.7,2.7,0,994.8,0
2018-09-03 15:14:00,3,51,25.2,33,29.3,1010.8,1.7,2.4,4,994.8,0
2018-09-03 15:17:00,3,51,25.2,34,29.0,1010.9,1.4,1.7,0,994.8,0
2018-09-03 15:20:00,3,51,25.2,33,29.0,1010.8,1.4,2.0,0,994.8,0
2018-09-03 15:23:00,3,51,25.2,34,29.1,1010.8,2.7,3.1,0,994.8,0
2018-09-03 15:26:00,3,51,25.2,34,29.3,1010.8,1.0,1.7,14,994.8,0
2018-09-03 15:29:00,3,51,25.3,33,29.5,1010.9,1.4,1.7,2,994.8,0
2018-09-03 15:32:00,3,51,25.3,32,29.4,1010.8,2.7,3.4,0,994.8,0
2018-09-03 15:35:00,3,51,25.3,32,29.3,1010.8,1.7,2.0,2,994.8,0
2018-09-03 15:38:00,3,51,25.3,33,29.3,1010.8,0,0.3,14,994.8,0
2018-09-03 15:41:00,3,51,25.3,33,29.3,1010.9,2.0,2.7,2,994.8,0
2018-09-03 15:44:00,3,51,25.3,33,29.1,1010.8,0.7,1.4,0,994.8,0
2018-09-03 15:47:00,3,51,25.3,33,29.2,1010.8,1.4,2.0,0,994.8,0
2018-09-03 15:50:00,3,51,25.3,33,29.2,1010.7,1.0,1.4,10,994.8,0
2018-09-03 15:53:00,3,51,25.4,33,29.2,1010.7,1.4,2.4,4,994.8,0
2018-09-03 15:56:00,3,51,25.3,33,29.1,1010.8,0.7,1.7,0,994.8,0
2018-09-03 15:59:00,3,51,25.3,33,29.1,1010.7,1.7,2.4,2,994.8,0
2018-09-03 16:02:00,3,51,25.3,33,29.1,1010.6,1.0,1.4,1,994.8,0
2018-09-03 16:05:00,3,51,25.3,33,29.1,1010.6,1.0,1.4,1,994.8,0
2018-09-03 16:08:00,3,51,25.3,33,28.7,1010.7,1.7,2.4,2,994.8,0
2018-09-03 16:11:00,3,51,25.4,33,28.7,1010.6,1.0,1.4,0,994.8,0
2018-09-03 16:14:00,3,51,25.4,34,28.7,1010.8,1.0,1.7,4,994.8,0
2018-09-03 16:17:00,3,51,25.4,34,28.6,1010.6,1.0,1.7,8,994.8,0
2018-09-03 16:20:00,3,51,25.4,34,28.3,1010.7,1.0,1.7,4,994.8,0
2018-09-03 16:23:00,3,51,25.3,34,28.0,1010.6,1.4,1.7,14,994.8,0
2018-09-03 16:26:00,3,51,25.3,35,27.8,1010.8,1.0,1.4,14,994.8,0
2018-09-03 16:29:00,3,51,25.3,35,27.7,1010.7,1.4,2.4,4,994.8,0
2018-09-03 16:32:00,3,51,25.3,35,27.6,1010.7,0.7,1.0,4,994.8,0
2018-09-03 16:35:00,3,51,25.4,35,27.5,1010.6,1.7,2.7,14,994.8,0
2018-09-03 16:38:00,3,51,25.4,35,27.5,1010.7,0.3,1.0,0,994.8,0
2018-09-03 16:41:00,3,51,25.4,35,27.6,1010.7,1.7,2.0,0,994.8,0
2018-09-03 16:44:00,3,51,25.4,35,27.6,1010.7,0.7,1.0,0,994.8,0
2018-09-03 16:47:00,3,51,25.3,35,27.5,1010.7,0,0.3,0,994.8,0
2018-09-03 16:50:00,3,51,25.3,40,27.4,1010.7,0.3,0.7,0,994.8,0
2018-09-03 16:53:00,3,51,25.3,40,27.3,1010.7,0.3,0.7,0,994.8,0
2018-09-03 16:56:00,3,51,25.3,41,27.1,1010.7,2.4,3.1,2,994.8,0
2018-09-03 16:59:00,3,51,25.4,41,27.0,1010.6,1.0,1.4,2,994.8,0
2018-09-03 17:02:00,3,51,25.4,41,26.9,1010.7,3.1,4.8,2,994.8,0
2018-09-03 17:05:00,3,51,25.4,42,26.8,1010.7,3.1,4.1,0,994.8,0
2018-09-03 17:08:00,3,51,25.4,42,26.7,1010.7,1.0,1.7,2,994.8,0
2018-09-03 17:11:00,3,51,25.3,43,26.5,1010.7,1.4,1.7,0,994.8,0
2018-09-03 17:14:00,3,51,25.3,43,26.4,1010.7,0.7,1.0,2,994.8,0
2018-09-03 17:17:00,3,51,25.3,43,26.2,1010.8,1.0,1.4,2,994.8,0
2018-09-03 17:20:00,3,51,25.3,44,26.1,1010.7,2.0,2.7,14,994.8,0
2018-09-03 17:23:00,3,51,25.4,44,26.0,1010.7,0.7,1.4,2,994.8,0
2018-09-03 17:26:00,3,51,25.4,44,25.9,1010.7,1.0,1.4,0,994.8,0
2018-09-03 17:29:00,3,51,25.4,45,25.8,1010.8,1.4,2.4,2,994.8,0
2018-09-03 17:32:00,3,51,25.4,47,25.6,1010.8,1.4,2.0,4,994.8,0
2018-09-03 17:35:00,3,51,25.3,49,25.5,1010.7,2.4,3.4,2,994.8,0
2018-09-03 17:38:00,3,51,25.3,50,25.3,1010.7,1.7,2.4,0,994.8,0
2018-09-03 17:41:00,3,51,25.3,50,25.2,1010.7,2.4,3.1,14,994.8,0
2018-09-03 17:44:00,3,51,25.3,51,25.0,1010.8,0.7,1.4,14,994.8,0
2018-09-03 17:47:00,3,51,25.4,51,24.9,1010.8,1.7,2.4,0,994.8,0
2018-09-03 17:50:00,3,51,25.4,52,24.7,1010.9,1.7,2.0,0,994.8,0
2018-09-03 17:53:00,3,51,25.4,52,24.7,1010.9,2.0,3.4,2,994.8,0
2018-09-03 17:56:00,3,51,25.4,52,24.5,1011.0,0.7,1.4,2,994.8,0
2018-09-03 17:59:00,3,51,25.3,52,24.4,1010.9,2.0,2.7,1,994.8,0
2018-09-03 18:02:00,3,51,25.3,53,24.4,1010.9,1.7,2.4,2,994.8,0
2018-09-03 18:05:00,3,51,25.3,53,24.4,1010.9,1.7,2.4,2,994.8,0
2018-09-03 18:08:00,3,51,25.3,53,24.1,1011.0,1.4,2.0,1,994.8,0
2018-09-03 18:11:00,3,51,25.4,53,24.0,1011.1,1.0,1.4,2,994.8,0
2018-09-03 18:14:00,3,51,25.4,54,23.9,1011.0,1.7,2.0,0,994.8,0
2018-09-03 18:17:00,3,51,25.4,54,23.8,1011.1,1.0,1.7,2,994.8,0
2018-09-03 18:20:00,3,51,25.3,54,23.7,1011.0,1.4,2.4,2,994.8,0
2018-09-03 18:23:00,3,51,25.4,54,23.6,1011.1,0.3,0.7,0,994.8,0
2018-09-03 18:26:00,3,51,25.3,54,23.5,1011.1,0.7,1.0,2,994.8,0
2018-09-03 18:29:00,3,51,25.3,55,23.4,1011.1,1.4,2.0,2,994.8,0
2018-09-03 18:32:00,3,51,25.3,55,23.3,1011.2,0.7,1.4,0,994.8,0
2018-09-03 18:35:00,3,51,25.3,55,23.3,1011.2,1.0,1.4,0,994.8,0
2018-09-03 18:38:00,3,51,25.3,55,23.2,1011.2,0.7,1.0,0,994.8,0
2018-09-03 18:41:00,3,51,25.3,55,23.1,1011.2,1.0,1.7,0,994.8,0
2018-09-03 18:44:00,3,51,25.3,55,23.1,1011.2,0.3,0.7,0,994.8,0
2018-09-03 18:47:00,3,51,25.3,56,23.0,1011.2,1.0,1.0,0,994.8,0
2018-09-03 18:50:00,3,51,25.3,56,22.9,1011.3,1.4,2.0,0,994.8,0
2018-09-03 18:53:00,3,51,25.3,56,22.8,1011.3,0.7,1.0,0,994.8,0
2018-09-03 18:56:00,3,51,25.3,56,22.8,1011.3,0.3,0.7,0,994.8,0
2018-09-03 18:59:00,3,51,25.3,56,22.7,1011.3,0.3,0.7,0,994.8,0
2018-09-03 19:02:00,3,51,25.3,57,22.6,1011.3,0.7,1.0,14,994.8,0
2018-09-03 19:05:00,3,51,25.3,57,22.5,1011.3,0.7,1.0,0,994.8,0
2018-09-03 19:08:00,3,51,25.3,57,22.5,1011.4,0.7,1.0,0,994.8,0
2018-09-03 19:11:00,3,51,25.3,61,22.4,1011.3,0.7,1.0,0,994.8,0
2018-09-03 19:14:00,3,51,25.3,61,22.3,1011.3,0.3,0.7,0,994.8,0
2018-09-03 19:17:00,3,51,25.3,61,22.2,1011.4,0.7,1.0,2,994.8,0
2018-09-03 19:20:00,3,51,25.3,61,22.2,1011.3,0.7,1.0,0,994.8,0
2018-09-03 19:23:00,3,51,25.3,61,22.1,1011.4,0.7,1.0,2,994.8,0
2018-09-03 19:26:00,3,51,25.3,61,22.1,1011.4,1.0,1.4,2,994.8,0
2018-09-03 19:29:00,3,51,25.3,61,22.0,1011.4,0.3,0.7,2,994.8,0
2018-09-03 19:32:00,3,51,25.3,61,21.9,1011.3,1.0,1.7,0,994.8,0
2018-09-03 19:35:00,3,51,25.3,61,21.8,1011.3,0.7,1.0,0,994.8,0
2018-09-03 19:38:00,3,51,25.3,61,21.8,1011.2,1.0,1.4,1,994.8,0
2018-09-03 19:41:00,3,51,25.3,61,21.7,1011.3,1.7,2.4,2,994.8,0
2018-09-03 19:44:00,3,51,25.3,61,21.7,1011.3,0,0.3,0,994.8,0
2018-09-03 19:47:00,3,51,25.3,61,21.7,1011.3,1.0,1.4,2,994.8,0
2018-09-03 19:50:00,3,51,25.3,61,21.6,1011.3,0.7,1.0,0,994.8,0
2018-09-03 19:53:00,3,51,25.2,62,21.5,1011.3,0.7,1.4,0,994.8,0
2018-09-03 19:56:00,3,51,25.2,62,21.5,1011.3,1.0,1.4,2,994.8,0
2018-09-03 19:59:00,3,51,25.2,62,21.4,1011.3,0.3,0.7,0,994.8,0
2018-09-03 20:02:00,3,51,25.2,62,21.3,1011.2,0.7,1.0,0,994.8,0
2018-09-03 20:05:00,3,51,25.2,62,21.3,1011.3,0.7,1.0,0,994.8,0
2018-09-03 20:08:00,3,51,25.2,63,21.2,1011.3,0.7,1.4,0,994.8,0
2018-09-03 20:11:00,3,51,25.2,64,21.1,1011.4,1.0,1.7,14,994.8,0
2018-09-03 20:14:00,3,51,25.2,64,21.1,1011.4,1.0,1.4,0,994.8,0
2018-09-03 20:17:00,3,51,25.2,64,21.0,1011.2,0.3,0.7,8,994.8,0
2018-09-03 20:20:00,3,51,25.2,65,20.9,1011.3,0.3,0.7,0,994.8,0
2018-09-03 20:23:00,3,51,25.2,65,20.8,1011.4,0.3,0.7,0,994.8,0
2018-09-03 20:26:00,3,51,25.2,66,20.7,1011.3,1.7,2.0,0,994.8,0
2018-09-03 20:29:00,3,51,25.2,67,20.6,1011.4,1.4,1.7,14,994.8,0
2018-09-03 20:32:00,3,51,25.2,67,20.6,1011.3,0.3,0.7,14,994.8,0
2018-09-03 20:35:00,3,51,25.2,68,20.5,1011.3,1.4,1.7,2,994.8,0
2018-09-03 20:38:00,3,51,25.2,69,20.5,1011.3,0.7,1.0,0,994.8,0
2018-09-03 20:41:00,3,51,25.2,70,20.4,1011.3,0.7,1.0,0,994.8,0
2018-09-03 20:44:00,3,51,25.2,70,20.4,1011.3,0.3,1.0,0,994.8,0
2018-09-03 20:47:00,3,51,25.2,70,20.3,1011.3,1.0,1.4,0,994.8,0
2018-09-03 20:50:00,3,51,25.2,70,20.3,1011.3,1.0,1.7,13,994.8,0
2018-09-03 20:53:00,3,51,25.2,71,20.2,1011.3,0.7,1.0,2,994.8,0
2018-09-03 20:56:00,3,51,25.1,71,20.2,1011.3,1.0,1.7,0,994.8,0
2018-09-03 20:59:00,3,51,25.1,71,20.2,1011.3,1.0,1.7,0,994.8,0
2018-09-03 21:02:00,3,51,25.1,71,20.1,1011.3,1.4,1.7,0,994.8,0
2018-09-03 21:05:00,3,51,25.1,71,20.1,1011.2,0.7,1.0,14,994.8,0
2018-09-03 21:08:00,3,51,25.1,71,20.0,1011.3,0.7,1.0,0,994.8,0
2018-09-03 21:11:00,3,51,25.1,72,20.0,1011.2,1.0,1.4,0,994.8,0
2018-09-03 21:14:00,3,51,25.1,72,20.0,1011.3,0.3,1.0,0,994.8,0
2018-09-03 21:17:00,3,51,25.1,72,19.9,1011.2,1.4,1.7,0,994.8,0
2018-09-03 21:20:00,3,51,25.1,72,19.8,1011.2,0.3,0.7,0,994.8,0
2018-09-03 21:23:00,3,51,25.1,72,19.7,1011.2,0.7,1.0,0,994.8,0
2018-09-03 21:26:00,3,51,25.1,73,19.7,1011.3,0.7,1.4,0,994.8,0
2018-09-03 21:29:00,3,51,25.1,73,19.6,1011.2,0.3,0.7,0,994.8,0
2018-09-03 21:32:00,3,51,25.1,73,19.6,1011.2,0.3,0.7,0,994.8,0
2018-09-03 21:35:00,3,51,25.1,73,19.5,1011.2,0.7,1.4,0,994.8,0
2018-09-03 21:38:00,3,51,25.1,73,19.4,1011.2,0.3,0.7,0,994.8,0
2018-09-03 21:41:00,3,51,25.1,74,19.4,1011.2,0.7,1.0,0,994.8,0
2018-09-03 21:44:00,3,51,25.1,74,19.3,1011.1,0.7,1.0,2,994.8,0
2018-09-03 21:47:00,3,51,25.1,74,19.3,1011.1,1.0,1.4,2,994.8,0
2018-09-03 21:50:00,3,51,25.1,75,19.2,1011.2,0.7,1.0,0,994.8,0
2018-09-03 21:53:00,3,51,25.1,75,19.1,1011.1,1.0,1.4,0,994.8,0
2018-09-03 21:56:00,3,51,25.1,75,19.0,1011.1,0.7,0.7,0,994.8,0
2018-09-03 21:59:00,3,51,25.0,76,19.0,1011.1,0.7,1.4,0,994.8,0
