2018-12-19 00:02:00,3,32,20.3,84,1.2,1014.9,1.0,1.4,4,1064.4,0
2018-12-19 00:05:00,3,32,20.3,84,1.2,1014.7,1.4,1.7,4,1064.4,0
2018-12-19 00:08:00,3,32,20.3,84,1.2,1014.8,0.3,1.0,4,1064.4,0
2018-12-19 00:11:00,3,32,20.2,84,1.2,1014.6,0.7,1.0,0,1064.4,0
2018-12-19 00:14:00,3,32,20.2,84,1.2,1014.7,0.7,1.4,6,1064.4,0
2018-12-19 00:17:00,3,32,20.2,84,1.2,1014.6,0.7,1.4,4,1064.4,0
2018-12-19 00:20:00,3,32,20.1,84,1.2,1014.6,1.0,1.4,4,1064.4,0
2018-12-19 00:23:00,3,32,20.1,84,1.1,1014.5,0.7,1.0,8,1064.4,0
2018-12-19 00:26:00,3,32,20.1,84,1.2,1014.5,2.0,3.1,6,1064.4,0
2018-12-19 00:29:00,3,32,20.1,84,1.3,1014.6,1.4,1.7,8,1064.4,0
2018-12-19 00:32:00,3,32,20.1,84,1.3,1014.6,1.7,2.0,4,1064.4,0
2018-12-19 00:35:00,3,32,20.0,84,1.3,1014.5,1.0,1.4,10,1064.4,0
2018-12-19 00:38:00,3,32,20.0,84,1.3,1014.4,1.0,1.7,1,1064.4,0
2018-12-19 00:41:00,3,32,20.0,84,1.3,1014.4,1.0,2.0,4,1064.4,0
2018-12-19 00:44:00,3,32,20.0,84,1.4,1014.5,0.7,1.4,2,1064.4,0
2018-12-19 00:47:00,3,32,20.0,84,1.4,1014.4,1.4,2.4,0,1064.4,0
2018-12-19 00:50:00,3,33,19.9,85,1.4,1014.5,0.3,1.0,12,1064.4,0
2018-12-19 00:53:00,3,33,19.9,85,1.4,1014.5,0.7,1.0,10,1064.4,0
2018-12-19 00:56:00,3,33,19.8,84,1.4,1014.5,2.4,3.7,2,1064.4,0
2018-12-19 00:59:00,3,33,19.8,84,1.4,1014.4,0.7,1.7,2,1064.4,0
2018-12-19 01:02:00,3,33,19.8,84,1.4,1014.3,0.7,1.4,4,1064.4,0
2018-12-19 01:05:00,3,33,19.8,84,1.4,1014.2,0.7,1.4,4,1064.4,0
2018-12-19 01:08:00,3,33,19.8,84,1.5,1014.2,1.4,1.7,4,1064.4,0
2018-12-19 01:11:00,3,33,19.7,84,1.5,1014.2,0.7,1.0,6,1064.4,0
2018-12-19 01:14:00,3,33,19.7,84,1.5,1014.1,1.7,2.7,14,1064.4,0
2018-12-19 01:17:00,3,33,19.7,84,1.5,1014.1,0.7,1.4,0,1064.4,0
2018-12-19 01:20:00,3,33,19.7,84,1.5,1014.1,1.4,1.7,10,1064.4,0
2018-12-19 01:23:00,3,33,19.7,84,1.5,1014.1,1.0,1.7,2,1064.4,0
2018-12-19 01:26:00,3,33,19.6,84,1.6,1014.0,1.7,2.4,8,1064.7,0
2018-12-19 01:29:00,3,33,19.6,84,1.6,1013.9,1.4,2.4,10,1064.7,0
2018-12-19 01:32:00,3,33,19.6,84,1.6,1014.0,1.4,2.0,2,1064.7,0
2018-12-19 01:35:00,3,33,19.6,84,1.6,1014.0,2.4,3.1,4,1064.7,0
2018-12-19 01:38:00,3,33,19.6,84,1.6,1014.1,2.4,3.1,2,1064.7,0
2018-12-19 01:41:00,3,33,19.5,83,1.6,1014.1,1.4,1.7,6,1064.7,0
2018-12-19 01:44:00,3,33,19.5,83,1.6,1014.1,1.7,2.0,4,1064.7,0
2018-12-19 01:47:00,3,33,19.5,83,1.6,1014.2,0.7,1.0,8,1064.7,0
2018-12-19 01:50:00,3,33,19.5,83,1.6,1014.1,1.0,1.4,10,1064.7,0
2018-12-19 01:53:00,3,33,19.4,83,1.5,1014.1,1.0,1.7,4,1064.7,0
2018-12-19 01:56:00,3,33,19.3,83,1.5,1014.2,1.4,2.0,4,1064.7,0
2018-12-19 01:59:00,3,33,19.3,83,1.5,1014.0,1.0,2.0,6,1064.7,0
2018-12-19 02:02:00,3,33,19.3,83,1.4,1013.9,1.4,2.4,6,1064.7,0
2018-12-19 02:05:00,3,33,19.3,83,1.4,1014.0,1.0,1.4,4,1064.7,0
2018-12-19 02:08:00,3,33,19.3,83,1.4,1013.9,1.0,1.7,6,1064.7,0
2018-12-19 02:11:00,3,33,19.3,83,1.4,1014.0,1.4,2.0,4,1064.7,0
2018-12-19 02:14:00,3,33,19.3,83,1.4,1013.9,1.0,1.4,4,1064.7,0
2018-12-19 02:17:00,3,33,19.2,83,1.4,1013.9,1.0,1.4,8,1064.7,0
2018-12-19 02:20:00,3,33,19.2,83,1.4,1013.9,0.7,1.0,6,1064.7,0
2018-12-19 02:23:00,3,33,19.2,83,1.4,1013.8,1.0,1.7,4,1064.7,0
2018-12-19 02:26:00,3,33,19.2,83,1.3,1013.8,1.0,1.0,4,1064.7,0
2018-12-19 02:29:00,3,33,19.2,83,1.3,1013.8,0.7,1.0,10,1064.7,0
2018-12-19 02:32:00,3,33,19.2,83,1.3,1013.7,1.4,2.0,6,1064.7,0
2018-12-19 02:35:00,3,33,19.2,83,1.2,1013.7,0.7,1.0,4,1064.7,0
2018-12-19 02:38:00,3,33,19.1,83,1.2,1013.7,0.3,0.7,4,1064.7,0
2018-12-19 02:41:00,3,33,19.1,83,1.1,1013.7,1.0,2.0,4,1064.7,0
2018-12-19 02:44:00,3,33,19.1,83,1.2,1013.7,1.0,1.7,4,1064.7,0
2018-12-19 02:47:00,3,33,19.1,83,1.2,1013.6,2.0,2.7,2,1064.7,0
2018-12-19 02:50:00,3,33,19.1,83,1.2,1013.4,1.4,2.4,4,1064.7,0
2018-12-19 02:53:00,3,33,19.1,83,1.2,1013.4,2.0,2.7,12,1064.7,0
2018-12-19 02:56:00,3,33,19.1,83,1.2,1013.5,1.0,1.4,6,1064.7,0
2018-12-19 02:59:00,3,33,19.0,83,1.2,1013.5,1.0,1.7,5,1064.7,0
2018-12-19 03:02:00,3,33,19.0,83,1.2,1013.4,0.7,1.0,3,1064.7,0
2018-12-19 03:05:00,3,33,19.0,83,1.2,1013.4,0.7,1.0,3,1064.7,0
2018-12-19 03:08:00,3,33,19.0,83,1.2,1013.4,1.4,2.4,4,1064.7,0
2018-12-19 03:11:00,3,33,19.0,83,1.2,1013.3,1.4,2.0,10,1064.7,0
2018-12-19 03:14:00,3,33,19.0,83,1.2,1013.3,0.3,0.7,14,1064.7,0
2018-12-19 03:17:00,3,33,19.0,83,1.1,1013.3,1.4,1.7,6,1064.7,0
2018-12-19 03:20:00,3,33,19.0,83,1.1,1013.2,1.7,2.0,4,1064.7,0
2018-12-19 03:23:00,3,33,19.0,83,1.2,1013.3,1.7,2.0,6,1064.7,0
2018-12-19 03:26:00,3,34,18.9,83,1.2,1013.1,1.4,2.0,5,1064.7,0
2018-12-19 03:29:00,3,34,18.9,83,1.3,1013.1,2.4,3.4,2,1064.7,0
2018-12-19 03:32:00,3,34,18.9,83,1.3,1013.1,1.4,1.7,3,1064.7,0
2018-12-19 03:35:00,3,34,18.9,83,1.3,1013.0,2.0,3.1,6,1064.7,0
2018-12-19 03:38:00,3,34,18.9,83,1.3,1012.9,2.7,3.7,4,1064.7,0
2018-12-19 03:41:00,3,34,18.9,83,1.3,1012.9,2.0,2.4,3,1064.7,0
2018-12-19 03:44:00,3,34,18.8,83,1.3,1012.9,2.0,3.7,6,1064.7,0
2018-12-19 03:47:00,3,34,18.8,83,1.3,1012.9,1.0,1.7,8,1064.7,0
2018-12-19 03:50:00,3,34,18.8,83,1.3,1012.9,1.7,2.7,7,1064.7,0
2018-12-19 03:53:00,3,34,18.8,83,1.3,1012.9,2.0,3.1,4,1064.7,0
2018-12-19 03:56:00,3,34,18.8,83,1.3,1012.8,2.0,2.7,4,1064.7,0
2018-12-19 03:59:00,3,34,18.8,83,1.3,1012.8,1.7,3.1,4,1064.7,0
2018-12-19 04:02:00,3,34,18.8,83,1.3,1012.8,2.4,3.7,4,1064.7,0
2018-12-19 04:05:00,3,34,18.8,83,1.3,1012.6,1.0,1.4,4,1064.7,0
2018-12-19 04:08:00,3,34,18.8,83,1.3,1012.5,0.7,1.4,4,1064.7,0
2018-12-19 04:11:00,3,34,18.7,83,1.3,1012.5,2.0,2.4,2,1064.7,0
2018-12-19 04:14:00,3,34,18.7,83,1.3,1012.3,1.0,1.7,4,1064.7,0
2018-12-19 04:17:00,3,34,18.7,83,1.3,1012.5,2.7,3.4,2,1064.7,0
2018-12-19 04:20:00,3,34,18.7,83,1.4,1012.4,2.4,3.1,5,1064.7,0
2018-12-19 04:23:00,3,34,18.6,83,1.4,1012.4,1.7,2.4,5,1064.7,0
2018-12-19 04:26:00,3,34,18.6,83,1.4,1012.3,2.7,3.7,4,1064.7,0
2018-12-19 04:29:00,3,34,18.6,83,1.5,1012.1,2.4,3.4,4,1064.7,0
2018-12-19 04:32:00,3,34,18.6,83,1.5,1012.0,1.7,2.4,2,1064.7,0
2018-12-19 04:35:00,3,34,18.6,83,1.5,1012.0,2.0,2.7,4,1064.7,0
2018-12-19 04:38:00,3,34,18.6,83,1.6,1012.0,2.0,2.7,1,1064.7,0
2018-12-19 04:41:00,3,34,18.6,83,1.5,1012.0,1.7,2.4,4,1064.7,0
2018-12-19 04:44:00,3,33,18.6,83,1.5,1012.0,2.7,3.4,4,1064.7,0
2018-12-19 04:47:00,3,33,18.6,83,1.6,1011.9,2.7,3.7,8,1064.7,0
2018-12-19 04:50:00,3,33,18.6,83,1.6,1011.9,2.0,3.1,4,1064.7,0
2018-12-19 04:53:00,3,34,18.5,83,1.6,1011.8,1.0,2.0,4,1064.7,0
2018-12-19 04:56:00,3,34,18.6,83,1.6,1011.7,2.0,2.4,4,1064.7,0
2018-12-19 04:59:00,3,34,18.6,82,1.6,1011.7,1.4,2.0,10,1064.7,0
2018-12-19 05:02:00,3,34,18.6,82,1.6,1011.8,1.0,1.4,3,1064.7,0
2018-12-19 05:05:00,3,34,18.6,82,1.6,1011.7,1.0,1.4,3,1064.7,0
2018-12-19 05:08:00,3,34,18.6,82,1.6,1011.8,2.4,3.7,8,1064.7,0
2018-12-19 05:11:00,3,34,18.6,82,1.6,1011.8,0.7,1.4,6,1064.7,0
2018-12-19 05:14:00,3,34,18.6,82,1.6,1011.8,2.0,2.7,4,1064.7,0
2018-12-19 05:17:00,3,34,18.7,82,1.6,1011.8,2.0,3.1,3,1064.7,0
2018-12-19 05:20:00,3,34,18.7,82,1.6,1011.8,2.0,2.4,6,1064.7,0
2018-12-19 05:23:00,3,34,18.8,82,1.6,1011.9,2.0,2.7,2,1064.7,0
2018-12-19 05:26:00,3,34,18.8,82,1.6,1011.8,1.4,2.0,14,1064.7,0
2018-12-19 05:29:00,3,34,18.8,82,1.6,1011.8,2.4,4.1,4,1064.7,0
2018-12-19 05:32:00,3,34,18.9,82,1.6,1011.8,1.7,2.4,6,1064.7,0
2018-12-19 05:35:00,3,34,18.9,82,1.6,1011.8,1.0,1.7,2,1064.7,0
2018-12-19 05:38:00,3,33,19.0,82,1.6,1011.7,1.7,3.4,11,1064.7,0
2018-12-19 05:41:00,3,33,19.0,82,1.7,1011.8,1.7,2.4,4,1064.7,0
2018-12-19 05:44:00,3,33,19.0,82,1.6,1011.8,1.0,1.4,8,1064.7,0
2018-12-19 05:47:00,3,33,19.1,82,1.6,1011.8,1.0,2.4,6,1064.7,0
2018-12-19 05:50:00,3,33,19.1,82,1.6,1011.7,2.4,3.4,2,1064.7,0
2018-12-19 05:53:00,3,33,19.1,82,1.6,1011.7,2.0,2.7,14,1064.7,0
2018-12-19 05:56:00,3,33,19.1,82,1.7,1011.8,2.0,3.1,8,1064.7,0
2018-12-19 05:59:00,3,33,19.2,82,1.7,1011.7,1.7,2.0,4,1064.7,0
2018-12-19 06:02:00,3,33,19.2,82,1.8,1011.7,1.4,2.0,2,1064.7,0
2018-12-19 06:05:00,3,33,19.3,82,1.8,1011.8,1.7,2.0,4,1064.7,0
2018-12-19 06:08:00,3,33,19.3,82,1.8,1011.7,2.4,3.4,4,1064.7,0
2018-12-19 06:11:00,3,33,19.4,82,1.8,1011.6,1.4,2.0,2,1064.7,0
2018-12-19 06:14:00,3,33,19.5,81,1.8,1011.5,3.1,3.7,4,1064.7,0
2018-12-19 06:17:00,3,33,19.5,81,1.8,1011.5,1.4,2.0,10,1064.7,0
2018-12-19 06:20:00,3,33,19.6,81,1.8,1011.5,1.4,1.7,6,1064.7,0
2018-12-19 06:23:00,3,33,19.6,81,1.8,1011.5,0.7,1.7,4,1064.7,0
2018-12-19 06:26:00,3,33,19.6,81,1.8,1011.6,1.4,1.7,0,1064.7,0
2018-12-19 06:29:00,3,33,19.7,81,1.8,1011.7,1.7,2.7,6,1064.7,0
2018-12-19 06:32:00,3,33,19.7,81,1.8,1011.7,2.0,2.7,8,1064.7,0
2018-12-19 06:35:00,3,33,19.7,81,1.8,1011.7,1.7,2.4,8,1064.7,0
2018-12-19 06:38:00,3,33,19.7,81,1.8,1011.8,0.7,0.7,6,1064.7,0
2018-12-19 06:41:00,3,33,19.8,81,1.8,1011.8,3.1,4.1,4,1064.7,0
2018-12-19 06:44:00,3,33,19.8,81,1.9,1011.7,1.4,2.0,2,1064.7,0
2018-12-19 06:47:00,3,33,19.8,81,1.8,1011.8,1.0,1.7,6,1064.7,0
2018-12-19 06:50:00,3,33,19.8,81,1.8,1011.7,1.0,1.4,8,1064.7,0
2018-12-19 06:53:00,3,33,19.8,81,1.8,1011.7,1.7,2.7,4,1064.7,0
2018-12-19 06:56:00,3,33,19.9,81,1.8,1011.9,2.7,3.4,2,1064.7,0
2018-12-19 06:59:00,3,33,19.9,81,1.8,1011.9,2.0,3.4,6,1064.7,0
2018-12-19 07:02:00,3,32,20.0,81,1.8,1011.6,1.0,1.7,6,1064.7,0
2018-12-19 07:05:00,3,32,20.0,81,1.8,1011.7,1.0,1.7,6,1064.7,0
2018-12-19 07:08:00,3,32,20.0,81,1.8,1011.7,2.0,2.7,4,1064.7,0
2018-12-19 07:11:00,3,32,20.0,81,1.8,1011.7,2.4,3.4,0,1064.7,0
2018-12-19 07:14:00,3,32,20.0,81,1.8,1011.7,2.0,2.4,6,1064.7,0
2018-12-19 07:17:00,3,34,20.1,81,1.8,1011.7,2.7,4.8,5,1064.7,0
2018-12-19 07:20:00,3,35,20.2,81,1.8,1011.6,1.4,2.0,6,1064.7,0
2018-12-19 07:23:00,3,35,20.2,81,1.8,1011.7,1.4,2.4,4,1064.7,0
2018-12-19 07:26:00,3,35,20.3,81,1.8,1011.6,3.1,4.4,12,1064.7,0
2018-12-19 07:29:00,3,34,20.5,81,1.8,1011.7,2.4,3.4,10,1064.7,0
2018-12-19 07:32:00,3,33,20.8,81,1.8,1011.7,2.0,3.1,6,1064.7,0
2018-12-19 07:35:00,3,31,21.1,81,1.8,1011.7,2.4,3.4,10,1064.7,0
2018-12-19 07:38:00,3,31,21.2,81,1.8,1011.8,1.4,1.7,4,1064.7,0
2018-12-19 07:41:00,3,30,21.3,80,1.8,1011.7,2.7,4.1,6,1064.7,0
2018-12-19 07:44:00,3,30,21.5,80,1.8,1011.8,1.0,1.7,4,1064.7,0
2018-12-19 07:47:00,3,30,21.6,80,1.8,1011.8,1.4,1.7,6,1064.7,0
2018-12-19 07:50:00,3,30,21.7,80,1.8,1011.8,3.1,3.7,4,1064.7,0
2018-12-19 07:53:00,3,30,21.8,80,1.9,1011.8,2.0,3.1,0,1064.7,0
2018-12-19 07:56:00,3,29,21.9,80,1.9,1011.9,1.7,2.0,7,1064.7,0
2018-12-19 07:59:00,3,29,21.9,80,1.9,1011.9,2.4,3.1,6,1064.7,0
2018-12-19 08:02:00,3,28,22.1,80,1.9,1012.0,2.0,2.7,8,1064.7,0
2018-12-19 08:05:00,3,28,22.2,80,1.9,1011.9,1.4,2.0,8,1064.7,0
2018-12-19 08:08:00,3,28,22.2,80,1.9,1011.9,1.4,2.0,6,1064.7,0
2018-12-19 08:11:00,3,28,22.3,80,1.9,1011.9,1.7,2.4,3,1064.7,0
2018-12-19 08:14:00,3,28,22.3,80,2.0,1011.8,1.0,1.7,2,1064.7,0
2018-12-19 08:17:00,3,28,22.3,80,2.0,1011.7,1.7,2.0,7,1064.7,0
2018-12-19 08:20:00,3,28,22.3,80,2.0,1011.7,2.4,3.7,4,1064.7,0
2018-12-19 08:23:00,3,28,22.5,80,2.0,1011.8,1.4,2.7,0,1064.7,0
2018-12-19 08:26:00,3,28,22.5,80,2.0,1011.9,1.0,1.7,0,1064.7,0
2018-12-19 08:29:00,3,28,22.6,80,2.0,1012.0,1.4,2.0,12,1064.7,0
2018-12-19 08:32:00,3,28,22.6,80,2.0,1012.0,2.4,3.1,2,1064.7,0
2018-12-19 08:35:00,3,28,22.6,79,2.1,1011.9,2.0,3.7,3,1064.7,0
2018-12-19 08:38:00,3,28,22.7,79,2.1,1011.9,1.7,2.0,8,1064.7,0
2018-12-19 08:41:00,3,28,22.7,79,2.1,1012.0,3.1,3.7,6,1064.7,0
2018-12-19 08:44:00,3,27,22.7,79,2.1,1012.0,3.1,4.4,10,1064.7,0
2018-12-19 08:47:00,3,27,22.7,79,2.1,1012.0,1.4,1.7,4,1064.7,0
2018-12-19 08:50:00,3,27,22.8,79,2.1,1012.1,2.0,3.1,14,1064.7,0
2018-12-19 08:53:00,3,27,22.9,78,2.2,1012.0,0.7,1.0,10,1064.7,0
2018-12-19 08:56:00,3,27,22.9,78,2.2,1012.1,2.0,2.7,4,1064.7,0
2018-12-19 08:59:00,3,26,22.9,78,2.2,1012.0,1.4,2.0,4,1064.7,0
2018-12-19 09:02:00,3,27,23.0,78,2.2,1012.0,1.7,2.4,2,1064.7,0
2018-12-19 09:05:00,3,27,23.0,78,2.2,1012.0,1.7,2.4,2,1064.7,0
2018-12-19 09:08:00,3,27,23.0,78,2.2,1011.9,1.7,2.0,8,1064.7,0
2018-12-19 09:11:00,3,26,23.0,78,2.2,1011.8,2.0,3.4,4,1064.7,0
2018-12-19 09:14:00,3,26,23.0,78,2.2,1011.7,1.4,2.0,2,1064.7,0
2018-12-19 09:17:00,3,26,23.0,78,2.2,1011.8,2.4,4.1,12,1064.7,0
2018-12-19 09:20:00,3,26,23.0,78,2.2,1011.8,1.4,2.7,8,1064.7,0
2018-12-19 09:23:00,3,26,23.0,78,2.2,1011.7,1.7,2.7,8,1064.7,0
2018-12-19 09:26:00,3,26,23.0,78,2.2,1011.7,2.7,4.1,0,1064.7,0
2018-12-19 09:29:00,3,26,23.1,78,2.2,1011.7,3.1,4.4,8,1064.7,0
2018-12-19 09:32:00,3,26,23.1,77,2.2,1011.6,1.0,2.4,4,1064.7,0
2018-12-19 09:35:00,3,26,23.1,77,2.2,1011.6,1.4,2.4,10,1064.7,0
2018-12-19 09:38:00,3,26,23.1,77,2.2,1011.6,1.7,2.4,10,1064.7,0
2018-12-19 09:41:00,3,26,23.1,77,2.2,1011.5,2.7,3.4,4,1064.7,0
2018-12-19 09:44:00,3,26,23.1,77,2.2,1011.5,2.0,4.1,8,1064.7,0
2018-12-19 09:47:00,3,26,23.1,77,2.2,1011.5,1.7,2.4,4,1064.7,0
2018-12-19 09:50:00,3,26,23.1,77,2.3,1011.5,1.0,1.7,2,1064.7,0
2018-12-19 09:53:00,3,26,23.1,78,2.3,1011.4,1.0,1.7,8,1064.7,0
2018-12-19 09:56:00,3,26,23.3,78,2.3,1011.8,2.0,2.7,10,1064.7,0
2018-12-19 09:59:00,3,26,23.3,77,2.3,1011.9,1.4,2.0,10,1064.7,0
2018-12-19 10:02:00,3,26,23.2,77,2.4,1011.9,1.4,2.0,8,1064.7,0
2018-12-19 10:05:00,3,26,23.0,77,2.4,1011.8,1.4,2.0,4,1064.7,0
2018-12-19 10:08:00,3,26,22.9,77,2.4,1011.8,1.4,1.7,8,1064.7,0
2018-12-19 10:11:00,3,26,22.7,77,2.4,1011.7,1.0,1.4,5,1064.7,0
2018-12-19 10:14:00,3,26,22.6,77,2.5,1011.5,1.4,2.4,9,1064.7,0
2018-12-19 10:17:00,3,26,22.5,77,2.5,1011.6,0.7,1.4,4,1064.7,0
2018-12-19 10:20:00,3,27,22.4,77,2.5,1011.4,1.4,2.0,4,1064.7,0
2018-12-19 10:23:00,3,27,22.3,77,2.5,1011.2,2.0,2.7,8,1064.7,0
2018-12-19 10:26:00,3,27,22.2,77,2.5,1011.4,1.0,1.4,6,1064.7,0
2018-12-19 10:29:00,3,28,22.2,77,2.5,1011.4,1.0,1.4,4,1064.7,0
2018-12-19 10:32:00,3,28,22.2,77,2.5,1011.2,1.0,2.0,6,1064.7,0
2018-12-19 10:35:00,3,27,22.1,77,2.5,1011.3,2.7,3.1,8,1064.7,0
2018-12-19 10:38:00,3,27,22.1,77,2.6,1011.1,1.0,1.7,8,1064.7,0
2018-12-19 10:41:00,3,29,21.9,76,2.6,1011.0,1.0,2.0,6,1064.7,0
2018-12-19 10:44:00,3,28,21.9,76,2.6,1011.0,1.0,2.0,5,1064.7,0
2018-12-19 10:47:00,3,28,21.9,76,2.6,1010.9,1.0,2.0,2,1064.7,0
2018-12-19 10:50:00,3,28,21.8,76,2.7,1011.0,1.4,2.0,4,1064.7,0
2018-12-19 10:53:00,3,28,21.7,76,2.7,1010.9,2.4,3.1,4,1064.7,0
2018-12-19 10:56:00,3,29,21.7,76,2.7,1011.0,1.7,2.4,0,1064.7,0
2018-12-19 10:59:00,3,29,21.7,76,2.7,1010.8,1.7,2.7,8,1064.7,0
2018-12-19 11:02:00,3,29,21.6,76,2.8,1010.9,1.0,2.0,2,1064.7,0
2018-12-19 11:05:00,3,29,21.5,76,2.8,1010.9,1.0,2.0,2,1064.7,0
2018-12-19 11:08:00,3,29,21.5,76,2.9,1010.7,1.7,2.7,4,1064.7,0
2018-12-19 11:11:00,3,28,21.3,76,2.9,1010.8,0.7,1.0,4,1064.7,0
2018-12-19 11:14:00,3,29,21.3,76,3.0,1010.8,1.0,1.7,10,1064.7,0
2018-12-19 11:17:00,3,29,21.2,76,3.0,1010.7,1.0,1.7,10,1064.7,0
2018-12-19 11:20:00,3,29,21.2,75,3.0,1010.6,1.0,1.4,8,1064.7,0
2018-12-19 11:23:00,3,29,21.1,75,3.0,1010.6,1.0,1.4,8,1064.7,0
2018-12-19 11:26:00,3,29,21.1,75,3.1,1010.6,1.0,1.7,4,1064.7,0
2018-12-19 11:29:00,3,29,21.0,75,3.0,1010.5,2.4,3.1,6,1064.7,0
2018-12-19 11:32:00,3,29,21.0,75,3.0,1010.5,1.7,2.0,8,1064.7,0
2018-12-19 11:35:00,3,30,20.9,75,3.0,1010.5,1.4,1.7,4,1064.7,0
2018-12-19 11:38:00,3,30,20.9,75,3.0,1010.3,1.4,2.0,8,1064.7,0
2018-12-19 11:41:00,3,30,20.8,75,3.1,1010.3,2.7,3.4,6,1064.7,0
2018-12-19 11:44:00,3,30,20.7,75,3.1,1010.3,1.7,2.4,6,1064.7,0
2018-12-19 11:47:00,3,30,20.7,75,3.1,1010.3,1.4,1.7,6,1064.7,0
2018-12-19 11:50:00,3,30,20.7,75,3.1,1010.3,1.0,1.7,14,1064.7,0
2018-12-19 11:53:00,3,30,20.6,75,3.1,1010.2,1.4,2.0,4,1064.7,0
2018-12-19 11:56:00,3,30,20.6,75,3.1,1010.2,1.0,1.7,5,1064.7,0
2018-12-19 11:59:00,3,30,20.5,75,3.1,1010.3,2.4,3.1,6,1064.7,0
2018-12-19 12:02:00,3,30,20.5,74,3.1,1010.2,1.0,1.4,0,1064.7,0
2018-12-19 12:05:00,3,30,20.5,74,3.1,1010.2,0.7,1.0,4,1064.7,0
2018-12-19 12:08:00,3,30,20.4,75,3.1,1010.2,1.7,3.1,6,1064.7,0
2018-12-19 12:11:00,3,30,20.4,75,3.1,1010.2,0.7,1.7,5,1064.7,0
2018-12-19 12:14:00,3,30,20.4,75,3.1,1010.0,0.7,1.0,4,1064.7,0
2018-12-19 12:17:00,3,30,20.4,74,3.2,1010.0,1.7,3.4,8,1064.7,0
2018-12-19 12:20:00,3,31,20.3,74,3.2,1010.0,1.7,2.7,0,1064.7,0
2018-12-19 12:23:00,3,31,20.3,74,3.2,1009.9,1.4,2.0,0,1064.7,0
2018-12-19 12:26:00,3,31,20.3,74,3.2,1009.8,1.0,1.7,6,1064.7,0
2018-12-19 12:29:00,3,31,20.3,74,3.3,1009.8,2.0,3.1,8,1064.7,0
2018-12-19 12:32:00,3,31,20.3,74,3.3,1009.9,3.1,4.4,8,1064.7,0
2018-12-19 12:35:00,3,31,20.3,74,3.3,1009.8,1.7,2.0,11,1064.7,0
2018-12-19 12:38:00,3,31,20.3,74,3.4,1009.7,0.7,1.4,6,1064.7,0
2018-12-19 12:41:00,3,31,20.3,74,3.4,1009.6,1.4,2.4,10,1064.7,0
2018-12-19 12:44:00,3,31,20.3,74,3.5,1009.6,1.4,1.7,8,1064.7,0
2018-12-19 12:47:00,3,31,20.3,73,3.5,1009.6,1.0,2.7,4,1064.7,0
2018-12-19 12:50:00,3,31,20.3,73,3.5,1009.6,1.4,1.7,8,1064.7,0
2018-12-19 12:53:00,3,31,20.3,73,3.5,1009.6,0.7,1.4,6,1064.7,0
2018-12-19 12:56:00,3,32,20.3,73,3.5,1009.5,1.7,2.0,8,1064.7,0
2018-12-19 12:59:00,3,32,20.3,73,3.5,1009.5,0.7,1.0,6,1064.7,0
2018-12-19 13:02:00,3,32,20.3,73,3.5,1009.6,1.7,3.1,10,1064.7,0
2018-12-19 13:05:00,3,32,20.3,73,3.5,1009.6,1.7,3.1,10,1064.7,0
2018-12-19 13:08:00,3,32,20.3,73,3.6,1009.7,0.7,1.4,10,1064.7,0
2018-12-19 13:11:00,3,32,20.4,73,3.6,1009.7,0.7,1.0,8,1064.7,0
2018-12-19 13:14:00,3,32,20.4,73,3.6,1009.5,0.7,1.4,3,1064.7,0
2018-12-19 13:17:00,3,32,20.4,73,3.6,1009.5,1.0,1.4,6,1064.7,0
2018-12-19 13:20:00,3,32,20.4,73,3.6,1009.7,2.0,2.7,0,1064.7,0
2018-12-19 13:23:00,3,32,20.4,73,3.7,1009.8,0.7,1.7,8,1064.7,0
2018-12-19 13:26:00,3,32,20.4,73,3.7,1009.6,1.7,2.0,6,1064.7,0
2018-12-19 13:29:00,3,32,20.5,72,3.7,1009.7,1.4,2.0,8,1064.7,0
2018-12-19 13:32:00,3,32,20.5,73,3.7,1009.5,0.7,1.7,4,1064.7,0
2018-12-19 13:35:00,3,32,20.5,72,3.7,1009.7,1.0,1.4,8,1064.7,0
2018-12-19 13:38:00,3,32,20.5,73,3.7,1009.7,0.7,1.4,6,1064.7,0
2018-12-19 13:41:00,3,32,20.5,73,3.7,1009.7,0.7,1.0,4,1064.7,0
2018-12-19 13:44:00,3,32,20.5,73,3.7,1009.7,0.7,1.0,7,1064.7,0
2018-12-19 13:47:00,3,32,20.5,73,3.7,1009.7,0.7,1.4,0,1064.7,0
2018-12-19 13:50:00,3,32,20.6,73,3.7,1009.8,0.7,1.4,10,1064.7,0
2018-12-19 13:53:00,3,32,20.6,73,3.7,1009.7,1.7,2.7,8,1064.7,0
2018-12-19 13:56:00,3,32,20.6,73,3.7,1009.7,1.0,1.4,9,1064.7,0
2018-12-19 13:59:00,3,32,20.6,73,3.7,1009.7,1.0,1.4,10,1064.7,0
2018-12-19 14:02:00,3,32,20.6,74,3.6,1009.7,1.4,2.0,6,1064.7,0
2018-12-19 14:05:00,3,32,20.6,74,3.6,1009.7,1.0,1.7,8,1064.7,0
2018-12-19 14:08:00,3,32,20.6,75,3.5,1009.8,0.7,1.0,8,1064.7,0
2018-12-19 14:11:00,3,32,20.6,75,3.5,1009.7,1.0,1.4,12,1064.7,0
2018-12-19 14:14:00,3,32,20.6,75,3.5,1009.8,1.4,2.4,8,1064.7,0
2018-12-19 14:17:00,3,32,20.6,76,3.5,1009.7,0.7,1.4,12,1064.7,0
2018-12-19 14:20:00,3,32,20.6,76,3.4,1009.8,0,0.3,8,1064.7,0
2018-12-19 14:23:00,3,32,20.7,76,3.4,1009.8,1.0,1.4,2,1064.7,0
2018-12-19 14:26:00,3,32,20.6,77,3.4,1009.7,1.4,1.7,2,1064.7,0
2018-12-19 14:29:00,3,32,20.6,77,3.4,1009.7,1.7,2.0,4,1064.7,0
2018-12-19 14:32:00,3,32,20.6,77,3.4,1009.7,0.7,1.4,0,1064.7,0
2018-12-19 14:35:00,3,32,20.7,77,3.4,1009.7,0.7,1.0,4,1064.7,0
2018-12-19 14:38:00,3,32,20.7,77,3.4,1009.7,0.3,0.7,10,1064.7,0
2018-12-19 14:41:00,3,32,20.7,77,3.4,1009.7,0.7,1.0,8,1064.7,0
2018-12-19 14:44:00,3,32,20.7,77,3.4,1009.7,0.7,1.4,10,1064.7,0
2018-12-19 14:47:00,3,32,20.7,77,3.4,1009.8,0,0.3,6,1064.7,0
2018-12-19 14:50:00,3,32,20.7,77,3.4,1009.7,0.7,0.7,2,1064.7,0
2018-12-19 14:53:00,3,32,20.7,77,3.4,1009.8,1.0,1.4,14,1064.7,0
2018-12-19 14:56:00,3,32,20.7,77,3.4,1009.8,1.0,1.7,8,1064.7,0
2018-12-19 14:59:00,3,32,20.7,77,3.5,1009.9,0.3,0.7,10,1064.7,0
2018-12-19 15:02:00,3,32,20.7,77,3.5,1009.7,0.3,0.7,10,1064.7,0
2018-12-19 15:05:00,3,32,20.7,77,3.5,1009.8,0.3,0.7,10,1064.7,0
2018-12-19 15:08:00,3,32,20.7,78,3.5,1009.9,0.3,0.7,8,1064.7,0
2018-12-19 15:11:00,3,32,20.7,78,3.5,1009.8,1.0,1.4,2,1064.7,0
2018-12-19 15:14:00,3,32,20.7,78,3.5,1009.8,0,0.3,10,1064.7,0
2018-12-19 15:17:00,3,32,20.7,78,3.5,1009.8,1.4,2.0,6,1064.7,0
2018-12-19 15:20:00,3,32,20.7,78,3.5,1009.9,0.7,1.0,8,1064.7,0
2018-12-19 15:23:00,3,32,20.7,78,3.5,1009.8,0.3,1.0,4,1064.7,0
2018-12-19 15:26:00,3,32,20.7,78,3.5,1009.8,0,0.7,8,1064.7,0
2018-12-19 15:29:00,3,32,20.7,78,3.5,1009.8,0,0,0,1064.7,0
2018-12-19 15:32:00,3,32,20.7,78,3.5,1009.7,1.7,2.4,4,1064.7,0
2018-12-19 15:35:00,3,32,20.7,78,3.5,1009.7,1.0,1.4,0,1064.7,0
2018-12-19 15:38:00,3,32,20.8,78,3.5,1009.7,0.7,1.4,2,1064.7,0
2018-12-19 15:41:00,3,32,20.8,78,3.5,1009.7,1.0,1.4,2,1064.7,0
2018-12-19 15:44:00,3,32,20.8,77,3.5,1009.7,0.3,0.7,4,1064.7,0
2018-12-19 15:47:00,3,32,20.8,77,3.5,1009.7,1.4,1.7,8,1064.7,0
2018-12-19 15:50:00,3,32,20.8,77,3.5,1009.8,0.3,1.0,3,1064.7,0
2018-12-19 15:53:00,3,32,20.8,77,3.6,1009.7,0.3,0.7,4,1064.7,0
2018-12-19 15:56:00,3,32,20.8,77,3.6,1009.7,0.3,0.3,0,1064.7,0
2018-12-19 15:59:00,3,32,20.8,77,3.6,1009.6,1.4,1.7,2,1064.7,0
2018-12-19 16:02:00,3,32,20.8,77,3.6,1009.6,0.7,1.0,2,1064.7,0
2018-12-19 16:05:00,3,32,20.8,77,3.6,1009.7,1.0,1.7,8,1064.7,0
2018-12-19 16:08:00,3,32,20.8,77,3.6,1009.6,0.3,0.7,4,1064.7,0
2018-12-19 16:11:00,3,32,20.9,77,3.6,1009.6,0.7,1.4,4,1064.7,0
2018-12-19 16:14:00,3,32,20.8,77,3.6,1009.6,1.0,1.7,4,1064.7,0
2018-12-19 16:17:00,3,32,20.8,77,3.6,1009.7,0.7,0.7,12,1064.7,0
2018-12-19 16:20:00,3,32,20.8,77,3.6,1009.5,0.7,1.4,4,1064.7,0
2018-12-19 16:23:00,3,32,20.9,77,3.6,1009.6,0,0.3,8,1064.7,0
2018-12-19 16:26:00,3,32,20.9,77,3.6,1009.5,1.7,2.4,6,1064.7,0
2018-12-19 16:29:00,3,32,20.9,77,3.7,1009.5,0.7,1.0,4,1064.7,0
2018-12-19 16:32:00,3,32,20.9,77,3.7,1009.5,0.7,1.0,6,1064.7,0
2018-12-19 16:35:00,3,32,20.9,76,3.7,1009.4,0,0.3,8,1064.7,0
2018-12-19 16:38:00,3,32,20.9,76,3.7,1009.4,0.3,0.7,4,1064.7,0
2018-12-19 16:41:00,3,32,20.9,76,3.7,1009.4,0.7,1.0,8,1064.7,0
2018-12-19 16:44:00,3,32,20.9,76,3.7,1009.5,1.4,2.0,8,1064.7,0
2018-12-19 16:47:00,3,32,20.9,76,3.7,1009.5,1.0,1.4,2,1064.7,0
2018-12-19 16:50:00,3,32,20.9,76,3.7,1009.5,1.4,1.7,4,1064.7,0
2018-12-19 16:53:00,3,32,20.9,76,3.7,1009.4,1.4,2.0,10,1064.7,0
2018-12-19 16:56:00,3,32,20.9,76,3.7,1009.4,0.7,1.0,2,1064.7,0
2018-12-19 16:59:00,3,32,20.9,76,3.7,1009.5,0.3,1.0,8,1064.7,0
2018-12-19 17:02:00,3,32,20.9,76,3.7,1009.4,0.3,0.7,14,1064.7,0
2018-12-19 17:05:00,3,32,20.9,76,3.7,1009.4,0.3,0.7,14,1064.7,0
2018-12-19 17:08:00,3,32,20.9,76,3.8,1009.4,1.0,1.4,8,1064.7,0
2018-12-19 17:11:00,3,32,20.9,76,3.8,1009.5,1.7,2.0,8,1064.7,0
2018-12-19 17:14:00,3,32,20.9,76,3.8,1009.5,0.7,1.0,6,1064.7,0
2018-12-19 17:17:00,3,32,20.9,76,3.8,1009.4,1.4,2.0,12,1064.7,0
2018-12-19 17:20:00,3,32,20.9,76,3.8,1009.4,1.0,1.4,8,1064.7,0
2018-12-19 17:23:00,3,32,20.9,76,3.8,1009.4,1.0,1.4,10,1064.7,0
2018-12-19 17:26:00,3,32,20.9,76,3.8,1009.4,0.3,0.7,8,1064.7,0
2018-12-19 17:29:00,3,32,20.9,76,3.8,1009.4,0.7,1.0,0,1064.7,0
2018-12-19 17:32:00,3,32,20.9,76,3.8,1009.3,0.3,1.0,9,1064.7,0
2018-12-19 17:35:00,3,32,20.9,76,3.8,1009.3,1.4,1.7,8,1064.7,0
2018-12-19 17:38:00,3,32,20.9,76,3.8,1009.3,2.0,2.7,8,1064.7,0
2018-12-19 17:41:00,3,31,21.0,76,3.8,1009.3,0.3,0.7,10,1064.7,0
2018-12-19 17:44:00,3,31,21.0,76,3.8,1009.1,1.7,2.4,8,1064.7,0
2018-12-19 17:47:00,3,31,21.0,76,3.8,1009.2,0.7,1.4,12,1064.7,0
2018-12-19 17:50:00,3,31,21.0,76,3.8,1009.2,1.7,2.4,10,1064.7,0
2018-12-19 17:53:00,3,31,21.0,77,3.8,1009.1,1.0,1.4,14,1064.7,0
2018-12-19 17:56:00,3,31,21.0,77,3.8,1009.1,0.3,0.7,8,1064.7,0
2018-12-19 17:59:00,3,31,21.0,77,3.8,1009.1,1.0,1.4,8,1064.7,0
2018-12-19 18:02:00,3,31,21.0,77,3.8,1009.2,0,0.3,0,1064.7,0
2018-12-19 18:05:00,3,31,21.0,77,3.8,1009.2,1.0,2.0,2,1064.7,0
2018-12-19 18:08:00,3,31,21.0,77,3.8,1009.3,0.7,1.0,12,1064.7,0
2018-12-19 18:11:00,3,31,21.0,77,3.8,1009.3,1.4,1.7,9,1064.7,0
2018-12-19 18:14:00,3,31,21.0,77,3.8,1009.2,0.7,1.4,8,1064.7,0
2018-12-19 18:17:00,3,31,21.0,77,3.8,1009.4,0.3,0.7,2,1064.7,0
2018-12-19 18:20:00,3,31,21.0,77,3.8,1009.3,0.3,0.7,8,1064.7,0
2018-12-19 18:23:00,3,31,21.0,78,3.8,1009.3,0.3,0.7,10,1064.7,0
2018-12-19 18:26:00,3,31,21.0,78,3.8,1009.4,0.3,0.7,10,1064.7,0
2018-12-19 18:29:00,3,31,21.0,78,3.8,1009.3,0.7,1.4,3,1064.7,0
2018-12-19 18:32:00,3,31,21.0,78,3.8,1009.3,0.7,1.0,6,1064.7,0
2018-12-19 18:35:00,3,31,21.0,78,3.7,1009.3,0.3,1.0,2,1064.7,0
2018-12-19 18:38:00,3,31,21.0,78,3.8,1009.4,0.3,1.0,8,1064.7,0
2018-12-19 18:41:00,3,31,21.0,78,3.8,1009.3,1.0,1.0,15,1064.7,0
2018-12-19 18:44:00,3,31,21.0,78,3.8,1009.3,1.0,1.4,4,1064.7,0
2018-12-19 18:47:00,3,31,21.0,79,3.8,1009.3,0.7,1.4,4,1064.7,0
2018-12-19 18:50:00,3,31,21.0,79,3.8,1009.3,1.0,1.7,8,1064.7,0
2018-12-19 18:53:00,3,31,21.0,79,3.8,1009.4,0.7,1.4,6,1064.7,0
2018-12-19 18:56:00,3,31,21.0,79,3.8,1009.3,0.7,1.4,6,1064.7,0
2018-12-19 18:59:00,3,31,21.1,79,3.8,1009.3,0,0.3,0,1064.7,0
2018-12-19 19:02:00,3,31,21.1,79,3.8,1009.3,0,0.3,0,1064.7,0
2018-12-19 19:05:00,3,31,21.1,79,3.8,1009.3,0,0.3,0,1064.7,0
2018-12-19 19:08:00,3,31,21.1,79,3.8,1009.3,0.3,0.7,0,1064.7,0
2018-12-19 19:11:00,3,31,21.0,79,3.8,1009.3,0.7,0.7,2,1064.7,0
2018-12-19 19:14:00,3,31,21.0,79,3.8,1009.2,0.3,0.7,8,1064.7,0
2018-12-19 19:17:00,3,31,21.0,80,3.8,1009.3,0.7,1.0,10,1064.7,0
2018-12-19 19:20:00,3,31,21.0,80,3.8,1009.3,0.7,1.0,0,1064.7,0
2018-12-19 19:23:00,3,31,21.1,80,3.8,1009.3,0.3,0.7,2,1064.7,0
2018-12-19 19:26:00,3,31,21.1,80,3.8,1009.3,0.7,1.0,8,1064.7,0
2018-12-19 19:29:00,3,31,21.1,80,3.8,1009.3,0.3,0.7,8,1064.7,0
2018-12-19 19:32:00,3,31,21.1,80,3.8,1009.3,0,0.3,10,1064.7,0
2018-12-19 19:35:00,3,31,21.1,80,3.8,1009.2,0.7,1.0,4,1064.7,0
2018-12-19 19:38:00,3,31,21.1,80,3.8,1009.2,0.7,1.4,8,1064.7,0
2018-12-19 19:41:00,3,31,21.1,80,3.8,1009.2,0.7,1.0,6,1064.7,0
2018-12-19 19:44:00,3,31,21.1,80,3.8,1009.2,1.0,1.4,6,1064.7,0
2018-12-19 19:47:00,3,31,21.1,80,3.8,1009.2,1.4,2.0,8,1064.7,0
2018-12-19 19:50:00,3,31,21.1,80,3.9,1009.2,0,0.3,2,1064.7,0
2018-12-19 19:53:00,3,31,21.1,80,3.9,1009.1,0.7,1.0,6,1064.7,0
2018-12-19 19:56:00,3,31,21.1,80,3.9,1009.2,1.0,1.4,10,1064.7,0
2018-12-19 19:59:00,3,31,21.1,80,3.9,1009.2,1.0,1.7,10,1064.7,0
2018-12-19 20:02:00,3,31,21.1,80,3.9,1009.1,1.4,2.0,14,1064.7,0
2018-12-19 20:05:00,3,31,21.1,80,3.9,1009.3,0.7,1.0,10,1064.7,0
2018-12-19 20:08:00,3,31,21.1,80,3.9,1009.1,0.7,1.0,9,1064.7,0
2018-12-19 20:11:00,3,31,21.1,80,3.9,1009.1,0.7,1.0,4,1064.7,0
2018-12-19 20:14:00,3,31,21.1,80,3.9,1008.9,0.3,0.7,4,1064.7,0
2018-12-19 20:17:00,3,31,21.1,80,3.9,1009.0,0.3,0.7,10,1064.7,0
2018-12-19 20:20:00,3,31,21.1,80,3.9,1009.1,1.0,1.4,6,1064.7,0
2018-12-19 20:23:00,3,31,21.1,80,3.9,1009.1,0.7,1.0,8,1064.7,0
2018-12-19 20:26:00,3,31,21.1,80,3.9,1009.1,0.3,0.7,13,1064.7,0
2018-12-19 20:29:00,3,31,21.1,80,3.9,1009.1,0.3,0.7,1,1064.7,0
2018-12-19 20:32:00,3,31,21.1,80,3.9,1009.1,0.3,0.7,10,1064.7,0
2018-12-19 20:35:00,3,31,21.1,80,3.9,1009.1,0.7,1.0,10,1064.7,0
2018-12-19 20:38:00,3,31,21.1,80,3.9,1009.2,1.4,1.7,6,1064.7,0
2018-12-19 20:41:00,3,31,21.1,80,3.9,1009.2,0.7,1.0,8,1064.7,0
2018-12-19 20:44:00,3,31,21.1,80,3.9,1009.2,0.7,1.0,6,1064.7,0
2018-12-19 20:47:00,3,31,21.1,80,3.9,1009.1,0,0.3,10,1064.7,0
2018-12-19 20:50:00,3,31,21.1,80,3.9,1009.3,0.7,1.0,10,1064.7,0
2018-12-19 20:53:00,3,31,21.1,80,3.9,1009.1,0.7,1.0,10,1064.7,0
2018-12-19 20:56:00,3,31,21.1,80,3.9,1009.3,0.3,0.7,10,1064.7,0
2018-12-19 20:59:00,3,31,21.1,80,3.9,1009.3,1.4,2.4,0,1064.7,0
2018-12-19 21:02:00,3,31,21.1,80,3.9,1009.4,0.7,1.4,4,1064.7,0
2018-12-19 21:05:00,3,31,21.1,80,3.9,1009.3,0.7,1.4,4,1064.7,0
2018-12-19 21:08:00,3,31,21.1,80,3.9,1009.4,1.0,1.4,0,1064.7,0
2018-12-19 21:11:00,3,31,21.1,80,3.9,1009.3,0.7,1.0,8,1064.7,0
2018-12-19 21:14:00,3,31,21.1,80,3.9,1009.2,1.0,1.7,10,1064.7,0
2018-12-19 21:17:00,3,31,21.1,80,3.9,1009.2,0,0.3,10,1064.7,0
2018-12-19 21:20:00,3,31,21.1,80,3.9,1009.2,0.7,1.0,8,1064.7,0
2018-12-19 21:23:00,3,31,21.1,80,3.9,1009.2,1.0,1.4,4,1064.7,0
2018-12-19 21:26:00,3,31,21.1,80,3.9,1009.3,0.3,0.7,10,1064.7,0
2018-12-19 21:29:00,3,31,21.1,80,3.9,1009.4,0.7,1.0,0,1064.7,0
2018-12-19 21:32:00,3,31,21.1,80,3.8,1009.2,0.7,1.0,12,1064.7,0
2018-12-19 21:35:00,3,31,21.1,80,3.8,1009.3,0,0.3,4,1064.7,0
2018-12-19 21:38:00,3,31,21.1,80,3.8,1009.2,1.0,1.7,0,1064.7,0
2018-12-19 21:41:00,3,31,21.1,80,3.8,1009.3,0.7,1.0,4,1064.7,0
2018-12-19 21:44:00,3,31,21.1,80,3.8,1009.3,1.4,2.0,8,1064.7,0
2018-12-19 21:47:00,3,31,21.0,80,3.8,1009.4,0.3,0.7,10,1064.7,0
2018-12-19 21:50:00,3,31,21.0,80,3.8,1009.4,0.3,0.7,8,1064.7,0
2018-12-19 21:53:00,3,31,21.0,80,3.7,1009.3,1.0,1.4,8,1064.7,0
2018-12-19 21:56:00,3,31,21.0,80,3.7,1009.4,0.3,0.7,8,1064.7,0
2018-12-19 21:59:00,3,31,21.0,80,3.7,1009.3,0.7,1.0,10,1064.7,0
2018-12-19 22:02:00,3,31,21.0,80,3.7,1009.3,0.3,0.7,10,1064.7,0
2018-12-19 22:05:00,3,31,21.0,80,3.7,1009.2,0.7,1.0,8,1064.7,0
2018-12-19 22:08:00,3,31,21.0,80,3.7,1009.2,0.7,1.0,8,1064.7,0
2018-12-19 22:11:00,3,31,21.0,80,3.7,1009.2,0.7,1.4,9,1064.7,0
2018-12-19 22:14:00,3,32,20.9,80,3.7,1009.3,0.7,1.0,2,1064.7,0
2018-12-19 22:17:00,3,32,20.9,80,3.7,1009.3,0.3,1.0,4,1064.7,0
2018-12-19 22:20:00,3,32,20.9,80,3.7,1009.3,0.7,1.0,2,1064.7,0
2018-12-19 22:23:00,3,32,20.9,80,3.7,1009.2,0,0.3,4,1064.7,0
2018-12-19 22:26:00,3,32,20.9,80,3.7,1009.4,0.3,1.0,1,1064.7,0
2018-12-19 22:29:00,3,32,20.9,80,3.7,1009.3,0,0.7,6,1064.7,0
2018-12-19 22:32:00,3,32,20.9,80,3.7,1009.3,0,0.3,12,1064.7,0
2018-12-19 22:35:00,3,32,20.9,80,3.7,1009.1,0.7,1.0,2,1064.7,0
2018-12-19 22:38:00,3,32,20.8,80,3.7,1009.1,0.7,1.4,5,1064.7,0
2018-12-19 22:41:00,3,32,20.8,80,3.7,1009.2,0.7,1.0,4,1064.7,0
2018-12-19 22:44:00,3,32,20.7,80,3.7,1009.0,0.7,1.0,4,1064.7,0
2018-12-19 22:47:00,3,32,20.7,80,3.7,1009.0,0.7,1.0,4,1064.7,0
2018-12-19 22:50:00,3,32,20.7,80,3.7,1009.1,0.7,1.0,14,1064.7,0
2018-12-19 22:53:00,3,32,20.7,80,3.7,1009.0,0.7,1.0,8,1064.7,0
2018-12-19 22:56:00,3,32,20.7,80,3.7,1009.0,0,0.3,14,1064.7,0
2018-12-19 22:59:00,3,32,20.7,80,3.7,1008.9,0.3,0.7,2,1064.7,0
2018-12-19 23:02:00,3,31,20.7,80,3.7,1009.0,0.3,0.7,4,1064.7,0
2018-12-19 23:05:00,3,31,20.7,80,3.7,1009.0,0.3,0.7,4,1064.7,0
2018-12-19 23:08:00,3,31,20.6,80,3.7,1009.0,0.3,0.7,4,1064.7,0
2018-12-19 23:11:00,3,31,20.6,80,3.7,1009.0,0,0,0,1064.7,0
2018-12-19 23:14:00,3,31,20.6,80,3.7,1008.9,0.3,0.7,14,1064.7,0
2018-12-19 23:17:00,3,31,20.6,80,3.7,1009.0,0.7,1.0,15,1064.7,0
2018-12-19 23:20:00,3,31,20.6,80,3.7,1009.1,0.3,0.7,8,1064.7,0
2018-12-19 23:23:00,3,31,20.5,80,3.7,1009.1,0.3,0.7,10,1064.7,0
2018-12-19 23:26:00,3,31,20.5,80,3.7,1009.2,0.3,0.7,4,1064.7,0
2018-12-19 23:29:00,3,31,20.5,80,3.7,1009.2,0,0.3,10,1064.7,0
2018-12-19 23:32:00,3,31,20.5,80,3.7,1009.0,0,0.3,14,1064.7,0
2018-12-19 23:35:00,3,31,20.5,80,3.7,1009.0,0.7,1.0,10,1064.7,0
2018-12-19 23:38:00,3,31,20.5,80,3.7,1009.1,1.4,1.7,8,1064.7,0
2018-12-19 23:41:00,3,31,20.4,80,3.7,1008.9,0.3,0.7,2,1064.7,0
2018-12-19 23:44:00,3,31,20.4,80,3.7,1009.0,0.3,0.7,8,1064.7,0
2018-12-19 23:47:00,3,31,20.4,80,3.7,1008.9,0,0.3,8,1064.7,0
2018-12-19 23:50:00,3,31,20.4,80,3.7,1009.0,0.3,0.7,8,1064.7,0
2018-12-19 23:53:00,3,31,20.4,80,3.7,1008.9,0.3,0.7,2,1064.7,0
2018-12-19 23:56:00,3,31,20.4,80,3.7,1008.9,0.7,1.0,0,1064.7,0
2018-12-19 23:59:00,3,31,20.3,80,3.7,1008.9,0.3,0.3,4,1064.7,0
