2017-06-20 00:00:00,3,57,25.0,91,17.3,1010.5,0,0,0,303.6,0
2017-06-20 00:03:00,3,57,25.0,91,17.3,1010.5,0,0,0,303.6,0
2017-06-20 00:06:00,3,57,25.0,91,17.3,1010.4,0,0,0,303.6,0
2017-06-20 00:09:00,3,58,24.9,92,17.2,1010.4,0,0,0,303.6,0
2017-06-20 00:12:00,3,58,24.9,92,17.2,1010.3,0,0,0,303.6,0
2017-06-20 00:15:00,3,58,24.9,92,17.2,1010.4,0,0,0,303.6,0
2017-06-20 00:18:00,3,58,24.8,92,17.1,1010.4,0,0,0,303.6,0
2017-06-20 00:21:00,3,58,24.7,92,17.1,1010.3,0,0,0,303.6,0
2017-06-20 00:24:00,3,58,24.7,92,17.0,1010.2,0,0,0,303.6,0
2017-06-20 00:27:00,3,58,24.7,92,17.0,1010.3,0,0,0,303.6,0
2017-06-20 00:30:00,3,58,24.6,92,16.9,1010.2,0,0,0,303.6,0
2017-06-20 00:33:00,3,58,24.5,92,16.9,1010.3,0,0,0,303.6,0
2017-06-20 00:36:00,3,58,24.4,92,16.8,1010.3,0,0,10,303.6,0
2017-06-20 00:39:00,3,58,24.4,93,16.8,1010.2,0,0,10,303.6,0
2017-06-20 00:42:00,3,58,24.4,93,16.8,1010.2,0,0,10,303.6,0
2017-06-20 00:45:00,3,58,24.4,93,16.8,1010.2,0,0,10,303.6,0
2017-06-20 00:48:00,3,58,24.3,93,16.7,1010.1,0,0,10,303.6,0
2017-06-20 00:51:00,3,58,24.2,93,16.7,1010.1,0,0,10,303.6,0
2017-06-20 00:54:00,3,58,24.2,93,16.7,1010.1,0,0,10,303.6,0
2017-06-20 00:57:00,3,58,24.2,93,16.7,1010.0,0,0,0,303.6,0
2017-06-20 01:00:00,3,58,24.2,93,16.7,1010.0,0,0,0,303.6,0
2017-06-20 01:03:00,3,58,24.2,93,16.7,1010.0,0,0,0,303.6,0
2017-06-20 01:06:00,3,58,24.1,93,16.7,1010.1,0,0,0,303.6,0
2017-06-20 01:09:00,3,58,24.1,93,16.6,1010.0,0,0,0,303.6,0
2017-06-20 01:12:00,3,58,24.1,93,16.6,1010.0,0,0,0,303.6,0
2017-06-20 01:15:00,3,58,24.1,93,16.6,1010.1,0,0,0,303.6,0
2017-06-20 01:18:00,3,58,24.0,93,16.5,1010.0,0,0,0,303.6,0
2017-06-20 01:21:00,3,58,24.0,93,16.5,1010.0,0,0,0,303.6,0
2017-06-20 01:24:00,3,58,24.0,93,16.5,1009.9,0,0,0,303.6,0
2017-06-20 01:27:00,3,58,24.0,93,16.4,1009.9,0,0,0,303.6,0
2017-06-20 01:30:00,3,58,24.0,93,16.4,1009.9,0,0,12,303.6,0
2017-06-20 01:33:00,3,59,23.9,94,16.4,1009.8,0,0,12,303.6,0
2017-06-20 01:36:00,3,59,23.8,94,16.3,1009.8,0,0,12,303.6,0
2017-06-20 01:39:00,3,59,23.8,93,16.3,1009.8,0,0,12,303.6,0
2017-06-20 01:42:00,3,59,23.8,93,16.3,1009.8,0,0,12,303.6,0
2017-06-20 01:45:00,3,59,23.8,93,16.2,1009.7,0,0,12,303.6,0
2017-06-20 01:48:00,3,59,23.8,93,16.2,1009.6,0,0,12,303.6,0
2017-06-20 01:51:00,3,59,23.7,93,16.2,1009.6,0,0,12,303.6,0
2017-06-20 01:54:00,3,59,23.7,93,16.1,1009.5,0,0,2,303.6,0
2017-06-20 01:57:00,3,59,23.7,93,16.1,1009.5,0,0,2,303.6,0
2017-06-20 02:00:00,3,59,23.7,94,16.1,1009.5,0,0,2,303.6,0
2017-06-20 02:03:00,3,59,23.7,94,16.1,1009.5,0,0,2,303.6,0
2017-06-20 02:06:00,3,59,23.5,94,16.1,1009.4,0,0,2,303.6,0
2017-06-20 02:09:00,3,58,23.5,94,16.0,1009.5,0,0,2,303.6,0
2017-06-20 02:12:00,3,58,23.5,94,16.0,1009.4,0,0,2,303.6,0
2017-06-20 02:15:00,3,58,23.5,94,15.9,1009.5,0,0,2,303.6,0
2017-06-20 02:18:00,3,58,23.5,94,15.9,1009.4,0,0,0,303.6,0
2017-06-20 02:21:00,3,58,23.5,94,15.8,1009.5,0,0,0,303.6,0
2017-06-20 02:24:00,3,58,23.5,94,15.8,1009.4,0,0,0,303.6,0
2017-06-20 02:27:00,3,58,23.5,94,15.8,1009.4,0,0,0,303.6,0
2017-06-20 02:30:00,3,57,23.5,93,15.7,1009.4,0,0,0,303.6,0
2017-06-20 02:33:00,3,57,23.4,93,15.7,1009.4,0,0,0,303.6,0
2017-06-20 02:36:00,3,57,23.4,93,15.6,1009.3,0,0,0,303.6,0
2017-06-20 02:39:00,3,57,23.3,93,15.6,1009.3,0,0,0,303.6,0
2017-06-20 02:42:00,3,57,23.2,93,15.6,1009.3,0,0,0,303.6,0
2017-06-20 02:45:00,3,57,23.2,93,15.5,1009.3,0,0,0,303.6,0
2017-06-20 02:48:00,3,57,23.2,93,15.5,1009.4,0,0,0,303.6,0
2017-06-20 02:51:00,3,57,23.1,93,15.5,1009.3,0,0,0,303.6,0
2017-06-20 02:54:00,3,57,23.0,93,15.5,1009.2,0,0,0,303.6,0
2017-06-20 02:57:00,3,57,23.0,93,15.5,1009.4,0,0,0,303.6,0
2017-06-20 03:00:00,3,57,23.0,94,15.4,1009.4,0,0,0,303.6,0
2017-06-20 03:03:00,3,57,23.0,94,15.4,1009.3,0,0,0,303.6,0
2017-06-20 03:06:00,3,57,23.0,94,15.4,1009.3,0,0,0,303.6,0
2017-06-20 03:09:00,3,57,23.0,94,15.4,1009.3,0,0,0,303.6,0
2017-06-20 03:12:00,3,57,22.9,94,15.4,1009.3,0,0,0,303.6,0
2017-06-20 03:15:00,3,57,22.9,94,15.4,1009.3,0,0,0,303.6,0
2017-06-20 03:18:00,3,57,22.8,94,15.4,1009.3,0,0,0,303.6,0
2017-06-20 03:21:00,3,57,22.7,94,15.4,1009.2,0,0,0,303.6,0
2017-06-20 03:24:00,3,57,22.7,94,15.4,1009.1,0,0,0,303.6,0
2017-06-20 03:27:00,3,57,22.7,94,15.5,1009.2,0,0,0,303.6,0
2017-06-20 03:30:00,3,57,22.7,94,15.5,1009.2,0,0,0,303.6,0
2017-06-20 03:33:00,3,57,22.7,94,15.5,1009.2,0,0,0,303.6,0
2017-06-20 03:36:00,3,57,22.7,94,15.5,1009.3,0,0,0,303.6,0
2017-06-20 03:39:00,3,57,22.7,94,15.5,1009.3,0,0,0,303.6,0
2017-06-20 03:42:00,3,57,22.6,94,15.6,1009.2,0,0,0,303.6,0
2017-06-20 03:45:00,3,58,22.6,93,15.6,1009.3,0,0,0,303.6,0
2017-06-20 03:48:00,3,58,22.6,93,15.6,1009.1,0,0,0,303.6,0
2017-06-20 03:51:00,3,58,22.5,93,15.7,1009.1,0,0,0,303.6,0
2017-06-20 03:54:00,3,58,22.5,93,15.7,1009.2,0,0,0,303.6,0
2017-06-20 03:57:00,3,58,22.4,93,15.8,1009.2,0,0,0,303.6,0
2017-06-20 04:00:00,3,58,22.4,93,15.9,1009.1,0,0,0,303.6,0
2017-06-20 04:03:00,3,58,22.4,93,15.9,1009.2,0,0,0,303.6,0
2017-06-20 04:06:00,3,58,22.4,93,15.9,1009.0,0,0,0,303.6,0
2017-06-20 04:09:00,3,58,22.4,93,16.1,1009.0,0,0,0,303.6,0
2017-06-20 04:12:00,3,58,22.4,93,16.1,1009.1,0,0,0,303.6,0
2017-06-20 04:15:00,3,59,22.4,93,16.2,1009.0,0,0,0,303.6,0
2017-06-20 04:18:00,3,59,22.4,93,16.4,1009.1,0,0,0,303.6,0
2017-06-20 04:21:00,3,59,22.4,93,16.6,1009.1,0,0,0,303.6,0
2017-06-20 04:24:00,3,59,22.4,92,16.7,1009.0,0,0,0,303.6,0
2017-06-20 04:27:00,3,59,22.4,92,17.0,1009.1,0,0,0,303.6,0
2017-06-20 04:30:00,3,59,22.4,90,17.5,1009.0,0,0,0,303.6,0
2017-06-20 04:33:00,3,60,22.4,90,18.2,1009.1,0,0,0,303.6,0
2017-06-20 04:36:00,3,60,22.4,89,18.8,1009.1,0,0,0,303.6,0
2017-06-20 04:39:00,3,60,22.4,88,19.5,1009.1,0,0,0,303.6,0
2017-06-20 04:42:00,3,60,22.4,85,20.2,1009.2,0,0,0,303.6,0
2017-06-20 04:45:00,3,60,22.4,83,20.7,1009.1,0,0,0,303.6,0
2017-06-20 04:48:00,3,61,22.4,81,21.0,1009.2,0,0,0,303.6,0
2017-06-20 04:51:00,3,61,22.5,79,21.3,1009.2,0,0,0,303.6,0
2017-06-20 04:54:00,3,61,22.5,76,21.4,1009.2,0,0,0,303.6,0
2017-06-20 04:57:00,3,61,22.5,75,21.7,1009.2,0,0,0,303.6,0
2017-06-20 05:00:00,3,61,22.6,74,21.9,1009.1,0,0,0,303.6,0
2017-06-20 05:03:00,3,61,22.6,73,22.3,1009.1,0,0,0,303.6,0
2017-06-20 05:06:00,3,62,22.6,72,22.4,1009.3,0,0,12,303.6,0
2017-06-20 05:09:00,3,62,22.6,70,22.5,1009.2,0,0,12,303.6,0
2017-06-20 05:12:00,3,62,22.6,71,22.4,1009.2,0,0,12,303.6,0
2017-06-20 05:15:00,3,62,22.6,71,22.1,1009.3,0,0,12,303.6,0
2017-06-20 05:18:00,3,62,22.7,71,21.9,1009.3,0.3,0.7,10,303.6,0
2017-06-20 05:21:00,3,62,22.8,71,21.7,1009.4,0.3,0.7,14,303.6,0
2017-06-20 05:24:00,3,63,22.8,71,21.6,1009.3,0.3,0.7,14,303.6,0
2017-06-20 05:27:00,3,63,22.8,72,21.6,1009.3,0.7,1.0,10,303.6,0
2017-06-20 05:30:00,3,64,23.0,72,21.6,1009.3,0.3,0.7,12,303.6,0
2017-06-20 05:33:00,3,64,23.0,72,21.7,1009.4,0.7,1.7,12,303.6,0
2017-06-20 05:36:00,3,64,23.1,72,21.8,1009.4,0.3,0.7,12,303.6,0
2017-06-20 05:39:00,3,64,23.2,72,21.9,1009.3,0.7,1.0,12,303.6,0
2017-06-20 05:42:00,3,64,23.3,72,22.1,1009.4,0,0.3,14,303.6,0
2017-06-20 05:45:00,3,63,23.4,71,22.3,1009.4,0.7,1.0,12,303.6,0
2017-06-20 05:48:00,3,63,23.6,71,22.4,1009.4,0.7,1.0,12,303.6,0
2017-06-20 05:51:00,3,63,23.6,67,22.8,1009.4,0.7,1.4,12,303.6,0
2017-06-20 05:54:00,3,63,23.7,66,23.3,1009.5,0.7,1.0,12,303.6,0
2017-06-20 05:57:00,3,63,23.8,65,23.9,1009.5,0.7,1.0,10,303.6,0
2017-06-20 06:00:00,3,62,23.9,64,24.3,1009.5,0.3,0.7,12,303.6,0
2017-06-20 06:03:00,3,62,23.9,64,24.3,1009.5,0.3,0.7,12,303.6,0
2017-06-20 06:06:00,3,61,24.0,64,24.3,1009.5,0.3,0.7,12,303.6,0
2017-06-20 06:09:00,3,61,24.0,61,25.1,1009.6,1.0,1.4,12,303.6,0
2017-06-20 06:12:00,3,61,24.0,61,25.0,1009.6,0.7,1.4,10,303.6,0
2017-06-20 06:15:00,3,60,24.0,61,25.1,1009.6,0.3,0.7,10,303.6,0
2017-06-20 06:18:00,3,60,24.0,61,25.6,1009.6,0.7,1.0,12,303.6,0
2017-06-20 06:21:00,3,60,24.0,61,26.2,1009.5,0.7,1.0,10,303.6,0
2017-06-20 06:24:00,3,60,24.0,60,26.6,1009.6,0.7,1.4,12,303.6,0
2017-06-20 06:27:00,3,59,24.1,58,26.7,1009.6,0.7,1.0,12,303.6,0
2017-06-20 06:30:00,3,59,24.1,57,26.6,1009.6,0.7,1.4,14,303.6,0
2017-06-20 06:33:00,3,59,24.1,58,26.6,1009.6,0.3,0.7,12,303.6,0
2017-06-20 06:36:00,3,59,24.1,57,26.8,1009.6,0.3,0.7,12,303.6,0
2017-06-20 06:39:00,3,59,24.1,56,27.1,1009.6,0.7,1.0,12,303.6,0
2017-06-20 06:42:00,3,59,24.1,52,27.5,1009.7,1.0,1.7,10,303.6,0
2017-06-20 06:45:00,3,58,24.1,52,27.7,1009.6,0.7,1.4,10,303.6,0
2017-06-20 06:48:00,3,58,24.1,51,27.8,1009.7,0.7,1.0,12,303.6,0
2017-06-20 06:51:00,3,58,24.1,51,28.2,1009.7,0.7,1.0,12,303.6,0
2017-06-20 06:54:00,3,58,24.1,50,28.5,1009.7,0.3,0.7,14,303.6,0
2017-06-20 06:57:00,3,58,24.1,49,28.4,1009.7,1.0,2.0,12,303.6,0
2017-06-20 07:00:00,3,58,24.1,50,28.3,1009.7,1.4,2.0,12,303.6,0
2017-06-20 07:03:00,3,58,24.1,50,28.3,1009.7,1.0,1.7,12,303.6,0
2017-06-20 07:06:00,3,57,24.1,50,28.4,1009.7,1.4,1.7,10,303.6,0
2017-06-20 07:09:00,3,57,24.3,50,28.6,1009.8,0.7,1.0,12,303.6,0
2017-06-20 07:12:00,3,57,24.3,49,28.8,1009.8,1.4,1.7,12,303.6,0
2017-06-20 07:15:00,3,57,24.2,48,28.9,1009.7,1.0,1.4,12,303.6,0
2017-06-20 07:18:00,3,57,24.2,49,29.2,1009.7,0.3,0.7,12,303.6,0
2017-06-20 07:21:00,3,57,24.2,48,29.4,1009.8,0.3,0.7,14,303.6,0
2017-06-20 07:24:00,3,57,24.2,48,29.5,1009.8,0.7,1.0,14,303.6,0
2017-06-20 07:27:00,3,57,24.3,47,29.6,1009.9,0.7,0.7,12,303.6,0
2017-06-20 07:30:00,3,57,24.3,45,29.7,1009.8,1.7,2.4,12,303.6,0
2017-06-20 07:33:00,3,56,24.3,46,29.4,1009.8,1.0,1.4,14,303.6,0
2017-06-20 07:36:00,3,56,24.3,46,29.3,1009.7,1.4,2.0,14,303.6,0
2017-06-20 07:39:00,3,56,24.4,45,29.4,1009.7,0.7,1.0,0,303.6,0
2017-06-20 07:42:00,3,56,24.4,46,29.7,1009.8,1.4,2.0,14,303.6,0
2017-06-20 07:45:00,3,56,24.4,44,29.8,1009.7,0.7,1.0,14,303.6,0
2017-06-20 07:48:00,3,56,24.4,45,29.6,1009.8,1.4,2.0,14,303.6,0
2017-06-20 07:51:00,3,56,24.4,44,29.5,1009.7,0.7,1.0,12,303.6,0
2017-06-20 07:54:00,3,56,24.4,44,29.7,1010.0,0.3,0.7,13,303.6,0
2017-06-20 07:57:00,3,56,24.4,43,30.0,1009.8,1.4,1.7,14,303.6,0
2017-06-20 08:00:00,3,56,24.4,42,29.8,1009.8,1.0,1.7,14,303.6,0
2017-06-20 08:03:00,3,56,24.4,42,29.8,1009.7,1.0,1.7,14,303.6,0
2017-06-20 08:06:00,3,56,24.4,42,29.8,1009.7,1.0,1.7,14,303.6,0
2017-06-20 08:09:00,3,56,24.4,44,29.7,1009.7,0.3,0.7,0,303.6,0
2017-06-20 08:12:00,3,56,24.4,42,29.6,1009.8,1.4,1.7,2,303.6,0
2017-06-20 08:15:00,3,56,24.4,42,29.3,1009.8,2.4,2.7,1,303.6,0
2017-06-20 08:18:00,3,56,24.4,42,29.2,1009.8,2.0,3.1,14,303.6,0
2017-06-20 08:21:00,3,56,24.5,44,29.1,1009.9,1.0,1.4,14,303.6,0
2017-06-20 08:24:00,3,56,24.5,44,29.0,1009.9,1.7,2.7,14,303.6,0
2017-06-20 08:27:00,3,56,24.5,45,28.9,1009.9,1.0,1.4,0,303.6,0
2017-06-20 08:30:00,3,56,24.5,45,28.9,1009.8,1.4,1.7,11,303.6,0
2017-06-20 08:33:00,3,56,24.5,46,29.2,1009.8,0.3,0.7,12,303.6,0
2017-06-20 08:36:00,3,56,24.5,47,29.4,1009.8,1.4,1.7,8,303.6,0
2017-06-20 08:39:00,3,56,24.5,45,29.5,1009.8,1.0,1.7,14,303.6,0
2017-06-20 08:42:00,3,56,24.5,44,29.3,1009.8,1.7,2.4,14,303.6,0
2017-06-20 08:45:00,3,56,24.5,44,29.5,1009.8,1.4,2.0,11,303.6,0
2017-06-20 08:48:00,3,56,24.5,43,29.5,1009.9,1.7,2.4,8,303.6,0
2017-06-20 08:51:00,3,56,24.5,43,29.4,1009.7,2.0,2.7,12,303.6,0
2017-06-20 08:54:00,3,56,24.5,44,29.5,1009.8,0.7,1.0,10,303.6,0
2017-06-20 08:57:00,3,56,24.6,44,29.7,1009.8,1.0,1.4,10,303.6,0
2017-06-20 09:00:00,3,56,24.6,43,29.8,1009.7,1.4,1.7,12,303.6,0
2017-06-20 09:03:00,3,55,24.6,44,29.8,1009.9,3.4,4.1,12,303.6,0
2017-06-20 09:06:00,3,55,24.6,45,29.5,1009.8,1.4,1.7,0,303.6,0
2017-06-20 09:09:00,3,55,24.7,45,29.6,1009.7,1.4,2.4,12,303.6,0
2017-06-20 09:12:00,3,55,24.7,45,29.4,1009.9,1.0,1.4,12,303.6,0
2017-06-20 09:15:00,3,55,24.7,45,29.4,1009.9,1.0,1.4,12,303.6,0
2017-06-20 09:18:00,3,55,24.7,46,29.6,1009.8,1.4,2.4,10,303.6,0
2017-06-20 09:21:00,3,55,24.7,46,29.7,1009.8,1.0,1.4,2,303.6,0
2017-06-20 09:24:00,3,55,24.7,45,29.7,1009.9,1.4,2.0,0,303.6,0
2017-06-20 09:27:00,3,55,24.7,47,29.6,1009.8,0.7,1.0,8,303.6,0
2017-06-20 09:30:00,3,55,24.7,47,29.9,1009.9,1.0,1.4,11,303.6,0
2017-06-20 09:33:00,3,55,24.8,44,29.7,1010.0,1.4,1.7,0,303.6,0
2017-06-20 09:36:00,3,55,24.9,45,29.6,1009.8,1.0,1.4,14,303.6,0
2017-06-20 09:39:00,3,55,24.9,46,29.4,1009.9,1.0,1.4,10,303.6,0
2017-06-20 09:42:00,3,55,24.9,46,29.0,1009.8,1.4,1.7,14,303.6,0
2017-06-20 09:45:00,3,55,24.9,47,28.9,1009.9,1.0,1.4,12,303.6,0
2017-06-20 09:48:00,3,55,24.9,47,28.9,1009.9,1.4,2.0,12,303.6,0
2017-06-20 09:51:00,3,55,24.9,47,28.9,1009.9,1.7,2.7,0,303.6,0
2017-06-20 09:54:00,3,54,25.0,48,29.3,1009.9,1.7,2.7,14,303.6,0
2017-06-20 09:57:00,3,54,25.0,44,29.3,1010.0,1.7,2.7,0,303.6,0
2017-06-20 10:00:00,3,54,25.0,45,29.2,1010.0,1.0,1.4,14,303.6,0
2017-06-20 10:03:00,3,54,25.0,45,29.2,1010.0,1.0,1.4,14,303.6,0
2017-06-20 10:06:00,3,54,25.0,45,29.2,1010.0,1.0,1.4,14,303.6,0
2017-06-20 10:09:00,3,54,25.0,43,29.5,1009.9,1.4,1.7,13,303.6,0
2017-06-20 10:12:00,3,54,25.0,44,29.6,1010.0,2.0,3.4,12,303.6,0
2017-06-20 10:15:00,3,54,25.1,43,29.2,1009.9,1.0,1.4,14,303.6,0
2017-06-20 10:18:00,3,54,25.1,43,28.9,1010.0,2.7,4.1,12,303.6,0
2017-06-20 10:21:00,3,54,25.1,44,29.1,1010.0,2.4,3.4,14,303.6,0
2017-06-20 10:24:00,3,54,25.1,43,29.1,1009.9,1.7,2.4,0,303.6,0
2017-06-20 10:27:00,3,55,25.1,44,29.4,1010.0,0.7,1.4,15,303.6,0
2017-06-20 10:30:00,3,55,25.1,43,29.7,1010.0,1.0,1.4,14,303.6,0
2017-06-20 10:33:00,3,55,25.1,43,29.7,1010.1,1.0,1.7,12,303.6,0
2017-06-20 10:36:00,3,55,25.2,44,29.7,1010.1,1.4,1.7,14,303.6,0
2017-06-20 10:39:00,3,55,25.2,42,29.4,1010.0,2.7,4.4,0,303.6,0
2017-06-20 10:42:00,3,55,25.2,44,28.9,1010.0,0.3,0.7,10,303.6,0
2017-06-20 10:45:00,3,55,25.3,44,29.3,1009.9,1.4,3.4,12,303.6,0
2017-06-20 10:48:00,3,55,25.3,43,29.5,1009.9,1.4,2.0,12,303.6,0
2017-06-20 10:51:00,3,54,25.3,43,29.6,1010.0,2.0,2.4,0,303.6,0
2017-06-20 10:54:00,3,54,25.3,43,29.3,1009.9,1.0,1.4,12,303.6,0
2017-06-20 10:57:00,3,54,25.3,42,29.2,1010.0,1.7,3.1,14,303.6,0
2017-06-20 11:00:00,3,54,25.3,42,28.9,1010.0,1.7,2.0,14,303.6,0
2017-06-20 11:03:00,3,54,25.3,42,28.5,1010.1,1.4,1.7,14,303.6,0
2017-06-20 11:06:00,3,54,25.4,44,28.3,1009.9,1.0,1.4,12,303.6,0
2017-06-20 11:09:00,3,54,25.4,44,28.9,1009.9,2.0,2.7,12,303.6,0
2017-06-20 11:12:00,3,55,25.4,43,29.3,1009.9,1.7,3.1,12,303.6,0
2017-06-20 11:15:00,3,55,25.4,43,29.3,1009.9,1.4,3.4,12,303.6,0
2017-06-20 11:18:00,3,55,25.4,43,29.4,1010.0,2.0,3.1,14,303.6,0
2017-06-20 11:21:00,3,55,25.4,42,29.6,1009.9,1.4,2.4,0,303.6,0
2017-06-20 11:24:00,3,54,25.4,41,29.6,1009.9,1.0,1.4,14,303.6,0
2017-06-20 11:27:00,3,54,25.4,40,29.2,1009.9,1.0,2.0,12,303.6,0
2017-06-20 11:30:00,3,54,25.4,40,29.2,1009.9,1.7,2.7,14,303.6,0
2017-06-20 11:33:00,3,54,25.4,41,29.7,1010.0,1.4,1.7,14,303.6,0
2017-06-20 11:36:00,3,54,25.4,40,29.8,1009.9,1.7,2.4,0,303.6,0
2017-06-20 11:39:00,3,54,25.4,40,29.7,1009.9,1.4,1.7,12,303.6,0
2017-06-20 11:42:00,3,54,25.4,40,30.0,1009.9,2.0,2.7,12,303.6,0
2017-06-20 11:45:00,3,54,25.4,40,30.1,1009.8,1.0,1.4,12,303.6,0
2017-06-20 11:48:00,3,54,25.4,40,30.0,1009.9,3.1,5.4,11,303.6,0
2017-06-20 11:51:00,3,54,25.4,40,29.4,1010.0,1.4,1.7,14,303.6,0
2017-06-20 11:54:00,3,54,25.5,40,29.2,1009.9,0.7,1.0,12,303.6,0
2017-06-20 11:57:00,3,54,25.5,40,29.4,1009.9,2.0,3.4,0,303.6,0
2017-06-20 12:00:00,3,54,25.5,39,29.5,1009.9,2.0,3.1,14,303.6,0
2017-06-20 12:03:00,3,54,25.5,39,29.5,1009.9,2.0,3.1,14,303.6,0
2017-06-20 12:06:00,3,54,25.5,39,29.5,1010.1,2.0,3.1,14,303.6,0
2017-06-20 12:09:00,3,54,25.5,37,29.5,1010.1,1.4,2.0,0,303.6,0
2017-06-20 12:12:00,3,54,25.5,36,29.5,1009.9,1.4,1.7,14,303.6,0
2017-06-20 12:15:00,3,54,25.5,38,29.7,1010.1,0.7,1.0,10,303.6,0
2017-06-20 12:18:00,3,55,25.5,36,30.0,1009.9,0.3,0.7,14,303.6,0
2017-06-20 12:21:00,3,55,25.5,35,30.3,1009.9,1.7,2.4,14,303.6,0
2017-06-20 12:24:00,3,54,25.5,36,30.5,1009.9,1.4,1.7,15,303.6,0
2017-06-20 12:27:00,3,54,25.5,35,30.7,1009.9,2.4,3.7,14,303.6,0
2017-06-20 12:30:00,3,54,25.5,34,30.3,1010.0,1.4,2.0,14,303.6,0
2017-06-20 12:33:00,3,54,25.5,37,29.8,1010.0,0.3,1.4,0,303.6,0
2017-06-20 12:36:00,3,54,25.5,37,29.7,1010.0,1.4,2.0,0,303.6,0
2017-06-20 12:39:00,3,54,25.5,39,29.7,1009.9,1.7,2.0,14,303.6,0
2017-06-20 12:42:00,3,54,25.5,38,29.7,1010.1,1.7,2.7,14,303.6,0
2017-06-20 12:45:00,3,54,25.5,40,29.3,1010.1,1.7,2.4,8,303.6,0
2017-06-20 12:48:00,3,54,25.5,40,29.3,1010.1,1.4,2.0,0,303.6,0
2017-06-20 12:51:00,3,54,25.5,40,29.4,1010.0,1.4,1.7,0,303.6,0
2017-06-20 12:54:00,3,54,25.5,39,29.2,1010.1,1.4,2.0,14,303.6,0
2017-06-20 12:57:00,3,54,25.5,39,29.5,1010.0,1.7,2.7,0,303.6,0
2017-06-20 13:00:00,3,54,25.5,39,29.6,1010.1,1.4,2.4,14,303.6,0
2017-06-20 13:03:00,3,53,26.4,37,29.5,1010.1,2.4,4.1,0,303.6,0
2017-06-20 13:06:00,3,53,26.4,38,29.3,1010.0,1.4,2.4,9,303.6,0
2017-06-20 13:09:00,3,53,26.4,37,29.4,1010.0,1.7,2.7,0,303.6,0
2017-06-20 13:12:00,3,53,26.4,37,29.4,1010.1,1.4,1.7,14,303.6,0
2017-06-20 13:15:00,3,53,26.4,36,29.4,1010.1,3.1,4.8,12,303.6,0
2017-06-20 13:18:00,3,53,26.4,36,29.3,1010.2,0.7,1.4,14,303.6,0
2017-06-20 13:21:00,3,53,26.4,37,29.3,1010.0,1.4,2.4,14,303.6,0
2017-06-20 13:24:00,3,53,26.4,37,29.3,1010.1,2.4,3.4,12,303.6,0
2017-06-20 13:27:00,3,52,26.4,37,29.2,1010.1,1.7,2.7,2,303.6,0
2017-06-20 13:30:00,3,52,26.4,36,29.1,1010.1,1.0,1.7,15,303.6,0
2017-06-20 13:33:00,3,52,26.4,35,29.2,1010.1,2.4,4.1,14,303.6,0
2017-06-20 13:36:00,3,52,26.4,36,29.3,1010.2,1.4,2.4,14,303.6,0
2017-06-20 13:39:00,3,52,26.4,37,29.4,1010.1,1.7,2.4,14,303.6,0
2017-06-20 13:42:00,3,52,26.4,36,29.3,1010.3,1.0,1.7,0,303.6,0
2017-06-20 13:45:00,3,52,26.4,36,29.2,1010.3,1.4,2.0,12,303.6,0
2017-06-20 13:48:00,3,52,26.4,37,29.5,1010.3,1.4,2.0,11,303.6,0
2017-06-20 13:51:00,3,52,26.4,37,29.6,1010.2,1.7,2.7,14,303.6,0
2017-06-20 13:54:00,3,52,26.4,35,29.3,1010.2,1.0,1.4,10,303.6,0
2017-06-20 13:57:00,3,52,26.4,36,29.2,1010.3,1.0,1.4,14,303.6,0
2017-06-20 14:00:00,3,52,26.4,37,29.2,1010.3,0.7,1.4,12,303.6,0
2017-06-20 14:03:00,3,52,26.4,37,29.2,1010.3,0.7,1.4,12,303.6,0
2017-06-20 14:06:00,3,52,26.4,37,29.2,1010.4,0.7,1.4,12,303.6,0
2017-06-20 14:09:00,3,52,26.4,36,29.3,1010.3,3.1,4.4,14,303.6,0
2017-06-20 14:12:00,3,52,26.4,37,29.3,1010.4,1.4,2.0,14,303.6,0
2017-06-20 14:15:00,3,52,26.4,37,29.1,1010.4,2.4,3.7,2,303.6,0
2017-06-20 14:18:00,3,52,26.4,38,28.9,1010.5,1.4,1.7,14,303.6,0
2017-06-20 14:21:00,3,52,26.5,38,29.1,1010.4,1.7,2.0,0,303.6,0
2017-06-20 14:24:00,3,52,26.5,37,29.1,1010.4,1.7,2.7,0,303.6,0
2017-06-20 14:27:00,3,52,26.5,36,29.1,1010.4,2.4,3.4,14,303.6,0
2017-06-20 14:30:00,3,52,26.6,36,29.1,1010.4,2.0,2.7,14,303.6,0
2017-06-20 14:33:00,3,52,26.6,37,29.2,1010.3,1.4,1.7,14,303.6,0
2017-06-20 14:36:00,3,52,26.6,36,29.3,1010.3,1.4,2.0,12,303.6,0
2017-06-20 14:39:00,3,52,26.6,35,29.3,1010.4,1.7,2.4,12,303.6,0
2017-06-20 14:42:00,3,52,26.6,36,29.6,1010.4,1.7,2.0,12,303.6,0
2017-06-20 14:45:00,3,52,26.6,34,29.3,1010.4,2.0,2.7,15,303.6,0
2017-06-20 14:48:00,3,52,26.7,35,29.2,1010.4,1.4,2.4,12,303.6,0
2017-06-20 14:51:00,3,52,26.7,35,29.2,1010.4,1.7,2.0,10,303.6,0
2017-06-20 14:54:00,3,52,26.7,35,29.0,1010.3,0.7,1.4,14,303.6,0
2017-06-20 14:57:00,3,52,26.7,35,29.0,1010.4,1.4,1.7,8,303.6,0
2017-06-20 15:00:00,3,52,26.7,36,28.9,1010.3,1.4,1.7,12,303.6,0
2017-06-20 15:03:00,3,52,26.7,37,29.1,1010.4,1.0,1.7,14,303.6,0
2017-06-20 15:06:00,3,52,26.7,36,29.0,1010.3,1.4,2.0,14,303.6,0
2017-06-20 15:09:00,3,52,26.7,36,28.8,1010.4,2.0,3.1,14,303.6,0
2017-06-20 15:12:00,3,52,26.7,37,28.4,1010.4,1.7,2.4,14,303.6,0
2017-06-20 15:15:00,3,52,26.7,38,28.2,1010.4,2.0,3.1,12,303.6,0
2017-06-20 15:18:00,3,52,26.8,39,28.0,1010.5,1.0,1.4,12,303.6,0
2017-06-20 15:21:00,3,52,26.8,40,28.0,1010.4,0.7,1.0,14,303.6,0
2017-06-20 15:24:00,3,52,26.8,39,28.0,1010.4,1.0,1.4,0,303.6,0
2017-06-20 15:27:00,3,51,26.9,40,28.0,1010.4,1.0,1.4,12,303.6,0
2017-06-20 15:30:00,3,51,26.9,40,27.8,1010.5,1.4,1.7,14,303.6,0
2017-06-20 15:33:00,3,51,26.9,40,27.9,1010.5,1.4,2.0,0,303.6,0
2017-06-20 15:36:00,3,51,26.9,39,27.8,1010.5,1.7,2.4,12,303.6,0
2017-06-20 15:39:00,3,51,26.9,40,27.8,1010.5,0.7,1.0,0,303.6,0
2017-06-20 15:42:00,3,51,26.9,40,27.8,1010.5,3.1,3.7,12,303.6,0
2017-06-20 15:45:00,3,51,26.9,40,27.6,1010.5,1.7,2.7,14,303.6,0
2017-06-20 15:48:00,3,51,26.9,42,27.4,1010.5,1.4,1.7,0,303.6,0
2017-06-20 15:51:00,3,51,26.9,42,27.3,1010.5,1.4,2.0,0,303.6,0
2017-06-20 15:54:00,3,50,27.0,42,27.2,1010.5,1.4,1.7,14,303.6,0
2017-06-20 15:57:00,3,50,27.0,43,27.1,1010.5,1.0,1.7,0,303.6,0
2017-06-20 16:00:00,3,50,27.0,43,27.0,1010.5,1.0,1.4,12,303.6,0
2017-06-20 16:03:00,3,50,27.0,43,27.0,1010.5,1.0,1.4,12,303.6,0
2017-06-20 16:06:00,3,50,27.1,43,27.0,1010.5,1.0,1.4,12,303.6,0
2017-06-20 16:09:00,3,50,27.1,43,26.7,1010.6,1.0,1.7,0,303.6,0
2017-06-20 16:12:00,3,50,27.1,42,26.6,1010.6,1.4,2.0,0,303.6,0
2017-06-20 16:15:00,3,50,27.1,42,26.6,1010.5,1.0,1.4,14,303.6,0
2017-06-20 16:18:00,3,50,27.1,42,26.4,1010.7,1.0,1.4,15,303.6,0
2017-06-20 16:21:00,3,50,27.1,43,26.2,1010.6,1.0,1.4,0,303.6,0
2017-06-20 16:24:00,3,50,27.1,42,26.1,1010.6,1.0,2.4,14,303.6,0
2017-06-20 16:27:00,3,50,27.1,42,25.9,1010.5,1.0,1.4,14,303.6,0
2017-06-20 16:30:00,3,50,27.1,41,25.9,1010.6,1.7,2.4,0,303.6,0
2017-06-20 16:33:00,3,50,27.1,41,25.7,1010.6,1.4,2.0,14,303.6,0
2017-06-20 16:36:00,3,50,27.1,42,25.7,1010.7,1.0,1.7,0,303.6,0
2017-06-20 16:39:00,3,50,27.1,42,25.6,1010.7,1.7,2.4,14,303.6,0
2017-06-20 16:42:00,3,50,27.1,43,25.5,1010.7,1.0,2.0,0,303.6,0
2017-06-20 16:45:00,3,50,27.1,43,25.4,1010.7,0.7,1.0,14,303.6,0
2017-06-20 16:48:00,3,50,27.1,43,25.4,1010.7,0.7,1.0,14,303.6,0
2017-06-20 16:51:00,3,50,27.1,43,25.4,1010.7,1.0,1.4,0,303.6,0
2017-06-20 16:54:00,3,50,27.5,44,25.4,1010.7,1.7,2.0,2,303.6,0
2017-06-20 16:57:00,3,50,27.5,43,25.4,1010.7,1.0,1.7,0,303.6,0
2017-06-20 17:00:00,3,50,27.5,43,25.4,1010.7,1.4,2.4,14,303.6,0
2017-06-20 17:03:00,3,50,27.5,43,25.4,1010.7,1.4,1.7,2,303.6,0
2017-06-20 17:06:00,3,50,27.5,43,25.4,1010.9,1.0,2.0,12,303.6,0
2017-06-20 17:09:00,3,50,27.5,41,25.4,1010.7,1.0,1.7,0,303.6,0
2017-06-20 17:12:00,3,50,27.5,41,25.3,1010.8,0.7,1.4,14,303.6,0
2017-06-20 17:15:00,3,50,27.5,41,25.3,1010.8,0,0.3,14,303.6,0
2017-06-20 17:18:00,3,50,27.5,41,25.4,1010.8,1.0,1.7,14,303.6,0
2017-06-20 17:21:00,3,50,27.5,41,25.2,1010.8,0.7,1.0,14,303.6,0
2017-06-20 17:24:00,3,50,27.5,41,25.1,1010.7,0.7,1.0,14,303.6,0
2017-06-20 17:27:00,3,50,27.5,41,24.9,1010.8,1.0,1.4,14,303.6,0
2017-06-20 17:30:00,3,50,27.5,41,24.7,1010.7,1.4,1.7,14,303.6,0
2017-06-20 17:33:00,3,50,27.5,42,24.6,1010.7,0.3,0.7,0,303.6,0
2017-06-20 17:36:00,3,50,27.5,42,24.5,1010.8,0.7,1.0,12,303.6,0
2017-06-20 17:39:00,3,50,27.5,43,24.5,1010.8,0.7,1.0,14,303.6,0
2017-06-20 17:42:00,3,50,27.5,43,24.5,1010.8,1.0,1.7,0,303.6,0
2017-06-20 17:45:00,3,50,27.5,43,24.5,1010.8,1.0,1.7,14,303.6,0
2017-06-20 17:48:00,3,50,27.5,43,24.5,1010.9,1.4,2.0,14,303.6,0
2017-06-20 17:51:00,3,50,27.5,43,24.6,1010.8,1.7,2.0,0,303.6,0
2017-06-20 17:54:00,3,50,27.5,43,24.9,1010.9,0.7,1.4,14,303.6,0
2017-06-20 17:57:00,3,50,27.6,43,24.9,1010.9,1.4,2.0,14,303.6,0
2017-06-20 18:00:00,3,50,27.6,43,24.9,1011.0,1.0,1.7,14,303.6,0
2017-06-20 18:03:00,3,50,27.6,43,24.9,1011.0,1.0,1.7,14,303.6,0
2017-06-20 18:06:00,3,50,27.6,43,24.9,1010.9,1.0,1.7,14,303.6,0
2017-06-20 18:09:00,3,50,27.6,45,24.3,1011.1,0.7,0.7,14,303.6,0
2017-06-20 18:12:00,3,50,27.6,45,24.2,1011.1,1.0,1.4,0,303.6,0
2017-06-20 18:15:00,3,50,27.6,46,23.9,1011.0,1.0,1.4,0,303.6,0
2017-06-20 18:18:00,3,48,27.5,46,23.7,1011.1,1.0,2.0,0,303.6,0
2017-06-20 18:21:00,3,41,27.6,47,23.6,1011.0,0.3,1.0,0,303.6,0
2017-06-20 18:24:00,3,39,27.1,47,23.4,1011.1,1.4,2.0,0,303.6,0
2017-06-20 18:27:00,3,39,27.1,48,23.3,1011.0,0.7,1.0,13,303.6,0
2017-06-20 18:30:00,3,40,26.9,49,23.2,1011.2,0.7,1.0,15,303.6,0
2017-06-20 18:33:00,3,40,26.9,50,23.2,1011.2,0.3,0.7,14,303.6,0
2017-06-20 18:36:00,3,40,26.8,50,23.1,1011.1,0.7,1.0,14,303.6,0
2017-06-20 18:39:00,3,40,26.7,50,23.1,1011.2,0.7,1.0,14,303.6,0
2017-06-20 18:42:00,3,40,26.7,50,23.0,1011.2,0.7,1.0,14,303.6,0
2017-06-20 18:45:00,3,40,26.7,50,22.9,1011.3,0.3,0.7,0,303.6,0
2017-06-20 18:48:00,3,40,26.6,50,22.9,1011.2,0.3,0.7,12,303.6,0
2017-06-20 18:51:00,3,40,26.6,50,22.8,1011.2,0.3,0.7,14,303.6,0
2017-06-20 18:54:00,3,40,26.6,51,22.7,1011.3,0,0.3,14,303.6,0
2017-06-20 18:57:00,3,40,26.5,51,22.6,1011.3,0,0.3,14,303.6,0
2017-06-20 19:00:00,3,40,26.5,51,22.6,1011.3,0.3,0.7,14,303.6,0
2017-06-20 19:03:00,3,40,26.4,51,22.5,1011.3,0.3,0.7,14,303.6,0
2017-06-20 19:06:00,3,40,26.4,54,22.4,1011.3,0.3,0.7,14,303.6,0
2017-06-20 19:09:00,3,40,26.4,54,22.4,1011.4,0.7,0.7,0,303.6,0
2017-06-20 19:12:00,3,40,26.4,55,22.3,1011.4,1.4,2.0,2,303.6,0
2017-06-20 19:15:00,3,40,26.4,54,22.2,1011.4,0.7,1.0,15,303.6,0
2017-06-20 19:18:00,3,40,26.4,53,22.1,1011.5,1.4,1.7,0,303.6,0
2017-06-20 19:21:00,3,39,26.4,54,21.9,1011.5,0.3,0.7,14,303.6,0
2017-06-20 19:24:00,3,39,26.4,54,21.8,1011.5,0.3,0.7,4,303.6,0
2017-06-20 19:27:00,3,39,26.4,54,21.7,1011.6,0.7,1.0,0,303.6,0
2017-06-20 19:30:00,3,39,26.4,54,21.5,1011.5,0.7,1.4,0,303.6,0
2017-06-20 19:33:00,3,39,26.4,55,21.4,1011.6,0.7,1.7,2,303.6,0
2017-06-20 19:36:00,3,40,25.5,55,21.3,1011.6,1.0,1.4,2,303.6,0
2017-06-20 19:39:00,3,40,25.5,55,21.1,1011.7,2.0,2.4,0,303.6,0
2017-06-20 19:42:00,3,40,25.5,56,21.0,1011.6,1.4,1.7,0,303.6,0
2017-06-20 19:45:00,3,40,25.5,56,20.9,1011.7,0.3,0.7,14,303.6,0
2017-06-20 19:48:00,3,40,25.5,56,20.8,1011.6,1.0,1.7,1,303.6,0
2017-06-20 19:51:00,3,40,25.5,56,20.7,1011.8,0.3,0.7,14,303.6,0
2017-06-20 19:54:00,3,41,25.5,57,20.5,1011.8,0.3,1.4,2,303.6,0
2017-06-20 19:57:00,3,40,25.5,58,20.4,1011.8,0,0.3,0,303.6,0
2017-06-20 20:00:00,3,40,25.5,58,20.3,1011.8,0,0.3,0,303.6,0
2017-06-20 20:03:00,3,41,25.5,58,20.3,1011.8,0,0.3,0,303.6,0
2017-06-20 20:06:00,3,41,25.5,58,20.3,1011.8,0,0.3,0,303.6,0
2017-06-20 20:09:00,3,41,25.5,60,20.1,1011.9,0.3,0.7,0,303.6,0
2017-06-20 20:12:00,3,41,25.5,60,20.0,1011.9,0.7,1.0,0,303.6,0
2017-06-20 20:15:00,3,41,25.5,60,19.9,1012.0,1.0,1.7,0,303.6,0
2017-06-20 20:18:00,3,41,25.5,60,19.9,1011.9,0.3,0.7,14,303.6,0
2017-06-20 20:21:00,3,41,25.5,60,19.8,1011.9,0.3,0.7,0,303.6,0
2017-06-20 20:24:00,3,41,25.5,60,19.7,1011.8,0,0.3,15,303.6,0
2017-06-20 20:27:00,3,41,25.5,61,19.6,1011.9,0.3,0.7,0,303.6,0
2017-06-20 20:30:00,3,41,25.4,61,19.6,1011.9,0.7,1.0,15,303.6,0
2017-06-20 20:33:00,3,41,25.3,61,19.5,1011.9,0.7,1.0,0,303.6,0
2017-06-20 20:36:00,3,41,25.4,61,19.4,1011.9,0.7,1.0,14,303.6,0
2017-06-20 20:39:00,3,41,25.3,61,19.4,1011.9,0.7,1.0,14,303.6,0
2017-06-20 20:42:00,3,42,25.2,61,19.3,1011.9,0.3,0.3,0,303.6,0
2017-06-20 20:45:00,3,42,25.2,62,19.2,1011.8,0.3,0.7,0,303.6,0
2017-06-20 20:48:00,3,42,25.2,62,19.2,1011.9,0,0.3,0,303.6,0
2017-06-20 20:51:00,3,42,25.1,62,19.1,1011.9,0,0,14,303.6,0
2017-06-20 20:54:00,3,42,25.1,62,19.0,1011.9,0,0.3,14,303.6,0
2017-06-20 20:57:00,3,42,25.1,62,18.9,1011.9,0,0,14,303.6,0
2017-06-20 21:00:00,3,42,25.1,62,18.9,1012.0,0,0.3,14,303.6,0
2017-06-20 21:03:00,3,43,25.1,62,18.8,1012.0,0,0,14,303.6,0
2017-06-20 21:06:00,3,43,25.1,63,18.7,1011.8,0,0.3,0,303.6,0
2017-06-20 21:09:00,3,43,25.0,63,18.6,1011.9,0,0,0,303.6,0
2017-06-20 21:12:00,3,43,25.0,63,18.5,1011.9,0.3,0.3,0,303.6,0
2017-06-20 21:15:00,3,43,25.0,63,18.4,1012.0,0,0,0,303.6,0
2017-06-20 21:18:00,3,42,25.0,64,18.3,1011.9,0,0,0,303.6,0
2017-06-20 21:21:00,3,42,25.0,64,18.3,1011.9,0,0,0,303.6,0
2017-06-20 21:24:00,3,44,24.9,64,18.2,1012.0,0,0,0,303.6,0
2017-06-20 21:27:00,3,44,24.9,65,18.1,1012.0,0,0,0,303.6,0
2017-06-20 21:30:00,3,44,24.9,65,18.0,1011.9,0,0,0,303.6,0
2017-06-20 21:33:00,3,44,24.7,65,17.9,1012.0,0,0,0,303.6,0
2017-06-20 21:36:00,3,44,24.7,66,17.8,1012.0,0,0,0,303.6,0
2017-06-20 21:39:00,3,44,24.7,66,17.8,1011.9,0,0,0,303.6,0
2017-06-20 21:42:00,3,44,24.6,66,17.7,1011.9,0,0,14,303.6,0
2017-06-20 21:45:00,3,44,24.6,66,17.7,1011.9,0,0,14,303.6,0
2017-06-20 21:48:00,3,44,24.6,67,17.6,1011.9,0,0,14,303.6,0
2017-06-20 21:51:00,3,44,24.5,67,17.6,1011.8,0,0,15,303.6,0
2017-06-20 21:54:00,3,44,24.5,67,17.5,1011.9,0,0,14,303.6,0
2017-06-20 21:57:00,3,44,24.4,70,17.4,1012.0,0,0,14,303.6,0
