2019-10-04 00:01:00,3,50,21.1,99,6.9,1008.0,0,0,2,1502.4,0
2019-10-04 00:04:00,3,50,21.1,99,6.9,1008.0,0,0,2,1502.4,0
2019-10-04 00:07:00,3,50,21.0,99,6.8,1008.0,0,0,10,1502.4,0
2019-10-04 00:10:00,3,50,21.0,99,6.8,1008.0,0,0,0,1502.4,0
2019-10-04 00:13:00,3,50,21.0,99,6.8,1008.0,0,0,0,1502.4,0
2019-10-04 00:16:00,3,50,21.0,99,6.7,1007.9,0,0,0,1502.4,0
2019-10-04 00:19:00,3,50,21.0,99,6.7,1007.9,0,0,0,1502.4,0
2019-10-04 00:22:00,3,50,21.0,99,6.6,1007.9,0,0,0,1502.4,0
2019-10-04 00:25:00,3,50,21.0,99,6.6,1007.8,0,0,0,1502.4,0
2019-10-04 00:28:00,3,51,20.9,99,6.5,1007.8,0,0,10,1502.4,0
2019-10-04 00:31:00,3,51,20.9,99,6.5,1007.8,0,0,10,1502.4,0
2019-10-04 00:34:00,3,51,20.9,99,6.4,1007.8,0,0,14,1502.4,0
2019-10-04 00:37:00,3,51,20.9,99,6.3,1007.9,0,0,14,1502.4,0
2019-10-04 00:40:00,3,51,20.9,99,6.3,1007.8,0,0,8,1502.4,0
2019-10-04 00:43:00,3,51,20.9,99,6.3,1007.7,0,0,0,1502.4,0
2019-10-04 00:46:00,3,51,20.9,99,6.3,1007.8,0,0,8,1502.4,0
2019-10-04 00:49:00,3,51,20.9,99,6.3,1007.7,0,0,10,1502.4,0
2019-10-04 00:52:00,3,51,20.9,99,6.3,1007.8,0,0,10,1502.4,0
2019-10-04 00:55:00,3,51,20.8,99,6.4,1007.9,0,0,12,1502.4,0
2019-10-04 00:58:00,3,51,20.8,99,6.5,1007.9,0,0,14,1502.4,0
2019-10-04 01:01:00,3,51,20.7,99,6.6,1007.9,0,0,14,1502.4,0
2019-10-04 01:04:00,3,51,20.7,99,6.6,1007.8,0,0,12,1502.4,0
2019-10-04 01:07:00,3,51,20.7,99,6.6,1007.7,0,0,8,1502.4,0
2019-10-04 01:10:00,3,51,20.7,99,6.7,1007.8,0,0,12,1502.4,0
2019-10-04 01:13:00,3,51,20.7,99,6.7,1007.7,0,0,12,1502.4,0
2019-10-04 01:16:00,3,51,20.7,99,6.6,1007.7,0,0,12,1502.4,0
2019-10-04 01:19:00,3,51,20.7,99,6.6,1007.7,0,0,12,1502.4,0
2019-10-04 01:22:00,3,51,20.7,99,6.6,1007.8,0,0,12,1502.4,0
2019-10-04 01:25:00,3,51,20.7,99,6.7,1007.7,0,0,12,1502.4,0
2019-10-04 01:28:00,3,51,20.7,99,6.8,1007.7,0,0,12,1502.4,0
2019-10-04 01:31:00,3,51,20.7,99,6.8,1007.7,0,0,0,1502.4,0
2019-10-04 01:34:00,3,51,20.6,99,6.7,1007.6,0,0,0,1502.4,0
2019-10-04 01:37:00,3,51,20.6,99,6.6,1007.6,0,0,0,1502.4,0
2019-10-04 01:40:00,3,51,20.6,99,6.6,1007.5,0,0,0,1502.4,0
2019-10-04 01:43:00,3,51,20.6,99,6.5,1007.4,0,0,0,1502.4,0
2019-10-04 01:46:00,3,51,20.6,99,6.4,1007.5,0,0.3,11,1502.4,0
2019-10-04 01:49:00,3,51,20.6,99,6.4,1007.6,0,0.3,0,1502.4,0
2019-10-04 01:52:00,3,51,20.6,99,6.4,1007.5,0,0,12,1502.4,0
2019-10-04 01:55:00,3,51,20.6,99,6.4,1007.6,0,0,12,1502.4,0
2019-10-04 01:58:00,3,51,20.5,99,6.3,1007.6,0,0,0,1502.4,0
2019-10-04 02:01:00,3,51,20.5,99,6.2,1007.6,0,0,0,1502.4,0
2019-10-04 02:04:00,3,51,20.5,99,6.2,1007.6,0,0,0,1502.4,0
2019-10-04 02:07:00,3,51,20.5,99,6.0,1007.6,0,0,0,1502.4,0
2019-10-04 02:10:00,3,51,20.5,99,5.9,1007.8,0,0,14,1502.4,0
2019-10-04 02:13:00,3,51,20.5,99,5.8,1007.4,0,0,0,1502.4,0
2019-10-04 02:16:00,3,51,20.5,99,5.8,1007.6,0,0,0,1502.4,0
2019-10-04 02:19:00,3,51,20.5,99,5.7,1007.5,0,0,0,1502.4,0
2019-10-04 02:22:00,3,51,20.4,99,5.6,1007.5,0,0,0,1502.4,0
2019-10-04 02:25:00,3,51,20.4,99,5.6,1007.4,0,0,0,1502.4,0
2019-10-04 02:28:00,3,51,20.4,99,5.5,1007.3,0,0,0,1502.4,0
2019-10-04 02:31:00,3,51,20.4,99,5.4,1007.3,0,0,0,1502.4,0
2019-10-04 02:34:00,3,51,20.4,99,5.3,1007.2,0,0,4,1502.4,0
2019-10-04 02:37:00,3,51,20.4,99,5.2,1007.3,0,0.3,2,1502.4,0
2019-10-04 02:40:00,3,51,20.4,99,5.1,1007.2,0,0,2,1502.4,0
2019-10-04 02:43:00,3,51,20.4,99,5.0,1007.3,0,0,2,1502.4,0
2019-10-04 02:46:00,3,51,20.3,99,4.9,1007.2,0,0,2,1502.4,0
2019-10-04 02:49:00,3,51,20.3,99,4.8,1007.2,0,0,2,1502.4,0
2019-10-04 02:52:00,3,51,20.3,99,4.7,1007.1,0,0,2,1502.4,0
2019-10-04 02:55:00,3,51,20.3,99,4.6,1007.1,0,0,2,1502.4,0
2019-10-04 02:58:00,3,51,20.3,99,4.5,1007.3,0,0,2,1502.4,0
2019-10-04 03:01:00,3,51,20.3,99,4.4,1007.1,0,0,2,1502.4,0
2019-10-04 03:04:00,3,51,20.3,99,4.3,1007.1,0,0,2,1502.4,0
2019-10-04 03:07:00,3,51,20.3,99,4.3,1007.1,0,0,2,1502.4,0
2019-10-04 03:10:00,3,51,20.2,99,4.2,1007.1,0,0,2,1502.4,0
2019-10-04 03:13:00,3,51,20.2,99,4.2,1007.0,0,0,2,1502.4,0
2019-10-04 03:16:00,3,51,20.2,99,4.1,1006.9,0,0,2,1502.4,0
2019-10-04 03:19:00,3,51,20.2,99,4.0,1007.0,0,0,2,1502.4,0
2019-10-04 03:22:00,3,51,20.2,99,4.0,1007.0,0,0,2,1502.4,0
2019-10-04 03:25:00,3,51,20.2,99,3.9,1007.0,0,0,2,1502.4,0
2019-10-04 03:28:00,3,51,20.1,99,3.9,1007.0,0,0,0,1502.4,0
2019-10-04 03:31:00,3,51,20.1,99,3.8,1006.9,0,0,0,1502.4,0
2019-10-04 03:34:00,3,51,20.1,99,3.8,1006.9,0,0,0,1502.4,0
2019-10-04 03:37:00,3,51,20.1,99,3.8,1006.8,0,0,0,1502.4,0
2019-10-04 03:40:00,3,51,20.1,99,3.7,1006.7,0,0,0,1502.4,0
2019-10-04 03:43:00,3,51,20.1,99,3.7,1006.8,0,0,0,1502.4,0
2019-10-04 03:46:00,3,51,20.1,99,3.6,1006.8,0,0,0,1502.4,0
2019-10-04 03:49:00,3,51,20.0,99,3.5,1006.9,0,0,0,1502.4,0
2019-10-04 03:52:00,3,51,20.0,99,3.5,1006.9,0,0,0,1502.4,0
2019-10-04 03:55:00,3,51,20.1,99,3.5,1006.9,0,0,0,1502.4,0
2019-10-04 03:58:00,3,51,20.0,99,3.5,1006.8,0,0,4,1502.4,0
2019-10-04 04:01:00,3,51,20.0,99,3.6,1006.8,0,0,4,1502.4,0
2019-10-04 04:04:00,3,51,20.1,99,3.6,1006.8,0,0,4,1502.4,0
2019-10-04 04:07:00,3,51,20.0,99,3.5,1006.8,0,0,4,1502.4,0
2019-10-04 04:10:00,3,51,20.1,99,3.5,1006.7,0,0,4,1502.4,0
2019-10-04 04:13:00,3,51,20.1,99,3.4,1006.7,0,0,4,1502.4,0
2019-10-04 04:16:00,3,51,20.1,99,3.4,1006.5,0,0,2,1502.4,0
2019-10-04 04:19:00,3,51,20.1,99,3.4,1006.5,0,0,2,1502.4,0
2019-10-04 04:22:00,3,51,20.1,99,3.4,1006.5,0,0,2,1502.4,0
2019-10-04 04:25:00,3,51,20.1,99,3.4,1006.5,0,0,2,1502.4,0
2019-10-04 04:28:00,3,51,20.1,99,3.4,1006.5,0,0,2,1502.4,0
2019-10-04 04:31:00,3,51,20.2,99,3.4,1006.4,0,0,2,1502.4,0
2019-10-04 04:34:00,3,51,20.2,99,3.4,1006.4,0.7,1.0,2,1502.4,0
2019-10-04 04:37:00,3,51,20.2,99,3.4,1006.3,0,0,2,1502.4,0
2019-10-04 04:40:00,3,51,20.3,99,3.4,1006.3,0,0,2,1502.4,0
2019-10-04 04:43:00,3,51,20.3,99,3.4,1006.3,0,0,2,1502.4,0
2019-10-04 04:46:00,3,51,20.3,99,3.4,1006.3,0,0,2,1502.4,0
2019-10-04 04:49:00,3,51,20.3,99,3.4,1006.2,0,0,2,1502.4,0
2019-10-04 04:52:00,3,51,20.4,99,3.4,1006.4,0,0,2,1502.4,0
2019-10-04 04:55:00,3,51,20.4,99,3.4,1006.3,0,0,2,1502.4,0
2019-10-04 04:58:00,3,51,20.4,99,3.4,1006.4,0,0,2,1502.4,0
2019-10-04 05:01:00,3,51,20.5,99,3.4,1006.4,0,0,0,1502.4,0
2019-10-04 05:04:00,3,50,20.5,99,3.3,1006.3,0,0.3,2,1502.4,0
2019-10-04 05:07:00,3,50,20.5,99,3.4,1006.4,0,0,2,1502.4,0
2019-10-04 05:10:00,3,50,20.5,99,3.4,1006.3,0,0,2,1502.4,0
2019-10-04 05:13:00,3,50,20.5,99,3.4,1006.3,0,0,2,1502.4,0
2019-10-04 05:16:00,3,50,20.5,99,3.4,1006.4,0,0,2,1502.4,0
2019-10-04 05:19:00,3,50,20.5,99,3.4,1006.5,0,0,2,1502.4,0
2019-10-04 05:22:00,3,50,20.6,99,3.3,1006.4,0,0,2,1502.4,0
2019-10-04 05:25:00,3,50,20.6,99,3.3,1006.5,0,0,0,1502.4,0
2019-10-04 05:28:00,3,50,20.6,99,3.3,1006.5,0,0,0,1502.4,0
2019-10-04 05:31:00,3,50,20.6,99,3.4,1006.5,0,0,2,1502.4,0
2019-10-04 05:34:00,3,50,20.6,99,3.4,1006.5,0,0,0,1502.4,0
2019-10-04 05:37:00,3,50,20.6,99,3.4,1006.6,0,0,10,1502.4,0
2019-10-04 05:40:00,3,50,20.6,99,3.4,1006.5,0,0,2,1502.4,0
2019-10-04 05:43:00,3,50,20.6,99,3.4,1006.5,0,0,0,1502.4,0
2019-10-04 05:46:00,3,50,20.6,99,3.5,1006.5,0,0,0,1502.4,0
2019-10-04 05:49:00,3,50,20.7,99,3.5,1006.4,0,0,2,1502.4,0
2019-10-04 05:52:00,3,50,20.7,99,3.6,1006.5,0,0,2,1502.4,0
2019-10-04 05:55:00,3,50,20.7,99,3.6,1006.5,0,0,2,1502.4,0
2019-10-04 05:58:00,3,50,20.7,99,3.7,1006.5,0,0,2,1502.4,0
2019-10-04 06:01:00,3,50,20.7,99,3.8,1006.5,0,0,2,1502.4,0
2019-10-04 06:04:00,3,50,20.7,99,3.8,1006.5,0,0,2,1502.4,0
2019-10-04 06:07:00,3,50,20.7,99,3.9,1006.5,0,0,2,1502.4,0
2019-10-04 06:10:00,3,50,20.7,99,4.0,1006.5,0,0,2,1502.4,0
2019-10-04 06:13:00,3,50,20.9,99,4.1,1006.4,0,0,2,1502.4,0
2019-10-04 06:16:00,3,49,21.0,99,4.2,1006.5,0,0,10,1502.4,0
2019-10-04 06:19:00,3,49,21.2,99,4.3,1006.6,0,0,0,1502.4,0
2019-10-04 06:22:00,3,49,21.3,99,4.4,1006.5,0,0,2,1502.4,0
2019-10-04 06:25:00,3,48,21.6,99,4.6,1006.6,0,0,2,1502.4,0
2019-10-04 06:28:00,3,48,21.7,99,4.8,1006.6,0,0,10,1502.4,0
2019-10-04 06:31:00,3,47,21.8,99,4.9,1006.5,0,0,0,1502.4,0
2019-10-04 06:34:00,3,47,21.9,99,5.2,1006.7,0,0,0,1502.4,0
2019-10-04 06:37:00,3,45,22.0,99,5.5,1006.6,0,0,10,1502.4,0
2019-10-04 06:40:00,3,45,22.1,99,5.8,1006.7,0,0,0,1502.4,0
2019-10-04 06:43:00,3,44,22.2,99,6.0,1006.7,0,0,0,1502.4,0
2019-10-04 06:46:00,3,44,22.2,99,6.2,1006.6,0,0,0,1502.4,0
2019-10-04 06:49:00,3,44,22.3,99,6.4,1006.6,0,0,0,1502.4,0
2019-10-04 06:52:00,3,44,22.3,99,6.6,1006.6,0,0,0,1502.4,0
2019-10-04 06:55:00,3,44,22.3,99,6.7,1006.5,0,0,0,1502.4,0
2019-10-04 06:58:00,3,44,22.5,99,6.9,1006.6,0,0,0,1502.4,0
2019-10-04 07:01:00,3,44,22.6,99,7.2,1006.6,0,0,0,1502.4,0
2019-10-04 07:04:00,3,44,22.7,99,7.4,1006.7,0,0,0,1502.4,0
2019-10-04 07:07:00,3,44,22.9,99,7.8,1006.6,0,0,2,1502.4,0
2019-10-04 07:10:00,3,43,23.0,99,8.4,1006.6,0,0,0,1502.4,0
2019-10-04 07:13:00,3,42,23.0,99,8.7,1006.6,0.7,1.0,2,1502.4,0
2019-10-04 07:16:00,3,42,23.1,99,8.8,1006.7,0,0,4,1502.4,0
2019-10-04 07:19:00,3,42,23.1,99,8.8,1006.6,0.3,0.7,4,1502.4,0
2019-10-04 07:22:00,3,42,23.2,99,8.7,1006.7,0.3,0.7,0,1502.4,0
2019-10-04 07:25:00,3,42,23.3,99,8.7,1006.6,0.3,0.7,4,1502.4,0
2019-10-04 07:28:00,3,42,23.4,99,8.6,1006.7,0,0,4,1502.4,0
2019-10-04 07:31:00,3,42,23.4,99,8.7,1006.6,0,0,4,1502.4,0
2019-10-04 07:34:00,3,42,23.5,99,9.3,1006.6,0,0.3,4,1502.4,0
2019-10-04 07:37:00,3,42,23.6,99,9.6,1006.6,1.4,2.0,15,1502.4,0
2019-10-04 07:40:00,3,42,23.6,99,9.8,1006.6,0.3,0.7,2,1502.4,0
2019-10-04 07:43:00,3,42,23.6,99,10.0,1006.4,0,0.3,0,1502.4,0
2019-10-04 07:46:00,3,42,23.7,99,10.3,1006.5,0,0.3,4,1502.4,0
2019-10-04 07:49:00,3,41,23.7,99,10.7,1006.5,1.0,1.7,4,1502.4,0
2019-10-04 07:52:00,3,41,23.8,99,10.8,1006.5,0.3,0.7,10,1502.4,0
2019-10-04 07:55:00,3,41,23.8,98,10.9,1006.4,1.4,2.0,4,1502.4,0
2019-10-04 07:58:00,3,41,23.8,93,10.8,1006.3,0.7,1.0,4,1502.4,0
2019-10-04 08:01:00,3,42,23.7,90,10.8,1006.3,1.0,1.4,15,1502.4,0
2019-10-04 08:04:00,3,42,23.5,90,10.8,1006.2,1.0,1.4,15,1502.4,0
2019-10-04 08:07:00,3,42,23.4,90,10.8,1006.3,1.0,1.4,15,1502.4,0
2019-10-04 08:10:00,3,42,23.2,78,10.8,1006.3,2.4,3.1,2,1502.4,0
2019-10-04 08:13:00,3,42,23.1,74,10.9,1006.2,0.7,1.4,4,1502.4,0
2019-10-04 08:16:00,3,43,23.0,71,11.1,1006.2,0.3,0.7,6,1502.4,0
2019-10-04 08:19:00,3,43,23.0,70,11.2,1006.3,1.0,1.4,7,1502.4,0
2019-10-04 08:22:00,3,43,22.9,69,11.1,1006.1,1.4,2.4,3,1502.4,0
2019-10-04 08:25:00,3,43,22.8,68,11.2,1006.0,0.7,1.0,6,1502.4,0
2019-10-04 08:28:00,3,44,22.7,67,11.3,1006.0,0.3,0.7,4,1502.4,0
2019-10-04 08:31:00,3,44,22.7,67,11.4,1006.0,1.0,1.4,8,1502.4,0
2019-10-04 08:34:00,3,44,22.7,66,11.5,1006.0,0.7,1.4,2,1502.4,0
2019-10-04 08:37:00,3,44,22.6,65,11.6,1005.8,1.4,1.7,4,1502.4,0
2019-10-04 08:40:00,3,44,22.6,65,11.5,1005.8,0.3,0.7,6,1502.4,0
2019-10-04 08:43:00,3,44,22.6,66,11.6,1005.8,0.7,1.4,4,1502.4,0
2019-10-04 08:46:00,3,44,22.6,66,11.8,1005.8,0.7,1.0,14,1502.4,0
2019-10-04 08:49:00,3,44,22.5,63,11.7,1005.7,1.4,1.7,4,1502.4,0
2019-10-04 08:52:00,3,44,22.5,63,11.7,1005.7,0.7,1.0,12,1502.4,0
2019-10-04 08:55:00,3,44,22.5,63,11.8,1005.7,1.4,2.0,4,1502.4,0
2019-10-04 08:58:00,3,44,22.4,63,11.8,1005.8,2.0,2.4,14,1502.4,0
2019-10-04 09:01:00,3,45,22.3,62,11.6,1005.7,1.0,1.7,6,1502.4,0
2019-10-04 09:04:00,3,45,22.3,62,11.5,1005.6,1.7,2.7,4,1502.4,0
2019-10-04 09:07:00,3,45,22.3,63,11.5,1005.6,0.7,1.0,8,1502.4,0
2019-10-04 09:10:00,3,45,22.3,63,11.5,1005.6,1.7,2.7,2,1502.4,0
2019-10-04 09:13:00,3,45,22.2,62,11.5,1005.6,1.7,2.7,10,1502.4,0
2019-10-04 09:16:00,3,45,22.2,62,11.5,1005.6,1.0,1.4,2,1502.4,0
2019-10-04 09:19:00,3,45,22.2,63,11.6,1005.5,1.0,1.7,10,1502.4,0
2019-10-04 09:22:00,3,45,22.1,62,11.6,1005.5,1.7,2.7,14,1502.4,0
2019-10-04 09:25:00,3,46,22.1,62,11.7,1005.4,0.7,1.4,4,1502.4,0
2019-10-04 09:28:00,3,46,22.0,62,11.9,1005.4,1.4,2.4,4,1502.4,0
2019-10-04 09:31:00,3,47,21.9,62,12.0,1005.4,1.7,2.0,8,1502.4,0
2019-10-04 09:34:00,3,47,21.9,62,12.0,1005.3,1.7,2.4,2,1502.4,0
2019-10-04 09:37:00,3,47,21.9,61,12.0,1005.3,1.0,1.4,8,1502.4,0
2019-10-04 09:40:00,3,47,21.8,61,12.0,1005.1,1.7,2.0,4,1502.4,0
2019-10-04 09:43:00,3,47,21.8,61,12.1,1005.2,0.7,1.4,4,1502.4,0
2019-10-04 09:46:00,3,48,21.8,61,12.3,1005.1,1.4,2.0,6,1502.4,0
2019-10-04 09:49:00,3,48,21.8,61,12.3,1005.1,1.4,2.0,6,1502.4,0
2019-10-04 09:52:00,3,48,21.7,61,12.4,1005.0,1.0,1.7,8,1502.4,0
2019-10-04 09:55:00,3,48,21.7,61,12.4,1005.0,1.0,1.7,4,1502.4,0
2019-10-04 09:58:00,3,48,21.7,55,12.5,1004.8,1.7,2.7,6,1502.4,0
2019-10-04 10:01:00,3,48,21.7,56,12.6,1004.8,1.7,3.4,4,1502.4,0
2019-10-04 10:04:00,3,48,21.7,56,12.6,1004.9,1.7,3.4,4,1502.4,0
2019-10-04 10:07:00,3,49,21.6,59,12.3,1004.8,0.3,1.0,4,1502.4,0
2019-10-04 10:10:00,3,49,21.6,60,12.2,1004.8,1.7,2.4,8,1502.4,0
2019-10-04 10:13:00,3,49,21.6,60,12.1,1004.7,1.4,2.7,4,1502.4,0
2019-10-04 10:16:00,3,49,21.6,60,12.0,1004.6,2.0,2.7,8,1502.4,0
2019-10-04 10:19:00,3,49,21.5,60,11.9,1004.5,2.0,2.7,2,1502.4,0
2019-10-04 10:22:00,3,49,21.5,60,11.8,1004.5,2.4,3.1,6,1502.4,0
2019-10-04 10:25:00,3,49,21.5,61,11.7,1004.6,0.7,1.0,8,1502.4,0
2019-10-04 10:28:00,3,49,21.5,61,11.8,1004.6,2.0,2.7,4,1502.4,0
2019-10-04 10:31:00,3,49,21.5,61,11.7,1004.5,0.7,1.0,2,1502.4,0
2019-10-04 10:34:00,3,49,21.5,61,11.7,1004.5,1.7,2.0,4,1502.4,0
2019-10-04 10:37:00,3,49,21.4,61,11.8,1004.4,0.7,1.4,10,1502.4,0
2019-10-04 10:40:00,3,49,21.4,61,11.7,1004.5,1.0,1.4,2,1502.4,0
2019-10-04 10:43:00,3,49,21.3,61,11.7,1004.3,1.0,1.4,4,1502.4,0
2019-10-04 10:46:00,3,49,21.3,62,11.7,1004.4,0.7,1.0,6,1502.4,0
2019-10-04 10:49:00,3,49,21.3,63,11.7,1004.4,1.0,1.7,8,1502.4,0
2019-10-04 10:52:00,3,49,21.3,65,11.5,1004.2,1.0,1.7,8,1502.4,0
2019-10-04 10:55:00,3,49,21.3,65,11.4,1004.2,0.7,1.4,14,1502.4,0
2019-10-04 10:58:00,3,49,21.3,67,11.1,1004.2,1.0,1.7,4,1502.4,0
2019-10-04 11:01:00,3,49,21.3,70,10.8,1004.2,0.7,1.4,8,1502.7,0
2019-10-04 11:04:00,3,49,21.3,70,10.6,1004.1,2.0,3.1,8,1502.7,0
2019-10-04 11:07:00,3,49,21.3,71,10.5,1004.0,0.7,1.0,12,1502.7,0
2019-10-04 11:10:00,3,49,21.2,71,10.4,1004.1,1.4,2.0,3,1502.7,0
2019-10-04 11:13:00,3,49,21.2,71,10.4,1004.1,1.4,1.7,4,1502.7,0
2019-10-04 11:16:00,3,49,21.2,71,10.5,1004.0,2.0,3.1,9,1502.7,0
2019-10-04 11:19:00,3,49,21.2,71,10.5,1003.9,1.4,1.7,8,1502.7,0
2019-10-04 11:22:00,3,49,21.2,71,10.5,1004.0,2.0,2.7,6,1502.7,0
2019-10-04 11:25:00,3,49,21.2,72,10.4,1004.0,1.0,1.4,2,1502.7,0
2019-10-04 11:28:00,3,49,21.2,72,10.4,1003.9,1.0,1.7,10,1502.7,0
2019-10-04 11:31:00,3,49,21.2,73,10.3,1003.9,0.3,1.0,4,1502.7,0
2019-10-04 11:34:00,3,49,21.2,74,10.2,1003.9,1.0,1.4,0,1502.7,0
2019-10-04 11:37:00,3,49,21.2,74,10.2,1003.8,0.7,0.7,8,1502.7,0
2019-10-04 11:40:00,3,49,21.2,75,10.1,1003.7,1.4,2.0,4,1502.7,0
2019-10-04 11:43:00,3,49,21.2,75,10.1,1003.6,1.7,3.1,5,1503.0,0
2019-10-04 11:46:00,3,49,21.2,75,10.1,1003.6,1.4,2.0,1,1503.0,0
2019-10-04 11:49:00,3,50,21.2,76,10.1,1003.6,1.4,2.0,4,1503.0,0
2019-10-04 11:52:00,3,50,21.2,76,10.2,1003.6,0.3,0.7,4,1503.0,0
2019-10-04 11:55:00,3,50,21.2,76,10.3,1003.5,0.7,1.0,4,1503.0,0
2019-10-04 11:58:00,3,50,21.3,77,10.3,1003.6,1.4,2.0,4,1503.0,0
2019-10-04 12:01:00,3,50,21.3,76,10.3,1003.5,1.0,1.7,10,1503.0,0
2019-10-04 12:04:00,3,50,21.3,76,10.3,1003.6,1.0,1.7,10,1503.0,0
2019-10-04 12:07:00,3,50,21.3,76,10.3,1003.6,0.7,1.0,8,1503.0,0
2019-10-04 12:10:00,3,50,21.3,76,10.4,1003.5,0.7,1.0,4,1503.0,0
2019-10-04 12:13:00,3,50,21.3,76,10.4,1003.4,0.3,0.7,14,1503.0,0
2019-10-04 12:16:00,3,50,21.3,76,10.4,1003.5,1.4,2.0,0,1503.0,0
2019-10-04 12:19:00,3,50,21.3,76,10.4,1003.4,0.3,0.7,4,1503.0,0
2019-10-04 12:22:00,3,50,21.3,76,10.4,1003.5,0.3,0.7,10,1503.0,0
2019-10-04 12:25:00,3,50,21.3,76,10.4,1003.4,0.7,1.0,0,1503.0,0
2019-10-04 12:28:00,3,50,21.3,76,10.3,1003.4,0.7,1.0,2,1503.0,0
2019-10-04 12:31:00,3,50,21.3,76,10.3,1003.4,0,0.7,14,1503.0,0
2019-10-04 12:34:00,3,50,21.3,77,10.2,1003.3,0,0.3,6,1503.3,0
2019-10-04 12:37:00,3,50,21.3,78,10.1,1003.3,0.3,0.7,2,1503.3,0
2019-10-04 12:40:00,3,50,21.4,79,10.0,1003.2,0.3,0.7,10,1503.3,0
2019-10-04 12:43:00,3,50,21.4,80,10.0,1003.2,0,0,0,1503.3,0
2019-10-04 12:46:00,3,50,21.4,80,10.0,1003.2,0,0.3,2,1503.3,0
2019-10-04 12:49:00,3,50,21.4,81,10.0,1003.1,0,0.3,8,1503.3,0
2019-10-04 12:52:00,3,50,21.4,82,10.1,1003.1,0.3,0.7,8,1503.3,0
2019-10-04 12:55:00,3,50,21.5,82,10.1,1003.1,0,0.3,14,1503.3,0
2019-10-04 12:58:00,3,50,21.5,83,10.2,1003.1,0,0.3,14,1503.3,0
2019-10-04 13:01:00,3,50,21.5,83,10.3,1002.9,0,0,0,1503.3,0
2019-10-04 13:04:00,3,50,21.5,83,10.3,1002.9,0.7,1.0,4,1503.3,0
2019-10-04 13:07:00,3,50,21.5,83,10.4,1002.9,0.7,0.7,4,1503.3,0
2019-10-04 13:10:00,3,50,21.5,84,10.5,1003.0,1.0,1.4,4,1503.3,0
2019-10-04 13:13:00,3,50,21.5,84,10.6,1002.9,0.3,0.7,4,1503.3,0
2019-10-04 13:16:00,3,50,21.5,84,10.8,1002.8,0.7,0.7,2,1503.3,0
2019-10-04 13:19:00,3,50,21.5,84,10.9,1002.7,1.0,1.7,3,1503.3,0
2019-10-04 13:22:00,3,50,21.5,83,10.9,1002.8,1.4,2.0,4,1503.3,0
2019-10-04 13:25:00,3,50,21.5,82,10.9,1002.6,1.4,1.7,4,1503.3,0
2019-10-04 13:28:00,3,50,21.5,81,10.9,1002.6,0.7,1.4,4,1503.3,0
2019-10-04 13:31:00,3,50,21.5,81,11.0,1002.5,0.3,0.7,10,1503.3,0
2019-10-04 13:34:00,3,50,21.5,81,11.0,1002.5,0,0.3,5,1503.3,0
2019-10-04 13:37:00,3,50,21.5,81,11.1,1002.5,0.7,1.0,2,1503.3,0
2019-10-04 13:40:00,3,50,21.5,80,11.1,1002.5,2.0,3.1,4,1503.3,0
2019-10-04 13:43:00,3,50,21.5,80,11.0,1002.6,1.0,1.4,2,1503.3,0
2019-10-04 13:46:00,3,50,21.5,80,11.0,1002.4,0.3,0.7,2,1503.3,0
2019-10-04 13:49:00,3,50,21.5,79,11.0,1002.5,1.4,2.0,4,1503.3,0
2019-10-04 13:52:00,3,50,21.5,79,11.0,1002.4,0.3,0.7,4,1503.3,0
2019-10-04 13:55:00,3,50,21.5,79,11.0,1002.4,0.7,1.0,6,1503.3,0
2019-10-04 13:58:00,3,50,21.5,79,11.0,1002.4,1.0,1.4,4,1503.3,0
2019-10-04 14:01:00,3,50,21.5,79,11.1,1002.5,0,0,0,1503.3,0
2019-10-04 14:04:00,3,50,21.5,79,11.1,1002.5,0,0,0,1503.3,0
2019-10-04 14:07:00,3,50,21.5,80,11.2,1002.4,0,0.3,0,1503.3,0
2019-10-04 14:10:00,3,50,21.5,80,11.3,1002.4,0.7,1.4,3,1503.3,0
2019-10-04 14:13:00,3,50,21.5,80,11.3,1002.4,0.3,0.7,4,1503.3,0
2019-10-04 14:16:00,3,50,21.5,80,11.3,1002.2,1.0,1.4,2,1503.3,0
2019-10-04 14:19:00,3,50,21.5,79,11.3,1002.2,1.0,1.4,4,1503.3,0
2019-10-04 14:22:00,3,50,21.5,79,11.3,1002.3,0.7,1.4,6,1503.3,0
2019-10-04 14:25:00,3,50,21.5,78,11.2,1002.2,0.7,1.0,4,1503.3,0
2019-10-04 14:28:00,3,50,21.5,78,11.2,1002.2,0,0.3,0,1503.3,0
2019-10-04 14:31:00,3,50,21.5,78,11.2,1002.2,0.7,1.0,2,1503.3,0
2019-10-04 14:34:00,3,50,21.5,79,11.2,1002.2,0.7,1.4,4,1503.3,0
2019-10-04 14:37:00,3,50,21.5,79,11.1,1002.1,0.7,1.0,4,1503.3,0
2019-10-04 14:40:00,3,50,21.5,79,11.1,1002.1,0.3,0.7,0,1503.3,0
2019-10-04 14:43:00,3,50,21.5,79,11.0,1002.0,0,0,8,1503.3,0
2019-10-04 14:46:00,3,50,21.5,79,11.0,1002.1,0.7,1.0,8,1503.3,0
2019-10-04 14:49:00,3,50,21.5,78,10.9,1002.0,0.7,1.0,4,1503.3,0
2019-10-04 14:52:00,3,50,21.5,79,10.9,1002.1,0,0,0,1503.3,0
2019-10-04 14:55:00,3,50,21.5,79,10.8,1002.1,0,0,0,1503.3,0
2019-10-04 14:58:00,3,50,21.5,80,10.8,1002.0,0,0,0,1503.3,0
2019-10-04 15:01:00,3,50,21.5,80,10.8,1002.0,0.3,0.7,0,1503.3,0
2019-10-04 15:04:00,3,50,21.5,80,10.7,1002.0,0,0,0,1503.3,0
2019-10-04 15:07:00,3,50,21.5,81,10.7,1001.9,0,0,0,1503.3,0
2019-10-04 15:10:00,3,50,21.5,81,10.7,1001.9,0,0,2,1503.6,0
2019-10-04 15:13:00,3,50,21.5,81,10.6,1001.9,0,0,14,1503.6,0
2019-10-04 15:16:00,3,50,21.5,82,10.6,1001.9,0.3,0.7,0,1503.6,0
2019-10-04 15:19:00,3,50,21.5,82,10.5,1001.9,0.3,0.7,4,1503.6,0
2019-10-04 15:22:00,3,50,21.5,83,10.5,1001.8,0,0,2,1503.6,0
2019-10-04 15:25:00,3,50,21.5,83,10.4,1001.8,0,0,0,1503.6,0
2019-10-04 15:28:00,3,50,21.5,84,10.4,1001.8,0,0,2,1503.6,0
2019-10-04 15:31:00,3,50,21.5,84,10.4,1001.8,0,0,0,1503.6,0
2019-10-04 15:34:00,3,50,21.5,84,10.3,1001.9,0.3,0.7,2,1503.6,0
2019-10-04 15:37:00,3,50,21.5,85,10.3,1001.8,0,0,2,1503.6,0
2019-10-04 15:40:00,3,50,21.5,85,10.3,1001.8,0,0,0,1503.6,0
2019-10-04 15:43:00,3,50,21.5,86,10.2,1001.8,0,0,4,1503.6,0
2019-10-04 15:46:00,3,50,21.5,86,10.2,1001.9,0,0.3,4,1503.6,0
2019-10-04 15:49:00,3,50,21.5,86,10.2,1001.9,0,0,2,1503.6,0
2019-10-04 15:52:00,3,50,21.5,87,10.2,1001.8,0,0,0,1503.6,0
2019-10-04 15:55:00,3,50,21.5,87,10.1,1001.8,0,0.3,2,1503.6,0
2019-10-04 15:58:00,3,50,21.5,88,10.1,1001.9,0,0,2,1503.6,0
2019-10-04 16:01:00,3,50,21.5,88,10.0,1001.9,0,0,2,1503.6,0
2019-10-04 16:04:00,3,50,21.5,88,10.0,1001.8,0,0,2,1503.6,0
2019-10-04 16:07:00,3,50,21.5,89,10.0,1001.8,0,0.3,12,1503.9,0
2019-10-04 16:10:00,3,50,21.5,89,9.9,1001.9,0,0,14,1503.9,0
2019-10-04 16:13:00,3,50,21.5,89,9.9,1001.8,0,0,14,1503.9,0
2019-10-04 16:16:00,3,50,21.5,89,9.8,1001.7,0,0,4,1503.9,0
2019-10-04 16:19:00,3,50,21.5,90,9.8,1001.8,0.7,0.7,2,1503.9,0
2019-10-04 16:22:00,3,50,21.5,90,9.8,1001.8,0,0.3,0,1503.9,0
2019-10-04 16:25:00,3,50,21.5,90,9.8,1001.9,0.3,0.7,0,1503.9,0
2019-10-04 16:28:00,3,50,21.5,90,9.8,1001.8,0.3,0.7,4,1503.9,0
2019-10-04 16:31:00,3,50,21.5,91,9.7,1001.8,0,0.3,0,1503.9,0
2019-10-04 16:34:00,3,50,21.5,91,9.7,1001.8,0.3,0.3,0,1503.9,0
2019-10-04 16:37:00,3,50,21.5,91,9.7,1001.7,0.3,0.7,0,1504.2,0
2019-10-04 16:40:00,3,50,21.5,91,9.6,1001.7,0,0,0,1504.2,0
2019-10-04 16:43:00,3,50,21.5,91,9.6,1001.8,0,0.3,0,1504.2,0
2019-10-04 16:46:00,3,50,21.5,92,9.6,1001.7,0,0,2,1504.2,0
2019-10-04 16:49:00,3,50,21.5,92,9.5,1001.7,0.3,0.7,2,1504.2,0
2019-10-04 16:52:00,3,50,21.5,92,9.5,1001.7,0.3,0.7,0,1504.2,0
2019-10-04 16:55:00,3,50,21.6,92,9.5,1001.7,0.3,0.7,2,1504.2,0
2019-10-04 16:58:00,3,50,21.6,92,9.5,1001.7,0,0.3,2,1504.2,0
2019-10-04 17:01:00,3,50,21.6,93,9.5,1001.6,0.3,1.0,2,1504.2,0
2019-10-04 17:04:00,3,50,21.6,93,9.4,1001.6,0,0,6,1504.2,0
2019-10-04 17:07:00,3,50,21.6,93,9.4,1001.6,1.0,1.7,2,1504.2,0
2019-10-04 17:10:00,3,50,21.6,93,9.4,1001.6,0.3,0.7,0,1504.2,0
2019-10-04 17:13:00,3,50,21.6,93,9.4,1001.6,0,0.3,1,1504.2,0
2019-10-04 17:16:00,3,50,21.6,93,9.4,1001.5,0.7,1.0,0,1504.2,0
2019-10-04 17:19:00,3,50,21.6,94,9.4,1001.5,1.0,1.7,0,1504.2,0
2019-10-04 17:22:00,3,50,21.6,94,9.3,1001.7,0.3,1.0,4,1504.2,0
2019-10-04 17:25:00,3,50,21.6,94,9.3,1001.7,0.7,0.7,8,1504.2,0
2019-10-04 17:28:00,3,50,21.6,94,9.3,1001.9,0,0.3,8,1504.2,0
2019-10-04 17:31:00,3,50,21.6,94,9.3,1001.9,0.7,1.0,4,1504.2,0
2019-10-04 17:34:00,3,50,21.6,94,9.3,1001.9,0,0,10,1504.2,0
2019-10-04 17:37:00,3,50,21.6,94,9.3,1001.9,0,0.3,8,1504.2,0
2019-10-04 17:40:00,3,50,21.6,94,9.2,1001.9,0.7,0.7,4,1504.5,0
2019-10-04 17:43:00,3,50,21.6,95,9.2,1001.9,0.3,0.7,8,1504.5,0
2019-10-04 17:46:00,3,50,21.6,95,9.2,1001.8,0,0,4,1504.5,0
2019-10-04 17:49:00,3,50,21.6,95,9.2,1001.8,0.3,0.7,4,1504.5,0
2019-10-04 17:52:00,3,50,21.6,95,9.2,1001.8,0,0,0,1504.8,0
2019-10-04 17:55:00,3,50,21.6,95,9.1,1001.8,0.3,0.7,1,1504.8,0
2019-10-04 17:58:00,3,50,21.6,95,9.1,1001.8,0.7,1.0,2,1504.8,0
2019-10-04 18:01:00,3,50,21.6,95,9.1,1001.8,0,0.7,4,1504.8,0
2019-10-04 18:04:00,3,50,21.6,95,9.1,1001.9,0,0.7,4,1504.8,0
2019-10-04 18:07:00,3,50,21.6,95,9.1,1001.8,0,0,10,1505.1,0
2019-10-04 18:10:00,3,50,21.6,95,9.0,1001.8,0,0.3,4,1505.1,0
2019-10-04 18:13:00,3,50,21.6,95,9.0,1001.7,0,0.3,6,1505.1,0
2019-10-04 18:16:00,3,50,21.6,95,9.1,1001.8,0,0,2,1505.1,0
2019-10-04 18:19:00,3,50,21.6,95,9.1,1001.7,0,0,4,1505.4,0
2019-10-04 18:22:00,3,50,21.6,95,9.1,1001.8,0,0,2,1505.4,0
2019-10-04 18:25:00,3,50,21.6,95,9.1,1001.7,0,0,2,1505.4,0
2019-10-04 18:28:00,3,50,21.6,95,9.1,1001.7,0,0,0,1505.4,0
2019-10-04 18:31:00,3,50,21.6,95,9.1,1001.6,0.7,1.0,4,1505.4,0
2019-10-04 18:34:00,3,50,21.6,95,9.1,1001.5,0.7,1.0,4,1505.7,0
2019-10-04 18:37:00,3,50,21.6,95,9.1,1001.6,0,0,2,1505.7,0
2019-10-04 18:40:00,3,50,21.6,95,9.1,1001.6,0.7,1.4,2,1505.7,0
2019-10-04 18:43:00,3,50,21.6,96,9.1,1001.5,0.7,1.0,2,1505.7,0
2019-10-04 18:46:00,3,50,21.6,96,9.1,1001.4,0.3,1.0,2,1505.7,0
2019-10-04 18:49:00,3,50,21.6,96,9.1,1001.5,0,0.7,4,1505.7,0
2019-10-04 18:52:00,3,50,21.6,96,9.1,1001.5,0.3,0.7,4,1505.7,0
2019-10-04 18:55:00,3,50,21.6,96,9.1,1001.6,0.7,1.0,12,1505.7,0
2019-10-04 18:58:00,3,50,21.6,96,9.1,1001.5,0.3,0.7,2,1505.7,0
2019-10-04 19:01:00,3,50,21.6,96,9.0,1001.4,0,0.3,14,1505.7,0
2019-10-04 19:04:00,3,50,21.6,96,9.0,1001.5,1.0,1.7,1,1505.7,0
2019-10-04 19:07:00,3,50,21.6,96,9.0,1001.4,0,0,4,1505.7,0
2019-10-04 19:10:00,3,50,21.6,96,9.0,1001.5,0,0.3,2,1505.7,0
2019-10-04 19:13:00,3,50,21.6,96,9.0,1001.5,0,0,0,1505.7,0
2019-10-04 19:16:00,3,50,21.6,96,8.9,1001.5,0,0,14,1506.0,0
2019-10-04 19:19:00,3,50,21.6,96,8.9,1001.4,0,0,0,1506.0,0
2019-10-04 19:22:00,3,50,21.6,96,8.9,1001.4,0,0,2,1506.0,0
2019-10-04 19:25:00,3,50,21.6,96,8.9,1001.4,0,0,2,1506.0,0
2019-10-04 19:28:00,3,50,21.6,97,8.9,1001.4,0,0,0,1506.0,0
2019-10-04 19:31:00,3,50,21.6,97,8.9,1001.4,0,0,0,1506.0,0
2019-10-04 19:34:00,3,50,21.6,97,8.9,1001.4,0,0,2,1506.0,0
2019-10-04 19:37:00,3,50,21.6,97,8.9,1001.3,0,0,2,1506.0,0
2019-10-04 19:40:00,3,50,21.6,97,8.9,1001.5,0,0,2,1506.0,0
2019-10-04 19:43:00,3,50,21.6,97,8.9,1001.4,0,0,2,1506.0,0
2019-10-04 19:46:00,3,50,21.6,97,8.9,1001.4,0,0,12,1506.0,0
2019-10-04 19:49:00,3,50,21.6,97,8.8,1001.4,0,0,2,1506.0,0
2019-10-04 19:52:00,3,50,21.6,97,8.8,1001.4,0,0,4,1506.0,0
2019-10-04 19:55:00,3,50,21.6,97,8.8,1001.4,0,0,0,1506.0,0
2019-10-04 19:58:00,3,50,21.6,97,8.8,1001.3,0,0,2,1506.0,0
2019-10-04 20:01:00,3,50,21.6,97,8.8,1001.2,0,0.3,2,1506.0,0
2019-10-04 20:04:00,3,50,21.6,97,8.8,1001.3,0,0.3,2,1506.0,0
2019-10-04 20:07:00,3,50,21.6,97,8.8,1001.4,0.3,0.7,0,1506.3,0
2019-10-04 20:10:00,3,50,21.6,97,8.8,1001.2,0,0,2,1506.3,0
2019-10-04 20:13:00,3,50,21.6,97,8.7,1001.2,0.7,1.0,4,1506.3,0
2019-10-04 20:16:00,3,50,21.6,97,8.7,1001.2,0.7,1.0,2,1506.3,0
2019-10-04 20:19:00,3,50,21.6,97,8.7,1001.2,0.3,0.7,2,1506.3,0
2019-10-04 20:22:00,3,50,21.6,97,8.7,1001.1,0,0.3,2,1506.3,0
2019-10-04 20:25:00,3,50,21.6,97,8.7,1001.2,0.3,0.7,4,1506.3,0
2019-10-04 20:28:00,3,50,21.6,97,8.7,1001.1,0,0,2,1506.3,0
2019-10-04 20:31:00,3,50,21.6,97,8.7,1001.2,0,0,2,1506.3,0
2019-10-04 20:34:00,3,50,21.6,97,8.7,1001.1,0,0,0,1506.3,0
2019-10-04 20:37:00,3,50,21.6,97,8.7,1001.0,0,0.3,2,1506.3,0
2019-10-04 20:40:00,3,50,21.6,98,8.7,1001.1,0,0.3,0,1506.3,0
2019-10-04 20:43:00,3,50,21.6,98,8.7,1001.1,0,0,2,1506.3,0
2019-10-04 20:46:00,3,50,21.6,98,8.7,1001.0,0,0,0,1506.6,0
2019-10-04 20:49:00,3,50,21.6,98,8.7,1001.1,0,0,0,1506.6,0
2019-10-04 20:52:00,3,50,21.5,98,8.7,1001.0,0,0,4,1506.6,0
2019-10-04 20:55:00,3,50,21.5,98,8.7,1001.0,0,0,2,1506.6,0
2019-10-04 20:58:00,3,50,21.5,98,8.7,1001.1,0,0,0,1506.6,0
2019-10-04 21:01:00,3,50,21.5,98,8.7,1001.0,0,0,0,1506.6,0
2019-10-04 21:04:00,3,50,21.5,98,8.7,1001.1,0.3,0.7,2,1506.6,0
2019-10-04 21:07:00,3,50,21.5,98,8.7,1001.1,0,0,0,1506.6,0
2019-10-04 21:10:00,3,50,21.5,98,8.7,1001.1,0,0.3,0,1506.9,0
2019-10-04 21:13:00,3,50,21.5,98,8.7,1001.0,0.3,1.0,0,1506.9,0
2019-10-04 21:16:00,3,50,21.5,98,8.7,1001.0,0,0.3,0,1506.9,0
2019-10-04 21:19:00,3,50,21.5,98,8.7,1001.1,0.3,1.0,0,1506.9,0
2019-10-04 21:22:00,3,50,21.5,98,8.7,1001.0,0.3,0.7,2,1506.9,0
2019-10-04 21:25:00,3,50,21.5,98,8.8,1001.0,0.3,0.7,4,1506.9,0
2019-10-04 21:28:00,3,50,21.5,98,8.8,1000.9,0.3,1.0,4,1506.9,0
2019-10-04 21:31:00,3,50,21.5,98,8.8,1001.0,0,0.3,0,1506.9,0
2019-10-04 21:34:00,3,50,21.4,99,8.8,1000.9,0,0,0,1507.2,0
2019-10-04 21:37:00,3,50,21.4,99,8.8,1001.0,0,0.3,2,1507.2,0
2019-10-04 21:40:00,3,50,21.4,99,8.8,1001.0,0,0.3,0,1507.2,0
2019-10-04 21:43:00,3,50,21.4,99,8.8,1001.0,0.7,1.0,0,1507.2,0
2019-10-04 21:46:00,3,50,21.4,99,8.8,1000.9,0.3,0.7,4,1507.2,0
2019-10-04 21:49:00,3,50,21.3,99,8.8,1001.0,0,0.3,2,1507.5,0
2019-10-04 21:52:00,3,50,21.3,99,8.8,1000.9,0,0.3,2,1507.5,0
2019-10-04 21:55:00,3,50,21.3,99,8.8,1000.8,0.3,0.7,0,1507.5,0
2019-10-04 21:58:00,3,50,21.3,99,8.8,1000.8,0,0.3,0,1507.5,0
2019-10-04 22:01:00,3,50,21.3,99,8.8,1000.9,1.0,1.4,0,1507.5,0
2019-10-04 22:04:00,3,50,21.3,99,8.8,1000.8,1.0,1.4,0,1507.5,0
2019-10-04 22:07:00,3,50,21.3,99,8.8,1000.8,1.0,1.7,0,1507.8,0
2019-10-04 22:10:00,3,50,21.3,99,8.8,1000.8,0.7,1.4,0,1508.1,0
2019-10-04 22:13:00,3,50,21.3,99,8.8,1000.7,0,0,4,1508.1,0
2019-10-04 22:16:00,3,50,21.3,99,8.8,1000.8,0.7,1.0,0,1508.1,0
2019-10-04 22:19:00,3,50,21.3,99,8.8,1000.7,0.3,0.7,0,1508.1,0
2019-10-04 22:22:00,3,50,21.3,99,8.7,1000.8,0.3,0.7,2,1508.1,0
2019-10-04 22:25:00,3,50,21.2,99,8.7,1000.8,0.3,0.7,4,1508.4,0
2019-10-04 22:28:00,3,50,21.2,99,8.7,1000.8,0.3,0.7,2,1508.4,0
2019-10-04 22:31:00,3,50,21.2,99,8.7,1000.8,0,0.3,0,1508.4,0
2019-10-04 22:34:00,3,50,21.2,99,8.7,1000.7,0.3,0.7,0,1508.4,0
2019-10-04 22:37:00,3,50,21.2,99,8.6,1000.7,0.3,1.0,2,1508.7,0
2019-10-04 22:40:00,3,50,21.2,99,8.6,1000.8,1.0,1.7,4,1508.7,0
2019-10-04 22:43:00,3,50,21.2,99,8.6,1000.7,0.3,0.7,4,1508.7,0
2019-10-04 22:46:00,3,50,21.2,99,8.6,1000.8,0,0.7,0,1509.0,0
2019-10-04 22:49:00,3,50,21.2,99,8.6,1000.6,0,0,3,1509.0,0
2019-10-04 22:52:00,3,50,21.2,99,8.6,1000.8,0,0,4,1509.3,0
2019-10-04 22:55:00,3,50,21.2,99,8.6,1000.7,0.3,0.7,4,1509.3,0
2019-10-04 22:58:00,3,50,21.1,99,8.6,1000.7,0,0,0,1509.3,0
2019-10-04 23:01:00,3,50,21.1,99,8.6,1000.6,0,0.3,0,1509.6,0
2019-10-04 23:04:00,3,50,21.1,99,8.6,1000.7,0.7,1.0,2,1509.6,0
2019-10-04 23:07:00,3,50,21.1,99,8.6,1000.7,0.7,1.0,0,1509.6,0
2019-10-04 23:10:00,3,50,21.1,99,8.5,1000.6,0.3,0.7,0,1509.6,0
2019-10-04 23:13:00,3,50,21.1,99,8.5,1000.7,0.3,1.0,0,1509.6,0
2019-10-04 23:16:00,3,50,21.1,99,8.5,1000.6,0.3,0.7,14,1509.6,0
2019-10-04 23:19:00,3,50,21.0,99,8.5,1000.6,0.3,0.7,0,1509.6,0
2019-10-04 23:22:00,3,50,21.1,99,8.5,1000.6,0.7,1.4,0,1509.9,0
2019-10-04 23:25:00,3,50,21.0,99,8.5,1000.6,0,0,2,1509.9,0
2019-10-04 23:28:00,3,50,21.0,99,8.5,1000.7,1.7,2.0,2,1509.9,0
2019-10-04 23:31:00,3,50,21.0,99,8.5,1000.6,0.7,1.0,0,1510.2,0
2019-10-04 23:34:00,3,50,21.0,99,8.5,1000.6,0.7,1.4,0,1510.2,0
2019-10-04 23:37:00,3,50,21.0,99,8.5,1000.5,0,0,2,1510.2,0
2019-10-04 23:40:00,3,50,21.0,99,8.5,1000.5,0.7,1.0,0,1510.2,0
2019-10-04 23:43:00,3,50,21.0,99,8.5,1000.5,1.4,2.0,0,1510.5,0
2019-10-04 23:46:00,3,51,20.9,99,8.5,1000.3,1.4,2.0,2,1510.5,0
2019-10-04 23:49:00,3,51,20.9,99,8.5,1000.4,0,0.3,0,1510.5,0
2019-10-04 23:52:00,3,51,20.9,99,8.5,1000.5,0.7,1.0,2,1510.5,0
2019-10-04 23:55:00,3,51,20.9,99,8.5,1000.5,1.4,2.0,0,1510.8,0
2019-10-04 23:58:00,3,51,20.9,99,8.5,1000.6,1.0,1.4,2,1510.8,0
