2019-10-19 00:01:00,3,54,21.6,85,7.9,1005.4,0,0,0,1533.9,0
2019-10-19 00:04:00,3,54,21.6,85,7.9,1005.4,0,0,0,1533.9,0
2019-10-19 00:07:00,3,54,21.6,85,8.1,1005.4,0,0,15,1533.9,0
2019-10-19 00:10:00,3,54,21.6,85,8.1,1005.5,0,0,4,1533.9,0
2019-10-19 00:13:00,3,54,21.6,86,8.1,1005.6,0,0,10,1533.9,0
2019-10-19 00:16:00,3,54,21.6,86,8.1,1005.6,0,0,8,1533.9,0
2019-10-19 00:19:00,3,54,21.6,86,8.1,1005.5,0,0,1,1533.9,0
2019-10-19 00:22:00,3,54,21.6,86,8.1,1005.5,0,0,2,1533.9,0
2019-10-19 00:25:00,3,54,21.6,86,8.1,1005.4,0,0,2,1533.9,0
2019-10-19 00:28:00,3,54,21.5,86,8.1,1005.4,0,0,0,1533.9,0
2019-10-19 00:31:00,3,54,21.5,86,8.1,1005.4,0,0,0,1533.9,0
2019-10-19 00:34:00,3,54,21.5,86,8.1,1005.4,0,0,0,1533.9,0
2019-10-19 00:37:00,3,54,21.5,86,8.1,1005.4,0,0,0,1533.9,0
2019-10-19 00:40:00,3,54,21.5,86,8.1,1005.3,0,0,0,1533.9,0
2019-10-19 00:43:00,3,54,21.5,86,8.1,1005.3,0,0,0,1533.9,0
2019-10-19 00:46:00,3,53,21.5,86,8.1,1005.3,0,0,2,1533.9,0
2019-10-19 00:49:00,3,53,21.5,87,8.0,1005.2,0,0,2,1533.9,0
2019-10-19 00:52:00,3,53,21.5,87,7.9,1005.2,0,0,2,1533.9,0
2019-10-19 00:55:00,3,53,21.5,87,7.9,1005.3,0,0,2,1533.9,0
2019-10-19 00:58:00,3,53,21.4,87,7.9,1005.2,0,0,2,1533.9,0
2019-10-19 01:01:00,3,53,21.4,87,7.8,1005.2,0,0,2,1533.9,0
2019-10-19 01:04:00,3,53,21.4,87,7.8,1005.2,0,0,2,1533.9,0
2019-10-19 01:07:00,3,53,21.3,87,7.8,1005.1,0,0,2,1533.9,0
2019-10-19 01:10:00,3,53,21.3,87,7.8,1005.1,0,0,2,1533.9,0
2019-10-19 01:13:00,3,53,21.3,87,7.8,1005.2,0,0,2,1533.9,0
2019-10-19 01:16:00,3,53,21.3,87,7.8,1005.0,0,0,2,1533.9,0
2019-10-19 01:19:00,3,53,21.3,87,7.7,1005.1,0,0,2,1533.9,0
2019-10-19 01:22:00,3,53,21.3,87,7.7,1005.1,0,0,2,1533.9,0
2019-10-19 01:25:00,3,53,21.3,87,7.7,1005.1,0,0,4,1533.9,0
2019-10-19 01:28:00,3,53,21.3,87,7.7,1005.1,0,0,4,1533.9,0
2019-10-19 01:31:00,3,53,21.3,87,7.7,1005.1,0,0,4,1533.9,0
2019-10-19 01:34:00,3,53,21.2,87,7.7,1005.1,0,0,4,1533.9,0
2019-10-19 01:37:00,3,53,21.2,87,7.7,1005.1,0,0,4,1533.9,0
2019-10-19 01:40:00,3,53,21.2,87,7.7,1005.0,0,0,4,1533.9,0
2019-10-19 01:43:00,3,53,21.2,87,7.7,1005.1,0,0,4,1533.9,0
2019-10-19 01:46:00,3,53,21.2,87,7.7,1004.9,0,0,0,1533.9,0
2019-10-19 01:49:00,3,53,21.2,87,7.7,1004.9,0,0,0,1533.9,0
2019-10-19 01:52:00,3,53,21.2,87,7.8,1004.9,0,0,0,1533.9,0
2019-10-19 01:55:00,3,53,21.2,87,7.8,1005.0,0,0,2,1533.9,0
2019-10-19 01:58:00,3,53,21.2,88,7.8,1005.0,0,0,4,1533.9,0
2019-10-19 02:01:00,3,53,21.2,88,7.8,1005.1,0,0,4,1533.9,0
2019-10-19 02:04:00,3,53,21.2,88,7.8,1005.1,0,0,4,1533.9,0
2019-10-19 02:07:00,3,53,21.1,88,7.9,1005.0,0,0,14,1533.9,0
2019-10-19 02:10:00,3,53,21.1,88,7.9,1004.9,0,0,4,1533.9,0
2019-10-19 02:13:00,3,53,21.1,88,7.9,1005.1,0,0,4,1533.9,0
2019-10-19 02:16:00,3,53,21.1,88,7.9,1005.2,0,0,4,1533.9,0
2019-10-19 02:19:00,3,53,21.1,88,7.9,1005.2,0,0,4,1533.9,0
2019-10-19 02:22:00,3,53,21.1,88,7.9,1005.3,0,0,4,1533.9,0
2019-10-19 02:25:00,3,53,21.1,88,8.0,1005.1,0,0,0,1533.9,0
2019-10-19 02:28:00,3,53,21.1,88,8.0,1005.0,0,0,0,1533.9,0
2019-10-19 02:31:00,3,53,21.1,88,8.0,1005.1,0,0,0,1533.9,0
2019-10-19 02:34:00,3,53,21.1,88,8.0,1005.1,0,0,0,1533.9,0
2019-10-19 02:37:00,3,53,21.0,89,8.0,1005.1,0,0,0,1533.9,0
2019-10-19 02:40:00,3,53,21.0,89,8.1,1005.1,0,0,10,1533.9,0
2019-10-19 02:43:00,3,53,21.0,89,8.1,1005.1,0,0,14,1533.9,0
2019-10-19 02:46:00,3,53,21.0,89,8.1,1005.1,0,0,2,1533.9,0
2019-10-19 02:49:00,3,53,21.0,89,8.2,1005.2,0,0,4,1533.9,0
2019-10-19 02:52:00,3,53,21.0,89,8.3,1005.2,0,0,4,1533.9,0
2019-10-19 02:55:00,3,54,20.9,89,8.3,1005.1,0,0,0,1533.9,0
2019-10-19 02:58:00,3,54,20.9,89,8.4,1005.0,0,0,0,1533.9,0
2019-10-19 03:01:00,3,54,20.9,89,8.4,1004.9,0,0,0,1533.9,0
2019-10-19 03:04:00,3,54,20.9,89,8.4,1004.9,0,0,0,1533.9,0
2019-10-19 03:07:00,3,54,20.9,89,8.4,1004.9,0,0,4,1533.9,0
2019-10-19 03:10:00,3,54,20.9,90,8.4,1005.0,0,0,0,1533.9,0
2019-10-19 03:13:00,3,54,20.9,90,8.4,1005.0,0,0,0,1533.9,0
2019-10-19 03:16:00,3,54,20.9,90,8.4,1004.9,0,0,0,1533.9,0
2019-10-19 03:19:00,3,54,20.9,90,8.3,1004.9,0,0,0,1533.9,0
2019-10-19 03:22:00,3,54,20.9,90,8.3,1004.9,0,0,0,1533.9,0
2019-10-19 03:25:00,3,54,20.9,90,8.3,1005.0,0,0,0,1533.9,0
2019-10-19 03:28:00,3,54,20.8,90,8.3,1005.0,0,0,0,1533.9,0
2019-10-19 03:31:00,3,54,20.8,90,8.3,1004.9,0,0,0,1533.9,0
2019-10-19 03:34:00,3,54,20.8,90,8.3,1004.8,0,0,0,1533.9,0
2019-10-19 03:37:00,3,54,20.8,90,8.3,1004.8,0,0,0,1533.9,0
2019-10-19 03:40:00,3,54,20.7,90,8.3,1004.8,0,0,0,1533.9,0
2019-10-19 03:43:00,3,54,20.7,90,8.3,1004.8,0,0,0,1533.9,0
2019-10-19 03:46:00,3,54,20.7,90,8.2,1004.8,0,0,0,1533.9,0
2019-10-19 03:49:00,3,54,20.7,90,8.2,1004.9,0,0,0,1533.9,0
2019-10-19 03:52:00,3,54,20.7,90,8.3,1004.8,0,0,0,1533.9,0
2019-10-19 03:55:00,3,54,20.7,90,8.3,1004.8,0,0,2,1533.9,0
2019-10-19 03:58:00,3,54,20.7,90,8.3,1004.7,0,0,2,1533.9,0
2019-10-19 04:01:00,3,54,20.7,90,8.3,1004.8,0,0,2,1533.9,0
2019-10-19 04:04:00,3,54,20.7,90,8.3,1004.9,0,0,2,1533.9,0
2019-10-19 04:07:00,3,54,20.7,90,8.4,1004.8,0,0,2,1533.9,0
2019-10-19 04:10:00,3,54,20.7,90,8.4,1004.8,0,0,14,1533.9,0
2019-10-19 04:13:00,3,54,20.7,90,8.4,1004.9,0,0.3,4,1533.9,0
2019-10-19 04:16:00,3,54,20.7,90,8.5,1004.8,0,0,0,1533.9,0
2019-10-19 04:19:00,3,54,20.7,90,8.5,1004.8,0,0.3,0,1533.9,0
2019-10-19 04:22:00,3,54,20.7,90,8.5,1004.6,0,0.3,12,1533.9,0
2019-10-19 04:25:00,3,54,20.9,90,8.6,1004.8,0,0,0,1533.9,0
2019-10-19 04:28:00,3,54,20.9,90,8.6,1004.8,0,0.3,4,1533.9,0
2019-10-19 04:31:00,3,54,20.9,90,8.7,1004.8,0.3,0.7,2,1533.9,0
2019-10-19 04:34:00,3,54,20.9,90,8.7,1004.8,0,0.3,2,1533.9,0
2019-10-19 04:37:00,3,54,20.9,90,8.8,1004.8,0.3,1.0,4,1533.9,0
2019-10-19 04:40:00,3,53,20.9,90,8.8,1004.7,0.3,0.7,0,1533.9,0
2019-10-19 04:43:00,3,53,20.9,90,8.9,1004.6,0,0.3,14,1533.9,0
2019-10-19 04:46:00,3,52,21.0,90,8.9,1004.7,0,0,0,1533.9,0
2019-10-19 04:49:00,3,52,21.0,90,9.0,1004.7,0,0.3,10,1533.9,0
2019-10-19 04:52:00,3,52,21.0,90,9.0,1004.7,0.3,0.7,12,1533.9,0
2019-10-19 04:55:00,3,52,21.0,90,9.0,1004.7,0.7,1.0,11,1533.9,0
2019-10-19 04:58:00,3,52,21.0,90,9.1,1004.9,0.3,0.7,14,1533.9,0
2019-10-19 05:01:00,3,52,21.1,90,9.2,1004.8,0.3,0.7,0,1533.9,0
2019-10-19 05:04:00,3,52,21.1,89,9.2,1004.9,0,0,2,1533.9,0
2019-10-19 05:07:00,3,52,21.1,89,9.2,1004.8,0.3,1.0,0,1533.9,0
2019-10-19 05:10:00,3,52,21.1,89,9.3,1004.7,0.3,0.7,14,1533.9,0
2019-10-19 05:13:00,3,52,21.1,88,9.3,1004.9,0.7,1.0,4,1533.9,0
2019-10-19 05:16:00,3,52,21.1,88,9.3,1004.8,0,0.3,4,1533.9,0
2019-10-19 05:19:00,3,52,21.1,88,9.3,1004.7,0.3,0.7,12,1533.9,0
2019-10-19 05:22:00,3,52,21.1,87,9.3,1004.8,0.3,0.7,14,1533.9,0
2019-10-19 05:25:00,3,52,21.1,87,9.3,1004.8,0.3,0.7,6,1533.9,0
2019-10-19 05:28:00,3,52,21.2,87,9.3,1004.9,0,0.3,8,1533.9,0
2019-10-19 05:31:00,3,52,21.2,86,9.4,1005.0,0,0,4,1533.9,0
2019-10-19 05:34:00,3,52,21.2,86,9.4,1005.0,0,0,2,1533.9,0
2019-10-19 05:37:00,3,52,21.2,86,9.4,1005.0,0,0,4,1533.9,0
2019-10-19 05:40:00,3,52,21.2,85,9.4,1005.0,0,0,2,1533.9,0
2019-10-19 05:43:00,3,52,21.2,85,9.4,1005.1,0,0,14,1533.9,0
2019-10-19 05:46:00,3,52,21.2,85,9.4,1004.9,0,0,2,1533.9,0
2019-10-19 05:49:00,3,52,21.4,85,9.4,1005.2,0,0,2,1533.9,0
2019-10-19 05:52:00,3,52,21.6,85,9.4,1005.0,0,0,2,1533.9,0
2019-10-19 05:55:00,3,52,21.7,85,9.4,1005.0,0,0,2,1533.9,0
2019-10-19 05:58:00,3,51,21.8,84,9.4,1004.9,0,0,6,1533.9,0
2019-10-19 06:01:00,3,51,21.9,84,9.4,1005.0,0,0,1,1533.9,0
2019-10-19 06:04:00,3,50,22.1,84,9.4,1005.1,0,0,1,1533.9,0
2019-10-19 06:07:00,3,49,22.2,84,9.5,1005.1,0,0,10,1533.9,0
2019-10-19 06:10:00,3,49,22.2,84,9.5,1005.1,0,0,8,1533.9,0
2019-10-19 06:13:00,3,50,22.3,84,9.5,1005.2,0,0,0,1533.9,0
2019-10-19 06:16:00,3,49,22.5,84,9.6,1005.3,0,0,6,1533.9,0
2019-10-19 06:19:00,3,49,22.6,84,9.6,1005.2,0,0,8,1533.9,0
2019-10-19 06:22:00,3,49,22.7,84,9.7,1005.2,0,0,2,1533.9,0
2019-10-19 06:25:00,3,49,22.9,84,9.7,1005.2,0,0,2,1533.9,0
2019-10-19 06:28:00,3,48,23.0,84,9.7,1005.2,0,0,0,1533.9,0
2019-10-19 06:31:00,3,48,23.0,84,9.7,1005.2,0,0,2,1533.9,0
2019-10-19 06:34:00,3,48,23.1,84,9.8,1005.1,0,0,0,1533.9,0
2019-10-19 06:37:00,3,48,23.1,84,9.8,1005.3,0,0,14,1533.9,0
2019-10-19 06:40:00,3,48,23.3,84,9.9,1005.2,0,0,4,1533.9,0
2019-10-19 06:43:00,3,47,23.3,84,9.9,1005.1,0,0,4,1533.9,0
2019-10-19 06:46:00,3,47,23.4,84,9.9,1005.2,0,0,2,1533.9,0
2019-10-19 06:49:00,3,47,23.5,84,10.0,1005.2,0,0,4,1533.9,0
2019-10-19 06:52:00,3,47,23.6,84,10.0,1005.1,0,0,2,1533.9,0
2019-10-19 06:55:00,3,46,23.6,84,10.0,1005.1,0,0,10,1533.9,0
2019-10-19 06:58:00,3,46,23.7,84,10.1,1005.1,0,0,14,1533.9,0
2019-10-19 07:01:00,3,46,23.8,84,10.2,1005.2,0,0,4,1533.9,0
2019-10-19 07:04:00,3,46,23.8,84,10.2,1005.2,0,0,8,1533.9,0
2019-10-19 07:07:00,3,46,23.8,83,10.3,1005.2,0,0,4,1533.9,0
2019-10-19 07:10:00,3,46,23.9,83,10.3,1005.2,0,0,8,1533.9,0
2019-10-19 07:13:00,3,44,24.0,83,10.4,1005.3,0,0,8,1533.9,0
2019-10-19 07:16:00,3,45,24.0,83,10.4,1005.2,0,0,4,1533.9,0
2019-10-19 07:19:00,3,44,24.0,83,10.4,1005.2,0,0,14,1533.9,0
2019-10-19 07:22:00,3,44,24.0,83,10.5,1005.1,0,0.3,1,1533.9,0
2019-10-19 07:25:00,3,44,24.0,82,10.6,1005.2,0,0,14,1533.9,0
2019-10-19 07:28:00,3,44,24.0,82,10.7,1005.2,0,0,8,1533.9,0
2019-10-19 07:31:00,3,44,24.1,82,10.7,1005.2,0,0,14,1533.9,0
2019-10-19 07:34:00,3,44,24.1,82,10.8,1005.3,0,0,8,1533.9,0
2019-10-19 07:37:00,3,44,24.1,82,10.9,1005.3,0,0,8,1533.9,0
2019-10-19 07:40:00,3,44,24.1,82,11.0,1005.3,0,0,8,1533.9,0
2019-10-19 07:43:00,3,44,24.1,82,11.0,1005.3,0,0,12,1533.9,0
2019-10-19 07:46:00,3,44,24.1,81,11.1,1005.4,0,0,12,1533.9,0
2019-10-19 07:49:00,3,44,24.1,81,11.2,1005.3,0,0,2,1533.9,0
2019-10-19 07:52:00,3,44,24.1,81,11.2,1005.3,0,0,6,1533.9,0
2019-10-19 07:55:00,3,44,24.1,80,11.3,1005.3,0,0,6,1533.9,0
2019-10-19 07:58:00,3,44,24.1,80,11.3,1005.2,0,0,6,1533.9,0
2019-10-19 08:01:00,3,43,24.2,80,11.4,1005.3,0,0,10,1533.9,0
2019-10-19 08:04:00,3,43,24.3,80,11.4,1005.2,0,0,10,1533.9,0
2019-10-19 08:07:00,3,43,24.3,80,11.4,1005.3,0,0,10,1533.9,0
2019-10-19 08:10:00,3,43,24.3,80,11.6,1005.3,0,0,4,1533.9,0
2019-10-19 08:13:00,3,43,24.3,80,11.6,1005.2,0,0,8,1533.9,0
2019-10-19 08:16:00,3,43,24.3,80,11.7,1005.2,0,0,8,1533.9,0
2019-10-19 08:19:00,3,44,24.3,79,11.7,1005.2,0,0,8,1533.9,0
2019-10-19 08:22:00,3,43,24.4,79,11.8,1005.1,0,0,6,1533.9,0
2019-10-19 08:25:00,3,43,24.4,79,11.9,1005.1,0,0,8,1533.9,0
2019-10-19 08:28:00,3,43,24.4,79,12.1,1005.1,0,0,8,1533.9,0
2019-10-19 08:31:00,3,43,24.4,79,12.2,1005.1,0,0,4,1533.9,0
2019-10-19 08:34:00,3,43,24.4,76,12.5,1005.1,0,0,8,1533.9,0
2019-10-19 08:37:00,3,43,24.4,74,12.6,1005.0,0,0,10,1533.9,0
2019-10-19 08:40:00,3,43,24.4,74,12.7,1005.0,0,0,4,1533.9,0
2019-10-19 08:43:00,3,43,24.4,73,12.8,1005.1,0,0,10,1533.9,0
2019-10-19 08:46:00,3,43,24.4,73,13.0,1005.0,0,0,10,1533.9,0
2019-10-19 08:49:00,3,43,24.4,72,13.1,1005.0,0,0,10,1533.9,0
2019-10-19 08:52:00,3,43,24.4,72,13.2,1004.9,0,0,8,1533.9,0
2019-10-19 08:55:00,3,43,24.4,72,13.3,1005.0,0,0,6,1533.9,0
2019-10-19 08:58:00,3,43,24.4,72,13.5,1005.1,0.7,1.0,4,1533.9,0
2019-10-19 09:01:00,3,43,24.3,71,13.7,1004.9,1.4,1.7,8,1533.9,0
2019-10-19 09:04:00,3,43,24.2,71,13.8,1005.0,1.0,1.4,10,1533.9,0
2019-10-19 09:07:00,3,44,24.1,71,13.9,1004.9,1.4,2.0,6,1533.9,0
2019-10-19 09:10:00,3,44,24.0,71,14.1,1004.9,1.0,1.7,0,1533.9,0
2019-10-19 09:13:00,3,45,23.8,70,14.6,1004.8,1.4,1.7,6,1533.9,0
2019-10-19 09:16:00,3,46,23.8,69,14.9,1004.8,1.0,1.4,13,1533.9,0
2019-10-19 09:19:00,3,46,23.8,68,15.0,1004.8,1.7,2.4,8,1533.9,0
2019-10-19 09:22:00,3,46,23.8,66,15.0,1004.9,0.3,1.0,10,1533.9,0
2019-10-19 09:25:00,3,46,23.8,66,15.0,1005.0,0,0.3,0,1533.9,0
2019-10-19 09:28:00,3,45,24.0,67,14.9,1004.9,0.7,1.4,4,1533.9,0
2019-10-19 09:31:00,3,44,24.0,67,14.7,1005.0,1.0,1.4,10,1533.9,0
2019-10-19 09:34:00,3,44,24.0,67,14.6,1005.0,2.0,2.7,12,1533.9,0
2019-10-19 09:37:00,3,44,24.1,68,14.6,1005.0,0.3,1.0,4,1533.9,0
2019-10-19 09:40:00,3,44,24.1,70,14.5,1005.0,1.0,1.4,4,1533.9,0
2019-10-19 09:43:00,3,44,24.1,70,14.5,1005.1,1.4,2.0,8,1533.9,0
2019-10-19 09:46:00,3,44,24.2,70,14.4,1005.0,2.0,3.1,8,1533.9,0
2019-10-19 09:49:00,3,44,24.2,70,14.4,1005.0,0.3,1.0,7,1533.9,0
2019-10-19 09:52:00,3,44,24.3,70,14.4,1005.1,1.0,1.7,2,1533.9,0
2019-10-19 09:55:00,3,44,24.3,70,14.4,1005.1,0.7,1.0,4,1533.9,0
2019-10-19 09:58:00,3,44,24.3,70,14.4,1005.0,0.3,1.0,6,1533.9,0
2019-10-19 10:01:00,3,44,24.4,70,14.4,1005.1,0.3,1.0,2,1533.9,0
2019-10-19 10:04:00,3,44,24.4,70,14.4,1005.1,0.3,1.0,2,1533.9,0
2019-10-19 10:07:00,3,44,24.4,70,14.3,1005.0,0.7,1.7,0,1533.9,0
2019-10-19 10:10:00,3,44,24.4,70,14.3,1005.0,0.7,1.0,14,1533.9,0
2019-10-19 10:13:00,3,43,24.4,70,14.3,1005.0,0.7,1.4,0,1533.9,0
2019-10-19 10:16:00,3,43,24.4,70,14.3,1005.0,1.7,2.4,8,1533.9,0
2019-10-19 10:19:00,3,43,24.4,70,14.3,1005.1,1.7,2.4,8,1533.9,0
2019-10-19 10:22:00,3,43,24.4,70,14.3,1005.0,0.7,1.0,2,1533.9,0
2019-10-19 10:25:00,3,43,24.4,71,14.4,1004.9,0,0.3,10,1533.9,0
2019-10-19 10:28:00,3,43,24.4,71,14.4,1004.9,0.3,0.7,4,1533.9,0
2019-10-19 10:31:00,3,43,24.4,71,14.4,1004.8,0.7,1.4,6,1533.9,0
2019-10-19 10:34:00,3,43,24.4,71,14.4,1004.9,1.0,1.4,12,1533.9,0
2019-10-19 10:37:00,3,43,24.4,71,14.5,1004.8,0.7,1.7,14,1533.9,0
2019-10-19 10:40:00,3,44,24.4,71,14.4,1004.8,1.7,2.4,2,1533.9,0
2019-10-19 10:43:00,3,44,24.4,71,14.4,1004.8,0.7,1.0,9,1533.9,0
2019-10-19 10:46:00,3,44,24.4,71,14.5,1004.8,1.0,1.7,8,1533.9,0
2019-10-19 10:49:00,3,44,24.4,71,14.5,1004.7,0.7,1.0,4,1533.9,0
2019-10-19 10:52:00,3,44,24.3,71,14.5,1004.7,0.7,1.4,10,1533.9,0
2019-10-19 10:55:00,3,44,24.1,71,14.5,1004.7,1.0,1.7,8,1533.9,0
2019-10-19 10:58:00,3,44,24.1,71,14.6,1004.7,0.7,1.0,4,1533.9,0
2019-10-19 11:01:00,3,44,24.0,71,14.6,1004.7,0.3,0.7,2,1533.9,0
2019-10-19 11:04:00,3,46,23.8,71,14.6,1004.6,0.3,1.0,14,1533.9,0
2019-10-19 11:07:00,3,46,23.8,71,14.6,1004.5,0.7,1.0,14,1533.9,0
2019-10-19 11:10:00,3,46,23.7,71,14.7,1004.5,0.3,0.7,9,1533.9,0
2019-10-19 11:13:00,3,46,23.7,71,14.8,1004.6,0,0,10,1533.9,0
2019-10-19 11:16:00,3,46,23.6,71,14.8,1004.5,0.7,1.0,10,1533.9,0
2019-10-19 11:19:00,3,47,23.6,71,14.8,1004.5,0.7,0.7,14,1533.9,0
2019-10-19 11:22:00,3,47,23.6,71,14.8,1004.4,1.4,2.7,8,1533.9,0
2019-10-19 11:25:00,3,47,23.5,71,14.8,1004.4,0.7,1.0,0,1533.9,0
2019-10-19 11:28:00,3,47,23.4,71,14.9,1004.4,0.3,0.7,6,1533.9,0
2019-10-19 11:31:00,3,47,23.4,71,14.9,1004.5,0,0.7,0,1533.9,0
2019-10-19 11:34:00,3,47,23.4,71,14.9,1004.4,0.7,1.7,8,1533.9,0
2019-10-19 11:37:00,3,47,23.3,71,15.0,1004.4,0,0.7,4,1533.9,0
2019-10-19 11:40:00,3,47,23.3,71,15.0,1004.4,1.7,2.4,8,1533.9,0
2019-10-19 11:43:00,3,47,23.3,71,15.0,1004.3,0.3,0.7,8,1533.9,0
2019-10-19 11:46:00,3,48,23.2,71,15.0,1004.2,1.0,1.4,2,1533.9,0
2019-10-19 11:49:00,3,48,23.2,71,15.0,1004.4,1.0,1.0,10,1533.9,0
2019-10-19 11:52:00,3,48,23.1,71,15.0,1004.4,2.4,3.1,8,1533.9,0
2019-10-19 11:55:00,3,48,23.1,71,15.0,1004.3,0,0.7,12,1533.9,0
2019-10-19 11:58:00,3,48,23.1,71,15.0,1004.3,0,0.3,4,1533.9,0
2019-10-19 12:01:00,3,48,23.1,72,15.0,1004.3,0,0.3,10,1533.9,0
2019-10-19 12:04:00,3,48,23.0,72,15.0,1004.4,0,0.3,10,1533.9,0
2019-10-19 12:07:00,3,48,23.0,72,15.1,1004.4,0.3,0.7,6,1533.9,0
2019-10-19 12:10:00,3,48,23.0,72,15.1,1004.3,0.7,1.4,4,1533.9,0
2019-10-19 12:13:00,3,49,23.0,72,15.1,1004.2,0,1.0,8,1533.9,0
2019-10-19 12:16:00,3,49,23.0,72,15.1,1004.2,1.0,1.7,10,1533.9,0
2019-10-19 12:19:00,3,50,23.0,72,15.2,1004.2,0,0,8,1533.9,0
2019-10-19 12:22:00,3,50,23.0,72,15.2,1004.1,0.3,0.7,4,1533.9,0
2019-10-19 12:25:00,3,50,23.1,72,15.2,1004.1,0.3,0.7,4,1533.9,0
2019-10-19 12:28:00,3,50,23.1,71,15.3,1004.0,1.4,2.0,10,1533.9,0
2019-10-19 12:31:00,3,49,23.1,71,15.3,1004.0,0.7,1.0,10,1533.9,0
2019-10-19 12:34:00,3,49,23.3,71,15.3,1004.2,0.3,0.7,5,1533.9,0
2019-10-19 12:37:00,3,49,23.3,71,15.4,1004.0,0,0.3,2,1533.9,0
2019-10-19 12:40:00,3,49,23.4,71,15.4,1004.0,2.0,2.7,4,1533.9,0
2019-10-19 12:43:00,3,49,23.4,71,15.4,1004.0,1.0,1.7,2,1533.9,0
2019-10-19 12:46:00,3,49,23.4,71,15.5,1004.0,0.3,0.7,4,1533.9,0
2019-10-19 12:49:00,3,48,23.4,71,15.5,1004.0,1.0,1.4,8,1533.9,0
2019-10-19 12:52:00,3,48,23.4,71,15.6,1004.0,0,0.3,8,1533.9,0
2019-10-19 12:55:00,3,48,23.4,71,15.6,1004.1,0.3,1.0,8,1533.9,0
2019-10-19 12:58:00,3,49,23.3,71,15.7,1004.0,0.3,0.7,10,1533.9,0
2019-10-19 13:01:00,3,49,23.2,70,15.7,1004.0,0,0,6,1533.9,0
2019-10-19 13:04:00,3,49,23.1,71,15.8,1004.0,0,0,6,1533.9,0
2019-10-19 13:07:00,3,49,23.1,71,15.9,1003.9,0.7,1.0,8,1533.9,0
2019-10-19 13:10:00,3,49,23.1,70,15.9,1004.0,0,0,8,1533.9,0
2019-10-19 13:13:00,3,49,23.1,70,15.9,1004.0,0,0.7,10,1533.9,0
2019-10-19 13:16:00,3,49,23.0,70,15.9,1003.8,0.7,2.0,11,1533.9,0
2019-10-19 13:19:00,3,49,23.0,70,15.9,1003.9,0.3,1.0,9,1533.9,0
2019-10-19 13:22:00,3,49,23.0,70,15.9,1003.9,0.7,1.0,8,1533.9,0
2019-10-19 13:25:00,3,49,23.0,70,15.9,1003.8,0,0.3,6,1533.9,0
2019-10-19 13:28:00,3,49,23.0,70,15.9,1003.8,0,0,4,1533.9,0
2019-10-19 13:31:00,3,50,23.0,70,15.9,1003.8,0,1.4,8,1533.9,0
2019-10-19 13:34:00,3,50,23.0,70,16.0,1003.7,1.0,1.4,8,1533.9,0
2019-10-19 13:37:00,3,49,22.9,70,16.0,1003.7,1.7,2.0,0,1533.9,0
2019-10-19 13:40:00,3,49,22.9,70,16.1,1003.7,1.4,2.0,7,1533.9,0
2019-10-19 13:43:00,3,49,22.9,70,16.2,1003.5,0.7,1.0,14,1533.9,0
2019-10-19 13:46:00,3,49,22.9,70,16.2,1003.5,1.0,2.0,8,1533.9,0
2019-10-19 13:49:00,3,49,22.9,69,16.3,1003.4,2.7,3.4,10,1533.9,0
2019-10-19 13:52:00,3,49,22.8,68,16.3,1003.2,2.4,3.1,12,1533.9,0
2019-10-19 13:55:00,3,49,22.8,67,16.3,1003.3,2.0,3.1,8,1533.9,0
2019-10-19 13:58:00,3,49,22.8,67,16.4,1003.3,1.0,1.7,4,1533.9,0
2019-10-19 14:01:00,3,49,22.8,67,16.5,1003.4,1.0,1.7,14,1533.9,0
2019-10-19 14:04:00,3,49,22.8,67,16.5,1003.5,1.0,1.7,14,1533.9,0
2019-10-19 14:07:00,3,49,22.8,66,16.6,1003.1,1.7,2.4,0,1533.9,0
2019-10-19 14:10:00,3,49,22.7,66,16.7,1003.3,3.1,4.4,8,1533.9,0
2019-10-19 14:13:00,3,49,22.8,66,16.7,1003.3,1.4,2.0,6,1533.9,0
2019-10-19 14:16:00,3,49,22.7,65,16.6,1003.1,2.0,2.7,12,1533.9,0
2019-10-19 14:19:00,3,49,22.7,65,16.6,1003.0,1.4,2.4,4,1533.9,0
2019-10-19 14:22:00,3,49,22.7,65,16.6,1003.1,1.4,1.7,3,1533.9,0
2019-10-19 14:25:00,3,49,22.7,65,16.6,1003.0,1.0,1.7,8,1533.9,0
2019-10-19 14:28:00,3,49,22.7,65,16.5,1003.1,1.7,2.4,8,1533.9,0
2019-10-19 14:31:00,3,49,22.7,66,16.5,1002.8,2.0,3.4,4,1533.9,0
2019-10-19 14:34:00,3,49,22.7,66,16.3,1003.0,2.0,3.1,8,1533.9,0
2019-10-19 14:37:00,3,50,22.6,67,16.3,1003.0,4.8,5.4,8,1533.9,0
2019-10-19 14:40:00,3,50,22.6,67,16.2,1003.0,1.4,1.7,8,1533.9,0
2019-10-19 14:43:00,3,50,22.6,68,16.1,1003.0,1.0,1.4,4,1533.9,0
2019-10-19 14:46:00,3,50,22.6,69,16.0,1003.1,0.3,0.7,8,1533.9,0
2019-10-19 14:49:00,3,50,22.6,70,15.9,1003.1,1.7,2.7,0,1533.9,0
2019-10-19 14:52:00,3,50,22.6,70,15.9,1003.1,2.4,3.1,12,1533.9,0
2019-10-19 14:55:00,3,50,22.6,70,15.9,1003.2,1.4,2.0,6,1533.9,0
2019-10-19 14:58:00,3,50,22.6,70,15.8,1003.2,1.4,1.7,11,1533.9,0
2019-10-19 15:01:00,3,50,22.6,70,15.8,1003.2,1.0,1.4,2,1533.9,0
2019-10-19 15:04:00,3,50,22.6,70,15.7,1003.3,1.7,2.4,8,1533.9,0
2019-10-19 15:07:00,3,50,22.5,70,15.7,1003.3,1.0,1.4,6,1533.9,0
2019-10-19 15:10:00,3,50,22.5,70,15.6,1003.3,0.7,1.0,10,1533.9,0
2019-10-19 15:13:00,3,50,22.5,71,15.5,1003.4,1.4,1.7,8,1533.9,0
2019-10-19 15:16:00,3,50,22.5,71,15.5,1003.5,1.4,2.0,10,1533.9,0
2019-10-19 15:19:00,3,50,22.5,71,15.4,1003.6,1.4,1.7,10,1533.9,0
2019-10-19 15:22:00,3,50,22.5,71,15.4,1003.4,1.7,2.7,8,1533.9,0
2019-10-19 15:25:00,3,50,22.5,71,15.3,1003.3,1.0,1.4,14,1533.9,0
2019-10-19 15:28:00,3,50,22.4,71,15.3,1003.4,0.7,0.7,2,1533.9,0
2019-10-19 15:31:00,3,50,22.4,71,15.2,1003.4,1.0,2.0,2,1533.9,0
2019-10-19 15:34:00,3,50,22.4,72,15.2,1003.4,1.4,1.7,4,1533.9,0
2019-10-19 15:37:00,3,50,22.3,72,15.1,1003.4,1.4,1.7,4,1533.9,0
2019-10-19 15:40:00,3,50,22.3,72,15.1,1003.2,1.0,1.4,0,1533.9,0
2019-10-19 15:43:00,3,50,22.3,72,15.0,1003.2,1.0,1.7,2,1533.9,0
2019-10-19 15:46:00,3,50,22.3,72,14.9,1003.3,0.7,1.0,6,1533.9,0
2019-10-19 15:49:00,3,50,22.3,72,14.8,1003.3,1.0,1.4,5,1533.9,0
2019-10-19 15:52:00,3,50,22.3,73,14.8,1003.2,0.3,0.7,14,1533.9,0
2019-10-19 15:55:00,3,50,22.3,73,14.7,1003.2,0.7,1.4,10,1533.9,0
2019-10-19 15:58:00,3,50,22.3,73,14.6,1003.2,0.3,0.7,4,1533.9,0
2019-10-19 16:01:00,3,50,22.3,73,14.5,1003.2,1.0,1.4,4,1533.9,0
2019-10-19 16:04:00,3,50,22.3,73,14.5,1003.3,1.0,1.4,4,1533.9,0
2019-10-19 16:07:00,3,51,22.3,74,14.3,1003.3,0,0,2,1533.9,0
2019-10-19 16:10:00,3,51,22.3,74,14.2,1003.2,0.3,1.0,2,1533.9,0
2019-10-19 16:13:00,3,51,22.3,74,14.2,1003.2,0.7,0.7,6,1533.9,0
2019-10-19 16:16:00,3,51,22.3,74,14.1,1003.3,0,0,2,1533.9,0
2019-10-19 16:19:00,3,51,22.2,74,14.0,1003.2,0.7,1.0,0,1533.9,0
2019-10-19 16:22:00,3,51,22.2,75,14.0,1003.2,0.3,0.7,6,1533.9,0
2019-10-19 16:25:00,3,51,22.2,75,13.9,1003.3,0.3,0.7,8,1533.9,0
2019-10-19 16:28:00,3,51,22.2,75,13.9,1003.3,0.7,1.0,8,1533.9,0
2019-10-19 16:31:00,3,51,22.2,75,13.8,1003.4,0.7,1.0,8,1533.9,0
2019-10-19 16:34:00,3,51,22.2,75,13.8,1003.5,0.7,1.4,8,1533.9,0
2019-10-19 16:37:00,3,51,22.2,76,13.7,1003.5,0.3,0.7,12,1533.9,0
2019-10-19 16:40:00,3,51,22.2,76,13.7,1003.5,1.7,2.0,10,1533.9,0
2019-10-19 16:43:00,3,51,22.2,76,13.7,1003.4,0.3,0.7,0,1533.9,0
2019-10-19 16:46:00,3,51,22.2,76,13.6,1003.4,0.3,0.7,0,1533.9,0
2019-10-19 16:49:00,3,51,22.2,76,13.6,1003.5,0,0.7,2,1533.9,0
2019-10-19 16:52:00,3,51,22.2,76,13.6,1003.5,0.3,0.7,2,1533.9,0
2019-10-19 16:55:00,3,51,22.2,76,13.6,1003.6,0.3,0.7,2,1533.9,0
2019-10-19 16:58:00,3,51,22.2,76,13.6,1003.5,0.7,1.0,6,1533.9,0
2019-10-19 17:01:00,3,51,22.2,77,13.5,1003.5,0.3,0.7,0,1533.9,0
2019-10-19 17:04:00,3,51,22.2,77,13.4,1003.3,0.7,1.0,2,1533.9,0
2019-10-19 17:07:00,3,51,22.2,77,13.4,1003.3,0.3,0.7,10,1533.9,0
2019-10-19 17:10:00,3,51,22.2,77,13.4,1003.4,1.0,1.4,10,1533.9,0
2019-10-19 17:13:00,3,51,22.2,77,13.3,1003.4,0.3,1.0,4,1533.9,0
2019-10-19 17:16:00,3,51,22.2,78,13.3,1003.2,0,0,12,1533.9,0
2019-10-19 17:19:00,3,51,22.2,78,13.3,1003.2,0.3,0.7,6,1533.9,0
2019-10-19 17:22:00,3,51,22.2,78,13.2,1003.2,0.7,1.0,8,1533.9,0
2019-10-19 17:25:00,3,51,22.2,78,13.2,1003.3,0.7,1.4,2,1533.9,0
2019-10-19 17:28:00,3,51,22.1,79,13.2,1003.3,1.0,1.4,0,1533.9,0
2019-10-19 17:31:00,3,51,22.1,79,13.3,1003.3,1.0,1.4,4,1533.9,0
2019-10-19 17:34:00,3,51,22.1,78,13.3,1003.5,0.7,1.0,10,1533.9,0
2019-10-19 17:37:00,3,51,22.1,78,13.3,1003.4,0,0.3,12,1533.9,0
2019-10-19 17:40:00,3,51,22.1,78,13.3,1003.3,0.3,0.7,2,1533.9,0
2019-10-19 17:43:00,3,51,22.1,78,13.2,1003.2,0.3,0.7,2,1533.9,0
2019-10-19 17:46:00,3,51,22.1,78,13.2,1003.3,0.3,0.7,6,1533.9,0
2019-10-19 17:49:00,3,51,22.1,78,13.1,1003.5,0.3,1.0,8,1533.9,0
2019-10-19 17:52:00,3,51,22.1,78,13.1,1003.3,0.7,1.0,2,1533.9,0
2019-10-19 17:55:00,3,51,22.1,78,13.1,1003.4,0,0.3,14,1533.9,0
2019-10-19 17:58:00,3,51,22.1,78,13.1,1003.4,0.3,0.7,6,1533.9,0
2019-10-19 18:01:00,3,51,22.1,78,13.0,1003.3,0.7,1.0,8,1533.9,0
2019-10-19 18:04:00,3,51,22.1,78,13.0,1003.4,0.7,1.0,8,1533.9,0
2019-10-19 18:07:00,3,51,22.1,78,12.9,1003.5,0,0.3,4,1533.9,0
2019-10-19 18:10:00,3,51,22.1,78,12.9,1003.4,0.3,0.7,4,1533.9,0
2019-10-19 18:13:00,3,51,22.1,78,12.9,1003.5,0.3,0.7,8,1533.9,0
2019-10-19 18:16:00,3,51,22.1,78,12.8,1003.6,0,0.3,14,1533.9,0
2019-10-19 18:19:00,3,51,22.1,78,12.8,1003.6,0.7,1.4,8,1533.9,0
2019-10-19 18:22:00,3,51,22.1,78,12.8,1003.5,0.3,0.7,4,1533.9,0
2019-10-19 18:25:00,3,51,22.1,79,12.7,1003.4,0.7,1.0,4,1533.9,0
2019-10-19 18:28:00,3,51,22.1,79,12.7,1003.3,0.7,1.0,12,1533.9,0
2019-10-19 18:31:00,3,51,22.0,79,12.6,1003.4,0.3,0.7,10,1533.9,0
2019-10-19 18:34:00,3,51,22.0,79,12.6,1003.4,0.7,1.0,4,1533.9,0
2019-10-19 18:37:00,3,51,22.0,79,12.6,1003.5,0.3,0.7,8,1533.9,0
2019-10-19 18:40:00,3,51,22.0,80,12.6,1003.4,0.7,1.4,2,1533.9,0
2019-10-19 18:43:00,3,51,22.0,80,12.6,1003.4,0.3,0.7,10,1533.9,0
2019-10-19 18:46:00,3,51,22.0,80,12.6,1003.4,0,0,0,1533.9,0
2019-10-19 18:49:00,3,51,22.0,80,12.5,1003.5,0,0,8,1533.9,0
2019-10-19 18:52:00,3,51,22.0,80,12.5,1003.3,0.7,1.4,2,1533.9,0
2019-10-19 18:55:00,3,51,22.0,80,12.5,1003.3,0.3,0.7,4,1533.9,0
2019-10-19 18:58:00,3,51,22.0,80,12.5,1003.3,0.3,0.7,0,1533.9,0
2019-10-19 19:01:00,3,51,22.0,82,12.4,1003.2,0.3,0.7,10,1533.9,0
2019-10-19 19:04:00,3,52,21.9,82,12.4,1003.2,0.3,0.7,0,1533.9,0
2019-10-19 19:07:00,3,51,22.0,82,12.4,1003.2,0.3,0.7,4,1533.9,0
2019-10-19 19:10:00,3,52,21.9,82,12.4,1003.1,0.3,0.7,2,1533.9,0
2019-10-19 19:13:00,3,52,21.9,82,12.4,1003.2,0,0.3,10,1533.9,0
2019-10-19 19:16:00,3,52,21.9,82,12.4,1003.2,0.3,0.7,2,1533.9,0
2019-10-19 19:19:00,3,52,21.9,82,12.3,1003.2,0.7,1.0,2,1533.9,0
2019-10-19 19:22:00,3,52,21.9,82,12.3,1003.2,0,0.3,4,1533.9,0
2019-10-19 19:25:00,3,52,21.9,82,12.3,1003.1,0,0.3,4,1533.9,0
2019-10-19 19:28:00,3,52,21.9,82,12.3,1003.2,0.7,1.0,2,1533.9,0
2019-10-19 19:31:00,3,52,21.9,83,12.3,1003.2,0,0.3,10,1533.9,0
2019-10-19 19:34:00,3,52,21.9,83,12.3,1003.2,1.0,1.4,6,1533.9,0
2019-10-19 19:37:00,3,52,21.9,83,12.3,1003.0,0.3,0.3,0,1533.9,0
2019-10-19 19:40:00,3,52,21.9,83,12.3,1003.1,0,0.3,14,1533.9,0
2019-10-19 19:43:00,3,52,21.9,83,12.3,1003.1,0,0.3,10,1533.9,0
2019-10-19 19:46:00,3,52,21.9,83,12.3,1003.2,0,0,8,1533.9,0
2019-10-19 19:49:00,3,52,21.9,83,12.3,1003.1,0,0.3,0,1533.9,0
2019-10-19 19:52:00,3,52,21.9,83,12.3,1003.4,0,0,2,1533.9,0
2019-10-19 19:55:00,3,52,21.9,83,12.3,1003.4,0.7,1.4,6,1533.9,0
2019-10-19 19:58:00,3,52,21.9,83,12.3,1003.4,0.3,0.7,2,1533.9,0
2019-10-19 20:01:00,3,52,21.9,83,12.3,1003.3,0.7,1.0,4,1533.9,0
2019-10-19 20:04:00,3,52,21.9,83,12.3,1003.2,0.7,1.0,4,1533.9,0
2019-10-19 20:07:00,3,52,21.9,80,12.5,1003.2,0.7,1.0,2,1533.9,0
2019-10-19 20:10:00,3,52,21.9,80,12.6,1003.1,0.7,1.0,0,1533.9,0
2019-10-19 20:13:00,3,52,21.9,80,12.6,1003.0,0.7,1.4,10,1533.9,0
2019-10-19 20:16:00,3,52,21.9,80,12.7,1003.0,1.0,1.4,4,1533.9,0
2019-10-19 20:19:00,3,52,21.9,80,12.8,1003.1,0.7,1.0,12,1533.9,0
2019-10-19 20:22:00,3,52,21.9,80,12.8,1003.3,0,0.3,12,1533.9,0
2019-10-19 20:25:00,3,52,21.9,79,12.8,1003.3,0.3,0.7,5,1533.9,0
2019-10-19 20:28:00,3,52,21.9,79,12.8,1003.3,0.3,1.0,2,1533.9,0
2019-10-19 20:31:00,3,52,21.9,79,12.8,1003.2,0.3,0.7,2,1533.9,0
2019-10-19 20:34:00,3,52,21.9,79,12.9,1003.4,0,0.3,6,1533.9,0
2019-10-19 20:37:00,3,52,21.9,79,12.9,1003.3,0.7,1.0,0,1533.9,0
2019-10-19 20:40:00,3,52,21.9,79,12.9,1003.4,0.7,1.4,6,1533.9,0
2019-10-19 20:43:00,3,52,21.9,78,13.0,1003.3,0.3,0.7,2,1533.9,0
2019-10-19 20:46:00,3,52,21.9,78,13.0,1003.3,0.3,0.7,2,1533.9,0
2019-10-19 20:49:00,3,52,21.9,78,13.0,1003.3,0.7,1.0,6,1533.9,0
2019-10-19 20:52:00,3,52,21.9,78,13.0,1003.4,0.7,1.0,4,1533.9,0
2019-10-19 20:55:00,3,52,21.9,78,13.0,1003.3,0.3,0.7,2,1533.9,0
2019-10-19 20:58:00,3,52,21.8,78,13.1,1003.4,0.3,1.0,0,1533.9,0
2019-10-19 21:01:00,3,52,21.8,77,13.1,1003.4,0.3,0.7,6,1533.9,0
2019-10-19 21:04:00,3,52,21.8,77,13.1,1003.4,0.7,1.4,6,1533.9,0
2019-10-19 21:07:00,3,52,21.8,77,13.1,1003.4,0.7,1.0,8,1533.9,0
2019-10-19 21:10:00,3,52,21.8,77,13.1,1003.5,0.3,0.7,14,1533.9,0
2019-10-19 21:13:00,3,52,21.8,77,13.1,1003.4,0.3,1.4,8,1533.9,0
2019-10-19 21:16:00,3,52,21.8,77,13.1,1003.4,1.4,1.7,6,1533.9,0
2019-10-19 21:19:00,3,52,21.8,77,13.1,1003.5,0.3,0.7,10,1533.9,0
2019-10-19 21:22:00,3,52,21.8,77,13.1,1003.4,0,0.7,14,1533.9,0
2019-10-19 21:25:00,3,52,21.8,76,13.1,1003.4,0.3,0.7,4,1533.9,0
2019-10-19 21:28:00,3,52,21.8,76,13.1,1003.3,0.7,1.0,6,1533.9,0
2019-10-19 21:31:00,3,52,21.8,76,13.1,1003.3,0.7,1.0,12,1533.9,0
2019-10-19 21:34:00,3,52,21.8,76,13.1,1003.3,0.3,0.7,2,1533.9,0
2019-10-19 21:37:00,3,52,21.8,76,13.1,1003.4,1.0,1.4,10,1533.9,0
2019-10-19 21:40:00,3,52,21.8,76,13.1,1003.3,0.7,1.0,4,1533.9,0
2019-10-19 21:43:00,3,52,21.8,76,13.1,1003.3,0.3,1.0,2,1533.9,0
2019-10-19 21:46:00,3,52,21.7,76,13.1,1003.4,0.3,0.7,0,1533.9,0
2019-10-19 21:49:00,3,52,21.7,76,13.1,1003.3,0.3,0.7,10,1533.9,0
2019-10-19 21:52:00,3,52,21.7,76,13.1,1003.3,0.7,1.0,8,1533.9,0
2019-10-19 21:55:00,3,52,21.7,76,13.1,1003.4,0.7,1.0,8,1533.9,0
2019-10-19 21:58:00,3,52,21.7,75,13.1,1003.3,1.4,1.7,6,1533.9,0
