2019-10-03 00:00:59,3,51,21.1,88,8.2,1002.5,1.4,1.7,12,1500.9,0
2019-10-03 00:03:59,3,51,21.1,88,8.2,1002.4,1.4,1.7,12,1500.9,0
2019-10-03 00:06:59,3,51,21.1,89,8.1,1002.4,1.4,1.7,12,1500.9,0
2019-10-03 00:09:59,3,51,21.1,90,8.1,1002.4,0.7,1.0,10,1500.9,0
2019-10-03 00:12:59,3,51,21.1,90,8.1,1002.5,1.0,1.7,10,1500.9,0
2019-10-03 00:15:59,3,51,21.1,90,8.1,1002.4,1.0,1.4,12,1500.9,0
2019-10-03 00:18:59,3,51,21.0,90,8.1,1002.4,1.4,1.7,14,1500.9,0
2019-10-03 00:21:59,3,51,21.0,91,8.1,1002.4,1.0,1.7,12,1500.9,0
2019-10-03 00:24:59,3,51,21.0,91,8.1,1002.4,1.4,2.0,10,1500.9,0
2019-10-03 00:27:59,3,51,21.0,91,8.2,1002.3,1.4,1.7,12,1500.9,0
2019-10-03 00:30:59,3,51,21.0,91,8.2,1002.3,2.4,3.1,12,1500.9,0
2019-10-03 00:33:59,3,51,21.0,91,8.2,1002.1,2.0,2.7,14,1501.2,0
2019-10-03 00:36:59,3,52,20.9,92,8.2,1002.1,1.7,2.7,8,1501.2,0
2019-10-03 00:39:59,3,52,20.9,92,8.2,1002.1,1.4,1.7,12,1501.2,0
2019-10-03 00:42:59,3,52,20.9,92,8.3,1002.0,1.4,1.7,10,1501.2,0
2019-10-03 00:45:59,3,52,20.9,92,8.3,1002.1,0.7,1.7,12,1501.2,0
2019-10-03 00:48:59,3,52,20.9,92,8.3,1002.0,1.0,1.7,10,1501.5,0
2019-10-03 00:51:59,3,52,20.9,92,8.3,1002.1,1.0,1.4,10,1501.5,0
2019-10-03 00:54:59,3,52,20.9,92,8.3,1002.0,1.4,1.7,12,1501.5,0
2019-10-03 00:57:59,3,52,20.9,93,8.3,1002.0,2.7,3.4,9,1501.8,0
2019-10-03 01:00:59,3,52,20.9,93,8.3,1001.9,1.0,1.7,8,1501.8,0
2019-10-03 01:03:59,3,52,20.9,93,8.4,1001.9,1.0,1.4,12,1501.8,0
2019-10-03 01:06:59,3,52,20.8,93,8.4,1001.9,1.4,2.7,12,1501.8,0
2019-10-03 01:09:59,3,52,20.8,93,8.4,1001.9,1.7,2.4,10,1501.8,0
2019-10-03 01:12:59,3,52,20.7,93,8.4,1001.8,1.0,1.4,0,1501.8,0
2019-10-03 01:15:59,3,52,20.7,93,8.4,1001.9,1.0,1.4,12,1501.8,0
2019-10-03 01:18:59,3,52,20.7,94,8.4,1001.9,2.0,3.1,8,1501.8,0
2019-10-03 01:21:59,3,52,20.7,94,8.4,1001.9,2.0,3.7,12,1501.8,0
2019-10-03 01:24:59,3,52,20.7,94,8.5,1001.9,1.4,2.0,10,1501.8,0
2019-10-03 01:28:00,3,52,20.7,94,8.5,1001.8,2.4,3.4,12,1501.8,0
2019-10-03 01:31:00,3,52,20.7,94,8.5,1001.9,1.4,1.7,10,1501.8,0
2019-10-03 01:34:00,3,52,20.7,94,8.6,1001.9,2.4,3.1,12,1501.8,0
2019-10-03 01:37:00,3,52,20.7,95,8.6,1002.0,1.7,2.4,11,1501.8,0
2019-10-03 01:40:00,3,52,20.7,95,8.6,1002.0,1.7,2.4,10,1501.8,0
2019-10-03 01:43:00,3,52,20.7,95,8.6,1001.9,1.7,2.7,14,1502.1,0
2019-10-03 01:46:00,3,52,20.6,95,8.6,1001.9,1.4,1.7,10,1502.1,0
2019-10-03 01:49:00,3,52,20.6,95,8.6,1002.0,1.0,1.4,12,1502.1,0
2019-10-03 01:52:00,3,52,20.6,95,8.6,1002.1,1.0,1.4,12,1502.1,0
2019-10-03 01:55:00,3,52,20.6,95,8.6,1002.0,1.4,1.7,10,1502.1,0
2019-10-03 01:58:00,3,52,20.6,96,8.6,1001.9,1.7,2.0,12,1502.1,0
2019-10-03 02:01:00,3,52,20.6,96,8.6,1002.0,1.4,2.0,10,1502.1,0
2019-10-03 02:04:00,3,52,20.6,96,8.6,1002.0,1.4,2.0,10,1502.1,0
2019-10-03 02:07:00,3,52,20.6,96,8.7,1002.0,1.0,1.4,12,1502.1,0
2019-10-03 02:10:00,3,52,20.6,96,8.7,1002.0,1.7,2.0,12,1502.1,0
2019-10-03 02:13:00,3,52,20.6,96,8.7,1002.0,1.0,1.7,12,1502.1,0
2019-10-03 02:16:00,3,52,20.5,97,8.8,1002.0,2.0,2.4,12,1502.1,0
2019-10-03 02:19:00,3,52,20.5,97,8.8,1002.0,1.4,2.0,12,1502.1,0
2019-10-03 02:22:00,3,52,20.5,97,8.8,1002.1,1.4,2.4,12,1502.1,0
2019-10-03 02:25:00,3,52,20.5,97,8.8,1002.1,1.4,1.7,10,1502.1,0
2019-10-03 02:28:00,3,52,20.5,97,8.8,1002.1,0.3,1.0,10,1502.1,0
2019-10-03 02:31:00,3,52,20.5,97,8.8,1002.0,0.7,1.0,12,1502.1,0
2019-10-03 02:34:00,3,52,20.5,97,8.8,1002.1,0.7,1.0,10,1502.1,0
2019-10-03 02:37:00,3,52,20.5,97,8.8,1002.1,0.7,1.0,9,1502.1,0
2019-10-03 02:40:00,3,52,20.5,97,8.8,1002.0,1.0,1.4,10,1502.1,0
2019-10-03 02:43:00,3,52,20.4,97,8.8,1002.1,0.7,1.0,12,1502.1,0
2019-10-03 02:46:00,3,52,20.4,97,8.8,1002.1,0.7,1.0,12,1502.1,0
2019-10-03 02:49:00,3,52,20.4,97,8.8,1002.1,0.7,1.4,10,1502.1,0
2019-10-03 02:52:00,3,52,20.4,97,8.8,1002.1,0.7,1.0,10,1502.1,0
2019-10-03 02:55:00,3,52,20.4,97,8.8,1002.0,1.4,2.0,12,1502.1,0
2019-10-03 02:58:00,3,52,20.4,97,8.8,1002.0,1.0,1.4,14,1502.1,0
2019-10-03 03:01:00,3,52,20.4,97,8.8,1002.1,0.7,1.0,12,1502.1,0
2019-10-03 03:04:00,3,52,20.4,97,8.8,1002.2,0.7,1.7,13,1502.1,0
2019-10-03 03:07:00,3,52,20.4,97,8.8,1002.2,0.7,1.4,12,1502.1,0
2019-10-03 03:10:00,3,52,20.4,97,8.9,1002.2,1.0,1.4,12,1502.1,0
2019-10-03 03:13:00,3,52,20.4,97,8.9,1002.3,0.7,1.4,12,1502.1,0
2019-10-03 03:16:00,3,52,20.4,97,8.9,1002.3,0.7,1.0,3,1502.1,0
2019-10-03 03:19:00,3,52,20.4,97,8.9,1002.4,2.0,3.1,12,1502.1,0
2019-10-03 03:22:00,3,52,20.3,97,8.9,1002.4,0.7,1.4,7,1502.1,0
2019-10-03 03:25:00,3,52,20.3,97,8.9,1002.5,1.4,1.7,14,1502.1,0
2019-10-03 03:28:00,3,52,20.3,97,8.9,1002.4,1.7,2.4,10,1502.1,0
2019-10-03 03:31:00,3,52,20.3,97,8.9,1002.5,1.0,1.7,12,1502.1,0
2019-10-03 03:34:00,3,52,20.3,97,8.9,1002.4,0.7,1.0,10,1502.1,0
2019-10-03 03:37:00,3,52,20.3,97,8.9,1002.5,1.0,1.4,12,1502.1,0
2019-10-03 03:40:00,3,52,20.3,97,8.9,1002.5,1.4,1.7,8,1502.1,0
2019-10-03 03:43:00,3,52,20.3,97,8.9,1002.5,2.4,3.4,12,1502.1,0
2019-10-03 03:46:00,3,52,20.3,96,8.8,1002.4,1.7,2.4,9,1502.1,0
2019-10-03 03:49:00,3,52,20.3,96,8.9,1002.6,0.7,1.4,10,1502.1,0
2019-10-03 03:52:00,3,52,20.3,96,8.9,1002.5,1.4,2.7,10,1502.1,0
2019-10-03 03:55:00,3,52,20.3,96,8.9,1002.4,1.0,1.4,12,1502.1,0
2019-10-03 03:58:00,3,52,20.3,96,8.9,1002.5,1.4,2.0,11,1502.1,0
2019-10-03 04:01:00,3,52,20.3,96,8.9,1002.5,1.0,1.7,11,1502.1,0
2019-10-03 04:04:00,3,52,20.3,96,8.9,1002.6,1.0,1.7,11,1502.1,0
2019-10-03 04:07:00,3,52,20.3,95,8.9,1002.6,2.0,2.7,8,1502.1,0
2019-10-03 04:10:00,3,52,20.3,95,8.9,1002.6,1.0,1.7,12,1502.1,0
2019-10-03 04:13:00,3,52,20.3,95,8.9,1002.6,1.0,1.7,12,1502.1,0
2019-10-03 04:16:00,3,52,20.3,95,8.9,1002.7,1.7,2.0,10,1502.1,0
2019-10-03 04:19:00,3,52,20.3,95,8.9,1002.8,1.4,2.0,10,1502.1,0
2019-10-03 04:22:00,3,52,20.3,94,8.9,1002.7,1.0,1.7,12,1502.1,0
2019-10-03 04:25:00,3,52,20.3,94,8.9,1002.7,0.3,0.7,8,1502.1,0
2019-10-03 04:28:00,3,52,20.4,94,8.9,1002.8,1.4,2.0,14,1502.1,0
2019-10-03 04:31:00,3,52,20.4,94,8.8,1002.9,2.0,3.1,14,1502.1,0
2019-10-03 04:34:00,3,52,20.4,94,8.8,1002.9,2.0,3.1,0,1502.1,0
2019-10-03 04:37:00,3,52,20.4,94,8.8,1002.9,1.4,1.7,14,1502.1,0
2019-10-03 04:40:00,3,52,20.4,94,8.7,1002.9,2.4,3.4,14,1502.1,0
2019-10-03 04:43:00,3,52,20.5,94,8.7,1002.9,1.7,2.4,12,1502.1,0
2019-10-03 04:46:00,3,52,20.5,94,8.7,1003.0,1.0,1.4,12,1502.1,0
2019-10-03 04:49:00,3,52,20.5,94,8.7,1002.9,1.4,1.7,12,1502.1,0
2019-10-03 04:52:00,3,52,20.5,94,8.7,1003.0,1.4,1.7,10,1502.1,0
2019-10-03 04:55:00,3,52,20.6,94,8.7,1003.1,1.7,2.0,12,1502.1,0
2019-10-03 04:58:00,3,52,20.6,94,8.7,1003.1,2.7,4.4,10,1502.1,0
2019-10-03 05:01:00,3,52,20.6,94,8.7,1003.0,1.0,1.7,14,1502.1,0
2019-10-03 05:04:00,3,52,20.7,94,8.7,1003.1,0.7,1.0,12,1502.1,0
2019-10-03 05:07:00,3,52,20.7,94,8.7,1003.1,1.0,1.7,12,1502.1,0
2019-10-03 05:10:00,3,52,20.7,94,8.7,1003.2,1.7,2.4,14,1502.1,0
2019-10-03 05:13:00,3,52,20.7,94,8.7,1003.2,1.0,1.7,14,1502.1,0
2019-10-03 05:16:00,3,52,20.7,94,8.7,1003.3,1.0,2.0,12,1502.1,0
2019-10-03 05:19:00,3,52,20.7,94,8.7,1003.3,1.7,2.4,12,1502.1,0
2019-10-03 05:22:00,3,52,20.7,93,8.7,1003.4,1.4,1.7,12,1502.1,0
2019-10-03 05:25:00,3,52,20.7,93,8.7,1003.5,1.4,2.0,14,1502.1,0
2019-10-03 05:28:00,3,52,20.8,93,8.6,1003.4,1.0,1.4,14,1502.1,0
2019-10-03 05:31:00,3,52,20.8,93,8.6,1003.4,1.0,1.7,14,1502.4,0
2019-10-03 05:34:00,3,52,20.8,93,8.6,1003.5,1.0,2.4,12,1502.4,0
2019-10-03 05:37:00,3,52,20.9,93,8.5,1003.6,1.4,1.7,12,1502.4,0
2019-10-03 05:40:00,3,52,20.9,93,8.5,1003.7,2.4,2.7,8,1502.4,0
2019-10-03 05:43:00,3,52,20.9,93,8.5,1003.7,1.7,2.4,10,1502.4,0
2019-10-03 05:46:00,3,52,20.9,93,8.5,1003.7,2.0,3.1,11,1502.4,0
2019-10-03 05:49:00,3,52,20.9,93,8.6,1003.8,1.0,1.4,14,1502.4,0
2019-10-03 05:52:00,3,52,20.9,94,8.6,1003.9,2.7,3.7,10,1502.4,0
2019-10-03 05:55:00,3,51,21.0,94,8.6,1003.8,3.1,4.4,8,1502.4,0
2019-10-03 05:58:00,3,51,21.0,93,8.6,1004.0,1.7,2.0,12,1502.4,0
2019-10-03 06:01:00,3,51,21.2,93,8.6,1004.0,2.4,3.4,12,1502.4,0
2019-10-03 06:04:00,3,50,21.3,93,8.6,1003.9,2.4,3.4,12,1502.4,0
2019-10-03 06:07:00,3,50,21.5,93,8.6,1004.1,2.0,3.1,12,1502.4,0
2019-10-03 06:10:00,3,50,21.7,93,8.6,1004.1,2.7,3.7,12,1502.4,0
2019-10-03 06:13:00,3,50,21.8,93,8.6,1004.1,2.4,3.1,13,1502.4,0
2019-10-03 06:16:00,3,50,21.9,93,8.6,1004.3,1.7,2.0,12,1502.4,0
2019-10-03 06:19:00,3,49,21.9,93,8.6,1004.2,1.7,2.0,12,1502.4,0
2019-10-03 06:22:00,3,48,22.1,93,8.6,1004.4,2.0,2.7,12,1502.4,0
2019-10-03 06:25:00,3,48,22.1,93,8.6,1004.5,0.7,1.0,14,1502.4,0
2019-10-03 06:28:00,3,48,22.2,93,8.7,1004.5,1.4,2.0,12,1502.4,0
2019-10-03 06:31:00,3,48,22.3,93,8.7,1004.6,1.4,1.7,12,1502.4,0
2019-10-03 06:34:00,3,48,22.3,93,8.7,1004.6,2.7,3.4,14,1502.4,0
2019-10-03 06:37:00,3,48,22.6,93,8.7,1004.6,1.0,1.4,10,1502.4,0
2019-10-03 06:40:00,3,48,22.7,93,8.7,1004.8,1.0,1.7,12,1502.4,0
2019-10-03 06:43:00,3,48,22.7,92,8.7,1004.8,2.4,3.4,14,1502.4,0
2019-10-03 06:46:00,3,47,22.9,92,8.6,1004.8,1.7,2.4,14,1502.4,0
2019-10-03 06:49:00,3,45,23.0,92,8.6,1004.8,2.7,3.7,14,1502.4,0
2019-10-03 06:52:00,3,45,23.0,92,8.6,1005.0,2.4,4.1,10,1502.4,0
2019-10-03 06:55:00,3,45,23.1,92,8.6,1005.0,1.7,2.4,14,1502.4,0
2019-10-03 06:58:00,3,45,23.1,92,8.6,1005.1,2.0,2.7,12,1502.4,0
2019-10-03 07:01:00,3,45,23.3,92,8.7,1005.2,1.0,2.0,12,1502.4,0
2019-10-03 07:04:00,3,45,23.3,92,8.7,1005.1,3.1,3.7,12,1502.4,0
2019-10-03 07:07:00,3,44,23.4,92,8.7,1005.2,1.7,2.7,12,1502.4,0
2019-10-03 07:10:00,3,44,23.5,92,8.8,1005.3,1.4,2.7,12,1502.4,0
2019-10-03 07:13:00,3,44,23.6,93,8.8,1005.4,2.4,2.7,14,1502.4,0
2019-10-03 07:16:00,3,44,23.6,92,8.9,1005.3,1.4,2.0,10,1502.4,0
2019-10-03 07:19:00,3,44,23.7,92,8.9,1005.5,2.4,3.4,0,1502.4,0
2019-10-03 07:22:00,3,44,23.7,92,9.0,1005.4,1.4,2.0,14,1502.4,0
2019-10-03 07:25:00,3,43,23.8,92,9.0,1005.5,3.4,4.8,12,1502.4,0
2019-10-03 07:28:00,3,43,23.8,92,9.0,1005.6,1.7,2.4,13,1502.4,0
2019-10-03 07:31:00,3,43,23.8,92,9.0,1005.6,2.7,4.4,10,1502.4,0
2019-10-03 07:34:00,3,43,23.8,91,9.1,1005.7,1.4,1.7,12,1502.4,0
2019-10-03 07:37:00,3,43,23.8,91,9.1,1005.7,1.4,2.0,14,1502.4,0
2019-10-03 07:40:00,3,44,23.8,91,9.2,1005.9,2.4,4.1,14,1502.4,0
2019-10-03 07:43:00,3,43,23.8,91,9.2,1005.8,1.7,2.0,12,1502.4,0
2019-10-03 07:46:00,3,43,23.8,90,9.2,1006.0,1.7,2.4,12,1502.4,0
2019-10-03 07:49:00,3,43,23.8,90,9.3,1006.0,1.4,2.0,14,1502.4,0
2019-10-03 07:52:00,3,43,23.8,90,9.3,1006.1,2.7,3.7,10,1502.4,0
2019-10-03 07:55:00,3,43,23.8,90,9.2,1006.1,2.0,2.7,12,1502.4,0
2019-10-03 07:58:00,3,43,23.8,90,9.2,1006.0,2.0,2.7,14,1502.4,0
2019-10-03 08:01:00,3,43,23.7,90,9.2,1006.2,3.1,4.8,10,1502.4,0
2019-10-03 08:04:00,3,44,23.6,90,9.2,1006.2,3.1,4.8,10,1502.4,0
2019-10-03 08:07:00,3,44,23.5,90,9.2,1006.3,3.1,4.8,10,1502.4,0
2019-10-03 08:10:00,3,44,23.4,90,9.2,1006.3,2.4,3.7,13,1502.4,0
2019-10-03 08:13:00,3,44,23.3,90,9.2,1006.3,1.4,2.0,12,1502.4,0
2019-10-03 08:16:00,3,44,23.1,90,9.3,1006.3,2.0,2.7,14,1502.4,0
2019-10-03 08:19:00,3,45,23.1,90,9.3,1006.4,1.4,2.4,12,1502.4,0
2019-10-03 08:22:00,3,45,23.0,90,9.3,1006.4,1.7,2.4,12,1502.4,0
2019-10-03 08:25:00,3,45,23.0,90,9.4,1006.3,1.7,2.0,12,1502.4,0
2019-10-03 08:28:00,3,47,22.9,90,9.4,1006.5,1.0,1.4,0,1502.4,0
2019-10-03 08:31:00,3,47,22.9,90,9.5,1006.5,2.0,3.1,14,1502.4,0
2019-10-03 08:34:00,3,47,22.8,90,9.4,1006.5,2.0,2.7,12,1502.4,0
2019-10-03 08:37:00,3,47,22.7,90,9.5,1006.4,1.0,1.4,14,1502.4,0
2019-10-03 08:40:00,3,47,22.7,90,9.5,1006.5,1.4,2.0,3,1502.4,0
2019-10-03 08:43:00,3,47,22.7,90,9.5,1006.5,0.7,1.0,13,1502.4,0
2019-10-03 08:46:00,3,47,22.7,90,9.5,1006.4,1.7,2.4,12,1502.4,0
2019-10-03 08:49:00,3,48,22.7,90,9.5,1006.5,2.7,3.4,15,1502.4,0
2019-10-03 08:52:00,3,48,22.6,90,9.6,1006.6,1.7,2.4,14,1502.4,0
2019-10-03 08:55:00,3,48,22.6,90,9.7,1006.6,2.0,3.1,12,1502.4,0
2019-10-03 08:58:00,3,48,22.6,90,9.7,1006.5,1.4,1.7,12,1502.4,0
2019-10-03 09:01:00,3,48,22.6,90,9.7,1006.7,0.7,1.4,14,1502.4,0
2019-10-03 09:04:00,3,48,22.6,90,9.8,1006.6,1.7,2.4,12,1502.4,0
2019-10-03 09:07:00,3,48,22.5,90,9.9,1006.6,1.0,1.7,9,1502.4,0
2019-10-03 09:10:00,3,48,22.5,90,10.0,1006.6,1.4,2.0,12,1502.4,0
2019-10-03 09:13:00,3,48,22.5,90,10.0,1006.7,1.4,2.4,12,1502.4,0
2019-10-03 09:16:00,3,48,22.4,89,9.9,1006.7,1.7,2.4,12,1502.4,0
2019-10-03 09:19:00,3,48,22.3,89,9.9,1006.6,0.3,1.4,10,1502.4,0
2019-10-03 09:22:00,3,48,22.3,89,9.9,1006.7,2.4,3.1,0,1502.4,0
2019-10-03 09:25:00,3,48,22.3,89,10.0,1006.8,3.7,5.1,12,1502.4,0
2019-10-03 09:28:00,3,48,22.2,88,10.1,1006.8,1.0,1.7,12,1502.4,0
2019-10-03 09:31:00,3,48,22.2,88,10.1,1006.8,2.4,3.4,14,1502.4,0
2019-10-03 09:34:00,3,48,22.2,87,10.2,1006.9,1.4,2.4,12,1502.4,0
2019-10-03 09:37:00,3,48,22.2,86,10.3,1006.9,3.4,4.4,9,1502.4,0
2019-10-03 09:40:00,3,48,22.2,85,10.5,1007.0,1.0,1.4,14,1502.4,0
2019-10-03 09:43:00,3,48,22.1,85,10.7,1007.0,3.4,4.4,12,1502.4,0
2019-10-03 09:46:00,3,48,22.1,84,10.9,1007.0,3.1,4.1,14,1502.4,0
2019-10-03 09:49:00,3,48,22.1,82,11.1,1007.0,2.0,2.7,12,1502.4,0
2019-10-03 09:52:00,3,48,22.0,81,11.4,1006.9,1.0,1.7,12,1502.4,0
2019-10-03 09:55:00,3,49,21.9,80,11.7,1007.0,2.0,3.1,12,1502.4,0
2019-10-03 09:58:00,3,49,21.9,79,11.7,1007.0,2.4,3.4,12,1502.4,0
2019-10-03 10:01:00,3,50,21.9,77,11.6,1007.1,1.4,1.7,12,1502.4,0
2019-10-03 10:04:00,3,50,21.9,77,11.6,1007.1,1.4,1.7,12,1502.4,0
2019-10-03 10:07:00,3,50,21.9,76,11.5,1007.1,2.4,3.1,10,1502.4,0
2019-10-03 10:10:00,3,50,21.9,75,11.5,1007.1,1.7,2.7,14,1502.4,0
2019-10-03 10:13:00,3,50,21.8,76,11.7,1007.2,1.7,2.4,12,1502.4,0
2019-10-03 10:16:00,3,50,21.8,75,12.0,1007.2,1.4,2.4,12,1502.4,0
2019-10-03 10:19:00,3,50,21.8,74,12.0,1007.1,1.4,2.0,12,1502.4,0
2019-10-03 10:22:00,3,50,21.8,74,11.9,1007.1,2.7,4.1,10,1502.4,0
2019-10-03 10:25:00,3,50,21.8,74,11.7,1007.2,1.0,1.7,12,1502.4,0
2019-10-03 10:28:00,3,50,21.8,74,11.7,1007.2,2.7,3.4,13,1502.4,0
2019-10-03 10:31:00,3,50,21.8,74,11.8,1007.3,2.4,3.1,11,1502.4,0
2019-10-03 10:34:00,3,50,21.8,75,12.1,1007.1,0.7,1.4,14,1502.4,0
2019-10-03 10:37:00,3,50,21.8,74,12.2,1007.2,1.4,2.4,12,1502.4,0
2019-10-03 10:40:00,3,50,21.8,73,11.9,1007.1,2.0,2.4,14,1502.4,0
2019-10-03 10:43:00,3,50,21.7,73,11.8,1007.2,1.7,2.4,14,1502.4,0
2019-10-03 10:46:00,3,50,21.7,74,12.1,1007.2,0.7,1.0,14,1502.4,0
2019-10-03 10:49:00,3,50,21.7,71,12.6,1007.1,1.0,1.4,10,1502.4,0
2019-10-03 10:52:00,3,50,21.7,71,12.9,1007.0,2.0,2.4,14,1502.4,0
2019-10-03 10:55:00,3,50,21.7,70,12.8,1007.1,2.0,3.1,10,1502.4,0
2019-10-03 10:58:00,3,51,21.7,70,12.5,1007.0,4.1,5.4,0,1502.4,0
2019-10-03 11:01:00,3,51,21.7,71,12.3,1007.1,2.0,2.4,10,1502.4,0
2019-10-03 11:04:00,3,51,21.7,70,12.6,1007.1,2.4,3.4,10,1502.4,0
2019-10-03 11:07:00,3,51,21.7,70,12.7,1007.1,1.4,2.4,12,1502.4,0
2019-10-03 11:10:00,3,51,21.7,69,12.8,1007.1,2.4,3.4,4,1502.4,0
2019-10-03 11:13:00,3,51,21.7,69,13.0,1007.1,1.4,2.0,12,1502.4,0
2019-10-03 11:16:00,3,51,21.7,69,13.0,1007.2,2.7,3.1,8,1502.4,0
2019-10-03 11:19:00,3,51,21.7,68,12.9,1007.3,2.0,2.7,12,1502.4,0
2019-10-03 11:22:00,3,51,21.7,68,12.7,1007.3,1.0,1.4,12,1502.4,0
2019-10-03 11:25:00,3,51,21.7,68,12.5,1007.2,1.7,2.4,12,1502.4,0
2019-10-03 11:28:00,3,51,21.7,70,12.6,1007.3,1.7,2.4,10,1502.4,0
2019-10-03 11:31:00,3,51,21.7,70,13.0,1007.3,1.7,2.4,10,1502.4,0
2019-10-03 11:34:00,3,51,21.7,70,13.2,1007.3,1.7,2.7,14,1502.4,0
2019-10-03 11:37:00,3,51,21.7,68,13.3,1007.3,2.4,3.4,12,1502.4,0
2019-10-03 11:40:00,3,51,21.7,65,13.1,1007.2,2.0,2.7,12,1502.4,0
2019-10-03 11:43:00,3,51,21.7,67,13.1,1007.2,2.0,3.1,14,1502.4,0
2019-10-03 11:46:00,3,51,21.7,67,12.9,1007.2,1.0,1.7,14,1502.4,0
2019-10-03 11:49:00,3,51,21.7,68,12.6,1007.2,2.4,3.1,14,1502.4,0
2019-10-03 11:52:00,3,51,21.7,71,12.2,1007.5,2.7,3.7,12,1502.4,0
2019-10-03 11:55:00,3,51,21.7,72,12.0,1007.3,2.7,5.1,0,1502.4,0
2019-10-03 11:58:00,3,51,21.7,73,11.8,1007.4,2.0,2.4,8,1502.4,0
2019-10-03 12:01:00,3,51,21.8,73,11.7,1007.4,1.7,2.7,12,1502.4,0
2019-10-03 12:04:00,3,52,21.8,73,11.7,1007.5,1.7,2.7,12,1502.4,0
2019-10-03 12:07:00,3,52,21.8,76,11.3,1007.3,3.7,5.1,13,1502.4,0
2019-10-03 12:10:00,3,52,21.8,77,11.2,1007.5,2.4,2.7,12,1502.4,0
2019-10-03 12:13:00,3,52,21.8,78,11.2,1007.5,2.4,3.1,12,1502.4,0
2019-10-03 12:16:00,3,52,21.8,79,11.2,1007.6,2.0,3.4,12,1502.4,0
2019-10-03 12:19:00,3,52,21.8,80,11.2,1007.7,1.4,1.7,12,1502.4,0
2019-10-03 12:22:00,3,52,21.8,80,11.2,1007.6,1.4,2.0,14,1502.4,0
2019-10-03 12:25:00,3,52,21.8,80,11.1,1007.6,2.7,3.7,14,1502.4,0
2019-10-03 12:28:00,3,52,21.8,80,11.1,1007.7,1.4,2.0,15,1502.4,0
2019-10-03 12:31:00,3,52,21.8,80,11.2,1007.7,4.1,4.8,12,1502.4,0
2019-10-03 12:34:00,3,52,21.8,80,11.0,1007.8,2.4,3.4,14,1502.4,0
2019-10-03 12:37:00,3,52,21.8,81,11.0,1007.6,1.0,1.4,12,1502.4,0
2019-10-03 12:40:00,3,52,21.8,81,11.2,1007.8,1.7,2.0,12,1502.4,0
2019-10-03 12:43:00,3,52,21.8,81,11.3,1007.8,1.4,1.7,11,1502.4,0
2019-10-03 12:46:00,3,52,21.8,80,11.3,1007.8,2.0,3.1,12,1502.4,0
2019-10-03 12:49:00,3,52,21.8,80,11.4,1007.8,1.0,1.4,14,1502.4,0
2019-10-03 12:52:00,3,52,21.8,80,11.5,1007.9,0.7,1.4,12,1502.4,0
2019-10-03 12:55:00,3,52,21.8,80,11.6,1007.8,1.0,1.4,12,1502.4,0
2019-10-03 12:58:00,3,52,21.9,79,11.8,1007.8,0.7,1.0,14,1502.4,0
2019-10-03 13:01:00,3,52,21.9,78,12.1,1007.8,1.7,2.4,14,1502.4,0
2019-10-03 13:04:00,3,52,21.8,76,12.0,1007.8,0.7,1.0,0,1502.4,0
2019-10-03 13:07:00,3,52,21.9,75,12.1,1007.7,1.4,1.7,14,1502.4,0
2019-10-03 13:10:00,3,52,21.9,75,12.0,1007.8,2.0,2.4,12,1502.4,0
2019-10-03 13:13:00,3,52,21.9,75,11.9,1007.8,1.0,1.4,8,1502.4,0
2019-10-03 13:16:00,3,52,21.9,75,11.9,1007.8,1.7,2.4,12,1502.4,0
2019-10-03 13:19:00,3,52,21.9,75,11.8,1007.8,1.7,3.1,12,1502.4,0
2019-10-03 13:22:00,3,52,21.9,75,11.8,1007.8,1.4,1.7,12,1502.4,0
2019-10-03 13:25:00,3,52,21.9,76,11.8,1007.7,2.0,3.1,10,1502.4,0
2019-10-03 13:28:00,3,52,21.9,75,11.7,1007.8,2.7,3.4,14,1502.4,0
2019-10-03 13:31:00,3,52,21.9,75,11.6,1007.9,1.4,2.4,12,1502.4,0
2019-10-03 13:34:00,3,52,21.9,76,11.6,1007.8,1.4,2.0,12,1502.4,0
2019-10-03 13:37:00,3,52,21.9,76,11.6,1007.8,1.0,1.7,12,1502.4,0
2019-10-03 13:40:00,3,52,21.9,76,11.7,1007.8,1.4,1.7,12,1502.4,0
2019-10-03 13:43:00,3,52,21.9,76,11.8,1007.7,1.4,2.0,14,1502.4,0
2019-10-03 13:46:00,3,52,21.9,75,11.8,1007.8,2.4,2.7,12,1502.4,0
2019-10-03 13:49:00,3,52,21.9,74,11.8,1007.7,2.0,3.1,10,1502.4,0
2019-10-03 13:52:00,3,52,21.9,74,11.8,1007.7,0.3,1.0,14,1502.4,0
2019-10-03 13:55:00,3,52,21.9,74,11.8,1007.7,1.0,2.0,10,1502.4,0
2019-10-03 13:58:00,3,52,21.9,75,11.8,1007.7,1.7,2.4,11,1502.4,0
2019-10-03 14:01:00,3,52,21.9,75,11.8,1007.6,1.0,1.7,6,1502.4,0
2019-10-03 14:04:00,3,52,21.9,75,11.8,1007.7,1.0,1.7,6,1502.4,0
2019-10-03 14:07:00,3,52,21.9,75,11.7,1007.6,1.0,1.7,12,1502.4,0
2019-10-03 14:10:00,3,52,21.9,75,11.6,1007.8,1.0,1.4,12,1502.4,0
2019-10-03 14:13:00,3,52,21.9,75,11.6,1007.5,1.4,1.7,14,1502.4,0
2019-10-03 14:16:00,3,52,21.9,75,11.5,1007.6,2.0,3.1,14,1502.4,0
2019-10-03 14:19:00,3,52,21.8,74,11.5,1007.5,0.7,1.0,14,1502.4,0
2019-10-03 14:22:00,3,52,21.9,75,11.5,1007.7,0.3,0.7,14,1502.4,0
2019-10-03 14:25:00,3,52,21.9,75,11.5,1007.7,2.7,3.7,14,1502.4,0
2019-10-03 14:28:00,3,52,21.9,75,11.5,1007.7,1.7,2.0,12,1502.4,0
2019-10-03 14:31:00,3,52,21.9,75,11.6,1007.6,0.3,0.7,2,1502.4,0
2019-10-03 14:34:00,3,52,21.9,75,11.6,1007.7,1.4,1.7,11,1502.4,0
2019-10-03 14:37:00,3,52,21.9,75,11.6,1007.8,0.7,1.0,12,1502.4,0
2019-10-03 14:40:00,3,52,21.9,75,11.7,1007.7,0.7,1.0,12,1502.4,0
2019-10-03 14:43:00,3,52,21.9,76,11.8,1007.7,0.7,1.0,12,1502.4,0
2019-10-03 14:46:00,3,52,21.9,75,11.8,1007.6,1.0,1.4,14,1502.4,0
2019-10-03 14:49:00,3,52,21.9,75,11.8,1007.7,0.7,1.0,12,1502.4,0
2019-10-03 14:52:00,3,52,21.9,75,11.7,1007.7,1.4,1.7,13,1502.4,0
2019-10-03 14:55:00,3,52,21.9,75,11.7,1007.8,1.0,1.7,14,1502.4,0
2019-10-03 14:58:00,3,52,21.9,75,11.6,1007.6,1.0,1.7,14,1502.4,0
2019-10-03 15:01:00,3,52,21.9,75,11.6,1007.7,0.3,0.7,14,1502.4,0
2019-10-03 15:04:00,3,52,21.9,75,11.6,1007.6,0.7,1.0,0,1502.4,0
2019-10-03 15:07:00,3,52,21.9,75,11.6,1007.7,1.0,2.0,14,1502.4,0
2019-10-03 15:10:00,3,52,21.9,75,11.6,1007.7,0.3,0.3,0,1502.4,0
2019-10-03 15:13:00,3,52,21.9,76,11.5,1007.8,0.7,1.0,12,1502.4,0
2019-10-03 15:16:00,3,52,21.9,74,11.5,1007.7,1.0,1.4,14,1502.4,0
2019-10-03 15:19:00,3,52,21.9,74,11.5,1007.8,0.7,1.0,12,1502.4,0
2019-10-03 15:22:00,3,52,21.9,74,11.4,1007.7,1.4,2.4,1,1502.4,0
2019-10-03 15:25:00,3,52,21.9,74,11.4,1007.7,1.0,1.4,0,1502.4,0
2019-10-03 15:28:00,3,52,21.9,73,11.4,1007.6,0.7,1.0,12,1502.4,0
2019-10-03 15:31:00,3,52,21.9,74,11.4,1007.8,0.3,1.0,13,1502.4,0
2019-10-03 15:34:00,3,52,21.9,73,11.4,1007.8,1.0,1.4,12,1502.4,0
2019-10-03 15:37:00,3,52,21.9,73,11.4,1007.8,1.0,1.7,14,1502.4,0
2019-10-03 15:40:00,3,52,21.9,73,11.4,1007.8,1.0,1.7,14,1502.4,0
2019-10-03 15:43:00,3,52,21.9,73,11.4,1007.8,1.0,1.7,12,1502.4,0
2019-10-03 15:46:00,3,52,21.9,73,11.4,1007.9,1.4,2.0,14,1502.4,0
2019-10-03 15:49:00,3,52,21.9,73,11.3,1007.8,1.0,1.4,14,1502.4,0
2019-10-03 15:52:00,3,52,21.9,73,11.2,1007.8,0.7,1.4,12,1502.4,0
2019-10-03 15:55:00,3,52,21.9,73,11.2,1007.9,0.7,1.0,14,1502.4,0
2019-10-03 15:58:00,3,52,21.9,73,11.1,1008.0,1.0,1.4,15,1502.4,0
2019-10-03 16:01:00,3,52,21.9,73,11.0,1007.9,0,0.3,14,1502.4,0
2019-10-03 16:04:00,3,52,21.9,73,11.0,1008.0,0,0.3,14,1502.4,0
2019-10-03 16:07:00,3,52,21.9,73,10.9,1007.9,1.0,1.7,14,1502.4,0
2019-10-03 16:10:00,3,52,21.9,74,10.8,1007.9,0.3,0.7,14,1502.4,0
2019-10-03 16:13:00,3,52,21.9,74,10.8,1008.0,0.7,1.4,12,1502.4,0
2019-10-03 16:16:00,3,52,21.9,74,10.7,1008.0,0.7,1.0,12,1502.4,0
2019-10-03 16:19:00,3,52,21.9,74,10.7,1008.0,0.7,1.0,10,1502.4,0
2019-10-03 16:22:00,3,52,21.9,74,10.6,1008.1,0.7,1.0,14,1502.4,0
2019-10-03 16:25:00,3,52,21.9,74,10.6,1008.0,0.7,1.0,14,1502.4,0
2019-10-03 16:28:00,3,52,21.9,74,10.5,1008.1,0,0.3,14,1502.4,0
2019-10-03 16:31:00,3,52,21.9,74,10.5,1008.2,0.3,0.7,14,1502.4,0
2019-10-03 16:34:00,3,52,21.9,74,10.4,1008.2,0,0,14,1502.4,0
2019-10-03 16:37:00,3,52,21.9,75,10.4,1008.2,0,0,0,1502.4,0
2019-10-03 16:40:00,3,52,21.9,75,10.3,1008.2,0,0,14,1502.4,0
2019-10-03 16:43:00,3,52,21.9,75,10.3,1008.1,0,0,14,1502.4,0
2019-10-03 16:46:00,3,52,21.9,76,10.2,1008.2,0,0,14,1502.4,0
2019-10-03 16:49:00,3,52,21.9,76,10.2,1008.3,0,0.3,14,1502.4,0
2019-10-03 16:52:00,3,52,21.9,76,10.1,1008.2,0.3,0.7,14,1502.4,0
2019-10-03 16:55:00,3,52,21.9,76,10.1,1008.4,0.3,0.7,14,1502.4,0
2019-10-03 16:58:00,3,52,21.9,76,10.1,1008.3,0.7,1.0,14,1502.4,0
2019-10-03 17:01:00,3,52,21.9,77,10.1,1008.3,0.7,1.0,14,1502.4,0
2019-10-03 17:04:00,3,52,21.9,77,10.1,1008.4,0.3,0.7,14,1502.4,0
2019-10-03 17:07:00,3,52,21.9,77,10.1,1008.3,0.3,0.7,12,1502.4,0
2019-10-03 17:10:00,3,52,21.9,77,10.1,1008.4,0,0,14,1502.4,0
2019-10-03 17:13:00,3,52,21.9,78,10.1,1008.4,0.3,0.7,14,1502.4,0
2019-10-03 17:16:00,3,52,21.9,78,10.0,1008.3,0.3,0.7,12,1502.4,0
2019-10-03 17:19:00,3,52,21.9,78,10.0,1008.4,0.3,0.7,14,1502.4,0
2019-10-03 17:22:00,3,52,21.9,78,10.0,1008.4,0.3,0.7,14,1502.4,0
2019-10-03 17:25:00,3,52,21.9,78,10.0,1008.4,0,0.3,14,1502.4,0
2019-10-03 17:28:00,3,52,21.9,78,10.0,1008.4,0,0.3,14,1502.4,0
2019-10-03 17:31:00,3,52,21.9,78,9.9,1008.4,0.7,1.0,12,1502.4,0
2019-10-03 17:34:00,3,52,21.9,78,9.9,1008.5,0.3,0.7,14,1502.4,0
2019-10-03 17:37:00,3,52,21.9,78,9.9,1008.5,0,0.3,14,1502.4,0
2019-10-03 17:40:00,3,52,21.9,78,9.9,1008.5,0,0.3,12,1502.4,0
2019-10-03 17:43:00,3,52,21.9,79,9.9,1008.6,0.3,0.7,14,1502.4,0
2019-10-03 17:46:00,3,52,21.9,79,9.9,1008.6,0.7,1.0,14,1502.4,0
2019-10-03 17:49:00,3,52,21.9,79,9.9,1008.6,0,0,14,1502.4,0
2019-10-03 17:52:00,3,52,21.9,79,9.9,1008.7,0.3,0.7,14,1502.4,0
2019-10-03 17:55:00,3,52,21.9,79,9.9,1008.7,0,0.3,0,1502.4,0
2019-10-03 17:58:00,3,52,21.9,79,9.9,1008.7,0,0,14,1502.4,0
2019-10-03 18:01:00,3,52,21.9,79,9.9,1008.7,0,0,14,1502.4,0
2019-10-03 18:04:00,3,52,21.9,79,9.9,1008.8,0,0,14,1502.4,0
2019-10-03 18:07:00,3,52,21.9,79,9.8,1008.8,0.3,0.7,14,1502.4,0
2019-10-03 18:10:00,3,52,21.9,79,9.8,1008.8,0.3,0.7,14,1502.4,0
2019-10-03 18:13:00,3,52,21.9,79,9.8,1008.7,0,0,12,1502.4,0
2019-10-03 18:16:00,3,52,21.9,80,9.8,1008.8,0,0,12,1502.4,0
2019-10-03 18:19:00,3,52,21.9,80,9.7,1008.8,0,0,12,1502.4,0
2019-10-03 18:22:00,3,52,21.9,80,9.7,1008.9,0,0,14,1502.4,0
2019-10-03 18:25:00,3,52,21.9,80,9.7,1008.8,0,0,14,1502.4,0
2019-10-03 18:28:00,3,52,21.9,80,9.6,1008.9,0,0,14,1502.4,0
2019-10-03 18:31:00,3,52,21.9,80,9.5,1008.8,0,0,14,1502.4,0
2019-10-03 18:34:00,3,52,21.9,80,9.4,1008.9,0,0,14,1502.4,0
2019-10-03 18:37:00,3,52,21.9,80,9.3,1008.8,0,0,14,1502.4,0
2019-10-03 18:40:00,3,52,21.9,80,9.1,1008.7,0,0,14,1502.4,0
2019-10-03 18:43:00,3,52,21.9,81,9.0,1008.9,0,0,14,1502.4,0
2019-10-03 18:46:00,3,52,21.9,81,8.9,1008.8,0,0,14,1502.4,0
2019-10-03 18:49:00,3,52,21.9,81,8.7,1008.9,0,0,14,1502.4,0
2019-10-03 18:52:00,3,52,21.9,81,8.6,1008.8,0,0,14,1502.4,0
2019-10-03 18:55:00,3,52,21.9,81,8.4,1008.9,0,0,14,1502.4,0
2019-10-03 18:58:00,3,52,21.9,82,8.3,1008.8,0,0,14,1502.4,0
2019-10-03 19:01:00,3,52,21.9,82,8.1,1008.9,0,0,14,1502.4,0
2019-10-03 19:04:00,3,52,21.9,82,8.0,1009.0,0,0,14,1502.4,0
2019-10-03 19:07:00,3,52,21.9,82,7.9,1009.0,0,0,14,1502.4,0
2019-10-03 19:10:00,3,52,21.9,83,7.8,1009.1,0,0,14,1502.4,0
2019-10-03 19:13:00,3,52,21.9,83,7.7,1009.1,0,0,14,1502.4,0
2019-10-03 19:16:00,3,52,21.9,84,7.6,1009.1,0,0,14,1502.4,0
2019-10-03 19:19:00,3,52,21.9,84,7.6,1009.1,0,0,14,1502.4,0
2019-10-03 19:22:00,3,52,21.9,84,7.5,1009.2,0,0,14,1502.4,0
2019-10-03 19:25:00,3,51,21.9,90,7.4,1009.2,0,0,14,1502.4,0
2019-10-03 19:28:00,3,51,21.9,90,7.4,1009.2,0,0,14,1502.4,0
2019-10-03 19:31:00,3,51,21.9,90,7.3,1009.3,0,0,14,1502.4,0
2019-10-03 19:34:00,3,51,21.9,90,7.3,1009.2,0,0,14,1502.4,0
2019-10-03 19:37:00,3,51,21.9,91,7.3,1009.3,0,0.3,0,1502.4,0
2019-10-03 19:40:00,3,51,21.9,91,7.3,1009.1,0,0.3,0,1502.4,0
2019-10-03 19:43:00,3,51,21.9,91,7.3,1009.2,0,0,0,1502.4,0
2019-10-03 19:46:00,3,51,21.9,92,7.3,1009.2,0,0,0,1502.4,0
2019-10-03 19:49:00,3,51,21.9,92,7.3,1009.3,0,0,14,1502.4,0
2019-10-03 19:52:00,3,51,21.9,92,7.3,1009.4,0,0,14,1502.4,0
2019-10-03 19:55:00,3,51,21.9,92,7.3,1009.4,0,0,14,1502.4,0
2019-10-03 19:58:00,3,51,21.9,93,7.3,1009.2,0,0,14,1502.4,0
2019-10-03 20:01:00,3,51,21.9,93,7.3,1009.2,0,0,14,1502.4,0
2019-10-03 20:04:00,3,51,21.9,93,7.3,1009.2,0,0,14,1502.4,0
2019-10-03 20:07:00,3,51,21.9,93,7.3,1009.1,0,0,14,1502.4,0
2019-10-03 20:10:00,3,51,21.9,93,7.4,1009.2,0,0,14,1502.4,0
2019-10-03 20:13:00,3,51,21.9,93,7.4,1009.2,0,0,14,1502.4,0
2019-10-03 20:16:00,3,51,21.9,94,7.4,1009.2,0,0,2,1502.4,0
2019-10-03 20:19:00,3,51,21.9,94,7.4,1009.1,0,0,2,1502.4,0
2019-10-03 20:22:00,3,51,21.9,94,7.4,1009.2,0,0,2,1502.4,0
2019-10-03 20:25:00,3,51,21.9,94,7.4,1009.2,0,0,2,1502.4,0
2019-10-03 20:28:00,3,51,21.9,94,7.4,1009.1,0,0,2,1502.4,0
2019-10-03 20:31:00,3,51,21.9,94,7.4,1009.2,0,0,2,1502.4,0
2019-10-03 20:34:00,3,51,21.9,94,7.4,1009.2,0,0,12,1502.4,0
2019-10-03 20:37:00,3,51,21.9,95,7.4,1009.2,0,0,14,1502.4,0
2019-10-03 20:40:00,3,51,21.9,95,7.4,1009.1,0,0,14,1502.4,0
2019-10-03 20:43:00,3,51,21.9,95,7.3,1009.1,0,0.3,0,1502.4,0
2019-10-03 20:46:00,3,51,21.8,95,7.3,1009.1,0,0,0,1502.4,0
2019-10-03 20:49:00,3,51,21.8,95,7.3,1009.1,0,0,0,1502.4,0
2019-10-03 20:52:00,3,51,21.8,95,7.2,1009.2,0,0,0,1502.4,0
2019-10-03 20:55:00,3,51,21.9,95,7.2,1009.1,0,0,0,1502.4,0
2019-10-03 20:58:00,3,51,21.8,95,7.1,1009.2,0,0,0,1502.4,0
2019-10-03 21:01:00,3,51,21.8,95,7.1,1009.1,0,0,0,1502.4,0
2019-10-03 21:04:00,3,51,21.8,95,7.1,1009.1,0,0,0,1502.4,0
2019-10-03 21:07:00,3,51,21.8,95,7.0,1009.2,0,0,0,1502.4,0
2019-10-03 21:10:00,3,51,21.8,95,7.0,1009.1,0,0,0,1502.4,0
2019-10-03 21:13:00,3,51,21.8,95,7.0,1009.1,0,0,0,1502.4,0
2019-10-03 21:16:00,3,51,21.8,95,6.9,1009.1,0,0,0,1502.4,0
2019-10-03 21:19:00,3,51,21.8,95,6.9,1009.1,0,0,0,1502.4,0
2019-10-03 21:22:00,3,51,21.8,95,6.9,1009.0,0,0,0,1502.4,0
2019-10-03 21:25:00,3,51,21.8,95,6.8,1009.0,0,0,0,1502.4,0
2019-10-03 21:28:00,3,51,21.8,95,6.7,1008.9,0,0,0,1502.4,0
2019-10-03 21:31:00,3,51,21.8,95,6.6,1008.9,0,0,0,1502.4,0
2019-10-03 21:34:00,3,51,21.7,95,6.5,1008.9,0,0,0,1502.4,0
2019-10-03 21:37:00,3,51,21.7,95,6.4,1008.9,0,0,0,1502.4,0
2019-10-03 21:40:00,3,51,21.7,95,6.4,1008.9,0,0,0,1502.4,0
2019-10-03 21:43:00,3,51,21.7,95,6.3,1008.8,0,0,0,1502.4,0
2019-10-03 21:46:00,3,51,21.7,96,6.3,1008.9,0,0,0,1502.4,0
2019-10-03 21:49:00,3,51,21.7,96,6.2,1008.8,0,0,0,1502.4,0
2019-10-03 21:52:00,3,51,21.7,96,6.2,1008.8,0,0,0,1502.4,0
2019-10-03 21:55:00,3,51,21.7,96,6.2,1008.8,0,0,0,1502.4,0
2019-10-03 21:58:00,3,51,21.7,96,6.2,1008.7,0,0,0,1502.4,0
2019-10-03 22:01:00,3,51,21.7,96,6.2,1008.8,0,0,0,1502.4,0
2019-10-03 22:04:00,3,51,21.6,96,6.2,1008.8,0,0,0,1502.4,0
2019-10-03 22:07:00,3,51,21.6,96,6.3,1008.7,0,0,0,1502.4,0
2019-10-03 22:10:00,3,51,21.6,96,6.3,1008.7,0,0.3,0,1502.4,0
2019-10-03 22:13:00,3,51,21.6,96,6.4,1008.7,0,0,0,1502.4,0
2019-10-03 22:16:00,3,51,21.6,96,6.4,1008.8,0,0,0,1502.4,0
2019-10-03 22:19:00,3,51,21.6,97,6.4,1008.8,0,0,0,1502.4,0
2019-10-03 22:22:00,3,51,21.6,97,6.4,1008.7,0,0,0,1502.4,0
2019-10-03 22:25:00,3,51,21.5,97,6.5,1008.8,0,0,0,1502.4,0
2019-10-03 22:28:00,3,51,21.5,97,6.5,1008.8,0,0,2,1502.4,0
2019-10-03 22:31:00,3,51,21.5,97,6.6,1008.7,0,0,14,1502.4,0
2019-10-03 22:34:00,3,51,21.5,97,6.6,1008.7,0,0,0,1502.4,0
2019-10-03 22:37:00,3,51,21.5,97,6.6,1008.7,0,0,0,1502.4,0
2019-10-03 22:40:00,3,51,21.5,97,6.6,1008.5,0,0,0,1502.4,0
2019-10-03 22:43:00,3,51,21.5,97,6.6,1008.5,0,0,0,1502.4,0
2019-10-03 22:46:00,3,51,21.5,98,6.6,1008.6,0,0,0,1502.4,0
2019-10-03 22:49:00,3,51,21.4,98,6.6,1008.6,0,0.3,0,1502.4,0
2019-10-03 22:52:00,3,51,21.4,98,6.6,1008.5,0,0,0,1502.4,0
2019-10-03 22:55:00,3,51,21.4,98,6.6,1008.5,0,0,10,1502.4,0
2019-10-03 22:58:00,3,51,21.3,98,6.6,1008.5,0,0.3,10,1502.4,0
2019-10-03 23:01:00,3,51,21.3,98,6.6,1008.4,0,0,0,1502.4,0
2019-10-03 23:04:00,3,51,21.3,98,6.6,1008.4,0,0,0,1502.4,0
2019-10-03 23:07:00,3,51,21.3,98,6.6,1008.4,0,0,0,1502.4,0
2019-10-03 23:10:00,3,51,21.3,98,6.6,1008.3,0,0,0,1502.4,0
2019-10-03 23:13:00,3,51,21.3,98,6.6,1008.5,0,0,0,1502.4,0
2019-10-03 23:16:00,3,50,21.3,99,6.6,1008.5,0,0,0,1502.4,0
2019-10-03 23:19:00,3,51,21.3,99,6.6,1008.4,0,0,2,1502.4,0
2019-10-03 23:22:00,3,50,21.2,99,6.7,1008.3,0,0,2,1502.4,0
2019-10-03 23:25:00,3,50,21.2,99,6.7,1008.4,0,0,2,1502.4,0
2019-10-03 23:28:00,3,51,21.2,99,6.7,1008.4,0,0,12,1502.4,0
2019-10-03 23:31:00,3,50,21.2,99,6.7,1008.4,0,0,12,1502.4,0
2019-10-03 23:34:00,3,51,21.2,99,6.7,1008.3,0,0,0,1502.4,0
2019-10-03 23:37:00,3,51,21.2,99,6.7,1008.4,0,0,4,1502.4,0
2019-10-03 23:40:00,3,50,21.2,99,6.7,1008.3,0,0,4,1502.4,0
2019-10-03 23:43:00,3,50,21.2,99,6.7,1008.4,0,0,12,1502.4,0
2019-10-03 23:46:00,3,50,21.1,99,6.8,1008.3,0,0.3,14,1502.4,0
2019-10-03 23:49:00,3,51,21.1,99,6.9,1008.3,0,0,4,1502.4,0
2019-10-03 23:52:00,3,50,21.1,99,6.9,1008.1,0,0,4,1502.4,0
2019-10-03 23:55:00,3,50,21.1,99,6.9,1008.1,0,0,0,1502.4,0
2019-10-03 23:58:00,3,50,21.1,99,6.9,1008.0,0,0,0,1502.4,0
