2019-10-28 00:01:00,3,50,21.0,82,6.2,1012.5,0.7,1.0,12,1535.1,0
2019-10-28 00:04:00,3,51,20.9,83,6.2,1012.5,1.0,1.7,14,1535.1,0
2019-10-28 00:07:00,3,51,20.9,83,6.2,1012.5,1.0,1.7,12,1535.1,0
2019-10-28 00:10:00,3,51,20.9,83,6.2,1012.5,1.0,1.4,10,1535.1,0
2019-10-28 00:13:00,3,51,20.9,83,6.2,1012.6,1.0,1.4,0,1535.1,0
2019-10-28 00:16:00,3,51,20.9,83,6.2,1012.5,1.7,2.4,10,1535.1,0
2019-10-28 00:19:00,3,51,20.9,83,6.2,1012.5,0.7,1.0,10,1535.1,0
2019-10-28 00:22:00,3,51,20.9,83,6.2,1012.5,1.0,1.7,10,1535.1,0
2019-10-28 00:25:00,3,51,20.8,83,6.2,1012.5,0.7,1.0,8,1535.1,0
2019-10-28 00:28:00,3,51,20.8,83,6.2,1012.5,1.0,1.4,8,1535.1,0
2019-10-28 00:31:00,3,51,20.8,83,6.2,1012.4,0.7,1.0,10,1535.1,0
2019-10-28 00:34:00,3,51,20.7,83,6.2,1012.4,1.4,2.0,10,1535.1,0
2019-10-28 00:37:00,3,51,20.7,83,6.2,1012.4,1.0,1.7,10,1535.1,0
2019-10-28 00:40:00,3,51,20.7,83,6.2,1012.4,1.0,1.7,10,1535.1,0
2019-10-28 00:43:00,3,51,20.7,83,6.2,1012.4,1.0,1.4,12,1535.1,0
2019-10-28 00:46:00,3,51,20.7,83,6.1,1012.3,1.4,1.7,10,1535.1,0
2019-10-28 00:49:00,3,51,20.7,83,6.1,1012.2,1.4,1.7,12,1535.1,0
2019-10-28 00:52:00,3,51,20.7,83,6.1,1012.3,0.7,1.4,10,1535.1,0
2019-10-28 00:55:00,3,51,20.7,83,6.1,1012.3,0.7,1.4,12,1535.1,0
2019-10-28 00:58:00,3,51,20.6,83,6.1,1012.2,2.0,2.7,12,1535.1,0
2019-10-28 01:01:00,3,51,20.6,83,6.2,1012.3,1.7,2.7,12,1535.1,0
2019-10-28 01:04:00,3,51,20.6,83,6.2,1012.2,1.7,2.7,12,1535.1,0
2019-10-28 01:07:00,3,51,20.6,83,6.2,1012.3,1.7,2.4,10,1535.1,0
2019-10-28 01:10:00,3,51,20.6,83,6.3,1012.3,1.0,1.4,8,1535.1,0
2019-10-28 01:13:00,3,51,20.6,83,6.2,1012.4,1.0,1.7,10,1535.1,0
2019-10-28 01:16:00,3,51,20.5,83,6.3,1012.2,1.0,1.7,10,1535.1,0
2019-10-28 01:19:00,3,51,20.5,83,6.3,1012.3,1.4,2.4,14,1535.1,0
2019-10-28 01:22:00,3,51,20.5,83,6.3,1012.3,1.0,1.4,10,1535.1,0
2019-10-28 01:25:00,3,51,20.5,83,6.3,1012.3,1.0,1.7,10,1535.1,0
2019-10-28 01:28:00,3,51,20.5,83,6.3,1012.2,1.4,2.0,10,1535.1,0
2019-10-28 01:31:00,3,51,20.5,83,6.3,1012.2,1.0,1.4,10,1535.1,0
2019-10-28 01:34:00,3,51,20.5,83,6.3,1012.2,1.0,1.4,10,1535.1,0
2019-10-28 01:37:00,3,51,20.4,83,6.3,1012.2,1.0,1.4,12,1535.1,0
2019-10-28 01:40:00,3,51,20.4,83,6.3,1012.1,1.7,2.7,10,1535.1,0
2019-10-28 01:43:00,3,51,20.4,83,6.3,1012.2,1.0,1.4,10,1535.1,0
2019-10-28 01:46:00,3,51,20.4,83,6.2,1012.1,1.0,1.4,12,1535.1,0
2019-10-28 01:49:00,3,51,20.4,83,6.2,1012.2,1.4,2.0,10,1535.1,0
2019-10-28 01:52:00,3,51,20.4,83,6.2,1012.1,0.7,1.0,12,1535.1,0
2019-10-28 01:55:00,3,51,20.4,83,6.2,1012.1,0.7,1.0,12,1535.1,0
2019-10-28 01:58:00,3,51,20.4,83,6.2,1012.2,1.0,2.0,10,1535.1,0
2019-10-28 02:01:00,3,51,20.3,83,6.2,1012.1,1.7,2.0,12,1535.1,0
2019-10-28 02:04:00,3,51,20.3,83,6.2,1012.1,0.7,1.4,10,1535.1,0
2019-10-28 02:07:00,3,51,20.3,83,6.1,1012.1,1.0,1.4,10,1535.1,0
2019-10-28 02:10:00,3,51,20.3,83,6.1,1012.0,1.0,1.4,10,1535.1,0
2019-10-28 02:13:00,3,51,20.3,83,6.1,1011.9,1.4,1.7,10,1535.1,0
2019-10-28 02:16:00,3,51,20.3,83,6.1,1012.0,2.0,2.7,10,1535.1,0
2019-10-28 02:19:00,3,51,20.3,83,6.1,1011.9,0.7,1.0,10,1535.1,0
2019-10-28 02:22:00,3,51,20.3,83,6.1,1011.9,1.0,1.4,10,1535.1,0
2019-10-28 02:25:00,3,51,20.2,83,6.1,1011.9,1.0,1.4,10,1535.1,0
2019-10-28 02:28:00,3,51,20.2,84,6.0,1011.8,0.7,1.0,8,1535.1,0
2019-10-28 02:31:00,3,51,20.2,84,6.0,1011.9,0.7,1.0,14,1535.1,0
2019-10-28 02:34:00,3,51,20.2,84,6.0,1011.9,0.7,1.0,10,1535.1,0
2019-10-28 02:37:00,3,51,20.2,84,5.9,1011.9,1.0,1.4,12,1535.1,0
2019-10-28 02:40:00,3,51,20.1,84,5.9,1011.9,0.7,1.0,10,1535.1,0
2019-10-28 02:43:00,3,51,20.1,84,5.9,1011.9,1.0,1.4,10,1535.1,0
2019-10-28 02:46:00,3,51,20.1,84,5.9,1011.9,1.0,1.4,10,1535.1,0
2019-10-28 02:49:00,3,51,20.1,84,5.8,1011.9,0.7,1.0,12,1535.1,0
2019-10-28 02:52:00,3,51,20.1,84,5.8,1011.8,0.7,1.4,10,1535.1,0
2019-10-28 02:55:00,3,51,20.1,84,5.8,1011.9,0.3,0.7,12,1535.1,0
2019-10-28 02:58:00,3,51,20.1,84,5.8,1011.9,0.3,0.7,10,1535.1,0
2019-10-28 03:01:00,3,51,20.1,84,5.7,1011.9,0.3,0.7,11,1535.1,0
2019-10-28 03:04:00,3,51,20.1,84,5.7,1011.9,0.3,0.7,11,1535.1,0
2019-10-28 03:07:00,3,51,20.0,84,5.6,1011.9,0.3,1.0,8,1535.1,0
2019-10-28 03:10:00,3,51,20.0,85,5.6,1012.0,0.3,0.7,8,1535.1,0
2019-10-28 03:13:00,3,51,20.0,85,5.5,1011.9,0.3,0.7,14,1535.1,0
2019-10-28 03:16:00,3,51,20.0,85,5.5,1011.9,0.3,0.7,12,1535.1,0
2019-10-28 03:19:00,3,51,20.0,85,5.5,1011.9,0.7,0.7,14,1535.1,0
2019-10-28 03:22:00,3,51,20.0,85,5.4,1011.9,0.7,1.0,10,1535.1,0
2019-10-28 03:25:00,3,51,20.0,85,5.4,1011.9,0.3,0.7,12,1535.1,0
2019-10-28 03:28:00,3,51,20.0,85,5.4,1012.0,0.7,1.0,10,1535.1,0
2019-10-28 03:31:00,3,52,19.9,85,5.4,1011.9,0.7,1.0,12,1535.1,0
2019-10-28 03:34:00,3,52,19.9,85,5.4,1011.8,0.7,1.0,10,1535.1,0
2019-10-28 03:37:00,3,52,19.9,86,5.4,1012.0,0.3,0.7,10,1535.1,0
2019-10-28 03:40:00,3,52,19.8,86,5.4,1012.0,1.0,1.0,12,1535.1,0
2019-10-28 03:43:00,3,52,19.8,86,5.4,1012.0,1.0,1.4,10,1535.1,0
2019-10-28 03:46:00,3,52,19.8,86,5.4,1012.0,0.7,1.0,10,1535.1,0
2019-10-28 03:49:00,3,52,19.8,86,5.4,1011.9,0,0.7,10,1535.1,0
2019-10-28 03:52:00,3,52,19.8,86,5.3,1011.9,0.3,0.7,10,1535.1,0
2019-10-28 03:55:00,3,52,19.8,86,5.3,1011.8,1.0,1.4,11,1535.1,0
2019-10-28 03:58:00,3,52,19.7,86,5.3,1011.9,0.7,1.0,10,1535.1,0
2019-10-28 04:01:00,3,52,19.7,86,5.3,1011.8,1.0,1.4,10,1535.1,0
2019-10-28 04:04:00,3,52,19.7,86,5.3,1011.9,0.3,0.7,12,1535.1,0
2019-10-28 04:07:00,3,52,19.7,87,5.3,1011.7,0.7,1.0,10,1535.1,0
2019-10-28 04:10:00,3,52,19.7,87,5.3,1011.9,0.7,1.0,12,1535.1,0
2019-10-28 04:13:00,3,52,19.7,87,5.3,1011.8,0.7,1.0,10,1535.1,0
2019-10-28 04:16:00,3,52,19.7,87,5.3,1011.9,1.0,1.4,12,1535.1,0
2019-10-28 04:19:00,3,52,19.7,87,5.4,1011.9,0.7,1.0,10,1535.1,0
2019-10-28 04:22:00,3,52,19.7,87,5.3,1011.9,0.3,0.7,12,1535.1,0
2019-10-28 04:25:00,3,52,19.7,87,5.3,1011.8,0.3,0.7,12,1535.1,0
2019-10-28 04:28:00,3,52,19.6,87,5.2,1011.8,0.3,1.0,10,1535.1,0
2019-10-28 04:31:00,3,52,19.6,87,5.2,1011.9,0.3,0.7,10,1535.1,0
2019-10-28 04:34:00,3,52,19.6,87,5.2,1011.9,0.3,0.7,12,1535.1,0
2019-10-28 04:37:00,3,52,19.6,87,5.2,1011.9,0.7,1.0,12,1535.1,0
2019-10-28 04:40:00,3,52,19.6,87,5.2,1011.8,0.7,1.0,10,1535.1,0
2019-10-28 04:43:00,3,52,19.6,87,5.2,1011.9,0.7,1.0,10,1535.1,0
2019-10-28 04:46:00,3,52,19.6,87,5.2,1011.9,0.7,1.0,10,1535.1,0
2019-10-28 04:49:00,3,52,19.6,87,5.2,1011.9,0.3,1.0,10,1535.1,0
2019-10-28 04:52:00,3,52,19.5,87,5.2,1011.9,0,0,12,1535.1,0
2019-10-28 04:55:00,3,52,19.5,87,5.1,1011.9,0,0.3,12,1535.1,0
2019-10-28 04:58:00,3,52,19.5,87,5.1,1011.9,0,0.3,10,1535.1,0
2019-10-28 05:01:00,3,52,19.5,87,5.1,1012.0,0.7,1.0,14,1535.1,0
2019-10-28 05:04:00,3,52,19.5,87,5.1,1012.0,0.7,1.0,14,1535.1,0
2019-10-28 05:07:00,3,52,19.5,88,5.1,1012.0,0,0.3,12,1535.1,0
2019-10-28 05:10:00,3,52,19.6,88,5.0,1012.1,0,0,12,1535.1,0
2019-10-28 05:13:00,3,52,19.6,88,5.0,1012.1,0,0.3,12,1535.1,0
2019-10-28 05:16:00,3,52,19.6,88,5.0,1012.1,0,0.3,6,1535.1,0
2019-10-28 05:19:00,3,52,19.6,88,5.0,1012.2,0,0,10,1535.1,0
2019-10-28 05:22:00,3,52,19.6,88,4.9,1012.2,0,0,12,1535.1,0
2019-10-28 05:25:00,3,52,19.6,88,4.9,1012.2,0,0,12,1535.1,0
2019-10-28 05:28:00,3,52,19.7,88,4.8,1012.2,0,0,14,1535.1,0
2019-10-28 05:31:00,3,52,19.7,88,4.8,1012.3,0,0,10,1535.1,0
2019-10-28 05:34:00,3,52,19.7,88,4.7,1012.2,0,0,14,1535.1,0
2019-10-28 05:37:00,3,52,19.7,87,4.7,1012.2,0,0,10,1535.1,0
2019-10-28 05:40:00,3,52,19.8,87,4.6,1012.3,0,0,14,1535.1,0
2019-10-28 05:43:00,3,52,19.8,87,4.6,1012.3,0.3,1.0,12,1535.1,0
2019-10-28 05:46:00,3,52,19.8,88,4.6,1012.3,0,0,12,1535.1,0
2019-10-28 05:49:00,3,52,19.8,88,4.6,1012.4,0,0.7,12,1535.1,0
2019-10-28 05:52:00,3,51,20.0,88,4.6,1012.4,0.3,0.7,12,1535.1,0
2019-10-28 05:55:00,3,51,20.0,88,4.7,1012.3,0,0.3,10,1535.1,0
2019-10-28 05:58:00,3,50,20.0,88,4.7,1012.4,0,0,12,1535.1,0
2019-10-28 06:01:00,3,50,20.0,88,4.8,1012.4,0.3,0.7,12,1535.1,0
2019-10-28 06:04:00,3,50,20.1,88,4.8,1012.5,0,0.3,12,1535.1,0
2019-10-28 06:07:00,3,50,20.1,89,4.8,1012.4,0,0.7,10,1535.1,0
2019-10-28 06:10:00,3,50,20.1,89,4.8,1012.5,0,0.3,0,1535.1,0
2019-10-28 06:13:00,3,50,20.1,89,4.8,1012.5,0.3,0.7,12,1535.1,0
2019-10-28 06:16:00,3,50,20.1,89,4.8,1012.6,0,0,12,1535.1,0
2019-10-28 06:19:00,3,50,20.2,89,4.8,1012.6,0,0.3,12,1535.1,0
2019-10-28 06:22:00,3,50,20.2,89,4.8,1012.7,0,0,12,1535.1,0
2019-10-28 06:25:00,3,50,20.2,89,4.9,1012.7,0,0,10,1535.1,0
2019-10-28 06:28:00,3,50,20.3,89,5.0,1012.7,0.3,0.3,12,1535.1,0
2019-10-28 06:31:00,3,50,20.3,89,5.0,1012.7,0,0,10,1535.1,0
2019-10-28 06:34:00,3,51,20.3,89,5.1,1012.7,0,0,10,1535.1,0
2019-10-28 06:37:00,3,50,20.5,89,5.1,1012.9,0,0,12,1535.1,0
2019-10-28 06:40:00,3,50,20.7,89,5.3,1012.9,0,0.3,12,1535.1,0
2019-10-28 06:43:00,3,50,20.9,90,5.4,1012.9,0.7,1.0,12,1535.1,0
2019-10-28 06:46:00,3,49,21.1,90,5.7,1012.9,0,0,10,1535.1,0
2019-10-28 06:49:00,3,48,21.2,90,5.9,1012.9,0,0.7,10,1535.1,0
2019-10-28 06:52:00,3,47,21.3,90,6.1,1013.1,0.7,1.0,10,1535.1,0
2019-10-28 06:55:00,3,47,21.4,90,6.2,1013.1,0,0.7,10,1535.1,0
2019-10-28 06:58:00,3,46,21.5,89,6.2,1013.0,0.7,1.0,10,1535.1,0
2019-10-28 07:01:00,3,46,21.6,89,6.2,1013.1,0,0.3,10,1535.1,0
2019-10-28 07:04:00,3,46,21.7,89,6.2,1013.1,0,0.3,10,1535.1,0
2019-10-28 07:07:00,3,46,21.7,89,6.2,1013.1,0,0.3,10,1535.1,0
2019-10-28 07:10:00,3,46,21.8,89,6.2,1013.2,0.7,1.0,12,1535.1,0
2019-10-28 07:13:00,3,46,21.8,89,6.3,1013.2,0.7,1.0,12,1535.1,0
2019-10-28 07:16:00,3,45,22.0,89,6.3,1013.3,0.7,1.0,10,1535.1,0
2019-10-28 07:19:00,3,44,22.1,89,6.4,1013.3,0.7,1.4,10,1535.1,0
2019-10-28 07:22:00,3,44,22.2,89,6.5,1013.4,1.0,1.4,10,1535.1,0
2019-10-28 07:25:00,3,43,22.2,89,6.6,1013.4,1.0,1.4,10,1535.1,0
2019-10-28 07:28:00,3,43,22.3,89,6.7,1013.6,2.0,2.7,10,1535.1,0
2019-10-28 07:31:00,3,43,22.3,88,6.7,1013.5,1.7,2.0,12,1535.1,0
2019-10-28 07:34:00,3,42,22.5,88,6.8,1013.4,2.0,3.4,10,1535.1,0
2019-10-28 07:37:00,3,42,22.6,88,6.9,1013.4,2.0,2.7,14,1535.1,0
2019-10-28 07:40:00,3,42,22.6,87,7.0,1013.5,1.4,1.7,12,1535.1,0
2019-10-28 07:43:00,3,42,22.6,87,7.0,1013.5,1.0,1.4,14,1535.1,0
2019-10-28 07:46:00,3,42,22.7,86,7.1,1013.5,0.7,1.0,10,1535.1,0
2019-10-28 07:49:00,3,42,22.7,86,7.2,1013.6,2.0,2.4,14,1535.1,0
2019-10-28 07:52:00,3,42,22.7,86,7.3,1013.7,1.0,1.7,8,1535.1,0
2019-10-28 07:55:00,3,42,22.8,86,7.4,1013.7,2.0,2.7,12,1535.1,0
2019-10-28 07:58:00,3,41,22.9,80,7.5,1013.7,0.7,1.0,12,1535.1,0
2019-10-28 08:01:00,3,41,22.9,80,7.6,1013.8,2.0,2.7,11,1535.1,0
2019-10-28 08:04:00,3,42,23.0,80,7.7,1013.9,1.4,1.7,10,1535.1,0
2019-10-28 08:07:00,3,41,23.0,80,7.8,1013.9,2.0,2.7,0,1535.1,0
2019-10-28 08:10:00,3,41,23.0,79,7.9,1013.8,2.4,3.1,12,1535.1,0
2019-10-28 08:13:00,3,41,23.1,79,8.0,1013.9,1.4,1.7,12,1535.1,0
2019-10-28 08:16:00,3,41,23.1,78,8.0,1013.8,1.4,2.0,12,1535.1,0
2019-10-28 08:19:00,3,41,23.1,77,8.0,1013.9,2.0,2.7,11,1535.1,0
2019-10-28 08:22:00,3,40,23.3,77,8.1,1013.8,1.0,1.4,7,1535.1,0
2019-10-28 08:25:00,3,40,23.3,77,8.2,1014.0,1.7,2.4,10,1535.1,0
2019-10-28 08:28:00,3,40,23.3,77,8.3,1013.9,1.7,2.4,12,1535.1,0
2019-10-28 08:31:00,3,40,23.4,76,8.4,1013.8,1.0,1.7,10,1535.1,0
2019-10-28 08:34:00,3,40,23.4,76,8.4,1013.9,2.0,2.7,12,1535.1,0
2019-10-28 08:37:00,3,40,23.4,75,8.5,1013.9,3.1,4.4,12,1535.1,0
2019-10-28 08:40:00,3,40,23.5,75,8.7,1014.0,1.7,2.4,10,1535.1,0
2019-10-28 08:43:00,3,40,23.5,75,8.7,1014.0,1.4,2.0,12,1535.1,0
2019-10-28 08:46:00,3,40,23.5,75,8.9,1014.0,1.0,1.4,12,1535.1,0
2019-10-28 08:49:00,3,40,23.6,74,8.9,1014.0,1.4,2.4,14,1535.1,0
2019-10-28 08:52:00,3,40,23.6,74,8.9,1014.1,1.0,1.4,9,1535.1,0
2019-10-28 08:55:00,3,40,23.6,74,9.0,1014.1,2.0,2.4,12,1535.1,0
2019-10-28 08:58:00,3,40,23.6,74,9.1,1014.0,1.0,2.0,12,1535.1,0
2019-10-28 09:01:00,3,40,23.7,74,9.1,1014.1,2.4,3.4,14,1535.1,0
2019-10-28 09:04:00,3,39,23.7,74,9.1,1014.1,2.4,3.4,14,1535.1,0
2019-10-28 09:07:00,3,39,23.7,73,9.2,1014.2,1.0,1.4,14,1535.1,0
2019-10-28 09:10:00,3,39,23.8,74,9.4,1014.3,1.4,2.0,10,1535.1,0
2019-10-28 09:13:00,3,39,23.8,73,9.6,1014.2,0.7,1.4,12,1535.1,0
2019-10-28 09:16:00,3,39,23.8,73,9.9,1014.3,1.7,2.4,12,1535.1,0
2019-10-28 09:19:00,3,40,23.7,72,10.0,1014.3,1.4,1.7,10,1535.1,0
2019-10-28 09:22:00,3,40,23.6,72,10.3,1014.3,1.0,1.4,12,1535.1,0
2019-10-28 09:25:00,3,40,23.4,72,10.6,1014.3,1.0,1.4,14,1535.1,0
2019-10-28 09:28:00,3,41,23.3,71,10.9,1014.2,1.4,1.7,0,1535.1,0
2019-10-28 09:31:00,3,41,23.2,71,11.1,1014.3,1.0,1.7,10,1535.1,0
2019-10-28 09:34:00,3,41,23.1,69,11.1,1014.2,1.7,2.4,10,1535.1,0
2019-10-28 09:37:00,3,42,23.0,69,11.1,1014.2,2.7,3.7,12,1535.1,0
2019-10-28 09:40:00,3,41,22.9,68,11.0,1014.3,1.7,2.0,12,1535.1,0
2019-10-28 09:43:00,3,41,22.9,68,11.0,1014.2,0.7,1.4,10,1535.1,0
2019-10-28 09:46:00,3,42,22.7,68,11.0,1014.3,2.0,3.1,10,1535.1,0
2019-10-28 09:49:00,3,42,22.7,69,11.2,1014.3,1.0,1.4,10,1535.1,0
2019-10-28 09:52:00,3,42,22.7,69,11.6,1014.2,1.0,1.7,10,1535.1,0
2019-10-28 09:55:00,3,42,22.7,67,11.7,1014.1,2.4,3.1,12,1535.1,0
2019-10-28 09:58:00,3,42,22.6,66,11.6,1014.2,1.4,2.0,9,1535.1,0
2019-10-28 10:01:00,3,42,22.6,65,11.6,1014.1,1.7,2.4,12,1535.1,0
2019-10-28 10:04:00,3,42,22.6,66,11.6,1014.2,0.7,1.4,10,1535.1,0
2019-10-28 10:07:00,3,42,22.5,67,11.9,1014.1,1.0,2.0,12,1535.1,0
2019-10-28 10:10:00,3,42,22.5,66,12.3,1014.1,0.7,1.4,12,1535.1,0
2019-10-28 10:13:00,3,42,22.5,64,12.3,1014.1,3.1,4.1,8,1535.1,0
2019-10-28 10:16:00,3,42,22.4,64,12.2,1014.2,1.7,2.7,10,1535.1,0
2019-10-28 10:19:00,3,42,22.4,64,12.1,1014.3,2.0,2.4,14,1535.1,0
2019-10-28 10:22:00,3,42,22.3,63,12.1,1014.2,2.7,3.4,10,1535.1,0
2019-10-28 10:25:00,3,43,22.3,64,12.2,1014.2,1.4,2.4,12,1535.1,0
2019-10-28 10:28:00,3,43,22.3,64,12.3,1014.2,2.0,2.4,14,1535.1,0
2019-10-28 10:31:00,3,43,22.2,63,12.4,1014.1,1.4,1.7,14,1535.1,0
2019-10-28 10:34:00,3,43,22.2,63,12.3,1014.1,1.0,1.7,10,1535.1,0
2019-10-28 10:37:00,3,43,22.2,63,12.4,1014.1,2.0,2.7,8,1535.1,0
2019-10-28 10:40:00,3,43,22.1,63,12.3,1014.1,1.0,1.4,12,1535.1,0
2019-10-28 10:43:00,3,44,22.1,63,12.4,1014.2,1.7,2.4,12,1535.1,0
2019-10-28 10:46:00,3,44,22.0,63,12.3,1014.1,2.4,3.7,12,1535.1,0
2019-10-28 10:49:00,3,45,21.9,64,12.2,1014.1,1.0,1.7,10,1535.1,0
2019-10-28 10:52:00,3,45,21.9,64,12.3,1014.2,2.0,2.7,10,1535.1,0
2019-10-28 10:55:00,3,45,21.9,64,12.3,1014.1,1.4,1.7,10,1535.1,0
2019-10-28 10:58:00,3,46,21.9,64,12.2,1014.0,0.7,1.4,14,1535.1,0
2019-10-28 11:01:00,3,46,21.8,64,12.2,1014.1,1.7,2.7,14,1535.1,0
2019-10-28 11:04:00,3,46,21.8,64,12.2,1014.2,1.7,2.7,14,1535.1,0
2019-10-28 11:07:00,3,46,21.8,65,12.1,1014.1,1.0,1.7,10,1535.1,0
2019-10-28 11:10:00,3,46,21.8,65,12.2,1014.2,1.7,2.4,8,1535.1,0
2019-10-28 11:13:00,3,47,21.7,65,12.2,1014.1,1.7,2.0,14,1535.1,0
2019-10-28 11:16:00,3,47,21.7,63,12.1,1014.1,1.4,2.4,15,1535.1,0
2019-10-28 11:19:00,3,47,21.7,63,12.0,1014.1,1.0,1.4,12,1535.1,0
2019-10-28 11:22:00,3,47,21.7,64,11.9,1014.1,1.0,1.4,12,1535.1,0
2019-10-28 11:25:00,3,48,21.7,65,11.8,1013.9,2.0,3.1,12,1535.1,0
2019-10-28 11:28:00,3,48,21.7,65,11.8,1014.0,1.0,1.7,8,1535.1,0
2019-10-28 11:31:00,3,48,21.6,65,12.0,1013.9,1.4,1.7,10,1535.1,0
2019-10-28 11:34:00,3,48,21.6,65,12.1,1013.9,1.0,1.7,14,1535.1,0
2019-10-28 11:37:00,3,49,21.6,64,12.0,1013.9,1.0,1.4,12,1535.1,0
2019-10-28 11:40:00,3,49,21.6,64,11.9,1013.8,0.7,1.0,8,1535.1,0
2019-10-28 11:43:00,3,49,21.5,64,11.9,1013.8,2.7,3.4,12,1535.1,0
2019-10-28 11:46:00,3,49,21.5,64,11.9,1013.8,1.4,2.4,11,1535.1,0
2019-10-28 11:49:00,3,49,21.5,63,12.0,1013.8,2.0,2.7,14,1535.1,0
2019-10-28 11:52:00,3,49,21.5,64,12.1,1013.9,0.7,1.0,10,1535.1,0
2019-10-28 11:55:00,3,49,21.5,64,12.2,1013.8,1.7,2.4,12,1535.1,0
2019-10-28 11:58:00,3,49,21.5,63,12.2,1013.9,1.4,2.0,10,1535.1,0
2019-10-28 12:01:00,3,49,21.5,63,12.2,1013.9,2.7,3.1,12,1535.1,0
2019-10-28 12:04:00,3,49,21.5,63,12.1,1013.8,1.7,2.4,12,1535.1,0
2019-10-28 12:07:00,3,49,21.4,63,12.1,1013.8,1.4,1.7,10,1535.1,0
2019-10-28 12:10:00,3,49,21.4,63,12.0,1013.8,1.4,2.4,8,1535.1,0
2019-10-28 12:13:00,3,49,21.4,63,12.3,1013.6,0.7,1.0,10,1535.1,0
2019-10-28 12:16:00,3,49,21.3,60,12.5,1013.7,2.4,3.4,12,1535.1,0
2019-10-28 12:19:00,3,49,21.3,60,12.5,1013.7,2.4,3.4,12,1535.1,0
2019-10-28 12:22:00,3,49,21.3,62,12.4,1013.7,1.0,1.4,12,1535.1,0
2019-10-28 12:25:00,3,49,21.3,60,12.5,1013.7,1.7,2.0,12,1535.1,0
2019-10-28 12:28:00,3,49,21.3,62,12.4,1013.7,1.4,1.7,12,1535.1,0
2019-10-28 12:31:00,3,49,21.3,62,12.3,1013.7,1.7,2.7,10,1535.1,0
2019-10-28 12:34:00,3,49,21.3,62,12.1,1013.7,2.4,3.1,12,1535.1,0
2019-10-28 12:37:00,3,49,21.3,63,11.9,1013.7,1.7,2.7,10,1535.1,0
2019-10-28 12:40:00,3,49,21.3,63,11.8,1013.8,2.4,3.1,14,1535.1,0
2019-10-28 12:43:00,3,49,21.3,63,11.8,1013.7,2.4,3.1,10,1535.1,0
2019-10-28 12:46:00,3,49,21.3,64,11.8,1013.8,0.7,1.0,12,1535.1,0
2019-10-28 12:49:00,3,49,21.3,64,11.9,1013.8,2.0,2.4,12,1535.1,0
2019-10-28 12:52:00,3,49,21.3,64,12.1,1013.7,1.7,2.0,10,1535.1,0
2019-10-28 12:55:00,3,49,21.3,63,12.3,1013.7,1.4,1.7,14,1535.1,0
2019-10-28 12:58:00,3,49,21.3,59,12.5,1013.7,2.7,3.4,14,1535.1,0
2019-10-28 13:01:00,3,50,21.3,57,12.5,1013.6,2.4,4.1,12,1535.1,0
2019-10-28 13:04:00,3,50,21.4,57,12.5,1013.7,2.4,4.1,12,1535.1,0
2019-10-28 13:07:00,3,50,21.4,57,12.8,1013.7,2.4,3.4,10,1535.1,0
2019-10-28 13:10:00,3,50,21.4,57,12.6,1013.7,3.4,4.1,12,1535.1,0
2019-10-28 13:13:00,3,50,21.4,58,12.5,1013.7,1.7,2.4,10,1535.1,0
2019-10-28 13:16:00,3,50,21.4,59,12.5,1013.6,1.4,2.0,14,1535.1,0
2019-10-28 13:19:00,3,50,21.4,59,12.6,1013.6,1.0,1.4,10,1535.1,0
2019-10-28 13:22:00,3,50,21.5,58,12.5,1013.6,1.7,2.7,10,1535.1,0
2019-10-28 13:25:00,3,50,21.5,61,12.3,1013.6,2.0,3.1,10,1535.1,0
2019-10-28 13:28:00,3,50,21.5,61,12.2,1013.6,2.7,3.1,11,1535.1,0
2019-10-28 13:31:00,3,50,21.5,62,12.2,1013.7,2.4,3.1,12,1535.1,0
2019-10-28 13:34:00,3,50,21.5,63,12.1,1013.6,1.7,2.7,13,1535.1,0
2019-10-28 13:37:00,3,50,21.5,64,12.0,1013.5,0.3,1.0,0,1535.1,0
2019-10-28 13:40:00,3,50,21.5,66,11.9,1013.6,0,0,12,1535.1,0
2019-10-28 13:43:00,3,50,21.5,66,11.8,1013.6,1.4,2.0,12,1535.1,0
2019-10-28 13:46:00,3,50,21.5,65,11.8,1013.5,0.7,1.0,14,1535.1,0
2019-10-28 13:49:00,3,50,21.5,65,11.9,1013.5,0.7,1.4,12,1535.1,0
2019-10-28 13:52:00,3,50,21.5,65,12.0,1013.5,1.0,1.7,12,1535.1,0
2019-10-28 13:55:00,3,50,21.4,64,12.1,1013.5,1.4,1.7,13,1535.1,0
2019-10-28 13:58:00,3,50,21.4,63,12.2,1013.5,1.4,2.0,12,1535.1,0
2019-10-28 14:01:00,3,50,21.5,62,12.3,1013.4,1.0,2.0,12,1535.1,0
2019-10-28 14:04:00,3,50,21.5,61,12.4,1013.4,1.0,1.4,9,1535.1,0
2019-10-28 14:07:00,3,50,21.5,61,12.4,1013.4,1.4,2.0,10,1535.1,0
2019-10-28 14:10:00,3,50,21.5,60,12.4,1013.5,1.0,1.4,12,1535.1,0
2019-10-28 14:13:00,3,50,21.5,60,12.3,1013.4,1.7,2.4,9,1535.1,0
2019-10-28 14:16:00,3,50,21.5,60,12.3,1013.4,1.7,2.0,14,1535.1,0
2019-10-28 14:19:00,3,50,21.4,60,12.3,1013.5,1.0,1.7,8,1535.1,0
2019-10-28 14:22:00,3,50,21.4,60,12.3,1013.4,0.7,1.4,10,1535.1,0
2019-10-28 14:25:00,3,50,21.4,60,12.4,1013.4,1.4,2.0,10,1535.1,0
2019-10-28 14:28:00,3,50,21.4,60,12.4,1013.5,1.0,1.7,10,1535.1,0
2019-10-28 14:31:00,3,50,21.5,56,12.5,1013.4,0.7,1.0,13,1535.1,0
2019-10-28 14:34:00,3,50,21.4,57,12.5,1013.4,2.0,2.7,14,1535.1,0
2019-10-28 14:37:00,3,50,21.4,57,12.5,1013.4,1.0,1.4,8,1535.1,0
2019-10-28 14:40:00,3,50,21.4,57,12.5,1013.4,1.0,2.0,12,1535.1,0
2019-10-28 14:43:00,3,50,21.5,61,12.4,1013.5,1.0,1.4,12,1535.1,0
2019-10-28 14:46:00,3,50,21.5,61,12.3,1013.4,0.7,0.7,10,1535.1,0
2019-10-28 14:49:00,3,50,21.5,61,12.2,1013.4,1.4,2.0,11,1535.1,0
2019-10-28 14:52:00,3,50,21.5,61,12.1,1013.3,1.4,1.7,10,1535.1,0
2019-10-28 14:55:00,3,50,21.5,61,12.0,1013.4,0.7,1.0,12,1535.1,0
2019-10-28 14:58:00,3,50,21.5,61,12.0,1013.3,0.7,1.4,14,1535.1,0
2019-10-28 15:01:00,3,50,21.5,61,11.9,1013.4,1.7,2.4,12,1535.1,0
2019-10-28 15:04:00,3,50,21.5,61,11.9,1013.5,1.7,2.4,12,1535.1,0
2019-10-28 15:07:00,3,50,21.5,61,11.8,1013.4,1.0,1.7,12,1535.1,0
2019-10-28 15:10:00,3,50,21.5,62,11.7,1013.4,1.4,1.7,12,1535.1,0
2019-10-28 15:13:00,3,50,21.5,62,11.6,1013.5,0.3,1.0,14,1535.1,0
2019-10-28 15:16:00,3,50,21.5,64,11.4,1013.5,2.0,2.7,0,1535.1,0
2019-10-28 15:19:00,3,50,21.5,66,11.0,1013.4,1.7,2.7,14,1535.1,0
2019-10-28 15:22:00,3,50,21.5,68,10.7,1013.6,1.7,2.7,12,1535.1,0
2019-10-28 15:25:00,3,50,21.5,70,10.1,1013.6,1.4,2.0,14,1535.7,0
2019-10-28 15:28:00,3,50,21.5,72,9.8,1013.8,0.7,1.4,8,1536.0,0
2019-10-28 15:31:00,3,50,21.5,73,9.5,1013.7,1.0,1.4,12,1536.0,0
2019-10-28 15:34:00,3,50,21.5,74,9.3,1013.6,1.0,1.4,10,1536.3,0
2019-10-28 15:37:00,3,50,21.5,75,9.1,1013.7,0,0,10,1536.3,0
2019-10-28 15:40:00,3,50,21.5,76,9.0,1013.6,0.3,0.7,10,1536.3,0
2019-10-28 15:43:00,3,50,21.5,77,8.9,1013.5,0.3,0.7,10,1536.3,0
2019-10-28 15:46:00,3,50,21.5,77,8.8,1013.6,1.0,1.4,10,1536.3,0
2019-10-28 15:49:00,3,50,21.5,78,8.7,1013.5,1.4,2.0,12,1536.3,0
2019-10-28 15:52:00,3,50,21.5,78,8.7,1013.5,0.7,1.0,12,1536.3,0
2019-10-28 15:55:00,3,50,21.5,79,8.6,1013.5,0,0.7,14,1536.3,0
2019-10-28 15:58:00,3,50,21.5,79,8.6,1013.5,0.7,1.0,12,1536.3,0
2019-10-28 16:01:00,3,50,21.5,79,8.5,1013.4,0.3,0.7,12,1536.3,0
2019-10-28 16:04:00,3,50,21.5,79,8.5,1013.4,0.7,1.0,10,1536.3,0
2019-10-28 16:07:00,3,50,21.5,79,8.5,1013.4,0,0,12,1536.3,0
2019-10-28 16:10:00,3,50,21.5,79,8.4,1013.6,0,0,12,1536.3,0
2019-10-28 16:13:00,3,50,21.5,80,8.3,1013.5,0.7,1.0,10,1536.3,0
2019-10-28 16:16:00,3,50,21.5,80,8.3,1013.5,1.0,1.4,10,1536.3,0
2019-10-28 16:19:00,3,50,21.5,80,8.3,1013.5,1.7,2.7,10,1536.3,0
2019-10-28 16:22:00,3,50,21.5,80,8.3,1013.5,1.0,1.4,14,1536.3,0
2019-10-28 16:25:00,3,50,21.5,80,8.3,1013.5,0.7,1.0,10,1536.3,0
2019-10-28 16:28:00,3,50,21.5,80,8.3,1013.5,0.7,1.0,10,1536.3,0
2019-10-28 16:31:00,3,50,21.5,80,8.3,1013.5,0.3,0.7,10,1536.3,0
2019-10-28 16:34:00,3,50,21.5,80,8.2,1013.6,0.3,0.7,10,1536.3,0
2019-10-28 16:37:00,3,50,21.5,80,8.2,1013.5,0,0,12,1536.3,0
2019-10-28 16:40:00,3,50,21.5,80,8.2,1013.5,0,0,12,1536.3,0
2019-10-28 16:43:00,3,50,21.5,80,8.2,1013.5,0,0,12,1536.3,0
2019-10-28 16:46:00,3,50,21.5,80,8.1,1013.5,0,0,12,1536.3,0
2019-10-28 16:49:00,3,50,21.5,80,8.1,1013.6,0,0,12,1536.3,0
2019-10-28 16:52:00,3,50,21.5,81,8.0,1013.5,0,0,12,1536.3,0
2019-10-28 16:55:00,3,50,21.5,81,8.0,1013.7,0,0,12,1536.3,0
2019-10-28 16:58:00,3,50,21.5,81,7.9,1013.6,0,0,12,1536.3,0
2019-10-28 17:01:00,3,50,21.6,81,7.9,1013.7,0,0,12,1536.3,0
2019-10-28 17:04:00,3,50,21.7,81,7.9,1013.7,0,0,12,1536.3,0
2019-10-28 17:07:00,3,50,21.8,81,7.7,1013.7,0,0,12,1536.3,0
2019-10-28 17:10:00,3,49,22.0,81,7.6,1013.7,0,0,12,1536.3,0
2019-10-28 17:13:00,3,48,22.2,81,7.5,1013.8,0,0,12,1536.3,0
2019-10-28 17:16:00,3,48,22.3,81,7.5,1013.8,0,0,12,1536.3,0
2019-10-28 17:19:00,3,48,22.3,86,7.4,1013.9,0,0,14,1536.3,0
2019-10-28 17:22:00,3,48,22.6,86,7.3,1013.9,0,0,14,1536.3,0
2019-10-28 17:25:00,3,48,22.6,86,7.3,1013.9,0.7,1.0,14,1536.3,0
2019-10-28 17:28:00,3,48,22.6,87,7.3,1013.9,0.3,0.7,10,1536.3,0
2019-10-28 17:31:00,3,48,22.6,87,7.4,1014.0,0.3,0.3,10,1536.3,0
2019-10-28 17:34:00,3,48,22.5,87,7.4,1014.1,0.7,1.0,10,1536.3,0
2019-10-28 17:37:00,3,48,22.5,88,7.3,1014.1,0.7,0.7,10,1536.3,0
2019-10-28 17:40:00,3,48,22.4,88,7.3,1014.1,0.3,0.3,10,1536.3,0
2019-10-28 17:43:00,3,48,22.4,88,7.3,1014.1,0,0,12,1536.3,0
2019-10-28 17:46:00,3,48,22.3,88,7.2,1014.1,0.3,0.7,10,1536.3,0
2019-10-28 17:49:00,3,48,22.3,88,7.2,1014.0,0.3,0.7,12,1536.3,0
2019-10-28 17:52:00,3,48,22.3,88,7.1,1014.1,0.7,1.4,10,1536.3,0
2019-10-28 17:55:00,3,48,22.3,88,7.1,1014.1,0,0,10,1536.3,0
2019-10-28 17:58:00,3,48,22.3,88,7.0,1014.1,0,0,10,1536.3,0
2019-10-28 18:01:00,3,48,22.3,88,7.0,1014.0,0,0,10,1536.3,0
2019-10-28 18:04:00,3,48,22.3,88,6.9,1014.1,0,0,10,1536.3,0
2019-10-28 18:07:00,3,48,22.3,88,6.8,1014.1,0,0,10,1536.3,0
2019-10-28 18:10:00,3,48,22.3,88,6.7,1014.0,0,0,10,1536.3,0
2019-10-28 18:13:00,3,48,22.2,88,6.7,1014.1,0,0,10,1536.3,0
2019-10-28 18:16:00,3,48,22.2,88,6.6,1014.1,0,0.7,4,1536.3,0
2019-10-28 18:19:00,3,48,22.2,87,6.6,1014.1,0,0.3,0,1536.3,0
2019-10-28 18:22:00,3,48,22.2,87,6.5,1014.1,0,0,12,1536.3,0
2019-10-28 18:25:00,3,48,22.2,87,6.4,1014.1,0,0,0,1536.3,0
2019-10-28 18:28:00,3,48,22.2,87,6.3,1014.1,0,0,0,1536.3,0
2019-10-28 18:31:00,3,48,22.2,87,6.3,1014.1,0,0,6,1536.3,0
2019-10-28 18:34:00,3,48,22.2,87,6.2,1014.1,0,0,0,1536.3,0
2019-10-28 18:37:00,3,48,22.1,87,6.1,1014.1,0,0,0,1536.3,0
2019-10-28 18:40:00,3,48,22.1,87,6.1,1014.0,0,0,10,1536.3,0
2019-10-28 18:43:00,3,48,22.1,87,6.1,1014.0,0,0,6,1536.3,0
2019-10-28 18:46:00,3,48,22.0,87,6.1,1014.0,0,0,6,1536.3,0
2019-10-28 18:49:00,3,49,21.9,87,6.1,1014.0,0,0,6,1536.3,0
2019-10-28 18:52:00,3,49,21.9,87,6.0,1014.0,0,0,6,1536.3,0
2019-10-28 18:55:00,3,49,21.9,87,6.0,1014.0,0,0,6,1536.3,0
2019-10-28 18:58:00,3,49,21.9,87,5.9,1013.9,0,0,6,1536.3,0
2019-10-28 19:01:00,3,49,21.9,87,5.9,1013.9,0,0,6,1536.3,0
2019-10-28 19:04:00,3,49,21.8,87,5.9,1013.8,0,0,6,1536.3,0
2019-10-28 19:07:00,3,49,21.8,87,5.9,1013.8,0,0,6,1536.3,0
2019-10-28 19:10:00,3,49,21.8,87,5.7,1013.9,0,0,6,1536.3,0
2019-10-28 19:13:00,3,49,21.8,87,5.6,1013.9,0,0,6,1536.3,0
2019-10-28 19:16:00,3,49,21.8,87,5.5,1013.8,0,0,0,1536.3,0
2019-10-28 19:19:00,3,49,21.8,87,5.5,1013.8,0,0,0,1536.3,0
2019-10-28 19:22:00,3,49,21.8,87,5.4,1013.8,0,0,0,1536.3,0
2019-10-28 19:25:00,3,49,21.8,87,5.3,1013.9,0,0,0,1536.3,0
2019-10-28 19:28:00,3,49,21.7,87,5.2,1013.8,0,0,0,1536.3,0
2019-10-28 19:31:00,3,49,21.7,87,5.2,1013.8,0,0,0,1536.3,0
2019-10-28 19:34:00,3,49,21.7,87,5.1,1013.8,0,0,0,1536.3,0
2019-10-28 19:37:00,3,49,21.7,87,5.0,1013.8,0,0,0,1536.3,0
2019-10-28 19:40:00,3,49,21.7,87,5.0,1013.9,0,0,0,1536.3,0
2019-10-28 19:43:00,3,49,21.7,87,4.9,1014.0,0,0,0,1536.3,0
2019-10-28 19:46:00,3,49,21.7,87,4.8,1013.9,0,0,0,1536.3,0
2019-10-28 19:49:00,3,49,21.7,87,4.8,1013.9,0,0,0,1536.3,0
2019-10-28 19:52:00,3,49,21.7,87,4.7,1013.9,0,0,0,1536.3,0
2019-10-28 19:55:00,3,49,21.7,87,4.6,1013.9,0,0,0,1536.3,0
2019-10-28 19:58:00,3,49,21.7,87,4.5,1014.0,0,0,0,1536.3,0
2019-10-28 20:01:00,3,49,21.7,87,4.5,1014.1,0,0,0,1536.3,0
2019-10-28 20:04:00,3,49,21.6,87,4.4,1014.1,0,0,0,1536.3,0
2019-10-28 20:07:00,3,49,21.6,87,4.4,1014.1,0,0,0,1536.3,0
2019-10-28 20:10:00,3,49,21.6,87,4.4,1014.0,0,0,0,1536.3,0
2019-10-28 20:13:00,3,49,21.6,87,4.3,1014.1,0,0,0,1536.3,0
2019-10-28 20:16:00,3,49,21.6,87,4.3,1014.0,0,0,0,1536.3,0
2019-10-28 20:19:00,3,49,21.6,87,4.3,1014.1,0,0,14,1536.3,0
2019-10-28 20:22:00,3,49,21.6,87,4.4,1014.0,0,0,14,1536.3,0
2019-10-28 20:25:00,3,49,21.6,88,4.4,1014.1,0,0,0,1536.3,0
2019-10-28 20:28:00,3,49,21.6,88,4.4,1014.1,0,0,0,1536.3,0
2019-10-28 20:31:00,3,49,21.6,88,4.3,1014.1,0,0,14,1536.3,0
2019-10-28 20:34:00,3,49,21.6,88,4.4,1014.0,0,0,0,1536.3,0
2019-10-28 20:37:00,3,49,21.6,88,4.4,1014.0,0,0,0,1536.3,0
2019-10-28 20:40:00,3,49,21.6,88,4.4,1014.0,0,0,0,1536.3,0
2019-10-28 20:43:00,3,49,21.5,88,4.5,1014.0,0,0,0,1536.3,0
2019-10-28 20:46:00,3,49,21.5,88,4.5,1014.0,0,0,0,1536.3,0
2019-10-28 20:49:00,3,49,21.5,88,4.5,1014.1,0,0,0,1536.3,0
2019-10-28 20:52:00,3,49,21.5,88,4.4,1014.1,0,0,0,1536.3,0
2019-10-28 20:55:00,3,49,21.5,88,4.4,1014.0,0,0,0,1536.3,0
2019-10-28 20:58:00,3,49,21.5,88,4.3,1014.1,0,0,0,1536.3,0
2019-10-28 21:01:00,3,49,21.5,88,4.3,1014.0,0,0,0,1536.3,0
2019-10-28 21:04:00,3,49,21.5,88,4.3,1013.9,0,0,0,1536.3,0
2019-10-28 21:07:00,3,49,21.5,88,4.2,1014.0,0,0,0,1536.3,0
2019-10-28 21:10:00,3,49,21.5,88,4.1,1014.0,0,0,0,1536.3,0
2019-10-28 21:13:00,3,49,21.5,88,4.1,1014.0,0,0,0,1536.3,0
2019-10-28 21:16:00,3,49,21.5,88,4.0,1013.9,0,0,0,1536.3,0
2019-10-28 21:19:00,3,49,21.5,88,3.9,1014.0,0,0,0,1536.3,0
2019-10-28 21:22:00,3,49,21.5,88,3.9,1014.0,0,0,0,1536.3,0
2019-10-28 21:25:00,3,49,21.5,88,3.9,1014.0,0,0,0,1536.3,0
2019-10-28 21:28:00,3,49,21.5,88,3.8,1014.0,0,0,0,1536.3,0
2019-10-28 21:31:00,3,49,21.5,88,3.8,1014.0,0,0,0,1536.3,0
2019-10-28 21:34:00,3,49,21.4,88,3.7,1014.0,0,0,0,1536.3,0
2019-10-28 21:37:00,3,49,21.4,88,3.7,1014.1,0,0,0,1536.3,0
2019-10-28 21:40:00,3,49,21.4,88,3.7,1014.0,0,0,0,1536.3,0
2019-10-28 21:43:00,3,49,21.3,88,3.7,1014.0,0,0,0,1536.3,0
2019-10-28 21:46:00,3,49,21.3,88,3.7,1014.0,0,0,0,1536.3,0
2019-10-28 21:49:00,3,49,21.3,88,3.6,1014.0,0,0,0,1536.3,0
2019-10-28 21:52:00,3,49,21.3,88,3.6,1014.1,0,0,14,1536.3,0
2019-10-28 21:55:00,3,49,21.3,89,3.7,1013.9,0,0,14,1536.3,0
2019-10-28 21:58:00,3,49,21.3,89,3.8,1014.0,0,0,14,1536.3,0
2019-10-28 22:01:00,3,49,21.3,89,3.7,1014.0,0,0,14,1536.3,0
2019-10-28 22:04:00,3,49,21.3,89,3.7,1014.0,0,0,14,1536.3,0
2019-10-28 22:07:00,3,49,21.3,89,3.7,1014.0,0,0,12,1536.3,0
2019-10-28 22:10:00,3,49,21.3,89,3.8,1014.0,0,0,2,1536.3,0
2019-10-28 22:13:00,3,49,21.2,89,3.8,1014.0,0,0,13,1536.3,0
2019-10-28 22:16:00,3,48,21.2,89,4.0,1014.0,0,0,0,1536.3,0
2019-10-28 22:19:00,3,48,21.2,89,4.1,1014.0,0.7,1.0,14,1536.3,0
2019-10-28 22:22:00,3,48,21.2,90,4.2,1014.1,0,0,0,1536.3,0
2019-10-28 22:25:00,3,48,21.2,90,4.2,1014.1,0,0,14,1536.3,0
2019-10-28 22:28:00,3,48,21.2,90,4.1,1014.2,0,0,14,1536.3,0
2019-10-28 22:31:00,3,48,21.2,90,4.0,1014.2,0,0.3,10,1536.3,0
2019-10-28 22:34:00,3,48,21.2,90,4.1,1014.2,0,0,14,1536.3,0
2019-10-28 22:37:00,3,48,21.1,90,4.2,1014.2,0,0,12,1536.3,0
2019-10-28 22:40:00,3,48,21.1,90,4.3,1014.2,0,0,0,1536.3,0
2019-10-28 22:43:00,3,48,21.1,90,4.2,1014.2,0,0,0,1536.3,0
2019-10-28 22:46:00,3,48,21.1,90,4.2,1014.1,0,0,0,1536.3,0
2019-10-28 22:49:00,3,48,21.1,90,4.1,1014.1,0,0,0,1536.3,0
2019-10-28 22:52:00,3,48,21.1,90,4.0,1014.0,0,0,0,1536.3,0
2019-10-28 22:55:00,3,48,21.1,90,4.0,1014.1,0,0,0,1536.3,0
2019-10-28 22:58:00,3,48,21.0,90,4.0,1014.2,0,0,0,1536.3,0
2019-10-28 23:01:00,3,48,21.0,90,3.9,1014.1,0,0,0,1536.3,0
2019-10-28 23:04:00,3,48,21.0,90,3.9,1014.1,0,0,0,1536.3,0
2019-10-28 23:07:00,3,48,21.0,90,3.9,1014.0,0,0,0,1536.3,0
2019-10-28 23:10:00,3,48,21.0,90,3.9,1014.0,0,0,2,1536.3,0
2019-10-28 23:13:00,3,49,20.9,90,4.0,1013.9,0.3,0.7,14,1536.3,0
2019-10-28 23:16:00,3,49,20.9,90,4.2,1013.9,0,0.3,14,1536.3,0
2019-10-28 23:19:00,3,49,20.9,90,4.3,1014.0,0,0.3,12,1536.3,0
2019-10-28 23:22:00,3,49,20.9,90,4.2,1014.1,0,0,12,1536.3,0
2019-10-28 23:25:00,3,49,20.9,90,4.2,1014.0,0,0,12,1536.3,0
2019-10-28 23:28:00,3,49,20.9,90,4.1,1014.0,0,0,0,1536.3,0
2019-10-28 23:31:00,3,49,20.8,90,4.1,1014.0,0,0,0,1536.3,0
2019-10-28 23:34:00,3,49,20.8,90,4.0,1014.1,0,0,0,1536.3,0
2019-10-28 23:37:00,3,49,20.7,90,4.0,1014.0,0,0,14,1536.3,0
2019-10-28 23:40:00,3,49,20.7,90,4.1,1014.1,0,0.7,12,1536.3,0
2019-10-28 23:43:00,3,49,20.7,90,4.2,1014.1,0,0,10,1536.3,0
2019-10-28 23:46:00,3,49,20.7,90,4.3,1014.1,0,0,14,1536.3,0
2019-10-28 23:49:00,3,49,20.7,90,4.3,1014.1,0,0,14,1536.3,0
2019-10-28 23:52:00,3,49,20.6,90,4.2,1014.1,0,0,14,1536.3,0
2019-10-28 23:55:00,3,49,20.6,90,4.2,1014.2,0,0,14,1536.3,0
2019-10-28 23:58:00,3,49,20.6,90,4.2,1014.3,0,0,14,1536.3,0
