2011-02-23 00:17:00,20,22,17.6,76,-12.7,1020.3,0.0,0.0,2,1241.1,0
2011-02-23 00:37:00,20,22,17.4,76,-13.1,1020.2,0.0,0.3,2,1241.1,0
2011-02-23 00:57:00,20,22,17.2,76,-13.4,1020.4,0.0,0.0,2,1241.1,0
2011-02-23 01:17:00,20,22,17.0,76,-13.6,1020.5,0.0,0.0,2,1241.1,0
2011-02-23 01:37:00,20,22,16.9,77,-13.8,1020.6,0.0,0.0,2,1241.1,0
2011-02-23 01:57:00,20,22,16.7,78,-13.9,1020.6,0.3,0.7,0,1241.1,0
2011-02-23 02:17:00,20,22,16.6,79,-13.9,1020.7,0.0,0.3,0,1241.1,0
2011-02-23 02:37:00,20,22,16.5,79,-14.2,1020.6,0.0,0.0,0,1241.1,0
2011-02-23 02:57:00,20,22,16.4,79,-14.3,1021.0,0.0,0.0,0,1241.1,0
2011-02-23 03:17:00,20,22,16.3,79,-14.5,1020.9,0.0,0.0,0,1241.1,0
2011-02-23 03:37:00,20,22,16.2,79,-14.6,1021.1,0.0,0.0,0,1241.1,0
2011-02-23 03:57:00,20,22,16.1,79,-14.7,1021.1,0.0,0.0,0,1241.1,0
2011-02-23 04:17:00,20,22,16.0,79,-14.8,1021.1,0.0,0.0,0,1241.1,0
2011-02-23 04:37:00,20,22,15.9,79,-14.9,1021.2,0.0,0.0,0,1241.1,0
2011-02-23 04:57:00,20,22,15.8,79,-14.9,1021.3,0.3,0.7,0,1241.1,0
2011-02-23 05:17:00,20,22,15.8,80,-14.9,1021.3,0.0,0.0,0,1241.1,0
2011-02-23 05:37:00,20,22,15.8,80,-14.9,1021.5,0.0,0.3,0,1241.1,0
2011-02-23 05:57:00,20,22,15.8,79,-15.4,1021.5,0.0,0.0,0,1241.1,0
2011-02-23 06:17:00,20,22,16.0,79,-15.5,1021.8,0.0,0.0,0,1241.1,0
2011-02-23 06:37:00,20,22,16.2,80,-15.0,1022.1,0.0,0.0,0,1241.1,0
2011-02-23 06:57:00,20,22,16.4,79,-14.0,1022.5,0.0,0.3,0,1241.1,0
2011-02-23 07:17:00,20,22,16.9,79,-12.1,1022.5,0.0,0.0,0,1241.1,0
2011-02-23 07:37:00,20,21,17.4,77,-9.9,1022.6,0.0,0.0,0,1241.1,0
2011-02-23 07:57:00,20,22,17.8,74,-8.8,1022.8,0.0,0.7,6,1241.1,0
2011-02-23 08:17:00,20,22,18.4,75,-9.4,1022.9,0,0.7,10,1241.1,0
2011-02-23 08:37:00,20,23,18.8,75,-9.1,1023.2,0,0.7,8,1241.1,0
2011-02-23 08:57:00,20,22,19.2,72,-8.5,1023.1,0,1.0,4,1241.1,0
2011-02-23 09:17:00,20,22,19.2,70,-7.8,1023.0,1.0,2.0,2,1241.1,0
2011-02-23 09:37:00,20,21,19.1,65,-6.9,1022.8,1.0,2.0,10,1241.1,0
2011-02-23 09:57:00,20,21,18.9,60,-5.2,1022.9,1.0,3.1,4,1241.1,0
2011-02-23 10:17:00,20,21,18.7,58,-5.3,1022.8,0,0.7,4,1241.1,0
2011-02-23 10:37:00,20,21,18.5,55,-4.5,1022.8,0.7,2.0,4,1241.1,0
2011-02-23 10:57:00,20,22,18.4,54,-4.5,1022.8,1.0,2.4,6,1241.1,0
2011-02-23 11:17:00,20,22,18.6,51,-3.2,1022.7,0.7,1.4,10,1241.1,0
2011-02-23 11:37:00,20,23,18.9,48,-3.0,1022.5,0.7,1.7,4,1241.1,0
2011-02-23 11:57:00,20,22,19.1,46,-2.2,1022.2,1.4,3.1,6,1241.1,0
2011-02-23 12:17:00,20,22,19.1,45,-2.1,1022.1,1.0,2.0,4,1241.1,0
2011-02-23 12:37:00,20,22,18.9,45,-1.9,1021.8,1.0,2.0,4,1241.1,0
2011-02-23 12:57:00,20,22,18.7,44,-1.9,1021.7,1.7,2.7,8,1241.1,0
2011-02-23 13:17:00,20,22,18.5,44,-1.8,1021.6,1.0,2.0,6,1241.1,0
2011-02-23 13:37:00,20,22,18.4,44,-0.9,1021.5,0.3,1.7,10,1241.1,0
2011-02-23 13:57:00,20,23,18.3,43,-1.4,1021.5,1.0,2.4,8,1241.1,0
2011-02-23 14:17:00,20,23,18.2,43,-1.3,1021.5,0.7,2.0,10,1241.1,0
2011-02-23 14:37:00,20,23,18.2,44,-1.7,1021.6,1.0,2.0,8,1241.1,0
2011-02-23 14:57:00,20,24,18.4,44,-1.9,1021.5,0,1.0,10,1241.1,0
2011-02-23 15:17:00,20,23,18.9,46,-3.3,1021.4,0.7,1.4,10,1241.1,0
2011-02-23 15:37:00,20,23,19.3,48,-4.0,1021.5,0.3,1.0,8,1241.1,0
2011-02-23 15:57:00,20,22,19.7,49,-4.1,1021.5,0.7,1.0,4,1241.1,0
2011-02-23 16:17:00,20,22,20.0,50,-4.7,1021.7,0,0.7,4,1241.1,0
2011-02-23 16:37:00,20,22,20.3,51,-5.2,1021.9,0,0,10,1241.1,0
2011-02-23 16:57:00,20,21,20.5,52,-6.0,1021.8,0.3,0.7,6,1241.1,0
2011-02-23 17:17:00,20,21,20.6,54,-6.4,1021.9,0,1.0,4,1241.1,0
2011-02-23 17:37:00,20,20,20.7,55,-6.8,1022.0,0,0.3,6,1241.1,0
2011-02-23 17:57:00,20,21,20.7,56,-7.4,1022.1,0,0,4,1241.1,0
2011-02-23 18:17:00,20,21,20.7,57,-8.0,1022.1,0,0,4,1241.1,0
2011-02-23 18:37:00,20,21,20.5,59,-7.8,1021.9,0,0.3,8,1241.1,0
2011-02-23 18:57:00,20,20,20.3,59,-7.5,1022.1,0.3,1.7,6,1241.1,0
2011-02-23 19:17:00,20,20,20.2,60,-7.4,1022.0,0,0.7,6,1241.1,0
2011-02-23 19:37:00,20,21,20.3,60,-7.5,1022.3,0,0.7,10,1241.1,0
2011-02-23 19:57:00,20,20,20.4,60,-7.5,1022.1,0,1.0,10,1241.1,0
2011-02-23 20:17:00,20,20,20.5,61,-7.7,1022.0,0,0.7,4,1241.1,0
2011-02-23 20:37:00,20,21,20.7,62,-7.6,1022.0,0.7,1.4,8,1241.1,0
2011-02-23 20:57:00,20,21,20.9,62,-7.6,1021.9,1.0,2.4,4,1241.1,0
2011-02-23 21:17:00,20,20,20.8,62,-7.6,1021.9,0.3,1.0,4,1241.1,0
2011-02-23 21:37:00,20,21,20.5,62,-7.6,1021.7,0.7,1.7,8,1241.1,0
2011-02-23 21:57:00,20,20,20.1,62,-7.8,1022.0,0,0.7,8,1241.1,0
2011-02-23 22:17:00,20,21,19.8,63,-7.9,1021.8,0.3,1.4,8,1241.1,0
2011-02-23 22:37:00,20,21,19.5,63,-8.0,1021.8,0.3,0.7,8,1241.1,0
2011-02-23 22:57:00,20,21,19.1,63,-8.1,1022.0,0.7,1.7,6,1241.1,0
2011-02-23 23:17:00,20,21,18.8,64,-8.2,1021.8,0,1.0,6,1241.1,0
2011-02-23 23:37:00,20,21,18.4,64,-8.4,1022.1,0,0.7,8,1241.1,0
2011-02-23 23:57:00,20,21,18.1,64,-8.4,1022.1,0.7,2.0,8,1241.1,0
