2012-03-02 00:08:00,20,47,18.8,81,8.5,1016.6,0.7,1.7,0,200.7,0
2012-03-02 00:28:00,20,47,18.8,82,8.3,1016.6,0.3,2.0,14,200.7,0
2012-03-02 00:48:00,20,47,18.7,82,8.1,1016.7,0.0,0.7,0,200.7,0
2012-03-02 01:08:00,20,47,18.6,82,8.2,1016.6,0.7,2.0,14,200.7,0
2012-03-02 01:28:00,20,47,18.5,82,8.1,1016.5,1.0,2.4,10,200.7,0
2012-03-02 01:48:00,20,47,18.4,82,8.1,1016.5,0.0,0.7,14,200.7,0
2012-03-02 02:08:00,20,47,18.3,83,8.0,1016.5,0.7,1.7,12,200.7,0
2012-03-02 02:28:00,20,47,18.2,84,7.9,1016.7,0.3,1.4,14,200.7,0
2012-03-02 02:48:00,20,48,18.2,83,7.7,1016.8,1.0,2.4,13,200.7,0
2012-03-02 03:08:00,20,48,18.1,81,7.7,1016.7,1.0,2.0,12,200.7,0
2012-03-02 03:28:00,20,48,18.0,82,7.7,1016.8,1.0,1.7,14,200.7,0
2012-03-02 03:48:00,20,48,18.0,81,7.8,1016.9,0.3,1.0,10,200.7,0
2012-03-02 04:08:00,20,48,17.9,81,7.8,1017.0,1.4,3.1,14,200.7,0
2012-03-02 04:28:00,20,48,17.8,81,7.8,1017.0,1.0,2.0,14,200.7,0
2012-03-02 04:48:00,20,48,17.7,82,7.7,1017.1,0.0,1.0,12,200.7,0
2012-03-02 05:08:00,20,48,17.7,82,7.7,1017.1,0.7,1.4,14,200.7,0
2012-03-02 05:28:00,20,48,17.7,83,7.6,1017.0,0.3,1.4,14,200.7,0
2012-03-02 05:48:00,20,48,17.8,83,7.5,1017.4,0.0,0.7,14,200.7,0
2012-03-02 06:08:00,20,48,18.0,84,7.5,1017.3,0.3,1.4,10,200.7,0
2012-03-02 06:28:00,20,47,18.2,84,7.4,1017.5,0.0,0.7,14,200.7,0
2012-03-02 06:48:00,20,48,18.3,84,7.3,1017.5,0.0,0.0,8,200.7,0
2012-03-02 07:08:00,20,48,18.4,84,7.5,1017.5,0,0,14,200.7,0
2012-03-02 07:28:00,20,48,18.9,83,7.6,1017.6,0.3,1.7,14,200.7,0
2012-03-02 07:48:00,20,44,19.9,83,7.5,1017.8,1.4,2.7,14,200.7,0
2012-03-02 08:08:00,20,43,20.6,83,7.6,1018.0,0.7,1.0,0,200.7,0
2012-03-02 08:28:00,20,42,21.1,84,7.3,1018.1,0.7,1.7,14,200.7,0
2012-03-02 08:48:00,20,41,21.5,84,7.3,1018.5,1.0,2.0,14,200.7,0
2012-03-02 09:08:00,20,41,21.8,83,7.3,1018.5,0,0.3,15,200.7,0
2012-03-02 09:28:00,20,40,22.1,83,7.7,1018.5,0,0.3,12,200.7,0
2012-03-02 09:48:00,20,39,22.3,82,7.8,1018.7,0.7,2.0,14,200.7,0
2012-03-02 10:08:00,20,39,22.4,81,8.0,1019.0,0.7,1.7,1,200.7,0
2012-03-02 10:28:00,20,39,22.6,81,8.1,1019.0,0.7,1.4,14,200.7,0
2012-03-02 10:48:00,20,39,22.7,79,8.3,1019.0,0.7,1.7,2,200.7,0
2012-03-02 11:08:00,20,38,22.9,79,8.5,1019.4,0.3,1.0,14,200.7,0
2012-03-02 11:28:00,20,39,22.9,78,8.3,1019.4,1.0,2.0,13,200.7,0
2012-03-02 11:48:00,20,41,22.1,78,8.5,1019.4,0.3,1.0,0,200.7,0
2012-03-02 12:08:00,20,42,21.6,78,8.5,1019.4,0.3,2.0,0,200.7,0
2012-03-02 12:28:00,20,43,21.1,76,8.9,1019.6,0.7,2.0,14,200.7,0
2012-03-02 12:48:00,20,43,20.7,77,8.8,1019.7,1.4,2.7,14,200.7,0
2012-03-02 13:08:00,20,44,20.4,78,8.2,1019.6,0.7,1.4,14,200.7,0
2012-03-02 13:28:00,20,45,20.2,79,8.0,1019.6,0,1.0,0,200.7,0
2012-03-02 13:48:00,20,45,20.0,80,7.6,1019.8,1.4,2.7,2,200.7,0
2012-03-02 14:08:00,20,46,19.9,81,7.3,1019.9,1.4,2.4,0,200.7,0
2012-03-02 14:28:00,20,46,19.9,81,7.1,1019.8,1.0,3.1,0,200.7,0
2012-03-02 14:48:00,20,46,19.8,82,6.9,1020.0,1.4,2.0,0,200.7,0
2012-03-02 15:08:00,20,46,19.8,82,6.7,1020.0,0.7,1.4,14,200.7,0
2012-03-02 15:28:00,20,46,19.7,83,6.4,1020.2,0.3,1.0,1,200.7,0
2012-03-02 15:48:00,20,46,19.7,83,6.3,1020.2,0,0.3,2,200.7,0
2012-03-02 16:08:00,20,46,19.6,82,6.1,1020.3,0,0,0,200.7,0
2012-03-02 16:28:00,20,46,19.6,82,6.0,1020.5,1.0,1.7,0,200.7,0
2012-03-02 16:48:00,20,46,19.5,81,5.9,1020.6,0,0,2,200.7,0
2012-03-02 17:08:00,20,46,19.5,82,5.7,1020.6,0,0,0,200.7,0
2012-03-02 17:28:00,20,46,19.5,82,5.1,1020.7,0,0,14,200.7,0
2012-03-02 17:48:00,20,46,19.5,83,4.3,1020.8,0,0,14,200.7,0
2012-03-02 18:08:00,20,46,19.5,84,3.3,1020.8,0,0,14,200.7,0
2012-03-02 18:28:00,20,46,19.5,85,2.6,1020.9,0,0,14,200.7,0
2012-03-02 18:48:00,20,46,19.5,86,2.1,1021.2,0,0,14,200.7,0
2012-03-02 19:08:00,20,46,19.4,86,1.4,1021.1,0,0,14,200.7,0
2012-03-02 19:28:00,20,46,19.4,87,1.0,1021.1,0,0,14,200.7,0
2012-03-02 19:48:00,20,46,19.4,87,0.7,1021.3,0,0,14,200.7,0
2012-03-02 20:08:00,20,46,19.3,88,0.4,1021.5,0,0,14,200.7,0
2012-03-02 20:28:00,20,46,19.3,88,-0.1,1021.4,0,0,14,200.7,0
2012-03-02 20:48:00,20,46,19.2,88,-0.3,1021.7,0,0,14,200.7,0
2012-03-02 21:08:00,20,46,19.2,89,-0.6,1021.6,0,0,0,200.7,0
2012-03-02 21:28:00,20,45,19.2,89,-1.0,1021.6,0,0,0,200.7,0
2012-03-02 21:48:00,20,45,19.1,89,-1.0,1021.5,0,0,0,200.7,0
2012-03-02 22:08:00,20,45,18.9,90,-1.0,1021.7,0,0,0,200.7,0
2012-03-02 22:28:00,20,45,18.8,90,-1.3,1021.5,0,0,0,200.7,0
2012-03-02 22:48:00,20,45,18.6,90,-1.3,1021.6,0,0,0,200.7,0
2012-03-02 23:08:00,20,45,18.5,90,-1.5,1021.5,0,0,0,200.7,0
2012-03-02 23:28:00,20,45,18.3,91,-1.4,1021.5,0,0,0,200.7,0
2012-03-02 23:48:00,20,45,18.2,91,-1.5,1021.5,0,0,0,200.7,0
