2017-10-13 00:00:00,3,50,21.5,71,10.7,1015.0,1.4,1.7,10,625.5,0
2017-10-13 00:03:00,3,50,21.4,71,10.7,1014.9,1.4,1.7,10,625.5,0
2017-10-13 00:06:00,3,50,21.4,71,10.7,1015.0,1.4,1.7,10,625.5,0
2017-10-13 00:09:00,3,50,21.4,71,10.8,1014.9,1.4,2.0,10,625.5,0
2017-10-13 00:12:00,3,50,21.4,71,10.8,1015.0,1.7,2.0,12,625.5,0
2017-10-13 00:15:00,3,50,21.3,71,10.8,1015.0,1.4,1.7,10,625.5,0
2017-10-13 00:18:00,3,50,21.3,71,10.8,1015.1,1.7,2.4,10,625.5,0
2017-10-13 00:21:00,3,50,21.3,71,10.8,1015.1,0.7,1.4,10,625.5,0
2017-10-13 00:24:00,3,50,21.3,71,10.8,1015.1,1.0,1.4,14,625.5,0
2017-10-13 00:27:00,3,50,21.3,71,10.7,1015.2,1.7,2.0,10,625.5,0
2017-10-13 00:30:00,3,50,21.3,71,10.7,1015.0,1.0,2.0,10,625.5,0
2017-10-13 00:33:00,3,50,21.3,71,10.7,1015.1,0.7,1.4,10,625.5,0
2017-10-13 00:36:00,3,50,21.3,71,10.7,1015.1,1.7,2.0,8,625.5,0
2017-10-13 00:39:00,3,50,21.3,71,10.7,1015.0,1.4,2.4,12,625.5,0
2017-10-13 00:42:00,3,50,21.2,71,10.7,1015.0,1.4,1.7,10,625.5,0
2017-10-13 00:45:00,3,50,21.2,71,10.7,1015.1,1.0,2.0,10,625.5,0
2017-10-13 00:48:00,3,50,21.2,71,10.7,1015.0,1.0,1.7,10,625.5,0
2017-10-13 00:51:00,3,50,21.2,71,10.7,1015.2,1.4,1.7,10,625.5,0
2017-10-13 00:54:00,3,50,21.2,71,10.7,1015.2,0.7,1.0,8,625.5,0
2017-10-13 00:57:00,3,50,21.2,71,10.7,1015.1,2.7,3.1,6,625.5,0
2017-10-13 01:00:00,3,50,21.2,71,10.7,1015.2,1.0,1.7,10,625.5,0
2017-10-13 01:03:00,3,50,21.2,71,10.7,1015.2,2.0,2.7,11,625.5,0
2017-10-13 01:06:00,3,50,21.2,72,10.7,1015.3,1.0,1.7,10,625.5,0
2017-10-13 01:09:00,3,50,21.2,72,10.7,1015.2,2.4,3.1,12,625.5,0
2017-10-13 01:12:00,3,50,21.2,72,10.7,1015.3,1.0,1.4,12,625.5,0
2017-10-13 01:15:00,3,50,21.2,72,10.7,1015.1,1.7,2.4,10,625.5,0
2017-10-13 01:18:00,3,50,21.2,72,10.7,1015.3,1.7,2.7,10,625.5,0
2017-10-13 01:21:00,3,50,21.1,72,10.7,1015.2,2.4,3.1,10,625.5,0
2017-10-13 01:24:00,3,50,21.1,72,10.7,1015.2,2.0,2.7,10,625.5,0
2017-10-13 01:27:00,3,50,21.1,72,10.7,1015.3,2.0,2.4,10,625.5,0
2017-10-13 01:30:00,3,50,21.1,72,10.8,1015.3,1.7,2.4,10,625.5,0
2017-10-13 01:33:00,3,50,21.1,72,10.8,1015.4,1.4,2.0,12,625.5,0
2017-10-13 01:36:00,3,50,21.1,72,10.7,1015.3,1.7,2.4,10,625.5,0
2017-10-13 01:39:00,3,50,21.1,72,10.8,1015.3,1.4,2.4,10,625.5,0
2017-10-13 01:42:00,3,50,21.1,72,10.8,1015.3,1.0,1.4,12,625.5,0
2017-10-13 01:45:00,3,50,21.1,72,10.8,1015.3,1.7,2.7,10,625.5,0
2017-10-13 01:48:00,3,50,21.1,72,10.8,1015.3,1.4,2.4,10,625.5,0
2017-10-13 01:51:00,3,50,21.0,72,10.8,1015.2,1.7,2.4,10,625.5,0
2017-10-13 01:54:00,3,50,21.0,72,10.8,1015.2,1.0,1.7,10,625.5,0
2017-10-13 01:57:00,3,50,21.0,72,10.8,1015.2,1.0,1.7,10,625.5,0
2017-10-13 02:00:00,3,50,21.0,72,10.8,1015.3,2.4,3.1,10,625.5,0
2017-10-13 02:03:00,3,50,21.0,72,10.8,1015.3,2.4,3.1,10,625.5,0
2017-10-13 02:06:00,3,50,21.0,72,10.8,1015.4,2.4,3.1,10,625.5,0
2017-10-13 02:09:00,3,50,21.0,72,10.7,1015.5,1.4,2.0,12,625.5,0
2017-10-13 02:12:00,3,50,21.0,72,10.8,1015.5,1.4,1.7,10,625.5,0
2017-10-13 02:15:00,3,50,21.0,72,10.7,1015.5,1.4,2.0,14,625.5,0
2017-10-13 02:18:00,3,51,20.9,72,10.8,1015.4,1.4,1.7,10,625.5,0
2017-10-13 02:21:00,3,51,20.9,72,10.7,1015.5,1.4,2.0,12,625.5,0
2017-10-13 02:24:00,3,51,20.9,72,10.7,1015.3,1.4,2.0,10,625.5,0
2017-10-13 02:27:00,3,51,20.9,72,10.8,1015.3,2.0,2.4,10,625.5,0
2017-10-13 02:30:00,3,51,20.9,72,10.8,1015.5,1.7,2.0,10,625.5,0
2017-10-13 02:33:00,3,51,20.9,72,10.8,1015.5,1.4,2.0,12,625.5,0
2017-10-13 02:36:00,3,51,20.9,72,10.8,1015.5,0.7,1.0,10,625.5,0
2017-10-13 02:39:00,3,51,20.9,72,10.8,1015.6,1.7,2.4,10,625.5,0
2017-10-13 02:42:00,3,51,20.9,72,10.8,1015.5,1.7,2.7,12,625.5,0
2017-10-13 02:45:00,3,51,20.9,72,10.8,1015.5,1.4,2.0,10,625.5,0
2017-10-13 02:48:00,3,51,20.9,72,10.8,1015.5,1.7,2.4,12,625.5,0
2017-10-13 02:51:00,3,51,20.9,73,10.7,1015.6,1.4,1.7,12,625.5,0
2017-10-13 02:54:00,3,51,20.8,73,10.7,1015.6,1.4,1.7,10,625.5,0
2017-10-13 02:57:00,3,51,20.8,73,10.7,1015.7,1.4,2.0,10,625.5,0
2017-10-13 03:00:00,3,51,20.8,73,10.7,1015.7,1.0,1.4,10,625.5,0
2017-10-13 03:03:00,3,51,20.7,73,10.6,1015.6,1.0,1.4,10,625.5,0
2017-10-13 03:06:00,3,51,20.7,73,10.6,1015.7,0.7,1.0,9,625.5,0
2017-10-13 03:09:00,3,51,20.7,73,10.5,1015.7,2.0,2.7,10,625.5,0
2017-10-13 03:12:00,3,51,20.7,73,10.5,1015.7,1.4,1.7,10,625.5,0
2017-10-13 03:15:00,3,51,20.7,73,10.5,1015.6,2.0,2.4,10,625.5,0
2017-10-13 03:18:00,3,51,20.7,73,10.4,1015.8,1.4,1.7,12,625.5,0
2017-10-13 03:21:00,3,51,20.7,74,10.4,1015.8,1.0,1.4,10,625.5,0
2017-10-13 03:24:00,3,51,20.7,74,10.3,1015.8,1.7,2.4,10,625.5,0
2017-10-13 03:27:00,3,51,20.7,74,10.3,1015.8,1.4,2.4,10,625.5,0
2017-10-13 03:30:00,3,51,20.7,74,10.3,1015.8,1.0,1.4,10,625.5,0
2017-10-13 03:33:00,3,51,20.7,74,10.2,1015.8,0.7,1.0,10,625.5,0
2017-10-13 03:36:00,3,51,20.7,75,10.2,1015.7,1.0,1.7,10,625.5,0
2017-10-13 03:39:00,3,51,20.7,75,10.1,1015.8,0.7,1.0,10,625.5,0
2017-10-13 03:42:00,3,51,20.6,75,10.1,1015.8,0.7,1.4,10,625.5,0
2017-10-13 03:45:00,3,51,20.6,75,10.0,1015.8,1.4,2.0,10,625.5,0
2017-10-13 03:48:00,3,51,20.6,76,10.0,1015.9,1.0,1.7,11,625.5,0
2017-10-13 03:51:00,3,51,20.6,76,10.0,1015.8,0.7,1.0,11,625.5,0
2017-10-13 03:54:00,3,51,20.6,76,9.9,1015.9,0.7,1.0,10,625.5,0
2017-10-13 03:57:00,3,51,20.6,76,9.8,1015.9,0.3,0.7,12,625.5,0
2017-10-13 04:00:00,3,51,20.6,77,9.8,1016.0,0.7,1.0,10,625.5,0
2017-10-13 04:03:00,3,51,20.6,77,9.8,1016.0,0.7,1.0,10,625.5,0
2017-10-13 04:06:00,3,51,20.6,77,9.8,1015.9,0.7,1.0,10,625.5,0
2017-10-13 04:09:00,3,51,20.6,78,9.7,1015.9,0.7,1.0,10,625.5,0
2017-10-13 04:12:00,3,51,20.6,78,9.7,1016.0,0.7,1.0,10,625.5,0
2017-10-13 04:15:00,3,51,20.6,78,9.7,1016.0,1.0,1.4,10,625.5,0
2017-10-13 04:18:00,3,51,20.7,79,9.7,1016.1,1.4,2.0,10,625.5,0
2017-10-13 04:21:00,3,51,20.7,79,9.6,1016.1,0.7,1.0,10,625.5,0
2017-10-13 04:24:00,3,51,20.7,79,9.6,1016.1,0.3,0.7,10,625.5,0
2017-10-13 04:27:00,3,51,20.7,79,9.6,1016.2,1.0,1.4,10,625.5,0
2017-10-13 04:30:00,3,51,20.7,79,9.6,1016.1,1.0,1.0,14,625.5,0
2017-10-13 04:33:00,3,51,20.7,79,9.6,1016.1,1.0,1.4,10,625.5,0
2017-10-13 04:36:00,3,51,20.8,80,9.6,1016.2,1.0,1.4,12,625.5,0
2017-10-13 04:39:00,3,51,20.9,80,9.5,1016.2,0,0.3,12,625.5,0
2017-10-13 04:42:00,3,51,20.9,80,9.5,1016.2,0.7,1.0,12,625.5,0
2017-10-13 04:45:00,3,51,20.9,80,9.5,1016.3,0,0.3,10,625.5,0
2017-10-13 04:48:00,3,51,20.9,80,9.4,1016.2,0.7,1.4,10,625.5,0
2017-10-13 04:51:00,3,51,20.9,80,9.4,1016.2,0.7,1.0,12,625.5,0
2017-10-13 04:54:00,3,51,20.9,80,9.4,1016.2,0,0,10,625.5,0
2017-10-13 04:57:00,3,51,20.9,80,9.4,1016.4,0.3,0.7,12,625.5,0
2017-10-13 05:00:00,3,50,21.0,80,9.4,1016.4,0.7,1.0,10,625.5,0
2017-10-13 05:03:00,3,50,21.0,80,9.4,1016.4,0,0.3,10,625.5,0
2017-10-13 05:06:00,3,50,21.0,80,9.4,1016.4,0.3,0.7,10,625.5,0
2017-10-13 05:09:00,3,50,21.0,80,9.3,1016.4,0.7,1.0,10,625.5,0
2017-10-13 05:12:00,3,50,21.0,80,9.3,1016.3,0.3,0.7,10,625.5,0
2017-10-13 05:15:00,3,50,21.0,80,9.2,1016.4,0.3,0.7,10,625.5,0
2017-10-13 05:18:00,3,50,21.0,81,9.2,1016.4,0.3,0.7,10,625.5,0
2017-10-13 05:21:00,3,50,21.0,81,9.1,1016.5,0.3,0.7,10,625.5,0
2017-10-13 05:24:00,3,50,21.0,81,9.1,1016.5,0,0,12,625.5,0
2017-10-13 05:27:00,3,50,21.1,81,9.0,1016.6,0,0,12,625.5,0
2017-10-13 05:30:00,3,50,21.1,81,8.9,1016.4,0,0,12,625.5,0
2017-10-13 05:33:00,3,50,21.1,81,8.8,1016.5,0,0,8,625.5,0
2017-10-13 05:36:00,3,50,21.1,81,8.7,1016.6,0,0,8,625.5,0
2017-10-13 05:39:00,3,50,21.2,81,8.6,1016.6,0,0,8,625.5,0
2017-10-13 05:42:00,3,50,21.3,81,8.6,1016.7,0,0,10,625.5,0
2017-10-13 05:45:00,3,50,21.5,81,8.5,1016.7,0,0,10,625.5,0
2017-10-13 05:48:00,3,49,21.7,82,8.6,1016.7,0.3,0.7,10,625.5,0
2017-10-13 05:51:00,3,49,21.8,82,8.6,1016.7,0.7,1.0,10,625.5,0
2017-10-13 05:54:00,3,49,21.9,83,8.6,1016.8,0.7,1.0,10,625.5,0
2017-10-13 05:57:00,3,48,22.0,83,8.6,1016.8,0.7,1.0,10,625.5,0
2017-10-13 06:00:00,3,48,22.1,83,8.7,1016.8,0.3,0.7,12,625.5,0
2017-10-13 06:03:00,3,48,22.2,83,8.7,1016.8,0.3,0.7,12,625.5,0
2017-10-13 06:06:00,3,48,22.3,83,8.7,1016.8,0.3,0.7,12,625.5,0
2017-10-13 06:09:00,3,48,22.3,83,8.8,1016.9,0.3,0.7,10,625.5,0
2017-10-13 06:12:00,3,47,22.3,83,8.8,1016.9,0.7,1.0,10,625.5,0
2017-10-13 06:15:00,3,47,22.4,83,8.9,1016.9,0,0,12,625.5,0
2017-10-13 06:18:00,3,47,22.5,83,8.9,1017.0,0,0,12,625.5,0
2017-10-13 06:21:00,3,47,22.5,83,8.9,1016.8,0,0,10,625.5,0
2017-10-13 06:24:00,3,47,22.6,83,9.0,1016.9,0,0,10,625.5,0
2017-10-13 06:27:00,3,47,22.6,83,9.0,1016.8,0.3,0.7,8,625.5,0
2017-10-13 06:30:00,3,47,22.7,83,9.1,1016.8,0.3,0.7,9,625.5,0
2017-10-13 06:33:00,3,47,22.9,83,9.3,1017.0,0,0,12,625.5,0
2017-10-13 06:36:00,3,47,22.9,83,9.4,1017.1,0,0,12,625.5,0
2017-10-13 06:39:00,3,45,23.0,83,9.5,1017.1,0.3,0.7,10,625.5,0
2017-10-13 06:42:00,3,45,23.0,83,9.6,1017.1,0,0.3,10,625.5,0
2017-10-13 06:45:00,3,45,23.1,82,9.6,1017.1,0,0.3,10,625.5,0
2017-10-13 06:48:00,3,45,23.1,82,9.7,1017.1,0,0,10,625.5,0
2017-10-13 06:51:00,3,45,23.1,82,9.7,1017.2,0.3,0.7,10,625.5,0
2017-10-13 06:54:00,3,45,23.3,81,9.9,1017.1,0.3,0.7,10,625.5,0
2017-10-13 06:57:00,3,45,23.3,81,10.1,1017.2,1.0,1.4,10,625.5,0
2017-10-13 07:00:00,3,44,23.3,81,10.2,1017.4,0.7,1.0,12,625.5,0
2017-10-13 07:03:00,3,44,23.4,80,10.3,1017.3,0.7,0.7,10,625.5,0
2017-10-13 07:06:00,3,45,23.4,80,10.4,1017.3,0.3,0.7,12,625.5,0
2017-10-13 07:09:00,3,44,23.4,80,10.5,1017.3,0.7,1.0,10,625.5,0
2017-10-13 07:12:00,3,44,23.6,80,10.6,1017.4,0.7,1.0,10,625.5,0
2017-10-13 07:15:00,3,44,23.6,79,10.8,1017.5,1.4,2.0,10,625.5,0
2017-10-13 07:18:00,3,44,23.6,78,11.1,1017.4,1.0,1.4,10,625.5,0
2017-10-13 07:21:00,3,44,23.6,77,11.5,1017.5,1.0,1.7,10,625.5,0
2017-10-13 07:24:00,3,44,23.6,76,11.7,1017.5,1.4,1.7,10,625.5,0
2017-10-13 07:27:00,3,43,23.6,75,11.7,1017.5,1.4,2.0,8,625.5,0
2017-10-13 07:30:00,3,43,23.6,75,11.7,1017.5,1.4,2.0,10,625.5,0
2017-10-13 07:33:00,3,43,23.7,74,11.8,1017.5,0.7,1.0,12,625.5,0
2017-10-13 07:36:00,3,43,23.7,74,11.9,1017.5,1.7,2.0,10,625.5,0
2017-10-13 07:39:00,3,43,23.7,74,11.9,1017.5,1.7,2.4,10,625.5,0
2017-10-13 07:42:00,3,43,23.7,74,11.9,1017.5,0.7,1.0,12,625.5,0
2017-10-13 07:45:00,3,43,23.7,74,12.0,1017.4,1.4,1.7,14,625.5,0
2017-10-13 07:48:00,3,44,23.8,73,12.0,1017.5,2.0,2.4,10,625.5,0
2017-10-13 07:51:00,3,43,23.8,73,12.0,1017.5,1.0,1.4,10,625.5,0
2017-10-13 07:54:00,3,43,23.8,73,12.0,1017.6,1.4,1.7,10,625.5,0
2017-10-13 07:57:00,3,43,23.8,73,12.1,1017.5,2.0,3.1,12,625.5,0
2017-10-13 08:00:00,3,43,23.8,73,12.1,1017.6,1.0,1.7,12,625.5,0
2017-10-13 08:03:00,3,43,23.8,73,12.1,1017.6,1.0,1.7,12,625.5,0
2017-10-13 08:06:00,3,43,23.8,73,12.1,1017.7,1.0,1.7,12,625.5,0
2017-10-13 08:09:00,3,43,23.8,73,12.3,1017.7,1.4,1.7,12,625.5,0
2017-10-13 08:12:00,3,43,23.9,73,12.3,1017.7,0.7,1.0,12,625.5,0
2017-10-13 08:15:00,3,42,24.0,73,12.4,1017.8,1.4,1.7,10,625.5,0
2017-10-13 08:18:00,3,42,24.0,73,12.4,1017.8,2.0,2.7,0,625.5,0
2017-10-13 08:21:00,3,42,24.0,71,12.5,1017.8,0.7,1.0,10,625.5,0
2017-10-13 08:24:00,3,42,24.1,71,12.7,1017.8,0.7,1.0,10,625.5,0
2017-10-13 08:27:00,3,42,24.1,71,12.8,1017.8,1.0,1.4,14,625.5,0
2017-10-13 08:30:00,3,42,24.1,70,13.0,1017.8,0.7,1.7,10,625.5,0
2017-10-13 08:33:00,3,41,24.1,70,13.0,1017.8,1.0,1.4,11,625.5,0
2017-10-13 08:36:00,3,41,24.2,70,13.0,1017.8,1.7,2.4,10,625.5,0
2017-10-13 08:39:00,3,41,24.3,70,13.0,1017.8,1.4,2.0,8,625.5,0
2017-10-13 08:42:00,3,41,24.3,70,13.1,1017.9,0.7,1.0,11,625.5,0
2017-10-13 08:45:00,3,41,24.4,70,13.3,1017.9,1.0,1.4,12,625.5,0
2017-10-13 08:48:00,3,41,24.4,70,13.4,1017.9,1.0,1.7,14,625.5,0
2017-10-13 08:51:00,3,41,24.4,69,13.5,1017.8,1.0,1.4,10,625.5,0
2017-10-13 08:54:00,3,41,24.5,69,13.5,1017.9,1.7,3.4,10,625.5,0
2017-10-13 08:57:00,3,41,24.5,69,13.6,1017.9,1.4,1.7,12,625.5,0
2017-10-13 09:00:00,3,41,24.5,69,13.6,1017.9,2.0,2.4,10,625.5,0
2017-10-13 09:03:00,3,41,24.5,69,13.6,1017.9,2.4,3.4,10,625.5,0
2017-10-13 09:06:00,3,41,24.5,69,13.6,1017.9,1.4,2.0,12,625.5,0
2017-10-13 09:09:00,3,41,24.4,69,13.7,1017.9,1.7,2.4,12,625.5,0
2017-10-13 09:12:00,3,42,24.4,69,13.8,1017.9,2.0,3.1,10,625.5,0
2017-10-13 09:15:00,3,42,24.4,69,14.0,1017.9,1.7,2.0,10,625.5,0
2017-10-13 09:18:00,3,42,24.4,68,14.1,1017.8,2.4,3.1,12,625.5,0
2017-10-13 09:21:00,3,42,24.2,68,14.2,1017.7,1.0,1.4,12,625.5,0
2017-10-13 09:24:00,3,42,24.1,68,14.3,1017.8,1.0,1.7,12,625.5,0
2017-10-13 09:27:00,3,42,24.0,68,14.5,1017.8,1.0,1.7,9,625.5,0
2017-10-13 09:30:00,3,43,23.8,68,14.8,1017.7,1.0,1.4,10,625.5,0
2017-10-13 09:33:00,3,43,23.7,66,14.8,1017.8,1.0,1.7,12,625.5,0
2017-10-13 09:36:00,3,44,23.7,67,14.7,1017.7,0.7,1.0,10,625.5,0
2017-10-13 09:39:00,3,44,23.6,67,14.8,1017.8,1.4,1.7,12,625.5,0
2017-10-13 09:42:00,3,44,23.6,67,14.7,1017.8,0.7,1.0,14,625.5,0
2017-10-13 09:45:00,3,44,23.4,68,14.8,1017.9,1.7,2.0,8,625.5,0
2017-10-13 09:48:00,3,44,23.4,68,14.9,1017.8,1.4,1.7,12,625.5,0
2017-10-13 09:51:00,3,45,23.4,67,14.8,1017.8,1.7,2.0,10,625.5,0
2017-10-13 09:54:00,3,45,23.3,67,14.7,1017.7,2.4,3.1,8,625.5,0
2017-10-13 09:57:00,3,45,23.2,68,14.8,1017.7,2.0,2.7,12,625.5,0
2017-10-13 10:00:00,3,45,23.1,67,14.9,1017.6,1.7,2.4,12,625.5,0
2017-10-13 10:03:00,3,45,23.1,67,14.9,1017.7,1.7,2.4,12,625.5,0
2017-10-13 10:06:00,3,45,23.1,67,14.9,1017.7,1.7,2.4,12,625.5,0
2017-10-13 10:09:00,3,45,23.0,67,15.2,1017.8,1.0,1.7,10,625.5,0
2017-10-13 10:12:00,3,46,23.0,67,15.3,1017.7,1.4,2.7,12,625.5,0
2017-10-13 10:15:00,3,46,23.0,67,15.3,1017.7,1.4,1.7,12,625.5,0
2017-10-13 10:18:00,3,46,23.0,67,15.4,1017.7,1.4,1.7,11,625.5,0
2017-10-13 10:21:00,3,48,22.9,66,15.5,1017.6,0.7,1.0,10,625.5,0
2017-10-13 10:24:00,3,48,22.9,67,15.7,1017.6,0.3,0.7,14,625.5,0
2017-10-13 10:27:00,3,48,22.9,66,16.1,1017.6,0.3,0.7,7,625.5,0
2017-10-13 10:30:00,3,48,22.9,65,16.3,1017.7,1.0,1.4,14,625.5,0
2017-10-13 10:33:00,3,48,22.8,65,16.4,1017.6,1.0,1.7,9,625.5,0
2017-10-13 10:36:00,3,48,22.7,64,16.5,1017.6,1.7,2.7,12,625.5,0
2017-10-13 10:39:00,3,48,22.7,64,16.7,1017.5,1.4,1.7,11,625.5,0
2017-10-13 10:42:00,3,48,22.7,64,16.8,1017.5,2.0,2.7,10,625.5,0
2017-10-13 10:45:00,3,48,22.7,63,16.6,1017.6,1.4,1.7,12,625.5,0
2017-10-13 10:48:00,3,48,22.7,63,16.5,1017.6,3.1,4.8,12,625.5,0
2017-10-13 10:51:00,3,48,22.7,63,16.6,1017.6,1.0,1.7,14,625.5,0
2017-10-13 10:54:00,3,48,22.6,62,16.5,1017.5,1.7,2.4,14,625.5,0
2017-10-13 10:57:00,3,48,22.6,62,16.1,1017.6,1.0,1.7,10,625.5,0
2017-10-13 11:00:00,3,48,22.6,63,15.8,1017.5,1.4,2.4,10,625.5,0
2017-10-13 11:03:00,3,48,22.6,64,15.7,1017.5,1.7,2.0,12,625.5,0
2017-10-13 11:06:00,3,48,22.6,65,15.9,1017.5,0.7,1.4,12,625.5,0
2017-10-13 11:09:00,3,48,22.5,63,16.1,1017.3,1.4,2.0,12,625.5,0
2017-10-13 11:12:00,3,48,22.5,62,16.3,1017.4,1.4,2.0,12,625.5,0
2017-10-13 11:15:00,3,48,22.5,62,16.3,1017.4,1.0,1.4,10,625.5,0
2017-10-13 11:18:00,3,48,22.5,61,16.1,1017.4,1.7,2.4,10,625.5,0
2017-10-13 11:21:00,3,48,22.4,61,15.9,1017.4,1.0,1.4,10,625.5,0
2017-10-13 11:24:00,3,48,22.4,62,15.9,1017.4,1.4,2.0,14,625.5,0
2017-10-13 11:27:00,3,49,22.4,62,15.7,1017.4,1.0,1.7,12,625.5,0
2017-10-13 11:30:00,3,49,22.3,62,15.5,1017.4,1.7,2.0,12,625.5,0
2017-10-13 11:33:00,3,49,22.3,63,15.5,1017.4,0.7,1.0,8,625.5,0
2017-10-13 11:36:00,3,49,22.3,63,15.5,1017.4,1.4,1.7,14,625.5,0
2017-10-13 11:39:00,3,49,22.3,62,15.5,1017.4,2.0,2.4,12,625.5,0
2017-10-13 11:42:00,3,49,22.3,62,15.4,1017.5,0.7,1.0,8,625.5,0
2017-10-13 11:45:00,3,49,22.3,62,15.4,1017.4,1.0,1.7,12,625.5,0
2017-10-13 11:48:00,3,49,22.3,62,15.5,1017.5,3.4,4.8,14,625.5,0
2017-10-13 11:51:00,3,49,22.3,61,15.5,1017.6,1.4,1.7,14,625.5,0
2017-10-13 11:54:00,3,49,22.2,61,15.5,1017.5,1.4,2.0,12,625.5,0
2017-10-13 11:57:00,3,49,22.2,61,15.7,1017.6,1.0,1.4,8,625.5,0
2017-10-13 12:00:00,3,49,22.2,61,15.8,1017.5,1.0,1.4,12,625.5,0
2017-10-13 12:03:00,3,49,22.2,61,15.8,1017.6,1.0,1.4,12,625.5,0
2017-10-13 12:06:00,3,49,22.2,61,15.8,1017.6,1.0,1.4,12,625.5,0
2017-10-13 12:09:00,3,49,22.2,60,16.0,1017.7,1.7,2.0,8,625.5,0
2017-10-13 12:12:00,3,49,22.2,60,16.3,1017.5,0.7,1.4,10,625.5,0
2017-10-13 12:15:00,3,49,22.2,60,16.7,1017.5,0.7,1.0,14,625.5,0
2017-10-13 12:18:00,3,49,22.2,59,16.8,1017.4,0.7,1.0,12,625.5,0
2017-10-13 12:21:00,3,49,22.2,58,16.6,1017.5,2.4,2.7,12,625.5,0
2017-10-13 12:24:00,3,49,22.2,58,16.4,1017.4,1.7,2.4,10,625.5,0
2017-10-13 12:27:00,3,49,22.2,59,16.1,1017.4,1.0,1.7,11,625.5,0
2017-10-13 12:30:00,3,49,22.2,60,15.9,1017.4,1.0,1.4,14,625.5,0
2017-10-13 12:33:00,3,49,22.2,60,15.8,1017.4,0.3,1.0,10,625.5,0
2017-10-13 12:36:00,3,49,22.2,60,15.7,1017.3,2.4,3.1,6,625.5,0
2017-10-13 12:39:00,3,50,22.2,61,15.8,1017.3,0.7,1.0,12,625.5,0
2017-10-13 12:42:00,3,50,22.2,61,15.9,1017.4,1.0,1.7,12,625.5,0
2017-10-13 12:45:00,3,50,22.2,61,15.9,1017.4,1.4,1.7,10,625.5,0
2017-10-13 12:48:00,3,50,22.2,61,15.9,1017.4,1.4,2.0,10,625.5,0
2017-10-13 12:51:00,3,50,22.2,61,15.9,1017.5,2.0,2.4,10,625.5,0
2017-10-13 12:54:00,3,50,22.2,61,15.8,1017.5,2.0,2.7,10,625.5,0
2017-10-13 12:57:00,3,50,22.2,61,15.8,1017.4,1.0,1.7,11,625.5,0
2017-10-13 13:00:00,3,50,22.2,62,15.8,1017.4,0.3,1.0,12,625.5,0
2017-10-13 13:03:00,3,50,22.2,62,15.9,1017.4,1.0,1.4,12,625.5,0
2017-10-13 13:06:00,3,50,22.1,62,15.9,1017.5,1.0,1.4,10,625.5,0
2017-10-13 13:09:00,3,50,22.1,62,16.0,1017.4,1.4,1.7,12,625.5,0
2017-10-13 13:12:00,3,50,22.1,61,16.0,1017.3,1.7,2.7,12,625.5,0
2017-10-13 13:15:00,3,50,22.1,61,16.0,1017.3,0.7,1.0,10,625.5,0
2017-10-13 13:18:00,3,50,22.1,61,16.2,1017.3,1.7,2.0,14,625.5,0
2017-10-13 13:21:00,3,50,22.1,60,16.4,1017.5,2.0,2.7,14,625.5,0
2017-10-13 13:24:00,3,50,22.1,60,16.4,1017.5,1.4,1.7,8,625.5,0
2017-10-13 13:27:00,3,50,22.1,60,16.3,1017.5,1.4,2.4,10,625.5,0
2017-10-13 13:30:00,3,50,22.1,60,16.2,1017.5,1.7,2.4,13,625.5,0
2017-10-13 13:33:00,3,50,22.1,60,16.2,1017.5,1.0,1.7,8,625.5,0
2017-10-13 13:36:00,3,50,22.1,60,16.2,1017.6,1.0,1.7,12,625.5,0
2017-10-13 13:39:00,3,50,22.1,61,16.2,1017.4,0.3,0.7,12,625.5,0
2017-10-13 13:42:00,3,50,22.1,60,16.1,1017.5,0.7,1.0,0,625.5,0
2017-10-13 13:45:00,3,50,22.1,60,16.1,1017.5,1.7,2.4,12,625.5,0
2017-10-13 13:48:00,3,50,22.1,60,16.1,1017.4,1.0,1.7,10,625.5,0
2017-10-13 13:51:00,3,50,22.1,60,16.1,1017.5,1.4,2.0,10,625.5,0
2017-10-13 13:54:00,3,50,22.1,60,16.1,1017.6,1.4,2.0,12,625.5,0
2017-10-13 13:57:00,3,50,22.1,60,16.1,1017.6,0.7,1.0,12,625.5,0
2017-10-13 14:00:00,3,50,22.1,61,16.1,1017.6,1.0,1.4,11,625.5,0
2017-10-13 14:03:00,3,50,22.1,61,16.1,1017.7,1.0,1.4,11,625.5,0
2017-10-13 14:06:00,3,50,22.1,61,16.1,1017.6,1.0,1.4,11,625.5,0
2017-10-13 14:09:00,3,50,22.2,60,16.0,1017.5,1.0,2.0,10,625.5,0
2017-10-13 14:12:00,3,50,22.2,60,16.0,1017.6,1.0,1.4,12,625.5,0
2017-10-13 14:15:00,3,50,22.2,60,16.0,1017.5,1.0,1.7,12,625.5,0
2017-10-13 14:18:00,3,50,22.2,61,15.9,1017.5,1.0,1.4,12,625.5,0
2017-10-13 14:21:00,3,50,22.2,61,15.9,1017.6,0.3,0.7,10,625.5,0
2017-10-13 14:24:00,3,50,22.2,61,16.0,1017.5,1.7,2.7,12,625.5,0
2017-10-13 14:27:00,3,50,22.2,61,16.0,1017.4,0.7,1.0,12,625.5,0
2017-10-13 14:30:00,3,50,22.2,61,16.1,1017.4,0.7,1.0,10,625.5,0
2017-10-13 14:33:00,3,50,22.2,60,16.2,1017.4,1.4,2.0,12,625.5,0
2017-10-13 14:36:00,3,50,22.2,60,16.2,1017.5,0.7,1.0,12,625.5,0
2017-10-13 14:39:00,3,50,22.2,60,16.2,1017.4,0.7,1.4,10,625.5,0
2017-10-13 14:42:00,3,50,22.2,60,16.1,1017.5,0.7,1.0,10,625.5,0
2017-10-13 14:45:00,3,50,22.2,61,16.0,1017.6,0.3,0.7,10,625.5,0
2017-10-13 14:48:00,3,50,22.2,61,16.0,1017.5,1.0,1.4,14,625.5,0
2017-10-13 14:51:00,3,50,22.2,61,15.9,1017.6,1.0,1.4,10,625.5,0
2017-10-13 14:54:00,3,50,22.2,61,15.8,1017.6,1.4,1.7,12,625.5,0
2017-10-13 14:57:00,3,50,22.2,61,15.7,1017.6,1.0,1.7,12,625.5,0
2017-10-13 15:00:00,3,50,22.2,61,15.7,1017.5,0.7,1.0,10,625.5,0
2017-10-13 15:03:00,3,50,22.2,62,15.7,1017.5,0.7,1.0,10,625.5,0
2017-10-13 15:06:00,3,50,22.2,62,15.6,1017.6,1.7,2.4,10,625.5,0
2017-10-13 15:09:00,3,50,22.2,62,15.6,1017.5,1.4,1.7,10,625.5,0
2017-10-13 15:12:00,3,50,22.2,62,15.6,1017.4,0.3,0.7,8,625.5,0
2017-10-13 15:15:00,3,50,22.2,62,15.6,1017.5,0.3,1.0,12,625.5,0
2017-10-13 15:18:00,3,50,22.2,63,15.6,1017.5,0.3,0.7,12,625.5,0
2017-10-13 15:21:00,3,50,22.2,63,15.5,1017.5,0.7,1.0,10,625.5,0
2017-10-13 15:24:00,3,50,22.1,63,15.5,1017.5,0,0.3,10,625.5,0
2017-10-13 15:27:00,3,50,22.2,63,15.4,1017.7,0,0.7,10,625.5,0
2017-10-13 15:30:00,3,50,22.1,64,15.3,1017.7,0.3,0.7,10,625.5,0
2017-10-13 15:33:00,3,50,22.1,64,15.3,1017.7,0,0,10,625.5,0
2017-10-13 15:36:00,3,50,22.1,64,15.2,1017.7,0.7,1.0,10,625.5,0
2017-10-13 15:39:00,3,50,22.1,64,15.2,1017.6,0.7,1.4,10,625.5,0
2017-10-13 15:42:00,3,50,22.1,64,15.2,1017.7,0.7,1.0,10,625.5,0
2017-10-13 15:45:00,3,51,22.1,64,15.1,1017.6,0.3,0.7,11,625.5,0
2017-10-13 15:48:00,3,51,22.2,64,15.1,1017.6,0.7,1.0,10,625.5,0
2017-10-13 15:51:00,3,51,22.2,65,15.0,1017.7,0.3,0.7,10,625.5,0
2017-10-13 15:54:00,3,51,22.3,65,15.0,1017.6,0.7,1.0,12,625.5,0
2017-10-13 15:57:00,3,51,22.5,65,14.9,1017.6,0.7,1.0,10,625.5,0
2017-10-13 16:00:00,3,51,22.6,65,14.9,1017.6,0,0.3,14,625.5,0
2017-10-13 16:03:00,3,51,22.7,65,14.9,1017.6,0,0.3,14,625.5,0
2017-10-13 16:06:00,3,50,22.7,65,14.9,1017.8,0,0.3,14,625.5,0
2017-10-13 16:09:00,3,50,22.9,66,14.7,1017.7,0.3,0.7,10,625.5,0
2017-10-13 16:12:00,3,51,23.0,66,14.6,1017.8,0.7,1.0,11,625.5,0
2017-10-13 16:15:00,3,51,23.0,66,14.5,1017.8,0.7,1.0,10,625.5,0
2017-10-13 16:18:00,3,51,23.1,66,14.4,1017.8,0.3,1.0,10,625.5,0
2017-10-13 16:21:00,3,51,23.1,67,14.4,1017.8,0.7,1.0,10,625.5,0
2017-10-13 16:24:00,3,50,23.2,67,14.3,1017.9,0.3,0.7,10,625.5,0
2017-10-13 16:27:00,3,50,23.3,67,14.2,1017.8,0.7,1.0,10,625.5,0
2017-10-13 16:30:00,3,50,23.4,67,14.2,1017.8,0.3,0.7,12,625.5,0
2017-10-13 16:33:00,3,49,23.4,68,14.1,1017.8,0.3,0.7,12,625.5,0
2017-10-13 16:36:00,3,49,23.4,68,14.0,1017.9,0,0,12,625.5,0
2017-10-13 16:39:00,3,49,23.5,68,13.9,1017.8,0,0,12,625.5,0
2017-10-13 16:42:00,3,49,23.6,69,13.6,1017.9,0,0,12,625.5,0
2017-10-13 16:45:00,3,49,23.6,70,13.4,1018.0,0,0,12,625.5,0
2017-10-13 16:48:00,3,49,23.6,70,13.3,1018.0,0,0,12,625.5,0
2017-10-13 16:51:00,3,48,23.6,70,13.1,1018.1,0,0,12,625.5,0
2017-10-13 16:54:00,3,48,23.7,70,12.9,1018.1,0,0,12,625.5,0
2017-10-13 16:57:00,3,48,23.8,71,12.7,1018.1,0,0,2,625.5,0
2017-10-13 17:00:00,3,48,23.8,71,12.6,1018.1,0,0,2,625.5,0
2017-10-13 17:03:00,3,48,23.8,74,12.4,1018.1,0,0,2,625.5,0
2017-10-13 17:06:00,3,48,23.8,74,12.2,1018.1,0,0,2,625.5,0
2017-10-13 17:09:00,3,47,23.8,74,12.0,1018.0,0,0,2,625.5,0
2017-10-13 17:12:00,3,47,23.8,75,11.9,1018.1,0,0,2,625.5,0
2017-10-13 17:15:00,3,47,23.8,75,11.8,1018.0,0,0,2,625.5,0
2017-10-13 17:18:00,3,47,23.8,76,11.6,1018.1,0,0,2,625.5,0
2017-10-13 17:21:00,3,47,23.8,77,11.5,1018.0,0,0,2,625.5,0
2017-10-13 17:24:00,3,47,23.9,77,11.4,1018.1,0,0,6,625.5,0
2017-10-13 17:27:00,3,47,23.9,78,11.3,1018.1,0,0,6,625.5,0
2017-10-13 17:30:00,3,46,24.0,78,11.2,1018.1,0,0,6,625.5,0
2017-10-13 17:33:00,3,46,24.0,78,11.1,1018.3,0,0,6,625.5,0
2017-10-13 17:36:00,3,46,24.0,79,11.0,1018.3,0,0,6,625.5,0
2017-10-13 17:39:00,3,46,24.0,79,10.9,1018.3,0,0,6,625.5,0
2017-10-13 17:42:00,3,46,24.0,80,10.8,1018.3,0,0,6,625.5,0
2017-10-13 17:45:00,3,46,24.0,80,10.7,1018.2,0,0,6,625.5,0
2017-10-13 17:48:00,3,46,24.0,80,10.6,1018.3,0,0,6,625.5,0
2017-10-13 17:51:00,3,46,24.0,80,10.5,1018.2,0,0,6,625.5,0
2017-10-13 17:54:00,3,46,24.0,80,10.4,1018.2,0,0,6,625.5,0
2017-10-13 17:57:00,3,46,24.0,81,10.4,1018.4,0,0,6,625.5,0
2017-10-13 18:00:00,3,46,24.1,81,10.3,1018.2,0,0,6,625.5,0
2017-10-13 18:03:00,3,46,24.1,81,10.3,1018.3,0,0,6,625.5,0
2017-10-13 18:06:00,3,46,24.0,81,10.3,1018.2,0,0,6,625.5,0
2017-10-13 18:09:00,3,47,23.9,82,10.1,1018.3,0,0,6,625.5,0
2017-10-13 18:12:00,3,47,23.8,82,10.1,1018.1,0,0,6,625.5,0
2017-10-13 18:15:00,3,47,23.8,82,10.0,1018.1,0,0,6,625.5,0
2017-10-13 18:18:00,3,47,23.7,82,10.0,1018.1,0,0,6,625.5,0
2017-10-13 18:21:00,3,47,23.6,82,9.9,1018.0,0,0,6,625.5,0
2017-10-13 18:24:00,3,47,23.6,82,9.8,1018.1,0,0,6,625.5,0
2017-10-13 18:27:00,3,47,23.6,82,9.8,1018.1,0,0,6,625.5,0
2017-10-13 18:30:00,3,48,23.5,82,9.7,1018.2,0,0,6,625.5,0
2017-10-13 18:33:00,3,48,23.5,82,9.7,1018.1,0,0,6,625.5,0
2017-10-13 18:36:00,3,48,23.4,83,9.6,1018.2,0,0,6,625.5,0
2017-10-13 18:39:00,3,48,23.4,83,9.6,1018.0,0,0,6,625.5,0
2017-10-13 18:42:00,3,48,23.4,83,9.6,1018.1,0,0,6,625.5,0
2017-10-13 18:45:00,3,48,23.4,83,9.5,1018.1,0,0,6,625.5,0
2017-10-13 18:48:00,3,48,23.3,83,9.5,1018.1,0,0,6,625.5,0
2017-10-13 18:51:00,3,48,23.3,83,9.5,1018.1,0,0,6,625.5,0
2017-10-13 18:54:00,3,48,23.3,83,9.4,1018.2,0,0,6,625.5,0
2017-10-13 18:57:00,3,48,23.2,83,9.4,1018.2,0,0,6,625.5,0
2017-10-13 19:00:00,3,48,23.2,83,9.3,1018.1,0,0,6,625.5,0
2017-10-13 19:03:00,3,48,23.1,83,9.3,1018.2,0,0,6,625.5,0
2017-10-13 19:06:00,3,48,23.1,83,9.2,1018.1,0,0,6,625.5,0
2017-10-13 19:09:00,3,48,23.1,83,9.2,1018.2,0,0,6,625.5,0
2017-10-13 19:12:00,3,48,23.1,84,9.2,1018.3,0,0,6,625.5,0
2017-10-13 19:15:00,3,48,23.1,84,9.2,1018.3,0,0,6,625.5,0
2017-10-13 19:18:00,3,48,23.0,84,9.1,1018.2,0,0,6,625.5,0
2017-10-13 19:21:00,3,48,23.0,84,9.1,1018.3,0,0,6,625.5,0
2017-10-13 19:24:00,3,48,23.0,84,9.1,1018.3,0,0,6,625.5,0
2017-10-13 19:27:00,3,48,23.0,84,9.2,1018.2,0,0,6,625.5,0
2017-10-13 19:30:00,3,49,23.0,84,9.2,1018.3,0,0,6,625.5,0
2017-10-13 19:33:00,3,49,23.0,84,9.2,1018.4,0,0,6,625.5,0
2017-10-13 19:36:00,3,49,22.9,85,9.2,1018.3,0,0,6,625.5,0
2017-10-13 19:39:00,3,49,22.9,85,9.3,1018.4,0,0,6,625.5,0
2017-10-13 19:42:00,3,49,22.9,85,9.4,1018.4,0,0,6,625.5,0
2017-10-13 19:45:00,3,49,22.9,85,9.4,1018.4,0,0,6,625.5,0
2017-10-13 19:48:00,3,49,22.9,85,9.5,1018.3,0,0,6,625.5,0
2017-10-13 19:51:00,3,49,22.8,85,9.5,1018.4,0,0,6,625.5,0
2017-10-13 19:54:00,3,49,22.8,86,9.5,1018.4,0,0,6,625.5,0
2017-10-13 19:57:00,3,49,22.7,86,9.6,1018.5,0,0,6,625.5,0
2017-10-13 20:00:00,3,49,22.7,86,9.6,1018.5,0,0,6,625.5,0
2017-10-13 20:03:00,3,49,22.7,86,9.6,1018.5,0,0,6,625.5,0
2017-10-13 20:06:00,3,49,22.7,86,9.6,1018.4,0,0,6,625.5,0
2017-10-13 20:09:00,3,49,22.7,86,9.6,1018.4,0,0,6,625.5,0
2017-10-13 20:12:00,3,49,22.7,86,9.6,1018.4,0,0,6,625.5,0
2017-10-13 20:15:00,3,49,22.7,86,9.7,1018.4,0,0,6,625.5,0
2017-10-13 20:18:00,3,49,22.6,86,9.7,1018.4,0,0,6,625.5,0
2017-10-13 20:21:00,3,49,22.6,86,9.8,1018.4,0,0,6,625.5,0
2017-10-13 20:24:00,3,49,22.6,86,9.8,1018.5,0,0,6,625.5,0
2017-10-13 20:27:00,3,49,22.6,86,9.9,1018.4,0,0,6,625.5,0
2017-10-13 20:30:00,3,49,22.6,86,9.9,1018.3,0,0,6,625.5,0
2017-10-13 20:33:00,3,49,22.6,87,10.0,1018.3,0,0,6,625.5,0
2017-10-13 20:36:00,3,49,22.6,87,10.0,1018.4,0,0,6,625.5,0
2017-10-13 20:39:00,3,49,22.5,87,10.0,1018.3,0,0,6,625.5,0
2017-10-13 20:42:00,3,49,22.5,87,10.1,1018.3,0,0,6,625.5,0
2017-10-13 20:45:00,3,49,22.5,87,10.1,1018.3,0,0,6,625.5,0
2017-10-13 20:48:00,3,49,22.5,87,10.2,1018.3,0,0,6,625.5,0
2017-10-13 20:51:00,3,49,22.5,87,10.2,1018.2,0,0,6,625.5,0
2017-10-13 20:54:00,3,49,22.5,87,10.3,1018.2,0,0,6,625.5,0
2017-10-13 20:57:00,3,49,22.4,87,10.3,1018.3,0,0,6,625.5,0
2017-10-13 21:00:00,3,49,22.4,87,10.4,1018.3,0,0,6,625.5,0
2017-10-13 21:03:00,3,49,22.4,87,10.4,1018.1,0,0,6,625.5,0
2017-10-13 21:06:00,3,49,22.4,87,10.4,1018.2,0,0,6,625.5,0
2017-10-13 21:09:00,3,49,22.3,87,10.5,1018.1,0,0,6,625.5,0
2017-10-13 21:12:00,3,49,22.3,86,10.5,1018.2,0,0,6,625.5,0
2017-10-13 21:15:00,3,49,22.3,86,10.5,1018.1,0,0,6,625.5,0
2017-10-13 21:18:00,3,49,22.3,86,10.5,1018.2,0,0,6,625.5,0
2017-10-13 21:21:00,3,49,22.3,86,10.5,1018.1,0,0,6,625.5,0
2017-10-13 21:24:00,3,50,22.3,86,10.4,1018.2,0,0,6,625.5,0
2017-10-13 21:27:00,3,50,22.3,86,10.4,1018.1,0,0,6,625.5,0
2017-10-13 21:30:00,3,50,22.3,86,10.3,1018.1,0,0,6,625.5,0
2017-10-13 21:33:00,3,50,22.3,86,10.3,1018.2,0,0,6,625.5,0
2017-10-13 21:36:00,3,50,22.2,85,10.2,1018.2,0,0,6,625.5,0
2017-10-13 21:39:00,3,50,22.2,85,10.1,1018.2,0,0,6,625.5,0
2017-10-13 21:42:00,3,50,22.2,85,10.1,1018.2,0,0,6,625.5,0
2017-10-13 21:45:00,3,50,22.2,85,10.0,1018.2,0,0,6,625.5,0
2017-10-13 21:48:00,3,50,22.2,85,10.0,1018.2,0,0,6,625.5,0
2017-10-13 21:51:00,3,50,22.2,85,9.9,1018.1,0,0,6,625.5,0
2017-10-13 21:54:00,3,50,22.2,85,9.9,1018.1,0,0,6,625.5,0
2017-10-13 21:57:00,3,50,22.2,85,9.8,1018.1,0,0,6,625.5,0
