2017-10-10 00:00:00,3,49,21.0,92,9.2,1007.7,0,0,10,624.3,0
2017-10-10 00:03:00,3,49,21.0,92,9.2,1007.7,0,0,10,624.3,0
2017-10-10 00:06:00,3,50,20.9,92,9.2,1007.7,0,0,10,624.3,0
2017-10-10 00:09:00,3,50,20.9,92,9.2,1007.6,0,0,10,624.3,0
2017-10-10 00:12:00,3,50,20.9,92,9.2,1007.5,0,0,10,624.3,0
2017-10-10 00:15:00,3,51,20.9,92,9.2,1007.6,0,0,10,624.3,0
2017-10-10 00:18:00,3,51,20.9,92,9.3,1007.5,0,0,10,624.3,0
2017-10-10 00:21:00,3,51,20.9,92,9.3,1007.5,0,0,0,624.3,0
2017-10-10 00:24:00,3,51,20.9,92,9.3,1007.5,0,0,12,624.3,0
2017-10-10 00:27:00,3,50,20.9,92,9.3,1007.5,0,0,12,624.3,0
2017-10-10 00:30:00,3,50,20.9,92,9.3,1007.5,0,0,12,624.3,0
2017-10-10 00:33:00,3,51,20.9,92,9.3,1007.5,0.3,0.7,12,624.3,0
2017-10-10 00:36:00,3,51,20.9,92,9.4,1007.5,0,0,10,624.3,0
2017-10-10 00:39:00,3,51,20.8,92,9.4,1007.5,0,0,10,624.3,0
2017-10-10 00:42:00,3,51,20.8,92,9.4,1007.4,0,0,10,624.3,0
2017-10-10 00:45:00,3,51,20.8,92,9.4,1007.3,0,0,10,624.3,0
2017-10-10 00:47:59,3,51,20.7,92,9.4,1007.4,0,0,10,624.3,0
2017-10-10 00:50:59,3,51,20.7,92,9.4,1007.3,0,0,10,624.3,0
2017-10-10 00:53:59,3,51,20.7,92,9.4,1007.2,0.3,0.7,12,624.3,0
2017-10-10 00:56:59,3,51,20.7,92,9.4,1007.2,0,0,12,624.3,0
2017-10-10 00:59:59,3,51,20.7,93,9.4,1007.2,0,0,12,624.3,0
2017-10-10 01:02:59,3,51,20.7,93,9.4,1007.3,0,0,12,624.3,0
2017-10-10 01:05:59,3,51,20.7,93,9.4,1007.3,0,0,10,624.3,0
2017-10-10 01:08:59,3,51,20.7,93,9.4,1007.3,0,0,10,624.3,0
2017-10-10 01:11:59,3,51,20.7,93,9.4,1007.2,0,0,10,624.3,0
2017-10-10 01:14:59,3,51,20.7,93,9.4,1007.2,0,0,10,624.3,0
2017-10-10 01:17:59,3,51,20.7,93,9.4,1007.2,0,0,10,624.3,0
2017-10-10 01:20:59,3,51,20.7,93,9.4,1007.2,0.3,0.7,10,624.3,0
2017-10-10 01:23:59,3,51,20.6,93,9.4,1007.0,0.3,0.7,12,624.3,0
2017-10-10 01:26:59,3,51,20.6,93,9.4,1007.1,0.3,0.7,8,624.3,0
2017-10-10 01:29:59,3,51,20.6,93,9.4,1007.0,0.3,0.7,10,624.3,0
2017-10-10 01:32:59,3,51,20.6,93,9.4,1007.1,0.3,0.7,10,624.3,0
2017-10-10 01:35:59,3,51,20.6,93,9.4,1007.1,0.3,0.3,10,624.3,0
2017-10-10 01:38:59,3,51,20.6,93,9.4,1007.1,0,0,11,624.3,0
2017-10-10 01:41:59,3,51,20.6,93,9.4,1006.9,0.3,0.7,8,624.3,0
2017-10-10 01:44:59,3,51,20.6,93,9.4,1007.1,0.3,0.7,8,624.3,0
2017-10-10 01:47:59,3,51,20.6,93,9.4,1007.0,0.3,0.7,10,624.3,0
2017-10-10 01:50:59,3,51,20.6,93,9.4,1007.0,0.7,1.0,12,624.3,0
2017-10-10 01:53:59,3,51,20.5,93,9.4,1007.0,0,0.3,12,624.3,0
2017-10-10 01:56:59,3,51,20.5,93,9.4,1007.0,0.7,1.0,10,624.3,0
2017-10-10 01:59:59,3,51,20.5,93,9.4,1006.9,0,0.3,14,624.3,0
2017-10-10 02:02:59,3,51,20.5,93,9.4,1007.0,0,0.3,14,624.3,0
2017-10-10 02:05:59,3,51,20.5,93,9.4,1007.0,0,0.3,14,624.3,0
2017-10-10 02:08:59,3,51,20.5,93,9.4,1006.9,0,0,2,624.3,0
2017-10-10 02:11:59,3,51,20.5,93,9.3,1006.9,0,0,2,624.3,0
2017-10-10 02:14:59,3,51,20.5,93,9.3,1006.9,0,0,2,624.3,0
2017-10-10 02:17:59,3,51,20.5,93,9.3,1007.0,0,0,2,624.3,0
2017-10-10 02:20:59,3,51,20.5,93,9.3,1006.9,0,0,2,624.3,0
2017-10-10 02:23:59,3,51,20.4,93,9.3,1006.9,0,0,2,624.3,0
2017-10-10 02:26:59,3,51,20.4,93,9.3,1006.9,0,0,0,624.3,0
2017-10-10 02:29:59,3,51,20.4,93,9.3,1006.9,0,0,0,624.3,0
2017-10-10 02:32:59,3,51,20.4,93,9.3,1006.9,0,0,0,624.3,0
2017-10-10 02:35:59,3,51,20.4,93,9.3,1006.9,0,0,0,624.3,0
2017-10-10 02:38:59,3,51,20.4,93,9.3,1006.9,0,0,0,624.3,0
2017-10-10 02:41:59,3,51,20.4,93,9.3,1006.9,0,0,0,624.3,0
2017-10-10 02:44:59,3,51,20.4,93,9.3,1007.0,0,0,0,624.3,0
2017-10-10 02:47:59,3,51,20.4,93,9.3,1007.0,0,0,12,624.3,0
2017-10-10 02:50:59,3,51,20.4,93,9.3,1006.9,0,0,12,624.3,0
2017-10-10 02:53:59,3,51,20.4,93,9.3,1006.9,0,0,12,624.3,0
2017-10-10 02:56:59,3,51,20.4,93,9.3,1007.0,0,0,12,624.3,0
2017-10-10 02:59:59,3,51,20.3,93,9.4,1006.9,0,0,12,624.3,0
2017-10-10 03:02:59,3,51,20.3,93,9.4,1007.0,0,0,12,624.3,0
2017-10-10 03:05:59,3,51,20.3,93,9.4,1007.0,0,0,12,624.3,0
2017-10-10 03:08:59,3,51,20.3,93,9.4,1007.1,0,0,12,624.3,0
2017-10-10 03:11:59,3,51,20.3,93,9.4,1007.0,0,0,12,624.3,0
2017-10-10 03:14:59,3,51,20.3,93,9.4,1007.0,0,0,12,624.3,0
2017-10-10 03:17:59,3,51,20.3,93,9.4,1007.0,0,0,12,624.3,0
2017-10-10 03:20:59,3,51,20.3,93,9.4,1007.0,0,0,12,624.3,0
2017-10-10 03:23:59,3,51,20.3,93,9.4,1006.9,0,0,12,624.3,0
2017-10-10 03:26:59,3,51,20.3,93,9.5,1007.0,0,0,14,624.3,0
2017-10-10 03:29:59,3,51,20.3,93,9.5,1006.9,0,0,14,624.3,0
2017-10-10 03:32:59,3,51,20.3,93,9.5,1006.9,0,0,14,624.3,0
2017-10-10 03:35:59,3,51,20.3,93,9.5,1007.0,0,0,14,624.3,0
2017-10-10 03:38:59,3,51,20.2,93,9.5,1006.8,0,0,10,624.3,0
2017-10-10 03:41:59,3,51,20.2,93,9.5,1006.9,0,0,14,624.3,0
2017-10-10 03:44:59,3,51,20.2,93,9.5,1007.0,0,0,12,624.3,0
2017-10-10 03:47:59,3,51,20.2,93,9.5,1006.9,0,0,14,624.3,0
2017-10-10 03:50:59,3,51,20.2,93,9.5,1006.8,0,0,14,624.3,0
2017-10-10 03:53:59,3,51,20.2,93,9.5,1006.8,0,0,14,624.3,0
2017-10-10 03:56:59,3,51,20.2,93,9.5,1006.7,0,0,14,624.3,0
2017-10-10 03:59:59,3,51,20.2,93,9.5,1006.7,0,0,12,624.3,0
2017-10-10 04:02:59,3,51,20.2,93,9.5,1006.8,0,0,12,624.3,0
2017-10-10 04:05:59,3,51,20.2,93,9.5,1006.6,0,0,12,624.3,0
2017-10-10 04:08:59,3,51,20.2,93,9.5,1006.8,0,0,12,624.3,0
2017-10-10 04:11:59,3,51,20.2,93,9.5,1006.7,0,0.3,12,624.3,0
2017-10-10 04:14:59,3,51,20.2,93,9.5,1006.8,0,0,12,624.3,0
2017-10-10 04:17:59,3,51,20.3,93,9.5,1006.8,0,0,12,624.3,0
2017-10-10 04:20:59,3,51,20.3,93,9.5,1006.9,0,0,12,624.3,0
2017-10-10 04:23:59,3,51,20.3,93,9.5,1006.8,0,0.3,10,624.3,0
2017-10-10 04:26:59,3,51,20.3,93,9.5,1006.9,0,0.3,10,624.3,0
2017-10-10 04:29:59,3,51,20.3,93,9.5,1006.8,0,0.3,10,624.3,0
2017-10-10 04:32:59,3,51,20.4,93,9.5,1006.8,0,0.3,10,624.3,0
2017-10-10 04:35:59,3,51,20.4,93,9.5,1006.8,0,0.3,10,624.3,0
2017-10-10 04:38:59,3,51,20.4,93,9.5,1006.9,0,0,10,624.3,0
2017-10-10 04:41:59,3,51,20.4,93,9.5,1006.9,0,0,10,624.3,0
2017-10-10 04:44:59,3,51,20.5,93,9.5,1006.9,0,0,10,624.3,0
2017-10-10 04:47:59,3,51,20.5,93,9.5,1006.8,0,0,14,624.3,0
2017-10-10 04:50:59,3,51,20.5,93,9.5,1006.8,0,0.3,12,624.3,0
2017-10-10 04:53:59,3,51,20.5,93,9.5,1006.9,0,0,10,624.3,0
2017-10-10 04:56:59,3,51,20.5,93,9.5,1006.9,0,0.7,12,624.3,0
2017-10-10 04:59:59,3,51,20.5,93,9.5,1006.9,0.3,1.0,8,624.6,0
2017-10-10 05:02:59,3,51,20.6,93,9.5,1006.9,0,0.3,10,624.6,0
2017-10-10 05:05:59,3,51,20.6,93,9.5,1006.9,0,0,12,624.6,0
2017-10-10 05:08:59,3,51,20.6,93,9.5,1007.0,0,0,8,624.6,0
2017-10-10 05:11:59,3,51,20.6,94,9.5,1007.0,0,0,10,624.6,0
2017-10-10 05:14:59,3,51,20.6,94,9.5,1006.9,0.3,0.7,10,624.6,0
2017-10-10 05:17:59,3,51,20.6,94,9.5,1006.9,0,0.3,10,624.6,0
2017-10-10 05:20:59,3,51,20.6,94,9.5,1007.0,0,0.3,10,624.6,0
2017-10-10 05:23:59,3,51,20.6,94,9.5,1006.9,0.3,0.3,10,624.6,0
2017-10-10 05:26:59,3,51,20.6,94,9.5,1006.9,0.3,0.7,12,624.6,0
2017-10-10 05:29:59,3,51,20.7,94,9.5,1007.0,0.3,0.3,10,624.6,0
2017-10-10 05:32:59,3,51,20.7,94,9.5,1006.9,0,0,10,624.6,0
2017-10-10 05:35:59,3,51,20.7,94,9.5,1006.9,0,0,10,624.6,0
2017-10-10 05:38:59,3,51,20.7,94,9.5,1007.0,0,0,12,624.9,0
2017-10-10 05:41:59,3,51,20.7,94,9.5,1007.0,0.7,1.0,10,624.9,0
2017-10-10 05:44:59,3,51,20.7,94,9.5,1007.0,0.3,1.0,10,624.9,0
2017-10-10 05:47:59,3,51,20.7,94,9.5,1007.0,0.7,1.0,10,624.9,0
2017-10-10 05:50:59,3,51,20.7,94,9.6,1007.1,0,0.7,10,624.9,0
2017-10-10 05:53:59,3,51,20.7,94,9.6,1006.9,0,0.7,10,624.9,0
2017-10-10 05:56:59,3,51,20.7,94,9.6,1006.9,0,0,10,624.9,0
2017-10-10 05:59:59,3,51,20.7,94,9.6,1006.9,0,0,10,624.9,0
2017-10-10 06:02:59,3,51,20.7,94,9.6,1006.9,0,0,10,624.9,0
2017-10-10 06:05:59,3,51,20.8,94,9.6,1006.9,0,0,10,624.9,0
2017-10-10 06:08:59,3,51,20.8,94,9.6,1006.9,0,0,12,624.9,0
2017-10-10 06:11:59,3,51,20.8,94,9.6,1007.0,0.3,0.7,12,624.9,0
2017-10-10 06:14:59,3,51,20.8,94,9.6,1007.1,0,0,12,624.9,0
2017-10-10 06:17:59,3,51,20.8,94,9.7,1007.0,0,0,12,624.9,0
2017-10-10 06:20:59,3,51,20.9,94,9.7,1007.1,0,0,12,624.9,0
2017-10-10 06:23:59,3,51,20.9,94,9.7,1007.1,0,0.3,8,624.9,0
2017-10-10 06:26:59,3,51,20.9,94,9.7,1007.0,0,0,8,624.9,0
2017-10-10 06:29:59,3,52,20.9,94,9.7,1007.1,0,0,8,624.9,0
2017-10-10 06:32:59,3,52,20.9,94,9.7,1007.0,0,0,10,624.9,0
2017-10-10 06:35:59,3,52,21.0,94,9.8,1007.1,0,0.7,10,624.9,0
2017-10-10 06:38:59,3,51,21.2,94,9.8,1007.2,0,0,8,624.9,0
2017-10-10 06:41:59,3,51,21.3,94,9.8,1007.3,0,0,10,624.9,0
2017-10-10 06:44:59,3,50,21.5,94,9.8,1007.2,0,0,10,624.9,0
2017-10-10 06:47:59,3,50,21.7,94,9.8,1007.3,0,0,8,624.9,0
2017-10-10 06:50:59,3,50,21.8,94,9.8,1007.3,0,0,12,624.9,0
2017-10-10 06:53:59,3,50,21.9,94,9.8,1007.4,0,0,12,624.9,0
2017-10-10 06:56:59,3,50,21.9,94,9.8,1007.4,0,0,10,624.9,0
2017-10-10 06:59:59,3,49,22.1,94,9.8,1007.4,0,0,10,624.9,0
2017-10-10 07:02:59,3,49,22.2,94,9.9,1007.4,0.3,0.7,10,624.9,0
2017-10-10 07:05:59,3,48,22.3,94,9.9,1007.4,0.3,0.7,8,624.9,0
2017-10-10 07:08:59,3,48,22.3,94,9.9,1007.4,0.7,1.4,8,624.9,0
2017-10-10 07:11:59,3,48,22.5,94,9.9,1007.4,0,0,12,624.9,0
2017-10-10 07:14:59,3,48,22.5,94,9.9,1007.4,0.3,0.7,8,624.9,0
2017-10-10 07:17:59,3,48,22.6,94,9.9,1007.4,0.3,0.7,6,624.9,0
2017-10-10 07:20:59,3,48,22.6,94,9.9,1007.5,0,0,12,624.9,0
2017-10-10 07:23:59,3,48,22.7,94,10.0,1007.5,0,0.3,10,624.9,0
2017-10-10 07:26:59,3,48,22.7,94,10.0,1007.5,0.3,0.7,10,624.9,0
2017-10-10 07:29:59,3,48,22.8,94,10.0,1007.6,0,0,14,624.9,0
2017-10-10 07:32:59,3,48,22.9,94,10.0,1007.6,0.7,1.0,10,624.9,0
2017-10-10 07:35:59,3,46,23.0,94,10.0,1007.6,0.3,1.0,10,624.9,0
2017-10-10 07:38:59,3,46,23.0,94,10.0,1007.6,0,0.3,14,624.9,0
2017-10-10 07:41:59,3,45,23.0,94,10.0,1007.6,0.7,1.0,8,624.9,0
2017-10-10 07:44:59,3,45,23.1,94,10.0,1007.7,0.7,1.0,10,624.9,0
2017-10-10 07:47:59,3,45,23.1,94,10.0,1007.7,0.7,1.4,10,624.9,0
2017-10-10 07:50:59,3,45,23.2,94,10.0,1007.8,0.3,0.7,10,624.9,0
2017-10-10 07:53:59,3,45,23.3,94,10.0,1007.6,1.0,1.4,8,625.2,0
2017-10-10 07:56:59,3,45,23.3,94,10.0,1007.7,1.0,1.4,10,625.2,0
2017-10-10 07:59:59,3,45,23.3,94,10.0,1007.6,0.7,1.0,9,625.2,0
2017-10-10 08:02:59,3,45,23.3,94,10.0,1007.8,0.7,1.0,9,625.2,0
2017-10-10 08:05:59,3,45,23.4,94,10.0,1007.7,0.7,1.0,9,625.2,0
2017-10-10 08:08:59,3,45,23.4,94,10.2,1007.6,0.7,1.0,8,625.2,0
2017-10-10 08:11:59,3,45,23.4,94,10.2,1007.6,0.3,0.7,12,625.2,0
2017-10-10 08:14:59,3,45,23.4,94,10.3,1007.7,0,0,10,625.2,0
2017-10-10 08:17:59,3,45,23.4,94,10.3,1007.7,1.4,2.0,8,625.2,0
2017-10-10 08:20:59,3,45,23.4,94,10.3,1007.6,1.4,2.0,8,625.2,0
2017-10-10 08:23:59,3,45,23.4,94,10.3,1007.5,1.7,2.4,10,625.2,0
2017-10-10 08:26:59,3,45,23.5,94,10.4,1007.6,1.0,1.7,10,625.2,0
2017-10-10 08:29:59,3,45,23.5,94,10.4,1007.7,0.3,0.7,10,625.2,0
2017-10-10 08:32:59,3,44,23.6,95,10.5,1007.7,0.7,1.0,10,625.2,0
2017-10-10 08:35:59,3,44,23.6,95,10.5,1007.8,0,0.3,10,625.2,0
2017-10-10 08:38:59,3,44,23.6,95,10.6,1007.7,0.3,0.7,10,625.2,0
2017-10-10 08:41:59,3,44,23.6,95,10.6,1007.7,0,0,14,625.2,0
2017-10-10 08:44:59,3,44,23.6,95,10.7,1007.8,0.3,0.7,12,625.2,0
2017-10-10 08:47:59,3,44,23.6,95,10.7,1007.8,0.7,1.4,12,625.2,0
2017-10-10 08:50:59,3,44,23.6,95,10.7,1007.7,0,0.7,12,625.2,0
2017-10-10 08:53:59,3,44,23.6,95,10.8,1007.7,0.3,0.7,10,625.2,0
2017-10-10 08:56:59,3,44,23.6,95,10.9,1007.7,0,0,10,625.2,0
2017-10-10 08:59:59,3,44,23.6,95,11.0,1007.7,0.7,1.0,14,625.2,0
2017-10-10 09:02:59,3,44,23.6,95,11.0,1007.6,0.3,0.7,6,625.2,0
2017-10-10 09:05:59,3,44,23.6,95,11.1,1007.7,0,0.3,14,625.2,0
2017-10-10 09:08:59,3,44,23.6,95,11.1,1007.7,0,0,12,625.2,0
2017-10-10 09:11:59,3,44,23.6,95,11.1,1007.7,0,0,10,625.2,0
2017-10-10 09:14:59,3,44,23.6,95,11.2,1007.7,0.7,1.0,10,625.2,0
2017-10-10 09:17:59,3,44,23.6,95,11.2,1007.7,0.3,0.7,10,625.2,0
2017-10-10 09:20:59,3,44,23.6,95,11.3,1007.8,0.3,1.0,12,625.2,0
2017-10-10 09:23:59,3,44,23.6,95,11.3,1007.6,1.0,1.4,10,625.2,0
2017-10-10 09:26:59,3,44,23.6,95,11.4,1007.7,0.7,1.4,0,625.2,0
2017-10-10 09:29:59,3,44,23.6,95,11.4,1007.6,0.7,1.0,12,625.2,0
2017-10-10 09:32:59,3,44,23.6,95,11.4,1007.6,0.3,0.7,10,625.2,0
2017-10-10 09:35:59,3,44,23.6,95,11.5,1007.6,0.3,0.7,10,625.2,0
2017-10-10 09:38:59,3,44,23.6,95,11.5,1007.6,0.3,0.7,14,625.2,0
2017-10-10 09:41:59,3,44,23.5,95,11.5,1007.6,1.0,1.4,10,625.2,0
2017-10-10 09:44:59,3,44,23.4,95,11.6,1007.5,0.7,1.4,10,625.2,0
2017-10-10 09:47:59,3,44,23.3,95,11.6,1007.5,1.4,2.0,10,625.2,0
2017-10-10 09:50:59,3,45,23.1,95,11.7,1007.4,1.0,1.4,12,625.2,0
2017-10-10 09:53:59,3,45,23.1,95,11.8,1007.5,0.7,1.0,12,625.2,0
2017-10-10 09:56:59,3,45,23.0,95,11.8,1007.5,1.0,1.4,10,625.2,0
2017-10-10 09:59:59,3,47,22.9,95,11.9,1007.5,1.4,2.0,12,625.2,0
2017-10-10 10:02:59,3,47,22.9,95,11.9,1007.5,1.4,2.0,12,625.2,0
2017-10-10 10:05:59,3,47,22.8,95,11.9,1007.5,1.4,2.0,12,625.2,0
2017-10-10 10:08:59,3,47,22.7,95,12.1,1007.4,1.0,1.4,15,625.2,0
2017-10-10 10:11:59,3,48,22.7,95,12.2,1007.3,0.7,1.0,12,625.2,0
2017-10-10 10:14:59,3,48,22.7,95,12.3,1007.3,0.7,1.0,10,625.2,0
2017-10-10 10:17:59,3,48,22.6,95,12.4,1007.2,1.4,2.0,12,625.2,0
2017-10-10 10:20:59,3,48,22.6,95,12.4,1007.3,0.7,1.0,12,625.2,0
2017-10-10 10:23:59,3,48,22.6,95,12.4,1007.2,1.0,1.4,10,625.2,0
2017-10-10 10:26:59,3,48,22.5,94,12.4,1007.2,0.7,1.4,10,625.2,0
2017-10-10 10:29:59,3,48,22.5,94,12.4,1007.3,1.0,1.4,12,625.2,0
2017-10-10 10:32:59,3,48,22.5,94,12.4,1007.4,0.7,1.0,12,625.2,0
2017-10-10 10:35:59,3,48,22.4,94,12.4,1007.3,0.7,1.0,8,625.2,0
2017-10-10 10:38:59,3,48,22.3,93,12.4,1007.2,1.4,1.7,12,625.2,0
2017-10-10 10:41:59,3,48,22.3,93,12.4,1007.3,1.7,2.4,10,625.2,0
2017-10-10 10:44:59,3,48,22.3,93,12.4,1007.1,1.0,1.4,10,625.2,0
2017-10-10 10:47:59,3,48,22.3,92,12.4,1007.1,2.0,3.1,12,625.2,0
2017-10-10 10:50:59,3,48,22.2,89,12.5,1007.2,1.7,2.4,10,625.2,0
2017-10-10 10:53:59,3,48,22.2,89,12.5,1007.2,1.4,1.7,10,625.2,0
2017-10-10 10:56:59,3,48,22.2,89,12.5,1007.1,0.7,1.0,12,625.2,0
2017-10-10 10:59:59,3,48,22.1,89,12.5,1007.1,0.3,1.0,12,625.2,0
2017-10-10 11:02:59,3,48,22.1,89,12.6,1007.0,1.0,1.7,11,625.2,0
2017-10-10 11:05:59,3,48,22.1,89,12.7,1007.1,1.4,1.7,12,625.2,0
2017-10-10 11:08:59,3,48,22.0,89,12.7,1007.1,1.0,1.7,12,625.2,0
2017-10-10 11:11:59,3,48,22.0,88,12.7,1007.1,1.4,1.7,10,625.2,0
2017-10-10 11:14:59,3,48,22.0,88,12.7,1007.0,1.0,1.4,10,625.2,0
2017-10-10 11:17:59,3,49,21.9,88,12.7,1007.1,1.7,2.4,10,625.2,0
2017-10-10 11:20:59,3,49,21.9,87,12.7,1007.0,1.4,1.7,10,625.2,0
2017-10-10 11:23:59,3,49,21.9,87,12.8,1006.9,1.7,2.4,11,625.2,0
2017-10-10 11:26:59,3,49,21.9,87,12.8,1007.0,0.7,1.4,10,625.2,0
2017-10-10 11:30:00,3,49,21.9,87,12.9,1006.9,0.7,1.0,8,625.2,0
2017-10-10 11:33:00,3,49,21.8,87,12.9,1007.0,1.0,1.4,10,625.2,0
2017-10-10 11:36:00,3,50,21.8,87,13.0,1007.0,1.0,1.7,10,625.2,0
2017-10-10 11:39:00,3,50,21.8,87,13.0,1006.9,1.0,1.4,10,625.2,0
2017-10-10 11:42:00,3,50,21.8,86,13.0,1006.9,1.4,1.7,10,625.2,0
2017-10-10 11:45:00,3,50,21.8,86,13.0,1006.9,1.0,1.4,10,625.2,0
2017-10-10 11:48:00,3,50,21.8,86,13.0,1006.9,0.7,0.7,12,625.2,0
2017-10-10 11:51:00,3,50,21.8,86,13.0,1006.9,1.7,2.0,12,625.2,0
2017-10-10 11:54:00,3,50,21.8,85,13.0,1006.9,1.0,1.7,10,625.2,0
2017-10-10 11:57:00,3,50,21.8,85,13.0,1006.9,1.4,1.7,12,625.2,0
2017-10-10 12:00:00,3,50,21.7,85,13.0,1007.0,1.0,1.4,10,625.2,0
2017-10-10 12:03:00,3,50,21.7,85,13.0,1006.9,1.0,1.4,10,625.2,0
2017-10-10 12:06:00,3,50,21.7,85,13.0,1007.0,1.0,1.4,10,625.2,0
2017-10-10 12:09:00,3,50,21.7,85,13.0,1007.0,1.4,1.7,10,625.2,0
2017-10-10 12:12:00,3,50,21.7,85,13.0,1007.0,1.4,2.0,14,625.2,0
2017-10-10 12:15:00,3,50,21.7,85,13.0,1007.0,2.0,2.7,12,625.2,0
2017-10-10 12:18:00,3,50,21.7,85,13.0,1007.0,0.7,1.4,8,625.2,0
2017-10-10 12:21:00,3,51,21.7,85,13.1,1007.0,1.0,1.7,10,625.2,0
2017-10-10 12:24:00,3,51,21.7,85,13.1,1007.0,1.0,1.7,12,625.2,0
2017-10-10 12:27:00,3,51,21.8,85,13.1,1007.0,0.7,1.0,10,625.2,0
2017-10-10 12:30:00,3,51,21.9,85,13.1,1007.0,1.0,1.4,10,625.2,0
2017-10-10 12:33:00,3,50,22.1,85,13.1,1006.9,2.0,2.4,8,625.2,0
2017-10-10 12:36:00,3,49,22.2,85,13.1,1006.8,1.4,1.7,14,625.2,0
2017-10-10 12:39:00,3,49,22.3,84,13.1,1006.9,1.4,2.0,10,625.2,0
2017-10-10 12:42:00,3,49,22.3,84,13.1,1007.0,1.4,2.0,12,625.2,0
2017-10-10 12:45:00,3,49,22.5,84,13.1,1006.9,0.7,1.0,12,625.2,0
2017-10-10 12:48:00,3,49,22.6,85,13.1,1006.9,1.4,2.0,12,625.2,0
2017-10-10 12:51:00,3,49,22.6,85,13.1,1007.0,1.4,1.7,10,625.2,0
2017-10-10 12:54:00,3,49,22.7,85,13.1,1006.9,1.4,2.0,10,625.2,0
2017-10-10 12:57:00,3,49,22.9,85,13.1,1007.0,1.4,2.4,12,625.2,0
2017-10-10 13:00:00,3,49,23.0,85,13.1,1006.9,0.7,1.0,14,625.2,0
2017-10-10 13:03:00,3,49,23.0,85,13.1,1006.9,0.7,1.0,10,625.2,0
2017-10-10 13:06:00,3,49,23.0,85,13.1,1006.9,1.0,1.4,8,625.2,0
2017-10-10 13:09:00,3,48,23.1,85,13.1,1007.0,1.4,2.0,10,625.2,0
2017-10-10 13:12:00,3,48,23.1,85,13.1,1006.9,2.0,2.7,10,625.2,0
2017-10-10 13:15:00,3,48,23.1,85,13.0,1006.9,1.4,2.0,10,625.2,0
2017-10-10 13:18:00,3,48,23.1,85,13.0,1007.0,1.0,1.7,10,625.2,0
2017-10-10 13:21:00,3,48,23.2,86,13.0,1006.9,1.7,2.4,12,625.2,0
2017-10-10 13:24:00,3,48,23.3,86,13.0,1007.0,1.4,1.7,12,625.2,0
2017-10-10 13:27:00,3,48,23.3,86,13.0,1007.0,1.7,2.7,10,625.2,0
2017-10-10 13:30:00,3,48,23.3,86,13.0,1007.1,1.0,1.4,14,625.2,0
2017-10-10 13:33:00,3,48,23.4,86,13.0,1007.1,1.7,2.4,10,625.2,0
2017-10-10 13:36:00,3,48,23.4,86,13.0,1007.1,0.7,1.0,14,625.2,0
2017-10-10 13:39:00,3,47,23.4,86,13.0,1007.1,1.4,2.0,12,625.2,0
2017-10-10 13:42:00,3,47,23.4,86,13.0,1007.1,0.7,1.0,12,625.2,0
2017-10-10 13:45:00,3,47,23.4,86,13.0,1007.1,0.7,1.0,10,625.2,0
2017-10-10 13:48:00,3,47,23.4,86,13.0,1007.1,1.0,1.4,12,625.2,0
2017-10-10 13:51:00,3,47,23.4,86,13.0,1007.1,1.0,1.4,10,625.2,0
2017-10-10 13:54:00,3,47,23.4,86,13.0,1007.1,0.7,1.4,11,625.2,0
2017-10-10 13:57:00,3,47,23.4,86,13.0,1007.1,1.0,1.4,10,625.2,0
2017-10-10 14:00:00,3,47,23.5,86,13.0,1007.1,2.0,3.4,11,625.2,0
2017-10-10 14:03:00,3,47,23.5,86,13.0,1007.2,2.0,3.4,11,625.2,0
2017-10-10 14:06:00,3,47,23.6,86,13.0,1007.1,2.0,3.4,11,625.2,0
2017-10-10 14:09:00,3,47,23.6,86,13.0,1007.1,1.0,1.4,12,625.2,0
2017-10-10 14:12:00,3,47,23.6,86,13.1,1007.1,1.7,2.4,10,625.2,0
2017-10-10 14:15:00,3,47,23.6,86,13.1,1007.2,0.7,1.0,12,625.2,0
2017-10-10 14:18:00,3,47,23.6,85,13.1,1007.1,0.7,1.4,10,625.2,0
2017-10-10 14:21:00,3,47,23.7,85,13.1,1007.1,1.0,1.4,10,625.2,0
2017-10-10 14:24:00,3,47,23.7,85,13.1,1007.1,1.4,1.7,10,625.2,0
2017-10-10 14:27:00,3,46,23.7,85,13.1,1007.1,1.4,1.7,10,625.2,0
2017-10-10 14:30:00,3,46,23.8,85,13.1,1007.0,1.0,1.4,12,625.2,0
2017-10-10 14:33:00,3,46,23.8,85,13.2,1007.0,2.0,2.7,10,625.2,0
2017-10-10 14:36:00,3,46,23.8,85,13.2,1007.0,1.0,1.4,8,625.2,0
2017-10-10 14:39:00,3,46,23.8,85,13.2,1007.1,0.7,1.0,10,625.2,0
2017-10-10 14:42:00,3,46,23.8,85,13.2,1007.1,1.0,1.4,10,625.2,0
2017-10-10 14:45:00,3,46,23.8,85,13.2,1007.0,0.3,0.7,10,625.2,0
2017-10-10 14:48:00,3,46,23.8,85,13.2,1007.0,1.0,1.4,14,625.2,0
2017-10-10 14:51:00,3,46,23.8,85,13.2,1007.0,1.4,2.0,10,625.2,0
2017-10-10 14:54:00,3,46,23.8,85,13.2,1007.1,1.4,1.7,9,625.2,0
2017-10-10 14:57:00,3,46,23.8,85,13.3,1007.1,0.7,1.4,12,625.2,0
2017-10-10 15:00:00,3,46,23.8,85,13.3,1007.1,1.7,2.4,10,625.2,0
2017-10-10 15:03:00,3,46,23.8,85,13.3,1007.1,1.4,2.4,14,625.2,0
2017-10-10 15:06:00,3,46,23.8,84,13.3,1007.1,1.7,2.4,10,625.2,0
2017-10-10 15:09:00,3,46,23.8,84,13.3,1007.2,1.4,1.7,8,625.2,0
2017-10-10 15:12:00,3,46,23.9,84,13.3,1007.2,1.7,2.4,10,625.2,0
2017-10-10 15:15:00,3,46,23.9,84,13.3,1007.3,1.4,1.7,12,625.2,0
2017-10-10 15:18:00,3,46,23.9,84,13.3,1007.3,1.0,1.7,12,625.2,0
2017-10-10 15:21:00,3,45,23.8,84,13.3,1007.1,1.0,1.4,11,625.2,0
2017-10-10 15:24:00,3,45,23.8,84,13.3,1007.1,1.7,2.4,10,625.2,0
2017-10-10 15:27:00,3,45,23.7,84,13.3,1007.1,0.7,1.4,10,625.2,0
2017-10-10 15:30:00,3,46,23.6,84,13.3,1007.1,0.7,1.0,12,625.2,0
2017-10-10 15:33:00,3,46,23.6,84,13.3,1007.1,1.7,2.4,10,625.2,0
2017-10-10 15:36:00,3,46,23.4,84,13.3,1007.1,1.7,2.4,10,625.2,0
2017-10-10 15:39:00,3,46,23.4,84,13.3,1007.1,0.7,1.0,12,625.2,0
2017-10-10 15:42:00,3,46,23.3,84,13.3,1007.1,0.7,1.0,10,625.2,0
2017-10-10 15:45:00,3,46,23.3,84,13.3,1007.2,1.0,1.4,10,625.2,0
2017-10-10 15:48:00,3,46,23.2,84,13.3,1007.2,0.7,1.0,10,625.2,0
2017-10-10 15:51:00,3,46,23.1,84,13.3,1007.1,0.7,1.0,10,625.2,0
2017-10-10 15:54:00,3,46,23.1,84,13.3,1007.1,1.4,1.7,8,625.2,0
2017-10-10 15:57:00,3,47,23.1,84,13.3,1007.2,1.4,2.0,10,625.2,0
2017-10-10 16:00:00,3,47,23.0,84,13.3,1007.2,0.7,1.4,11,625.2,0
2017-10-10 16:03:00,3,47,23.0,84,13.3,1007.2,0.7,1.4,11,625.2,0
2017-10-10 16:06:00,3,47,23.0,84,13.3,1007.2,0.7,1.4,11,625.2,0
2017-10-10 16:09:00,3,47,23.0,84,13.3,1007.2,1.0,1.4,10,625.2,0
2017-10-10 16:12:00,3,48,22.9,84,13.3,1007.3,1.0,1.4,10,625.2,0
2017-10-10 16:15:00,3,48,22.9,84,13.3,1007.3,0.7,1.0,10,625.2,0
2017-10-10 16:18:00,3,48,22.9,84,13.3,1007.4,0,0,10,625.2,0
2017-10-10 16:21:00,3,48,22.8,84,13.2,1007.3,1.0,1.4,8,625.2,0
2017-10-10 16:24:00,3,48,22.7,84,13.2,1007.3,0.7,1.0,10,625.2,0
2017-10-10 16:27:00,3,48,22.7,84,13.2,1007.2,0.3,0.7,10,625.2,0
2017-10-10 16:30:00,3,48,22.7,85,13.2,1007.3,0.7,1.0,11,625.2,0
2017-10-10 16:33:00,3,48,22.7,85,13.2,1007.3,1.0,1.7,12,625.2,0
2017-10-10 16:36:00,3,48,22.7,85,13.2,1007.3,0.7,1.0,12,625.2,0
2017-10-10 16:39:00,3,48,22.6,85,13.2,1007.3,0.7,1.0,10,625.2,0
2017-10-10 16:42:00,3,48,22.6,85,13.2,1007.2,0.7,1.0,12,625.2,0
2017-10-10 16:45:00,3,49,22.6,85,13.1,1007.2,0.7,1.0,10,625.2,0
2017-10-10 16:48:00,3,49,22.6,85,13.1,1007.3,0.7,1.4,12,625.2,0
2017-10-10 16:51:00,3,49,22.6,85,13.1,1007.2,1.0,1.4,12,625.2,0
2017-10-10 16:54:00,3,49,22.6,85,13.1,1007.3,0.7,1.4,12,625.2,0
2017-10-10 16:57:00,3,49,22.5,85,13.0,1007.3,0.7,0.7,10,625.2,0
2017-10-10 17:00:00,3,49,22.5,85,13.0,1007.4,1.0,1.4,8,625.2,0
2017-10-10 17:03:00,3,49,22.5,85,13.0,1007.4,1.0,1.4,10,625.2,0
2017-10-10 17:06:00,3,49,22.5,85,13.0,1007.3,1.0,1.7,12,625.2,0
2017-10-10 17:09:00,3,49,22.4,85,13.0,1007.4,0.7,1.0,10,625.2,0
2017-10-10 17:12:00,3,49,22.4,85,13.0,1007.5,0.7,1.0,10,625.2,0
2017-10-10 17:15:00,3,49,22.3,85,13.0,1007.5,0.7,1.0,10,625.2,0
2017-10-10 17:18:00,3,49,22.3,85,13.0,1007.5,1.0,1.7,12,625.2,0
2017-10-10 17:21:00,3,49,22.3,85,13.0,1007.5,1.0,1.4,10,625.2,0
2017-10-10 17:24:00,3,50,22.3,85,13.0,1007.5,0.3,0.7,12,625.2,0
2017-10-10 17:27:00,3,50,22.4,85,13.0,1007.5,0.7,1.0,12,625.2,0
2017-10-10 17:30:00,3,50,22.6,85,13.0,1007.6,0.7,0.7,12,625.2,0
2017-10-10 17:33:00,3,49,22.6,85,12.9,1007.5,0.7,1.0,8,625.2,0
2017-10-10 17:36:00,3,49,22.6,85,12.9,1007.4,1.0,1.4,14,625.2,0
2017-10-10 17:39:00,3,49,22.6,85,12.9,1007.6,1.0,1.7,10,625.2,0
2017-10-10 17:42:00,3,49,22.6,85,12.9,1007.5,1.0,1.4,12,625.2,0
2017-10-10 17:45:00,3,49,22.5,85,13.0,1007.5,2.0,2.7,10,625.2,0
2017-10-10 17:48:00,3,49,22.5,85,13.0,1007.6,1.0,1.4,12,625.2,0
2017-10-10 17:51:00,3,49,22.5,85,13.0,1007.5,1.7,2.7,10,625.2,0
2017-10-10 17:54:00,3,49,22.5,85,13.1,1007.5,1.4,2.0,10,625.2,0
2017-10-10 17:57:00,3,49,22.5,85,13.1,1007.6,1.0,1.4,10,625.2,0
2017-10-10 18:00:00,3,49,22.5,85,13.1,1007.5,0.7,1.0,2,625.2,0
2017-10-10 18:03:00,3,49,22.4,85,13.1,1007.5,0.7,1.0,2,625.2,0
2017-10-10 18:06:00,3,49,22.4,85,13.1,1007.4,0.7,1.0,2,625.2,0
2017-10-10 18:09:00,3,49,22.4,84,13.1,1007.5,1.0,1.4,10,625.2,0
2017-10-10 18:12:00,3,49,22.3,84,13.1,1007.5,0.7,1.0,10,625.2,0
2017-10-10 18:15:00,3,49,22.3,84,13.1,1007.5,1.4,2.4,13,625.2,0
2017-10-10 18:18:00,3,49,22.3,84,13.1,1007.4,0.7,1.0,10,625.2,0
2017-10-10 18:21:00,3,49,22.3,84,13.1,1007.4,0.3,0.7,8,625.2,0
2017-10-10 18:24:00,3,49,22.3,84,13.1,1007.4,1.0,1.4,10,625.2,0
2017-10-10 18:27:00,3,49,22.3,84,13.1,1007.4,1.0,1.4,12,625.2,0
2017-10-10 18:30:00,3,49,22.3,84,13.1,1007.4,1.7,2.4,8,625.2,0
2017-10-10 18:33:00,3,49,22.3,84,13.1,1007.4,1.0,1.4,9,625.2,0
2017-10-10 18:36:00,3,49,22.3,84,13.1,1007.4,1.0,1.4,9,625.2,0
2017-10-10 18:39:00,3,49,22.2,84,13.1,1007.4,0.7,1.0,9,625.2,0
2017-10-10 18:42:00,3,49,22.2,84,13.2,1007.4,1.4,1.7,10,625.2,0
2017-10-10 18:45:00,3,49,22.2,83,13.2,1007.5,1.4,2.0,10,625.2,0
2017-10-10 18:48:00,3,49,22.2,83,13.2,1007.4,1.4,1.7,10,625.2,0
2017-10-10 18:51:00,3,49,22.2,83,13.2,1007.4,1.4,1.7,12,625.2,0
2017-10-10 18:54:00,3,49,22.2,83,13.2,1007.3,1.0,1.4,12,625.2,0
2017-10-10 18:57:00,3,49,22.2,83,13.2,1007.4,1.7,2.7,10,625.2,0
2017-10-10 19:00:00,3,49,22.2,83,13.2,1007.4,1.7,2.7,10,625.2,0
2017-10-10 19:03:00,3,49,22.2,83,13.3,1007.4,1.0,1.7,10,625.2,0
2017-10-10 19:06:00,3,49,22.1,83,13.3,1007.3,2.0,3.1,10,625.2,0
2017-10-10 19:09:00,3,49,22.1,83,13.3,1007.3,1.0,1.4,10,625.2,0
2017-10-10 19:12:00,3,50,22.1,83,13.3,1007.4,2.0,2.7,12,625.2,0
2017-10-10 19:15:00,3,50,22.1,82,13.3,1007.4,2.0,2.4,10,625.2,0
2017-10-10 19:18:00,3,50,22.1,82,13.4,1007.3,2.4,3.7,12,625.2,0
2017-10-10 19:21:00,3,50,22.0,82,13.4,1007.3,1.0,1.7,10,625.2,0
2017-10-10 19:24:00,3,50,22.0,82,13.4,1007.3,1.4,2.0,14,625.2,0
2017-10-10 19:27:00,3,50,22.0,82,13.4,1007.3,1.4,1.7,9,625.2,0
2017-10-10 19:30:00,3,50,22.0,82,13.4,1007.3,2.0,2.7,8,625.2,0
2017-10-10 19:33:00,3,50,22.0,82,13.3,1007.3,2.0,2.7,12,625.2,0
2017-10-10 19:36:00,3,51,21.9,83,13.3,1007.2,1.7,2.0,12,625.2,0
2017-10-10 19:39:00,3,51,21.9,83,13.3,1007.4,1.0,1.4,10,625.2,0
2017-10-10 19:42:00,3,51,21.9,83,13.3,1007.3,1.0,1.4,10,625.2,0
2017-10-10 19:45:00,3,51,21.9,83,13.3,1007.2,1.7,2.0,10,625.2,0
2017-10-10 19:48:00,3,51,21.9,83,13.3,1007.2,2.0,2.7,10,625.2,0
2017-10-10 19:51:00,3,51,21.9,83,13.4,1007.1,1.4,1.7,11,625.2,0
2017-10-10 19:54:00,3,51,21.9,82,13.4,1007.1,2.7,4.1,14,625.2,0
2017-10-10 19:57:00,3,51,21.9,82,13.4,1007.1,3.4,4.1,10,625.2,0
2017-10-10 20:00:00,3,51,21.9,82,13.4,1007.2,1.4,1.7,14,625.2,0
2017-10-10 20:03:00,3,51,21.9,82,13.4,1007.2,1.4,1.7,14,625.2,0
2017-10-10 20:06:00,3,51,21.9,82,13.4,1007.2,1.4,1.7,14,625.2,0
2017-10-10 20:09:00,3,51,21.9,82,13.5,1007.3,1.7,2.0,10,625.2,0
2017-10-10 20:12:00,3,51,21.9,81,13.5,1007.3,2.7,4.8,10,625.2,0
2017-10-10 20:15:00,3,51,21.9,81,13.6,1007.3,2.4,3.1,10,625.2,0
2017-10-10 20:18:00,3,51,21.9,81,13.6,1007.2,1.4,2.0,10,625.2,0
2017-10-10 20:21:00,3,51,21.9,81,13.6,1007.2,1.7,2.0,10,625.2,0
2017-10-10 20:24:00,3,51,21.9,81,13.6,1007.4,1.7,2.4,10,625.2,0
2017-10-10 20:27:00,3,51,21.8,81,13.6,1007.2,1.4,2.0,14,625.2,0
2017-10-10 20:30:00,3,51,21.8,81,13.6,1007.2,1.0,1.4,8,625.2,0
2017-10-10 20:33:00,3,51,21.8,81,13.6,1007.3,1.0,1.7,14,625.2,0
2017-10-10 20:36:00,3,51,21.8,81,13.5,1007.3,1.4,1.7,7,625.2,0
2017-10-10 20:39:00,3,51,21.8,81,13.5,1007.4,2.0,2.4,10,625.2,0
2017-10-10 20:42:00,3,51,21.8,81,13.6,1007.3,2.0,3.1,12,625.2,0
2017-10-10 20:45:00,3,51,21.8,81,13.6,1007.4,2.4,3.7,14,625.2,0
2017-10-10 20:48:00,3,51,21.8,81,13.6,1007.4,1.7,2.7,10,625.2,0
2017-10-10 20:51:00,3,51,21.8,81,13.7,1007.3,2.4,3.1,12,625.2,0
2017-10-10 20:54:00,3,51,21.8,81,13.7,1007.4,1.7,3.1,10,625.2,0
2017-10-10 20:57:00,3,51,21.8,81,13.6,1007.3,3.1,4.1,12,625.2,0
2017-10-10 21:00:00,3,51,21.8,81,13.7,1007.4,1.7,2.4,10,625.2,0
2017-10-10 21:03:00,3,51,21.8,81,13.7,1007.4,2.4,3.1,10,625.2,0
2017-10-10 21:06:00,3,51,21.8,81,13.7,1007.5,2.7,3.4,10,625.2,0
2017-10-10 21:09:00,3,51,21.7,81,13.7,1007.3,3.1,4.4,10,625.2,0
2017-10-10 21:12:00,3,51,21.7,81,13.7,1007.5,1.4,2.0,10,625.2,0
2017-10-10 21:15:00,3,51,21.7,81,13.7,1007.4,1.0,1.7,10,625.2,0
2017-10-10 21:18:00,3,51,21.7,81,13.7,1007.4,1.4,2.0,8,625.2,0
2017-10-10 21:21:00,3,51,21.7,81,13.7,1007.4,1.4,2.0,12,625.2,0
2017-10-10 21:24:00,3,51,21.7,81,13.7,1007.4,2.0,2.7,14,625.2,0
2017-10-10 21:27:00,3,51,21.7,81,13.7,1007.5,1.7,2.7,14,625.2,0
2017-10-10 21:30:00,3,51,21.7,81,13.7,1007.5,1.0,1.4,10,625.2,0
2017-10-10 21:33:00,3,51,21.7,81,13.7,1007.5,2.7,3.7,12,625.2,0
2017-10-10 21:36:00,3,51,21.7,81,13.7,1007.6,1.7,2.0,10,625.2,0
2017-10-10 21:39:00,3,51,21.7,81,13.7,1007.6,0.7,1.0,10,625.2,0
2017-10-10 21:42:00,3,51,21.6,81,13.7,1007.6,2.0,3.4,14,625.2,0
2017-10-10 21:45:00,3,51,21.6,81,13.7,1007.5,1.0,1.4,10,625.2,0
2017-10-10 21:48:00,3,51,21.6,81,13.7,1007.6,1.4,2.0,10,625.2,0
2017-10-10 21:51:00,3,51,21.6,81,13.7,1007.4,1.0,1.4,8,625.2,0
2017-10-10 21:54:00,3,51,21.6,81,13.8,1007.5,1.4,2.0,12,625.2,0
2017-10-10 21:57:00,3,51,21.6,81,13.8,1007.6,1.4,2.0,8,625.2,0
