2017-10-11 00:00:00,3,51,21.2,81,13.8,1007.5,2.0,3.4,10,625.2,0
2017-10-11 00:03:00,3,51,21.2,81,13.8,1007.5,2.0,3.4,10,625.2,0
2017-10-11 00:06:00,3,51,21.2,81,13.8,1007.6,2.0,3.4,10,625.2,0
2017-10-11 00:09:00,3,51,21.2,81,13.8,1007.5,1.4,2.4,12,625.2,0
2017-10-11 00:12:00,3,51,21.2,81,13.8,1007.6,1.7,2.0,14,625.2,0
2017-10-11 00:15:00,3,51,21.2,81,13.8,1007.5,2.0,2.7,8,625.2,0
2017-10-11 00:18:00,3,51,21.2,81,13.8,1007.4,1.0,1.4,10,625.2,0
2017-10-11 00:21:00,3,51,21.2,81,13.8,1007.5,1.0,1.7,6,625.2,0
2017-10-11 00:24:00,3,51,21.2,81,13.8,1007.5,1.7,2.4,10,625.2,0
2017-10-11 00:27:00,3,51,21.2,81,13.8,1007.4,1.4,2.0,10,625.2,0
2017-10-11 00:30:00,3,51,21.2,81,13.8,1007.4,1.0,1.4,10,625.2,0
2017-10-11 00:33:00,3,51,21.2,81,13.8,1007.5,2.0,3.1,10,625.2,0
2017-10-11 00:36:00,3,51,21.1,81,13.8,1007.5,1.0,1.7,12,625.2,0
2017-10-11 00:39:00,3,51,21.1,81,13.8,1007.5,1.7,2.4,10,625.2,0
2017-10-11 00:42:00,3,51,21.1,81,13.7,1007.6,1.4,1.7,10,625.2,0
2017-10-11 00:45:00,3,51,21.1,81,13.7,1007.5,1.4,2.0,10,625.2,0
2017-10-11 00:48:00,3,51,21.1,81,13.7,1007.5,1.7,2.4,10,625.2,0
2017-10-11 00:51:00,3,51,21.1,81,13.7,1007.6,1.0,1.7,12,625.2,0
2017-10-11 00:54:00,3,51,21.1,81,13.8,1007.5,2.0,2.7,10,625.2,0
2017-10-11 00:57:00,3,51,21.1,81,13.8,1007.5,1.4,1.7,10,625.2,0
2017-10-11 01:00:00,3,51,21.1,81,13.8,1007.5,1.0,1.4,8,625.2,0
2017-10-11 01:03:00,3,51,21.1,81,13.8,1007.5,0.7,1.0,10,625.2,0
2017-10-11 01:06:00,3,51,21.1,81,13.8,1007.5,1.4,2.0,8,625.2,0
2017-10-11 01:09:00,3,51,21.1,81,13.8,1007.5,1.4,1.7,12,625.2,0
2017-10-11 01:12:00,3,51,21.1,81,13.8,1007.4,1.0,1.4,10,625.2,0
2017-10-11 01:15:00,3,51,21.1,81,13.8,1007.4,1.7,2.4,10,625.2,0
2017-10-11 01:18:00,3,51,21.1,81,13.8,1007.4,2.0,3.1,10,625.2,0
2017-10-11 01:21:00,3,51,21.0,81,13.8,1007.4,1.0,1.4,10,625.2,0
2017-10-11 01:24:00,3,51,21.0,81,13.8,1007.4,1.4,1.7,12,625.2,0
2017-10-11 01:27:00,3,51,21.0,81,13.8,1007.4,1.4,2.4,14,625.2,0
2017-10-11 01:30:00,3,51,21.0,81,13.8,1007.4,0.7,1.4,10,625.2,0
2017-10-11 01:33:00,3,51,21.0,81,13.8,1007.4,1.4,2.0,12,625.2,0
2017-10-11 01:36:00,3,51,21.0,81,13.8,1007.5,2.0,2.4,14,625.2,0
2017-10-11 01:39:00,3,51,21.0,81,13.8,1007.5,1.4,2.0,10,625.2,0
2017-10-11 01:42:00,3,51,21.0,81,13.8,1007.5,2.4,3.1,14,625.2,0
2017-10-11 01:45:00,3,51,21.0,81,13.8,1007.5,0.7,1.0,10,625.2,0
2017-10-11 01:48:00,3,51,21.0,81,13.9,1007.6,2.4,2.7,8,625.2,0
2017-10-11 01:51:00,3,51,21.0,80,13.9,1007.5,2.4,2.7,10,625.2,0
2017-10-11 01:54:00,3,52,20.9,80,13.8,1007.5,1.4,1.7,10,625.2,0
2017-10-11 01:57:00,3,52,20.9,80,13.8,1007.4,1.4,2.0,14,625.2,0
2017-10-11 02:00:00,3,52,20.9,81,13.8,1007.4,1.0,1.4,8,625.2,0
2017-10-11 02:03:00,3,52,20.9,81,13.8,1007.4,1.0,1.4,8,625.2,0
2017-10-11 02:06:00,3,52,20.9,81,13.8,1007.4,1.0,1.4,8,625.2,0
2017-10-11 02:09:00,3,52,20.9,81,13.8,1007.3,0.7,1.4,12,625.2,0
2017-10-11 02:12:00,3,52,20.9,81,13.8,1007.3,1.4,2.0,10,625.2,0
2017-10-11 02:15:00,3,52,20.9,81,13.8,1007.3,2.7,3.7,10,625.2,0
2017-10-11 02:18:00,3,52,20.9,81,13.8,1007.4,1.7,2.0,10,625.2,0
2017-10-11 02:21:00,3,52,20.9,81,13.8,1007.3,1.7,2.4,10,625.2,0
2017-10-11 02:24:00,3,52,20.9,81,13.8,1007.3,1.7,2.4,8,625.2,0
2017-10-11 02:27:00,3,52,20.9,81,13.8,1007.3,1.7,3.1,12,625.2,0
2017-10-11 02:30:00,3,52,20.9,81,13.8,1007.4,2.4,3.4,10,625.2,0
2017-10-11 02:33:00,3,52,20.9,82,13.8,1007.4,1.7,2.0,12,625.2,0
2017-10-11 02:36:00,3,52,20.9,82,13.8,1007.4,1.4,1.7,12,625.2,0
2017-10-11 02:39:00,3,52,20.9,82,13.7,1007.3,1.4,2.0,10,625.2,0
2017-10-11 02:42:00,3,52,20.9,82,13.7,1007.2,1.0,1.7,10,625.2,0
2017-10-11 02:45:00,3,52,20.8,82,13.7,1007.3,2.4,3.1,12,625.2,0
2017-10-11 02:48:00,3,52,20.8,82,13.7,1007.4,1.0,2.0,8,625.2,0
2017-10-11 02:51:00,3,52,20.8,83,13.7,1007.4,1.0,2.4,12,625.2,0
2017-10-11 02:54:00,3,52,20.8,83,13.7,1007.4,1.4,2.0,10,625.2,0
2017-10-11 02:57:00,3,52,20.8,83,13.7,1007.5,1.0,1.4,10,625.2,0
2017-10-11 03:00:00,3,52,20.8,83,13.7,1007.4,1.4,1.7,10,625.2,0
2017-10-11 03:03:00,3,52,20.7,83,13.7,1007.3,1.4,1.7,11,625.2,0
2017-10-11 03:06:00,3,52,20.7,83,13.7,1007.3,1.0,1.7,10,625.2,0
2017-10-11 03:09:00,3,52,20.7,83,13.7,1007.3,1.4,1.7,12,625.2,0
2017-10-11 03:12:00,3,52,20.7,83,13.6,1007.2,1.0,1.4,10,625.2,0
2017-10-11 03:15:00,3,52,20.7,83,13.6,1007.3,1.4,1.7,14,625.2,0
2017-10-11 03:18:00,3,52,20.7,83,13.6,1007.2,0.7,1.4,12,625.2,0
2017-10-11 03:21:00,3,52,20.7,83,13.5,1007.3,1.0,1.7,9,625.2,0
2017-10-11 03:24:00,3,52,20.7,84,13.5,1007.2,0.7,1.0,10,625.2,0
2017-10-11 03:27:00,3,52,20.7,84,13.5,1007.2,1.0,1.7,10,625.2,0
2017-10-11 03:30:00,3,52,20.7,84,13.5,1007.2,0.7,1.0,11,625.2,0
2017-10-11 03:33:00,3,52,20.7,84,13.5,1007.3,1.4,1.7,8,625.2,0
2017-10-11 03:36:00,3,52,20.7,84,13.5,1007.3,1.0,1.4,10,625.2,0
2017-10-11 03:39:00,3,52,20.7,84,13.4,1007.2,1.0,2.0,12,625.2,0
2017-10-11 03:42:00,3,52,20.7,84,13.4,1007.3,0.3,0.7,10,625.2,0
2017-10-11 03:45:00,3,52,20.7,84,13.4,1007.3,1.0,1.4,12,625.2,0
2017-10-11 03:48:00,3,52,20.7,84,13.4,1007.4,1.0,1.7,10,625.2,0
2017-10-11 03:51:00,3,52,20.7,84,13.4,1007.4,1.4,2.0,10,625.2,0
2017-10-11 03:54:00,3,52,20.7,84,13.5,1007.4,1.4,1.7,8,625.2,0
2017-10-11 03:57:00,3,53,20.7,84,13.5,1007.4,0.7,1.0,10,625.2,0
2017-10-11 04:00:00,3,53,20.7,84,13.5,1007.4,0.7,1.0,10,625.2,0
2017-10-11 04:03:00,3,52,20.6,84,13.5,1007.3,0.7,1.0,10,625.2,0
2017-10-11 04:06:00,3,52,20.7,84,13.5,1007.2,0.7,1.0,10,625.2,0
2017-10-11 04:09:00,3,52,20.7,83,13.4,1007.4,0.7,1.0,9,625.2,0
2017-10-11 04:12:00,3,52,20.7,83,13.4,1007.4,1.4,2.4,8,625.2,0
2017-10-11 04:15:00,3,53,20.7,83,13.4,1007.3,0.7,1.0,10,625.2,0
2017-10-11 04:18:00,3,53,20.7,83,13.4,1007.2,1.0,1.7,10,625.2,0
2017-10-11 04:21:00,3,53,20.7,83,13.4,1007.3,1.7,2.4,10,625.2,0
2017-10-11 04:24:00,3,53,20.7,83,13.4,1007.3,1.7,2.0,12,625.2,0
2017-10-11 04:27:00,3,53,20.7,83,13.4,1007.3,0.7,1.4,10,625.2,0
2017-10-11 04:30:00,3,53,20.9,83,13.4,1007.2,0.7,1.0,12,625.2,0
2017-10-11 04:33:00,3,53,20.9,83,13.4,1007.3,0.7,1.0,10,625.2,0
2017-10-11 04:36:00,3,53,20.9,83,13.4,1007.2,1.4,1.7,10,625.2,0
2017-10-11 04:39:00,3,53,20.9,83,13.4,1007.3,0.7,1.0,10,625.2,0
2017-10-11 04:42:00,3,53,20.9,83,13.4,1007.3,0.7,1.0,8,625.2,0
2017-10-11 04:45:00,3,53,20.9,83,13.4,1007.3,1.0,1.4,12,625.2,0
2017-10-11 04:48:00,3,53,20.9,83,13.4,1007.4,0.3,0.7,4,625.2,0
2017-10-11 04:51:00,3,52,21.0,83,13.4,1007.4,1.0,1.7,10,625.2,0
2017-10-11 04:54:00,3,52,21.0,83,13.4,1007.4,1.0,1.4,10,625.2,0
2017-10-11 04:57:00,3,52,21.0,83,13.4,1007.4,1.4,2.4,10,625.2,0
2017-10-11 05:00:00,3,52,21.0,83,13.4,1007.4,0.3,0.7,14,625.2,0
2017-10-11 05:03:00,3,52,21.0,82,13.4,1007.3,1.0,1.7,10,625.2,0
2017-10-11 05:06:00,3,52,21.0,82,13.4,1007.4,1.0,1.4,10,625.2,0
2017-10-11 05:09:00,3,52,21.1,82,13.4,1007.4,0.7,1.0,12,625.2,0
2017-10-11 05:12:00,3,52,21.1,82,13.4,1007.5,0.3,1.0,10,625.2,0
2017-10-11 05:15:00,3,52,21.2,82,13.4,1007.4,1.0,1.4,10,625.2,0
2017-10-11 05:18:00,3,52,21.4,82,13.4,1007.6,0.7,1.0,12,625.2,0
2017-10-11 05:21:00,3,52,21.6,82,13.4,1007.5,1.0,1.4,4,625.2,0
2017-10-11 05:24:00,3,51,21.7,82,13.4,1007.5,0.7,1.0,12,625.2,0
2017-10-11 05:27:00,3,51,21.8,82,13.4,1007.5,2.4,3.1,12,625.2,0
2017-10-11 05:30:00,3,51,21.9,82,13.4,1007.7,0.7,1.0,10,625.2,0
2017-10-11 05:33:00,3,51,21.9,82,13.4,1007.7,1.4,2.0,8,625.2,0
2017-10-11 05:36:00,3,50,22.1,83,13.4,1007.6,1.0,1.4,10,625.2,0
2017-10-11 05:39:00,3,50,22.2,83,13.4,1007.7,1.0,1.4,10,625.2,0
2017-10-11 05:42:00,3,49,22.2,83,13.4,1007.6,0.7,1.0,10,625.2,0
2017-10-11 05:45:00,3,49,22.3,83,13.4,1007.6,1.4,1.7,8,625.2,0
2017-10-11 05:48:00,3,49,22.3,83,13.4,1007.8,1.4,1.7,10,625.2,0
2017-10-11 05:51:00,3,49,22.4,83,13.4,1007.8,1.0,1.4,12,625.2,0
2017-10-11 05:54:00,3,49,22.5,83,13.4,1007.7,1.0,1.4,12,625.2,0
2017-10-11 05:57:00,3,49,22.6,83,13.4,1007.8,1.0,1.7,10,625.2,0
2017-10-11 06:00:00,3,49,22.6,83,13.4,1007.8,1.4,2.0,12,625.2,0
2017-10-11 06:03:00,3,49,22.7,83,13.4,1007.8,1.4,2.0,12,625.2,0
2017-10-11 06:06:00,3,49,22.8,83,13.4,1007.9,1.4,2.0,12,625.2,0
2017-10-11 06:09:00,3,49,22.9,83,13.5,1007.8,1.4,2.0,10,625.2,0
2017-10-11 06:12:00,3,49,23.0,82,13.5,1007.9,0.7,1.4,14,625.2,0
2017-10-11 06:15:00,3,49,23.0,82,13.5,1007.8,1.4,1.7,12,625.2,0
2017-10-11 06:18:00,3,48,23.1,82,13.5,1008.0,0.3,1.0,6,625.2,0
2017-10-11 06:21:00,3,48,23.1,82,13.5,1008.1,1.0,1.4,12,625.2,0
2017-10-11 06:24:00,3,48,23.2,82,13.6,1008.0,1.0,1.4,10,625.2,0
2017-10-11 06:27:00,3,48,23.3,82,13.6,1008.0,0.3,0.7,12,625.2,0
2017-10-11 06:30:00,3,48,23.3,81,13.7,1008.1,1.0,1.4,12,625.2,0
2017-10-11 06:33:00,3,48,23.4,81,13.7,1008.0,1.4,1.7,10,625.2,0
2017-10-11 06:36:00,3,47,23.4,81,13.7,1008.2,1.0,1.7,10,625.2,0
2017-10-11 06:39:00,3,47,23.4,81,13.8,1008.3,1.0,1.4,10,625.2,0
2017-10-11 06:42:00,3,47,23.4,81,13.8,1008.1,2.0,2.7,10,625.2,0
2017-10-11 06:45:00,3,47,23.4,80,13.9,1008.1,1.4,1.7,12,625.2,0
2017-10-11 06:48:00,3,47,23.4,80,13.9,1008.2,1.4,2.4,12,625.2,0
2017-10-11 06:51:00,3,47,23.5,80,14.0,1008.2,0.7,1.0,12,625.2,0
2017-10-11 06:54:00,3,47,23.6,80,14.0,1008.3,1.4,2.0,10,625.2,0
2017-10-11 06:57:00,3,47,23.6,80,14.0,1008.2,1.0,1.4,10,625.2,0
2017-10-11 07:00:00,3,47,23.6,80,14.0,1008.3,1.7,2.0,12,625.2,0
2017-10-11 07:03:00,3,47,23.6,79,14.0,1008.2,2.4,3.7,10,625.2,0
2017-10-11 07:06:00,3,47,23.6,79,14.1,1008.3,2.0,3.4,10,625.2,0
2017-10-11 07:09:00,3,47,23.6,79,14.1,1008.3,1.0,1.7,14,625.2,0
2017-10-11 07:12:00,3,47,23.7,79,14.1,1008.3,1.0,1.4,10,625.2,0
2017-10-11 07:15:00,3,47,23.7,79,14.1,1008.4,0.7,1.0,12,625.2,0
2017-10-11 07:18:00,3,47,23.7,79,14.1,1008.3,1.0,1.4,10,625.2,0
2017-10-11 07:21:00,3,47,23.7,79,14.1,1008.2,1.4,2.4,12,625.2,0
2017-10-11 07:24:00,3,46,23.7,79,14.2,1008.2,1.0,1.4,10,625.2,0
2017-10-11 07:27:00,3,46,23.7,79,14.2,1008.3,0.3,1.0,12,625.2,0
2017-10-11 07:30:00,3,46,23.7,78,14.2,1008.3,2.0,2.7,0,625.2,0
2017-10-11 07:33:00,3,46,23.7,78,14.2,1008.3,2.0,2.4,10,625.2,0
2017-10-11 07:36:00,3,46,23.7,78,14.3,1008.3,1.7,2.4,8,625.2,0
2017-10-11 07:39:00,3,46,23.7,78,14.4,1008.3,1.0,1.4,8,625.2,0
2017-10-11 07:42:00,3,46,23.7,78,14.5,1008.4,1.4,2.0,10,625.2,0
2017-10-11 07:45:00,3,46,23.7,77,14.6,1008.3,1.4,2.0,10,625.2,0
2017-10-11 07:48:00,3,46,23.7,77,14.6,1008.3,1.0,1.7,13,625.2,0
2017-10-11 07:51:00,3,46,23.7,76,14.7,1008.3,1.0,1.4,14,625.2,0
2017-10-11 07:54:00,3,46,23.7,76,14.7,1008.2,1.4,2.0,10,625.2,0
2017-10-11 07:57:00,3,46,23.7,76,14.7,1008.3,1.7,2.4,12,625.2,0
2017-10-11 08:00:00,3,46,23.7,75,14.7,1008.4,3.1,4.8,8,625.2,0
2017-10-11 08:03:00,3,46,23.7,75,14.7,1008.5,3.1,4.8,8,625.2,0
2017-10-11 08:06:00,3,46,23.7,75,14.7,1008.5,3.1,4.8,8,625.2,0
2017-10-11 08:09:00,3,46,23.7,75,14.7,1008.5,2.4,3.1,10,625.2,0
2017-10-11 08:12:00,3,46,23.7,75,14.7,1008.5,2.0,2.7,0,625.2,0
2017-10-11 08:15:00,3,46,23.7,75,14.7,1008.6,2.7,3.1,10,625.2,0
2017-10-11 08:18:00,3,48,23.7,75,14.8,1008.4,2.0,2.7,12,625.2,0
2017-10-11 08:21:00,3,47,23.7,75,14.9,1008.6,3.1,3.7,10,625.2,0
2017-10-11 08:24:00,3,47,23.7,74,15.0,1008.5,1.0,1.4,10,625.2,0
2017-10-11 08:27:00,3,47,23.7,74,15.2,1008.5,2.0,2.7,12,625.2,0
2017-10-11 08:30:00,3,47,23.8,74,15.4,1008.5,1.4,2.0,12,625.2,0
2017-10-11 08:33:00,3,46,23.8,73,15.6,1008.5,1.4,1.7,6,625.2,0
2017-10-11 08:36:00,3,46,23.8,73,15.6,1008.5,1.0,1.7,14,625.2,0
2017-10-11 08:39:00,3,46,23.8,72,15.7,1008.5,1.7,2.4,10,625.2,0
2017-10-11 08:42:00,3,46,23.8,72,15.7,1008.6,1.4,1.7,8,625.2,0
2017-10-11 08:45:00,3,46,23.9,72,15.6,1008.6,1.7,2.4,10,625.2,0
2017-10-11 08:48:00,3,46,23.9,72,15.6,1008.7,0.7,1.4,12,625.2,0
2017-10-11 08:51:00,3,45,24.0,72,15.5,1008.7,2.4,4.1,10,625.2,0
2017-10-11 08:54:00,3,45,24.0,72,15.5,1008.8,2.7,3.7,14,625.2,0
2017-10-11 08:57:00,3,45,24.0,72,15.4,1008.8,2.7,3.7,10,625.2,0
2017-10-11 09:00:00,3,45,24.0,72,15.4,1008.9,2.4,3.1,10,625.2,0
2017-10-11 09:03:00,3,45,24.0,72,15.4,1008.8,2.0,2.4,12,625.2,0
2017-10-11 09:06:00,3,45,24.1,72,15.4,1008.8,1.4,1.7,12,625.2,0
2017-10-11 09:09:00,3,45,24.1,72,15.4,1008.8,1.7,2.4,12,625.2,0
2017-10-11 09:12:00,3,45,24.1,73,15.4,1008.7,1.7,2.7,10,625.2,0
2017-10-11 09:15:00,3,45,24.0,72,15.5,1008.8,1.4,2.0,10,625.2,0
2017-10-11 09:18:00,3,46,23.9,72,15.5,1008.7,1.7,2.4,10,625.2,0
2017-10-11 09:21:00,3,47,23.8,72,15.6,1008.8,2.7,4.1,12,625.2,0
2017-10-11 09:24:00,3,47,23.7,72,15.7,1008.8,1.4,2.0,10,625.2,0
2017-10-11 09:27:00,3,47,23.6,73,15.7,1008.8,1.4,2.0,10,625.2,0
2017-10-11 09:30:00,3,47,23.6,72,15.7,1008.8,3.1,5.1,12,625.2,0
2017-10-11 09:33:00,3,47,23.5,72,15.6,1009.0,1.7,2.0,10,625.2,0
2017-10-11 09:36:00,3,48,23.4,73,15.5,1008.9,1.4,2.0,10,625.2,0
2017-10-11 09:39:00,3,48,23.4,74,15.4,1008.9,2.0,2.7,10,625.2,0
2017-10-11 09:42:00,3,48,23.4,74,15.4,1008.9,1.4,2.0,15,625.2,0
2017-10-11 09:45:00,3,48,23.3,74,15.3,1008.9,2.0,3.1,10,625.2,0
2017-10-11 09:48:00,3,48,23.3,74,15.2,1008.8,2.0,2.7,10,625.2,0
2017-10-11 09:51:00,3,48,23.2,75,15.2,1008.8,3.4,4.4,10,625.2,0
2017-10-11 09:54:00,3,48,23.1,75,15.1,1008.8,2.7,4.1,8,625.2,0
2017-10-11 09:57:00,3,49,23.1,75,15.1,1008.9,2.4,3.7,10,625.2,0
2017-10-11 10:00:00,3,49,23.1,75,15.1,1008.8,1.7,2.0,10,625.2,0
2017-10-11 10:03:00,3,49,23.1,75,15.1,1008.9,1.7,2.0,10,625.2,0
2017-10-11 10:06:00,3,49,23.0,75,15.1,1008.9,1.7,2.0,10,625.2,0
2017-10-11 10:09:00,3,49,23.0,75,15.1,1008.9,4.1,5.1,10,625.2,0
2017-10-11 10:12:00,3,49,23.0,75,15.0,1008.9,2.0,2.7,9,625.2,0
2017-10-11 10:15:00,3,49,22.9,75,15.0,1008.8,3.7,4.4,12,625.2,0
2017-10-11 10:18:00,3,49,22.9,75,15.0,1008.8,1.7,2.0,14,625.2,0
2017-10-11 10:21:00,3,49,22.9,75,15.0,1008.8,1.7,2.4,10,625.2,0
2017-10-11 10:24:00,3,49,22.8,75,15.0,1008.7,2.4,3.1,8,625.2,0
2017-10-11 10:27:00,3,49,22.8,75,15.1,1008.8,3.1,4.8,12,625.2,0
2017-10-11 10:30:00,3,49,22.7,75,15.1,1008.8,1.4,1.7,12,625.2,0
2017-10-11 10:33:00,3,49,22.7,75,15.1,1008.8,1.7,2.4,12,625.2,0
2017-10-11 10:36:00,3,49,22.7,75,15.1,1008.8,1.7,2.4,8,625.2,0
2017-10-11 10:39:00,3,49,22.7,76,15.1,1008.9,1.4,1.7,10,625.2,0
2017-10-11 10:42:00,3,49,22.6,76,15.1,1008.7,1.7,2.4,11,625.2,0
2017-10-11 10:45:00,3,49,22.6,77,14.9,1008.8,2.7,3.1,13,625.2,0
2017-10-11 10:48:00,3,49,22.6,79,14.8,1008.8,1.4,2.0,12,625.2,0
2017-10-11 10:51:00,3,49,22.6,80,14.6,1008.8,1.0,1.4,12,625.2,0
2017-10-11 10:54:00,3,49,22.6,81,14.5,1008.6,2.4,3.1,10,625.2,0
2017-10-11 10:57:00,3,50,22.5,82,14.5,1008.7,1.0,1.7,12,625.2,0
2017-10-11 11:00:00,3,50,22.5,82,14.4,1008.5,1.4,1.7,10,625.2,0
2017-10-11 11:03:00,3,50,22.5,82,14.3,1008.7,0.7,1.4,10,625.2,0
2017-10-11 11:06:00,3,50,22.5,83,14.3,1008.6,0.7,1.0,10,625.2,0
2017-10-11 11:09:00,3,50,22.4,83,14.3,1008.6,0.7,1.4,8,625.2,0
2017-10-11 11:12:00,3,50,22.4,84,14.3,1008.8,0.7,1.0,10,625.2,0
2017-10-11 11:15:00,3,50,22.3,84,14.3,1008.7,1.0,1.7,12,625.2,0
2017-10-11 11:18:00,3,50,22.3,84,14.3,1008.7,0.7,1.0,12,625.2,0
2017-10-11 11:21:00,3,50,22.3,84,14.3,1008.7,0.3,0.7,10,625.2,0
2017-10-11 11:24:00,3,50,22.3,84,14.2,1008.7,1.4,1.7,10,625.2,0
2017-10-11 11:27:00,3,50,22.3,84,14.2,1008.7,1.0,1.7,12,625.2,0
2017-10-11 11:30:00,3,50,22.3,85,14.1,1008.8,1.0,1.4,12,625.2,0
2017-10-11 11:33:00,3,50,22.3,85,14.1,1008.6,1.0,1.7,8,625.2,0
2017-10-11 11:36:00,3,51,22.3,85,14.1,1008.6,0.7,1.0,12,625.2,0
2017-10-11 11:39:00,3,51,22.3,85,14.2,1008.7,1.0,1.4,10,625.2,0
2017-10-11 11:42:00,3,51,22.5,86,14.2,1008.6,0.7,1.0,10,625.2,0
2017-10-11 11:45:00,3,51,22.6,86,14.3,1008.7,1.0,1.4,10,625.2,0
2017-10-11 11:48:00,3,51,22.7,86,14.4,1008.6,0.7,1.0,10,625.2,0
2017-10-11 11:51:00,3,51,22.7,86,14.7,1008.7,0.3,1.0,8,625.2,0
2017-10-11 11:54:00,3,51,22.9,86,14.9,1008.6,0.3,0.7,10,625.2,0
2017-10-11 11:57:00,3,52,23.0,86,15.1,1008.7,2.4,3.1,12,625.2,0
2017-10-11 12:00:00,3,52,23.1,85,15.1,1008.6,1.4,2.0,8,625.2,0
2017-10-11 12:03:00,3,51,23.1,85,15.1,1008.7,1.4,2.0,8,625.2,0
2017-10-11 12:06:00,3,51,23.1,85,15.1,1008.7,1.4,2.0,8,625.2,0
2017-10-11 12:09:00,3,51,23.3,82,15.3,1008.6,2.7,3.4,12,625.2,0
2017-10-11 12:12:00,3,50,23.3,81,15.3,1008.8,3.1,3.7,9,625.2,0
2017-10-11 12:15:00,3,50,23.2,80,15.4,1008.7,0.7,1.0,10,625.2,0
2017-10-11 12:18:00,3,50,23.1,80,15.5,1008.7,1.4,2.4,10,625.2,0
2017-10-11 12:21:00,3,51,23.1,79,15.6,1008.7,1.4,1.7,12,625.2,0
2017-10-11 12:24:00,3,51,23.0,79,15.6,1008.8,2.4,3.1,10,625.2,0
2017-10-11 12:27:00,3,51,23.0,78,15.7,1008.8,1.7,3.1,14,625.2,0
2017-10-11 12:30:00,3,51,23.0,78,15.9,1008.7,1.4,1.7,12,625.2,0
2017-10-11 12:33:00,3,51,23.0,77,15.9,1008.7,2.4,4.1,10,625.2,0
2017-10-11 12:36:00,3,50,22.9,76,15.9,1008.7,2.0,2.7,10,625.2,0
2017-10-11 12:39:00,3,50,22.9,76,15.9,1008.7,1.4,2.0,12,625.2,0
2017-10-11 12:42:00,3,50,22.9,76,15.9,1008.8,1.4,2.4,10,625.2,0
2017-10-11 12:45:00,3,50,22.9,75,15.9,1008.6,2.4,3.1,12,625.2,0
2017-10-11 12:48:00,3,50,22.8,75,15.9,1008.6,2.4,3.4,10,625.2,0
2017-10-11 12:51:00,3,50,22.8,75,15.9,1008.6,2.4,3.1,14,625.2,0
2017-10-11 12:54:00,3,50,22.7,75,15.9,1008.6,1.7,2.4,10,625.2,0
2017-10-11 12:57:00,3,50,22.7,75,16.0,1008.6,1.4,1.7,10,625.2,0
2017-10-11 13:00:00,3,50,22.7,75,16.1,1008.5,1.7,3.7,10,625.2,0
2017-10-11 13:03:00,3,50,22.7,74,16.1,1008.6,1.7,2.4,10,625.2,0
2017-10-11 13:06:00,3,50,22.7,74,16.2,1008.5,3.4,5.1,12,625.2,0
2017-10-11 13:09:00,3,50,22.7,74,16.2,1008.5,1.0,2.0,10,625.2,0
2017-10-11 13:12:00,3,50,22.6,74,16.3,1008.5,1.4,2.0,12,625.2,0
2017-10-11 13:15:00,3,50,22.7,73,16.3,1008.4,2.0,2.4,10,625.2,0
2017-10-11 13:18:00,3,50,22.6,73,16.3,1008.5,2.0,2.7,10,625.2,0
2017-10-11 13:21:00,3,50,22.6,72,16.3,1008.5,1.7,3.1,12,625.2,0
2017-10-11 13:24:00,3,50,22.6,72,16.3,1008.5,1.7,3.1,12,625.2,0
2017-10-11 13:27:00,3,50,22.6,73,16.3,1008.5,2.7,4.8,13,625.2,0
2017-10-11 13:30:00,3,50,22.6,73,16.2,1008.6,1.7,3.1,0,625.2,0
2017-10-11 13:33:00,3,50,22.6,73,16.1,1008.6,2.7,3.7,10,625.5,0
2017-10-11 13:36:00,3,50,22.6,74,16.0,1008.6,2.0,4.4,11,625.5,0
2017-10-11 13:39:00,3,51,22.5,75,15.8,1008.6,1.7,2.0,10,625.5,0
2017-10-11 13:42:00,3,51,22.5,76,15.7,1008.5,1.7,2.4,10,625.5,0
2017-10-11 13:45:00,3,51,22.5,76,15.6,1008.6,2.7,3.7,12,625.5,0
2017-10-11 13:48:00,3,51,22.5,76,15.6,1008.6,1.4,1.7,8,625.5,0
2017-10-11 13:51:00,3,50,22.5,77,15.5,1008.5,1.7,2.0,12,625.5,0
2017-10-11 13:54:00,3,50,22.4,77,15.5,1008.6,1.7,2.4,8,625.5,0
2017-10-11 13:57:00,3,50,22.4,77,15.5,1008.6,1.0,1.4,10,625.5,0
2017-10-11 14:00:00,3,50,22.4,78,15.4,1008.6,1.4,1.7,12,625.5,0
2017-10-11 14:03:00,3,50,22.4,78,15.4,1008.6,1.4,1.7,12,625.5,0
2017-10-11 14:06:00,3,51,22.4,78,15.4,1008.6,1.4,1.7,12,625.5,0
2017-10-11 14:09:00,3,51,22.3,80,15.2,1008.5,2.4,3.7,10,625.5,0
2017-10-11 14:12:00,3,51,22.3,80,15.2,1008.6,1.4,1.7,10,625.5,0
2017-10-11 14:15:00,3,51,22.3,81,15.1,1008.5,0.7,1.0,10,625.5,0
2017-10-11 14:18:00,3,51,22.3,81,15.0,1008.6,1.4,1.7,12,625.5,0
2017-10-11 14:21:00,3,51,22.3,81,15.0,1008.6,1.0,1.4,10,625.5,0
2017-10-11 14:24:00,3,51,22.3,82,15.0,1008.4,1.0,1.4,12,625.5,0
2017-10-11 14:27:00,3,51,22.3,82,15.0,1008.4,0.7,1.0,10,625.5,0
2017-10-11 14:30:00,3,51,22.3,82,15.0,1008.4,0.3,0.7,10,625.5,0
2017-10-11 14:33:00,3,51,22.3,82,15.0,1008.4,0.3,0.7,10,625.5,0
2017-10-11 14:36:00,3,51,22.3,82,15.0,1008.4,1.0,1.4,10,625.5,0
2017-10-11 14:39:00,3,51,22.3,82,15.1,1008.3,0.3,0.7,9,625.5,0
2017-10-11 14:42:00,3,51,22.3,82,15.1,1008.4,0.7,1.0,10,625.5,0
2017-10-11 14:45:00,3,51,22.3,81,15.2,1008.3,0.7,1.0,12,625.5,0
2017-10-11 14:48:00,3,51,22.3,81,15.2,1008.3,0.7,1.4,10,625.5,0
2017-10-11 14:51:00,3,51,22.2,81,15.2,1008.3,0.3,0.7,10,625.5,0
2017-10-11 14:54:00,3,51,22.2,81,15.2,1008.3,0.3,0.7,12,625.5,0
2017-10-11 14:57:00,3,51,22.2,81,15.3,1008.3,0.7,1.0,10,625.5,0
2017-10-11 15:00:00,3,51,22.2,81,15.3,1008.3,0.3,0.7,10,625.5,0
2017-10-11 15:03:00,3,51,22.2,81,15.3,1008.3,0.7,1.4,12,625.5,0
2017-10-11 15:06:00,3,51,22.2,81,15.3,1008.3,0.7,1.0,8,625.5,0
2017-10-11 15:09:00,3,51,22.2,81,15.3,1008.4,0.3,0.7,10,625.5,0
2017-10-11 15:12:00,3,51,22.2,80,15.4,1008.3,0.7,1.4,12,625.5,0
2017-10-11 15:15:00,3,51,22.2,80,15.4,1008.4,1.0,1.4,15,625.5,0
2017-10-11 15:18:00,3,51,22.2,80,15.5,1008.4,0.7,1.0,12,625.5,0
2017-10-11 15:21:00,3,51,22.2,80,15.5,1008.4,1.0,1.7,12,625.5,0
2017-10-11 15:24:00,3,51,22.2,79,15.6,1008.3,1.0,1.4,10,625.5,0
2017-10-11 15:27:00,3,51,22.2,78,15.6,1008.4,0.7,1.0,14,625.5,0
2017-10-11 15:30:00,3,51,22.2,78,15.7,1008.3,0.7,1.0,12,625.5,0
2017-10-11 15:33:00,3,51,22.2,77,15.7,1008.4,0.7,1.0,12,625.5,0
2017-10-11 15:36:00,3,51,22.2,77,15.7,1008.4,2.0,2.4,12,625.5,0
2017-10-11 15:39:00,3,51,22.2,77,15.7,1008.6,0.7,1.0,12,625.5,0
2017-10-11 15:42:00,3,51,22.1,76,15.8,1008.5,1.0,1.7,10,625.5,0
2017-10-11 15:45:00,3,52,22.1,76,15.8,1008.5,1.7,2.4,12,625.5,0
2017-10-11 15:48:00,3,52,22.1,75,15.8,1008.4,1.4,1.7,10,625.5,0
2017-10-11 15:51:00,3,52,22.1,75,15.9,1008.5,0.3,1.4,10,625.5,0
2017-10-11 15:54:00,3,52,22.1,74,15.8,1008.4,1.7,2.0,8,625.5,0
2017-10-11 15:57:00,3,52,22.1,74,15.9,1008.5,1.7,2.0,8,625.5,0
2017-10-11 16:00:00,3,52,22.1,74,15.8,1008.5,0.7,1.4,12,625.5,0
2017-10-11 16:03:00,3,52,22.1,74,15.8,1008.6,0.7,1.4,12,625.5,0
2017-10-11 16:06:00,3,52,22.1,74,15.8,1008.6,0.7,1.4,12,625.5,0
2017-10-11 16:09:00,3,52,22.1,74,15.8,1008.5,2.0,2.4,8,625.5,0
2017-10-11 16:12:00,3,52,22.1,74,15.8,1008.5,0.7,1.0,10,625.5,0
2017-10-11 16:15:00,3,52,22.1,74,15.8,1008.6,0.7,1.0,10,625.5,0
2017-10-11 16:18:00,3,52,22.1,74,15.8,1008.6,1.4,1.7,10,625.5,0
2017-10-11 16:21:00,3,52,22.1,74,15.7,1008.5,0.7,1.0,8,625.5,0
2017-10-11 16:24:00,3,52,22.1,74,15.7,1008.6,0.3,0.7,10,625.5,0
2017-10-11 16:27:00,3,52,22.1,74,15.6,1008.6,1.4,1.7,10,625.5,0
2017-10-11 16:30:00,3,52,22.1,74,15.6,1008.6,0.7,1.0,12,625.5,0
2017-10-11 16:33:00,3,52,22.1,74,15.6,1008.7,0.7,1.0,12,625.5,0
2017-10-11 16:36:00,3,52,22.1,74,15.6,1008.7,1.0,1.4,10,625.5,0
2017-10-11 16:39:00,3,52,22.1,74,15.6,1008.7,0.7,1.0,12,625.5,0
2017-10-11 16:42:00,3,52,22.1,73,15.6,1008.7,1.0,1.4,12,625.5,0
2017-10-11 16:45:00,3,52,22.1,73,15.5,1008.7,1.4,1.7,12,625.5,0
2017-10-11 16:48:00,3,52,22.1,73,15.5,1008.8,1.0,1.4,10,625.5,0
2017-10-11 16:51:00,3,52,22.0,73,15.5,1008.8,1.4,1.7,10,625.5,0
2017-10-11 16:54:00,3,52,22.0,73,15.5,1008.7,1.0,1.4,10,625.5,0
2017-10-11 16:57:00,3,52,22.0,73,15.5,1008.7,0.7,1.0,10,625.5,0
2017-10-11 17:00:00,3,52,22.0,73,15.5,1008.6,0.7,1.4,12,625.5,0
2017-10-11 17:03:00,3,52,22.0,73,15.5,1008.7,0.7,1.0,10,625.5,0
2017-10-11 17:06:00,3,52,22.0,73,15.4,1008.8,0.7,1.0,14,625.5,0
2017-10-11 17:09:00,3,52,22.0,73,15.4,1008.8,0.3,0.7,10,625.5,0
2017-10-11 17:12:00,3,52,22.0,73,15.4,1008.8,0.7,1.4,14,625.5,0
2017-10-11 17:15:00,3,52,22.0,73,15.3,1008.7,1.0,1.7,12,625.5,0
2017-10-11 17:18:00,3,52,22.0,73,15.3,1008.7,1.4,2.0,10,625.5,0
2017-10-11 17:21:00,3,52,22.0,73,15.4,1008.9,1.7,2.0,8,625.5,0
2017-10-11 17:24:00,3,52,22.0,73,15.4,1008.8,0.7,1.4,10,625.5,0
2017-10-11 17:27:00,3,52,22.0,73,15.3,1008.7,1.0,1.4,12,625.5,0
2017-10-11 17:30:00,3,52,22.0,73,15.3,1008.7,1.0,1.7,12,625.5,0
2017-10-11 17:33:00,3,52,22.0,73,15.3,1008.8,1.7,3.1,10,625.5,0
2017-10-11 17:36:00,3,52,22.0,74,15.3,1008.7,1.0,1.4,12,625.5,0
2017-10-11 17:39:00,3,52,22.0,74,15.2,1008.8,1.0,1.4,12,625.5,0
2017-10-11 17:42:00,3,52,22.0,74,15.2,1008.7,1.0,1.4,10,625.5,0
2017-10-11 17:45:00,3,53,21.9,74,15.2,1008.8,0.7,1.0,13,625.5,0
2017-10-11 17:48:00,3,52,22.0,74,15.2,1008.8,1.0,1.4,12,625.5,0
2017-10-11 17:51:00,3,53,21.9,74,15.2,1008.9,0,0,12,625.5,0
2017-10-11 17:54:00,3,53,21.9,74,15.2,1008.8,1.0,1.4,12,625.5,0
2017-10-11 17:57:00,3,53,21.9,74,15.2,1008.7,0.7,1.0,10,625.5,0
2017-10-11 18:00:00,3,53,21.9,74,15.2,1008.8,0.3,0.7,10,625.5,0
2017-10-11 18:03:00,3,53,21.9,74,15.2,1008.8,0.3,0.7,10,625.5,0
2017-10-11 18:06:00,3,53,21.9,74,15.2,1008.8,0.3,0.7,10,625.5,0
2017-10-11 18:09:00,3,53,21.9,74,15.1,1008.8,0.3,0.7,12,625.5,0
2017-10-11 18:12:00,3,53,21.9,74,15.1,1008.8,0.3,0.7,12,625.5,0
2017-10-11 18:15:00,3,53,21.9,75,15.0,1008.8,0.3,0.7,10,625.5,0
2017-10-11 18:18:00,3,53,21.9,75,15.0,1008.8,0.3,0.7,10,625.5,0
2017-10-11 18:21:00,3,53,21.9,75,15.0,1008.8,0.3,0.7,10,625.5,0
2017-10-11 18:24:00,3,53,21.9,75,15.0,1008.7,0.3,0.7,10,625.5,0
2017-10-11 18:27:00,3,53,21.9,75,14.9,1008.8,0.3,0.7,10,625.5,0
2017-10-11 18:30:00,3,53,21.9,75,14.9,1008.8,0.7,1.4,10,625.5,0
2017-10-11 18:33:00,3,53,21.9,75,14.9,1008.8,0.7,1.0,10,625.5,0
2017-10-11 18:36:00,3,53,21.9,75,14.9,1008.8,0,0,10,625.5,0
2017-10-11 18:39:00,3,53,21.9,75,14.9,1008.8,0,0,10,625.5,0
2017-10-11 18:42:00,3,53,21.9,76,14.8,1008.8,0,0,10,625.5,0
2017-10-11 18:45:00,3,53,21.9,76,14.8,1008.9,0,0.3,10,625.5,0
2017-10-11 18:48:00,3,53,21.9,76,14.8,1008.8,0.3,0.7,10,625.5,0
2017-10-11 18:51:00,3,53,21.9,77,14.7,1008.9,1.0,1.4,8,625.5,0
2017-10-11 18:54:00,3,53,21.9,77,14.6,1008.9,0.7,1.0,12,625.5,0
2017-10-11 18:57:00,3,53,21.9,78,14.6,1008.9,0.7,1.4,14,625.5,0
2017-10-11 19:00:00,3,53,21.9,78,14.5,1008.8,1.7,2.4,10,625.5,0
2017-10-11 19:03:00,3,53,21.9,79,14.5,1008.9,1.4,2.7,10,625.5,0
2017-10-11 19:06:00,3,53,21.9,79,14.5,1008.9,1.0,1.4,12,625.5,0
2017-10-11 19:09:00,3,53,21.9,80,14.4,1008.9,0.7,1.0,10,625.5,0
2017-10-11 19:12:00,3,53,21.9,80,14.4,1008.9,1.7,2.4,14,625.5,0
2017-10-11 19:15:00,3,53,21.9,80,14.3,1009.0,1.4,1.7,12,625.5,0
2017-10-11 19:18:00,3,53,21.9,80,14.3,1009.0,1.7,2.0,10,625.5,0
2017-10-11 19:21:00,3,53,21.9,81,14.2,1009.0,1.4,1.7,9,625.5,0
2017-10-11 19:24:00,3,53,21.9,81,14.2,1009.0,1.0,1.4,10,625.5,0
2017-10-11 19:27:00,3,53,21.9,81,14.1,1009.0,1.4,2.0,10,625.5,0
2017-10-11 19:30:00,3,53,21.9,81,14.1,1008.9,1.7,2.7,15,625.5,0
2017-10-11 19:33:00,3,53,21.9,81,14.1,1008.9,0.7,1.0,12,625.5,0
2017-10-11 19:36:00,3,53,21.9,81,14.1,1008.9,1.0,1.4,14,625.5,0
2017-10-11 19:39:00,3,53,21.9,81,14.1,1008.9,0.3,0.7,6,625.5,0
2017-10-11 19:42:00,3,53,21.9,81,14.0,1008.9,0.7,1.0,12,625.5,0
2017-10-11 19:45:00,3,53,21.9,81,14.0,1008.9,0.7,1.0,8,625.5,0
2017-10-11 19:48:00,3,53,21.9,81,14.0,1008.8,1.0,1.4,10,625.5,0
2017-10-11 19:51:00,3,53,21.9,81,14.0,1008.8,0.7,1.0,8,625.5,0
2017-10-11 19:54:00,3,53,21.9,81,14.0,1008.8,1.0,1.7,8,625.5,0
2017-10-11 19:57:00,3,53,21.9,81,14.0,1008.7,0.7,1.4,8,625.5,0
2017-10-11 20:00:00,3,53,21.9,81,14.0,1008.8,0,0,10,625.5,0
2017-10-11 20:03:00,3,53,21.9,81,14.0,1008.8,0,0,10,625.5,0
2017-10-11 20:06:00,3,53,21.9,81,14.0,1008.7,0,0,10,625.5,0
2017-10-11 20:09:00,3,53,21.9,81,14.0,1008.7,0,0.7,12,625.5,0
2017-10-11 20:12:00,3,54,21.9,81,14.0,1008.7,0,0,10,625.5,0
2017-10-11 20:15:00,3,54,21.9,81,13.9,1008.7,0,0.3,12,625.5,0
2017-10-11 20:18:00,3,54,21.9,81,13.9,1008.7,0,0,10,625.5,0
2017-10-11 20:21:00,3,54,21.9,81,13.9,1008.8,0.3,0.7,10,625.5,0
2017-10-11 20:24:00,3,54,21.9,81,13.9,1008.7,0,0,10,625.5,0
2017-10-11 20:27:00,3,54,21.9,82,13.9,1008.7,0,0.3,10,625.5,0
2017-10-11 20:30:00,3,54,21.9,82,13.8,1008.7,0.3,0.7,12,625.5,0
2017-10-11 20:33:00,3,54,21.9,82,13.8,1008.7,0,0,12,625.5,0
2017-10-11 20:36:00,3,54,21.9,82,13.8,1008.7,0,0.3,9,625.5,0
2017-10-11 20:39:00,3,54,21.9,82,13.8,1008.7,0,0,10,625.5,0
2017-10-11 20:42:00,3,54,21.9,82,13.8,1008.8,0,0.3,8,625.5,0
2017-10-11 20:45:00,3,54,21.9,82,13.8,1008.7,0.3,0.7,10,625.5,0
2017-10-11 20:48:00,3,54,21.9,82,13.8,1008.7,0.3,0.7,10,625.5,0
2017-10-11 20:51:00,3,54,21.9,82,13.8,1008.7,0.3,0.7,10,625.5,0
2017-10-11 20:54:00,3,54,21.9,82,13.8,1008.7,0.7,1.0,10,625.5,0
2017-10-11 20:57:00,3,54,21.9,82,13.8,1008.6,0.3,0.7,12,625.5,0
2017-10-11 21:00:00,3,54,21.9,82,13.8,1008.6,0.3,0.3,10,625.5,0
2017-10-11 21:03:00,3,53,21.9,81,13.8,1008.7,0.3,0.7,12,625.5,0
2017-10-11 21:06:00,3,53,21.9,81,13.8,1008.7,1.4,1.7,12,625.5,0
2017-10-11 21:09:00,3,53,21.9,81,13.9,1008.7,0,0.3,14,625.5,0
2017-10-11 21:12:00,3,53,21.8,80,13.9,1008.7,1.0,1.4,0,625.5,0
2017-10-11 21:15:00,3,53,21.8,80,13.9,1008.7,1.4,2.4,10,625.5,0
2017-10-11 21:18:00,3,53,21.8,79,14.0,1008.6,0.3,0.7,14,625.5,0
2017-10-11 21:21:00,3,53,21.8,79,14.0,1008.6,0.3,0.7,10,625.5,0
2017-10-11 21:24:00,3,53,21.8,78,14.0,1008.7,0.7,1.4,10,625.5,0
2017-10-11 21:27:00,3,53,21.8,77,14.0,1008.7,0,0.3,12,625.5,0
2017-10-11 21:30:00,3,53,21.8,77,14.0,1008.6,0.3,1.0,12,625.5,0
2017-10-11 21:33:00,3,53,21.8,76,14.0,1008.6,0.3,0.7,10,625.5,0
2017-10-11 21:36:00,3,53,21.8,76,14.0,1008.7,0,0.3,12,625.5,0
2017-10-11 21:39:00,3,53,21.8,76,14.0,1008.6,0,0.3,12,625.5,0
2017-10-11 21:42:00,3,53,21.8,75,14.0,1008.6,0.3,1.0,8,625.5,0
2017-10-11 21:45:00,3,53,21.8,75,14.0,1008.5,1.0,1.4,12,625.5,0
2017-10-11 21:48:00,3,53,21.8,74,14.0,1008.6,1.7,2.4,10,625.5,0
2017-10-11 21:51:00,3,53,21.8,73,14.1,1008.4,0.7,1.0,10,625.5,0
2017-10-11 21:54:00,3,53,21.8,73,14.1,1008.5,0.7,1.0,14,625.5,0
2017-10-11 21:57:00,3,53,21.8,72,14.1,1008.4,1.4,1.7,12,625.5,0
