2017-09-01 00:01:00,3,54,25.3,88,14.4,1014.0,0.3,0.7,0,546.6,0
2017-09-01 00:04:00,3,54,25.3,88,14.4,1014.1,0.3,0.7,0,546.6,0
2017-09-01 00:07:00,3,54,25.3,89,14.3,1014.0,0.3,0.7,14,546.6,0
2017-09-01 00:10:00,3,54,25.3,89,14.3,1014.0,0,0.3,14,546.6,0
2017-09-01 00:13:00,3,54,25.3,89,14.2,1014.0,0,0.3,14,546.6,0
2017-09-01 00:16:00,3,54,25.3,89,14.2,1014.0,0.3,1.0,14,546.6,0
2017-09-01 00:19:00,3,54,25.2,89,14.2,1014.0,0,0,14,546.6,0
2017-09-01 00:22:00,3,54,25.2,89,14.2,1013.9,0,0.3,12,546.6,0
2017-09-01 00:25:00,3,54,25.2,89,14.2,1013.9,0.3,1.0,14,546.6,0
2017-09-01 00:28:00,3,54,25.2,90,14.1,1013.8,0,0.7,0,546.6,0
2017-09-01 00:31:00,3,54,25.2,90,14.1,1013.9,0.3,0.7,14,546.6,0
2017-09-01 00:34:00,3,54,25.1,90,14.1,1013.9,0.3,1.0,0,546.6,0
2017-09-01 00:37:00,3,54,25.1,90,14.0,1013.9,0,0.3,12,546.6,0
2017-09-01 00:40:00,3,54,25.1,90,14.0,1013.9,0,0,14,546.6,0
2017-09-01 00:43:00,3,54,25.1,90,14.0,1013.9,0.3,0.7,14,546.6,0
2017-09-01 00:46:00,3,54,25.1,90,14.0,1013.9,0.7,1.0,12,546.6,0
2017-09-01 00:49:00,3,54,25.1,90,13.9,1013.9,0.3,0.7,14,546.6,0
2017-09-01 00:52:00,3,54,25.1,90,13.9,1013.9,0,0.3,14,546.6,0
2017-09-01 00:55:00,3,54,25.1,90,13.8,1014.0,0.7,1.0,14,546.6,0
2017-09-01 00:58:00,3,54,25.1,90,13.8,1014.0,0,0,12,546.6,0
2017-09-01 01:01:00,3,54,25.1,90,13.8,1014.1,0,0,12,546.6,0
2017-09-01 01:04:00,3,54,25.1,90,13.8,1014.2,0,0,12,546.6,0
2017-09-01 01:07:00,3,54,25.1,90,13.8,1014.1,0,0,0,546.6,0
2017-09-01 01:10:00,3,54,25.1,90,13.8,1014.2,0.3,0.7,14,546.6,0
2017-09-01 01:13:00,3,54,25.1,90,13.8,1014.2,0,0.3,12,546.6,0
2017-09-01 01:16:00,3,54,25.1,90,13.7,1014.2,0.3,0.7,0,546.6,0
2017-09-01 01:19:00,3,54,25.0,90,13.7,1014.2,0.7,1.0,12,546.6,0
2017-09-01 01:22:00,3,54,25.0,90,13.7,1014.3,0,0,14,546.6,0
2017-09-01 01:25:00,3,55,24.9,90,13.7,1014.3,0.3,0.3,14,546.6,0
2017-09-01 01:28:00,3,54,25.0,90,13.7,1014.3,0,0.3,14,546.6,0
2017-09-01 01:31:00,3,54,25.0,90,13.6,1014.4,0.3,0.7,14,546.6,0
2017-09-01 01:34:00,3,54,25.0,90,13.6,1014.4,0,0.3,14,546.6,0
2017-09-01 01:37:00,3,54,25.0,90,13.6,1014.3,0,0,0,546.6,0
2017-09-01 01:40:00,3,54,25.0,90,13.6,1014.3,0,0,0,546.6,0
2017-09-01 01:43:00,3,54,25.0,90,13.6,1014.4,0,0.3,14,546.6,0
2017-09-01 01:46:00,3,54,25.0,90,13.5,1014.4,0,0.3,14,546.6,0
2017-09-01 01:49:00,3,54,25.0,90,13.5,1014.3,0.3,0.7,14,546.6,0
2017-09-01 01:52:00,3,54,25.0,90,13.5,1014.3,0,0.3,15,546.6,0
2017-09-01 01:55:00,3,55,24.9,90,13.5,1014.3,0.3,1.0,14,546.6,0
2017-09-01 01:58:00,3,55,24.9,90,13.5,1014.4,0,0,0,546.6,0
2017-09-01 02:01:00,3,55,24.9,90,13.5,1014.3,0,0.3,14,546.6,0
2017-09-01 02:04:00,3,55,24.7,90,13.5,1014.3,0,0.3,14,546.6,0
2017-09-01 02:07:00,3,55,24.7,90,13.5,1014.4,0,0.3,14,546.6,0
2017-09-01 02:10:00,3,55,24.7,90,13.4,1014.4,0,0,14,546.6,0
2017-09-01 02:13:00,3,55,24.7,90,13.4,1014.5,0.3,0.7,14,546.6,0
2017-09-01 02:16:00,3,55,24.7,90,13.4,1014.4,0,0.3,14,546.6,0
2017-09-01 02:19:00,3,55,24.7,90,13.3,1014.4,0,0.3,14,546.6,0
2017-09-01 02:22:00,3,55,24.7,90,13.3,1014.4,0,0,14,546.6,0
2017-09-01 02:25:00,3,55,24.7,90,13.3,1014.2,0,0,14,546.6,0
2017-09-01 02:28:00,3,55,24.7,90,13.3,1014.3,0,0,12,546.6,0
2017-09-01 02:31:00,3,55,24.7,90,13.2,1014.2,0,0,12,546.6,0
2017-09-01 02:34:00,3,55,24.7,90,13.2,1014.3,0.3,1.0,13,546.6,0
2017-09-01 02:37:00,3,55,24.7,90,13.1,1014.3,0.3,0.3,14,546.6,0
2017-09-01 02:40:00,3,55,24.7,90,13.1,1014.3,0,0.3,14,546.6,0
2017-09-01 02:43:00,3,55,24.7,90,13.1,1014.4,0,0,0,546.6,0
2017-09-01 02:46:00,3,55,24.6,90,13.0,1014.4,0,0.3,0,546.6,0
2017-09-01 02:49:00,3,55,24.6,90,13.0,1014.3,0,0,14,546.6,0
2017-09-01 02:52:00,3,55,24.6,90,13.0,1014.2,0,0.3,14,546.6,0
2017-09-01 02:55:00,3,55,24.6,91,13.0,1014.1,0,0.3,14,546.6,0
2017-09-01 02:58:00,3,55,24.6,91,12.9,1014.2,0,0.3,14,546.6,0
2017-09-01 03:01:00,3,55,24.6,91,12.9,1014.1,0,0.3,14,546.6,0
2017-09-01 03:04:00,3,55,24.6,91,12.9,1014.1,0.3,0.7,14,546.6,0
2017-09-01 03:07:00,3,55,24.6,91,12.8,1014.0,0,0.3,14,546.6,0
2017-09-01 03:10:00,3,55,24.6,91,12.8,1014.1,0,0,12,546.6,0
2017-09-01 03:13:00,3,55,24.6,91,12.8,1014.2,0.3,0.7,14,546.6,0
2017-09-01 03:16:00,3,55,24.6,91,12.7,1014.1,0,0.3,12,546.6,0
2017-09-01 03:19:00,3,55,24.6,91,12.7,1014.2,0,0.3,14,546.6,0
2017-09-01 03:22:00,3,55,24.5,91,12.7,1014.4,0.3,0.7,14,546.6,0
2017-09-01 03:25:00,3,55,24.5,91,12.6,1014.3,0,0.7,0,546.6,0
2017-09-01 03:28:00,3,55,24.5,92,12.6,1014.3,0.3,0.7,12,546.6,0
2017-09-01 03:31:00,3,55,24.5,92,12.6,1014.2,0,0.3,14,546.6,0
2017-09-01 03:34:00,3,55,24.5,92,12.6,1014.3,0,0.3,14,546.6,0
2017-09-01 03:37:00,3,55,24.4,92,12.6,1014.3,0,0.3,14,546.6,0
2017-09-01 03:40:00,3,55,24.4,92,12.5,1014.3,0,0.3,0,546.6,0
2017-09-01 03:43:00,3,55,24.4,92,12.5,1014.3,0,0,14,546.6,0
2017-09-01 03:46:00,3,55,24.4,92,12.5,1014.2,0.3,0.7,14,546.6,0
2017-09-01 03:49:00,3,55,24.4,92,12.5,1014.2,0.3,0.7,14,546.6,0
2017-09-01 03:52:00,3,55,24.4,95,12.4,1014.3,0,0,14,546.6,0
2017-09-01 03:55:00,3,55,24.4,95,12.4,1014.4,0,0,14,546.6,0
2017-09-01 03:58:00,3,55,24.4,95,12.4,1014.3,0,0,14,546.6,0
2017-09-01 04:01:00,3,55,24.4,95,12.4,1014.4,0,0,14,546.6,0
2017-09-01 04:04:00,3,55,24.3,95,12.4,1014.4,0,0,14,546.6,0
2017-09-01 04:07:00,3,55,24.4,95,12.3,1014.3,0,0.3,12,546.6,0
2017-09-01 04:10:00,3,55,24.4,95,12.3,1014.3,0,0.3,14,546.6,0
2017-09-01 04:13:00,3,55,24.3,95,12.2,1014.5,0,0.3,14,546.6,0
2017-09-01 04:16:00,3,54,24.3,95,12.2,1014.3,0,0,12,546.6,0
2017-09-01 04:19:00,3,55,24.2,95,12.1,1014.4,0,0,12,546.6,0
2017-09-01 04:22:00,3,54,24.2,96,12.1,1014.5,0,0.3,14,546.6,0
2017-09-01 04:25:00,3,54,24.2,96,12.1,1014.5,0,0.3,12,546.6,0
2017-09-01 04:28:00,3,55,24.2,96,12.1,1014.5,0,0.3,14,546.6,0
2017-09-01 04:31:00,3,54,24.2,96,12.0,1014.5,0,0,12,546.6,0
2017-09-01 04:34:00,3,54,24.2,96,12.0,1014.5,0,0,12,546.6,0
2017-09-01 04:37:00,3,54,24.2,96,12.0,1014.5,0,0.3,0,546.6,0
2017-09-01 04:40:00,3,54,24.2,96,12.0,1014.6,0,0,0,546.6,0
2017-09-01 04:43:00,3,54,24.2,96,12.0,1014.5,0,0.7,0,546.6,0
2017-09-01 04:46:00,3,54,24.2,96,11.9,1014.6,0,0,14,546.6,0
2017-09-01 04:49:00,3,54,24.2,96,11.9,1014.6,0,0,14,546.6,0
2017-09-01 04:52:00,3,54,24.2,96,11.9,1014.6,0,0,14,546.6,0
2017-09-01 04:55:00,3,54,24.1,96,11.9,1014.7,0,0,14,546.6,0
2017-09-01 04:58:00,3,54,24.1,96,11.9,1014.8,0,0.3,14,546.6,0
2017-09-01 05:01:00,3,54,24.1,97,11.9,1014.7,0,0,14,546.6,0
2017-09-01 05:04:00,3,54,24.1,97,11.9,1014.7,0,0,0,546.6,0
2017-09-01 05:07:00,3,54,24.1,97,11.9,1014.8,0,0,0,546.6,0
2017-09-01 05:10:00,3,54,24.1,97,11.9,1014.8,0,0,14,546.6,0
2017-09-01 05:13:00,3,55,24.1,97,12.0,1014.7,0,0,14,546.6,0
2017-09-01 05:16:00,3,55,24.2,97,12.0,1014.7,0,0,14,546.6,0
2017-09-01 05:19:00,3,55,24.2,97,12.0,1014.7,0,0,0,546.6,0
2017-09-01 05:22:00,3,54,24.4,97,12.0,1014.8,0,0,0,546.6,0
2017-09-01 05:25:00,3,54,24.5,97,12.0,1014.8,0,0,12,546.6,0
2017-09-01 05:28:00,3,54,24.6,97,12.0,1014.8,0,0,14,546.6,0
2017-09-01 05:31:00,3,54,24.7,97,12.0,1014.8,0,0,2,546.6,0
2017-09-01 05:34:00,3,54,24.8,97,11.9,1014.8,0,0,0,546.6,0
2017-09-01 05:37:00,3,53,24.8,97,12.0,1014.8,0,0,0,546.6,0
2017-09-01 05:40:00,3,52,25.0,97,11.9,1014.9,0,0,0,546.6,0
2017-09-01 05:43:00,3,52,25.0,97,12.0,1014.8,0,0,0,546.6,0
2017-09-01 05:46:00,3,52,25.1,98,12.0,1014.9,0,0,0,546.6,0
2017-09-01 05:49:00,3,52,25.2,98,12.1,1014.9,0,0,12,546.6,0
2017-09-01 05:52:00,3,52,25.3,98,12.1,1015.0,0,0,12,546.6,0
2017-09-01 05:55:00,3,52,25.3,98,12.1,1015.0,0,0,0,546.6,0
2017-09-01 05:58:00,3,51,25.4,98,12.2,1015.0,0,0,0,546.6,0
2017-09-01 06:01:00,3,51,25.4,98,12.3,1015.0,0,0,12,546.6,0
2017-09-01 06:04:00,3,51,25.4,98,12.3,1015.1,0,0,12,546.6,0
2017-09-01 06:07:00,3,51,25.4,98,12.4,1015.0,0,0,14,546.6,0
2017-09-01 06:10:00,3,51,25.4,98,12.4,1014.9,0,0,14,546.6,0
2017-09-01 06:13:00,3,51,25.4,95,12.5,1014.9,0,0,14,546.6,0
2017-09-01 06:16:00,3,51,25.4,95,12.5,1015.0,0.3,0.3,14,546.6,0
2017-09-01 06:19:00,3,51,25.4,95,12.5,1015.0,0.3,0.7,15,546.6,0
2017-09-01 06:22:00,3,51,25.4,95,12.6,1015.0,0.3,1.0,12,546.6,0
2017-09-01 06:25:00,3,51,25.3,95,12.7,1015.1,0,0.3,13,546.6,0
2017-09-01 06:28:00,3,51,25.3,95,12.8,1014.9,0,0.3,13,546.6,0
2017-09-01 06:31:00,3,51,25.1,95,12.9,1015.0,0,0.3,14,546.6,0
2017-09-01 06:34:00,3,51,25.0,95,12.9,1015.0,0.7,1.0,14,546.6,0
2017-09-01 06:37:00,3,51,25.0,95,13.0,1015.0,0,0,14,546.6,0
2017-09-01 06:40:00,3,51,25.1,94,13.1,1015.1,0,0.3,0,546.6,0
2017-09-01 06:43:00,3,51,25.2,94,13.3,1015.1,0,0.3,0,546.6,0
2017-09-01 06:46:00,3,51,25.3,94,13.5,1015.1,0.7,0.7,15,546.6,0
2017-09-01 06:49:00,3,51,25.3,93,13.7,1015.1,0.3,0.7,12,546.6,0
2017-09-01 06:52:00,3,51,25.3,93,13.9,1015.1,0.3,0.7,14,546.6,0
2017-09-01 06:55:00,3,51,25.4,92,14.1,1015.1,0,0.3,12,546.6,0
2017-09-01 06:58:00,3,51,25.4,91,14.4,1015.3,1.0,1.4,1,546.6,0
2017-09-01 07:01:00,3,51,25.4,90,14.5,1015.2,1.0,1.7,1,546.6,0
2017-09-01 07:04:00,3,51,25.4,87,14.5,1015.3,0.3,0.7,0,546.6,0
2017-09-01 07:07:00,3,51,25.4,86,14.6,1015.2,0.3,0.7,14,546.6,0
2017-09-01 07:10:00,3,51,25.4,84,14.7,1015.3,0.7,1.0,14,546.6,0
2017-09-01 07:13:00,3,50,25.4,83,14.8,1015.3,1.0,1.4,2,546.6,0
2017-09-01 07:16:00,3,50,25.4,83,15.1,1015.2,0,0.3,4,546.6,0
2017-09-01 07:19:00,3,50,25.4,83,15.7,1015.2,0.7,1.0,14,546.6,0
2017-09-01 07:22:00,3,50,25.4,81,16.0,1015.2,0.7,1.0,14,546.6,0
2017-09-01 07:25:00,3,50,25.4,79,16.1,1015.3,0.7,1.4,14,546.6,0
2017-09-01 07:28:00,3,49,25.4,78,16.2,1015.2,0.7,1.0,14,546.6,0
2017-09-01 07:31:00,3,49,25.4,77,16.2,1015.3,0,0,14,546.6,0
2017-09-01 07:34:00,3,48,25.4,77,16.2,1015.3,0,0.3,12,546.6,0
2017-09-01 07:37:00,3,48,25.4,77,16.1,1015.3,0,0,14,546.6,0
2017-09-01 07:40:00,3,48,25.4,77,16.1,1015.2,0.3,0.7,14,546.6,0
2017-09-01 07:43:00,3,48,25.4,76,15.9,1015.3,0.3,1.0,0,546.6,0
2017-09-01 07:46:00,3,47,25.4,76,15.8,1015.3,0.3,0.7,0,546.6,0
2017-09-01 07:49:00,3,47,25.4,76,15.7,1015.2,0.7,1.0,2,546.6,0
2017-09-01 07:52:00,3,47,25.4,76,15.7,1015.2,1.0,1.0,0,546.6,0
2017-09-01 07:55:00,3,47,25.4,76,15.5,1015.2,0.7,1.0,2,546.6,0
2017-09-01 07:58:00,3,47,25.4,77,15.6,1015.2,1.0,1.4,2,546.6,0
2017-09-01 08:01:00,3,47,26.2,77,15.6,1015.3,0.7,1.0,2,546.6,0
2017-09-01 08:04:00,3,47,25.4,77,15.6,1015.3,0.7,1.0,2,546.6,0
2017-09-01 08:07:00,3,46,26.2,77,15.7,1015.3,1.0,1.4,0,546.6,0
2017-09-01 08:10:00,3,46,26.2,77,15.8,1015.1,0.3,0.7,2,546.6,0
2017-09-01 08:13:00,3,45,26.2,77,15.9,1015.2,0.7,1.4,2,546.6,0
2017-09-01 08:16:00,3,45,26.2,76,15.9,1015.3,0.3,0.7,14,546.6,0
2017-09-01 08:19:00,3,45,26.2,76,16.0,1015.3,0,0,14,546.6,0
2017-09-01 08:22:00,3,45,26.2,75,16.1,1015.2,0.7,1.0,0,546.6,0
2017-09-01 08:25:00,3,44,26.2,75,16.2,1015.2,0.3,0.7,0,546.6,0
2017-09-01 08:28:00,3,44,26.2,75,16.4,1015.2,1.4,2.0,0,546.6,0
2017-09-01 08:31:00,3,44,26.2,73,16.5,1015.2,1.0,1.4,0,546.6,0
2017-09-01 08:34:00,3,45,26.2,73,16.8,1015.2,0.7,1.4,0,546.6,0
2017-09-01 08:37:00,3,45,26.2,73,17.1,1015.2,0.7,1.0,14,546.6,0
2017-09-01 08:40:00,3,44,26.2,72,17.1,1015.2,0.3,0.7,14,546.6,0
2017-09-01 08:43:00,3,44,26.2,72,17.2,1015.2,1.0,1.4,14,546.6,0
2017-09-01 08:46:00,3,46,25.4,71,17.3,1015.2,1.0,1.7,2,546.6,0
2017-09-01 08:49:00,3,46,25.4,66,17.5,1015.1,0.7,1.0,0,546.6,0
2017-09-01 08:52:00,3,46,25.4,67,17.7,1015.1,0.3,0.7,2,546.6,0
2017-09-01 08:55:00,3,46,25.4,66,18.0,1015.0,0.7,1.0,14,546.6,0
2017-09-01 08:58:00,3,46,25.4,65,18.1,1015.0,0.3,0.7,0,546.6,0
2017-09-01 09:01:00,3,47,25.4,66,18.0,1014.9,0.7,1.4,4,546.6,0
2017-09-01 09:04:00,3,47,25.4,64,17.9,1014.9,1.0,1.7,2,546.6,0
2017-09-01 09:07:00,3,47,25.4,64,17.6,1014.9,1.4,1.7,0,546.6,0
2017-09-01 09:10:00,3,47,25.4,65,17.6,1014.8,0.7,1.0,0,546.6,0
2017-09-01 09:13:00,3,48,25.4,64,17.6,1014.7,0.7,1.0,14,546.6,0
2017-09-01 09:16:00,3,48,25.4,63,17.6,1014.8,2.7,3.1,0,546.6,0
2017-09-01 09:19:00,3,47,25.4,64,17.5,1014.8,1.0,1.4,0,546.6,0
2017-09-01 09:22:00,3,47,25.4,65,17.6,1014.7,0.7,0.7,14,546.6,0
2017-09-01 09:25:00,3,47,25.4,65,17.6,1014.9,0.7,1.0,0,546.6,0
2017-09-01 09:28:00,3,47,25.4,64,17.7,1014.8,1.0,1.4,14,546.6,0
2017-09-01 09:31:00,3,47,25.4,64,17.7,1014.9,0.7,1.0,4,546.6,0
2017-09-01 09:34:00,3,46,25.4,61,17.6,1014.8,0.3,0.7,0,546.6,0
2017-09-01 09:37:00,3,46,25.4,62,17.6,1014.8,0.3,0.3,14,546.6,0
2017-09-01 09:40:00,3,46,25.4,63,17.7,1014.8,0.3,0.7,14,546.6,0
2017-09-01 09:43:00,3,46,25.4,64,17.8,1014.8,0.3,0.7,14,546.6,0
2017-09-01 09:46:00,3,47,25.4,63,17.9,1014.9,1.0,2.0,2,546.6,0
2017-09-01 09:49:00,3,47,25.4,63,17.9,1014.8,0.7,1.0,12,546.6,0
2017-09-01 09:52:00,3,47,25.4,62,17.9,1014.8,0.7,1.0,0,546.6,0
2017-09-01 09:55:00,3,47,25.4,61,17.9,1014.7,0,0.7,14,546.6,0
2017-09-01 09:58:00,3,47,25.4,61,17.8,1014.7,1.4,2.0,2,546.6,0
2017-09-01 10:01:00,3,47,25.4,61,17.8,1014.7,0.7,1.0,14,546.6,0
2017-09-01 10:04:00,3,48,25.4,61,17.8,1014.9,0.7,1.0,14,546.6,0
2017-09-01 10:07:00,3,48,25.4,60,17.8,1014.7,0.7,1.0,8,546.6,0
2017-09-01 10:10:00,3,48,25.4,61,18.0,1014.8,0,0.3,14,546.6,0
2017-09-01 10:13:00,3,48,25.4,61,18.1,1014.7,0.3,0.7,12,546.6,0
2017-09-01 10:16:00,3,48,25.4,61,18.2,1014.7,0.3,1.0,10,546.6,0
2017-09-01 10:19:00,3,48,25.2,60,18.3,1014.8,1.0,1.4,2,546.6,0
2017-09-01 10:22:00,3,49,25.2,60,18.0,1014.7,0.3,0.7,0,546.6,0
2017-09-01 10:25:00,3,49,25.2,61,18.0,1014.6,0.3,0.7,14,546.6,0
2017-09-01 10:28:00,3,49,25.2,61,18.0,1014.6,0,0.3,14,546.6,0
2017-09-01 10:31:00,3,49,25.1,61,17.9,1014.6,0,0.3,0,546.6,0
2017-09-01 10:34:00,3,49,25.0,61,17.7,1014.5,0.7,1.0,14,546.6,0
2017-09-01 10:37:00,3,49,25.0,62,17.6,1014.6,0,0.3,14,546.6,0
2017-09-01 10:40:00,3,50,25.1,62,17.6,1014.6,0.3,0.7,0,546.6,0
2017-09-01 10:43:00,3,50,25.0,61,17.5,1014.6,0,0.7,14,546.6,0
2017-09-01 10:46:00,3,50,25.0,62,17.5,1014.5,0,0.3,14,546.6,0
2017-09-01 10:49:00,3,51,24.9,65,17.4,1014.6,0.3,0.7,6,546.6,0
2017-09-01 10:52:00,3,51,24.9,65,17.4,1014.6,0.3,0.7,6,546.6,0
2017-09-01 10:55:00,3,51,24.9,63,17.5,1014.6,0,0.3,10,546.6,0
2017-09-01 10:58:00,3,51,24.9,62,17.5,1014.6,0,0.3,14,546.6,0
2017-09-01 11:01:00,3,51,24.9,62,17.5,1014.6,0,0,0,546.6,0
2017-09-01 11:04:00,3,51,24.9,62,17.5,1014.7,0,0,14,546.6,0
2017-09-01 11:07:00,3,51,24.9,62,17.5,1014.7,0,0.3,14,546.6,0
2017-09-01 11:10:00,3,51,24.7,61,17.5,1014.5,0.3,0.7,14,546.6,0
2017-09-01 11:13:00,3,51,24.7,62,17.5,1014.6,0,0,14,546.6,0
2017-09-01 11:16:00,3,51,24.7,62,17.5,1014.6,0,0.3,0,546.6,0
2017-09-01 11:19:00,3,51,24.7,63,17.5,1014.6,0,0,12,546.6,0
2017-09-01 11:22:00,3,51,24.7,63,17.5,1014.7,0,0.3,0,546.6,0
2017-09-01 11:25:00,3,51,24.7,64,17.5,1014.6,0,0.3,14,546.6,0
2017-09-01 11:28:00,3,51,24.7,68,17.4,1014.6,0.3,0.7,14,546.6,0
2017-09-01 11:31:00,3,51,24.7,68,17.3,1014.5,0.3,0.7,15,546.6,0
2017-09-01 11:34:00,3,51,24.7,69,17.2,1014.5,0.3,0.7,12,546.6,0
2017-09-01 11:37:00,3,51,24.6,69,17.2,1014.5,0.7,1.0,14,546.6,0
2017-09-01 11:40:00,3,51,24.6,69,17.1,1014.4,0.7,1.0,0,546.6,0
2017-09-01 11:43:00,3,52,24.5,69,17.1,1014.4,0.7,1.0,0,546.6,0
2017-09-01 11:46:00,3,52,24.5,69,17.1,1014.5,0.3,0.7,14,546.6,0
2017-09-01 11:49:00,3,52,24.5,69,17.1,1014.4,1.0,1.7,12,546.6,0
2017-09-01 11:52:00,3,52,24.6,69,17.1,1014.4,0.7,1.0,14,546.6,0
2017-09-01 11:55:00,3,52,24.5,68,17.1,1014.4,0.3,0.7,14,546.6,0
2017-09-01 11:58:00,3,52,24.5,68,17.1,1014.3,0.3,0.7,14,546.6,0
2017-09-01 12:01:00,3,52,24.5,68,17.1,1014.4,0,0,14,546.6,0
2017-09-01 12:04:00,3,52,24.5,68,17.1,1014.3,0,0,14,546.6,0
2017-09-01 12:07:00,3,52,24.5,67,17.1,1014.4,0.3,0.7,14,546.6,0
2017-09-01 12:10:00,3,52,24.5,67,17.2,1014.4,0,0.3,14,546.6,0
2017-09-01 12:13:00,3,52,24.5,67,17.2,1014.4,0,0.3,14,546.6,0
2017-09-01 12:16:00,3,52,24.5,66,17.2,1014.2,0.3,0.7,14,546.6,0
2017-09-01 12:19:00,3,52,24.5,67,17.2,1014.4,0.3,0.7,14,546.6,0
2017-09-01 12:22:00,3,52,24.5,66,17.1,1014.4,0,0.3,14,546.6,0
2017-09-01 12:25:00,3,52,24.4,66,17.1,1014.3,1.0,1.4,12,546.6,0
2017-09-01 12:28:00,3,52,24.4,66,17.1,1014.4,0,0.3,14,546.6,0
2017-09-01 12:31:00,3,52,24.4,66,17.1,1014.3,0.3,0.7,14,546.6,0
2017-09-01 12:34:00,3,52,24.4,65,17.2,1014.2,0.3,0.7,14,546.6,0
2017-09-01 12:37:00,3,52,24.4,65,17.2,1014.2,0,0.3,14,546.6,0
2017-09-01 12:40:00,3,52,24.4,64,17.2,1014.3,0,0.7,0,546.6,0
2017-09-01 12:43:00,3,52,24.4,65,17.2,1014.2,0,0.3,0,546.6,0
2017-09-01 12:46:00,3,52,24.4,64,17.2,1014.1,0.3,0.3,14,546.6,0
2017-09-01 12:49:00,3,51,24.4,64,17.2,1014.1,0,0.3,14,546.6,0
2017-09-01 12:52:00,3,51,24.3,64,17.2,1014.1,0.3,0.7,12,546.6,0
2017-09-01 12:55:00,3,51,24.3,65,17.2,1014.1,0,0.3,12,546.6,0
2017-09-01 12:58:00,3,51,24.3,65,17.2,1014.1,0,0.3,14,546.6,0
2017-09-01 13:01:00,3,51,24.2,65,17.1,1014.1,0,0.3,0,546.6,0
2017-09-01 13:04:00,3,51,24.2,66,17.2,1014.1,0,0,0,546.6,0
2017-09-01 13:07:00,3,51,24.2,66,17.1,1014.1,0,0,14,546.6,0
2017-09-01 13:10:00,3,51,24.2,66,17.1,1014.1,0,0.3,0,546.6,0
2017-09-01 13:13:00,3,51,24.2,66,17.1,1013.9,0.7,1.0,14,546.6,0
2017-09-01 13:16:00,3,51,24.2,67,17.1,1014.0,0,0.3,0,546.6,0
2017-09-01 13:19:00,3,51,24.2,67,17.1,1013.9,0,0,0,546.6,0
2017-09-01 13:22:00,3,51,24.2,67,17.1,1013.8,0.3,0.7,14,546.6,0
2017-09-01 13:25:00,3,51,24.2,66,17.0,1014.0,0,0.3,0,546.6,0
2017-09-01 13:28:00,3,51,24.2,67,17.0,1013.7,0,0.3,0,546.6,0
2017-09-01 13:31:00,3,51,24.2,67,17.0,1013.7,0,0.3,0,546.6,0
2017-09-01 13:34:00,3,51,24.2,68,17.0,1013.7,0,0.3,13,546.6,0
2017-09-01 13:37:00,3,51,24.1,67,17.0,1013.8,0.7,1.0,14,546.6,0
2017-09-01 13:40:00,3,51,24.1,68,17.0,1013.8,0.3,0.7,0,546.6,0
2017-09-01 13:43:00,3,51,24.1,68,17.1,1013.8,0,0.3,0,546.6,0
2017-09-01 13:46:00,3,51,24.1,69,17.1,1013.7,0,0.3,14,546.6,0
2017-09-01 13:49:00,3,51,24.1,70,17.1,1013.7,0,0.3,0,546.6,0
2017-09-01 13:52:00,3,51,24.1,70,17.1,1013.6,0,0,0,546.6,0
2017-09-01 13:55:00,3,51,24.1,70,17.2,1013.6,0,0,0,546.6,0
2017-09-01 13:58:00,3,51,24.1,70,17.2,1013.5,0,0,14,546.6,0
2017-09-01 14:01:00,3,51,24.1,70,17.2,1013.7,0,0,0,546.6,0
2017-09-01 14:04:00,3,51,24.1,70,17.2,1013.6,0,0,0,546.6,0
2017-09-01 14:07:00,3,51,24.1,70,17.1,1013.5,0,0.3,0,546.6,0
2017-09-01 14:10:00,3,51,24.1,70,17.1,1013.5,0,0.3,14,546.6,0
2017-09-01 14:13:00,3,51,24.0,70,17.1,1013.6,0.7,1.0,14,546.6,0
2017-09-01 14:16:00,3,51,24.0,70,17.1,1013.5,0,0.3,14,546.6,0
2017-09-01 14:19:00,3,51,24.0,70,17.0,1013.5,0.3,0.7,12,546.6,0
2017-09-01 14:22:00,3,51,24.0,70,17.0,1013.5,0,0.3,12,546.6,0
2017-09-01 14:25:00,3,51,24.0,70,17.0,1013.4,0,0,14,546.6,0
2017-09-01 14:28:00,3,52,23.9,70,16.9,1013.4,0,0,14,546.6,0
2017-09-01 14:31:00,3,52,23.9,71,16.9,1013.4,0,0.3,14,546.6,0
2017-09-01 14:34:00,3,52,23.9,71,16.9,1013.4,0,0.3,14,546.6,0
2017-09-01 14:37:00,3,52,23.9,71,16.8,1013.3,0,0,14,546.6,0
2017-09-01 14:40:00,3,52,23.9,71,16.8,1013.3,0,0,14,546.6,0
2017-09-01 14:43:00,3,52,23.9,71,16.8,1013.3,0,0.7,14,546.6,0
2017-09-01 14:46:00,3,52,23.9,71,16.8,1013.4,0,0,14,546.6,0
2017-09-01 14:49:00,3,52,23.9,72,16.8,1013.3,0,0,14,546.6,0
2017-09-01 14:52:00,3,52,23.9,72,16.8,1013.4,0,0,14,546.6,0
2017-09-01 14:55:00,3,52,23.9,72,16.8,1013.4,0,0.3,12,546.6,0
2017-09-01 14:58:00,3,52,23.9,72,16.8,1013.5,0,0.3,12,546.6,0
2017-09-01 15:01:00,3,52,23.9,72,16.8,1013.5,0,0,12,546.6,0
2017-09-01 15:04:00,3,52,23.9,73,16.8,1013.4,0,0,12,546.6,0
2017-09-01 15:07:00,3,52,23.9,73,16.8,1013.4,0,0.3,12,546.6,0
2017-09-01 15:10:00,3,52,23.9,73,16.8,1013.6,0,0.3,12,546.6,0
2017-09-01 15:13:00,3,52,23.9,73,16.8,1013.5,0,0.3,12,546.6,0
2017-09-01 15:16:00,3,52,23.9,73,16.8,1013.7,0,0,12,546.6,0
2017-09-01 15:19:00,3,52,23.9,73,16.8,1013.7,0,0,12,546.6,0
2017-09-01 15:22:00,3,52,23.8,73,16.8,1013.7,0,0,12,546.6,0
2017-09-01 15:25:00,3,52,23.8,74,16.8,1013.5,0,0,0,546.6,0
2017-09-01 15:28:00,3,52,23.8,74,16.8,1013.6,0,0,0,546.6,0
2017-09-01 15:31:00,3,52,23.8,74,16.8,1013.5,0,0,0,546.6,0
2017-09-01 15:34:00,3,52,23.8,74,16.8,1013.4,0,0,0,546.6,0
2017-09-01 15:37:00,3,52,23.8,73,16.8,1013.4,0,0.3,12,546.6,0
2017-09-01 15:40:00,3,52,23.8,73,16.8,1013.5,0,0,12,546.6,0
2017-09-01 15:43:00,3,52,23.8,73,16.8,1013.5,0,0,12,546.6,0
2017-09-01 15:46:00,3,52,23.8,73,16.8,1013.4,0.3,0.7,12,546.6,0
2017-09-01 15:49:00,3,52,23.8,72,16.7,1013.3,0,0.3,12,546.6,0
2017-09-01 15:52:00,3,52,23.8,73,16.7,1013.3,0,0,12,546.6,0
2017-09-01 15:55:00,3,52,23.8,73,16.7,1013.2,0,0,12,546.6,0
2017-09-01 15:58:00,3,52,23.8,73,16.6,1013.2,0,0.3,12,546.6,0
2017-09-01 16:01:00,3,52,23.8,73,16.6,1013.3,0,0,12,546.6,0
2017-09-01 16:04:00,3,52,23.8,73,16.6,1013.2,0,0,12,546.6,0
2017-09-01 16:07:00,3,52,23.8,74,16.5,1013.1,0,0,14,546.6,0
2017-09-01 16:10:00,3,52,23.8,74,16.4,1013.1,0,0.3,14,546.6,0
2017-09-01 16:13:00,3,52,23.8,74,16.4,1013.1,0,0,14,546.6,0
2017-09-01 16:16:00,3,52,23.8,74,16.3,1013.1,0,0,14,546.6,0
2017-09-01 16:19:00,3,52,23.8,75,16.3,1013.1,0,0,14,546.6,0
2017-09-01 16:22:00,3,52,23.8,75,16.3,1013.1,0,0.3,14,546.6,0
2017-09-01 16:25:00,3,52,23.8,75,16.3,1013.1,0,0,14,546.6,0
2017-09-01 16:28:00,3,52,23.8,75,16.3,1013.0,0,0,14,546.6,0
2017-09-01 16:31:00,3,52,23.7,75,16.3,1013.0,0,0,14,546.6,0
2017-09-01 16:34:00,3,52,23.7,75,16.2,1013.1,0,0,14,546.6,0
2017-09-01 16:37:00,3,52,23.7,76,16.2,1013.1,0,0,14,546.6,0
2017-09-01 16:40:00,3,52,23.7,76,16.2,1013.1,0,0,14,546.6,0
2017-09-01 16:43:00,3,52,23.7,76,16.2,1013.1,0,0,14,546.6,0
2017-09-01 16:46:00,3,52,23.7,76,16.2,1013.1,0,0,14,546.6,0
2017-09-01 16:49:00,3,52,23.7,76,16.2,1013.0,0,0,14,546.6,0
2017-09-01 16:52:00,3,52,23.7,76,16.1,1013.1,0,0,14,546.6,0
2017-09-01 16:55:00,3,52,23.7,76,16.1,1012.9,0,0,14,546.6,0
2017-09-01 16:58:00,3,52,23.7,76,16.1,1013.0,0,0,14,546.6,0
2017-09-01 17:01:00,3,52,23.7,76,16.0,1012.9,0,0,14,546.6,0
2017-09-01 17:04:00,3,52,23.7,76,16.0,1012.9,0,0,14,546.6,0
2017-09-01 17:07:00,3,52,23.7,76,16.0,1013.0,0,0,14,546.6,0
2017-09-01 17:10:00,3,52,23.7,77,15.9,1012.9,0,0,0,546.6,0
2017-09-01 17:13:00,3,52,23.7,78,15.9,1013.0,0,0,0,546.6,0
2017-09-01 17:16:00,3,52,23.7,79,15.9,1013.0,0,0,0,546.6,0
2017-09-01 17:19:00,3,53,23.7,79,15.9,1013.0,0,0,0,546.6,0
2017-09-01 17:22:00,3,53,23.7,79,15.8,1013.1,0,0,0,546.6,0
2017-09-01 17:25:00,3,53,23.7,80,15.8,1013.1,0,0.3,12,546.6,0
2017-09-01 17:28:00,3,53,23.7,80,15.8,1013.0,0,0,12,546.6,0
2017-09-01 17:31:00,3,53,23.6,80,15.7,1013.1,0,0,12,546.6,0
2017-09-01 17:34:00,3,53,23.6,80,15.6,1013.2,0,0,12,546.6,0
2017-09-01 17:37:00,3,53,23.6,80,15.6,1013.1,0,0,12,546.6,0
2017-09-01 17:40:00,3,53,23.6,80,15.5,1013.2,0,0,12,546.6,0
2017-09-01 17:43:00,3,53,23.6,80,15.5,1013.2,0,0,12,546.6,0
2017-09-01 17:46:00,3,53,23.6,81,15.4,1013.2,0,0,12,546.6,0
2017-09-01 17:49:00,3,53,23.6,81,15.3,1013.2,0,0,12,546.6,0
2017-09-01 17:52:00,3,53,23.6,81,15.3,1013.0,0,0,12,546.6,0
2017-09-01 17:55:00,3,53,23.5,81,15.2,1013.1,0,0,0,546.6,0
2017-09-01 17:58:00,3,53,23.5,82,15.2,1013.2,0,0,0,546.6,0
2017-09-01 18:01:00,3,53,23.5,82,15.2,1013.2,0,0,0,546.6,0
2017-09-01 18:04:00,3,53,23.5,82,15.2,1013.2,0,0,0,546.6,0
2017-09-01 18:07:00,3,53,23.4,82,15.2,1013.2,0,0,0,546.6,0
2017-09-01 18:10:00,3,53,23.4,82,15.0,1013.2,0,0,0,546.6,0
2017-09-01 18:13:00,3,53,23.4,82,14.9,1013.2,0,0,0,546.6,0
2017-09-01 18:16:00,3,53,23.4,82,14.9,1013.3,0,0,0,546.6,0
2017-09-01 18:19:00,3,53,23.5,82,14.9,1013.3,0,0,0,546.6,0
2017-09-01 18:22:00,3,53,23.4,82,14.8,1013.3,0,0,0,546.6,0
2017-09-01 18:25:00,3,53,23.4,82,14.8,1013.3,0,0,0,546.6,0
2017-09-01 18:28:00,3,53,23.4,82,14.7,1013.4,0,0,0,546.6,0
2017-09-01 18:31:00,3,53,23.5,82,14.7,1013.3,0,0,0,546.6,0
2017-09-01 18:34:00,3,53,23.5,82,14.7,1013.3,0,0,0,546.6,0
2017-09-01 18:37:00,3,53,23.4,82,14.6,1013.3,0,0,0,546.6,0
2017-09-01 18:40:00,3,53,23.4,82,14.6,1013.2,0,0,0,546.6,0
2017-09-01 18:43:00,3,53,23.5,82,14.6,1013.2,0,0,0,546.6,0
2017-09-01 18:46:00,3,53,23.4,83,14.5,1013.2,0,0,0,546.6,0
2017-09-01 18:49:00,3,53,23.5,83,14.5,1013.2,0,0,0,546.6,0
2017-09-01 18:52:00,3,53,23.4,83,14.5,1013.2,0,0,0,546.6,0
2017-09-01 18:55:00,3,53,23.4,83,14.4,1013.2,0,0,0,546.6,0
2017-09-01 18:58:00,3,53,23.4,83,14.4,1013.3,0,0,14,546.6,0
2017-09-01 19:01:00,3,53,23.3,83,14.4,1013.2,0,0.3,14,546.6,0
2017-09-01 19:04:00,3,53,23.3,82,14.4,1013.1,0,0,14,546.6,0
2017-09-01 19:07:00,3,53,23.3,82,14.4,1013.1,0,0,14,546.6,0
2017-09-01 19:10:00,3,53,23.3,82,14.4,1013.1,0,0,14,546.6,0
2017-09-01 19:13:00,3,53,23.3,82,14.3,1013.2,0,0,14,546.6,0
2017-09-01 19:16:00,3,53,23.3,82,14.3,1013.1,0,0,14,546.6,0
2017-09-01 19:19:00,3,53,23.3,83,14.2,1013.2,0,0,14,546.6,0
2017-09-01 19:22:00,3,53,23.3,83,14.2,1013.1,0,0,14,546.6,0
2017-09-01 19:25:00,3,53,23.3,83,14.2,1013.3,0,0,14,546.6,0
2017-09-01 19:28:00,3,53,23.3,83,14.2,1013.2,0,0,2,546.6,0
2017-09-01 19:31:00,3,53,23.3,83,14.2,1013.2,0,0,2,546.6,0
2017-09-01 19:34:00,3,53,23.3,83,14.2,1013.3,0,0,2,546.6,0
2017-09-01 19:37:00,3,53,23.3,84,14.2,1013.2,0,0,2,546.6,0
2017-09-01 19:40:00,3,53,23.3,84,14.2,1013.2,0,0,2,546.6,0
2017-09-01 19:43:00,3,53,23.2,84,14.2,1013.1,0,0,2,546.6,0
2017-09-01 19:46:00,3,53,23.2,84,14.2,1013.1,0,0.3,2,546.6,0
2017-09-01 19:49:00,3,53,23.2,84,14.2,1013.2,0,0,2,546.6,0
2017-09-01 19:52:00,3,53,23.2,84,14.2,1013.2,0,0,2,546.6,0
2017-09-01 19:55:00,3,53,23.2,84,14.1,1013.0,0,0,0,546.6,0
2017-09-01 19:58:00,3,53,23.2,84,14.2,1013.1,0,0,0,546.6,0
2017-09-01 20:01:00,3,53,23.2,85,14.2,1013.1,0,0.3,0,546.6,0
2017-09-01 20:04:00,3,53,23.1,85,14.2,1013.1,0,0.3,0,546.6,0
2017-09-01 20:07:00,3,53,23.1,85,14.2,1013.1,0,0,14,546.6,0
2017-09-01 20:10:00,3,53,23.1,85,14.2,1013.2,0,0.3,14,546.6,0
2017-09-01 20:13:00,3,53,23.1,85,14.2,1013.2,0,0,14,546.6,0
2017-09-01 20:16:00,3,53,23.1,84,14.2,1013.2,0,0,14,546.6,0
2017-09-01 20:19:00,3,53,23.1,84,14.2,1013.2,0,0,14,546.6,0
2017-09-01 20:22:00,3,53,23.1,84,14.2,1013.2,0,0,14,546.6,0
2017-09-01 20:25:00,3,53,23.1,84,14.2,1013.1,0,0,14,546.6,0
2017-09-01 20:28:00,3,53,23.1,84,14.2,1013.1,0,0,14,546.6,0
2017-09-01 20:31:00,3,53,23.1,84,14.2,1013.1,0,0,0,546.6,0
2017-09-01 20:34:00,3,53,23.1,84,14.2,1013.0,0,0,0,546.6,0
2017-09-01 20:37:00,3,53,23.1,85,14.2,1013.1,0,0,2,546.6,0
2017-09-01 20:40:00,3,53,23.1,85,14.1,1013.0,0,0,0,546.6,0
2017-09-01 20:43:00,3,53,23.1,85,14.1,1012.9,0,0,0,546.6,0
2017-09-01 20:46:00,3,53,23.1,85,14.1,1012.9,0,0,0,546.6,0
2017-09-01 20:49:00,3,53,23.1,85,14.1,1013.0,0,0,0,546.6,0
2017-09-01 20:52:00,3,53,23.1,86,14.1,1013.0,0,0,0,546.6,0
2017-09-01 20:55:00,3,53,23.1,86,14.1,1013.0,0,0,0,546.6,0
2017-09-01 20:58:00,3,53,23.1,86,14.1,1012.9,0,0,4,546.6,0
2017-09-01 21:01:00,3,53,23.1,86,14.0,1013.0,0,0,2,546.6,0
2017-09-01 21:04:00,3,53,23.0,86,14.0,1012.9,0,0,0,546.6,0
2017-09-01 21:07:00,3,53,23.0,87,14.0,1013.0,0,0,8,546.6,0
2017-09-01 21:10:00,3,53,23.0,87,14.0,1012.9,0,0,4,546.6,0
2017-09-01 21:13:00,3,53,23.0,87,14.0,1013.0,0,0,2,546.6,0
2017-09-01 21:16:00,3,53,23.0,87,14.0,1013.0,0,0,12,546.6,0
2017-09-01 21:19:00,3,53,23.0,87,13.9,1013.1,0,0,12,546.6,0
2017-09-01 21:22:00,3,53,23.0,87,13.9,1013.0,0,0,0,546.6,0
2017-09-01 21:25:00,3,53,23.0,87,13.9,1012.9,0,0,0,546.6,0
2017-09-01 21:28:00,3,53,23.0,87,13.9,1012.9,0,0,0,546.6,0
2017-09-01 21:31:00,3,53,23.0,87,13.9,1013.0,0,0,12,546.6,0
2017-09-01 21:34:00,3,53,23.0,87,13.9,1013.1,0,0,12,546.6,0
2017-09-01 21:37:00,3,53,23.0,87,13.9,1012.9,0,0,0,546.6,0
2017-09-01 21:40:00,3,53,23.0,88,13.9,1013.0,0,0,0,546.6,0
2017-09-01 21:43:00,3,53,23.0,88,13.9,1012.9,0,0,0,546.6,0
2017-09-01 21:46:00,3,53,23.0,88,13.8,1013.0,0,0,0,546.6,0
2017-09-01 21:49:00,3,53,23.0,88,13.8,1012.7,0,0,12,546.6,0
2017-09-01 21:52:00,3,53,23.0,88,13.8,1012.9,0,0,12,546.6,0
2017-09-01 21:55:00,3,53,23.0,88,13.8,1012.8,0,0,12,546.6,0
2017-09-01 21:58:00,3,53,23.0,88,13.8,1012.7,0,0,2,546.6,0
