2017-09-08 00:01:00,3,55,20.4,81,13.0,1005.0,0.7,1.0,10,552.3,0
2017-09-08 00:04:00,3,55,20.4,81,13.0,1005.0,0.7,1.0,10,552.3,0
2017-09-08 00:07:00,3,55,20.4,81,12.8,1005.0,0.3,1.0,10,552.3,0
2017-09-08 00:10:00,3,55,20.4,81,12.8,1005.0,0.3,0.7,14,552.3,0
2017-09-08 00:13:00,3,55,20.4,81,12.7,1005.0,0.7,1.4,8,552.3,0
2017-09-08 00:16:00,3,55,20.4,81,12.7,1004.9,0.3,0.7,12,552.3,0
2017-09-08 00:19:00,3,55,20.4,81,12.7,1004.8,0.3,0.7,8,552.3,0
2017-09-08 00:22:00,3,55,20.4,82,12.6,1004.9,0.3,0.3,10,552.3,0
2017-09-08 00:25:00,3,55,20.4,82,12.5,1004.8,0,0,10,552.3,0
2017-09-08 00:28:00,3,55,20.4,82,12.5,1004.8,0,0,8,552.3,0
2017-09-08 00:31:00,3,55,20.4,85,12.4,1004.8,0,0.3,8,552.3,0
2017-09-08 00:34:00,3,55,20.4,86,12.3,1004.8,0,0.3,10,552.3,0
2017-09-08 00:37:00,3,55,20.4,86,12.3,1004.8,0,0.3,10,552.3,0
2017-09-08 00:40:00,3,55,20.4,87,12.3,1004.8,0.3,1.0,12,552.3,0
2017-09-08 00:43:00,3,55,20.3,87,12.2,1004.9,0,0,6,552.3,0
2017-09-08 00:46:00,3,55,20.3,87,12.2,1004.8,0,0.3,10,552.3,0
2017-09-08 00:49:00,3,55,20.3,87,12.2,1004.7,0.3,0.7,10,552.3,0
2017-09-08 00:52:00,3,55,20.3,88,12.1,1004.7,0.7,1.0,10,552.3,0
2017-09-08 00:55:00,3,55,20.3,88,12.1,1004.7,0.3,0.7,8,552.3,0
2017-09-08 00:58:00,3,55,20.3,88,12.1,1004.6,0.7,1.0,6,552.3,0
2017-09-08 01:01:00,3,55,20.3,88,12.1,1004.6,0,0.3,0,552.3,0
2017-09-08 01:04:00,3,55,20.3,88,12.0,1004.7,0,0.3,12,552.3,0
2017-09-08 01:07:00,3,55,20.3,88,12.0,1004.5,0,0.3,13,552.3,0
2017-09-08 01:10:00,3,55,20.3,88,12.0,1004.5,0.3,0.7,10,552.3,0
2017-09-08 01:13:00,3,55,20.3,88,12.0,1004.4,0.3,0.7,6,552.3,0
2017-09-08 01:16:00,3,55,20.3,88,12.0,1004.3,0.7,1.0,4,552.3,0
2017-09-08 01:19:00,3,55,20.3,88,12.0,1004.4,0,0.3,8,552.3,0
2017-09-08 01:22:00,3,55,20.3,88,11.9,1004.4,0,0.3,10,552.3,0
2017-09-08 01:25:00,3,55,20.3,88,11.9,1004.3,0.3,0.7,10,552.3,0
2017-09-08 01:28:00,3,55,20.3,89,11.9,1004.3,0,0,12,552.3,0
2017-09-08 01:31:00,3,55,20.3,89,11.8,1004.3,0,0,12,552.3,0
2017-09-08 01:34:00,3,55,20.3,88,11.7,1004.2,0,0,4,552.3,0
2017-09-08 01:37:00,3,55,20.2,88,11.6,1004.2,0,0,4,552.3,0
2017-09-08 01:40:00,3,55,20.2,88,11.5,1004.2,0,0,4,552.3,0
2017-09-08 01:43:00,3,55,20.2,89,11.4,1004.1,0,0,4,552.3,0
2017-09-08 01:46:00,3,55,20.2,89,11.3,1004.2,0,0,4,552.3,0
2017-09-08 01:49:00,3,55,20.2,89,11.2,1004.2,0,0,4,552.3,0
2017-09-08 01:52:00,3,55,20.2,89,11.1,1004.0,0,0,4,552.3,0
2017-09-08 01:55:00,3,55,20.2,89,11.0,1004.1,0,0,4,552.3,0
2017-09-08 01:58:00,3,55,20.2,89,11.0,1004.1,0,0,4,552.3,0
2017-09-08 02:01:00,3,55,20.2,89,10.9,1004.2,0,0,4,552.3,0
2017-09-08 02:04:00,3,55,20.2,89,10.9,1003.9,0,0,4,552.3,0
2017-09-08 02:07:00,3,55,20.2,89,10.9,1003.9,0,0,4,552.3,0
2017-09-08 02:10:00,3,55,20.1,90,10.8,1003.9,0,0,4,552.3,0
2017-09-08 02:13:00,3,55,20.1,90,10.8,1003.7,0,0,4,552.3,0
2017-09-08 02:16:00,3,55,20.1,90,10.8,1003.7,0,0,4,552.3,0
2017-09-08 02:19:00,3,55,20.1,91,10.8,1003.7,0,0,4,552.3,0
2017-09-08 02:22:00,3,55,20.1,91,10.8,1003.7,0,0,4,552.3,0
2017-09-08 02:25:00,3,55,20.1,91,10.8,1003.8,0,0,0,552.3,0
2017-09-08 02:28:00,3,55,20.1,92,10.9,1003.8,0,0,14,552.3,0
2017-09-08 02:31:00,3,55,20.1,92,11.0,1003.9,0,0,14,552.3,0
2017-09-08 02:34:00,3,55,20.1,92,11.1,1003.7,0,0,4,552.3,0
2017-09-08 02:37:00,3,55,20.1,92,11.1,1003.7,0,0,10,552.3,0
2017-09-08 02:40:00,3,55,20.1,92,11.2,1003.7,0.3,0.7,2,552.3,0
2017-09-08 02:43:00,3,55,20.1,93,11.3,1003.7,0,0.3,2,552.3,0
2017-09-08 02:46:00,3,55,20.1,93,11.4,1003.6,0,0,10,552.3,0
2017-09-08 02:49:00,3,55,20.1,93,11.4,1003.7,0,0.7,8,552.3,0
2017-09-08 02:52:00,3,55,20.1,93,11.5,1003.7,0.3,1.0,8,552.3,0
2017-09-08 02:55:00,3,55,20.1,93,11.6,1003.7,1.0,1.4,8,552.3,0
2017-09-08 02:58:00,3,55,20.1,92,11.7,1003.6,0.7,1.0,8,552.3,0
2017-09-08 03:01:00,3,55,20.1,92,11.8,1003.5,0.3,0.3,14,552.3,0
2017-09-08 03:04:00,3,55,20.0,92,11.8,1003.5,0.7,1.0,8,552.3,0
2017-09-08 03:07:00,3,55,20.1,92,11.9,1003.5,0,0.3,6,552.3,0
2017-09-08 03:10:00,3,55,20.1,91,11.9,1003.5,0.3,0.7,8,552.3,0
2017-09-08 03:13:00,3,55,20.1,91,12.0,1003.4,0,0.3,4,552.3,0
2017-09-08 03:16:00,3,55,20.0,91,12.0,1003.4,0.7,1.0,8,552.3,0
2017-09-08 03:19:00,3,55,20.0,91,12.1,1003.5,1.4,1.7,8,552.3,0
2017-09-08 03:22:00,3,55,20.0,90,12.1,1003.3,0,0.3,4,552.3,0
2017-09-08 03:25:00,3,55,20.0,90,12.2,1003.3,0,0.3,8,552.3,0
2017-09-08 03:28:00,3,55,20.0,90,12.2,1003.3,0,0.3,12,552.3,0
2017-09-08 03:31:00,3,55,20.0,90,12.2,1003.2,0.7,1.0,6,552.3,0
2017-09-08 03:34:00,3,55,20.0,90,12.3,1003.2,0.3,0.7,6,552.3,0
2017-09-08 03:37:00,3,55,20.0,90,12.3,1003.1,0,0.3,6,552.3,0
2017-09-08 03:40:00,3,55,20.0,90,12.3,1003.1,0.3,0.3,12,552.3,0
2017-09-08 03:43:00,3,55,20.0,89,12.4,1003.1,0.3,0.3,4,552.3,0
2017-09-08 03:46:00,3,55,20.0,89,12.4,1003.1,0.3,1.0,12,552.3,0
2017-09-08 03:49:00,3,55,20.0,89,12.4,1003.1,0.3,0.7,6,552.3,0
2017-09-08 03:52:00,3,55,20.0,89,12.4,1003.1,0,0.3,14,552.3,0
2017-09-08 03:55:00,3,55,20.0,89,12.4,1003.0,0,0.3,4,552.3,0
2017-09-08 03:58:00,3,55,20.0,88,12.4,1003.0,0,0.7,10,552.3,0
2017-09-08 04:01:00,3,55,20.0,88,12.4,1002.9,0,0,8,552.3,0
2017-09-08 04:04:00,3,55,20.0,88,12.4,1002.9,0,0,8,552.3,0
2017-09-08 04:07:00,3,55,20.0,84,12.5,1002.9,0.3,0.7,10,552.3,0
2017-09-08 04:10:00,3,56,19.8,84,12.5,1002.9,0.3,0.3,2,552.3,0
2017-09-08 04:13:00,3,56,19.9,83,12.6,1002.8,0,0.3,4,552.3,0
2017-09-08 04:16:00,3,56,19.9,83,12.6,1002.9,0,0.3,8,552.3,0
2017-09-08 04:19:00,3,56,19.8,83,12.6,1002.8,0.3,1.0,2,552.3,0
2017-09-08 04:22:00,3,56,19.8,83,12.6,1002.8,0.7,1.0,4,552.3,0
2017-09-08 04:25:00,3,56,19.8,83,12.6,1002.7,0,0.3,6,552.3,0
2017-09-08 04:28:00,3,56,19.8,83,12.6,1002.7,0.3,0.7,6,552.3,0
2017-09-08 04:31:00,3,56,19.8,83,12.6,1002.7,1.0,1.4,0,552.3,0
2017-09-08 04:34:00,3,56,19.8,82,12.6,1002.6,1.0,1.4,8,552.3,0
2017-09-08 04:37:00,3,56,19.8,82,12.6,1002.7,0.3,0.7,10,552.3,0
2017-09-08 04:40:00,3,56,19.8,82,12.7,1002.7,0.7,0.7,8,552.3,0
2017-09-08 04:43:00,3,56,19.8,82,12.7,1002.6,0.3,0.7,10,552.3,0
2017-09-08 04:46:00,3,56,19.8,82,12.7,1002.7,0,0.3,12,552.3,0
2017-09-08 04:49:00,3,56,19.8,82,12.7,1002.7,0.3,0.7,6,552.3,0
2017-09-08 04:52:00,3,57,19.9,82,12.7,1002.6,1.0,1.4,10,552.3,0
2017-09-08 04:55:00,3,56,20.0,82,12.7,1002.6,0.7,1.0,8,552.3,0
2017-09-08 04:58:00,3,55,20.1,82,12.7,1002.5,1.0,1.4,8,552.3,0
2017-09-08 05:01:00,3,55,20.2,82,12.7,1002.5,0.3,1.0,10,552.3,0
2017-09-08 05:04:00,3,55,20.3,82,12.8,1002.6,1.0,1.4,6,552.3,0
2017-09-08 05:07:00,3,55,20.3,82,12.8,1002.6,0.3,0.7,12,552.3,0
2017-09-08 05:10:00,3,55,20.4,82,12.8,1002.6,1.0,1.7,8,552.3,0
2017-09-08 05:13:00,3,54,20.5,82,12.8,1002.6,1.4,1.7,9,552.3,0
2017-09-08 05:16:00,3,54,20.5,82,12.8,1002.6,0.3,0.7,10,552.3,0
2017-09-08 05:19:00,3,54,20.6,82,12.8,1002.5,0.3,0.7,6,552.3,0
2017-09-08 05:22:00,3,54,20.6,82,12.9,1002.6,0.7,1.4,8,552.3,0
2017-09-08 05:25:00,3,54,20.7,82,12.9,1002.6,0.7,1.4,8,552.3,0
2017-09-08 05:28:00,3,54,20.7,82,12.9,1002.6,0.3,0.7,0,552.3,0
2017-09-08 05:31:00,3,54,20.9,82,12.9,1002.6,0.7,1.4,7,552.3,0
2017-09-08 05:34:00,3,54,20.9,82,12.9,1002.5,1.4,1.7,6,552.3,0
2017-09-08 05:37:00,3,53,20.9,82,12.9,1002.5,1.7,2.0,8,552.3,0
2017-09-08 05:40:00,3,52,21.0,82,12.9,1002.5,0.7,1.0,4,552.3,0
2017-09-08 05:43:00,3,52,21.0,82,13.0,1002.6,0.7,1.0,10,552.3,0
2017-09-08 05:46:00,3,53,21.1,82,13.0,1002.6,0.7,1.0,14,552.3,0
2017-09-08 05:49:00,3,53,21.1,82,13.0,1002.5,1.7,2.0,8,552.3,0
2017-09-08 05:52:00,3,52,21.2,82,13.0,1002.6,0.7,1.0,8,552.3,0
2017-09-08 05:55:00,3,52,21.2,82,13.0,1002.4,0.3,0.7,6,552.3,0
2017-09-08 05:58:00,3,52,21.3,82,13.1,1002.5,0,0.3,6,552.3,0
2017-09-08 06:01:00,3,52,21.3,82,13.1,1002.4,0,0.7,4,552.3,0
2017-09-08 06:04:00,3,52,21.4,82,13.1,1002.2,0,0.7,4,552.3,0
2017-09-08 06:07:00,3,52,21.4,82,13.1,1002.2,0,0.7,4,552.3,0
2017-09-08 06:10:00,3,52,21.5,82,13.1,1002.3,0.3,0.3,10,552.3,0
2017-09-08 06:13:00,3,52,21.5,82,13.1,1002.2,1.0,1.4,8,552.3,0
2017-09-08 06:16:00,3,52,21.6,82,13.2,1002.2,0.7,1.0,10,552.3,0
2017-09-08 06:19:00,3,51,21.6,82,13.2,1002.3,0.7,1.0,6,552.3,0
2017-09-08 06:22:00,3,51,21.6,82,13.3,1002.2,0.7,1.4,8,552.3,0
2017-09-08 06:25:00,3,51,21.5,81,13.4,1002.3,1.7,2.0,8,552.3,0
2017-09-08 06:28:00,3,52,21.4,81,13.4,1002.2,1.0,1.4,10,552.3,0
2017-09-08 06:31:00,3,52,21.3,81,13.4,1002.3,1.4,1.7,8,552.3,0
2017-09-08 06:34:00,3,52,21.3,81,13.5,1002.2,1.0,1.7,8,552.3,0
2017-09-08 06:37:00,3,52,21.2,81,13.5,1002.1,0.7,1.0,10,552.3,0
2017-09-08 06:40:00,3,52,21.2,81,13.5,1002.1,0,0.7,10,552.3,0
2017-09-08 06:43:00,3,52,21.2,81,13.5,1002.1,1.7,2.4,8,552.3,0
2017-09-08 06:46:00,3,52,21.1,81,13.6,1002.0,2.4,2.7,12,552.3,0
2017-09-08 06:49:00,3,52,21.1,80,13.6,1002.0,0.7,1.0,14,552.3,0
2017-09-08 06:52:00,3,52,21.0,80,13.6,1002.0,0.7,1.0,10,552.3,0
2017-09-08 06:55:00,3,52,21.0,80,13.7,1002.0,0.7,1.0,8,552.3,0
2017-09-08 06:58:00,3,52,21.0,80,13.7,1001.9,1.0,1.4,14,552.3,0
2017-09-08 07:01:00,3,53,20.9,80,13.7,1001.9,1.4,2.0,7,552.3,0
2017-09-08 07:04:00,3,53,20.9,80,13.7,1001.8,0.3,1.0,0,552.3,0
2017-09-08 07:07:00,3,53,20.9,80,13.8,1001.7,0.3,0.7,8,552.3,0
2017-09-08 07:10:00,3,53,20.9,80,13.8,1001.7,0,0.3,6,552.3,0
2017-09-08 07:13:00,3,53,20.8,80,13.9,1001.7,1.0,1.7,8,552.3,0
2017-09-08 07:16:00,3,53,20.8,80,13.9,1001.7,1.4,1.7,8,552.3,0
2017-09-08 07:19:00,3,53,20.7,80,14.0,1001.7,1.0,1.4,2,552.3,0
2017-09-08 07:22:00,3,53,20.7,80,14.1,1001.7,0.7,1.0,10,552.3,0
2017-09-08 07:25:00,3,54,20.7,79,14.3,1001.7,1.0,1.4,14,552.3,0
2017-09-08 07:28:00,3,54,20.7,79,14.4,1001.7,3.1,3.4,8,552.3,0
2017-09-08 07:31:00,3,54,20.6,77,14.5,1001.6,1.7,2.4,4,552.3,0
2017-09-08 07:34:00,3,54,20.6,77,14.7,1001.6,1.4,2.0,10,552.3,0
2017-09-08 07:37:00,3,54,20.6,77,14.8,1001.6,1.4,1.7,3,552.3,0
2017-09-08 07:40:00,3,54,20.6,76,14.9,1001.6,0.7,0.7,9,552.3,0
2017-09-08 07:43:00,3,54,20.6,75,15.0,1001.6,1.0,1.4,12,552.3,0
2017-09-08 07:46:00,3,54,20.6,75,15.1,1001.7,0.7,1.4,14,552.3,0
2017-09-08 07:49:00,3,54,20.5,74,15.2,1001.5,2.0,3.4,0,552.3,0
2017-09-08 07:52:00,3,54,20.5,74,15.2,1001.6,1.4,2.0,10,552.3,0
2017-09-08 07:55:00,3,54,20.5,74,15.3,1001.4,0.3,1.0,6,552.3,0
2017-09-08 07:58:00,3,54,20.5,74,15.4,1001.5,1.4,2.4,6,552.3,0
2017-09-08 08:01:00,3,54,20.5,74,15.5,1001.3,1.4,2.0,14,552.3,0
2017-09-08 08:04:00,3,54,20.5,74,15.5,1001.3,1.4,2.0,14,552.3,0
2017-09-08 08:07:00,3,54,20.5,73,15.6,1001.3,1.4,2.0,10,552.3,0
2017-09-08 08:10:00,3,54,20.5,73,15.6,1001.3,1.4,1.7,6,552.3,0
2017-09-08 08:13:00,3,54,20.5,73,15.6,1001.2,0.3,0.7,12,552.3,0
2017-09-08 08:16:00,3,54,20.4,73,15.6,1001.1,1.4,2.0,8,552.3,0
2017-09-08 08:19:00,3,54,20.4,73,15.6,1001.1,1.7,2.4,8,552.3,0
2017-09-08 08:22:00,3,54,20.4,73,15.6,1001.2,2.0,3.4,8,552.3,0
2017-09-08 08:25:00,3,54,20.4,73,15.6,1001.1,1.7,2.0,2,552.3,0
2017-09-08 08:28:00,3,54,20.4,73,15.6,1001.1,0.7,1.4,14,552.3,0
2017-09-08 08:31:00,3,54,20.4,73,15.6,1001.1,1.0,1.7,10,552.3,0
2017-09-08 08:34:00,3,54,20.4,73,15.6,1001.0,1.4,2.0,8,552.3,0
2017-09-08 08:37:00,3,54,20.3,74,15.6,1000.9,1.4,1.7,10,552.3,0
2017-09-08 08:40:00,3,54,20.3,73,15.7,1001.0,1.0,1.4,10,552.3,0
2017-09-08 08:43:00,3,54,20.3,73,15.7,1001.1,0.3,0.7,9,552.3,0
2017-09-08 08:46:00,3,54,20.3,73,15.6,1001.0,2.0,3.1,6,552.3,0
2017-09-08 08:49:00,3,54,20.3,74,15.6,1000.9,0.7,1.4,10,552.3,0
2017-09-08 08:52:00,3,54,20.3,74,15.6,1000.9,1.0,1.4,12,552.3,0
2017-09-08 08:55:00,3,54,20.3,74,15.6,1000.9,1.7,2.0,10,552.3,0
2017-09-08 08:58:00,3,54,20.3,74,15.6,1000.9,0.7,1.7,12,552.3,0
2017-09-08 09:01:00,3,54,20.3,74,15.6,1000.8,2.4,2.7,14,552.3,0
2017-09-08 09:04:00,3,54,20.3,74,15.7,1000.9,2.0,3.4,10,552.3,0
2017-09-08 09:07:00,3,54,20.2,74,15.7,1000.9,0.7,1.0,13,552.3,0
2017-09-08 09:10:00,3,54,20.2,75,15.8,1000.8,1.0,1.4,0,552.3,0
2017-09-08 09:13:00,3,54,20.2,75,15.8,1000.8,0.7,1.7,14,552.3,0
2017-09-08 09:16:00,3,54,20.2,74,15.8,1000.7,1.4,1.7,6,552.3,0
2017-09-08 09:19:00,3,54,20.2,74,15.8,1000.6,2.0,3.7,10,552.3,0
2017-09-08 09:22:00,3,54,20.2,74,15.9,1000.5,1.4,2.4,8,552.3,0
2017-09-08 09:25:00,3,54,20.2,74,15.9,1000.6,1.0,1.4,3,552.3,0
2017-09-08 09:28:00,3,54,20.2,73,16.0,1000.5,1.7,2.7,9,552.3,0
2017-09-08 09:31:00,3,54,20.2,73,16.1,1000.5,0.7,1.4,10,552.3,0
2017-09-08 09:34:00,3,54,20.1,73,16.2,1000.4,2.0,3.1,8,552.3,0
2017-09-08 09:37:00,3,55,20.2,72,16.3,1000.4,1.0,1.7,8,552.3,0
2017-09-08 09:40:00,3,55,20.2,73,16.5,1000.5,0.7,1.0,12,552.3,0
2017-09-08 09:43:00,3,55,20.2,71,16.5,1000.5,2.7,3.4,10,552.3,0
2017-09-08 09:46:00,3,55,20.2,71,16.6,1000.3,0.7,1.0,14,552.3,0
2017-09-08 09:49:00,3,55,20.2,72,16.7,1000.4,0.7,1.4,4,552.3,0
2017-09-08 09:52:00,3,55,20.2,71,16.7,1000.2,1.0,1.7,10,552.3,0
2017-09-08 09:55:00,3,56,20.2,71,16.7,1000.2,1.4,2.0,14,552.3,0
2017-09-08 09:58:00,3,56,20.3,71,16.7,1000.2,2.0,2.7,10,552.3,0
2017-09-08 10:01:00,3,56,20.3,70,16.6,1000.2,2.0,3.1,8,552.3,0
2017-09-08 10:04:00,3,56,20.3,70,16.6,1000.3,2.0,3.1,8,552.3,0
2017-09-08 10:07:00,3,56,20.3,71,16.6,1000.1,1.7,2.4,8,552.3,0
2017-09-08 10:10:00,3,56,20.3,71,16.6,1000.1,1.0,2.0,12,552.3,0
2017-09-08 10:13:00,3,56,20.3,71,16.5,1000.2,1.4,2.0,6,552.3,0
2017-09-08 10:16:00,3,56,20.3,71,16.5,1000.2,1.0,1.4,8,552.3,0
2017-09-08 10:19:00,3,56,20.3,71,16.5,1000.1,0.3,0.7,12,552.3,0
2017-09-08 10:22:00,3,56,20.4,71,16.5,1000.1,1.4,2.0,12,552.3,0
2017-09-08 10:25:00,3,56,20.4,71,16.5,1000.2,1.4,2.7,6,552.3,0
2017-09-08 10:28:00,3,57,20.4,71,16.4,1000.1,2.7,4.4,3,552.3,0
2017-09-08 10:31:00,3,57,20.4,71,16.4,1000.3,1.0,1.7,10,552.3,0
2017-09-08 10:34:00,3,57,20.4,72,16.4,1000.2,2.0,2.7,14,552.3,0
2017-09-08 10:37:00,3,57,20.4,72,16.4,1000.1,1.0,1.7,6,552.3,0
2017-09-08 10:40:00,3,57,20.4,72,16.5,1000.1,1.7,2.0,9,552.3,0
2017-09-08 10:43:00,3,57,20.4,72,16.5,1000.2,1.4,2.0,14,552.3,0
2017-09-08 10:46:00,3,57,20.4,73,16.5,1000.2,1.0,1.7,10,552.3,0
2017-09-08 10:49:00,3,57,20.4,73,16.6,1000.2,2.4,3.1,14,552.3,0
2017-09-08 10:52:00,3,57,20.4,73,16.6,1000.2,0.7,1.4,6,552.3,0
2017-09-08 10:55:00,3,57,20.4,73,16.7,1000.1,1.4,1.7,4,552.3,0
2017-09-08 10:58:00,3,57,20.4,72,16.8,1000.1,1.7,2.7,12,552.3,0
2017-09-08 11:01:00,3,57,20.4,72,16.9,1000.1,0.7,1.4,8,552.3,0
2017-09-08 11:04:00,3,57,20.5,72,16.9,1000.1,1.0,1.7,10,552.3,0
2017-09-08 11:07:00,3,57,20.5,72,17.0,1000.2,2.0,3.1,11,552.3,0
2017-09-08 11:10:00,3,57,20.5,72,17.0,1000.2,1.7,2.7,8,552.3,0
2017-09-08 11:13:00,3,57,20.5,72,17.0,1000.1,1.4,2.0,10,552.3,0
2017-09-08 11:16:00,3,57,20.5,72,17.0,1000.1,0.7,1.4,9,552.3,0
2017-09-08 11:19:00,3,57,20.5,71,17.0,1000.2,1.4,1.7,10,552.3,0
2017-09-08 11:22:00,3,57,20.5,71,17.1,1000.1,1.7,3.1,10,552.3,0
2017-09-08 11:25:00,3,57,20.5,71,17.1,1000.1,1.4,2.0,10,552.3,0
2017-09-08 11:28:00,3,57,20.5,72,17.2,1000.0,1.7,2.4,8,552.3,0
2017-09-08 11:31:00,3,57,20.5,71,17.2,1000.1,0.7,2.0,12,552.3,0
2017-09-08 11:34:00,3,57,20.5,71,17.2,1000.2,1.0,1.4,10,552.3,0
2017-09-08 11:37:00,3,57,20.5,70,17.3,1000.2,1.4,1.7,10,552.3,0
2017-09-08 11:40:00,3,58,20.5,70,17.3,1000.1,0.7,1.4,0,552.3,0
2017-09-08 11:43:00,3,58,20.5,70,17.4,1000.1,0.7,1.4,10,552.3,0
2017-09-08 11:46:00,3,58,20.5,66,17.5,1000.0,1.0,1.7,9,552.3,0
2017-09-08 11:49:00,3,58,20.5,66,17.5,1000.1,1.7,3.1,8,552.3,0
2017-09-08 11:52:00,3,58,20.5,65,17.5,1000.0,1.0,1.0,8,552.3,0
2017-09-08 11:55:00,3,58,20.5,66,17.5,1000.0,1.0,1.4,12,552.3,0
2017-09-08 11:58:00,3,58,20.6,65,17.6,1000.0,1.0,1.4,10,552.3,0
2017-09-08 12:01:00,3,58,20.6,66,17.6,1000.0,0.7,0.7,11,552.3,0
2017-09-08 12:04:00,3,58,20.6,66,17.6,999.9,0.7,0.7,11,552.3,0
2017-09-08 12:07:00,3,58,20.6,64,17.6,1000.0,1.7,2.4,14,552.3,0
2017-09-08 12:10:00,3,58,20.6,64,17.6,999.8,1.0,1.4,10,552.3,0
2017-09-08 12:13:00,3,58,20.6,64,17.5,999.8,1.7,2.7,0,552.3,0
2017-09-08 12:16:00,3,58,20.6,65,17.6,999.8,1.4,2.0,7,552.3,0
2017-09-08 12:19:00,3,59,20.6,63,17.5,999.8,2.4,4.4,8,552.3,0
2017-09-08 12:22:00,3,59,20.6,64,17.5,999.8,0.3,1.0,12,552.3,0
2017-09-08 12:25:00,3,59,20.6,63,17.5,999.6,2.7,3.7,12,552.3,0
2017-09-08 12:28:00,3,59,20.6,63,17.5,999.7,0.7,1.0,10,552.3,0
2017-09-08 12:31:00,3,58,20.6,63,17.5,999.7,0.7,1.0,14,552.3,0
2017-09-08 12:34:00,3,58,20.6,63,17.5,999.7,1.0,1.4,14,552.3,0
2017-09-08 12:37:00,3,58,20.6,64,17.5,999.7,1.4,2.0,6,552.3,0
2017-09-08 12:40:00,3,58,20.6,66,17.4,999.7,1.0,1.7,14,552.3,0
2017-09-08 12:43:00,3,58,20.6,68,17.3,999.6,1.0,1.4,10,552.3,0
2017-09-08 12:46:00,3,58,20.6,67,17.2,999.6,1.4,1.7,8,552.3,0
2017-09-08 12:49:00,3,59,20.7,68,17.1,999.7,1.7,2.4,10,552.3,0
2017-09-08 12:52:00,3,58,20.7,68,17.0,999.6,1.7,2.7,12,552.3,0
2017-09-08 12:55:00,3,58,20.7,69,17.0,999.6,2.4,3.1,14,552.3,0
2017-09-08 12:58:00,3,59,20.7,70,16.9,999.7,1.7,2.4,10,552.3,0
2017-09-08 13:01:00,3,59,20.7,70,16.8,999.6,1.4,2.4,12,552.3,0
2017-09-08 13:04:00,3,59,20.7,70,16.8,999.6,1.7,2.4,14,552.3,0
2017-09-08 13:07:00,3,59,20.7,71,16.7,999.5,1.0,1.4,8,552.3,0
2017-09-08 13:10:00,3,59,20.7,71,16.6,999.6,1.4,2.0,2,552.3,0
2017-09-08 13:13:00,3,59,20.7,71,16.5,999.5,2.0,3.1,10,552.3,0
2017-09-08 13:16:00,3,59,20.7,71,16.4,999.5,1.0,1.7,6,552.3,0
2017-09-08 13:19:00,3,59,20.7,72,16.3,999.4,1.4,2.0,11,552.3,0
2017-09-08 13:22:00,3,59,20.7,72,16.2,999.3,1.0,1.4,14,552.3,0
2017-09-08 13:25:00,3,59,20.7,72,16.1,999.3,1.0,1.4,12,552.3,0
2017-09-08 13:28:00,3,59,20.7,73,16.1,999.3,1.0,1.7,8,552.3,0
2017-09-08 13:31:00,3,59,20.7,73,16.0,999.5,1.0,2.0,6,552.3,0
2017-09-08 13:34:00,3,59,20.7,74,15.9,999.3,1.4,2.0,8,552.3,0
2017-09-08 13:37:00,3,59,20.7,75,15.9,999.3,0.3,0.7,12,552.3,0
2017-09-08 13:40:00,3,59,20.7,75,15.9,999.3,0.7,1.0,0,552.3,0
2017-09-08 13:43:00,3,59,20.7,75,15.8,999.3,0.7,1.4,15,552.3,0
2017-09-08 13:46:00,3,59,20.7,75,15.8,999.2,1.7,2.4,10,552.3,0
2017-09-08 13:49:00,3,59,20.7,76,15.8,999.2,1.4,2.0,10,552.6,0
2017-09-08 13:52:00,3,59,20.7,76,15.7,999.2,1.4,1.7,8,552.6,0
2017-09-08 13:55:00,3,59,20.7,77,15.7,999.1,1.4,2.0,7,552.6,0
2017-09-08 13:58:00,3,59,20.7,77,15.6,999.0,1.4,1.7,10,552.6,0
2017-09-08 14:01:00,3,59,20.8,77,15.6,999.0,0.3,0.7,4,552.6,0
2017-09-08 14:04:00,3,59,20.8,77,15.6,999.0,0.3,0.7,4,552.6,0
2017-09-08 14:07:00,3,59,20.8,77,15.6,998.9,1.0,1.7,12,552.6,0
2017-09-08 14:10:00,3,59,20.9,78,15.6,999.0,2.4,3.1,8,552.6,0
2017-09-08 14:13:00,3,59,20.9,77,15.6,999.0,1.0,1.7,8,552.6,0
2017-09-08 14:16:00,3,59,20.9,77,15.6,998.9,1.4,2.0,6,552.6,0
2017-09-08 14:19:00,3,59,20.9,77,15.7,999.0,1.0,1.4,10,552.6,0
2017-09-08 14:22:00,3,59,20.9,76,15.7,999.0,0.7,1.4,10,552.6,0
2017-09-08 14:25:00,3,59,20.9,76,15.7,998.9,0.3,1.0,0,552.6,0
2017-09-08 14:28:00,3,59,20.9,75,15.8,999.0,1.4,1.7,8,552.6,0
2017-09-08 14:31:00,3,59,20.9,75,15.8,998.8,0.7,1.0,4,552.6,0
2017-09-08 14:34:00,3,59,20.9,74,15.9,998.8,0.7,1.4,10,552.6,0
2017-09-08 14:37:00,3,59,20.9,74,15.9,998.9,1.7,2.4,8,552.6,0
2017-09-08 14:40:00,3,59,20.9,74,16.0,998.7,2.4,3.7,10,552.6,0
2017-09-08 14:43:00,3,59,20.9,73,16.0,998.8,1.7,2.4,12,552.6,0
2017-09-08 14:46:00,3,59,20.9,73,16.1,998.8,1.0,1.7,10,552.6,0
2017-09-08 14:49:00,3,59,20.9,73,16.1,998.8,1.0,1.7,12,552.6,0
2017-09-08 14:52:00,3,59,20.9,73,16.1,998.7,1.7,2.7,10,552.6,0
2017-09-08 14:55:00,3,59,20.9,72,16.2,998.8,2.4,3.1,8,552.6,0
2017-09-08 14:58:00,3,59,20.9,72,16.2,998.7,2.4,2.7,10,552.6,0
2017-09-08 15:01:00,3,59,20.9,73,16.2,998.8,1.0,1.7,8,552.6,0
2017-09-08 15:04:00,3,59,20.9,73,16.2,998.7,1.7,2.0,12,552.6,0
2017-09-08 15:07:00,3,59,20.9,73,16.3,998.7,1.0,1.4,12,552.6,0
2017-09-08 15:10:00,3,59,20.9,73,16.3,998.8,1.0,1.7,12,552.6,0
2017-09-08 15:13:00,3,59,20.9,72,16.4,998.7,2.7,3.7,8,552.6,0
2017-09-08 15:16:00,3,59,20.9,72,16.4,998.7,1.0,1.7,12,552.6,0
2017-09-08 15:19:00,3,59,20.9,72,16.5,998.7,0.7,1.4,12,552.6,0
2017-09-08 15:22:00,3,59,20.9,72,16.5,998.7,1.4,2.7,8,552.6,0
2017-09-08 15:25:00,3,59,20.9,72,16.4,998.7,2.4,3.7,8,552.6,0
2017-09-08 15:28:00,3,59,20.9,72,16.4,998.7,1.0,1.7,14,552.6,0
2017-09-08 15:31:00,3,59,20.9,72,16.4,998.7,0.3,0.7,8,552.6,0
2017-09-08 15:34:00,3,59,20.9,72,16.4,998.7,1.4,2.0,10,552.6,0
2017-09-08 15:37:00,3,59,20.9,72,16.3,998.8,1.4,2.0,10,552.6,0
2017-09-08 15:40:00,3,59,20.9,72,16.3,998.7,2.7,3.4,10,552.6,0
2017-09-08 15:43:00,3,59,20.9,72,16.3,998.6,1.0,2.0,8,552.6,0
2017-09-08 15:46:00,3,59,20.9,72,16.3,998.6,1.4,2.0,0,552.6,0
2017-09-08 15:49:00,3,59,20.9,72,16.2,998.8,1.7,2.0,12,552.6,0
2017-09-08 15:52:00,3,59,20.9,73,16.2,998.7,0.3,0.7,12,552.6,0
2017-09-08 15:55:00,3,59,20.9,73,16.1,998.7,1.7,2.4,14,552.6,0
2017-09-08 15:58:00,3,59,20.9,74,16.0,998.7,1.0,1.7,10,552.6,0
2017-09-08 16:01:00,3,59,20.9,74,16.0,998.7,1.4,1.7,8,552.6,0
2017-09-08 16:04:00,3,58,21.0,74,16.0,998.7,1.4,1.7,8,552.6,0
2017-09-08 16:07:00,3,58,21.0,74,16.0,998.7,1.4,1.7,8,552.6,0
2017-09-08 16:10:00,3,58,21.0,75,15.7,998.7,2.0,2.7,8,552.6,0
2017-09-08 16:13:00,3,58,21.0,76,15.6,998.6,0.7,1.0,10,552.6,0
2017-09-08 16:16:00,3,58,21.0,77,15.5,998.6,0.3,0.7,10,552.6,0
2017-09-08 16:19:00,3,58,21.0,77,15.4,998.6,0.7,1.0,14,552.9,0
2017-09-08 16:22:00,3,58,21.0,78,15.4,998.5,0.3,1.0,2,552.9,0
2017-09-08 16:25:00,3,58,21.0,79,15.3,998.5,2.0,2.7,6,552.9,0
2017-09-08 16:28:00,3,59,21.0,79,15.2,998.5,0.7,1.4,10,552.9,0
2017-09-08 16:31:00,3,59,21.0,80,15.2,998.6,1.0,1.4,8,552.9,0
2017-09-08 16:34:00,3,58,21.0,80,15.2,998.6,0.7,1.0,8,552.9,0
2017-09-08 16:37:00,3,59,21.0,80,15.1,998.5,0.7,1.0,2,552.9,0
2017-09-08 16:40:00,3,59,21.0,80,15.1,998.5,1.0,1.7,12,552.9,0
2017-09-08 16:43:00,3,59,21.0,80,15.1,998.6,1.0,1.4,6,552.9,0
2017-09-08 16:46:00,3,59,21.0,81,15.0,998.5,1.4,1.7,0,552.9,0
2017-09-08 16:49:00,3,59,21.0,81,15.0,998.6,1.0,1.4,8,552.9,0
2017-09-08 16:52:00,3,59,21.0,81,15.0,998.4,0.3,1.0,0,552.9,0
2017-09-08 16:55:00,3,59,21.0,81,14.9,998.5,0.7,1.0,12,552.9,0
2017-09-08 16:58:00,3,59,21.0,81,14.9,998.3,2.0,2.4,10,552.9,0
2017-09-08 17:01:00,3,59,21.0,81,14.9,998.3,2.4,2.7,2,552.9,0
2017-09-08 17:04:00,3,59,21.0,81,14.9,998.3,0,0,8,552.9,0
2017-09-08 17:07:00,3,59,21.0,82,14.9,998.3,0.7,1.4,8,552.9,0
2017-09-08 17:10:00,3,59,21.0,82,14.9,998.2,1.0,1.0,6,552.9,0
2017-09-08 17:13:00,3,59,21.0,82,14.8,998.2,0.7,1.4,6,552.9,0
2017-09-08 17:16:00,3,59,21.0,82,14.8,998.2,1.0,1.0,8,552.9,0
2017-09-08 17:19:00,3,59,21.0,82,14.8,998.2,0.7,1.0,2,552.9,0
2017-09-08 17:22:00,3,59,21.0,82,14.8,998.1,0.3,0.7,10,552.9,0
2017-09-08 17:25:00,3,59,21.0,82,14.8,998.2,1.4,1.7,7,552.9,0
2017-09-08 17:28:00,3,59,21.0,82,14.8,998.1,0.7,1.0,4,552.9,0
2017-09-08 17:31:00,3,59,21.1,82,14.9,998.1,1.0,1.4,8,552.9,0
2017-09-08 17:34:00,3,59,21.1,82,14.9,998.1,1.7,2.0,10,552.9,0
2017-09-08 17:37:00,3,59,21.1,82,14.9,998.1,1.4,2.0,10,552.9,0
2017-09-08 17:40:00,3,59,21.1,82,14.9,998.2,1.0,1.7,9,552.9,0
2017-09-08 17:43:00,3,59,21.0,82,14.9,998.1,0.7,1.0,6,552.9,0
2017-09-08 17:46:00,3,59,21.1,82,14.9,998.1,1.0,1.4,10,552.9,0
2017-09-08 17:49:00,3,59,21.1,82,14.9,998.2,1.0,2.0,9,552.9,0
2017-09-08 17:52:00,3,59,21.1,82,14.9,998.1,1.4,2.0,8,552.9,0
2017-09-08 17:55:00,3,59,21.0,81,14.9,998.2,1.7,2.4,8,552.9,0
2017-09-08 17:58:00,3,59,21.0,81,15.0,998.2,1.7,2.0,6,552.9,0
2017-09-08 18:01:00,3,59,21.0,81,15.0,998.1,1.4,2.0,2,552.9,0
2017-09-08 18:04:00,3,59,21.0,81,15.0,998.2,1.4,2.0,2,552.9,0
2017-09-08 18:07:00,3,59,21.1,81,15.0,998.1,1.7,2.4,8,552.9,0
2017-09-08 18:10:00,3,59,21.1,81,15.0,998.3,1.4,2.7,14,552.9,0
2017-09-08 18:13:00,3,59,21.1,80,15.0,998.3,1.4,2.0,12,552.9,0
2017-09-08 18:16:00,3,59,21.1,80,15.0,998.2,1.0,1.4,14,552.9,0
2017-09-08 18:19:00,3,59,21.1,80,15.0,998.2,1.7,2.4,8,552.9,0
2017-09-08 18:22:00,3,59,21.1,80,15.0,998.3,1.4,1.7,8,552.9,0
2017-09-08 18:25:00,3,59,21.2,80,15.0,998.3,1.0,1.7,10,552.9,0
2017-09-08 18:28:00,3,59,21.3,80,15.0,998.2,1.0,1.4,8,552.9,0
2017-09-08 18:31:00,3,59,21.4,80,15.0,998.3,0.7,1.4,8,552.9,0
2017-09-08 18:34:00,3,59,21.6,80,15.0,998.2,1.7,2.0,8,552.9,0
2017-09-08 18:37:00,3,58,21.7,80,15.0,998.2,0.7,1.0,8,552.9,0
2017-09-08 18:40:00,3,58,21.7,80,15.0,998.3,1.0,1.7,8,552.9,0
2017-09-08 18:43:00,3,58,21.8,81,14.9,998.3,1.0,1.7,8,552.9,0
2017-09-08 18:46:00,3,57,21.8,81,14.9,998.2,1.0,1.4,10,552.9,0
2017-09-08 18:49:00,3,57,21.7,81,14.8,998.2,1.0,1.7,8,552.9,0
2017-09-08 18:52:00,3,57,21.7,81,14.8,998.3,1.4,1.7,8,552.9,0
2017-09-08 18:55:00,3,57,21.7,81,14.8,998.2,0.7,1.0,8,552.9,0
2017-09-08 18:58:00,3,57,21.7,82,14.7,998.2,1.7,2.0,10,552.9,0
2017-09-08 19:01:00,3,57,21.7,82,14.6,998.2,0,1.0,6,552.9,0
2017-09-08 19:04:00,3,57,21.7,82,14.6,998.1,1.4,2.0,8,552.9,0
2017-09-08 19:07:00,3,57,21.7,83,14.5,998.1,0.7,1.0,10,552.9,0
2017-09-08 19:10:00,3,57,21.7,83,14.5,998.1,0.7,1.0,10,552.9,0
2017-09-08 19:13:00,3,57,21.7,84,14.5,998.1,0.7,1.4,10,552.9,0
2017-09-08 19:16:00,3,57,21.7,84,14.4,998.1,0.3,0.7,2,552.9,0
2017-09-08 19:19:00,3,57,21.7,84,14.4,998.1,0,0,12,552.9,0
2017-09-08 19:22:00,3,57,21.7,84,14.3,998.1,0.7,1.0,6,552.9,0
2017-09-08 19:25:00,3,57,21.7,85,14.3,998.0,1.0,1.4,8,552.9,0
2017-09-08 19:28:00,3,57,21.7,85,14.3,998.1,1.7,2.0,6,552.9,0
2017-09-08 19:31:00,3,57,21.7,85,14.3,998.1,0,0.3,8,552.9,0
2017-09-08 19:34:00,3,57,21.6,86,14.3,998.0,1.0,1.7,8,553.2,0
2017-09-08 19:37:00,3,57,21.6,86,14.3,997.9,0.3,0.7,8,553.2,0
2017-09-08 19:40:00,3,57,21.6,86,14.3,998.0,1.0,2.0,6,553.2,0
2017-09-08 19:43:00,3,57,21.6,86,14.3,997.9,0.7,1.0,8,553.2,0
2017-09-08 19:46:00,3,57,21.6,86,14.2,997.8,0.7,1.0,10,553.2,0
2017-09-08 19:49:00,3,57,21.6,86,14.2,997.8,0,0.3,2,553.2,0
2017-09-08 19:52:00,3,57,21.6,86,14.2,997.8,0.3,0.7,12,553.2,0
2017-09-08 19:55:00,3,57,21.6,86,14.2,997.8,1.4,2.0,8,553.2,0
2017-09-08 19:58:00,3,57,21.6,86,14.2,997.8,0.3,0.7,10,553.2,0
2017-09-08 20:01:00,3,57,21.5,86,14.2,997.7,1.4,2.0,10,553.2,0
2017-09-08 20:04:00,3,57,21.5,86,14.2,997.7,1.4,2.0,10,553.2,0
2017-09-08 20:07:00,3,57,21.5,86,14.2,997.6,1.0,1.4,8,553.2,0
2017-09-08 20:10:00,3,57,21.5,86,14.3,997.7,1.0,1.7,6,553.2,0
2017-09-08 20:13:00,3,57,21.5,85,14.4,997.7,0.3,0.7,2,553.2,0
2017-09-08 20:16:00,3,57,21.5,85,14.4,997.6,0.3,1.0,8,553.2,0
2017-09-08 20:19:00,3,57,21.5,84,14.4,997.6,1.0,1.7,8,553.2,0
2017-09-08 20:22:00,3,57,21.5,84,14.4,997.4,0,0.3,12,553.2,0
2017-09-08 20:25:00,3,57,21.5,84,14.4,997.4,1.4,1.7,2,553.2,0
2017-09-08 20:28:00,3,57,21.4,83,14.5,997.4,0.3,0.7,10,553.2,0
2017-09-08 20:31:00,3,58,21.4,83,14.5,997.4,1.0,1.4,8,553.2,0
2017-09-08 20:34:00,3,58,21.4,83,14.5,997.2,1.0,1.7,9,553.2,0
2017-09-08 20:37:00,3,58,21.4,83,14.5,997.3,1.7,2.0,8,553.2,0
2017-09-08 20:40:00,3,58,21.3,83,14.5,997.3,1.0,2.0,10,553.2,0
2017-09-08 20:43:00,3,58,21.3,83,14.5,997.3,0.7,1.4,8,553.2,0
2017-09-08 20:46:00,3,58,21.3,83,14.5,997.3,1.7,2.7,4,553.2,0
2017-09-08 20:49:00,3,58,21.3,83,14.5,997.3,1.0,1.7,10,553.2,0
2017-09-08 20:52:00,3,58,21.3,83,14.5,997.1,0.7,1.0,4,553.2,0
2017-09-08 20:55:00,3,58,21.3,83,14.5,997.2,0.7,1.7,8,553.2,0
2017-09-08 20:58:00,3,58,21.3,82,14.5,997.1,0.3,1.0,14,553.2,0
2017-09-08 21:01:00,3,58,21.3,82,14.6,997.2,1.0,1.7,7,553.2,0
2017-09-08 21:04:00,3,58,21.3,81,14.6,997.0,1.7,2.4,6,553.2,0
2017-09-08 21:07:00,3,58,21.3,81,14.7,997.1,1.4,2.0,10,553.2,0
2017-09-08 21:10:00,3,58,21.3,81,14.7,997.1,1.7,2.4,10,553.2,0
2017-09-08 21:13:00,3,58,21.3,81,14.7,997.1,1.4,1.7,8,553.2,0
2017-09-08 21:16:00,3,58,21.3,80,14.8,997.0,1.7,2.4,8,553.2,0
2017-09-08 21:19:00,3,58,21.3,80,14.8,997.1,1.0,1.7,10,553.2,0
2017-09-08 21:22:00,3,58,21.2,80,14.8,996.9,1.4,2.4,8,553.2,0
2017-09-08 21:25:00,3,58,21.3,80,14.8,996.9,0.3,1.0,4,553.2,0
2017-09-08 21:28:00,3,58,21.3,80,14.8,996.9,1.4,1.7,8,553.2,0
2017-09-08 21:31:00,3,58,21.2,80,14.8,996.8,0.3,0.7,6,553.2,0
2017-09-08 21:34:00,3,58,21.2,80,14.9,996.9,0.3,0.7,8,553.2,0
2017-09-08 21:37:00,3,58,21.2,80,14.8,996.7,0.7,1.0,14,553.2,0
2017-09-08 21:40:00,3,58,21.2,80,14.8,996.6,0.3,0.7,0,553.2,0
2017-09-08 21:43:00,3,58,21.2,80,14.8,996.7,0.7,1.4,4,553.2,0
2017-09-08 21:46:00,3,58,21.2,79,14.8,996.6,1.0,1.7,4,553.2,0
2017-09-08 21:49:00,3,58,21.2,79,14.9,996.6,1.0,1.4,8,553.2,0
2017-09-08 21:52:00,3,58,21.2,79,14.9,996.7,1.0,1.4,8,553.2,0
2017-09-08 21:55:00,3,58,21.2,78,15.0,996.7,1.4,1.7,8,553.2,0
2017-09-08 21:58:00,3,58,21.2,78,15.0,996.5,0.7,1.0,0,553.2,0
