2019-01-21 00:01:59,3,30,18.6,80,-2.8,1016.8,0,0,10,1124.4,0
2019-01-21 00:04:59,3,30,18.6,80,-2.8,1016.8,0.7,0.7,10,1124.4,0
2019-01-21 00:07:59,3,30,18.6,80,-2.7,1016.8,0.7,0.7,12,1124.4,0
2019-01-21 00:10:59,3,30,18.6,80,-2.7,1016.8,0.7,1.0,8,1124.4,0
2019-01-21 00:13:59,3,30,18.6,80,-2.7,1016.7,0,0,0,1124.4,0
2019-01-21 00:16:59,3,30,18.5,80,-2.8,1016.7,0.3,0.7,12,1124.4,0
2019-01-21 00:19:59,3,30,18.5,80,-2.8,1016.8,0,0,10,1124.4,0
2019-01-21 00:22:59,3,30,18.5,80,-2.8,1016.6,1.4,1.7,8,1124.4,0
2019-01-21 00:25:59,3,30,18.5,80,-2.8,1016.7,0,0.3,10,1124.4,0
2019-01-21 00:28:59,3,30,18.4,80,-2.8,1016.7,0.7,1.0,8,1124.4,0
2019-01-21 00:31:59,3,30,18.4,80,-2.8,1016.7,0.7,1.0,6,1124.4,0
2019-01-21 00:34:59,3,30,18.4,80,-2.8,1016.7,0.3,0.3,8,1124.4,0
2019-01-21 00:37:59,3,30,18.4,80,-2.8,1016.6,0.7,1.0,8,1124.4,0
2019-01-21 00:40:59,3,30,18.4,80,-2.9,1016.7,0,0,10,1124.4,0
2019-01-21 00:43:59,3,30,18.4,80,-2.9,1016.6,1.0,1.0,10,1124.4,0
2019-01-21 00:46:59,3,30,18.3,80,-2.9,1016.5,0.7,1.0,8,1124.4,0
2019-01-21 00:49:59,3,30,18.3,80,-3.0,1016.6,0,0.3,8,1124.4,0
2019-01-21 00:52:59,3,30,18.3,80,-3.0,1016.6,0.7,1.4,8,1124.4,0
2019-01-21 00:55:59,3,30,18.3,80,-3.0,1016.6,0.3,0.7,8,1124.4,0
2019-01-21 00:58:59,3,30,18.2,80,-3.0,1016.6,0.7,1.0,8,1124.4,0
2019-01-21 01:01:59,3,30,18.2,80,-3.0,1016.6,0.3,0.7,6,1124.4,0
2019-01-21 01:04:59,3,30,18.2,80,-3.0,1016.7,0.3,0.7,6,1124.4,0
2019-01-21 01:07:59,3,30,18.2,80,-3.0,1016.6,0.3,0.7,6,1124.4,0
2019-01-21 01:10:59,3,30,18.2,80,-3.0,1016.7,0.3,0.7,12,1124.4,0
2019-01-21 01:13:59,3,30,18.2,80,-3.1,1016.7,1.0,1.4,8,1124.4,0
2019-01-21 01:16:59,3,30,18.2,80,-3.1,1016.8,0.7,1.0,10,1124.4,0
2019-01-21 01:19:59,3,29,18.1,80,-3.1,1016.7,0,0,8,1124.4,0
2019-01-21 01:22:59,3,29,18.1,80,-3.1,1016.8,0.7,1.0,10,1124.4,0
2019-01-21 01:25:59,3,29,18.1,80,-3.2,1016.6,0.7,1.0,8,1124.4,0
2019-01-21 01:28:59,3,30,18.1,80,-3.2,1016.8,0,0.7,14,1124.4,0
2019-01-21 01:31:59,3,29,18.1,80,-3.2,1016.7,1.0,1.4,8,1124.4,0
2019-01-21 01:34:59,3,29,18.1,80,-3.2,1016.7,0.3,0.7,10,1124.4,0
2019-01-21 01:37:59,3,29,18.1,80,-3.2,1016.7,0.3,0.7,10,1124.4,0
2019-01-21 01:40:59,3,30,18.1,80,-3.2,1016.6,0,0.3,10,1124.4,0
2019-01-21 01:43:59,3,30,18.0,80,-3.2,1016.7,0.7,1.0,12,1124.4,0
2019-01-21 01:46:59,3,30,18.0,80,-3.2,1016.6,0,0,14,1124.4,0
2019-01-21 01:49:59,3,30,18.0,80,-3.2,1016.6,0.7,1.0,14,1124.4,0
2019-01-21 01:52:59,3,30,18.0,80,-3.2,1016.7,0,0.3,0,1124.4,0
2019-01-21 01:55:59,3,30,18.0,80,-3.2,1016.7,0.7,1.0,2,1124.4,0
2019-01-21 01:58:59,3,30,18.0,80,-3.3,1016.7,1.0,1.4,0,1124.4,0
2019-01-21 02:01:59,3,30,18.0,80,-3.3,1016.6,0.7,1.0,0,1124.4,0
2019-01-21 02:04:59,3,30,18.0,80,-3.2,1016.8,0.7,1.4,0,1124.4,0
2019-01-21 02:07:59,3,30,18.0,80,-3.3,1016.7,0.7,1.0,0,1124.4,0
2019-01-21 02:10:59,3,29,17.9,80,-3.3,1016.8,0.7,1.0,0,1124.4,0
2019-01-21 02:13:59,3,29,17.9,80,-3.3,1016.7,0,0,14,1124.4,0
2019-01-21 02:16:59,3,29,17.9,80,-3.3,1016.7,0.3,0.7,14,1124.4,0
2019-01-21 02:19:59,3,29,17.9,80,-3.2,1016.7,0,0,10,1124.4,0
2019-01-21 02:22:59,3,29,17.9,80,-3.2,1016.7,0,0.3,12,1124.4,0
2019-01-21 02:25:59,3,29,17.9,80,-3.2,1016.7,0.7,1.0,12,1124.4,0
2019-01-21 02:28:59,3,29,17.9,80,-3.2,1016.6,0.3,0.7,12,1124.4,0
2019-01-21 02:31:59,3,29,17.9,80,-3.2,1016.6,0,0,12,1124.4,0
2019-01-21 02:34:59,3,29,17.9,80,-3.2,1016.6,0.3,0.7,12,1124.4,0
2019-01-21 02:37:59,3,29,17.8,80,-3.2,1016.6,0,0,14,1124.4,0
2019-01-21 02:40:59,3,29,17.8,80,-3.2,1016.5,0.3,0.7,12,1124.4,0
2019-01-21 02:43:59,3,29,17.8,80,-3.2,1016.5,0.7,1.0,0,1124.4,0
2019-01-21 02:46:59,3,29,17.8,80,-3.2,1016.5,0,0.3,14,1124.4,0
2019-01-21 02:49:59,3,29,17.8,80,-3.2,1016.4,0.7,1.0,14,1124.4,0
2019-01-21 02:52:59,3,29,17.8,80,-3.2,1016.5,0.3,0.7,14,1124.4,0
2019-01-21 02:55:59,3,29,17.7,80,-3.2,1016.4,0,0,14,1124.4,0
2019-01-21 02:58:59,3,29,17.7,80,-3.2,1016.4,0,0.3,0,1124.4,0
2019-01-21 03:01:59,3,29,17.7,80,-3.2,1016.4,0,0,14,1124.4,0
2019-01-21 03:04:59,3,29,17.7,80,-3.2,1016.4,0,0,14,1124.4,0
2019-01-21 03:07:59,3,29,17.7,80,-3.2,1016.5,0,0,14,1124.4,0
2019-01-21 03:10:59,3,29,17.7,80,-3.1,1016.3,0,0,10,1124.4,0
2019-01-21 03:13:59,3,29,17.7,80,-3.1,1016.4,0,0,14,1124.4,0
2019-01-21 03:16:59,3,29,17.7,80,-3.1,1016.4,0,0.7,12,1124.4,0
2019-01-21 03:19:59,3,29,17.7,80,-3.1,1016.5,0,0.3,12,1124.4,0
2019-01-21 03:22:59,3,29,17.7,80,-3.1,1016.5,0.3,0.7,9,1124.4,0
2019-01-21 03:25:59,3,29,17.7,80,-3.1,1016.3,1.0,1.4,8,1124.4,0
2019-01-21 03:28:59,3,29,17.7,80,-3.1,1016.2,0.7,1.0,8,1124.4,0
2019-01-21 03:31:59,3,29,17.7,80,-3.1,1016.2,0.7,1.0,10,1124.4,0
2019-01-21 03:34:59,3,29,17.6,80,-3.1,1016.3,0.7,1.0,10,1124.4,0
2019-01-21 03:37:59,3,29,17.6,80,-3.1,1016.3,0.7,1.0,12,1124.4,0
2019-01-21 03:40:59,3,29,17.6,80,-3.2,1016.4,0.7,1.0,8,1124.4,0
2019-01-21 03:43:59,3,29,17.6,80,-3.2,1016.3,0.7,1.4,9,1124.4,0
2019-01-21 03:46:59,3,29,17.6,80,-3.3,1016.4,1.0,1.7,10,1124.4,0
2019-01-21 03:49:59,3,29,17.6,80,-3.3,1016.3,0.3,0.7,4,1124.4,0
2019-01-21 03:52:59,3,29,17.6,80,-3.4,1016.3,1.0,1.4,10,1124.4,0
2019-01-21 03:55:59,3,29,17.6,80,-3.5,1016.2,0.7,1.0,14,1124.4,0
2019-01-21 03:58:59,3,29,17.6,80,-3.5,1016.3,0.7,1.0,12,1124.4,0
2019-01-21 04:01:59,3,29,17.6,80,-3.5,1016.3,0.7,1.0,8,1124.4,0
2019-01-21 04:04:59,3,29,17.6,80,-3.5,1016.2,1.0,1.4,10,1124.4,0
2019-01-21 04:07:59,3,29,17.6,80,-3.5,1016.2,0,0,8,1124.4,0
2019-01-21 04:10:59,3,29,17.6,80,-3.5,1016.2,0.3,0.7,10,1124.4,0
2019-01-21 04:13:59,3,29,17.6,80,-3.4,1016.2,0,0.3,12,1124.4,0
2019-01-21 04:16:59,3,29,17.6,80,-3.4,1016.2,0,0,14,1124.4,0
2019-01-21 04:19:59,3,29,17.5,80,-3.4,1016.1,0.3,0.7,10,1124.4,0
2019-01-21 04:22:59,3,29,17.5,80,-3.4,1016.2,0,0.3,10,1124.4,0
2019-01-21 04:25:59,3,29,17.5,80,-3.3,1016.1,0,0.3,14,1124.4,0
2019-01-21 04:28:59,3,29,17.5,80,-3.3,1016.0,0,0.3,10,1124.4,0
2019-01-21 04:31:59,3,29,17.5,80,-3.3,1016.0,0.7,1.4,14,1124.4,0
2019-01-21 04:34:59,3,29,17.5,80,-3.3,1016.1,1.0,1.4,10,1124.4,0
2019-01-21 04:37:59,3,29,17.5,80,-3.3,1016.0,0.3,1.0,10,1124.4,0
2019-01-21 04:40:59,3,29,17.5,80,-3.2,1016.0,0.7,1.0,10,1124.4,0
2019-01-21 04:43:59,3,29,17.5,80,-3.3,1016.0,1.4,1.7,8,1124.4,0
2019-01-21 04:46:59,3,29,17.5,80,-3.3,1016.0,0.7,1.0,10,1124.4,0
2019-01-21 04:49:59,3,29,17.5,80,-3.3,1015.9,1.0,1.4,10,1124.4,0
2019-01-21 04:52:59,3,29,17.5,80,-3.3,1015.9,0.7,1.0,10,1124.4,0
2019-01-21 04:55:59,3,29,17.5,80,-3.3,1016.0,0.3,0.7,8,1124.4,0
2019-01-21 04:58:59,3,29,17.5,80,-3.3,1016.0,0.3,0.7,8,1124.4,0
2019-01-21 05:01:59,3,29,17.5,80,-3.2,1015.9,0.7,1.0,11,1124.4,0
2019-01-21 05:04:59,3,29,17.5,80,-3.2,1016.0,0.7,1.0,11,1124.4,0
2019-01-21 05:07:59,3,29,17.5,80,-3.2,1016.0,0.7,1.0,11,1124.4,0
2019-01-21 05:10:59,3,29,17.5,80,-3.3,1016.0,0.7,1.7,10,1124.4,0
2019-01-21 05:13:59,3,29,17.6,80,-3.3,1015.9,0.7,1.0,10,1124.4,0
2019-01-21 05:16:59,3,29,17.6,80,-3.3,1015.9,0,0.7,10,1124.4,0
2019-01-21 05:19:59,3,29,17.6,80,-3.3,1016.0,0.7,1.0,11,1124.4,0
2019-01-21 05:22:59,3,29,17.7,80,-3.3,1016.0,0.7,1.0,12,1124.4,0
2019-01-21 05:25:59,3,29,17.7,80,-3.3,1016.0,0.3,1.0,10,1124.4,0
2019-01-21 05:28:59,3,29,17.7,80,-3.3,1016.0,0.3,0.7,10,1124.4,0
2019-01-21 05:31:59,3,29,17.7,80,-3.3,1016.1,0.7,1.0,9,1124.4,0
2019-01-21 05:34:59,3,29,17.8,80,-3.3,1016.1,1.4,2.0,10,1124.4,0
2019-01-21 05:37:59,3,29,17.9,80,-3.4,1016.1,0.3,0.7,10,1124.4,0
2019-01-21 05:40:59,3,29,17.9,80,-3.5,1016.1,1.0,1.4,8,1124.4,0
2019-01-21 05:43:59,3,29,17.9,80,-3.5,1016.2,0.3,1.0,8,1124.4,0
2019-01-21 05:46:59,3,29,17.9,80,-3.6,1016.2,1.0,1.4,8,1124.4,0
2019-01-21 05:49:59,3,30,18.0,80,-3.6,1016.0,0.7,1.4,9,1124.4,0
2019-01-21 05:52:59,3,30,18.0,80,-3.6,1016.0,0,0.3,12,1124.4,0
2019-01-21 05:55:59,3,30,18.1,80,-3.6,1016.0,0.3,0.7,10,1124.4,0
2019-01-21 05:58:59,3,30,18.1,80,-3.6,1016.0,0.3,0.7,12,1124.4,0
2019-01-21 06:01:59,3,30,18.1,80,-3.6,1016.1,0.3,0.7,12,1124.4,0
2019-01-21 06:04:59,3,30,18.2,80,-3.6,1016.0,0.3,0.7,10,1124.4,0
2019-01-21 06:07:59,3,30,18.2,80,-3.6,1016.1,0.7,0.7,12,1124.4,0
2019-01-21 06:10:59,3,30,18.3,80,-3.6,1016.1,1.0,1.4,8,1124.4,0
2019-01-21 06:13:59,3,30,18.3,80,-3.6,1016.0,0.3,0.7,8,1124.4,0
2019-01-21 06:16:59,3,30,18.4,80,-3.6,1016.1,1.0,1.4,8,1124.4,0
2019-01-21 06:19:59,3,30,18.4,80,-3.5,1016.2,0.3,0.7,10,1124.4,0
2019-01-21 06:22:59,3,30,18.4,80,-3.5,1016.1,0.7,1.0,8,1124.4,0
2019-01-21 06:25:59,3,30,18.5,81,-3.5,1016.2,1.0,1.4,10,1124.4,0
2019-01-21 06:28:59,3,30,18.5,81,-3.5,1016.3,1.0,1.4,10,1124.4,0
2019-01-21 06:31:59,3,30,18.5,81,-3.5,1016.2,0.7,1.0,10,1124.4,0
2019-01-21 06:34:59,3,30,18.5,81,-3.5,1016.2,0.7,1.0,10,1124.4,0
2019-01-21 06:37:59,3,30,18.6,81,-3.4,1016.3,0.3,1.0,13,1124.4,0
2019-01-21 06:40:59,3,30,18.6,81,-3.4,1016.3,0.7,1.0,10,1124.4,0
2019-01-21 06:43:59,3,30,18.6,81,-3.4,1016.3,0.3,0.7,8,1124.4,0
2019-01-21 06:46:59,3,30,18.6,81,-3.4,1016.3,0,0,10,1124.4,0
2019-01-21 06:49:59,3,30,18.6,81,-3.4,1016.2,0.7,1.0,2,1124.4,0
2019-01-21 06:52:59,3,30,18.7,81,-3.3,1016.2,0.7,1.0,10,1124.4,0
2019-01-21 06:55:59,3,30,18.7,81,-3.3,1016.3,0.3,1.0,8,1124.4,0
2019-01-21 06:58:59,3,30,18.7,81,-3.3,1016.3,0,0.7,12,1124.4,0
2019-01-21 07:01:59,3,30,18.8,81,-3.3,1016.3,0,0,8,1124.4,0
2019-01-21 07:04:59,3,30,18.8,81,-3.3,1016.4,0,0,8,1124.4,0
2019-01-21 07:08:59,4,32,18.8,81,-3.2,1016.3,0.3,1.0,8,1124.4,0
2019-01-21 07:12:59,4,32,18.8,81,-3.2,1016.3,0.3,0.7,10,1124.4,0
2019-01-21 07:16:59,4,32,19.0,81,-3.2,1016.2,1.0,1.4,10,1124.4,0
2019-01-21 07:20:59,4,31,19.0,81,-3.2,1016.3,1.0,1.4,10,1124.4,0
2019-01-21 07:24:59,4,31,19.5,81,-3.2,1016.4,0,0.3,10,1124.4,0
2019-01-21 07:28:59,4,31,19.8,81,-3.2,1016.4,0.3,1.0,12,1124.4,0
2019-01-21 07:32:59,4,28,20.1,81,-3.2,1016.5,0.3,0.7,6,1124.4,0
2019-01-21 07:36:59,4,28,20.3,81,-3.3,1016.5,0.3,0.7,14,1124.4,0
2019-01-21 07:40:59,4,27,20.5,81,-3.2,1016.5,0.7,1.0,8,1124.4,0
2019-01-21 07:44:59,4,26,20.5,81,-3.2,1016.5,0.3,0.7,8,1124.4,0
2019-01-21 07:48:59,4,26,20.6,81,-3.2,1016.5,1.0,1.4,14,1124.4,0
2019-01-21 07:52:59,4,26,20.7,81,-3.1,1016.6,0.7,1.4,10,1124.4,0
2019-01-21 07:56:59,4,26,20.9,81,-3.1,1016.6,0.7,1.0,10,1124.4,0
2019-01-21 08:00:59,4,24,21.0,81,-3.1,1016.6,1.7,2.4,10,1124.4,0
2019-01-21 08:04:59,4,24,21.1,81,-3.2,1016.7,0.3,0.7,10,1124.4,0
2019-01-21 08:07:59,3,24,21.1,81,-3.2,1016.6,0.7,1.0,10,1124.4,0
2019-01-21 08:10:59,3,24,21.1,81,-3.2,1016.7,1.0,1.7,10,1124.4,0
2019-01-21 08:13:59,3,24,21.2,81,-3.2,1016.8,1.4,1.7,10,1124.4,0
2019-01-21 08:16:59,3,24,21.2,81,-3.2,1016.8,1.0,1.7,7,1124.4,0
2019-01-21 08:20:59,4,24,21.3,81,-3.3,1016.9,0,0.3,10,1124.4,0
2019-01-21 08:23:59,3,24,21.3,81,-3.3,1016.8,0.7,1.4,10,1124.4,0
2019-01-21 08:26:59,3,24,21.3,81,-3.3,1016.9,1.7,2.0,10,1124.4,0
2019-01-21 08:29:59,3,24,21.3,80,-3.3,1016.9,1.4,1.7,8,1124.4,0
2019-01-21 08:32:59,3,24,21.2,80,-3.3,1016.8,1.4,2.0,10,1124.4,0
2019-01-21 08:36:59,4,24,21.1,80,-3.3,1016.8,1.4,1.7,8,1124.4,0
2019-01-21 08:39:59,3,24,21.0,80,-3.3,1016.7,1.4,1.7,10,1124.4,0
2019-01-21 08:42:59,3,24,21.0,80,-3.3,1016.7,0.7,1.0,8,1124.4,0
2019-01-21 08:45:59,3,25,20.9,80,-3.3,1016.9,0.7,1.0,8,1124.4,0
2019-01-21 08:48:59,3,25,20.9,80,-3.3,1016.9,0.7,1.0,10,1124.4,0
2019-01-21 08:51:59,3,25,20.8,80,-3.2,1016.9,0.3,0.7,8,1124.4,0
2019-01-21 08:54:59,3,26,20.7,80,-3.2,1016.9,0.7,1.0,12,1124.4,0
2019-01-21 08:57:59,3,26,20.7,80,-3.2,1016.8,1.0,1.4,8,1124.4,0
2019-01-21 09:00:59,3,25,20.6,80,-3.2,1016.9,0.7,1.0,8,1124.4,0
2019-01-21 09:04:59,4,26,20.6,80,-3.2,1017.0,0.7,1.0,8,1124.4,0
2019-01-21 09:08:59,4,26,20.5,80,-3.0,1016.9,0.7,1.0,12,1124.4,0
2019-01-21 09:11:59,3,26,20.5,80,-3.0,1016.9,0.7,1.0,10,1124.4,0
2019-01-21 09:14:59,3,26,20.4,80,-3.0,1016.9,1.0,1.4,10,1124.4,0
2019-01-21 09:17:59,3,26,20.4,80,-3.0,1017.0,0.7,1.0,9,1124.4,0
2019-01-21 09:20:59,3,26,20.3,80,-3.0,1016.8,1.4,1.7,10,1124.4,0
2019-01-21 09:23:59,3,26,20.3,80,-3.1,1016.7,1.7,2.4,10,1124.4,0
2019-01-21 09:26:59,3,27,20.2,80,-3.1,1016.9,0.7,1.4,10,1124.4,0
2019-01-21 09:29:59,3,27,20.2,80,-3.0,1016.8,1.4,1.7,12,1124.4,0
2019-01-21 09:32:59,3,27,20.1,80,-3.0,1016.8,1.0,1.7,7,1124.4,0
2019-01-21 09:35:59,3,27,20.1,80,-3.0,1016.7,2.0,2.4,12,1124.4,0
2019-01-21 09:38:59,3,28,20.0,80,-3.0,1016.7,1.4,1.7,12,1124.4,0
2019-01-21 09:41:59,3,28,20.0,80,-3.0,1016.7,1.4,1.7,10,1124.4,0
2019-01-21 09:44:59,3,28,20.0,80,-2.9,1016.8,0.3,0.7,10,1124.4,0
2019-01-21 09:47:59,3,28,20.0,80,-2.9,1016.7,1.0,1.7,4,1124.4,0
2019-01-21 09:50:59,3,29,19.8,80,-2.8,1016.7,1.0,1.7,12,1124.4,0
2019-01-21 09:53:59,3,29,19.8,80,-2.8,1016.5,1.7,2.0,10,1124.4,0
2019-01-21 09:56:59,3,29,19.8,80,-2.8,1016.6,0.7,1.0,10,1124.4,0
2019-01-21 09:59:59,3,29,19.7,80,-2.7,1016.6,1.0,1.4,9,1124.4,0
2019-01-21 10:02:59,3,29,19.7,80,-2.6,1016.7,0.7,1.0,10,1124.4,0
2019-01-21 10:05:59,3,29,19.7,80,-2.6,1016.6,0.7,1.0,8,1124.4,0
2019-01-21 10:08:59,3,29,19.7,80,-2.6,1016.6,1.4,1.7,8,1124.4,0
2019-01-21 10:11:59,3,29,19.6,79,-2.6,1016.5,0.3,0.7,6,1124.4,0
2019-01-21 10:14:59,3,29,19.6,79,-2.6,1016.5,1.7,2.4,10,1124.4,0
2019-01-21 10:17:59,3,30,19.6,79,-2.6,1016.4,1.7,2.4,10,1124.4,0
2019-01-21 10:20:59,3,30,19.6,79,-2.6,1016.3,1.7,2.0,10,1124.4,0
2019-01-21 10:23:59,3,29,19.5,79,-2.6,1016.3,1.4,2.0,10,1124.4,0
2019-01-21 10:26:59,3,29,19.5,79,-2.6,1016.2,1.7,2.4,8,1124.4,0
2019-01-21 10:29:59,3,29,19.5,78,-2.6,1016.0,0.7,1.0,8,1124.4,0
2019-01-21 10:32:59,3,29,19.4,78,-2.5,1016.0,0.7,1.4,10,1124.4,0
2019-01-21 10:35:59,3,30,19.4,78,-2.4,1016.0,2.4,3.1,8,1124.4,0
2019-01-21 10:38:59,3,30,19.3,78,-2.5,1015.9,1.4,1.7,2,1124.4,0
2019-01-21 10:41:59,3,30,19.3,78,-2.4,1015.9,0.3,0.7,9,1124.4,0
2019-01-21 10:44:59,3,30,19.3,78,-2.3,1015.8,2.0,3.1,8,1124.4,0
2019-01-21 10:47:59,3,30,19.3,78,-2.3,1015.9,1.0,1.4,10,1124.4,0
2019-01-21 10:50:59,3,30,19.2,77,-2.3,1015.7,1.0,1.0,8,1124.4,0
2019-01-21 10:53:59,3,30,19.2,77,-2.3,1015.7,0.7,1.0,12,1124.4,0
2019-01-21 10:56:59,3,30,19.2,77,-2.2,1015.7,1.0,1.4,8,1124.4,0
2019-01-21 10:59:59,3,30,19.2,77,-2.2,1015.7,1.0,1.7,10,1124.4,0
2019-01-21 11:02:59,3,30,19.2,77,-2.2,1015.6,1.0,1.7,10,1124.4,0
2019-01-21 11:05:59,3,29,19.1,77,-2.2,1015.6,1.0,1.7,10,1124.4,0
2019-01-21 11:08:59,3,29,19.1,76,-2.0,1015.5,1.0,1.4,8,1124.4,0
2019-01-21 11:11:59,3,29,19.1,76,-2.0,1015.4,0.3,1.0,10,1124.4,0
2019-01-21 11:14:59,3,29,19.0,75,-1.9,1015.5,1.0,1.4,8,1124.4,0
2019-01-21 11:17:59,3,29,19.0,75,-1.8,1015.4,1.4,2.0,8,1124.4,0
2019-01-21 11:20:59,3,29,19.0,75,-1.7,1015.4,1.0,1.7,10,1124.4,0
2019-01-21 11:23:59,3,29,19.0,75,-1.7,1015.4,1.0,1.7,10,1124.4,0
2019-01-21 11:26:59,3,30,18.9,74,-1.6,1015.3,1.4,2.0,10,1124.4,0
2019-01-21 11:29:59,3,30,18.9,74,-1.5,1015.3,2.0,2.4,8,1124.4,0
2019-01-21 11:32:59,3,30,18.9,74,-1.4,1015.2,2.0,3.1,8,1124.4,0
2019-01-21 11:35:59,3,30,18.9,73,-1.5,1015.1,2.0,2.7,8,1124.4,0
2019-01-21 11:38:59,3,31,18.9,72,-1.5,1015.1,1.4,1.7,10,1124.4,0
2019-01-21 11:41:59,3,31,18.8,72,-1.4,1015.0,2.0,2.7,10,1124.4,0
2019-01-21 11:44:59,3,31,18.8,72,-1.2,1015.1,0.7,1.0,10,1124.4,0
2019-01-21 11:47:59,3,31,18.8,72,-1.0,1015.1,1.4,1.7,10,1124.4,0
2019-01-21 11:50:59,3,31,18.8,72,-0.7,1015.2,0.7,1.0,10,1124.4,0
2019-01-21 11:53:59,3,31,18.7,71,-0.4,1015.1,1.4,2.0,8,1124.4,0
2019-01-21 11:56:59,3,32,18.7,70,-0.4,1015.1,1.0,1.4,10,1124.4,0
2019-01-21 11:59:59,3,32,18.7,70,-0.3,1015.0,0.7,1.0,10,1124.4,0
2019-01-21 12:02:59,3,32,18.7,69,0,1015.1,1.0,1.4,8,1124.4,0
2019-01-21 12:05:59,3,32,18.6,68,0.1,1015.1,1.7,2.4,10,1124.4,0
2019-01-21 12:08:59,3,32,18.6,66,0.1,1015.0,1.0,1.7,9,1124.4,0
2019-01-21 12:11:59,3,32,18.6,66,0.1,1015.1,0.7,1.4,10,1124.4,0
2019-01-21 12:14:59,3,32,18.6,65,0.1,1015.1,0.7,1.0,10,1124.4,0
2019-01-21 12:17:59,3,32,18.6,65,0.1,1015.1,0.7,1.4,12,1124.4,0
2019-01-21 12:20:59,3,32,18.5,65,0.1,1015.1,1.0,1.4,8,1124.4,0
2019-01-21 12:23:59,3,32,18.5,64,0,1015.0,1.0,2.0,8,1124.4,0
2019-01-21 12:26:59,3,32,18.5,64,0,1015.0,1.4,1.7,10,1124.4,0
2019-01-21 12:29:59,3,32,18.5,65,0.1,1015.0,0,0.7,10,1124.4,0
2019-01-21 12:32:59,3,32,18.5,65,0.3,1014.9,1.0,1.4,12,1124.4,0
2019-01-21 12:35:59,3,32,18.5,65,0.5,1014.8,0.3,0.7,10,1124.4,0
2019-01-21 12:38:59,3,32,18.6,64,0.5,1014.8,0.3,0.7,10,1124.4,0
2019-01-21 12:41:59,3,32,18.6,64,0.7,1014.8,1.0,1.4,10,1124.4,0
2019-01-21 12:44:59,3,32,18.6,63,0.6,1014.8,1.0,1.4,6,1124.4,0
2019-01-21 12:47:59,3,32,18.6,63,0.5,1014.6,0.7,1.4,10,1124.4,0
2019-01-21 12:50:59,3,33,18.6,63,0.5,1014.4,2.0,2.7,8,1124.4,0
2019-01-21 12:53:59,3,33,18.7,63,0.2,1014.4,1.4,2.0,12,1124.4,0
2019-01-21 12:56:59,3,33,18.8,63,0.1,1014.4,1.7,2.4,8,1124.4,0
2019-01-21 12:59:59,3,33,18.8,64,0,1014.3,1.7,2.0,12,1124.4,0
2019-01-21 13:02:59,3,33,18.8,64,0,1014.4,1.7,2.0,12,1124.4,0
2019-01-21 13:05:59,3,33,18.9,64,0,1014.3,1.7,2.0,12,1124.4,0
2019-01-21 13:08:59,3,33,18.9,65,0.1,1014.3,0.7,1.4,6,1124.4,0
2019-01-21 13:11:59,3,32,19.0,65,0.1,1014.2,1.0,1.4,8,1124.4,0
2019-01-21 13:14:59,3,32,19.0,65,0,1014.1,0.7,1.0,12,1124.4,0
2019-01-21 13:17:59,3,32,19.0,65,0,1014.2,2.0,3.1,6,1124.4,0
2019-01-21 13:20:59,3,32,19.1,64,0,1014.2,1.0,1.4,10,1124.4,0
2019-01-21 13:23:59,3,32,19.1,65,0.1,1014.2,1.0,1.4,10,1124.4,0
2019-01-21 13:26:59,3,32,19.1,65,0.2,1014.2,1.7,2.0,10,1124.4,0
2019-01-21 13:29:59,3,31,19.1,64,0.2,1014.2,0.7,1.0,8,1124.4,0
2019-01-21 13:32:59,3,31,19.2,64,0.3,1014.1,1.4,1.7,10,1124.4,0
2019-01-21 13:35:59,3,31,19.2,64,0.3,1014.1,1.4,1.7,8,1124.4,0
2019-01-21 13:38:59,3,31,19.2,64,0.4,1014.1,1.0,1.7,10,1124.4,0
2019-01-21 13:41:59,3,31,19.2,64,0.5,1014.0,1.4,2.4,9,1124.4,0
2019-01-21 13:44:59,3,31,19.2,63,0.6,1013.9,0.3,0.7,8,1124.4,0
2019-01-21 13:47:59,3,32,19.3,63,0.6,1014.0,1.7,2.4,10,1124.4,0
2019-01-21 13:50:59,3,32,19.3,63,0.5,1013.9,1.0,1.4,10,1124.4,0
2019-01-21 13:53:59,3,33,19.5,63,0.5,1013.8,0.7,1.4,6,1124.4,0
2019-01-21 13:56:59,3,33,19.5,63,0.5,1013.9,1.0,1.4,10,1124.4,0
2019-01-21 13:59:59,3,32,19.6,63,0.5,1013.9,1.4,1.7,10,1124.4,0
2019-01-21 14:02:59,3,32,19.7,62,0.5,1013.9,0.7,1.4,10,1124.4,0
2019-01-21 14:05:59,3,31,20.0,62,0.5,1013.8,1.7,2.7,8,1124.4,0
2019-01-21 14:08:59,3,30,20.3,62,0.4,1013.9,1.4,1.7,14,1124.4,0
2019-01-21 14:11:59,3,30,20.5,63,0.4,1013.8,1.4,2.0,10,1124.4,0
2019-01-21 14:14:59,3,30,20.6,63,0.4,1013.8,1.0,1.4,10,1124.4,0
2019-01-21 14:17:59,3,30,20.7,63,0.4,1013.7,1.4,1.7,8,1124.4,0
2019-01-21 14:20:59,3,30,20.9,63,0.4,1013.7,1.0,2.0,8,1124.4,0
2019-01-21 14:23:59,3,29,20.9,63,0.3,1013.6,1.4,2.0,8,1124.4,0
2019-01-21 14:26:59,3,27,21.0,63,0.3,1013.6,1.0,1.7,10,1124.4,0
2019-01-21 14:29:59,3,27,21.1,63,0.2,1013.6,1.7,2.4,8,1124.4,0
2019-01-21 14:32:59,3,27,21.1,63,0.1,1013.5,2.0,2.7,8,1124.4,0
2019-01-21 14:35:59,3,26,21.2,63,0.1,1013.5,2.4,2.7,10,1124.4,0
2019-01-21 14:38:59,3,26,21.2,63,0.1,1013.6,0.7,1.0,12,1124.4,0
2019-01-21 14:41:59,3,26,21.2,63,0.1,1013.6,0.3,0.7,10,1124.4,0
2019-01-21 14:44:59,3,26,21.3,64,0.1,1013.5,2.7,3.4,7,1124.4,0
2019-01-21 14:48:02,3,25,21.3,64,0,1013.7,1.4,2.0,8,1124.4,0
2019-01-21 14:51:02,3,25,21.3,64,0,1013.7,2.0,2.4,10,1124.4,0
2019-01-21 14:54:02,3,25,21.3,64,-0.1,1013.6,1.4,2.4,8,1124.4,0
2019-01-21 14:57:02,3,25,21.3,64,-0.2,1013.5,1.7,2.4,8,1124.4,0
2019-01-21 15:00:02,3,25,21.4,65,-0.2,1013.6,2.0,3.1,8,1124.4,0
2019-01-21 15:03:02,3,25,21.3,65,-0.2,1013.6,2.0,3.1,8,1124.4,0
2019-01-21 15:05:59,3,25,21.3,65,-0.2,1013.6,2.0,3.1,8,1124.4,0
2019-01-21 15:08:59,3,25,21.2,66,-0.3,1013.7,1.0,1.4,8,1124.4,0
2019-01-21 15:11:59,3,26,21.2,66,-0.4,1013.6,1.0,1.7,8,1124.4,0
2019-01-21 15:14:59,3,26,21.1,66,-0.4,1013.4,2.4,3.1,6,1124.4,0
2019-01-21 15:17:59,3,26,21.1,66,-0.5,1013.5,1.4,1.7,8,1124.4,0
2019-01-21 15:20:59,3,26,21.0,67,-0.6,1013.4,0.7,1.0,8,1124.4,0
2019-01-21 15:23:59,3,26,21.0,67,-0.6,1013.5,1.4,1.7,12,1124.4,0
2019-01-21 15:26:59,3,26,21.0,67,-0.7,1013.5,0.7,1.0,10,1124.4,0
2019-01-21 15:29:59,3,27,20.9,68,-0.7,1013.4,1.7,2.4,8,1124.4,0
2019-01-21 15:32:59,3,27,20.9,68,-0.8,1013.5,1.0,1.4,10,1124.4,0
2019-01-21 15:35:59,3,27,20.9,68,-0.8,1013.5,0.7,1.0,8,1124.4,0
2019-01-21 15:38:59,3,27,20.8,69,-0.8,1013.5,1.4,2.0,10,1124.4,0
2019-01-21 15:41:59,3,27,20.7,69,-0.9,1013.7,0.7,1.0,4,1124.4,0
2019-01-21 15:44:59,3,27,20.7,69,-0.9,1013.7,0.7,1.0,10,1124.4,0
2019-01-21 15:47:59,3,28,20.6,69,-1.0,1013.7,1.4,1.7,10,1124.4,0
2019-01-21 15:50:59,3,28,20.6,70,-1.0,1013.6,0.7,1.4,12,1124.4,0
2019-01-21 15:53:59,3,28,20.6,70,-1.0,1013.6,0.7,1.0,9,1124.4,0
2019-01-21 15:56:59,3,28,20.5,70,-1.1,1013.6,0.7,1.0,15,1124.4,0
2019-01-21 15:59:59,3,28,20.5,70,-1.1,1013.5,1.4,1.4,3,1124.4,0
2019-01-21 16:02:59,3,28,20.5,70,-1.2,1013.6,0.7,1.0,14,1124.4,0
2019-01-21 16:05:59,3,28,20.4,70,-1.2,1013.6,0.7,1.0,12,1124.4,0
2019-01-21 16:08:59,3,28,20.4,70,-1.2,1013.5,1.0,1.7,8,1124.4,0
2019-01-21 16:11:59,3,28,20.4,71,-1.2,1013.4,1.4,2.0,8,1124.4,0
2019-01-21 16:14:59,3,28,20.3,71,-1.3,1013.4,1.0,1.4,8,1124.4,0
2019-01-21 16:17:59,3,28,20.3,71,-1.3,1013.3,1.7,2.4,10,1124.4,0
2019-01-21 16:20:59,3,28,20.3,71,-1.3,1013.1,1.0,1.4,8,1124.4,0
2019-01-21 16:23:59,3,28,20.3,71,-1.3,1013.1,1.4,1.7,8,1124.4,0
2019-01-21 16:26:59,3,28,20.2,71,-1.4,1012.9,0.7,1.4,6,1124.4,0
2019-01-21 16:29:59,3,29,20.2,71,-1.4,1012.9,1.7,2.0,8,1124.4,0
2019-01-21 16:32:59,3,29,20.2,71,-1.4,1012.7,1.7,2.0,9,1124.4,0
2019-01-21 16:35:59,3,29,20.2,71,-1.4,1012.8,2.0,2.7,8,1124.4,0
2019-01-21 16:38:59,3,29,20.2,71,-1.5,1012.8,1.4,2.0,8,1124.4,0
2019-01-21 16:41:59,3,29,20.2,72,-1.5,1012.9,0.3,0.7,9,1124.4,0
2019-01-21 16:44:59,3,29,20.2,72,-1.5,1012.9,2.0,2.7,8,1124.4,0
2019-01-21 16:47:59,3,29,20.1,72,-1.5,1012.8,1.7,3.1,7,1124.4,0
2019-01-21 16:50:59,3,29,20.1,72,-1.6,1012.9,1.7,2.4,10,1124.4,0
2019-01-21 16:53:59,3,29,20.1,72,-1.6,1012.8,2.7,3.7,10,1124.4,0
2019-01-21 16:56:59,3,29,20.1,72,-1.7,1012.9,1.7,2.0,4,1124.4,0
2019-01-21 16:59:59,3,29,20.1,72,-1.7,1012.9,0.7,1.0,10,1124.4,0
2019-01-21 17:02:59,3,29,20.1,72,-1.7,1013.0,0.7,1.0,10,1124.4,0
2019-01-21 17:05:59,3,29,20.1,72,-1.7,1013.0,0.7,1.0,10,1124.4,0
2019-01-21 17:08:59,3,29,20.1,73,-1.9,1012.9,1.0,1.4,8,1124.4,0
2019-01-21 17:11:59,3,28,20.1,73,-1.9,1012.9,0.7,1.0,8,1124.4,0
2019-01-21 17:14:59,3,29,20.1,73,-2.0,1012.9,1.7,2.7,8,1124.4,0
2019-01-21 17:17:59,3,29,20.1,73,-2.0,1012.9,1.0,1.4,10,1124.4,0
2019-01-21 17:20:59,3,29,20.1,73,-2.1,1012.9,0.3,0.7,12,1124.4,0
2019-01-21 17:23:59,3,28,20.0,73,-2.1,1013.0,0.3,0.7,12,1124.4,0
2019-01-21 17:26:59,3,29,20.1,73,-2.2,1013.0,0,0.3,7,1124.4,0
2019-01-21 17:29:59,3,29,20.0,73,-2.2,1012.9,1.7,2.7,8,1124.4,0
2019-01-21 17:32:59,3,28,20.0,73,-2.3,1012.8,1.0,1.4,7,1124.4,0
2019-01-21 17:35:59,3,29,20.0,74,-2.3,1012.8,0.7,1.4,6,1124.4,0
2019-01-21 17:38:59,3,29,20.0,74,-2.3,1012.9,0.7,1.0,10,1124.4,0
2019-01-21 17:41:59,3,29,20.0,74,-2.3,1012.8,1.7,2.0,10,1124.4,0
2019-01-21 17:44:59,3,29,20.0,74,-2.4,1012.8,0.7,0.7,8,1124.4,0
2019-01-21 17:47:59,3,29,20.0,74,-2.4,1012.8,0.3,0.7,10,1124.4,0
2019-01-21 17:50:59,3,28,20.0,74,-2.4,1012.8,0.7,1.0,8,1124.4,0
2019-01-21 17:53:59,3,28,20.0,74,-2.5,1012.8,0.3,0.3,12,1124.4,0
2019-01-21 17:56:59,3,29,20.0,74,-2.5,1012.7,0.3,0.7,8,1124.4,0
2019-01-21 17:59:59,3,29,20.0,74,-2.5,1012.8,0,0,0,1124.4,0
2019-01-21 18:02:59,3,29,20.0,74,-2.5,1012.7,1.0,1.4,14,1124.4,0
2019-01-21 18:05:59,3,29,20.0,75,-2.6,1012.8,1.7,2.0,8,1124.4,0
2019-01-21 18:08:59,3,29,20.0,75,-2.5,1012.7,0.7,1.4,10,1124.4,0
2019-01-21 18:11:59,3,29,20.0,75,-2.5,1012.7,1.0,1.4,8,1124.4,0
2019-01-21 18:14:59,3,29,20.0,75,-2.5,1012.7,0.3,0.7,8,1124.4,0
2019-01-21 18:17:59,3,29,20.0,75,-2.5,1012.6,1.0,1.4,8,1124.4,0
2019-01-21 18:20:59,3,29,20.0,75,-2.6,1012.7,0,0,12,1124.4,0
2019-01-21 18:23:59,3,28,20.0,75,-2.6,1012.7,0.7,1.0,14,1124.4,0
2019-01-21 18:26:59,3,28,20.0,75,-2.6,1012.7,0.7,1.0,10,1124.4,0
2019-01-21 18:29:59,3,28,20.0,75,-2.6,1012.7,0,0.3,10,1124.4,0
2019-01-21 18:32:59,3,28,20.0,75,-2.7,1012.6,0.3,0.7,8,1124.4,0
2019-01-21 18:35:59,3,29,20.0,75,-2.7,1012.7,0.3,1.0,8,1124.4,0
2019-01-21 18:38:59,3,29,20.0,75,-2.7,1012.7,1.0,1.7,12,1124.4,0
2019-01-21 18:41:59,3,29,20.0,76,-2.7,1012.7,0.3,0.3,6,1124.4,0
2019-01-21 18:44:59,3,29,20.0,76,-2.7,1012.6,0.7,1.0,8,1124.4,0
2019-01-21 18:47:59,3,28,20.0,76,-2.8,1012.6,0,0.3,10,1124.4,0
2019-01-21 18:50:59,3,28,20.0,76,-2.8,1012.6,0.7,1.0,10,1124.4,0
2019-01-21 18:53:59,3,28,20.0,76,-2.8,1012.6,1.4,2.0,8,1124.4,0
2019-01-21 18:56:59,3,28,20.0,76,-2.8,1012.5,0.7,1.4,9,1124.4,0
2019-01-21 18:59:59,3,29,20.0,76,-2.9,1012.6,0.3,0.7,6,1124.4,0
2019-01-21 19:02:59,3,29,20.0,76,-2.9,1012.7,0.3,0.7,6,1124.4,0
2019-01-21 19:05:59,3,29,20.0,76,-2.9,1012.6,0.3,0.7,6,1124.4,0
2019-01-21 19:08:59,3,29,20.0,76,-2.9,1012.6,1.4,1.7,8,1124.4,0
2019-01-21 19:11:59,3,28,20.0,76,-2.9,1012.6,1.0,1.4,8,1124.4,0
2019-01-21 19:14:59,3,28,20.0,77,-2.8,1012.5,1.0,1.4,8,1124.4,0
2019-01-21 19:17:59,3,28,20.0,77,-2.8,1012.6,1.0,1.4,8,1124.4,0
2019-01-21 19:20:59,3,28,20.0,77,-2.8,1012.6,0.3,0.7,8,1124.4,0
2019-01-21 19:23:59,3,29,20.0,77,-2.8,1012.6,0.7,1.0,8,1124.4,0
2019-01-21 19:26:59,3,29,20.0,77,-2.8,1012.5,1.0,1.7,9,1124.4,0
2019-01-21 19:29:59,3,29,20.0,77,-2.8,1012.4,1.7,2.4,8,1124.4,0
2019-01-21 19:32:59,3,29,20.0,77,-2.8,1012.5,1.7,2.0,8,1124.4,0
2019-01-21 19:35:59,3,28,20.0,77,-2.8,1012.5,1.0,1.7,6,1124.4,0
2019-01-21 19:38:59,3,28,20.0,77,-2.8,1012.6,1.4,1.7,6,1124.4,0
2019-01-21 19:41:59,3,28,20.0,78,-2.8,1012.4,0.7,1.4,8,1124.4,0
2019-01-21 19:44:59,3,28,20.0,78,-2.8,1012.4,1.4,1.7,10,1124.4,0
2019-01-21 19:47:59,3,28,20.0,78,-2.8,1012.4,0.3,1.0,10,1124.4,0
2019-01-21 19:50:59,3,28,20.0,78,-2.8,1012.4,1.4,1.7,8,1124.4,0
2019-01-21 19:53:59,3,28,20.0,78,-2.8,1012.3,0.3,0.3,10,1124.4,0
2019-01-21 19:56:59,3,28,20.0,78,-2.8,1012.3,0.3,0.7,8,1124.4,0
2019-01-21 19:59:59,3,28,20.0,78,-2.8,1012.3,0.3,0.7,10,1124.4,0
2019-01-21 20:02:59,3,28,20.0,78,-2.8,1012.2,1.4,2.0,8,1124.4,0
2019-01-21 20:05:59,3,28,20.0,78,-2.8,1012.2,1.4,2.0,6,1124.4,0
2019-01-21 20:08:59,3,28,20.0,78,-2.8,1012.3,0.7,1.0,10,1124.4,0
2019-01-21 20:11:59,3,29,19.9,78,-2.8,1012.1,0.7,1.4,8,1124.4,0
2019-01-21 20:14:59,3,29,19.9,78,-2.8,1012.2,0.7,1.0,10,1124.4,0
2019-01-21 20:17:59,3,29,19.9,78,-2.8,1012.2,1.0,1.7,6,1124.4,0
2019-01-21 20:20:59,3,29,19.8,78,-2.8,1012.2,0.7,1.4,8,1124.4,0
2019-01-21 20:23:59,3,29,19.8,78,-2.8,1012.2,0,0.3,12,1124.4,0
2019-01-21 20:26:59,3,29,19.8,78,-2.8,1012.2,0.7,1.0,12,1124.4,0
2019-01-21 20:29:59,3,29,19.8,78,-2.8,1012.1,0.3,0.7,7,1124.4,0
2019-01-21 20:32:59,3,29,19.8,78,-2.8,1012.2,1.0,1.4,10,1124.4,0
2019-01-21 20:35:59,3,29,19.8,78,-2.8,1012.1,0.3,0.7,10,1124.4,0
2019-01-21 20:38:59,3,29,19.8,78,-2.8,1012.1,0,0.3,0,1124.4,0
2019-01-21 20:41:59,3,29,19.8,79,-2.7,1012.1,1.0,1.4,8,1124.4,0
2019-01-21 20:44:59,3,29,19.8,79,-2.7,1012.1,0.3,0.7,10,1124.4,0
2019-01-21 20:47:59,3,29,19.8,79,-2.7,1012.2,0,0.3,14,1124.4,0
2019-01-21 20:50:59,3,29,19.8,78,-2.7,1012.1,0,0,8,1124.4,0
2019-01-21 20:53:59,3,29,19.8,78,-2.6,1012.1,0.3,0.7,8,1124.4,0
2019-01-21 20:56:59,3,29,19.8,78,-2.6,1012.1,0.3,0.7,8,1124.4,0
2019-01-21 20:59:59,3,29,19.8,78,-2.6,1012.0,0.7,1.0,8,1124.4,0
2019-01-21 21:02:59,3,29,19.8,78,-2.6,1012.1,0.7,1.0,8,1124.4,0
2019-01-21 21:05:59,3,30,19.8,78,-2.6,1012.0,0.7,1.0,8,1124.4,0
2019-01-21 21:08:59,3,30,19.8,78,-2.6,1012.0,0.7,1.0,6,1124.4,0
2019-01-21 21:11:59,3,30,19.8,78,-2.6,1011.9,1.0,1.4,8,1124.4,0
2019-01-21 21:14:59,3,30,19.8,78,-2.6,1011.9,0.3,0.7,8,1124.4,0
2019-01-21 21:17:59,3,30,19.8,78,-2.6,1011.9,1.0,1.4,8,1124.4,0
2019-01-21 21:20:59,3,31,19.8,78,-2.6,1011.8,0.3,0.7,10,1124.4,0
2019-01-21 21:23:59,3,30,19.8,78,-2.6,1011.7,1.4,1.7,8,1124.4,0
2019-01-21 21:26:59,3,30,19.8,78,-2.6,1011.8,0.7,1.4,8,1124.4,0
2019-01-21 21:29:59,3,31,19.8,77,-2.6,1011.8,0.7,1.0,11,1124.4,0
2019-01-21 21:32:59,3,30,19.8,77,-2.6,1011.8,1.4,1.7,6,1124.4,0
2019-01-21 21:35:59,3,30,19.8,77,-2.7,1011.6,0.7,1.4,8,1124.4,0
2019-01-21 21:38:59,3,31,19.8,77,-2.7,1011.6,0.7,0.7,12,1124.4,0
2019-01-21 21:41:59,3,31,19.8,77,-2.7,1011.6,1.4,2.0,7,1124.4,0
2019-01-21 21:44:59,3,31,19.8,77,-2.7,1011.7,0.7,1.4,10,1124.4,0
2019-01-21 21:47:59,3,29,19.7,77,-2.7,1011.7,0.7,1.0,10,1124.4,0
2019-01-21 21:50:59,3,29,19.7,77,-2.8,1011.6,0.7,1.0,8,1124.4,0
2019-01-21 21:53:59,3,31,19.7,77,-2.8,1011.6,0.3,0.7,8,1124.4,0
2019-01-21 21:56:59,3,29,19.7,77,-2.8,1011.6,0.3,1.0,10,1124.4,0
2019-01-21 21:59:59,3,30,19.7,77,-2.8,1011.5,0.3,0.7,10,1124.4,0
2019-01-21 22:02:59,3,29,19.6,77,-2.8,1011.6,0.3,0.7,12,1124.4,0
2019-01-21 22:05:59,3,29,19.6,77,-2.8,1011.5,0.3,0.7,8,1124.4,0
2019-01-21 22:08:59,3,30,19.6,77,-2.8,1011.4,0.7,1.0,8,1124.4,0
2019-01-21 22:11:59,3,30,19.6,77,-2.8,1011.3,2.0,2.7,8,1124.4,0
2019-01-21 22:14:59,3,29,19.6,76,-2.8,1011.3,0,0.3,14,1124.4,0
2019-01-21 22:17:59,3,30,19.6,76,-2.8,1011.4,0,0.3,0,1124.4,0
2019-01-21 22:20:59,3,29,19.5,76,-2.9,1011.3,0,0.7,4,1124.4,0
2019-01-21 22:23:59,3,29,19.5,76,-2.9,1011.3,0.3,1.0,4,1124.4,0
2019-01-21 22:26:59,3,29,19.5,76,-3.0,1011.3,0,0.3,10,1124.4,0
2019-01-21 22:29:59,3,30,19.5,76,-3.1,1011.3,0,0.3,2,1124.4,0
2019-01-21 22:32:59,3,31,19.5,76,-3.2,1011.3,0,0,10,1124.4,0
2019-01-21 22:35:59,3,31,19.4,75,-3.2,1011.2,0,0,8,1124.4,0
2019-01-21 22:38:59,3,29,19.3,75,-3.3,1011.2,0,0,14,1124.4,0
2019-01-21 22:41:59,3,29,19.3,75,-3.4,1011.1,0,0.3,8,1124.4,0
2019-01-21 22:44:59,3,31,19.3,75,-3.5,1011.1,0.3,0.7,9,1124.4,0
2019-01-21 22:47:59,3,31,19.3,75,-3.5,1011.1,0,0,10,1124.4,0
2019-01-21 22:50:59,3,29,19.2,75,-3.6,1011.1,0.3,0.7,2,1124.4,0
2019-01-21 22:53:59,3,29,19.2,75,-3.6,1011.1,0.7,1.0,8,1124.4,0
2019-01-21 22:56:59,3,29,19.2,75,-3.6,1011.0,0,0,8,1124.4,0
2019-01-21 22:59:59,3,29,19.2,76,-3.6,1011.2,0,0,0,1124.4,0
