2019-01-27 00:01:00,3,31,19.2,90,4.0,991.5,1.0,1.4,10,1130.4,0
2019-01-27 00:04:00,3,31,19.2,90,4.0,991.5,0.7,1.0,8,1130.4,0
2019-01-27 00:07:00,3,31,19.2,90,4.0,991.5,0.7,1.0,12,1130.4,0
2019-01-27 00:10:00,3,31,19.2,90,3.9,991.6,0.3,0.7,10,1130.4,0
2019-01-27 00:13:00,3,30,19.2,90,3.9,991.5,0,0.3,10,1130.4,0
2019-01-27 00:16:00,3,31,19.2,90,3.9,991.5,1.0,1.7,8,1130.4,0
2019-01-27 00:19:00,3,30,19.1,90,3.9,991.4,0.3,0.7,11,1130.4,0
2019-01-27 00:22:00,3,30,19.1,90,3.9,991.4,0.7,1.4,12,1130.4,0
2019-01-27 00:25:00,3,30,19.1,90,3.8,991.3,0.3,1.0,10,1130.4,0
2019-01-27 00:28:00,3,30,19.1,90,3.8,991.3,0.7,0.7,8,1130.4,0
2019-01-27 00:31:00,3,30,19.1,90,3.8,991.2,1.7,2.4,8,1130.4,0
2019-01-27 00:34:00,3,30,19.0,90,3.8,991.1,1.0,1.7,10,1130.4,0
2019-01-27 00:37:00,3,31,19.0,90,3.8,991.2,1.4,1.7,8,1130.4,0
2019-01-27 00:40:00,3,31,19.0,90,3.8,991.0,0.3,1.0,10,1130.4,0
2019-01-27 00:43:00,3,31,19.0,90,3.8,990.9,0.7,2.0,6,1130.4,0
2019-01-27 00:46:00,3,31,19.0,90,3.8,990.9,0.3,1.0,8,1130.4,0
2019-01-27 00:49:00,3,31,19.0,90,3.8,990.8,1.0,1.4,8,1130.4,0
2019-01-27 00:52:00,3,31,19.0,90,3.8,990.9,1.0,1.4,8,1130.4,0
2019-01-27 00:55:00,3,31,18.9,90,3.8,990.8,1.0,1.7,8,1130.4,0
2019-01-27 00:58:00,3,31,18.9,90,3.8,990.8,0.7,1.4,8,1130.4,0
2019-01-27 01:01:00,3,31,18.9,90,3.8,990.7,1.4,2.0,8,1130.4,0
2019-01-27 01:04:00,3,31,18.9,90,3.8,990.8,1.4,2.0,8,1130.4,0
2019-01-27 01:07:00,3,31,18.8,90,3.7,990.7,0.3,1.0,8,1130.4,0
2019-01-27 01:10:00,3,32,18.9,90,3.7,990.6,0,0.3,8,1130.4,0
2019-01-27 01:13:00,3,32,18.8,90,3.7,990.6,1.4,1.7,8,1130.4,0
2019-01-27 01:16:00,3,32,18.8,90,3.6,990.6,2.4,3.1,12,1130.4,0
2019-01-27 01:19:00,3,32,18.8,90,3.6,990.6,0.7,1.0,6,1130.4,0
2019-01-27 01:22:00,3,32,18.8,90,3.6,990.6,1.7,2.4,8,1130.4,0
2019-01-27 01:25:00,3,32,18.8,90,3.6,990.4,0.7,1.7,8,1130.4,0
2019-01-27 01:28:00,3,32,18.8,90,3.6,990.3,2.0,3.1,10,1130.4,0
2019-01-27 01:31:00,3,32,18.7,90,3.6,990.3,1.4,2.0,6,1130.4,0
2019-01-27 01:34:00,3,32,18.7,90,3.6,990.3,0.7,1.0,4,1130.4,0
2019-01-27 01:37:00,3,32,18.7,90,3.6,990.2,0,0.7,6,1130.4,0
2019-01-27 01:40:00,3,32,18.6,90,3.5,990.2,0.7,1.0,10,1130.4,0
2019-01-27 01:43:00,3,32,18.6,90,3.5,990.0,0.3,0.7,8,1130.4,0
2019-01-27 01:46:00,3,32,18.6,90,3.5,990.1,0.3,0.7,8,1130.4,0
2019-01-27 01:49:00,3,32,18.6,90,3.5,990.1,1.4,2.7,8,1130.4,0
2019-01-27 01:52:00,3,32,18.6,90,3.5,990.0,0,0.7,4,1130.4,0
2019-01-27 01:55:00,3,32,18.6,90,3.5,989.9,0.7,1.4,8,1130.4,0
2019-01-27 01:58:00,3,32,18.5,90,3.5,989.9,0,0.3,8,1130.4,0
2019-01-27 02:01:00,3,32,18.5,90,3.4,989.9,0.7,1.0,8,1130.4,0
2019-01-27 02:04:00,3,32,18.5,90,3.4,989.8,0.7,0.7,8,1130.4,0
2019-01-27 02:07:00,3,32,18.5,90,3.4,989.8,0,0,8,1130.4,0
2019-01-27 02:10:00,3,32,18.5,90,3.5,989.6,1.4,2.0,8,1130.4,0
2019-01-27 02:13:00,3,32,18.5,90,3.5,989.5,0.7,1.7,8,1130.4,0
2019-01-27 02:16:00,3,32,18.5,90,3.5,989.5,0.3,0.7,14,1130.4,0
2019-01-27 02:19:00,3,32,18.4,90,3.5,989.4,1.4,2.0,6,1130.4,0
2019-01-27 02:22:00,3,32,18.4,90,3.6,989.4,0.7,1.0,8,1130.4,0
2019-01-27 02:25:00,3,32,18.4,90,3.6,989.3,0.3,1.0,12,1130.4,0
2019-01-27 02:28:00,3,32,18.4,90,3.6,989.2,1.0,1.7,10,1130.4,0
2019-01-27 02:31:00,3,32,18.4,89,3.6,989.1,0,0.3,10,1130.4,0
2019-01-27 02:34:00,3,32,18.4,89,3.6,989.0,2.0,3.1,10,1130.4,0
2019-01-27 02:37:00,3,32,18.4,89,3.6,989.0,0,0.3,10,1130.4,0
2019-01-27 02:40:00,3,32,18.4,89,3.6,988.9,1.0,1.7,8,1130.4,0
2019-01-27 02:43:00,3,32,18.4,89,3.6,988.9,1.0,1.4,10,1130.4,0
2019-01-27 02:46:00,3,32,18.4,89,3.6,988.8,0.7,1.4,8,1130.4,0
2019-01-27 02:49:00,3,32,18.3,89,3.6,988.7,0.3,0.7,10,1130.4,0
2019-01-27 02:52:00,3,32,18.3,89,3.6,988.6,0.7,1.0,8,1130.4,0
2019-01-27 02:55:00,3,32,18.3,88,3.6,988.6,0,0.7,12,1130.4,0
2019-01-27 02:58:00,3,32,18.3,88,3.6,988.5,1.0,1.4,8,1130.4,0
2019-01-27 03:01:00,3,32,18.3,88,3.6,988.4,0.3,0.7,10,1130.4,0
2019-01-27 03:04:00,3,32,18.3,88,3.6,988.4,0.3,0.7,10,1130.4,0
2019-01-27 03:07:00,3,32,18.3,88,3.6,988.4,0.3,0.7,10,1130.4,0
2019-01-27 03:10:00,3,32,18.3,88,3.5,988.3,0.7,1.4,10,1130.4,0
2019-01-27 03:13:00,3,32,18.3,88,3.5,988.3,1.4,2.0,7,1130.4,0
2019-01-27 03:16:00,3,32,18.3,88,3.5,988.3,0,0.3,8,1130.4,0
2019-01-27 03:19:00,3,32,18.3,88,3.4,988.2,0.7,1.4,6,1130.4,0
2019-01-27 03:22:00,3,32,18.2,88,3.4,988.2,0.7,1.0,8,1130.4,0
2019-01-27 03:25:00,3,32,18.2,88,3.4,988.2,1.0,1.4,5,1130.4,0
2019-01-27 03:28:00,3,32,18.2,87,3.4,988.2,1.4,2.0,8,1130.4,0
2019-01-27 03:31:00,3,32,18.2,87,3.4,988.1,0.3,1.0,12,1130.4,0
2019-01-27 03:34:00,3,32,18.2,87,3.4,988.0,0.3,1.0,8,1130.4,0
2019-01-27 03:37:00,3,32,18.2,87,3.4,988.0,1.7,2.0,0,1130.4,0
2019-01-27 03:40:00,3,32,18.1,87,3.4,987.9,0.3,1.0,8,1130.4,0
2019-01-27 03:43:00,3,32,18.1,87,3.4,987.8,0.3,0.7,6,1130.4,0
2019-01-27 03:46:00,3,32,18.1,87,3.4,987.8,0.3,0.7,8,1130.4,0
2019-01-27 03:49:00,3,32,18.1,87,3.4,987.8,0.7,1.0,8,1130.4,0
2019-01-27 03:52:00,3,32,18.1,87,3.4,987.6,0.7,1.4,2,1130.4,0
2019-01-27 03:55:00,3,32,18.1,87,3.3,987.6,0,0.3,8,1130.4,0
2019-01-27 03:58:00,3,32,18.1,87,3.3,987.6,0.7,1.0,8,1130.4,0
2019-01-27 04:01:00,3,32,18.1,87,3.3,987.5,1.4,1.7,6,1130.4,0
2019-01-27 04:04:00,3,32,18.1,87,3.3,987.5,0,0,0,1130.4,0
2019-01-27 04:07:00,3,32,18.1,87,3.3,987.5,0.3,0.7,8,1130.4,0
2019-01-27 04:10:00,3,32,18.1,87,3.3,987.4,0.7,1.0,10,1130.4,0
2019-01-27 04:13:00,3,32,18.1,87,3.3,987.4,0.7,1.0,2,1130.4,0
2019-01-27 04:16:00,3,32,18.1,87,3.3,987.3,0.3,0.7,6,1130.4,0
2019-01-27 04:19:00,3,32,18.1,87,3.3,987.3,0,0.7,8,1130.4,0
2019-01-27 04:22:00,3,32,18.0,87,3.3,987.1,0.7,1.0,10,1130.4,0
2019-01-27 04:25:00,3,32,18.0,87,3.3,987.2,0,0.3,10,1130.4,0
2019-01-27 04:28:00,3,32,18.0,86,3.3,987.2,0.7,1.0,6,1130.4,0
2019-01-27 04:31:00,3,32,18.0,86,3.3,987.2,0,0.3,4,1130.4,0
2019-01-27 04:34:00,3,32,18.0,86,3.3,987.1,0.7,1.0,9,1130.4,0
2019-01-27 04:37:00,3,32,18.0,86,3.3,987.0,0,0.3,0,1130.4,0
2019-01-27 04:40:00,3,32,18.0,86,3.3,987.1,0,0.3,0,1130.4,0
2019-01-27 04:43:00,3,32,18.0,86,3.3,987.0,0,0,14,1130.4,0
2019-01-27 04:46:00,3,32,18.0,86,3.3,987.0,0,0.3,8,1130.4,0
2019-01-27 04:49:00,3,32,18.0,86,3.2,986.9,0,0.3,8,1130.4,0
2019-01-27 04:52:00,3,32,18.0,86,3.2,986.8,0,0,8,1130.4,0
2019-01-27 04:55:00,3,32,18.0,86,3.2,986.8,0,0,2,1130.4,0
2019-01-27 04:58:00,3,32,18.0,86,3.2,986.8,0.7,1.0,8,1130.4,0
2019-01-27 05:01:00,3,32,18.0,86,3.2,986.8,0.7,1.0,8,1130.4,0
2019-01-27 05:04:00,3,32,18.0,86,3.2,986.8,0.7,1.0,8,1130.4,0
2019-01-27 05:07:00,3,32,18.0,86,3.2,986.7,0.7,1.0,8,1130.4,0
2019-01-27 05:10:00,3,32,18.1,86,3.1,986.7,0,0,4,1130.4,0
2019-01-27 05:13:00,3,32,18.1,86,3.1,986.7,0.7,1.0,4,1130.4,0
2019-01-27 05:16:00,3,32,18.1,86,3.1,986.5,0,0,8,1130.4,0
2019-01-27 05:19:00,3,32,18.1,86,3.0,986.5,0,0.3,4,1130.4,0
2019-01-27 05:22:00,3,32,18.1,86,3.0,986.5,0,0.7,2,1130.4,0
2019-01-27 05:25:00,3,32,18.2,86,3.0,986.5,0,0,0,1130.4,0
2019-01-27 05:28:00,3,32,18.2,86,3.0,986.4,0,0.3,4,1130.4,0
2019-01-27 05:31:00,3,32,18.3,86,2.9,986.3,0.7,1.0,8,1130.4,0
2019-01-27 05:34:00,3,32,18.3,86,2.9,986.4,0,0,8,1130.4,0
2019-01-27 05:37:00,3,32,18.3,86,2.9,986.2,0.3,0.7,6,1130.4,0
2019-01-27 05:40:00,3,32,18.4,86,2.9,986.0,0,0,4,1130.4,0
2019-01-27 05:43:00,3,32,18.4,86,2.9,986.2,0,0,4,1130.4,0
2019-01-27 05:46:00,3,32,18.4,86,2.9,986.2,1.0,1.4,10,1130.4,0
2019-01-27 05:49:00,3,32,18.5,86,2.9,986.3,0,0,10,1130.4,0
2019-01-27 05:52:00,3,32,18.5,86,2.9,986.2,0,0.3,6,1130.4,0
2019-01-27 05:55:00,3,32,18.5,86,2.9,986.2,0.7,1.0,10,1130.4,0
2019-01-27 05:58:00,3,32,18.6,86,2.9,986.1,0,0.3,10,1130.4,0
2019-01-27 06:01:00,3,32,18.6,86,2.9,986.1,0,0.3,4,1130.4,0
2019-01-27 06:04:00,3,32,18.6,86,2.9,986.0,0.7,1.0,8,1130.4,0
2019-01-27 06:07:00,3,32,18.8,86,2.9,985.9,0,0.3,8,1130.4,0
2019-01-27 06:10:00,3,32,18.8,86,2.8,985.9,0.7,1.0,8,1130.4,0
2019-01-27 06:13:00,3,32,18.8,86,2.8,986.0,0,0.7,8,1130.4,0
2019-01-27 06:16:00,3,32,18.8,86,2.9,986.0,0.3,0.7,4,1130.4,0
2019-01-27 06:19:00,3,32,18.9,86,2.8,985.8,0.3,0.7,9,1130.4,0
2019-01-27 06:22:00,3,32,18.9,86,2.8,985.8,0,0.3,4,1130.4,0
2019-01-27 06:25:00,3,32,18.9,86,2.8,985.8,0.3,0.7,2,1130.4,0
2019-01-27 06:28:00,3,32,18.9,86,2.8,985.8,0,0.3,4,1130.4,0
2019-01-27 06:31:00,3,31,19.0,86,2.8,985.7,0,0.3,6,1130.4,0
2019-01-27 06:34:00,3,31,19.0,86,2.8,985.7,0,0.3,4,1130.4,0
2019-01-27 06:37:00,3,31,19.0,86,2.8,985.7,0.3,0.7,8,1130.4,0
2019-01-27 06:40:00,3,31,19.0,86,2.9,985.6,0.3,1.0,4,1130.4,0
2019-01-27 06:43:00,3,31,19.0,86,2.9,985.6,0,0.3,4,1130.4,0
2019-01-27 06:46:00,3,31,19.0,86,2.9,985.8,0,1.0,4,1130.4,0
2019-01-27 06:49:00,3,31,19.1,86,2.9,985.6,1.4,1.7,6,1130.4,0
2019-01-27 06:52:00,3,31,19.1,86,2.9,985.5,0,0.7,2,1130.4,0
2019-01-27 06:55:00,3,31,19.1,86,3.0,985.6,0.7,2.0,10,1130.4,0
2019-01-27 06:58:00,3,31,19.1,86,3.0,985.5,0.3,0.7,12,1130.4,0
2019-01-27 07:01:00,3,31,19.1,86,3.0,985.6,0,0.3,6,1130.4,0
2019-01-27 07:04:00,3,31,19.2,86,3.0,985.5,0,0.3,6,1130.4,0
2019-01-27 07:07:00,3,31,19.2,86,3.0,985.5,1.4,1.7,10,1130.4,0
2019-01-27 07:10:00,3,31,19.2,86,3.1,985.5,0.3,0.7,3,1130.4,0
2019-01-27 07:13:00,3,31,19.2,86,3.1,985.4,1.0,1.4,9,1130.4,0
2019-01-27 07:16:00,3,31,19.2,86,3.1,985.5,1.0,1.4,10,1130.4,0
2019-01-27 07:19:00,3,31,19.2,86,3.1,985.3,1.0,1.4,8,1130.4,0
2019-01-27 07:22:00,3,31,19.3,86,3.1,985.4,0.3,0.7,10,1130.4,0
2019-01-27 07:25:00,3,31,19.3,86,3.1,985.3,0.3,0.7,8,1130.4,0
2019-01-27 07:28:00,3,32,19.3,86,3.1,985.3,1.7,2.0,4,1130.4,0
2019-01-27 07:31:00,3,32,19.3,86,3.2,985.3,0,0,14,1130.4,0
2019-01-27 07:34:00,3,31,19.3,86,3.2,985.2,0.7,1.0,14,1130.4,0
2019-01-27 07:37:00,3,32,19.3,86,3.2,985.2,1.0,1.4,6,1130.4,0
2019-01-27 07:40:00,3,32,19.4,86,3.2,985.2,0.3,1.0,4,1130.4,0
2019-01-27 07:43:00,3,32,19.4,86,3.2,985.2,0,0.3,8,1130.4,0
2019-01-27 07:46:00,3,32,19.5,86,3.2,985.1,1.0,1.4,6,1130.4,0
2019-01-27 07:49:00,3,32,19.5,86,3.2,985.0,0,0,0,1130.4,0
2019-01-27 07:52:00,3,32,19.5,86,3.2,985.1,0.7,1.0,8,1130.4,0
2019-01-27 07:55:00,3,32,19.5,86,3.2,984.9,1.0,1.4,4,1130.4,0
2019-01-27 07:58:00,3,32,19.5,86,3.2,985.0,0,0,12,1130.4,0
2019-01-27 08:01:00,3,32,19.6,86,3.2,985.0,0.3,1.0,4,1130.4,0
2019-01-27 08:04:00,3,35,19.6,86,3.2,984.9,0.3,0.7,4,1130.4,0
2019-01-27 08:07:00,3,34,19.7,86,3.2,985.0,0.7,1.0,8,1130.4,0
2019-01-27 08:10:00,3,33,19.8,86,3.2,985.0,1.0,2.7,8,1130.4,0
2019-01-27 08:13:00,3,32,20.2,86,3.2,984.9,0.3,1.0,4,1130.4,0
2019-01-27 08:16:00,3,31,20.4,86,3.3,985.0,0,0,10,1130.4,0
2019-01-27 08:19:00,3,31,20.5,86,3.3,984.9,0.7,1.0,10,1130.4,0
2019-01-27 08:22:00,3,31,20.6,86,3.3,985.1,0.3,0.7,8,1130.4,0
2019-01-27 08:25:00,3,31,20.7,86,3.4,985.0,0.3,0.7,4,1130.4,0
2019-01-27 08:28:00,3,30,20.9,86,3.5,985.0,2.0,2.7,12,1130.4,0
2019-01-27 08:31:00,3,29,21.0,86,3.5,984.9,0,0.7,10,1130.4,0
2019-01-27 08:34:00,3,29,21.1,86,3.5,984.9,0,0.7,6,1130.4,0
2019-01-27 08:37:00,3,29,21.1,86,3.5,984.9,1.0,1.7,6,1130.4,0
2019-01-27 08:40:00,3,29,21.2,86,3.6,984.9,1.4,1.7,8,1130.4,0
2019-01-27 08:43:00,3,29,21.3,86,3.6,985.0,0.3,1.0,10,1130.4,0
2019-01-27 08:46:00,3,29,21.3,86,3.6,985.1,0.7,1.0,8,1130.4,0
2019-01-27 08:49:00,3,29,21.4,86,3.7,985.1,0.7,1.0,8,1130.4,0
2019-01-27 08:52:00,3,29,21.5,86,3.7,985.1,2.4,3.1,8,1130.4,0
2019-01-27 08:55:00,3,29,21.6,87,3.7,985.1,1.7,2.4,10,1130.4,0
2019-01-27 08:58:00,3,28,21.6,87,3.8,985.0,0,0.7,6,1130.4,0
2019-01-27 09:01:00,3,29,21.7,87,3.8,985.0,0.7,1.0,9,1130.4,0
2019-01-27 09:04:00,3,28,21.8,87,3.8,984.9,0.7,1.0,9,1130.4,0
2019-01-27 09:07:00,3,27,21.9,87,4.0,984.9,0.7,1.0,6,1130.4,0
2019-01-27 09:10:00,3,27,21.9,87,4.0,985.0,0.7,1.4,4,1130.4,0
2019-01-27 09:13:00,3,26,22.1,87,4.0,985.0,0.3,0.7,8,1130.4,0
2019-01-27 09:16:00,3,26,22.2,87,4.1,984.8,1.0,1.4,10,1130.4,0
2019-01-27 09:19:00,3,26,22.2,87,4.1,984.9,1.4,1.7,8,1130.4,0
2019-01-27 09:22:00,3,25,22.3,87,4.2,984.9,0.7,1.0,2,1130.4,0
2019-01-27 09:25:00,3,25,22.3,86,4.3,984.9,1.0,1.7,8,1130.4,0
2019-01-27 09:28:00,3,25,22.3,86,4.3,984.9,0.7,1.0,8,1130.4,0
2019-01-27 09:31:00,3,25,22.3,86,4.4,985.0,1.0,1.4,13,1130.4,0
2019-01-27 09:34:00,3,26,22.2,86,4.4,984.9,0.3,0.7,10,1130.4,0
2019-01-27 09:37:00,3,26,22.1,86,4.4,984.9,1.0,1.4,6,1130.4,0
2019-01-27 09:40:00,3,27,21.9,86,4.4,984.7,1.4,2.0,8,1130.4,0
2019-01-27 09:43:00,3,27,21.8,86,4.5,984.8,1.7,2.0,10,1130.4,0
2019-01-27 09:46:00,3,28,21.7,86,4.5,984.6,1.0,1.4,12,1130.4,0
2019-01-27 09:49:00,3,28,21.6,85,4.6,984.6,1.0,1.4,8,1130.4,0
2019-01-27 09:52:00,3,28,21.5,85,4.6,984.6,0.7,1.0,8,1130.4,0
2019-01-27 09:55:00,3,28,21.5,85,4.6,984.6,3.1,4.8,8,1130.4,0
2019-01-27 09:58:00,3,29,21.5,84,4.7,984.6,1.0,1.4,8,1130.4,0
2019-01-27 10:01:00,3,29,21.4,84,4.7,984.6,1.0,1.4,8,1130.4,0
2019-01-27 10:04:00,3,29,21.3,84,4.8,984.5,0.3,0.7,8,1130.4,0
2019-01-27 10:07:00,3,29,21.3,84,4.9,984.4,0.7,1.4,14,1130.4,0
2019-01-27 10:10:00,3,28,21.3,84,4.9,984.5,1.7,2.4,10,1130.4,0
2019-01-27 10:13:00,3,29,21.3,83,5.0,984.5,2.4,3.1,10,1130.4,0
2019-01-27 10:16:00,3,29,21.2,83,5.1,984.4,0.7,1.0,10,1130.4,0
2019-01-27 10:19:00,3,28,21.2,83,5.1,984.4,1.7,2.0,8,1130.4,0
2019-01-27 10:22:00,3,28,21.2,82,5.1,984.1,1.7,2.0,10,1130.4,0
2019-01-27 10:25:00,3,28,21.1,82,5.2,984.3,1.0,2.4,9,1130.4,0
2019-01-27 10:28:00,3,29,21.1,82,5.2,984.1,1.7,2.4,8,1130.4,0
2019-01-27 10:31:00,3,29,21.1,82,5.3,984.2,1.7,2.4,8,1130.4,0
2019-01-27 10:34:00,3,29,21.1,82,5.3,984.1,1.0,1.4,7,1130.4,0
2019-01-27 10:37:00,3,29,21.0,81,5.3,984.1,0.3,0.7,0,1130.4,0
2019-01-27 10:40:00,3,29,21.0,81,5.3,984.1,0.3,0.7,10,1130.4,0
2019-01-27 10:43:00,3,30,20.9,81,5.3,984.1,1.4,1.7,8,1130.4,0
2019-01-27 10:46:00,3,30,20.9,81,5.3,984.0,0.7,1.0,10,1130.4,0
2019-01-27 10:49:00,3,30,20.9,81,5.2,983.9,0.7,1.0,8,1130.4,0
2019-01-27 10:52:00,3,30,20.9,81,5.2,983.9,1.0,1.4,12,1130.4,0
2019-01-27 10:55:00,3,30,20.8,81,5.1,983.9,2.0,3.4,9,1130.7,0
2019-01-27 10:58:00,3,30,20.7,82,5.1,983.8,0.3,0.7,8,1130.7,0
2019-01-27 11:01:00,3,30,20.7,82,5.1,983.7,1.4,2.0,14,1130.7,0
2019-01-27 11:04:00,3,30,20.7,82,5.1,983.7,1.4,2.0,14,1130.7,0
2019-01-27 11:07:00,3,30,20.7,82,5.1,983.8,0,0.3,8,1130.7,0
2019-01-27 11:10:00,3,30,20.6,82,5.1,983.7,1.0,1.7,12,1130.7,0
2019-01-27 11:13:00,3,30,20.6,83,5.1,983.7,0.7,1.4,11,1130.7,0
2019-01-27 11:16:00,3,30,20.6,83,5.1,983.7,1.0,1.7,8,1131.0,0
2019-01-27 11:19:00,3,31,20.6,83,5.2,983.5,0.7,1.4,8,1131.0,0
2019-01-27 11:22:00,3,31,20.5,83,5.2,983.5,1.0,1.4,6,1131.0,0
2019-01-27 11:25:00,3,31,20.5,83,5.2,983.4,1.4,1.7,10,1131.0,0
2019-01-27 11:28:00,3,31,20.5,83,5.2,983.3,1.0,2.0,8,1131.3,0
2019-01-27 11:31:00,3,31,20.5,84,5.3,983.2,2.0,2.7,6,1131.3,0
2019-01-27 11:34:00,3,31,20.5,84,5.4,983.2,1.0,1.7,10,1131.3,0
2019-01-27 11:37:00,3,31,20.4,84,5.4,983.2,1.7,2.4,8,1131.3,0
2019-01-27 11:40:00,3,31,20.4,84,5.4,983.1,2.0,2.4,8,1131.3,0
2019-01-27 11:43:00,3,31,20.4,84,5.4,983.1,1.7,3.1,10,1131.3,0
2019-01-27 11:46:00,3,31,20.4,84,5.4,983.1,2.4,3.1,10,1131.3,0
2019-01-27 11:49:00,3,31,20.4,84,5.4,983.2,2.0,2.7,8,1131.3,0
2019-01-27 11:52:00,3,31,20.3,84,5.3,983.1,1.4,1.7,10,1131.3,0
2019-01-27 11:55:00,3,31,20.3,84,5.3,983.0,4.4,5.4,10,1131.6,0
2019-01-27 11:58:00,3,31,20.3,84,5.3,983.0,1.4,2.0,10,1131.6,0
2019-01-27 12:01:00,3,31,20.3,84,5.3,982.9,1.4,1.7,8,1131.6,0
2019-01-27 12:04:00,3,31,20.3,84,5.2,982.9,1.4,1.7,8,1131.6,0
2019-01-27 12:07:00,3,31,20.3,84,5.2,982.8,0.7,1.0,8,1131.6,0
2019-01-27 12:10:00,3,31,20.2,84,5.2,982.7,1.0,2.0,8,1131.6,0
2019-01-27 12:13:00,3,31,20.2,84,5.2,982.6,0.3,1.0,8,1131.9,0
2019-01-27 12:16:00,3,31,20.2,84,5.2,982.7,0.7,1.0,6,1131.9,0
2019-01-27 12:19:00,3,31,20.1,84,5.2,982.6,0.3,1.0,11,1131.9,0
2019-01-27 12:22:00,3,31,20.1,85,5.2,982.7,1.4,1.7,8,1131.9,0
2019-01-27 12:25:00,3,31,20.1,85,5.2,982.6,1.0,1.7,6,1131.9,0
2019-01-27 12:28:00,3,31,20.1,85,5.2,982.7,1.7,2.4,10,1131.9,0
2019-01-27 12:31:00,3,31,20.1,85,5.2,982.6,0.3,0.7,7,1131.9,0
2019-01-27 12:34:00,3,31,20.1,85,5.2,982.6,1.0,1.7,8,1131.9,0
2019-01-27 12:37:00,3,31,20.0,85,5.2,982.5,0.3,1.4,6,1131.9,0
2019-01-27 12:40:00,3,31,20.0,85,5.2,982.5,0.3,0.7,8,1131.9,0
2019-01-27 12:43:00,3,31,20.0,85,5.3,982.4,0.7,1.4,4,1131.9,0
2019-01-27 12:46:00,3,31,20.0,85,5.3,982.5,0.3,0.7,10,1131.9,0
2019-01-27 12:49:00,3,31,20.0,85,5.3,982.5,1.0,1.4,10,1131.9,0
2019-01-27 12:52:00,3,32,20.0,85,5.3,982.4,1.0,1.4,5,1131.9,0
2019-01-27 12:55:00,3,32,20.0,86,5.3,982.4,1.0,1.7,10,1131.9,0
2019-01-27 12:58:00,3,33,19.9,86,5.4,982.3,0,0.3,0,1131.9,0
2019-01-27 13:01:00,3,33,19.8,86,5.4,982.3,1.0,1.4,10,1131.9,0
2019-01-27 13:04:00,3,33,19.8,86,5.4,982.3,1.0,1.4,10,1131.9,0
2019-01-27 13:07:00,3,33,19.8,86,5.5,982.4,1.0,1.4,8,1131.9,0
2019-01-27 13:10:00,3,33,19.8,86,5.5,982.3,0,0.3,9,1131.9,0
2019-01-27 13:13:00,3,33,19.8,86,5.5,982.2,1.4,2.4,8,1131.9,0
2019-01-27 13:16:00,3,33,19.8,85,5.5,982.3,0.7,1.4,10,1131.9,0
2019-01-27 13:19:00,3,33,19.8,85,5.5,982.1,0.3,0.7,10,1131.9,0
2019-01-27 13:22:00,3,33,19.8,85,5.5,982.2,0.7,1.4,6,1131.9,0
2019-01-27 13:25:00,3,33,19.8,85,5.5,982.2,1.0,1.7,6,1131.9,0
2019-01-27 13:28:00,3,33,19.8,85,5.5,982.0,0.3,0.7,10,1131.9,0
2019-01-27 13:31:00,3,33,19.9,85,5.5,982.0,0.7,1.0,4,1131.9,0
2019-01-27 13:34:00,3,32,20.0,85,5.5,982.0,0.3,0.7,10,1131.9,0
2019-01-27 13:37:00,3,32,20.0,85,5.5,982.1,0.3,0.7,7,1131.9,0
2019-01-27 13:40:00,3,32,20.0,85,5.5,982.0,1.0,1.4,7,1131.9,0
2019-01-27 13:43:00,3,32,20.0,85,5.5,982.0,0.3,1.0,4,1131.9,0
2019-01-27 13:46:00,3,32,20.0,85,5.5,982.0,0.7,1.0,4,1131.9,0
2019-01-27 13:49:00,3,32,20.1,85,5.5,982.0,1.0,1.7,8,1131.9,0
2019-01-27 13:52:00,3,32,20.1,85,5.5,981.9,0,0,12,1131.9,0
2019-01-27 13:55:00,3,32,20.1,85,5.6,981.9,0.7,1.0,6,1131.9,0
2019-01-27 13:58:00,3,32,20.1,85,5.6,981.8,0.7,1.0,11,1131.9,0
2019-01-27 14:01:00,3,32,20.1,85,5.6,981.9,0.3,0.7,8,1131.9,0
2019-01-27 14:04:00,3,32,20.1,85,5.7,981.9,0,0,6,1131.9,0
2019-01-27 14:07:00,3,32,20.2,85,5.7,981.9,0,0.3,4,1131.9,0
2019-01-27 14:10:00,3,32,20.2,85,5.8,981.8,1.0,1.4,6,1131.9,0
2019-01-27 14:13:00,3,32,20.2,85,5.8,981.7,0.7,1.0,6,1131.9,0
2019-01-27 14:16:00,3,32,20.2,85,5.7,981.8,0.3,0.3,4,1131.9,0
2019-01-27 14:19:00,3,32,20.2,85,5.7,981.7,0.3,0.7,8,1131.9,0
2019-01-27 14:22:00,3,32,20.2,85,5.7,981.8,0,0.3,2,1131.9,0
2019-01-27 14:25:00,3,32,20.3,85,5.7,981.7,0,0,8,1131.9,0
2019-01-27 14:28:00,3,32,20.3,85,5.6,981.7,0,0,4,1131.9,0
2019-01-27 14:31:00,3,32,20.3,85,5.6,981.7,0,0,4,1131.9,0
2019-01-27 14:34:00,3,32,20.3,85,5.6,981.6,0,0,4,1131.9,0
2019-01-27 14:37:00,3,32,20.3,85,5.6,981.7,0,0,4,1131.9,0
2019-01-27 14:40:00,3,32,20.3,85,5.5,981.6,0,0,6,1131.9,0
2019-01-27 14:43:00,3,32,20.3,85,5.5,981.6,0,0,8,1131.9,0
2019-01-27 14:46:00,3,32,20.3,85,5.5,981.6,0,0,10,1131.9,0
2019-01-27 14:49:00,3,32,20.3,85,5.6,981.6,0,0,6,1131.9,0
2019-01-27 14:52:00,3,32,20.3,85,5.6,981.6,1.0,1.4,6,1131.9,0
2019-01-27 14:55:00,3,32,20.3,85,5.7,981.6,0,0,8,1131.9,0
2019-01-27 14:58:00,3,32,20.3,85,5.7,981.5,1.4,1.7,8,1131.9,0
2019-01-27 15:01:00,3,32,20.3,85,5.7,981.6,0.3,0.7,6,1131.9,0
2019-01-27 15:04:00,3,32,20.3,85,5.7,981.6,0.3,0.7,6,1131.9,0
2019-01-27 15:07:00,3,32,20.4,85,5.7,981.6,0.7,1.0,8,1131.9,0
2019-01-27 15:10:00,3,32,20.4,85,5.7,981.6,1.0,1.4,8,1131.9,0
2019-01-27 15:13:00,3,32,20.4,84,5.7,981.6,0.3,0.7,8,1131.9,0
2019-01-27 15:16:00,3,32,20.4,84,5.7,981.6,0,0.3,4,1131.9,0
2019-01-27 15:19:00,3,32,20.4,84,5.6,981.6,0.3,1.0,8,1131.9,0
2019-01-27 15:22:00,3,32,20.4,84,5.6,981.6,0.7,1.0,12,1131.9,0
2019-01-27 15:25:00,3,32,20.4,84,5.6,981.7,1.7,2.4,8,1131.9,0
2019-01-27 15:28:00,3,32,20.4,84,5.6,981.6,0,0.3,10,1131.9,0
2019-01-27 15:31:00,3,32,20.4,83,5.5,981.6,0.3,0.7,8,1131.9,0
2019-01-27 15:34:00,3,32,20.4,83,5.5,981.6,0.3,0.7,8,1131.9,0
2019-01-27 15:37:00,3,32,20.4,83,5.5,981.6,0.3,0.7,4,1131.9,0
2019-01-27 15:40:00,3,32,20.4,83,5.5,981.6,1.4,2.0,6,1131.9,0
2019-01-27 15:43:00,3,32,20.4,83,5.4,981.6,0.7,1.4,10,1131.9,0
2019-01-27 15:46:00,3,32,20.4,83,5.4,981.5,0.7,1.0,4,1131.9,0
2019-01-27 15:49:00,3,33,20.4,83,5.4,981.5,1.7,2.7,8,1131.9,0
2019-01-27 15:52:00,3,33,20.4,82,5.4,981.5,0.7,1.0,10,1131.9,0
2019-01-27 15:55:00,3,33,20.4,82,5.3,981.5,0.7,1.7,8,1131.9,0
2019-01-27 15:58:00,3,33,20.4,82,5.3,981.5,0,0.7,6,1131.9,0
2019-01-27 16:01:00,3,33,20.4,82,5.2,981.6,0.7,1.0,10,1131.9,0
2019-01-27 16:04:00,3,33,20.4,82,5.2,981.6,1.0,1.7,12,1131.9,0
2019-01-27 16:07:00,3,33,20.4,82,5.1,981.7,1.4,2.0,8,1131.9,0
2019-01-27 16:10:00,3,33,20.4,82,5.1,981.6,1.4,1.7,8,1131.9,0
2019-01-27 16:13:00,3,33,20.4,82,5.0,981.5,0,0.3,6,1131.9,0
2019-01-27 16:16:00,3,33,20.4,82,5.0,981.6,0.7,1.0,3,1131.9,0
2019-01-27 16:19:00,3,33,20.5,82,5.0,981.6,1.4,2.4,6,1131.9,0
2019-01-27 16:22:00,3,33,20.5,82,5.0,981.6,0.3,1.0,7,1131.9,0
2019-01-27 16:25:00,3,33,20.5,82,4.9,981.7,0.3,0.7,2,1131.9,0
2019-01-27 16:28:00,3,33,20.5,82,4.9,981.6,0.3,0.7,4,1131.9,0
2019-01-27 16:31:00,3,33,20.5,82,4.8,981.6,0.7,1.0,6,1131.9,0
2019-01-27 16:34:00,3,33,20.5,82,4.8,981.6,0.3,0.7,4,1131.9,0
2019-01-27 16:37:00,3,33,20.5,82,4.8,981.7,0,0,8,1131.9,0
2019-01-27 16:40:00,3,33,20.5,82,4.8,981.6,0,0.3,8,1131.9,0
2019-01-27 16:43:00,3,33,20.5,82,4.7,981.6,0,0,8,1131.9,0
2019-01-27 16:46:00,3,33,20.5,82,4.7,981.6,0,0.3,4,1131.9,0
2019-01-27 16:49:00,3,33,20.5,82,4.7,981.6,0.7,1.0,8,1131.9,0
2019-01-27 16:52:00,3,33,20.5,82,4.7,981.7,0,0.3,0,1131.9,0
2019-01-27 16:55:00,3,33,20.5,83,4.7,981.6,0.3,0.7,6,1131.9,0
2019-01-27 16:58:00,3,33,20.5,83,4.7,981.6,0.3,0.7,4,1131.9,0
2019-01-27 17:01:00,3,33,20.5,83,4.7,981.5,0.3,0.7,10,1131.9,0
2019-01-27 17:04:00,3,33,20.5,83,4.7,981.4,0.3,0.7,10,1131.9,0
2019-01-27 17:07:00,3,33,20.5,83,4.6,981.4,0.7,1.0,2,1131.9,0
2019-01-27 17:10:00,3,33,20.5,83,4.6,981.5,0,0.3,6,1131.9,0
2019-01-27 17:13:00,3,33,20.5,83,4.6,981.4,0.7,1.0,6,1131.9,0
2019-01-27 17:16:00,3,33,20.5,83,4.6,981.5,1.0,1.4,8,1131.9,0
2019-01-27 17:19:00,3,33,20.5,83,4.6,981.4,0,0,6,1131.9,0
2019-01-27 17:22:00,3,33,20.5,83,4.6,981.5,0,0.7,0,1131.9,0
2019-01-27 17:25:00,3,33,20.5,83,4.6,981.5,0.3,0.7,14,1131.9,0
2019-01-27 17:28:00,3,33,20.5,83,4.6,981.4,0,0,2,1131.9,0
2019-01-27 17:31:00,3,33,20.5,83,4.6,981.4,2.0,2.4,8,1131.9,0
2019-01-27 17:34:00,3,33,20.5,83,4.6,981.4,0,0.3,0,1131.9,0
2019-01-27 17:37:00,3,33,20.5,83,4.6,981.5,0,0.3,6,1131.9,0
2019-01-27 17:40:00,3,33,20.5,83,4.6,981.5,0,0,8,1131.9,0
2019-01-27 17:43:00,3,33,20.5,83,4.5,981.5,0,0.3,8,1131.9,0
2019-01-27 17:46:00,3,33,20.5,83,4.5,981.5,0.7,1.4,8,1131.9,0
2019-01-27 17:49:00,3,32,20.5,83,4.6,981.5,1.0,1.4,8,1131.9,0
2019-01-27 17:52:00,3,32,20.5,83,4.7,981.5,1.0,1.4,6,1131.9,0
2019-01-27 17:55:00,3,32,20.5,83,4.7,981.4,1.0,1.4,6,1131.9,0
2019-01-27 17:58:00,3,32,20.5,83,4.8,981.4,0.3,0.7,8,1131.9,0
2019-01-27 18:01:00,3,32,20.5,83,4.8,981.4,0.3,0.7,10,1131.9,0
2019-01-27 18:04:00,3,32,20.5,83,4.8,981.4,0,0.3,4,1131.9,0
2019-01-27 18:07:00,3,32,20.5,83,4.8,981.4,1.4,2.0,6,1131.9,0
2019-01-27 18:10:00,3,32,20.5,83,4.8,981.4,0.7,1.0,2,1131.9,0
2019-01-27 18:13:00,3,32,20.5,83,4.8,981.4,0,0.3,12,1131.9,0
2019-01-27 18:16:00,3,32,20.5,83,4.8,981.5,0.3,1.0,10,1131.9,0
2019-01-27 18:19:00,3,32,20.5,83,4.8,981.4,0,0.3,8,1131.9,0
2019-01-27 18:22:00,3,32,20.6,83,4.9,981.4,1.7,2.4,6,1131.9,0
2019-01-27 18:25:00,3,32,20.6,83,4.9,981.5,1.0,1.7,8,1131.9,0
2019-01-27 18:28:00,3,32,20.6,82,4.9,981.5,1.0,2.0,8,1131.9,0
2019-01-27 18:31:00,3,32,20.6,82,4.9,981.5,0.3,0.7,8,1131.9,0
2019-01-27 18:34:00,3,32,20.6,82,4.9,981.6,1.0,1.7,10,1131.9,0
2019-01-27 18:37:00,3,32,20.6,82,5.0,981.6,0.7,1.0,10,1131.9,0
2019-01-27 18:40:00,3,32,20.6,82,5.0,981.6,0.7,1.0,12,1131.9,0
2019-01-27 18:43:00,3,32,20.6,82,5.0,981.6,0.3,1.0,8,1131.9,0
2019-01-27 18:46:00,3,32,20.6,82,5.0,981.6,1.7,2.4,8,1131.9,0
2019-01-27 18:49:00,3,32,20.6,82,5.0,981.6,1.7,2.0,6,1131.9,0
2019-01-27 18:52:00,3,32,20.6,82,5.0,981.6,1.4,1.7,8,1131.9,0
2019-01-27 18:55:00,3,32,20.6,81,5.0,981.6,1.4,1.7,8,1131.9,0
2019-01-27 18:58:00,3,32,20.6,81,5.0,981.6,1.7,2.7,2,1131.9,0
2019-01-27 19:01:00,3,32,20.6,81,5.1,981.5,0.3,0.7,12,1131.9,0
2019-01-27 19:04:00,3,32,20.6,81,5.1,981.5,0.3,0.7,12,1131.9,0
2019-01-27 19:07:00,3,32,20.6,81,5.2,981.5,1.7,2.0,8,1131.9,0
2019-01-27 19:10:00,3,32,20.6,81,5.2,981.5,0.7,2.0,9,1131.9,0
2019-01-27 19:13:00,3,32,20.6,80,5.2,981.6,1.7,2.4,8,1131.9,0
2019-01-27 19:16:00,3,32,20.6,80,5.1,981.6,1.4,2.0,8,1131.9,0
2019-01-27 19:19:00,3,32,20.6,80,5.1,981.6,1.0,1.7,10,1131.9,0
2019-01-27 19:22:00,3,32,20.6,80,5.1,981.6,1.4,2.0,8,1131.9,0
2019-01-27 19:25:00,3,32,20.6,80,5.1,981.6,1.4,1.7,6,1131.9,0
2019-01-27 19:28:00,3,32,20.6,80,5.0,981.7,1.0,1.4,12,1131.9,0
2019-01-27 19:31:00,3,32,20.6,81,5.0,981.6,0,0.3,4,1131.9,0
2019-01-27 19:34:00,3,32,20.6,81,4.9,981.6,1.4,1.7,8,1131.9,0
2019-01-27 19:37:00,3,32,20.6,81,4.9,981.7,1.0,1.7,10,1131.9,0
2019-01-27 19:40:00,3,32,20.6,81,4.9,981.7,0.3,0.7,8,1131.9,0
2019-01-27 19:43:00,3,32,20.6,81,4.9,981.7,0.3,1.0,6,1131.9,0
2019-01-27 19:46:00,3,32,20.6,81,4.8,981.6,1.4,2.0,8,1131.9,0
2019-01-27 19:49:00,3,32,20.6,82,4.8,981.7,0.7,1.0,10,1131.9,0
2019-01-27 19:52:00,3,32,20.6,82,4.8,981.7,0.3,0.7,2,1131.9,0
2019-01-27 19:55:00,3,32,20.6,82,4.8,981.7,0.3,0.7,8,1131.9,0
2019-01-27 19:58:00,3,32,20.6,82,4.7,981.6,0.7,1.0,10,1131.9,0
2019-01-27 20:01:00,3,32,20.6,82,4.7,981.7,0.3,1.0,8,1131.9,0
2019-01-27 20:04:00,3,32,20.6,82,4.7,981.7,0.3,0.7,6,1131.9,0
2019-01-27 20:07:00,3,32,20.6,82,4.7,981.7,1.4,1.7,9,1131.9,0
2019-01-27 20:10:00,3,32,20.6,82,4.7,981.6,0.3,1.0,4,1131.9,0
2019-01-27 20:13:00,3,32,20.6,82,4.7,981.7,0,0,8,1131.9,0
2019-01-27 20:16:00,3,32,20.6,82,4.7,981.7,1.0,1.4,8,1131.9,0
2019-01-27 20:19:00,3,32,20.6,82,4.7,981.7,0.3,0.7,8,1131.9,0
2019-01-27 20:22:00,3,32,20.6,82,4.7,981.8,1.0,1.4,8,1131.9,0
2019-01-27 20:25:00,3,32,20.6,82,4.7,981.8,1.0,1.4,10,1131.9,0
2019-01-27 20:28:00,3,32,20.6,82,4.7,981.8,1.7,2.4,10,1131.9,0
2019-01-27 20:31:00,3,32,20.6,82,4.7,981.7,1.7,2.4,8,1131.9,0
2019-01-27 20:34:00,3,32,20.6,82,4.7,981.7,0.7,1.0,9,1131.9,0
2019-01-27 20:37:00,3,32,20.6,82,4.7,981.8,1.0,1.4,6,1131.9,0
2019-01-27 20:40:00,3,32,20.6,82,4.7,981.8,1.7,2.4,10,1131.9,0
2019-01-27 20:43:00,3,32,20.6,82,4.7,981.8,0.3,0.7,8,1131.9,0
2019-01-27 20:46:00,3,32,20.6,82,4.7,981.9,0.7,1.0,14,1131.9,0
2019-01-27 20:49:00,3,32,20.6,82,4.7,981.9,0.3,0.7,10,1131.9,0
2019-01-27 20:52:00,3,32,20.6,82,4.6,981.9,1.4,1.7,6,1131.9,0
2019-01-27 20:55:00,3,32,20.6,82,4.6,981.9,1.4,1.7,10,1131.9,0
2019-01-27 20:58:00,3,32,20.6,82,4.6,981.8,0.7,1.4,12,1131.9,0
2019-01-27 21:01:00,3,32,20.6,82,4.6,981.9,0,0.7,4,1131.9,0
2019-01-27 21:04:00,3,32,20.6,82,4.6,981.8,0,0.7,4,1131.9,0
2019-01-27 21:07:00,3,32,20.6,82,4.6,981.9,0.7,1.0,2,1131.9,0
2019-01-27 21:10:00,3,32,20.6,82,4.6,981.9,1.0,1.4,12,1131.9,0
2019-01-27 21:13:00,3,32,20.6,82,4.6,981.9,1.4,2.0,10,1131.9,0
2019-01-27 21:16:00,3,32,20.6,82,4.6,981.9,0,0.7,0,1131.9,0
2019-01-27 21:19:00,3,32,20.6,82,4.6,982.0,1.0,1.7,10,1131.9,0
2019-01-27 21:22:00,3,32,20.6,82,4.6,981.9,0,0.3,10,1131.9,0
2019-01-27 21:25:00,3,32,20.6,82,4.6,982.0,0.7,1.4,12,1131.9,0
2019-01-27 21:28:00,3,32,20.6,82,4.6,982.0,0.3,0.7,8,1131.9,0
2019-01-27 21:31:00,3,32,20.6,82,4.5,982.0,1.4,2.0,1,1131.9,0
2019-01-27 21:34:00,3,32,20.6,82,4.5,981.8,0.7,1.0,8,1131.9,0
2019-01-27 21:37:00,3,32,20.6,82,4.5,981.9,0.7,1.0,4,1131.9,0
2019-01-27 21:40:00,3,32,20.6,82,4.5,982.0,0.3,1.0,10,1131.9,0
2019-01-27 21:43:00,3,32,20.6,82,4.5,982.0,1.0,1.4,8,1131.9,0
2019-01-27 21:46:00,3,32,20.6,82,4.5,982.0,0.3,0.7,8,1131.9,0
2019-01-27 21:49:00,3,32,20.6,82,4.5,981.9,0.3,0.3,4,1131.9,0
2019-01-27 21:52:00,3,32,20.6,82,4.4,982.0,0,0.7,12,1131.9,0
2019-01-27 21:55:00,3,32,20.6,82,4.4,982.0,0,0.7,10,1131.9,0
2019-01-27 21:58:00,3,32,20.6,82,4.4,981.9,0,0.7,6,1132.2,0
2019-01-27 22:01:00,3,32,20.6,83,4.4,982.0,1.0,2.4,14,1132.2,0
2019-01-27 22:04:00,3,32,20.6,83,4.4,982.0,0,0,10,1132.2,0
2019-01-27 22:07:00,3,32,20.5,83,4.3,982.0,1.0,1.4,10,1132.2,0
2019-01-27 22:10:00,3,32,20.5,83,4.3,982.0,0,0,8,1132.2,0
2019-01-27 22:13:00,3,32,20.5,83,4.3,982.1,0,0,8,1132.2,0
2019-01-27 22:16:00,3,32,20.5,83,4.3,982.1,0,0.3,2,1132.2,0
2019-01-27 22:19:00,3,32,20.5,83,4.3,982.0,0,0.3,10,1132.2,0
2019-01-27 22:22:00,3,32,20.5,83,4.3,982.1,0.7,1.0,8,1132.2,0
2019-01-27 22:25:00,3,32,20.5,83,4.3,982.1,0.7,1.0,12,1132.2,0
2019-01-27 22:28:00,3,32,20.5,83,4.2,982.0,0.7,1.0,6,1132.2,0
2019-01-27 22:31:00,3,32,20.4,83,4.2,982.1,0.3,0.7,4,1132.2,0
2019-01-27 22:34:00,3,32,20.4,83,4.2,982.0,0.3,0.7,8,1132.2,0
2019-01-27 22:37:00,3,32,20.4,83,4.2,982.1,0.7,1.0,8,1132.2,0
2019-01-27 22:40:00,3,32,20.4,83,4.2,982.1,0.3,1.0,8,1132.2,0
2019-01-27 22:43:00,3,32,20.4,84,4.2,982.1,1.0,1.7,7,1132.2,0
2019-01-27 22:46:00,3,32,20.4,84,4.2,982.2,1.0,1.7,8,1132.2,0
2019-01-27 22:49:00,3,32,20.3,84,4.2,982.2,0.3,0.7,12,1132.2,0
2019-01-27 22:52:00,3,32,20.3,84,4.2,982.2,0,0.3,8,1132.2,0
2019-01-27 22:55:00,3,32,20.3,84,4.2,982.1,0.7,1.0,6,1132.2,0
2019-01-27 22:58:00,3,32,20.3,84,4.2,982.2,0.7,1.4,10,1132.2,0
