2019-01-25 00:00:00,3,26,18.2,70,-3.8,1008.3,0,0,1,1124.4,0
2019-01-25 00:03:00,3,26,18.2,70,-3.8,1008.3,0.3,0.7,4,1124.4,0
2019-01-25 00:06:00,3,26,18.2,70,-3.8,1008.3,0,0.7,4,1124.4,0
2019-01-25 00:09:00,3,26,18.1,70,-3.8,1008.2,0.3,0.7,4,1124.4,0
2019-01-25 00:12:00,3,26,18.1,70,-3.8,1008.2,0,0,0,1124.4,0
2019-01-25 00:15:00,3,26,18.1,70,-3.8,1008.2,0,0,4,1124.4,0
2019-01-25 00:18:00,3,26,18.1,70,-3.8,1008.2,0,0,4,1124.4,0
2019-01-25 00:21:00,3,26,18.1,70,-3.8,1008.2,0,0,4,1124.4,0
2019-01-25 00:24:00,3,26,18.0,70,-3.8,1008.3,0,0,0,1124.4,0
2019-01-25 00:27:00,3,26,18.0,70,-3.8,1008.2,0.3,0.7,0,1124.4,0
2019-01-25 00:30:00,3,26,18.0,70,-3.8,1008.1,0.3,0.7,2,1124.4,0
2019-01-25 00:33:00,3,26,18.0,70,-3.8,1008.3,0.3,0.7,0,1124.4,0
2019-01-25 00:36:00,3,26,18.0,70,-3.8,1008.2,0.3,0.7,0,1124.4,0
2019-01-25 00:39:00,3,26,18.0,70,-3.8,1008.2,0.7,1.0,0,1124.4,0
2019-01-25 00:42:00,3,26,17.9,70,-3.8,1008.3,0.3,0.3,2,1124.4,0
2019-01-25 00:45:00,3,26,17.9,70,-3.8,1008.2,0.7,1.0,2,1124.4,0
2019-01-25 00:48:00,3,26,17.9,70,-3.8,1008.3,0.7,1.0,0,1124.4,0
2019-01-25 00:51:00,3,26,17.9,70,-3.9,1008.3,0.3,0.7,2,1124.4,0
2019-01-25 00:54:00,3,26,17.9,70,-3.9,1008.3,0,0.3,0,1124.4,0
2019-01-25 00:57:00,3,26,17.9,70,-3.9,1008.3,0.3,0.7,4,1124.4,0
2019-01-25 01:00:00,3,26,17.9,70,-3.9,1008.3,0,0.3,0,1124.4,0
2019-01-25 01:03:00,3,26,17.9,70,-3.9,1008.4,0,0.3,0,1124.4,0
2019-01-25 01:06:00,3,26,17.8,70,-3.9,1008.3,0,0.3,0,1124.4,0
2019-01-25 01:09:00,3,26,17.8,70,-3.9,1008.3,0,0.3,0,1124.4,0
2019-01-25 01:12:00,3,26,17.8,70,-3.9,1008.3,0,0.3,0,1124.4,0
2019-01-25 01:15:00,3,27,17.7,70,-3.9,1008.4,0,0,0,1124.4,0
2019-01-25 01:18:00,3,27,17.7,70,-3.9,1008.3,0,0.3,2,1124.4,0
2019-01-25 01:21:00,3,26,17.7,70,-3.9,1008.4,0,0,0,1124.4,0
2019-01-25 01:24:00,3,26,17.7,70,-3.9,1008.4,0,0.3,0,1124.4,0
2019-01-25 01:27:00,3,26,17.7,70,-3.9,1008.5,0,0.3,2,1124.4,0
2019-01-25 01:30:00,3,26,17.7,70,-3.9,1008.4,0.3,0.7,1,1124.4,0
2019-01-25 01:33:00,3,27,17.7,70,-3.9,1008.4,0.3,0.7,0,1124.4,0
2019-01-25 01:36:00,3,26,17.6,70,-3.8,1008.4,0,0.3,0,1124.4,0
2019-01-25 01:39:00,3,26,17.6,70,-3.8,1008.4,0,0,0,1124.4,0
2019-01-25 01:42:00,3,26,17.6,70,-3.9,1008.5,0.7,1.0,0,1124.4,0
2019-01-25 01:45:00,3,26,17.6,69,-3.9,1008.5,0,0.3,0,1124.4,0
2019-01-25 01:48:00,3,26,17.6,69,-3.9,1008.4,0.3,0.7,0,1124.4,0
2019-01-25 01:51:00,3,26,17.6,69,-3.9,1008.4,0,0,0,1124.4,0
2019-01-25 01:54:00,3,26,17.6,69,-3.9,1008.4,0.3,0.7,2,1124.4,0
2019-01-25 01:57:00,3,26,17.6,69,-3.9,1008.4,0.3,0.7,14,1124.4,0
2019-01-25 02:00:00,3,26,17.6,69,-3.8,1008.4,0,0.3,0,1124.4,0
2019-01-25 02:03:00,3,26,17.6,69,-3.8,1008.3,0.3,0.3,2,1124.4,0
2019-01-25 02:06:00,3,26,17.6,69,-3.8,1008.3,0,0.3,12,1124.4,0
2019-01-25 02:09:00,3,26,17.6,69,-3.8,1008.4,0,0.3,8,1124.4,0
2019-01-25 02:12:00,3,26,17.6,69,-3.8,1008.4,0,0,0,1124.4,0
2019-01-25 02:15:00,3,26,17.5,69,-3.8,1008.4,0,0,0,1124.4,0
2019-01-25 02:18:00,3,26,17.5,69,-3.8,1008.4,0,0,0,1124.4,0
2019-01-25 02:21:00,3,26,17.5,69,-3.8,1008.3,0,0.3,0,1124.4,0
2019-01-25 02:24:00,3,26,17.5,68,-3.8,1008.2,0,0.3,0,1124.4,0
2019-01-25 02:27:00,3,26,17.5,68,-3.8,1008.3,0,0.3,0,1124.4,0
2019-01-25 02:30:00,3,26,17.5,68,-3.8,1008.3,0.3,0.7,0,1124.4,0
2019-01-25 02:33:00,3,26,17.5,68,-3.8,1008.2,0,0,0,1124.4,0
2019-01-25 02:36:00,3,26,17.5,68,-3.8,1008.4,0,0,0,1124.4,0
2019-01-25 02:39:00,3,26,17.5,68,-3.8,1008.3,0,0,0,1124.4,0
2019-01-25 02:42:00,3,26,17.5,68,-3.9,1008.2,0,0,0,1124.4,0
2019-01-25 02:45:00,3,26,17.5,68,-3.9,1008.3,0,0,0,1124.4,0
2019-01-25 02:48:00,3,26,17.5,68,-3.9,1008.2,0,0,2,1124.4,0
2019-01-25 02:51:00,3,26,17.5,68,-3.9,1008.2,0,0,2,1124.4,0
2019-01-25 02:54:00,3,26,17.5,68,-3.9,1008.2,0,0,0,1124.4,0
2019-01-25 02:57:00,3,26,17.4,68,-3.9,1008.1,0,0,0,1124.4,0
2019-01-25 03:00:00,3,26,17.4,68,-3.9,1008.2,0,0,4,1124.4,0
2019-01-25 03:03:00,3,26,17.4,68,-3.9,1008.2,0,0,4,1124.4,0
2019-01-25 03:06:00,3,26,17.4,68,-3.9,1008.2,0,0,4,1124.4,0
2019-01-25 03:09:00,3,27,17.4,68,-3.9,1008.2,0,0,4,1124.4,0
2019-01-25 03:12:00,3,27,17.4,68,-3.9,1008.3,0,0,0,1124.4,0
2019-01-25 03:15:00,3,27,17.4,68,-3.9,1008.2,0,0,0,1124.4,0
2019-01-25 03:18:00,3,27,17.4,68,-3.9,1008.2,0,0,0,1124.4,0
2019-01-25 03:21:00,3,26,17.4,68,-3.9,1008.1,0,0,0,1124.4,0
2019-01-25 03:24:00,3,26,17.4,68,-3.9,1008.2,0,0,12,1124.4,0
2019-01-25 03:27:00,3,26,17.4,68,-3.9,1008.1,0,0,12,1124.4,0
2019-01-25 03:30:00,3,26,17.4,68,-3.9,1008.2,0,0,12,1124.4,0
2019-01-25 03:33:00,3,27,17.3,68,-3.9,1008.2,0,0,12,1124.4,0
2019-01-25 03:36:00,3,27,17.3,68,-3.9,1008.1,0,0,12,1124.4,0
2019-01-25 03:39:00,3,27,17.3,68,-3.9,1008.2,0,0,0,1124.4,0
2019-01-25 03:42:00,3,27,17.3,68,-3.9,1008.2,0,0,0,1124.4,0
2019-01-25 03:45:00,3,27,17.3,68,-3.9,1008.2,0,0,0,1124.4,0
2019-01-25 03:48:00,3,27,17.3,68,-3.9,1008.2,0,0,0,1124.4,0
2019-01-25 03:51:00,3,27,17.3,68,-3.9,1008.2,0,0,0,1124.4,0
2019-01-25 03:54:00,3,27,17.3,68,-3.9,1008.4,0,0,0,1124.4,0
2019-01-25 03:57:00,3,27,17.3,68,-3.9,1008.3,0,0,0,1124.4,0
2019-01-25 04:00:00,3,27,17.3,68,-3.9,1008.4,0,0,0,1124.4,0
2019-01-25 04:03:00,3,27,17.3,68,-3.9,1008.3,0,0,0,1124.4,0
2019-01-25 04:06:00,3,27,17.3,69,-4.0,1008.4,0,0,14,1124.4,0
2019-01-25 04:09:00,3,27,17.3,69,-4.0,1008.3,0,0,14,1124.4,0
2019-01-25 04:12:00,3,27,17.3,69,-4.0,1008.3,0,0,4,1124.4,0
2019-01-25 04:15:00,3,27,17.3,69,-4.0,1008.4,0,0,0,1124.4,0
2019-01-25 04:18:00,3,27,17.3,69,-4.0,1008.4,0,0,0,1124.4,0
2019-01-25 04:21:00,3,27,17.2,69,-4.0,1008.3,0,0,0,1124.4,0
2019-01-25 04:24:00,3,27,17.2,69,-4.0,1008.3,0,0,0,1124.4,0
2019-01-25 04:27:00,3,27,17.2,69,-4.0,1008.2,0,0,0,1124.4,0
2019-01-25 04:30:00,3,27,17.2,69,-4.0,1008.3,0,0,0,1124.4,0
2019-01-25 04:33:00,3,27,17.2,69,-4.0,1008.3,0,0,4,1124.4,0
2019-01-25 04:36:00,3,27,17.2,69,-4.0,1008.3,0,0,4,1124.4,0
2019-01-25 04:39:00,3,27,17.2,69,-4.0,1008.2,0,0,4,1124.4,0
2019-01-25 04:42:00,3,27,17.2,70,-4.0,1008.3,0,0,4,1124.4,0
2019-01-25 04:45:00,3,27,17.2,70,-4.0,1008.3,0,0,4,1124.4,0
2019-01-25 04:48:00,3,25,17.2,70,-4.0,1008.3,0,0,14,1124.4,0
2019-01-25 04:51:00,3,25,17.2,70,-4.0,1008.4,0,0,0,1124.4,0
2019-01-25 04:54:00,3,25,17.2,70,-4.0,1008.3,0,0,0,1124.4,0
2019-01-25 04:57:00,3,26,17.2,70,-4.0,1008.3,0,0,8,1124.4,0
2019-01-25 05:00:00,3,25,17.2,70,-4.0,1008.2,0,0,14,1124.4,0
2019-01-25 05:03:00,3,26,17.3,70,-4.0,1008.3,0,0,14,1124.4,0
2019-01-25 05:06:00,3,26,17.3,70,-4.0,1008.4,0,0,14,1124.4,0
2019-01-25 05:09:00,3,26,17.3,70,-4.0,1008.5,0,0,14,1124.4,0
2019-01-25 05:12:00,3,26,17.3,70,-4.0,1008.5,0,0,14,1124.4,0
2019-01-25 05:15:00,3,26,17.3,70,-4.0,1008.5,0,0,14,1124.4,0
2019-01-25 05:18:00,3,26,17.3,70,-4.0,1008.5,0,0,0,1124.4,0
2019-01-25 05:21:00,3,27,17.3,70,-4.0,1008.5,0,0,0,1124.4,0
2019-01-25 05:24:00,3,27,17.4,70,-4.1,1008.5,0,0,0,1124.4,0
2019-01-25 05:27:00,3,26,17.4,70,-4.1,1008.5,0,0,0,1124.4,0
2019-01-25 05:30:00,3,26,17.4,70,-4.1,1008.5,0,0,14,1124.4,0
2019-01-25 05:33:00,3,26,17.4,70,-4.1,1008.4,0,0,14,1124.4,0
2019-01-25 05:36:00,3,26,17.5,70,-4.1,1008.6,0,0,14,1124.4,0
2019-01-25 05:39:00,3,26,17.5,70,-4.1,1008.3,0,0,0,1124.4,0
2019-01-25 05:42:00,3,26,17.6,70,-4.1,1008.4,0,0,0,1124.4,0
2019-01-25 05:45:00,3,26,17.6,70,-4.1,1008.4,0,0,0,1124.4,0
2019-01-25 05:48:00,3,26,17.6,70,-4.1,1008.4,0,0,4,1124.4,0
2019-01-25 05:51:00,3,26,17.7,71,-4.1,1008.4,0,0,4,1124.4,0
2019-01-25 05:54:00,3,26,17.7,71,-4.1,1008.3,0,0,0,1124.4,0
2019-01-25 05:57:00,3,26,17.7,71,-4.1,1008.4,0,0,0,1124.4,0
2019-01-25 06:00:00,3,26,17.9,71,-4.1,1008.5,0,0,14,1124.4,0
2019-01-25 06:03:00,3,26,17.9,71,-4.1,1008.5,0,0,14,1124.4,0
2019-01-25 06:06:00,3,26,17.9,71,-4.1,1008.5,0,0,0,1124.4,0
2019-01-25 06:09:00,3,26,18.0,71,-4.1,1008.5,0,0,12,1124.4,0
2019-01-25 06:12:00,3,26,18.0,71,-4.1,1008.4,0,0,12,1124.4,0
2019-01-25 06:15:00,3,26,18.0,71,-4.1,1008.4,0,0,8,1124.4,0
2019-01-25 06:18:00,3,26,18.1,71,-4.1,1008.5,0,0,8,1124.4,0
2019-01-25 06:21:00,3,26,18.1,71,-4.1,1008.4,0,0,0,1124.4,0
2019-01-25 06:24:00,3,26,18.1,71,-4.1,1008.5,0,0,0,1124.4,0
2019-01-25 06:27:00,3,26,18.1,71,-4.1,1008.5,0,0,0,1124.4,0
2019-01-25 06:30:00,3,26,18.2,71,-4.1,1008.5,0,0,0,1124.4,0
2019-01-25 06:33:00,3,26,18.2,71,-4.1,1008.6,0,0,0,1124.4,0
2019-01-25 06:36:00,3,26,18.3,71,-4.1,1008.6,0,0,0,1124.4,0
2019-01-25 06:39:00,3,26,18.3,71,-4.1,1008.6,0,0,14,1124.4,0
2019-01-25 06:42:00,3,26,18.4,71,-4.1,1008.7,0,0,14,1124.4,0
2019-01-25 06:45:00,3,26,18.4,71,-4.1,1008.8,0,0,8,1124.4,0
2019-01-25 06:48:00,3,26,18.5,71,-4.0,1008.7,0,0,14,1124.4,0
2019-01-25 06:51:00,3,26,18.5,71,-4.0,1008.9,0,0,0,1124.4,0
2019-01-25 06:54:00,3,26,18.6,71,-4.0,1008.8,0,0,0,1124.4,0
2019-01-25 06:57:00,3,26,18.6,71,-4.0,1008.9,0,0,12,1124.4,0
2019-01-25 07:00:00,3,26,18.9,71,-4.0,1008.9,0,0,12,1124.4,0
2019-01-25 07:03:00,3,25,19.1,71,-4.0,1009.0,0,0,12,1124.4,0
2019-01-25 07:06:00,3,25,19.3,71,-4.0,1009.1,0,0,12,1124.4,0
2019-01-25 07:09:00,3,24,19.5,71,-4.0,1009.1,0,0,12,1124.4,0
2019-01-25 07:12:00,3,24,19.7,71,-4.0,1009.1,0,0,14,1124.4,0
2019-01-25 07:15:00,3,24,19.8,71,-4.0,1009.1,0,0,14,1124.4,0
2019-01-25 07:18:00,3,23,20.0,71,-4.1,1009.3,0,0,12,1124.4,0
2019-01-25 07:21:00,3,23,20.0,71,-4.1,1009.2,0,0,12,1124.4,0
2019-01-25 07:24:00,3,23,20.1,71,-4.1,1009.1,0,0,12,1124.4,0
2019-01-25 07:27:00,3,23,20.3,71,-4.1,1009.2,0,0,0,1124.4,0
2019-01-25 07:30:00,3,23,20.4,71,-4.1,1009.1,0,0,0,1124.4,0
2019-01-25 07:33:00,3,23,20.5,71,-4.1,1009.2,0,0,0,1124.4,0
2019-01-25 07:36:00,3,22,20.5,71,-4.1,1009.2,0,0,14,1124.4,0
2019-01-25 07:39:00,3,22,20.6,71,-4.1,1009.3,0,0.3,14,1124.4,0
2019-01-25 07:42:00,3,22,20.6,71,-4.1,1009.2,0,0,12,1124.4,0
2019-01-25 07:45:00,3,23,20.7,71,-4.1,1009.3,0,0,10,1124.4,0
2019-01-25 07:48:00,3,23,20.7,71,-4.0,1009.3,0,0,10,1124.4,0
2019-01-25 07:51:00,3,22,20.8,72,-4.0,1009.3,0,0,10,1124.4,0
2019-01-25 07:54:00,3,22,20.9,72,-4.0,1009.3,0,0.3,10,1124.4,0
2019-01-25 07:57:00,3,22,20.9,72,-4.0,1009.3,0,0,10,1124.4,0
2019-01-25 08:00:00,3,21,21.0,72,-4.0,1009.4,0,0,12,1124.4,0
2019-01-25 08:03:00,3,20,21.1,72,-4.0,1009.3,0,0,12,1124.4,0
2019-01-25 08:06:00,3,21,21.1,72,-4.0,1009.4,0,0.3,6,1124.4,0
2019-01-25 08:09:00,3,21,21.1,72,-3.9,1009.5,0,0.3,10,1124.4,0
2019-01-25 08:12:00,3,22,20.9,72,-3.9,1009.4,0,0,0,1124.4,0
2019-01-25 08:15:00,3,22,20.9,72,-3.9,1009.4,0.3,0.7,0,1124.4,0
2019-01-25 08:18:00,3,23,20.7,72,-3.9,1009.3,0,0.3,0,1124.4,0
2019-01-25 08:21:00,3,23,20.7,72,-3.9,1009.4,0,0,14,1124.4,0
2019-01-25 08:24:00,3,23,20.6,72,-3.8,1009.4,0,0.3,14,1124.4,0
2019-01-25 08:27:00,3,22,20.6,72,-3.8,1009.3,0.3,0.7,8,1124.4,0
2019-01-25 08:30:00,3,22,20.6,72,-3.7,1009.5,0.3,0.7,10,1124.4,0
2019-01-25 08:33:00,3,23,20.5,72,-3.7,1009.4,0.3,0.7,10,1124.4,0
2019-01-25 08:36:00,3,23,20.5,72,-3.6,1009.2,0,0,10,1124.4,0
2019-01-25 08:39:00,3,22,20.5,72,-3.6,1009.3,0.3,0.7,6,1124.4,0
2019-01-25 08:42:00,3,23,20.4,72,-3.5,1009.3,0,0,10,1124.4,0
2019-01-25 08:45:00,3,22,20.4,72,-3.5,1009.3,0,0.3,12,1124.4,0
2019-01-25 08:48:00,3,23,20.3,72,-3.4,1009.2,0,0,8,1124.4,0
2019-01-25 08:51:00,3,23,20.3,72,-3.2,1009.1,0.3,0.3,10,1124.4,0
2019-01-25 08:54:00,3,23,20.2,72,-3.1,1009.2,0,0,10,1124.4,0
2019-01-25 08:57:00,3,23,20.1,72,-3.0,1009.3,0.3,1.0,10,1124.4,0
2019-01-25 09:00:00,3,23,20.1,71,-2.9,1009.2,0.3,0.7,10,1124.4,0
2019-01-25 09:03:00,3,23,20.1,71,-2.9,1009.3,0.3,0.7,10,1124.4,0
2019-01-25 09:06:00,3,23,20.0,71,-2.9,1009.3,0.3,0.7,10,1124.4,0
2019-01-25 09:09:00,3,23,20.0,71,-2.9,1009.3,0.3,0.7,10,1124.4,0
2019-01-25 09:12:00,3,24,19.9,70,-3.1,1009.3,0.3,0.7,12,1124.4,0
2019-01-25 09:15:00,3,24,19.8,70,-3.1,1009.3,0,0,10,1124.4,0
2019-01-25 09:18:00,3,24,19.8,70,-3.1,1009.4,1.0,1.4,12,1124.4,0
2019-01-25 09:21:00,3,24,19.8,70,-3.1,1009.5,0.3,1.0,12,1124.4,0
2019-01-25 09:24:00,3,24,19.7,70,-3.1,1009.5,0,0.3,12,1124.4,0
2019-01-25 09:27:00,3,24,19.7,70,-3.1,1009.4,0.7,1.0,14,1124.4,0
2019-01-25 09:30:00,3,24,19.7,69,-3.2,1009.4,1.4,2.0,8,1124.4,0
2019-01-25 09:33:00,3,24,19.7,69,-3.2,1009.5,0.7,1.0,14,1124.4,0
2019-01-25 09:36:00,3,24,19.6,68,-3.1,1009.4,0.3,0.7,10,1124.4,0
2019-01-25 09:39:00,3,25,19.6,68,-3.1,1009.4,0.3,0.7,10,1124.4,0
2019-01-25 09:42:00,3,25,19.6,68,-3.1,1009.4,0.7,1.0,10,1124.4,0
2019-01-25 09:45:00,3,25,19.6,67,-3.1,1009.4,0.7,1.0,8,1124.4,0
2019-01-25 09:48:00,3,25,19.6,67,-3.0,1009.4,0,0.3,8,1124.4,0
2019-01-25 09:51:00,3,25,19.6,67,-2.8,1009.3,0.3,0.7,10,1124.4,0
2019-01-25 09:54:00,3,25,19.6,67,-2.3,1009.4,0.3,0.7,8,1124.4,0
2019-01-25 09:57:00,3,25,19.5,67,-1.9,1009.3,0.3,0.7,10,1124.4,0
2019-01-25 10:00:00,3,25,19.5,65,-1.7,1009.4,1.0,1.4,10,1124.4,0
2019-01-25 10:03:00,3,25,19.5,63,-1.5,1009.2,0.7,1.0,12,1124.4,0
2019-01-25 10:06:00,3,25,19.5,62,-1.2,1009.2,0.3,0.7,10,1124.4,0
2019-01-25 10:09:00,3,25,19.5,61,-1.1,1009.2,1.4,1.7,10,1124.4,0
2019-01-25 10:12:00,3,25,19.5,60,-1.1,1009.1,1.4,1.7,10,1124.4,0
2019-01-25 10:15:00,3,25,19.4,60,-1.3,1009.2,0.7,1.4,13,1124.4,0
2019-01-25 10:18:00,3,25,19.4,60,-1.3,1009.1,1.0,1.7,14,1124.4,0
2019-01-25 10:21:00,3,25,19.3,60,-1.4,1009.2,0.7,1.0,2,1124.4,0
2019-01-25 10:24:00,3,25,19.3,60,-1.1,1009.1,0.7,1.0,10,1124.4,0
2019-01-25 10:27:00,3,25,19.3,60,-0.8,1009.2,0.7,1.0,10,1124.4,0
2019-01-25 10:30:00,3,25,19.3,60,-0.8,1009.1,1.0,1.4,15,1124.4,0
2019-01-25 10:33:00,3,25,19.3,60,-0.7,1009.1,0.3,0.7,10,1124.4,0
2019-01-25 10:36:00,3,25,19.3,60,-0.4,1009.0,0.3,1.0,10,1124.4,0
2019-01-25 10:39:00,3,25,19.2,57,-0.6,1009.1,0.7,1.0,12,1124.4,0
2019-01-25 10:42:00,3,25,19.2,55,-0.9,1009.1,1.0,1.4,10,1124.4,0
2019-01-25 10:45:00,3,25,19.2,55,-1.1,1009.0,0.7,1.0,13,1124.4,0
2019-01-25 10:48:00,3,25,19.2,55,-1.3,1008.9,1.4,1.7,12,1124.4,0
2019-01-25 10:51:00,3,25,19.2,55,-1.6,1009.0,1.7,2.0,10,1124.4,0
2019-01-25 10:54:00,3,25,19.2,55,-1.7,1008.9,1.0,2.0,10,1124.4,0
2019-01-25 10:57:00,3,25,19.1,55,-1.8,1008.9,1.4,2.0,10,1124.4,0
2019-01-25 11:00:00,3,25,19.1,56,-1.6,1008.9,1.0,1.4,10,1124.4,0
2019-01-25 11:03:00,3,26,19.1,56,-1.6,1008.8,1.0,1.4,10,1124.4,0
2019-01-25 11:07:00,3,26,19.1,55,-1.6,1008.8,1.4,1.7,10,1124.4,0
2019-01-25 11:10:00,3,26,19.0,55,-1.6,1008.7,1.0,1.4,10,1124.4,0
2019-01-25 11:13:00,3,26,19.0,55,-1.5,1008.8,0.7,1.0,14,1124.4,0
2019-01-25 11:16:00,3,26,19.0,54,-1.5,1008.8,1.0,1.4,8,1124.4,0
2019-01-25 11:19:00,3,26,19.0,54,-1.5,1008.7,1.4,1.7,12,1124.4,0
2019-01-25 11:22:00,3,26,19.0,54,-1.6,1008.7,1.7,2.0,10,1124.4,0
2019-01-25 11:25:00,3,26,19.0,53,-1.7,1008.7,1.7,2.4,12,1124.4,0
2019-01-25 11:28:00,3,26,19.0,54,-1.8,1008.8,1.4,1.7,14,1124.4,0
2019-01-25 11:31:00,3,27,18.9,55,-1.8,1008.9,0.7,1.0,10,1124.4,0
2019-01-25 11:34:00,3,27,18.9,55,-1.8,1008.8,1.4,1.4,8,1124.4,0
2019-01-25 11:37:00,3,27,18.8,55,-1.7,1008.7,0.7,1.0,8,1124.4,0
2019-01-25 11:40:00,3,27,18.8,56,-1.6,1008.7,1.0,1.4,10,1124.4,0
2019-01-25 11:43:00,3,27,18.8,55,-1.6,1008.7,1.7,2.0,12,1124.4,0
2019-01-25 11:46:00,3,27,18.8,55,-1.6,1008.7,1.0,1.4,10,1124.4,0
2019-01-25 11:49:00,3,27,18.8,55,-1.5,1008.6,1.0,1.4,12,1124.4,0
2019-01-25 11:52:00,3,27,18.7,54,-1.5,1008.7,1.0,1.0,10,1124.4,0
2019-01-25 11:55:00,3,27,18.6,55,-1.5,1008.6,1.4,1.7,8,1124.4,0
2019-01-25 11:58:00,3,27,18.6,55,-1.5,1008.5,0.7,1.0,10,1124.4,0
2019-01-25 12:01:00,3,27,18.6,54,-1.6,1008.4,1.4,1.7,10,1124.4,0
2019-01-25 12:04:00,3,27,18.6,54,-1.7,1008.6,1.4,2.0,12,1124.4,0
2019-01-25 12:07:00,3,27,18.5,54,-1.8,1008.6,1.0,1.7,12,1124.4,0
2019-01-25 12:10:00,3,27,18.5,54,-1.9,1008.5,1.0,1.4,10,1124.4,0
2019-01-25 12:13:00,3,28,18.5,54,-1.9,1008.5,1.7,2.0,0,1124.4,0
2019-01-25 12:16:00,3,28,18.5,54,-1.9,1008.6,0.7,1.0,14,1124.4,0
2019-01-25 12:19:00,3,28,18.5,54,-2.0,1008.6,1.4,1.7,14,1124.4,0
2019-01-25 12:22:00,3,28,18.5,55,-2.1,1008.5,1.4,2.0,10,1124.4,0
2019-01-25 12:25:00,3,27,18.4,56,-2.0,1008.5,0.3,0.7,12,1124.4,0
2019-01-25 12:28:00,3,28,18.4,56,-2.0,1008.5,0.3,0.7,12,1124.4,0
2019-01-25 12:31:00,3,27,18.4,57,-2.0,1008.4,1.0,1.4,10,1124.4,0
2019-01-25 12:34:00,3,28,18.4,57,-1.9,1008.5,1.7,2.0,11,1124.4,0
2019-01-25 12:37:00,3,28,18.4,57,-2.0,1008.4,1.0,1.4,10,1124.4,0
2019-01-25 12:40:00,3,27,18.4,57,-2.1,1008.3,0.7,1.0,8,1124.4,0
2019-01-25 12:43:00,3,27,18.5,58,-2.1,1008.3,0.3,1.0,11,1124.4,0
2019-01-25 12:46:00,3,27,18.5,58,-2.1,1008.4,0.3,0.7,10,1124.4,0
2019-01-25 12:49:00,3,27,18.5,59,-2.1,1008.4,1.4,1.7,10,1124.4,0
2019-01-25 12:52:00,3,27,18.5,59,-2.0,1008.2,0.7,1.0,12,1124.4,0
2019-01-25 12:55:00,3,27,18.5,60,-2.0,1008.2,1.0,1.4,8,1124.4,0
2019-01-25 12:58:00,3,27,18.5,59,-2.0,1008.2,0.7,1.0,13,1124.4,0
2019-01-25 13:01:00,3,27,18.5,59,-2.0,1008.1,1.4,1.7,10,1124.4,0
2019-01-25 13:04:00,3,27,18.5,59,-2.0,1008.1,1.4,1.7,10,1124.4,0
2019-01-25 13:07:00,3,28,18.5,59,-2.0,1008.1,1.4,1.7,10,1124.4,0
2019-01-25 13:10:00,3,28,18.6,59,-2.0,1008.1,0.7,1.0,10,1124.4,0
2019-01-25 13:13:00,3,27,18.6,60,-2.0,1008.1,0.7,1.0,10,1124.4,0
2019-01-25 13:16:00,3,27,18.6,59,-2.0,1008.1,1.0,1.4,8,1124.4,0
2019-01-25 13:19:00,3,27,18.7,59,-2.0,1008.1,0.7,1.0,10,1124.4,0
2019-01-25 13:22:00,3,27,18.8,60,-2.0,1008.1,0.7,1.0,10,1124.4,0
2019-01-25 13:25:00,3,27,18.8,60,-2.0,1008.2,0.3,0.7,9,1124.4,0
2019-01-25 13:28:00,3,27,18.8,60,-1.9,1008.1,0.3,0.7,8,1124.4,0
2019-01-25 13:31:00,3,27,18.8,60,-1.9,1008.1,0.3,0.7,8,1124.4,0
2019-01-25 13:34:00,3,27,18.9,60,-2.0,1008.0,1.0,1.4,8,1124.4,0
2019-01-25 13:37:00,3,27,18.9,60,-2.1,1008.0,1.4,1.7,10,1124.4,0
2019-01-25 13:40:00,3,27,18.9,60,-2.2,1008.1,0.7,1.0,10,1124.4,0
2019-01-25 13:43:00,3,26,19.0,60,-2.2,1008.0,0,0.3,12,1124.4,0
2019-01-25 13:46:00,3,26,19.0,60,-2.2,1008.0,0.3,0.7,10,1124.4,0
2019-01-25 13:49:00,3,26,19.0,60,-2.2,1008.1,0.7,1.0,10,1124.4,0
2019-01-25 13:52:00,3,26,19.0,60,-2.2,1008.0,0.3,0.7,10,1124.4,0
2019-01-25 13:55:00,3,26,19.1,60,-2.2,1007.9,0.7,1.0,8,1124.4,0
2019-01-25 13:58:00,3,26,19.1,60,-2.2,1008.0,0,0.3,8,1124.4,0
2019-01-25 14:01:00,3,26,19.1,60,-2.2,1008.0,0,0.3,10,1124.4,0
2019-01-25 14:04:00,3,26,19.1,61,-2.2,1008.2,0.7,1.0,10,1124.4,0
2019-01-25 14:07:00,3,26,19.1,61,-2.2,1008.1,0,0.7,10,1124.4,0
2019-01-25 14:10:00,3,26,19.1,61,-2.2,1007.9,0.7,1.0,6,1124.4,0
2019-01-25 14:13:00,3,26,19.1,61,-2.2,1007.9,0,0,12,1124.4,0
2019-01-25 14:16:00,3,26,19.2,61,-2.3,1007.8,0.7,1.0,10,1124.4,0
2019-01-25 14:19:00,3,26,19.2,61,-2.3,1007.9,0.3,0.7,12,1124.4,0
2019-01-25 14:22:00,3,26,19.2,61,-2.3,1007.9,0,0.3,10,1124.4,0
2019-01-25 14:25:00,3,26,19.2,61,-2.3,1007.9,0.7,1.0,8,1124.4,0
2019-01-25 14:28:00,3,26,19.2,62,-2.4,1007.9,0.7,1.0,10,1124.4,0
2019-01-25 14:31:00,3,26,19.2,62,-2.4,1008.0,0.7,1.0,8,1124.4,0
2019-01-25 14:34:00,3,26,19.2,62,-2.4,1007.9,0.3,0.7,10,1124.4,0
2019-01-25 14:37:00,3,26,19.2,62,-2.5,1008.0,0,0,10,1124.4,0
2019-01-25 14:40:00,3,26,19.2,62,-2.5,1008.0,0.3,0.7,8,1124.4,0
2019-01-25 14:43:00,3,25,19.2,63,-2.5,1007.8,0,0,8,1124.4,0
2019-01-25 14:46:00,3,25,19.2,63,-2.5,1007.9,0.3,0.7,10,1124.4,0
2019-01-25 14:49:00,3,25,19.2,63,-2.5,1007.8,0,0.3,6,1124.4,0
2019-01-25 14:52:00,3,25,19.2,64,-2.5,1007.7,0,0.3,10,1124.4,0
2019-01-25 14:55:00,3,25,19.2,64,-2.5,1007.7,0.3,0.7,10,1124.4,0
2019-01-25 14:58:00,3,25,19.2,64,-2.5,1007.6,0.7,0.7,10,1124.4,0
2019-01-25 15:01:00,3,25,19.2,65,-2.5,1007.6,0.3,0.7,10,1124.4,0
2019-01-25 15:04:00,3,25,19.3,65,-2.5,1007.6,0.3,0.7,10,1124.4,0
2019-01-25 15:07:00,3,25,19.3,65,-2.5,1007.6,0.3,0.7,10,1124.4,0
2019-01-25 15:10:00,3,26,19.3,66,-2.6,1007.6,0.7,1.4,10,1124.4,0
2019-01-25 15:13:00,3,26,19.3,66,-2.6,1007.6,0,0.3,10,1124.4,0
2019-01-25 15:16:00,3,26,19.3,66,-2.6,1007.5,0,0.7,8,1124.4,0
2019-01-25 15:19:00,3,26,19.3,67,-2.6,1007.5,0.7,1.0,8,1124.4,0
2019-01-25 15:22:00,3,26,19.3,67,-2.6,1007.6,0.7,1.0,10,1124.4,0
2019-01-25 15:25:00,3,26,19.3,67,-2.7,1007.5,0,0,8,1124.4,0
2019-01-25 15:28:00,3,26,19.3,67,-2.7,1007.6,0,0,10,1124.4,0
2019-01-25 15:31:00,3,26,19.3,67,-2.7,1007.5,0,0.3,10,1124.4,0
2019-01-25 15:34:00,3,26,19.3,67,-2.7,1007.6,0,0,10,1124.4,0
2019-01-25 15:37:00,3,26,19.3,68,-2.7,1007.6,0,0,10,1124.4,0
2019-01-25 15:40:00,3,26,19.3,68,-2.7,1007.6,0.7,1.0,10,1124.4,0
2019-01-25 15:43:00,3,26,19.3,68,-2.7,1007.7,0.3,0.7,10,1124.4,0
2019-01-25 15:46:00,3,26,19.4,68,-2.7,1007.7,0.3,0.7,8,1124.4,0
2019-01-25 15:49:00,3,26,19.4,68,-2.7,1007.8,0.3,0.7,8,1124.4,0
2019-01-25 15:52:00,3,26,19.4,68,-2.7,1007.9,0.7,1.0,10,1124.4,0
2019-01-25 15:55:00,3,26,19.5,69,-2.7,1007.8,0.3,0.7,8,1124.4,0
2019-01-25 15:58:00,3,26,19.5,69,-2.7,1007.8,0,0,8,1124.4,0
2019-01-25 16:01:00,3,26,19.5,69,-2.7,1007.7,0,0.3,8,1124.4,0
2019-01-25 16:04:00,3,26,19.5,69,-2.7,1007.7,0,0.3,8,1124.4,0
2019-01-25 16:07:00,3,26,19.5,69,-2.7,1007.7,0.3,0.7,8,1124.4,0
2019-01-25 16:10:00,3,26,19.5,69,-2.7,1007.7,0.3,0.7,10,1124.4,0
2019-01-25 16:13:00,3,26,19.5,69,-2.7,1007.6,0,0.3,8,1124.4,0
2019-01-25 16:16:00,3,26,19.5,69,-2.7,1007.7,1.0,1.4,8,1124.4,0
2019-01-25 16:19:00,3,26,19.5,69,-2.7,1007.7,0.3,0.7,4,1124.4,0
2019-01-25 16:22:00,3,26,19.5,69,-2.7,1007.6,0,0,8,1124.4,0
2019-01-25 16:25:00,3,26,19.5,69,-2.7,1007.6,0.3,0.7,8,1124.4,0
2019-01-25 16:28:00,3,26,19.6,69,-2.7,1007.7,0,0.7,8,1124.4,0
2019-01-25 16:31:00,3,26,19.6,69,-2.7,1007.7,0,0,8,1124.4,0
2019-01-25 16:34:00,3,26,19.6,69,-2.7,1007.7,0,0,10,1124.4,0
2019-01-25 16:37:00,3,26,19.6,69,-2.7,1007.8,0,0,10,1124.4,0
2019-01-25 16:40:00,3,26,19.6,69,-2.7,1007.7,0,0.3,10,1124.4,0
2019-01-25 16:43:00,3,26,19.6,69,-2.7,1007.7,0,0,14,1124.4,0
2019-01-25 16:46:00,3,26,19.6,69,-2.7,1007.6,0.3,0.7,8,1124.4,0
2019-01-25 16:49:00,3,26,19.6,69,-2.7,1007.6,0.3,0.7,8,1124.4,0
2019-01-25 16:52:00,3,26,19.6,69,-2.7,1007.7,0,0,8,1124.4,0
2019-01-25 16:55:00,3,26,19.6,69,-2.7,1007.6,0,0.3,10,1124.4,0
2019-01-25 16:58:00,3,26,19.6,69,-2.7,1007.6,0,0.3,10,1124.4,0
2019-01-25 17:01:00,3,26,19.6,69,-2.6,1007.7,0,0.3,10,1124.4,0
2019-01-25 17:04:00,3,26,19.6,69,-2.6,1007.6,0,0.3,10,1124.4,0
2019-01-25 17:07:00,3,26,19.6,69,-2.6,1007.6,0,0.3,10,1124.4,0
2019-01-25 17:10:00,3,26,19.6,69,-2.6,1007.6,0,0.3,4,1124.4,0
2019-01-25 17:13:00,3,26,19.6,69,-2.6,1007.5,0,0,14,1124.4,0
2019-01-25 17:16:00,3,26,19.6,69,-2.6,1007.4,0,0.3,0,1124.4,0
2019-01-25 17:19:00,3,26,19.6,69,-2.6,1007.3,0.7,1.0,8,1124.4,0
2019-01-25 17:22:00,3,26,19.6,69,-2.6,1007.3,0,0.3,14,1124.4,0
2019-01-25 17:25:00,3,26,19.6,69,-2.6,1007.4,0,0,8,1124.4,0
2019-01-25 17:28:00,3,26,19.6,69,-2.5,1007.3,0,0,8,1124.4,0
2019-01-25 17:31:00,3,26,19.6,69,-2.5,1007.3,0.3,0.3,4,1124.4,0
2019-01-25 17:34:00,3,26,19.6,69,-2.5,1007.3,0.7,1.4,8,1124.4,0
2019-01-25 17:37:00,3,26,19.6,69,-2.5,1007.3,0.3,1.0,14,1124.4,0
2019-01-25 17:40:00,3,26,19.6,68,-2.5,1007.2,0.7,1.0,8,1124.4,0
2019-01-25 17:43:00,3,26,19.6,68,-2.5,1007.1,0,0.3,8,1124.4,0
2019-01-25 17:46:00,3,26,19.6,68,-2.5,1007.2,1.0,1.4,6,1124.4,0
2019-01-25 17:49:00,3,26,19.6,68,-2.5,1007.1,0.3,0.7,8,1124.4,0
2019-01-25 17:52:00,3,26,19.6,68,-2.5,1007.1,0.3,0.7,8,1124.4,0
2019-01-25 17:55:00,3,26,19.7,68,-2.5,1006.9,0.7,1.0,6,1124.4,0
2019-01-25 17:58:00,3,26,19.7,68,-2.4,1006.9,0.7,1.0,8,1124.4,0
2019-01-25 18:01:00,3,26,19.7,68,-2.4,1006.9,0.7,1.0,8,1124.4,0
2019-01-25 18:04:00,3,26,19.7,68,-2.4,1006.7,0.3,0.7,8,1124.4,0
2019-01-25 18:07:00,3,26,19.7,68,-2.4,1006.7,0.7,1.4,4,1124.4,0
2019-01-25 18:10:00,3,26,19.7,68,-2.4,1006.6,0.3,0.7,8,1124.4,0
2019-01-25 18:13:00,3,26,19.7,68,-2.4,1006.6,0.7,1.0,4,1124.4,0
2019-01-25 18:16:00,3,26,19.7,68,-2.4,1006.4,0.7,1.0,10,1124.4,0
2019-01-25 18:19:00,3,26,19.7,68,-2.4,1006.4,0.7,1.0,10,1124.4,0
2019-01-25 18:22:00,3,26,19.7,68,-2.4,1006.2,0.3,0.7,9,1124.4,0
2019-01-25 18:25:00,3,26,19.7,68,-2.4,1006.4,0.3,0.7,10,1124.4,0
2019-01-25 18:28:00,3,26,19.7,68,-2.4,1006.2,1.0,1.4,9,1124.4,0
2019-01-25 18:31:00,3,26,19.7,67,-2.4,1006.2,0.7,1.0,14,1124.4,0
2019-01-25 18:34:00,3,26,19.7,67,-2.4,1006.2,1.4,1.7,6,1124.4,0
2019-01-25 18:37:00,3,26,19.7,67,-2.4,1006.1,0.7,1.0,6,1124.4,0
2019-01-25 18:40:00,3,25,19.7,66,-2.4,1006.0,2.0,3.1,10,1124.4,0
2019-01-25 18:43:00,3,25,19.7,66,-2.4,1006.0,0.7,1.4,14,1124.4,0
2019-01-25 18:46:00,3,25,19.7,66,-2.3,1005.9,1.7,2.0,8,1124.4,0
2019-01-25 18:49:00,3,25,19.6,66,-2.3,1006.0,1.4,1.7,10,1124.4,0
2019-01-25 18:52:00,3,25,19.6,66,-2.3,1006.0,0.3,0.7,8,1124.4,0
2019-01-25 18:55:00,3,25,19.6,67,-2.3,1005.9,0,0.3,10,1124.4,0
2019-01-25 18:58:00,3,25,19.6,67,-2.3,1005.9,0.3,0.7,6,1124.4,0
2019-01-25 19:01:00,3,25,19.6,67,-2.3,1005.9,0,0.3,10,1124.4,0
2019-01-25 19:04:00,3,25,19.6,67,-2.3,1005.7,0,0.3,10,1124.4,0
2019-01-25 19:07:00,3,25,19.6,67,-2.3,1005.8,0,0.3,10,1124.4,0
2019-01-25 19:10:00,3,25,19.6,67,-2.3,1005.8,0,0,8,1124.4,0
2019-01-25 19:13:00,3,25,19.6,67,-2.3,1005.7,0.7,1.0,10,1124.4,0
2019-01-25 19:16:00,3,25,19.6,67,-2.3,1005.7,1.4,2.0,8,1124.4,0
2019-01-25 19:19:00,3,25,19.6,67,-2.3,1005.7,1.4,2.0,12,1124.4,0
2019-01-25 19:22:00,3,25,19.6,67,-2.3,1005.7,0.7,1.4,4,1124.4,0
2019-01-25 19:25:00,3,25,19.6,67,-2.3,1005.6,1.0,1.7,8,1124.4,0
2019-01-25 19:28:00,3,25,19.6,66,-2.3,1005.5,1.0,1.4,10,1124.4,0
2019-01-25 19:31:00,3,25,19.6,66,-2.3,1005.6,1.7,2.0,12,1124.4,0
2019-01-25 19:34:00,3,25,19.6,66,-2.2,1005.5,1.7,3.1,8,1124.4,0
2019-01-25 19:37:00,3,25,19.6,65,-2.2,1005.4,1.0,1.4,10,1124.4,0
2019-01-25 19:40:00,3,25,19.6,65,-2.2,1005.5,1.4,2.0,10,1124.4,0
2019-01-25 19:43:00,3,25,19.6,64,-2.2,1005.4,0.7,1.4,10,1124.4,0
2019-01-25 19:46:00,3,25,19.6,64,-2.2,1005.4,0.7,1.0,10,1124.4,0
2019-01-25 19:49:00,3,25,19.6,64,-2.2,1005.4,1.0,1.4,2,1124.4,0
2019-01-25 19:52:00,3,25,19.6,64,-2.2,1005.4,1.0,1.4,9,1124.4,0
2019-01-25 19:55:00,3,25,19.6,64,-2.2,1005.4,0.7,1.4,10,1124.4,0
2019-01-25 19:58:00,3,25,19.6,64,-2.2,1005.4,1.0,1.4,10,1124.4,0
2019-01-25 20:01:00,3,25,19.6,63,-2.2,1005.3,1.7,2.4,10,1124.4,0
2019-01-25 20:04:00,3,25,19.6,63,-2.3,1005.3,1.0,1.7,10,1124.4,0
2019-01-25 20:07:00,3,25,19.6,62,-2.3,1005.3,2.7,3.4,10,1124.4,0
2019-01-25 20:10:00,3,25,19.6,62,-2.3,1005.2,1.7,2.7,10,1124.4,0
2019-01-25 20:13:00,3,25,19.6,62,-2.3,1005.2,1.7,2.4,10,1124.4,0
2019-01-25 20:16:00,3,25,19.6,62,-2.3,1005.2,0.7,1.0,8,1124.4,0
2019-01-25 20:19:00,3,25,19.6,62,-2.3,1005.1,1.0,1.7,9,1124.4,0
2019-01-25 20:22:00,3,25,19.6,62,-2.3,1005.2,1.0,1.4,8,1124.4,0
2019-01-25 20:25:00,3,25,19.6,62,-2.4,1005.2,0.7,1.0,10,1124.4,0
2019-01-25 20:28:00,3,25,19.6,62,-2.4,1005.0,1.0,1.4,10,1124.4,0
2019-01-25 20:31:00,3,25,19.6,62,-2.4,1005.1,1.0,1.4,10,1124.4,0
2019-01-25 20:34:00,3,26,19.6,62,-2.4,1005.1,1.0,1.4,12,1124.4,0
2019-01-25 20:37:00,3,26,19.6,62,-2.4,1005.1,1.7,2.4,8,1124.4,0
2019-01-25 20:40:00,3,25,19.6,61,-2.4,1005.0,1.4,2.0,10,1124.4,0
2019-01-25 20:43:00,3,25,19.6,61,-2.4,1005.0,1.4,2.0,9,1124.4,0
2019-01-25 20:46:00,3,25,19.6,61,-2.5,1005.0,1.0,1.4,10,1124.4,0
2019-01-25 20:49:00,3,26,19.6,61,-2.5,1005.0,1.4,2.0,10,1124.4,0
2019-01-25 20:52:00,3,25,19.6,61,-2.5,1004.9,2.7,3.7,8,1124.4,0
2019-01-25 20:55:00,3,25,19.6,61,-2.5,1004.7,0.3,0.7,8,1124.4,0
2019-01-25 20:58:00,3,25,19.6,61,-2.5,1004.6,1.0,1.7,12,1124.4,0
2019-01-25 21:01:00,3,25,19.6,61,-2.5,1004.7,0.7,1.4,10,1124.4,0
2019-01-25 21:04:00,3,25,19.6,61,-2.5,1004.7,0.7,1.4,10,1124.4,0
2019-01-25 21:07:00,3,25,19.6,61,-2.5,1004.5,0.7,1.4,10,1124.4,0
2019-01-25 21:10:00,3,25,19.6,61,-2.5,1004.6,1.0,1.4,14,1124.4,0
2019-01-25 21:13:00,3,25,19.6,61,-2.6,1004.6,0.3,1.0,8,1124.4,0
2019-01-25 21:16:00,3,25,19.6,61,-2.5,1004.5,0.3,0.7,10,1124.4,0
2019-01-25 21:19:00,3,25,19.6,61,-2.6,1004.4,0.7,1.4,4,1124.4,0
2019-01-25 21:22:00,3,25,19.6,61,-2.6,1004.4,0.7,0.7,8,1124.4,0
2019-01-25 21:25:00,3,25,19.6,61,-2.6,1004.3,1.0,1.7,8,1124.4,0
2019-01-25 21:28:00,3,25,19.6,61,-2.6,1004.3,0.3,0.7,14,1124.4,0
2019-01-25 21:31:00,3,25,19.6,61,-2.6,1004.4,0.7,1.0,10,1124.4,0
2019-01-25 21:34:00,3,25,19.6,61,-2.6,1004.5,1.0,1.7,10,1124.4,0
2019-01-25 21:37:00,3,25,19.5,61,-2.6,1004.2,0.7,1.0,8,1124.4,0
2019-01-25 21:40:00,3,25,19.5,61,-2.6,1004.2,0.7,1.0,10,1124.4,0
2019-01-25 21:43:00,3,25,19.5,61,-2.6,1004.2,0,0.3,10,1124.4,0
2019-01-25 21:46:00,3,25,19.5,61,-2.6,1004.3,0.7,1.0,10,1124.4,0
2019-01-25 21:49:00,3,25,19.5,61,-2.5,1004.2,0.3,0.7,10,1124.4,0
2019-01-25 21:52:00,3,25,19.4,61,-2.5,1004.1,0.7,1.4,9,1124.4,0
2019-01-25 21:55:00,3,25,19.4,61,-2.5,1004.0,1.0,1.4,8,1124.4,0
2019-01-25 21:58:00,3,25,19.4,61,-2.6,1003.9,0.7,1.0,5,1124.4,0
2019-01-25 22:01:00,3,25,19.4,61,-2.5,1003.9,1.0,1.7,12,1124.4,0
2019-01-25 22:04:00,3,25,19.3,61,-2.6,1003.8,0,0,10,1124.4,0
2019-01-25 22:07:00,3,25,19.3,61,-2.5,1003.9,0.7,1.7,4,1124.4,0
2019-01-25 22:10:00,3,25,19.3,61,-2.5,1003.8,1.0,1.4,8,1124.4,0
2019-01-25 22:13:00,3,25,19.3,61,-2.6,1003.9,0.7,1.0,6,1124.4,0
2019-01-25 22:16:00,3,25,19.3,61,-2.5,1003.7,1.0,1.4,8,1124.4,0
2019-01-25 22:19:00,3,25,19.3,61,-2.5,1003.8,0.7,1.0,8,1124.4,0
2019-01-25 22:22:00,3,25,19.2,61,-2.5,1003.6,0.3,0.7,8,1124.4,0
2019-01-25 22:25:00,3,25,19.2,61,-2.5,1003.5,1.4,1.7,7,1124.4,0
2019-01-25 22:28:00,3,25,19.2,61,-2.5,1003.5,0.7,1.0,8,1124.4,0
2019-01-25 22:31:00,3,25,19.2,61,-2.5,1003.5,0.7,1.0,6,1124.4,0
2019-01-25 22:34:00,3,25,19.2,61,-2.5,1003.3,1.0,1.4,8,1124.4,0
2019-01-25 22:37:00,3,25,19.1,61,-2.6,1003.2,1.4,1.7,8,1124.4,0
2019-01-25 22:40:00,3,25,19.1,61,-2.5,1003.1,1.7,2.4,10,1124.4,0
2019-01-25 22:43:00,3,25,19.1,61,-2.5,1003.1,1.4,2.0,9,1124.4,0
2019-01-25 22:46:00,3,25,19.1,61,-2.5,1003.1,0.3,0.7,8,1124.4,0
2019-01-25 22:49:00,3,25,19.0,61,-2.5,1003.1,1.4,2.0,6,1124.4,0
2019-01-25 22:52:00,3,25,19.0,61,-2.5,1002.9,0.3,0.7,6,1124.4,0
2019-01-25 22:55:01,3,25,19.0,61,-2.5,1002.6,0.7,1.7,8,1124.4,0
2019-01-25 22:58:01,3,25,19.0,61,-2.5,1002.6,0.3,0.7,8,1124.4,0
2019-01-25 23:01:01,3,26,18.9,61,-2.5,1002.7,0.7,1.0,8,1124.4,0
2019-01-25 23:04:01,3,26,18.9,61,-2.5,1002.6,0.7,1.0,8,1124.4,0
2019-01-25 23:07:01,3,26,18.9,61,-2.5,1002.5,0.7,1.0,8,1124.4,0
2019-01-25 23:10:01,3,26,18.9,61,-2.5,1002.5,0.7,1.4,8,1124.4,0
2019-01-25 23:13:01,3,26,18.8,62,-2.5,1002.4,2.0,3.1,8,1124.4,0
2019-01-25 23:16:01,3,26,18.8,62,-2.5,1002.4,1.0,1.4,8,1124.4,0
2019-01-25 23:19:01,3,26,18.8,62,-2.6,1002.3,1.0,1.4,0,1124.4,0
2019-01-25 23:22:01,3,26,18.8,63,-2.6,1002.3,1.0,1.4,8,1124.4,0
2019-01-25 23:25:01,3,26,18.7,63,-2.6,1002.3,1.0,1.4,8,1124.4,0
2019-01-25 23:28:01,3,26,18.6,63,-2.6,1002.2,0.7,1.4,6,1124.4,0
2019-01-25 23:31:01,3,26,18.6,64,-2.6,1002.1,1.0,1.4,10,1124.4,0
2019-01-25 23:34:01,3,26,18.6,64,-2.6,1002.0,0.7,1.0,8,1124.4,0
2019-01-25 23:37:01,3,26,18.5,64,-2.6,1001.9,0.7,1.0,6,1124.4,0
2019-01-25 23:40:01,3,26,18.5,64,-2.6,1001.8,0.7,1.4,8,1124.4,0
2019-01-25 23:43:01,3,26,18.5,65,-2.6,1001.7,1.4,1.7,8,1124.4,0
2019-01-25 23:46:01,3,26,18.5,65,-2.6,1001.8,1.0,2.4,6,1124.4,0
2019-01-25 23:49:01,3,26,18.4,65,-2.6,1001.7,0.7,1.0,8,1124.4,0
2019-01-25 23:52:01,3,26,18.4,65,-2.6,1001.6,0.7,1.0,6,1124.4,0
2019-01-25 23:55:01,3,26,18.4,65,-2.6,1001.6,1.0,1.4,10,1124.4,0
2019-01-25 23:58:01,3,26,18.4,65,-2.6,1001.6,0.7,1.0,10,1124.4,0
