2019-01-12 00:01:59,3,35,19.3,81,5.4,1007.5,1.0,1.4,14,1113.3,0
2019-01-12 00:04:59,3,35,19.3,81,5.4,1007.5,0.7,1.0,12,1113.3,0
2019-01-12 00:07:59,3,35,19.3,80,5.3,1007.5,1.4,1.7,14,1113.3,0
2019-01-12 00:10:59,3,35,19.2,80,5.3,1007.5,1.0,1.4,13,1113.3,0
2019-01-12 00:13:59,3,35,19.2,80,5.3,1007.5,2.0,2.7,8,1113.3,0
2019-01-12 00:16:59,3,35,19.2,80,5.3,1007.5,1.4,2.0,14,1113.3,0
2019-01-12 00:19:59,3,35,19.2,80,5.3,1007.5,1.4,1.7,12,1113.3,0
2019-01-12 00:22:59,3,35,19.2,80,5.3,1007.6,0.7,1.0,14,1113.3,0
2019-01-12 00:25:59,3,35,19.2,80,5.3,1007.6,1.0,1.4,14,1113.3,0
2019-01-12 00:28:59,3,35,19.1,80,5.3,1007.4,1.4,1.7,14,1113.3,0
2019-01-12 00:31:59,3,35,19.1,80,5.2,1007.4,1.7,2.4,14,1113.3,0
2019-01-12 00:34:59,3,35,19.1,80,5.2,1007.5,2.0,3.1,12,1113.3,0
2019-01-12 00:37:59,3,35,19.1,80,5.2,1007.5,1.0,1.4,0,1113.3,0
2019-01-12 00:40:59,3,35,19.0,80,5.2,1007.7,2.4,4.1,12,1113.3,0
2019-01-12 00:43:59,3,35,19.0,80,5.2,1007.5,2.0,3.1,12,1113.3,0
2019-01-12 00:46:59,3,35,19.0,79,5.2,1007.6,2.0,2.7,6,1113.3,0
2019-01-12 00:49:59,3,35,19.0,79,5.2,1007.5,1.4,2.0,14,1113.3,0
2019-01-12 00:52:59,3,35,19.0,78,5.2,1007.6,1.7,2.4,14,1113.3,0
2019-01-12 00:55:59,3,35,19.0,78,5.2,1007.6,1.7,2.4,12,1113.3,0
2019-01-12 00:58:59,3,35,19.0,78,5.2,1007.6,1.7,2.7,10,1113.3,0
2019-01-12 01:01:59,3,36,18.9,78,5.2,1007.7,2.0,3.4,14,1113.3,0
2019-01-12 01:04:59,3,36,18.9,78,5.2,1007.7,2.0,3.4,14,1113.3,0
2019-01-12 01:07:59,3,36,18.9,77,5.1,1007.7,1.4,1.7,12,1113.3,0
2019-01-12 01:10:59,3,36,18.9,77,5.1,1007.7,0.3,1.0,14,1113.3,0
2019-01-12 01:13:59,3,36,18.9,77,5.1,1007.7,1.4,1.7,14,1113.3,0
2019-01-12 01:16:59,3,36,18.9,77,5.1,1007.8,0.7,1.0,11,1113.3,0
2019-01-12 01:19:59,3,36,18.9,77,5.1,1007.9,1.0,2.0,12,1113.3,0
2019-01-12 01:22:59,3,36,18.8,77,5.0,1007.8,1.0,1.4,12,1113.3,0
2019-01-12 01:25:59,3,36,18.8,77,5.0,1007.8,1.0,1.4,13,1113.3,0
2019-01-12 01:28:59,3,36,18.8,78,5.0,1007.9,0.7,1.7,15,1113.3,0
2019-01-12 01:31:59,3,36,18.8,78,5.0,1007.9,1.0,1.4,0,1113.3,0
2019-01-12 01:34:59,3,36,18.8,78,5.0,1007.9,1.0,1.4,2,1113.3,0
2019-01-12 01:37:59,3,36,18.8,78,4.9,1008.0,1.0,2.4,14,1113.3,0
2019-01-12 01:40:59,3,36,18.8,78,4.9,1008.0,1.4,1.7,14,1113.3,0
2019-01-12 01:43:59,3,36,18.7,78,4.9,1007.9,1.0,1.7,0,1113.3,0
2019-01-12 01:46:59,3,36,18.7,78,4.9,1008.0,0.7,1.4,0,1113.3,0
2019-01-12 01:49:59,3,36,18.6,78,4.9,1008.0,1.4,2.4,14,1113.3,0
2019-01-12 01:52:59,3,36,18.6,78,4.8,1008.1,0.7,1.4,12,1113.3,0
2019-01-12 01:55:59,3,36,18.6,78,4.8,1008.2,2.0,3.4,2,1113.3,0
2019-01-12 01:58:59,3,36,18.6,78,4.8,1008.1,0.3,0.7,12,1113.3,0
2019-01-12 02:01:59,3,36,18.6,78,4.8,1008.1,1.7,2.0,14,1113.3,0
2019-01-12 02:04:59,3,36,18.6,78,4.8,1008.1,1.4,1.7,11,1113.3,0
2019-01-12 02:07:59,3,36,18.6,78,4.8,1008.2,2.4,3.1,12,1113.3,0
2019-01-12 02:10:59,3,36,18.5,78,4.8,1008.1,1.0,1.4,11,1113.3,0
2019-01-12 02:13:59,3,36,18.5,78,4.8,1008.2,1.7,2.0,10,1113.3,0
2019-01-12 02:16:59,3,36,18.5,78,4.8,1008.2,1.7,2.7,6,1113.3,0
2019-01-12 02:19:59,3,36,18.5,78,4.8,1008.1,0.7,1.0,12,1113.3,0
2019-01-12 02:22:59,3,36,18.5,78,4.7,1008.1,0.3,1.0,0,1113.3,0
2019-01-12 02:25:59,3,36,18.5,78,4.7,1008.1,0.7,1.0,14,1113.3,0
2019-01-12 02:28:59,3,36,18.5,78,4.7,1008.0,0.7,1.4,12,1113.3,0
2019-01-12 02:31:59,3,36,18.4,78,4.7,1008.0,1.0,1.4,14,1113.3,0
2019-01-12 02:34:59,3,36,18.4,78,4.7,1007.9,1.0,1.4,8,1113.3,0
2019-01-12 02:37:59,3,36,18.4,78,4.7,1007.9,0.7,1.4,7,1113.3,0
2019-01-12 02:40:59,3,36,18.4,78,4.7,1007.8,1.0,1.4,9,1113.3,0
2019-01-12 02:43:59,3,36,18.4,78,4.7,1007.8,3.1,4.1,12,1113.3,0
2019-01-12 02:46:59,3,36,18.4,78,4.7,1007.8,1.4,1.7,12,1113.3,0
2019-01-12 02:49:59,3,36,18.4,78,4.7,1007.8,1.4,2.0,13,1113.3,0
2019-01-12 02:52:59,3,36,18.4,78,4.7,1007.9,1.0,1.4,12,1113.3,0
2019-01-12 02:55:59,3,36,18.4,78,4.7,1007.8,0.7,1.0,10,1113.3,0
2019-01-12 02:58:59,3,36,18.3,78,4.7,1007.8,0,0,14,1113.3,0
2019-01-12 03:01:59,3,36,18.3,78,4.7,1007.8,1.7,2.4,14,1113.3,0
2019-01-12 03:04:59,3,36,18.3,78,4.7,1007.8,1.7,2.4,14,1113.3,0
2019-01-12 03:07:59,3,36,18.3,79,4.6,1007.9,0.7,1.4,12,1113.3,0
2019-01-12 03:10:59,3,36,18.3,79,4.6,1007.8,0.3,1.0,10,1113.3,0
2019-01-12 03:13:59,3,36,18.3,79,4.6,1007.7,0,0,12,1113.3,0
2019-01-12 03:16:59,3,36,18.3,80,4.6,1007.8,0.7,1.0,12,1113.3,0
2019-01-12 03:19:59,3,36,18.3,80,4.5,1007.8,1.0,1.4,10,1113.3,0
2019-01-12 03:22:59,3,36,18.3,80,4.5,1007.8,1.0,1.4,10,1113.3,0
2019-01-12 03:25:59,3,36,18.3,80,4.5,1007.7,1.0,1.4,10,1113.3,0
2019-01-12 03:28:59,3,36,18.3,80,4.5,1007.6,0.3,0.7,12,1113.3,0
2019-01-12 03:31:59,3,36,18.3,80,4.5,1007.7,0.3,0.7,10,1113.3,0
2019-01-12 03:34:59,3,36,18.3,80,4.5,1007.6,0.7,1.4,10,1113.3,0
2019-01-12 03:37:59,3,36,18.2,80,4.5,1007.7,0.3,0.7,9,1113.3,0
2019-01-12 03:40:59,3,36,18.2,80,4.5,1007.6,0.7,1.0,10,1113.3,0
2019-01-12 03:43:59,3,36,18.2,80,4.5,1007.5,0.7,1.0,10,1113.3,0
2019-01-12 03:46:59,3,36,18.2,80,4.5,1007.5,0.7,1.0,10,1113.3,0
2019-01-12 03:49:59,3,36,18.2,80,4.5,1007.6,0.3,0.7,10,1113.3,0
2019-01-12 03:52:59,3,36,18.2,80,4.5,1007.6,1.0,1.7,6,1113.3,0
2019-01-12 03:55:59,3,36,18.2,81,4.5,1007.6,0.7,1.0,10,1113.3,0
2019-01-12 03:58:59,3,36,18.2,81,4.5,1007.5,0.7,1.0,10,1113.3,0
2019-01-12 04:01:59,3,36,18.1,80,4.5,1007.4,0,0.7,10,1113.3,0
2019-01-12 04:04:59,3,36,18.1,80,4.5,1007.4,0.3,0.7,10,1113.3,0
2019-01-12 04:07:59,3,36,18.1,80,4.5,1007.4,0.7,2.4,10,1113.3,0
2019-01-12 04:10:59,3,36,18.1,80,4.5,1007.4,0.3,0.7,10,1113.3,0
2019-01-12 04:13:59,3,36,18.1,80,4.5,1007.4,0.3,0.7,12,1113.3,0
2019-01-12 04:16:59,3,36,18.1,80,4.5,1007.4,0.7,1.0,10,1113.3,0
2019-01-12 04:19:59,3,36,18.1,80,4.5,1007.4,0.7,1.0,8,1113.3,0
2019-01-12 04:22:59,3,36,18.1,80,4.5,1007.4,1.0,2.0,10,1113.3,0
2019-01-12 04:25:59,3,36,18.1,80,4.6,1007.4,0.3,0.7,12,1113.3,0
2019-01-12 04:28:59,3,36,18.1,80,4.6,1007.4,0.7,1.0,10,1113.3,0
2019-01-12 04:31:59,3,35,18.1,80,4.6,1007.3,1.4,2.0,9,1113.3,0
2019-01-12 04:34:59,3,35,18.1,80,4.6,1007.3,1.0,1.4,12,1113.3,0
2019-01-12 04:37:59,3,35,18.1,80,4.6,1007.3,1.4,1.7,12,1113.3,0
2019-01-12 04:40:59,3,35,18.0,80,4.6,1007.3,0.7,1.0,12,1113.3,0
2019-01-12 04:43:59,3,35,18.0,80,4.6,1007.2,1.7,2.7,10,1113.3,0
2019-01-12 04:46:59,3,35,18.0,80,4.6,1007.2,0.7,1.4,12,1113.3,0
2019-01-12 04:49:59,3,35,18.0,80,4.7,1007.3,1.0,1.4,10,1113.3,0
2019-01-12 04:52:59,3,35,18.0,80,4.7,1007.2,0.3,1.0,10,1113.3,0
2019-01-12 04:55:59,3,36,18.0,80,4.7,1007.2,0.7,1.4,12,1113.3,0
2019-01-12 04:58:59,3,36,18.0,80,4.8,1007.3,1.0,1.7,10,1113.3,0
2019-01-12 05:01:59,3,36,18.0,80,4.8,1007.3,1.0,1.7,10,1113.3,0
2019-01-12 05:04:59,3,36,18.1,80,4.8,1007.2,1.0,1.7,10,1113.3,0
2019-01-12 05:07:59,3,36,18.1,79,4.8,1007.3,0.7,1.0,12,1113.3,0
2019-01-12 05:10:59,3,36,18.1,79,4.8,1007.2,0.7,1.4,14,1113.3,0
2019-01-12 05:13:59,3,36,18.1,79,4.8,1007.2,1.4,2.4,12,1113.3,0
2019-01-12 05:16:59,3,36,18.2,79,4.8,1007.2,0.7,1.0,12,1113.3,0
2019-01-12 05:19:59,3,36,18.2,78,4.8,1007.2,0.3,0.7,12,1113.3,0
2019-01-12 05:22:59,3,36,18.2,78,4.8,1007.3,1.0,1.0,12,1113.3,0
2019-01-12 05:25:59,3,36,18.3,78,4.9,1007.2,0.7,1.0,12,1113.3,0
2019-01-12 05:28:59,3,36,18.3,78,4.9,1007.2,2.7,3.4,14,1113.3,0
2019-01-12 05:31:59,3,36,18.3,77,5.0,1007.3,1.0,2.0,12,1113.3,0
2019-01-12 05:34:59,3,36,18.4,76,5.0,1007.3,2.0,3.1,14,1113.3,0
2019-01-12 05:37:59,3,36,18.4,75,5.1,1007.2,1.4,2.7,14,1113.3,0
2019-01-12 05:40:59,3,36,18.4,74,5.1,1007.3,2.0,2.7,0,1113.3,0
2019-01-12 05:43:59,3,36,18.5,74,5.1,1007.3,1.0,1.4,12,1113.3,0
2019-01-12 05:46:59,3,36,18.5,74,5.1,1007.3,1.0,1.4,14,1113.3,0
2019-01-12 05:49:59,3,36,18.6,73,5.1,1007.3,1.0,1.7,8,1113.3,0
2019-01-12 05:52:59,3,36,18.6,73,5.1,1007.4,1.4,1.7,10,1113.3,0
2019-01-12 05:55:59,3,36,18.6,73,5.1,1007.3,1.4,1.7,0,1113.3,0
2019-01-12 05:58:59,3,36,18.7,73,5.1,1007.2,1.0,1.7,14,1113.3,0
2019-01-12 06:01:59,3,36,18.8,73,5.1,1007.4,1.0,1.4,10,1113.3,0
2019-01-12 06:04:59,3,36,18.8,73,5.1,1007.3,1.4,1.7,10,1113.3,0
2019-01-12 06:07:59,3,36,18.8,73,5.1,1007.3,0.7,1.0,10,1113.3,0
2019-01-12 06:10:59,3,36,18.9,73,5.1,1007.3,0.7,1.4,6,1113.3,0
2019-01-12 06:13:59,3,36,18.9,73,5.1,1007.4,0.3,0.7,14,1113.3,0
2019-01-12 06:16:59,3,35,19.0,73,5.1,1007.4,0.7,1.0,12,1113.3,0
2019-01-12 06:19:59,3,35,19.0,73,5.1,1007.4,0.7,1.0,14,1113.3,0
2019-01-12 06:22:59,3,35,19.0,73,5.1,1007.4,0.7,1.4,14,1113.3,0
2019-01-12 06:25:59,3,35,19.0,73,5.1,1007.4,0.7,1.0,12,1113.3,0
2019-01-12 06:28:59,3,35,19.1,72,5.1,1007.5,1.0,1.7,12,1113.3,0
2019-01-12 06:31:59,3,35,19.1,72,5.2,1007.5,0.7,1.0,10,1113.3,0
2019-01-12 06:34:59,3,35,19.1,72,5.2,1007.5,1.4,1.7,12,1113.3,0
2019-01-12 06:37:59,3,35,19.1,72,5.2,1007.4,1.0,1.4,12,1113.3,0
2019-01-12 06:40:59,3,35,19.2,72,5.2,1007.3,1.7,2.0,10,1113.3,0
2019-01-12 06:43:59,3,35,19.3,72,5.2,1007.4,1.0,1.4,10,1113.3,0
2019-01-12 06:46:59,3,35,19.3,72,5.2,1007.4,1.0,1.7,8,1113.3,0
2019-01-12 06:49:59,3,35,19.5,72,5.2,1007.4,1.4,1.7,14,1113.3,0
2019-01-12 06:52:59,3,35,19.8,72,5.2,1007.4,0.7,1.0,8,1113.3,0
2019-01-12 06:55:59,3,33,20.0,72,5.2,1007.5,0.7,1.0,8,1113.3,0
2019-01-12 06:58:59,3,33,20.1,72,5.2,1007.5,1.0,1.7,11,1113.3,0
2019-01-12 07:01:59,3,33,20.3,72,5.2,1007.5,1.0,1.4,10,1113.3,0
2019-01-12 07:04:59,3,33,20.3,72,5.2,1007.7,1.0,1.4,10,1113.3,0
2019-01-12 07:07:59,3,33,20.5,72,5.2,1007.6,1.4,2.0,10,1113.3,0
2019-01-12 07:10:59,3,33,20.6,72,5.2,1007.7,0.7,1.0,12,1113.3,0
2019-01-12 07:13:59,3,33,20.7,73,5.1,1007.7,1.0,1.7,10,1113.3,0
2019-01-12 07:16:59,3,33,20.9,73,5.1,1007.7,1.4,2.4,11,1113.3,0
2019-01-12 07:19:59,3,31,21.0,73,5.2,1007.7,2.7,3.4,12,1113.3,0
2019-01-12 07:22:59,3,31,21.0,74,5.2,1007.7,2.0,3.4,12,1113.3,0
2019-01-12 07:25:59,3,31,21.1,74,5.1,1007.7,1.0,1.4,10,1113.3,0
2019-01-12 07:28:59,3,31,21.1,75,5.1,1007.7,0.7,1.0,12,1113.3,0
2019-01-12 07:31:59,3,31,21.2,76,5.0,1007.6,1.7,2.0,10,1113.3,0
2019-01-12 07:34:59,3,31,21.2,77,4.9,1007.8,1.4,2.0,8,1113.3,0
2019-01-12 07:37:59,3,31,21.3,79,4.8,1007.7,0.7,1.4,10,1113.3,0
2019-01-12 07:40:59,3,31,21.3,80,4.8,1007.8,1.7,2.7,10,1113.3,0
2019-01-12 07:43:59,3,31,21.3,80,4.8,1007.8,0.3,0.7,10,1113.3,0
2019-01-12 07:46:59,3,31,21.4,80,4.7,1007.7,1.0,1.4,10,1113.3,0
2019-01-12 07:49:59,3,31,21.5,80,4.7,1007.7,1.4,2.0,10,1113.3,0
2019-01-12 07:52:59,3,31,21.5,80,4.7,1007.7,2.0,2.4,8,1113.3,0
2019-01-12 07:55:59,3,31,21.6,81,4.7,1007.6,1.4,2.0,8,1113.3,0
2019-01-12 07:58:59,3,31,21.6,81,4.7,1007.7,1.0,2.0,12,1113.3,0
2019-01-12 08:01:59,3,30,21.7,81,4.8,1007.7,1.4,2.0,10,1113.3,0
2019-01-12 08:04:59,3,30,21.7,81,4.8,1007.6,1.0,1.7,10,1113.3,0
2019-01-12 08:07:59,3,30,21.7,81,4.8,1007.6,1.0,1.4,10,1113.3,0
2019-01-12 08:10:59,3,30,21.7,81,4.8,1007.6,1.4,1.7,10,1113.3,0
2019-01-12 08:13:59,3,30,21.7,81,4.8,1007.5,1.4,2.0,12,1113.3,0
2019-01-12 08:16:59,3,30,21.8,81,4.8,1007.4,1.0,1.4,10,1113.3,0
2019-01-12 08:19:59,3,30,21.7,81,4.8,1007.4,0.3,0.7,10,1113.3,0
2019-01-12 08:22:59,3,30,21.6,81,4.9,1007.5,1.0,1.7,5,1113.3,0
2019-01-12 08:25:59,3,31,21.5,81,4.9,1007.4,0.7,1.4,10,1113.3,0
2019-01-12 08:28:59,3,31,21.4,81,4.9,1007.4,1.7,2.0,10,1113.3,0
2019-01-12 08:31:59,3,31,21.3,81,5.0,1007.3,1.4,2.0,9,1113.3,0
2019-01-12 08:34:59,3,31,21.3,81,5.0,1007.2,0.7,1.4,10,1113.3,0
2019-01-12 08:37:59,3,31,21.3,81,5.1,1007.2,1.7,2.4,10,1113.3,0
2019-01-12 08:40:59,3,31,21.2,81,5.1,1007.2,2.0,2.4,12,1113.3,0
2019-01-12 08:43:59,3,31,21.2,81,5.1,1007.2,2.0,3.1,4,1113.3,0
2019-01-12 08:46:59,3,31,21.2,81,5.1,1007.2,1.0,1.4,12,1113.3,0
2019-01-12 08:49:59,3,31,21.2,82,5.1,1007.1,1.0,1.4,10,1113.3,0
2019-01-12 08:52:59,3,31,21.2,82,5.1,1007.1,0.7,1.0,10,1113.3,0
2019-01-12 08:55:59,3,31,21.2,82,5.1,1007.0,1.0,1.7,8,1113.3,0
2019-01-12 08:58:59,3,31,21.3,83,5.1,1007.1,1.4,2.7,10,1113.3,0
2019-01-12 09:01:59,3,31,21.4,83,5.1,1007.0,1.7,2.4,10,1113.3,0
2019-01-12 09:04:59,3,31,21.5,83,5.1,1007.0,1.7,2.4,10,1113.3,0
2019-01-12 09:07:59,3,31,21.5,84,5.1,1006.8,1.4,2.4,10,1113.3,0
2019-01-12 09:10:59,3,31,21.6,84,5.1,1006.8,1.0,1.7,10,1113.3,0
2019-01-12 09:13:59,3,31,21.7,84,5.2,1006.8,1.7,2.4,10,1113.3,0
2019-01-12 09:16:59,3,31,21.7,85,5.2,1006.8,1.0,1.4,10,1113.3,0
2019-01-12 09:19:59,3,31,21.7,85,5.2,1006.7,0.7,1.0,9,1113.3,0
2019-01-12 09:22:59,3,31,21.7,85,5.2,1006.7,1.7,2.7,14,1113.3,0
2019-01-12 09:25:59,3,31,21.8,85,5.3,1006.7,1.0,1.4,10,1113.3,0
2019-01-12 09:28:59,3,31,21.8,85,5.4,1006.6,1.4,2.0,10,1113.3,0
2019-01-12 09:31:59,3,30,21.9,86,5.4,1006.6,2.4,3.1,11,1113.3,0
2019-01-12 09:34:59,3,30,21.9,86,5.5,1006.7,2.0,3.1,10,1113.3,0
2019-01-12 09:37:59,3,29,22.0,86,5.5,1006.7,2.4,3.1,10,1113.3,0
2019-01-12 09:40:59,3,29,22.1,86,5.6,1006.8,2.0,2.4,8,1113.3,0
2019-01-12 09:43:59,3,29,22.2,86,5.7,1006.7,2.7,3.4,10,1113.3,0
2019-01-12 09:46:59,3,29,22.2,86,5.8,1006.7,2.0,2.7,10,1113.3,0
2019-01-12 09:49:59,3,29,22.2,86,5.8,1006.5,1.7,2.7,8,1113.3,0
2019-01-12 09:52:59,3,29,22.3,86,5.9,1006.6,2.7,4.1,12,1113.3,0
2019-01-12 09:55:59,3,29,22.3,86,6.0,1006.5,2.4,3.7,12,1113.3,0
2019-01-12 09:58:59,3,29,22.3,86,6.0,1006.5,1.7,2.4,10,1113.3,0
2019-01-12 10:01:59,3,29,22.3,86,6.1,1006.4,1.4,2.0,10,1113.3,0
2019-01-12 10:04:59,3,29,22.3,86,6.2,1006.4,1.4,2.4,12,1113.3,0
2019-01-12 10:07:59,3,28,22.5,85,6.2,1006.3,3.1,3.7,10,1113.3,0
2019-01-12 10:10:59,3,29,22.5,85,6.2,1006.2,1.7,2.0,10,1113.3,0
2019-01-12 10:13:59,3,29,22.5,85,6.3,1006.2,2.7,3.7,10,1113.3,0
2019-01-12 10:16:59,3,29,22.5,84,6.3,1006.2,1.0,1.7,1,1113.3,0
2019-01-12 10:19:59,3,29,22.5,84,6.3,1006.1,1.7,2.7,10,1113.3,0
2019-01-12 10:22:59,3,29,22.4,84,6.4,1006.1,1.4,2.0,12,1113.3,0
2019-01-12 10:25:59,3,29,22.2,83,6.4,1006.2,1.7,2.0,8,1113.3,0
2019-01-12 10:28:59,3,29,22.1,83,6.4,1006.0,1.7,2.7,12,1113.3,0
2019-01-12 10:31:59,3,30,21.9,83,6.4,1006.0,2.0,2.7,12,1113.3,0
2019-01-12 10:34:59,3,30,21.8,83,6.4,1005.9,2.0,3.1,10,1113.3,0
2019-01-12 10:37:59,3,30,21.8,83,6.4,1005.9,2.4,5.4,13,1113.3,0
2019-01-12 10:40:59,3,30,21.7,83,6.4,1005.9,1.7,3.1,10,1113.3,0
2019-01-12 10:43:59,3,30,21.6,83,6.4,1005.8,1.7,2.4,10,1113.3,0
2019-01-12 10:46:59,3,31,21.5,82,6.4,1005.7,3.4,4.4,9,1113.3,0
2019-01-12 10:49:59,3,31,21.5,82,6.3,1005.6,1.7,2.4,10,1113.3,0
2019-01-12 10:52:59,3,31,21.3,82,6.4,1005.6,1.4,2.7,8,1113.3,0
2019-01-12 10:55:59,3,31,21.3,82,6.4,1005.5,2.0,3.1,14,1113.3,0
2019-01-12 10:58:59,3,31,21.3,82,6.4,1005.5,2.7,4.4,10,1113.3,0
2019-01-12 11:01:59,3,31,21.2,82,6.4,1005.5,2.0,2.7,13,1113.3,0
2019-01-12 11:04:59,3,31,21.2,82,6.4,1005.4,2.0,2.7,13,1113.3,0
2019-01-12 11:07:59,3,31,21.2,82,6.3,1005.3,2.0,3.7,10,1113.3,0
2019-01-12 11:10:59,3,31,21.1,82,6.3,1005.3,2.4,4.1,10,1113.3,0
2019-01-12 11:13:59,3,31,21.1,82,6.3,1005.2,1.4,1.7,10,1113.3,0
2019-01-12 11:16:59,3,31,21.1,82,6.3,1005.2,1.4,1.7,4,1113.3,0
2019-01-12 11:19:59,3,31,21.0,82,6.4,1005.1,2.4,4.4,8,1113.3,0
2019-01-12 11:22:59,3,31,21.0,82,6.4,1005.1,1.4,2.0,10,1113.3,0
2019-01-12 11:25:59,3,31,21.0,82,6.3,1005.1,1.7,3.4,10,1113.3,0
2019-01-12 11:28:59,3,32,20.9,82,6.3,1004.9,2.0,2.7,10,1113.3,0
2019-01-12 11:31:59,3,32,20.9,82,6.3,1004.9,2.4,3.4,10,1113.3,0
2019-01-12 11:34:59,3,32,20.8,82,6.3,1004.8,2.4,2.7,9,1113.3,0
2019-01-12 11:37:59,3,32,20.7,82,6.3,1004.7,2.7,4.4,12,1113.3,0
2019-01-12 11:40:59,3,32,20.7,82,6.3,1004.6,3.1,6.5,9,1113.6,0
2019-01-12 11:43:59,3,33,20.6,82,6.3,1004.6,2.0,3.4,10,1113.6,0
2019-01-12 11:46:59,3,33,20.6,82,6.3,1004.6,1.4,2.0,8,1113.6,0
2019-01-12 11:49:59,3,33,20.6,82,6.3,1004.3,2.7,4.8,10,1113.6,0
2019-01-12 11:52:59,3,33,20.5,82,6.3,1004.4,1.7,2.4,8,1113.6,0
2019-01-12 11:55:59,3,33,20.5,82,6.3,1004.4,3.7,5.8,12,1113.6,0
2019-01-12 11:58:59,3,33,20.4,81,6.3,1004.3,3.4,4.8,12,1113.6,0
2019-01-12 12:01:59,3,33,20.4,81,6.4,1004.3,3.1,4.1,12,1113.6,0
2019-01-12 12:04:59,3,33,20.4,81,6.4,1004.3,1.7,2.7,8,1113.6,0
2019-01-12 12:07:59,3,33,20.3,81,6.5,1004.3,2.0,2.7,8,1113.6,0
2019-01-12 12:10:59,3,33,20.3,81,6.5,1004.2,2.4,2.7,10,1113.6,0
2019-01-12 12:13:59,3,33,20.3,80,6.4,1004.1,3.1,4.1,10,1113.6,0
2019-01-12 12:16:59,3,33,20.2,80,6.5,1004.0,2.0,3.1,9,1113.6,0
2019-01-12 12:19:59,3,33,20.2,80,6.5,1003.9,1.0,1.7,10,1113.6,0
2019-01-12 12:22:59,3,33,20.1,80,6.6,1003.8,1.7,2.7,10,1113.6,0
2019-01-12 12:25:59,3,34,20.1,80,6.6,1003.6,2.0,3.4,2,1113.6,0
2019-01-12 12:28:59,3,34,20.1,79,6.5,1003.6,3.1,4.8,10,1113.6,0
2019-01-12 12:31:59,3,34,20.1,78,6.6,1003.5,2.4,3.4,12,1113.6,0
2019-01-12 12:34:59,3,34,20.1,78,6.6,1003.4,2.7,4.1,12,1113.6,0
2019-01-12 12:37:59,3,34,20.1,77,6.6,1003.3,2.7,4.1,12,1113.6,0
2019-01-12 12:40:59,3,34,20.0,77,6.6,1003.3,1.4,2.4,8,1113.6,0
2019-01-12 12:43:59,3,34,20.0,77,6.6,1003.3,1.7,2.4,6,1113.6,0
2019-01-12 12:46:59,3,34,20.1,77,6.6,1003.1,1.4,2.4,10,1113.6,0
2019-01-12 12:49:59,3,34,20.1,76,6.6,1003.1,1.7,2.7,8,1113.6,0
2019-01-12 12:52:59,3,35,20.1,76,6.6,1003.1,3.4,4.1,10,1113.6,0
2019-01-12 12:55:59,3,35,20.1,76,6.6,1003.1,1.7,2.0,9,1113.6,0
2019-01-12 12:58:59,3,35,20.1,76,6.6,1002.9,1.7,2.4,8,1113.6,0
2019-01-12 13:01:59,3,35,20.1,76,6.6,1003.0,1.7,2.0,10,1113.6,0
2019-01-12 13:04:59,3,35,20.1,76,6.6,1002.9,1.7,2.0,10,1113.6,0
2019-01-12 13:07:59,3,35,20.1,76,6.5,1002.9,2.0,2.7,11,1113.6,0
2019-01-12 13:10:59,3,35,20.1,76,6.6,1002.9,2.0,2.7,12,1113.6,0
2019-01-12 13:13:59,3,35,20.2,76,6.6,1002.8,1.4,2.0,9,1113.6,0
2019-01-12 13:16:59,3,35,20.2,76,6.6,1002.8,2.4,3.4,8,1113.6,0
2019-01-12 13:19:59,3,35,20.2,76,6.6,1002.7,1.7,2.4,12,1113.6,0
2019-01-12 13:22:59,3,35,20.2,75,6.6,1002.7,2.4,3.1,12,1113.6,0
2019-01-12 13:25:59,3,35,20.2,75,6.6,1002.6,3.7,5.1,10,1113.6,0
2019-01-12 13:28:59,3,35,20.2,75,6.5,1002.5,2.0,2.7,14,1113.6,0
2019-01-12 13:31:59,3,35,20.2,75,6.5,1002.5,2.4,3.4,12,1113.6,0
2019-01-12 13:34:59,3,35,20.2,75,6.4,1002.5,3.1,3.7,8,1113.6,0
2019-01-12 13:37:59,3,35,20.3,76,6.3,1002.4,1.4,2.0,10,1113.6,0
2019-01-12 13:40:59,3,35,20.3,77,6.3,1002.2,1.0,1.7,12,1113.6,0
2019-01-12 13:43:59,3,35,20.3,78,6.2,1002.2,1.7,3.1,10,1113.6,0
2019-01-12 13:46:59,3,35,20.3,78,6.1,1002.2,2.7,3.7,10,1113.6,0
2019-01-12 13:49:59,3,35,20.3,78,6.1,1002.1,2.7,3.1,10,1113.6,0
2019-01-12 13:52:59,3,35,20.3,79,6.0,1002.0,1.7,3.1,8,1113.6,0
2019-01-12 13:55:59,3,35,20.3,79,6.0,1002.1,3.1,4.4,10,1113.6,0
2019-01-12 13:58:59,3,35,20.3,79,6.0,1002.1,1.4,2.0,12,1113.6,0
2019-01-12 14:01:59,3,35,20.3,80,5.9,1002.0,2.0,3.4,10,1113.6,0
2019-01-12 14:04:59,3,35,20.3,80,5.8,1002.0,2.0,3.1,10,1113.6,0
2019-01-12 14:07:59,3,35,20.3,80,5.8,1001.9,2.0,2.7,10,1113.6,0
2019-01-12 14:10:59,3,35,20.3,81,5.7,1001.9,2.7,3.7,10,1113.6,0
2019-01-12 14:13:59,3,35,20.2,81,5.6,1001.8,2.0,2.7,14,1113.9,0
2019-01-12 14:16:59,3,35,20.3,81,5.6,1001.8,2.0,2.4,10,1113.9,0
2019-01-12 14:19:59,3,35,20.3,82,5.5,1001.7,2.0,2.7,10,1113.9,0
2019-01-12 14:22:59,3,35,20.2,82,5.5,1001.6,2.4,3.4,10,1113.9,0
2019-01-12 14:25:59,3,35,20.2,82,5.4,1001.5,1.7,2.4,8,1113.9,0
2019-01-12 14:28:59,3,35,20.2,83,5.4,1001.5,1.0,1.7,12,1113.9,0
2019-01-12 14:31:59,3,35,20.2,83,5.4,1001.4,1.7,2.4,8,1113.9,0
2019-01-12 14:34:59,3,35,20.2,83,5.3,1001.3,1.7,2.7,10,1113.9,0
2019-01-12 14:37:59,3,35,20.2,84,5.3,1001.3,1.7,2.0,10,1113.9,0
2019-01-12 14:40:59,3,35,20.2,84,5.3,1001.2,2.7,3.4,12,1114.2,0
2019-01-12 14:43:59,3,35,20.2,84,5.3,1001.2,1.7,2.4,9,1114.2,0
2019-01-12 14:46:59,3,35,20.2,84,5.2,1001.1,1.4,2.0,12,1114.2,0
2019-01-12 14:49:59,3,35,20.2,85,5.2,1001.1,1.4,2.0,10,1114.2,0
2019-01-12 14:52:59,3,35,20.2,85,5.2,1001.0,2.7,3.7,10,1114.2,0
2019-01-12 14:55:59,3,35,20.2,85,5.2,1001.0,2.7,3.4,11,1114.2,0
2019-01-12 14:58:59,3,35,20.2,85,5.2,1000.9,2.7,3.4,10,1114.2,0
2019-01-12 15:01:59,3,35,20.2,85,5.2,1000.8,3.1,4.1,8,1114.2,0
2019-01-12 15:04:59,3,35,20.2,85,5.2,1000.8,3.1,4.1,8,1114.2,0
2019-01-12 15:07:59,3,35,20.2,86,5.2,1000.7,2.0,2.7,10,1114.2,0
2019-01-12 15:10:59,3,35,20.2,86,5.2,1000.6,1.7,2.4,10,1114.2,0
2019-01-12 15:13:59,3,35,20.2,86,5.2,1000.6,2.4,3.4,8,1114.2,0
2019-01-12 15:16:59,3,35,20.2,86,5.2,1000.5,3.1,3.7,8,1114.2,0
2019-01-12 15:19:59,3,35,20.2,86,5.2,1000.5,2.4,3.1,10,1114.2,0
2019-01-12 15:22:59,3,35,20.2,86,5.2,1000.4,1.4,1.7,10,1114.2,0
2019-01-12 15:25:59,3,35,20.2,87,5.2,1000.4,3.1,4.4,10,1114.2,0
2019-01-12 15:28:59,3,35,20.2,87,5.2,1000.4,2.0,2.4,12,1114.2,0
2019-01-12 15:31:59,3,35,20.2,87,5.2,1000.4,1.7,2.7,9,1114.2,0
2019-01-12 15:34:59,3,35,20.2,87,5.2,1000.4,2.7,3.4,8,1114.2,0
2019-01-12 15:37:59,3,35,20.2,87,5.2,1000.2,2.0,3.1,12,1114.2,0
2019-01-12 15:40:59,3,35,20.2,87,5.2,1000.3,5.1,6.1,10,1114.5,0
2019-01-12 15:43:59,3,35,20.2,87,5.2,1000.1,3.1,3.7,10,1114.5,0
2019-01-12 15:46:59,3,35,20.2,87,5.2,1000.0,4.1,5.8,10,1114.8,0
2019-01-12 15:49:59,3,35,20.2,87,5.2,1000.1,1.4,1.7,10,1114.8,0
2019-01-12 15:52:59,3,35,20.2,87,5.2,1000.0,1.4,1.7,10,1114.8,0
2019-01-12 15:55:59,3,35,20.2,87,5.2,999.9,2.0,3.1,12,1114.8,0
2019-01-12 15:58:59,3,35,20.2,87,5.2,999.9,4.1,5.1,10,1114.8,0
2019-01-12 16:01:59,3,35,20.2,87,5.2,999.9,3.1,3.4,10,1114.8,0
2019-01-12 16:04:59,3,35,20.2,88,5.2,999.8,1.7,2.7,10,1114.8,0
2019-01-12 16:07:59,3,35,20.2,88,5.2,999.8,1.0,1.7,12,1115.1,0
2019-01-12 16:10:59,3,35,20.2,88,5.2,999.6,1.7,2.4,12,1115.1,0
2019-01-12 16:13:59,3,35,20.2,88,5.2,999.6,1.7,2.0,10,1115.1,0
2019-01-12 16:16:59,3,35,20.2,88,5.2,999.6,1.4,2.0,14,1115.1,0
2019-01-12 16:19:59,3,36,20.2,88,5.2,999.6,1.7,2.7,4,1115.1,0
2019-01-12 16:22:59,3,36,20.3,88,5.2,999.5,1.4,1.7,10,1115.1,0
2019-01-12 16:25:59,3,36,20.3,88,5.2,999.5,1.7,2.4,12,1115.1,0
2019-01-12 16:28:59,3,36,20.2,88,5.2,999.3,2.0,2.7,10,1115.1,0
2019-01-12 16:31:59,3,36,20.2,88,5.2,999.4,3.1,4.1,8,1115.1,0
2019-01-12 16:34:59,3,36,20.3,88,5.2,999.3,3.4,4.4,8,1115.4,0
2019-01-12 16:37:59,3,36,20.2,88,5.3,999.3,2.0,3.4,12,1115.4,0
2019-01-12 16:40:59,3,36,20.3,88,5.3,999.2,1.7,3.1,9,1115.4,0
2019-01-12 16:43:59,3,36,20.2,88,5.3,999.2,1.4,2.0,10,1115.4,0
2019-01-12 16:46:59,3,36,20.3,88,5.3,999.2,2.4,3.7,10,1115.7,0
2019-01-12 16:49:59,3,36,20.3,88,5.3,999.1,3.4,4.1,10,1115.7,0
2019-01-12 16:52:59,3,36,20.3,88,5.3,999.0,3.1,4.8,10,1115.7,0
2019-01-12 16:55:59,3,36,20.3,88,5.3,999.1,4.4,5.4,10,1115.7,0
2019-01-12 16:58:59,3,36,20.3,88,5.3,999.0,2.4,3.1,15,1115.7,0
2019-01-12 17:01:59,3,36,20.3,88,5.3,999.0,2.0,2.7,10,1115.7,0
2019-01-12 17:04:59,3,36,20.3,88,5.3,999.0,2.0,2.7,10,1115.7,0
2019-01-12 17:07:59,3,36,20.3,88,5.3,998.8,3.7,5.1,10,1116.0,0
2019-01-12 17:10:59,3,36,20.3,88,5.3,999.0,2.4,3.1,10,1116.0,0
2019-01-12 17:13:59,3,36,20.3,88,5.3,998.9,2.0,2.7,10,1116.0,0
2019-01-12 17:16:59,3,36,20.3,88,5.3,998.8,1.4,2.4,8,1116.0,0
2019-01-12 17:19:59,3,36,20.3,88,5.3,998.8,2.0,2.7,10,1116.0,0
2019-01-12 17:22:59,3,36,20.3,88,5.4,998.7,2.4,3.1,10,1116.0,0
2019-01-12 17:25:59,3,36,20.3,88,5.4,998.8,2.0,2.4,10,1116.0,0
2019-01-12 17:28:59,3,37,20.3,89,5.4,998.8,2.0,2.7,8,1116.0,0
2019-01-12 17:31:59,3,37,20.3,89,5.4,998.7,2.0,2.4,8,1116.0,0
2019-01-12 17:34:59,3,37,20.3,89,5.4,998.7,2.0,2.7,7,1116.0,0
2019-01-12 17:37:59,3,37,20.3,89,5.4,998.8,2.0,3.1,10,1116.0,0
2019-01-12 17:40:59,3,37,20.3,89,5.5,998.8,1.4,2.0,10,1116.0,0
2019-01-12 17:43:59,3,37,20.3,89,5.5,998.8,2.0,2.7,10,1116.0,0
2019-01-12 17:46:59,3,37,20.3,89,5.5,998.7,1.7,2.0,10,1116.0,0
2019-01-12 17:49:59,3,37,20.3,89,5.5,998.7,1.7,2.4,8,1116.0,0
2019-01-12 17:52:59,3,37,20.3,89,5.6,998.7,2.0,2.4,14,1116.0,0
2019-01-12 17:55:59,3,37,20.3,89,5.6,998.8,2.4,4.4,12,1116.0,0
2019-01-12 17:58:59,3,37,20.3,89,5.6,998.8,1.4,2.0,10,1116.0,0
2019-01-12 18:01:59,3,37,20.3,89,5.6,998.8,2.4,3.4,10,1116.0,0
2019-01-12 18:04:59,3,37,20.3,89,5.7,998.7,1.7,2.4,7,1116.0,0
2019-01-12 18:07:59,3,37,20.3,89,5.7,998.8,1.0,1.0,12,1116.0,0
2019-01-12 18:10:59,3,37,20.3,89,5.7,998.8,1.7,2.0,8,1116.0,0
2019-01-12 18:13:59,3,37,20.3,89,5.7,998.7,1.7,2.4,10,1116.0,0
2019-01-12 18:16:59,3,37,20.3,89,5.7,998.7,1.0,1.7,10,1116.0,0
2019-01-12 18:19:59,3,37,20.3,89,5.7,998.7,1.0,1.7,10,1116.0,0
2019-01-12 18:22:59,3,37,20.3,89,5.7,998.8,1.7,2.4,14,1116.0,0
2019-01-12 18:25:59,3,37,20.3,89,5.8,998.6,1.4,1.7,12,1116.0,0
2019-01-12 18:28:59,3,37,20.3,89,5.8,998.6,1.4,1.7,10,1116.0,0
2019-01-12 18:31:59,3,37,20.3,89,5.8,998.6,1.4,2.4,11,1116.0,0
2019-01-12 18:34:59,3,37,20.3,89,5.8,998.7,2.0,2.7,10,1116.0,0
2019-01-12 18:37:59,3,37,20.3,89,5.8,998.5,2.4,2.7,12,1116.3,0
2019-01-12 18:40:59,3,37,20.3,89,5.8,998.6,1.4,2.4,10,1116.3,0
2019-01-12 18:43:59,3,37,20.3,89,5.8,998.5,1.0,1.4,10,1116.3,0
2019-01-12 18:46:59,3,37,20.3,89,5.8,998.6,0.7,1.4,8,1116.3,0
2019-01-12 18:49:59,3,37,20.3,89,5.8,998.5,1.7,2.0,10,1116.3,0
2019-01-12 18:52:59,3,37,20.3,89,5.8,998.5,1.4,2.0,10,1116.3,0
2019-01-12 18:55:59,3,37,20.3,89,5.8,998.5,1.7,2.0,10,1116.3,0
2019-01-12 18:58:59,3,37,20.3,89,5.8,998.4,1.7,2.4,10,1116.3,0
2019-01-12 19:01:59,3,37,20.3,89,5.8,998.5,1.4,2.0,12,1116.3,0
2019-01-12 19:04:59,3,37,20.3,89,5.8,998.4,1.4,2.0,12,1116.3,0
2019-01-12 19:07:59,3,37,20.3,89,5.9,998.3,1.7,2.4,10,1116.3,0
2019-01-12 19:10:59,3,37,20.3,89,5.9,998.3,1.7,2.4,10,1116.3,0
2019-01-12 19:13:59,3,37,20.3,89,5.9,998.3,1.0,1.7,10,1116.3,0
2019-01-12 19:16:59,3,37,20.3,89,5.9,998.2,2.4,3.4,8,1116.3,0
2019-01-12 19:19:59,3,37,20.3,89,5.9,998.3,2.0,2.7,9,1116.3,0
2019-01-12 19:22:59,3,37,20.3,89,6.0,998.2,2.4,3.4,10,1116.3,0
2019-01-12 19:25:59,3,37,20.3,89,6.0,998.3,1.0,1.7,10,1116.3,0
2019-01-12 19:28:59,3,37,20.3,89,6.0,998.3,1.7,2.7,10,1116.3,0
2019-01-12 19:31:59,3,37,20.3,89,6.0,998.3,2.7,3.4,4,1116.3,0
2019-01-12 19:34:59,3,37,20.3,89,6.0,998.3,1.7,2.0,6,1116.3,0
2019-01-12 19:37:59,3,37,20.3,88,6.0,998.3,1.0,1.4,8,1116.3,0
2019-01-12 19:40:59,3,37,20.3,88,6.0,998.3,2.4,3.1,10,1116.3,0
2019-01-12 19:43:59,3,37,20.3,88,6.1,998.2,2.7,3.4,6,1116.3,0
2019-01-12 19:46:59,3,37,20.3,88,6.1,998.3,1.7,2.0,8,1116.3,0
2019-01-12 19:49:59,3,37,20.3,88,6.1,998.3,2.4,3.7,7,1116.3,0
2019-01-12 19:52:59,3,37,20.3,88,6.1,998.3,2.0,3.1,10,1116.3,0
2019-01-12 19:55:59,3,37,20.3,87,6.1,998.3,1.7,2.4,10,1116.3,0
2019-01-12 19:58:59,3,37,20.3,87,6.1,998.3,1.4,2.0,10,1116.3,0
2019-01-12 20:01:59,3,37,20.3,87,6.1,998.3,3.1,4.1,10,1116.3,0
2019-01-12 20:04:59,3,37,20.3,87,6.1,998.1,1.4,2.0,12,1116.3,0
2019-01-12 20:07:59,3,37,20.3,86,6.1,998.1,2.0,2.7,10,1116.3,0
2019-01-12 20:10:59,3,37,20.3,86,6.1,998.1,1.0,1.7,14,1116.3,0
2019-01-12 20:13:59,3,37,20.3,86,6.1,998.0,1.7,2.4,12,1116.3,0
2019-01-12 20:16:59,3,37,20.3,86,6.1,998.0,2.0,2.4,10,1116.3,0
2019-01-12 20:19:59,3,37,20.3,86,6.1,998.1,2.0,2.7,10,1116.3,0
2019-01-12 20:22:59,3,37,20.3,86,6.1,998.0,2.0,2.7,11,1116.3,0
2019-01-12 20:25:59,3,37,20.3,86,6.1,997.9,2.7,4.4,10,1116.3,0
2019-01-12 20:28:59,3,37,20.3,86,6.2,997.9,3.4,4.8,6,1116.3,0
2019-01-12 20:31:59,3,37,20.3,85,6.2,998.0,2.0,2.4,9,1116.3,0
2019-01-12 20:34:59,3,37,20.3,85,6.2,997.8,2.0,3.4,12,1116.3,0
2019-01-12 20:37:59,3,37,20.3,85,6.2,997.9,1.7,2.4,10,1116.3,0
2019-01-12 20:40:59,3,37,20.3,85,6.2,997.9,1.7,2.4,8,1116.3,0
2019-01-12 20:43:59,3,37,20.3,85,6.2,997.9,2.0,3.4,10,1116.3,0
2019-01-12 20:46:59,3,37,20.3,85,6.2,997.9,2.4,3.4,10,1116.3,0
2019-01-12 20:49:59,3,37,20.3,85,6.2,997.9,3.7,5.1,10,1116.3,0
2019-01-12 20:52:59,3,37,20.3,85,6.2,997.9,2.4,3.4,10,1116.3,0
2019-01-12 20:55:59,3,37,20.3,85,6.2,997.9,2.7,3.1,12,1116.3,0
2019-01-12 20:58:59,3,37,20.3,85,6.2,997.7,2.4,3.1,10,1116.3,0
2019-01-12 21:01:59,3,37,20.3,85,6.2,997.8,2.4,3.4,14,1116.3,0
2019-01-12 21:04:59,3,37,20.3,85,6.2,997.8,2.4,3.4,14,1116.3,0
2019-01-12 21:07:59,3,37,20.3,84,6.2,997.8,1.7,2.7,14,1116.3,0
2019-01-12 21:10:59,3,37,20.3,84,6.2,997.8,1.7,2.7,14,1116.3,0
2019-01-12 21:13:59,3,37,20.3,84,6.2,997.6,1.7,3.4,10,1116.3,0
2019-01-12 21:16:59,3,37,20.3,84,6.2,997.7,2.4,4.4,10,1116.3,0
2019-01-12 21:19:59,3,37,20.3,84,6.2,997.7,1.4,2.4,14,1116.3,0
2019-01-12 21:22:59,3,37,20.3,84,6.1,997.6,2.0,3.1,14,1116.3,0
2019-01-12 21:25:59,3,37,20.2,84,6.1,997.6,2.4,4.1,8,1116.6,0
2019-01-12 21:28:59,3,37,20.2,84,6.1,997.7,1.4,1.7,12,1116.6,0
2019-01-12 21:31:59,3,37,20.2,84,6.0,997.6,1.0,1.7,10,1116.6,0
2019-01-12 21:34:59,3,37,20.2,84,6.0,997.5,2.0,2.7,12,1116.6,0
2019-01-12 21:37:59,3,37,20.2,85,6.0,997.6,1.4,1.7,5,1116.6,0
2019-01-12 21:40:59,3,37,20.2,85,5.9,997.5,2.0,2.7,8,1116.6,0
2019-01-12 21:43:59,3,37,20.2,85,5.9,997.6,2.0,2.7,10,1116.6,0
2019-01-12 21:46:59,3,37,20.2,85,5.9,997.5,1.7,2.4,10,1116.6,0
2019-01-12 21:49:59,3,37,20.2,85,5.9,997.5,1.4,2.0,10,1116.6,0
2019-01-12 21:52:59,3,37,20.2,86,5.9,997.5,1.4,1.7,10,1116.6,0
2019-01-12 21:55:59,3,37,20.2,86,6.0,997.3,2.7,3.4,12,1116.6,0
2019-01-12 21:58:59,3,37,20.1,86,6.0,997.4,1.0,1.4,12,1116.6,0
2019-01-12 22:01:59,3,37,20.1,86,6.0,997.4,1.7,2.4,8,1116.6,0
2019-01-12 22:04:59,3,37,20.1,86,6.0,997.3,1.0,1.7,10,1116.6,0
2019-01-12 22:07:59,3,37,20.1,86,6.0,997.4,1.0,1.4,10,1116.6,0
2019-01-12 22:10:59,3,37,20.1,86,6.0,997.3,2.4,3.1,12,1116.6,0
2019-01-12 22:13:59,3,37,20.1,86,6.0,997.2,2.7,3.7,10,1116.6,0
2019-01-12 22:16:59,3,37,20.1,86,6.0,997.2,1.7,2.4,14,1116.6,0
2019-01-12 22:19:59,3,37,20.1,86,6.0,997.2,1.7,2.0,10,1116.6,0
2019-01-12 22:22:59,3,37,20.1,86,6.0,997.2,1.7,2.4,12,1116.6,0
2019-01-12 22:25:59,3,37,20.1,86,5.9,997.2,3.1,3.4,10,1116.6,0
2019-01-12 22:28:59,3,37,20.0,86,5.9,997.1,1.4,2.0,10,1116.6,0
2019-01-12 22:31:59,3,37,20.0,86,5.9,997.2,2.7,3.7,8,1116.6,0
2019-01-12 22:34:59,3,37,20.0,86,5.9,997.3,1.4,1.7,12,1116.6,0
2019-01-12 22:37:59,3,37,20.0,86,5.9,997.1,2.4,2.7,10,1116.6,0
2019-01-12 22:40:59,3,37,20.0,86,5.9,997.1,2.0,2.7,10,1116.6,0
2019-01-12 22:43:59,3,37,20.0,86,6.0,997.0,2.0,3.1,10,1116.6,0
2019-01-12 22:46:59,3,37,20.0,86,6.0,997.0,1.4,2.4,10,1116.6,0
2019-01-12 22:49:59,3,38,19.9,86,6.0,997.0,2.4,3.1,10,1116.6,0
2019-01-12 22:52:59,3,38,19.9,86,6.0,997.0,1.7,2.4,8,1116.6,0
2019-01-12 22:55:59,3,38,19.8,86,6.0,996.9,1.7,3.1,8,1116.6,0
2019-01-12 22:58:59,3,38,19.8,86,6.0,996.8,2.4,3.7,10,1116.6,0
