2019-01-15 00:01:59,3,32,19.0,68,2.1,1003.2,1.4,2.0,10,1122.3,0
2019-01-15 00:04:59,3,33,18.9,68,2.1,1003.1,2.4,3.1,10,1122.3,0
2019-01-15 00:07:59,3,33,18.9,68,2.2,1003.2,2.0,2.7,10,1122.3,0
2019-01-15 00:10:59,3,33,18.9,68,2.2,1003.2,2.4,3.1,12,1122.3,0
2019-01-15 00:13:59,3,33,18.8,68,2.2,1003.2,2.0,2.7,12,1122.3,0
2019-01-15 00:16:59,3,33,18.8,68,2.2,1003.1,1.4,2.0,10,1122.3,0
2019-01-15 00:19:59,3,33,18.8,68,2.2,1003.1,1.7,2.4,0,1122.3,0
2019-01-15 00:22:59,3,33,18.8,68,2.2,1003.2,1.7,2.7,10,1122.3,0
2019-01-15 00:25:59,3,33,18.7,68,2.2,1003.2,2.7,3.7,10,1122.3,0
2019-01-15 00:28:59,3,33,18.7,68,2.2,1003.1,2.0,3.4,12,1122.3,0
2019-01-15 00:31:59,3,33,18.6,68,2.2,1003.1,1.7,2.4,12,1122.3,0
2019-01-15 00:34:59,3,33,18.6,68,2.2,1003.2,2.4,3.1,12,1122.3,0
2019-01-15 00:37:59,3,33,18.6,68,2.1,1003.1,1.7,2.7,10,1122.3,0
2019-01-15 00:40:59,3,33,18.6,68,2.1,1003.2,1.7,3.4,14,1122.3,0
2019-01-15 00:43:59,3,33,18.5,68,2.1,1003.2,2.4,3.4,14,1122.3,0
2019-01-15 00:46:59,3,33,18.5,68,2.1,1003.2,1.7,2.7,14,1122.3,0
2019-01-15 00:49:59,3,33,18.5,68,2.2,1003.1,1.4,1.7,12,1122.3,0
2019-01-15 00:52:59,3,33,18.5,68,2.2,1003.2,2.0,2.7,8,1122.3,0
2019-01-15 00:55:59,3,33,18.5,68,2.2,1003.2,0.7,1.4,14,1122.3,0
2019-01-15 00:58:59,3,33,18.4,68,2.2,1003.2,1.4,3.4,14,1122.3,0
2019-01-15 01:01:59,3,33,18.4,68,2.3,1003.3,1.7,2.4,12,1122.3,0
2019-01-15 01:04:59,3,33,18.4,68,2.3,1003.4,1.7,2.4,12,1122.3,0
2019-01-15 01:07:59,3,33,18.4,67,2.4,1003.4,3.1,5.1,13,1122.3,0
2019-01-15 01:10:59,3,33,18.4,67,2.4,1003.4,2.7,3.4,12,1122.3,0
2019-01-15 01:13:59,3,33,18.3,67,2.4,1003.4,2.4,3.7,12,1122.3,0
2019-01-15 01:16:59,3,33,18.3,67,2.4,1003.4,2.0,3.1,8,1122.3,0
2019-01-15 01:19:59,3,33,18.3,66,2.5,1003.2,2.0,3.7,12,1122.3,0
2019-01-15 01:22:59,3,33,18.3,66,2.5,1003.4,2.4,3.7,10,1122.3,0
2019-01-15 01:25:59,3,33,18.2,66,2.5,1003.4,1.4,2.0,8,1122.3,0
2019-01-15 01:28:59,3,33,18.2,66,2.5,1003.4,2.0,3.1,12,1122.3,0
2019-01-15 01:31:59,3,33,18.2,66,2.5,1003.5,2.7,4.1,10,1122.3,0
2019-01-15 01:34:59,3,33,18.2,66,2.6,1003.5,1.0,2.0,8,1122.3,0
2019-01-15 01:37:59,3,33,18.2,66,2.5,1003.6,1.0,2.0,12,1122.3,0
2019-01-15 01:40:59,3,33,18.2,66,2.4,1003.4,1.0,1.7,12,1122.3,0
2019-01-15 01:43:59,3,33,18.2,66,2.4,1003.6,2.0,2.7,10,1122.3,0
2019-01-15 01:46:59,3,33,18.1,66,2.4,1003.6,1.0,1.7,12,1122.3,0
2019-01-15 01:49:59,3,33,18.1,66,2.4,1003.6,1.0,1.7,14,1122.3,0
2019-01-15 01:52:59,3,33,18.1,66,2.5,1003.7,2.7,4.1,12,1122.3,0
2019-01-15 01:55:59,3,33,18.1,66,2.5,1003.7,2.7,3.4,10,1122.3,0
2019-01-15 01:58:59,3,33,18.1,66,2.5,1003.8,2.7,4.1,14,1122.3,0
2019-01-15 02:01:59,3,33,18.1,66,2.5,1003.8,1.4,1.7,12,1122.3,0
2019-01-15 02:04:59,3,33,18.1,67,2.5,1003.8,1.7,3.1,10,1122.3,0
2019-01-15 02:07:59,3,33,18.0,67,2.5,1003.8,2.4,4.4,12,1122.3,0
2019-01-15 02:10:59,3,33,18.0,67,2.5,1003.7,4.1,4.8,0,1122.3,0
2019-01-15 02:13:59,3,33,18.0,67,2.6,1003.8,2.7,4.4,10,1122.3,0
2019-01-15 02:16:59,3,33,18.0,66,2.6,1003.8,2.0,3.4,8,1122.3,0
2019-01-15 02:19:59,3,33,18.0,66,2.6,1003.6,2.0,2.7,12,1122.3,0
2019-01-15 02:22:59,3,33,18.0,66,2.6,1003.7,2.4,3.4,10,1122.3,0
2019-01-15 02:25:59,3,33,18.0,66,2.6,1003.7,1.4,2.4,6,1122.3,0
2019-01-15 02:28:59,3,31,17.9,66,2.6,1003.7,3.4,5.4,10,1122.3,0
2019-01-15 02:31:59,3,31,17.9,66,2.5,1003.8,2.4,3.4,10,1122.3,0
2019-01-15 02:34:59,3,31,17.9,66,2.5,1003.7,1.4,2.0,14,1122.3,0
2019-01-15 02:37:59,3,31,17.9,66,2.4,1003.8,2.0,2.7,14,1122.3,0
2019-01-15 02:40:59,3,31,17.9,66,2.3,1003.8,2.0,2.7,12,1122.3,0
2019-01-15 02:43:59,3,31,17.9,66,2.3,1003.9,2.7,4.4,8,1122.3,0
2019-01-15 02:46:59,3,31,17.9,66,2.3,1003.8,2.4,3.1,11,1122.3,0
2019-01-15 02:49:59,3,31,17.9,66,2.3,1003.9,1.7,2.4,12,1122.3,0
2019-01-15 02:52:59,3,31,17.9,67,2.2,1003.9,1.0,1.4,9,1122.3,0
2019-01-15 02:55:59,3,31,17.8,67,2.2,1003.8,2.7,4.4,12,1122.3,0
2019-01-15 02:58:59,3,31,17.8,67,2.2,1003.9,1.7,2.0,12,1122.3,0
2019-01-15 03:01:59,3,31,17.8,67,2.2,1003.8,1.7,3.1,14,1122.3,0
2019-01-15 03:04:59,3,31,17.7,67,2.2,1003.8,1.7,3.1,14,1122.3,0
2019-01-15 03:07:59,3,31,17.7,67,2.2,1003.9,1.4,2.4,14,1122.3,0
2019-01-15 03:10:59,3,31,17.7,67,2.2,1003.9,2.4,2.7,14,1122.3,0
2019-01-15 03:13:59,3,31,17.7,67,2.1,1003.9,0.7,1.0,12,1122.3,0
2019-01-15 03:16:59,3,31,17.7,68,2.1,1003.9,1.4,2.7,12,1122.3,0
2019-01-15 03:19:59,3,31,17.7,68,2.0,1004.0,0.7,1.4,10,1122.3,0
2019-01-15 03:22:59,3,31,17.7,68,2.0,1003.9,1.4,2.0,14,1122.3,0
2019-01-15 03:25:59,3,31,17.7,68,2.0,1004.0,3.1,5.1,8,1122.3,0
2019-01-15 03:28:59,3,31,17.7,69,2.0,1004.0,1.0,1.4,8,1122.3,0
2019-01-15 03:31:59,3,31,17.7,69,2.0,1004.0,1.4,1.7,12,1122.3,0
2019-01-15 03:34:59,3,31,17.6,69,2.0,1003.9,1.0,2.0,10,1122.3,0
2019-01-15 03:37:59,3,31,17.6,69,2.1,1004.0,1.4,2.4,10,1122.3,0
2019-01-15 03:40:59,3,31,17.6,69,2.1,1003.8,2.4,3.1,12,1122.3,0
2019-01-15 03:43:59,3,31,17.6,69,2.1,1004.0,1.4,2.4,10,1122.3,0
2019-01-15 03:46:59,3,31,17.6,69,2.1,1004.0,0.7,1.4,0,1122.3,0
2019-01-15 03:49:59,3,31,17.6,69,2.1,1003.9,1.4,2.4,13,1122.3,0
2019-01-15 03:52:59,3,31,17.6,70,2.1,1004.0,1.7,2.7,12,1122.3,0
2019-01-15 03:55:59,3,31,17.6,70,2.2,1003.9,1.4,2.4,13,1122.3,0
2019-01-15 03:58:59,3,31,17.6,70,2.2,1004.0,1.0,2.0,12,1122.3,0
2019-01-15 04:01:59,3,31,17.6,70,2.2,1003.9,1.4,1.7,12,1122.3,0
2019-01-15 04:04:59,3,31,17.6,70,2.3,1003.9,2.7,3.7,12,1122.3,0
2019-01-15 04:07:59,3,31,17.5,70,2.4,1003.9,1.7,2.4,14,1122.3,0
2019-01-15 04:10:59,3,31,17.5,70,2.4,1004.0,2.7,4.1,10,1122.3,0
2019-01-15 04:13:59,3,31,17.5,70,2.4,1004.0,2.7,3.4,10,1122.3,0
2019-01-15 04:16:59,3,31,17.5,70,2.5,1004.1,1.7,2.4,12,1122.3,0
2019-01-15 04:19:59,3,31,17.5,70,2.5,1003.9,2.0,2.7,12,1122.3,0
2019-01-15 04:22:59,3,31,17.5,70,2.6,1004.1,1.0,1.4,8,1122.3,0
2019-01-15 04:25:59,3,31,17.5,70,2.6,1004.1,3.4,4.4,10,1122.3,0
2019-01-15 04:28:59,3,31,17.5,70,2.6,1004.1,2.7,3.4,12,1122.3,0
2019-01-15 04:31:59,3,31,17.5,71,2.7,1004.1,2.4,3.7,10,1122.3,0
2019-01-15 04:34:59,3,31,17.5,71,2.7,1004.0,1.0,1.7,10,1122.3,0
2019-01-15 04:37:59,3,31,17.5,71,2.8,1004.1,2.7,3.7,8,1122.3,0
2019-01-15 04:40:59,3,31,17.5,71,2.8,1004.1,1.7,2.7,12,1122.3,0
2019-01-15 04:43:59,3,31,17.5,71,2.9,1004.1,3.7,4.4,10,1122.3,0
2019-01-15 04:46:59,3,31,17.5,71,2.9,1004.0,1.4,2.4,14,1122.3,0
2019-01-15 04:49:59,3,31,17.5,71,3.0,1004.1,2.0,3.1,10,1122.3,0
2019-01-15 04:52:59,3,31,17.4,71,3.0,1004.0,1.7,2.4,11,1122.3,0
2019-01-15 04:55:59,3,31,17.5,71,3.1,1004.0,1.7,2.4,8,1122.3,0
2019-01-15 04:58:59,3,31,17.5,70,3.1,1003.9,2.7,4.8,10,1122.3,0
2019-01-15 05:01:59,3,31,17.5,70,3.1,1004.0,2.7,3.7,10,1122.3,0
2019-01-15 05:04:59,3,31,17.5,70,3.1,1003.9,2.7,3.7,10,1122.3,0
2019-01-15 05:07:59,3,31,17.5,70,3.2,1003.8,2.7,3.7,11,1122.3,0
2019-01-15 05:10:59,3,31,17.5,70,3.2,1003.9,2.0,3.4,10,1122.3,0
2019-01-15 05:13:59,3,31,17.6,70,3.3,1003.9,2.7,3.4,10,1122.3,0
2019-01-15 05:16:59,3,31,17.6,70,3.3,1004.0,2.7,4.4,11,1122.3,0
2019-01-15 05:19:59,3,31,17.6,70,3.3,1003.9,2.7,3.7,10,1122.3,0
2019-01-15 05:22:59,3,31,17.7,70,3.2,1003.7,2.4,3.1,10,1122.3,0
2019-01-15 05:25:59,3,31,17.7,70,3.2,1003.8,2.0,2.7,8,1122.3,0
2019-01-15 05:28:59,3,31,17.7,70,3.2,1003.7,2.0,3.1,10,1122.3,0
2019-01-15 05:31:59,3,31,17.9,70,3.2,1003.8,1.7,2.4,13,1122.3,0
2019-01-15 05:34:59,3,31,17.8,70,3.2,1003.9,1.7,2.4,10,1122.3,0
2019-01-15 05:37:59,3,31,17.9,70,3.2,1003.9,3.1,4.8,12,1122.3,0
2019-01-15 05:40:59,3,31,17.9,70,3.3,1003.9,2.4,4.1,10,1122.3,0
2019-01-15 05:43:59,3,33,18.0,69,3.4,1003.9,3.7,5.4,10,1122.3,0
2019-01-15 05:46:59,3,33,18.0,69,3.4,1003.8,3.7,5.4,12,1122.3,0
2019-01-15 05:49:59,3,33,18.1,69,3.4,1003.9,1.7,2.4,10,1122.3,0
2019-01-15 05:52:59,3,33,18.1,68,3.4,1003.8,4.4,5.4,10,1122.3,0
2019-01-15 05:55:59,3,33,18.1,68,3.5,1003.7,1.7,2.4,12,1122.3,0
2019-01-15 05:58:59,3,33,18.2,68,3.5,1003.8,2.0,2.4,10,1122.3,0
2019-01-15 06:01:59,3,33,18.3,68,3.5,1003.8,2.7,3.7,10,1122.3,0
2019-01-15 06:04:59,3,33,18.3,67,3.5,1003.9,3.1,6.1,10,1122.3,0
2019-01-15 06:07:59,3,33,18.3,67,3.5,1003.9,1.7,2.7,10,1122.3,0
2019-01-15 06:10:59,3,33,18.3,67,3.5,1003.8,2.0,2.7,10,1122.3,0
2019-01-15 06:13:59,3,33,18.4,67,3.5,1003.7,2.7,4.1,10,1122.3,0
2019-01-15 06:16:59,3,33,18.4,67,3.5,1003.7,3.7,5.1,12,1122.3,0
2019-01-15 06:19:59,3,33,18.5,67,3.6,1003.7,2.4,3.4,10,1122.3,0
2019-01-15 06:22:59,3,33,18.5,67,3.5,1003.8,4.4,6.8,10,1122.3,0
2019-01-15 06:25:59,3,33,18.5,67,3.6,1003.8,2.4,3.1,12,1122.3,0
2019-01-15 06:28:59,3,33,18.5,66,3.6,1003.7,2.0,3.1,10,1122.3,0
2019-01-15 06:31:59,3,33,18.5,66,3.6,1003.6,2.4,3.4,8,1122.3,0
2019-01-15 06:34:59,3,33,18.6,66,3.6,1003.8,2.4,3.4,12,1122.3,0
2019-01-15 06:37:59,3,33,18.6,66,3.6,1003.7,2.4,3.4,14,1122.3,0
2019-01-15 06:40:59,3,33,18.6,66,3.6,1003.7,2.4,3.4,10,1122.3,0
2019-01-15 06:43:59,3,33,18.6,66,3.6,1003.8,2.4,3.7,12,1122.3,0
2019-01-15 06:46:59,3,33,18.6,66,3.6,1003.8,1.4,1.7,11,1122.3,0
2019-01-15 06:49:59,3,33,18.6,66,3.6,1003.8,3.1,4.1,8,1122.3,0
2019-01-15 06:52:59,3,33,18.7,66,3.6,1003.8,2.4,3.1,12,1122.3,0
2019-01-15 06:55:59,3,33,18.8,66,3.6,1003.8,3.7,5.4,5,1122.3,0
2019-01-15 06:58:59,3,33,18.8,66,3.6,1003.7,2.0,3.7,10,1122.3,0
2019-01-15 07:01:59,3,33,18.8,66,3.6,1003.8,2.0,3.1,14,1122.3,0
2019-01-15 07:04:59,3,33,18.8,66,3.6,1003.7,2.0,3.1,14,1122.3,0
2019-01-15 07:07:59,3,33,18.8,65,3.6,1003.7,2.4,3.4,12,1122.3,0
2019-01-15 07:10:59,3,33,18.8,65,3.6,1003.8,3.4,4.4,10,1122.3,0
2019-01-15 07:13:59,3,33,18.8,65,3.6,1003.8,2.7,4.1,12,1122.3,0
2019-01-15 07:16:59,3,33,18.9,65,3.6,1003.8,2.7,3.7,10,1122.3,0
2019-01-15 07:19:59,3,33,18.9,65,3.6,1003.8,3.7,5.4,10,1122.3,0
2019-01-15 07:22:59,3,33,18.9,65,3.6,1003.8,3.7,4.4,10,1122.3,0
2019-01-15 07:25:59,3,33,18.9,65,3.7,1003.6,1.7,2.4,10,1122.3,0
2019-01-15 07:28:59,3,33,18.9,65,3.7,1003.8,3.1,4.4,10,1122.3,0
2019-01-15 07:31:59,3,32,19.0,66,3.7,1003.8,2.4,3.4,10,1122.3,0
2019-01-15 07:34:59,3,32,19.0,66,3.7,1003.8,2.7,3.7,10,1122.3,0
2019-01-15 07:37:59,3,32,19.0,66,3.7,1003.7,2.0,2.7,10,1122.3,0
2019-01-15 07:40:59,3,32,19.0,66,3.7,1003.7,2.7,3.1,10,1122.3,0
2019-01-15 07:43:59,3,32,19.0,66,3.7,1003.9,1.7,3.4,13,1122.3,0
2019-01-15 07:46:59,3,32,19.0,66,3.7,1003.8,2.0,3.4,12,1122.3,0
2019-01-15 07:49:59,3,33,19.1,66,3.7,1003.7,4.1,5.4,12,1122.3,0
2019-01-15 07:52:59,3,33,19.1,66,3.7,1003.8,2.7,3.7,10,1122.3,0
2019-01-15 07:55:59,3,33,19.2,66,3.7,1003.8,3.4,4.8,10,1122.3,0
2019-01-15 07:58:59,3,32,19.3,66,3.8,1003.8,2.0,2.4,11,1122.3,0
2019-01-15 08:01:59,3,32,19.7,66,3.8,1003.7,4.1,5.4,12,1122.3,0
2019-01-15 08:04:59,3,31,20.0,66,3.8,1003.9,2.4,3.1,11,1122.3,0
2019-01-15 08:07:59,3,31,20.2,67,3.8,1004.0,4.8,6.1,10,1122.3,0
2019-01-15 08:10:59,3,30,20.3,67,3.8,1004.0,2.4,3.7,9,1122.3,0
2019-01-15 08:13:59,3,30,20.5,67,3.8,1003.9,2.0,3.4,9,1122.3,0
2019-01-15 08:16:59,3,30,20.6,67,3.8,1004.1,2.0,3.1,8,1122.3,0
2019-01-15 08:19:59,3,30,20.7,67,3.8,1004.2,1.7,2.7,8,1122.3,0
2019-01-15 08:22:59,3,30,20.9,67,3.8,1004.1,2.4,3.1,6,1122.3,0
2019-01-15 08:25:59,3,30,20.9,67,3.8,1004.2,2.7,3.7,10,1122.3,0
2019-01-15 08:28:59,3,29,21.1,67,3.8,1004.3,1.7,2.7,12,1122.3,0
2019-01-15 08:31:59,3,28,21.1,68,3.8,1004.2,2.7,4.4,10,1122.3,0
2019-01-15 08:34:59,3,28,21.2,68,3.8,1004.2,2.0,2.4,10,1122.3,0
2019-01-15 08:37:59,3,28,21.3,68,3.8,1004.3,2.0,3.1,12,1122.3,0
2019-01-15 08:40:59,3,27,21.5,68,3.8,1004.2,3.1,4.4,10,1122.3,0
2019-01-15 08:43:59,3,27,21.6,68,3.8,1004.1,4.8,7.5,8,1122.3,0
2019-01-15 08:46:59,3,27,21.6,69,3.8,1004.1,2.7,3.7,10,1122.3,0
2019-01-15 08:49:59,3,27,21.7,70,3.8,1004.0,3.1,4.1,6,1122.3,0
2019-01-15 08:52:59,3,27,21.8,70,3.8,1004.1,4.4,7.1,10,1122.3,0
2019-01-15 08:55:59,3,27,21.9,70,3.8,1004.2,2.4,3.7,10,1122.3,0
2019-01-15 08:58:59,3,26,21.9,70,3.8,1004.3,3.4,5.1,0,1122.3,0
2019-01-15 09:01:59,3,25,22.0,70,3.8,1004.2,2.4,5.1,10,1122.3,0
2019-01-15 09:04:59,3,25,22.1,70,3.8,1004.4,2.4,5.1,10,1122.3,0
2019-01-15 09:07:59,3,25,22.1,71,3.7,1004.3,2.0,2.7,12,1122.3,0
2019-01-15 09:10:59,3,24,22.2,71,3.6,1004.4,2.7,3.7,10,1122.3,0
2019-01-15 09:13:59,3,24,22.2,72,3.6,1004.5,1.7,2.0,10,1122.3,0
2019-01-15 09:16:59,3,25,22.0,72,3.5,1004.3,2.0,3.1,10,1122.3,0
2019-01-15 09:19:59,3,26,21.8,73,3.5,1004.5,2.0,2.4,10,1122.3,0
2019-01-15 09:22:59,3,26,21.7,73,3.5,1004.5,2.0,3.1,10,1122.3,0
2019-01-15 09:25:59,3,27,21.6,73,3.5,1004.5,2.7,4.1,10,1122.3,0
2019-01-15 09:28:59,3,27,21.5,74,3.5,1004.4,1.7,2.0,12,1122.3,0
2019-01-15 09:31:59,3,27,21.4,74,3.5,1004.4,2.4,3.4,8,1122.3,0
2019-01-15 09:34:59,3,27,21.3,74,3.5,1004.3,2.0,2.7,10,1122.3,0
2019-01-15 09:37:59,3,27,21.3,74,3.5,1004.3,2.0,3.7,12,1122.3,0
2019-01-15 09:40:59,3,27,21.2,74,3.6,1004.3,2.4,2.7,8,1122.3,0
2019-01-15 09:43:59,3,27,21.2,74,3.6,1004.3,1.4,2.0,10,1122.3,0
2019-01-15 09:46:59,3,27,21.2,74,3.7,1004.3,2.7,4.4,8,1122.3,0
2019-01-15 09:49:59,3,28,21.1,74,3.7,1004.2,2.4,3.4,10,1122.3,0
2019-01-15 09:52:59,3,28,21.1,73,3.8,1004.3,2.0,2.7,10,1122.3,0
2019-01-15 09:55:59,3,28,21.0,73,3.9,1004.3,1.4,2.0,10,1122.3,0
2019-01-15 09:58:59,3,28,21.0,73,3.9,1004.3,2.7,4.1,15,1122.3,0
2019-01-15 10:01:59,3,29,20.9,73,3.8,1004.1,1.7,2.4,12,1122.3,0
2019-01-15 10:04:59,3,30,20.9,74,3.8,1004.2,2.0,2.4,10,1122.3,0
2019-01-15 10:07:59,3,30,20.8,75,3.8,1004.1,3.1,3.4,10,1122.3,0
2019-01-15 10:10:59,3,30,20.7,75,3.8,1004.0,2.0,2.4,10,1122.3,0
2019-01-15 10:13:59,3,30,20.7,75,3.8,1004.1,1.7,2.0,10,1122.3,0
2019-01-15 10:16:59,3,30,20.6,75,3.8,1004.0,2.4,3.1,10,1122.3,0
2019-01-15 10:19:59,3,30,20.5,75,3.8,1003.9,1.4,2.0,12,1122.3,0
2019-01-15 10:22:59,3,30,20.5,75,3.9,1003.9,3.7,4.4,10,1122.3,0
2019-01-15 10:25:59,3,30,20.4,75,4.0,1003.9,2.0,2.7,12,1122.3,0
2019-01-15 10:28:59,3,30,20.4,75,4.0,1004.0,2.4,3.4,12,1122.3,0
2019-01-15 10:31:59,3,30,20.3,74,4.1,1003.8,2.7,4.1,12,1122.3,0
2019-01-15 10:34:59,3,30,20.3,74,4.2,1003.9,2.4,3.4,12,1122.3,0
2019-01-15 10:37:59,3,30,20.2,74,4.2,1003.8,1.7,2.0,10,1122.3,0
2019-01-15 10:40:59,3,30,20.2,74,4.3,1003.7,2.0,2.7,10,1122.3,0
2019-01-15 10:43:59,3,30,20.1,73,4.3,1003.7,1.7,2.4,9,1122.3,0
2019-01-15 10:46:59,3,30,20.1,73,4.3,1003.7,3.1,4.8,10,1122.3,0
2019-01-15 10:49:59,3,30,20.0,73,4.4,1003.7,1.4,2.0,11,1122.3,0
2019-01-15 10:52:59,3,30,20.0,73,4.5,1003.7,1.7,3.1,10,1122.3,0
2019-01-15 10:55:59,3,30,20.0,73,4.5,1003.5,2.4,3.1,10,1122.3,0
2019-01-15 10:58:59,3,31,19.9,73,4.6,1003.5,2.0,2.4,14,1122.3,0
2019-01-15 11:01:59,3,32,19.8,73,4.6,1003.4,2.4,4.4,12,1122.3,0
2019-01-15 11:04:59,3,32,19.8,73,4.6,1003.5,2.4,4.4,12,1122.3,0
2019-01-15 11:07:59,3,32,19.8,73,4.8,1003.5,1.7,2.7,0,1122.3,0
2019-01-15 11:10:59,3,32,19.7,73,4.8,1003.5,1.7,2.4,12,1122.3,0
2019-01-15 11:13:59,3,32,19.7,73,4.8,1003.4,2.7,3.7,10,1122.3,0
2019-01-15 11:16:59,3,32,19.7,72,4.9,1003.5,1.7,2.4,10,1122.3,0
2019-01-15 11:19:59,3,32,19.7,72,4.8,1003.4,2.4,2.7,10,1122.3,0
2019-01-15 11:22:59,3,32,19.6,72,4.8,1003.5,1.7,2.4,13,1122.3,0
2019-01-15 11:25:59,3,32,19.6,73,4.7,1003.4,2.0,2.7,9,1122.3,0
2019-01-15 11:28:59,3,32,19.6,73,4.6,1003.3,1.4,2.0,10,1122.3,0
2019-01-15 11:31:59,3,32,19.5,74,4.6,1003.3,2.4,3.4,10,1122.3,0
2019-01-15 11:34:59,3,32,19.5,74,4.5,1003.2,1.0,1.4,10,1122.3,0
2019-01-15 11:37:59,3,32,19.5,75,4.5,1003.2,2.0,2.7,10,1122.3,0
2019-01-15 11:40:59,3,32,19.4,76,4.4,1003.3,2.0,2.4,10,1122.3,0
2019-01-15 11:43:59,3,32,19.4,76,4.4,1003.1,2.0,2.7,10,1122.3,0
2019-01-15 11:46:59,3,32,19.3,77,4.3,1003.1,3.4,3.7,10,1122.3,0
2019-01-15 11:49:59,3,32,19.3,77,4.3,1003.1,3.1,3.7,10,1122.3,0
2019-01-15 11:52:59,3,33,19.3,77,4.3,1003.1,1.7,2.0,9,1122.3,0
2019-01-15 11:55:59,3,33,19.3,78,4.4,1003.1,1.7,2.0,9,1122.3,0
2019-01-15 11:58:59,3,33,19.3,78,4.4,1002.9,2.0,3.1,8,1122.3,0
2019-01-15 12:01:59,3,33,19.3,78,4.4,1002.9,1.7,2.7,10,1122.3,0
2019-01-15 12:04:59,3,33,19.3,78,4.5,1002.9,2.4,3.1,10,1122.3,0
2019-01-15 12:07:59,3,33,19.3,77,4.5,1002.9,1.7,2.7,14,1122.3,0
2019-01-15 12:10:59,3,33,19.3,77,4.5,1002.9,1.4,2.0,12,1122.3,0
2019-01-15 12:13:59,3,33,19.3,77,4.6,1002.9,1.7,2.4,12,1122.3,0
2019-01-15 12:16:59,3,33,19.3,77,4.6,1002.8,1.7,2.0,12,1122.3,0
2019-01-15 12:19:59,3,33,19.3,77,4.7,1002.9,2.0,3.1,12,1122.3,0
2019-01-15 12:22:59,3,33,19.2,77,4.7,1002.8,2.7,3.4,11,1122.3,0
2019-01-15 12:25:59,3,33,19.2,77,4.7,1002.8,1.4,1.7,10,1122.3,0
2019-01-15 12:28:59,3,33,19.2,77,4.7,1002.8,2.0,3.4,10,1122.3,0
2019-01-15 12:31:59,3,33,19.2,77,4.7,1002.8,1.4,2.0,10,1122.3,0
2019-01-15 12:34:59,3,33,19.2,78,4.6,1002.8,2.0,2.4,14,1122.3,0
2019-01-15 12:37:59,3,33,19.2,79,4.6,1002.8,2.0,3.4,10,1122.3,0
2019-01-15 12:40:59,3,33,19.3,80,4.6,1002.6,1.7,2.4,10,1122.3,0
2019-01-15 12:43:59,3,33,19.3,80,4.5,1002.5,2.0,2.7,8,1122.3,0
2019-01-15 12:46:59,3,33,19.3,80,4.5,1002.5,2.4,3.7,11,1122.3,0
2019-01-15 12:49:59,3,33,19.3,81,4.5,1002.5,1.4,2.0,12,1122.3,0
2019-01-15 12:52:59,3,33,19.3,81,4.4,1002.4,1.0,1.7,8,1122.3,0
2019-01-15 12:55:59,3,33,19.3,81,4.4,1002.4,2.7,3.7,8,1122.3,0
2019-01-15 12:58:59,3,34,19.4,81,4.4,1002.4,1.7,2.4,10,1122.3,0
2019-01-15 13:01:59,3,34,19.4,82,4.4,1002.4,2.7,3.7,10,1122.3,0
2019-01-15 13:04:59,3,34,19.5,82,4.4,1002.4,2.7,3.7,10,1122.3,0
2019-01-15 13:07:59,3,34,19.5,82,4.4,1002.3,2.4,2.7,10,1122.3,0
2019-01-15 13:10:59,3,34,19.5,82,4.4,1002.2,2.4,3.1,10,1122.3,0
2019-01-15 13:13:59,3,34,19.6,82,4.4,1002.2,2.0,3.1,10,1122.3,0
2019-01-15 13:16:59,3,34,19.6,83,4.5,1002.1,2.7,3.1,10,1122.3,0
2019-01-15 13:19:59,3,34,19.6,83,4.5,1002.0,3.4,4.4,10,1122.3,0
2019-01-15 13:22:59,3,34,19.6,83,4.5,1002.0,2.4,3.1,10,1122.3,0
2019-01-15 13:25:59,3,34,19.6,83,4.5,1002.0,4.1,5.1,12,1122.3,0
2019-01-15 13:28:59,3,34,19.7,83,4.6,1001.9,2.7,3.4,10,1122.3,0
2019-01-15 13:31:59,3,35,19.7,83,4.6,1002.0,1.7,2.7,12,1122.3,0
2019-01-15 13:34:59,3,35,19.7,83,4.6,1001.9,2.4,3.1,10,1122.3,0
2019-01-15 13:37:59,3,36,19.8,83,4.6,1001.8,3.1,4.4,10,1122.3,0
2019-01-15 13:40:59,3,36,19.8,83,4.6,1001.8,1.4,1.7,10,1122.3,0
2019-01-15 13:43:59,3,36,19.8,83,4.6,1001.7,2.4,3.4,10,1122.3,0
2019-01-15 13:46:59,3,35,20.0,83,4.6,1001.6,2.0,2.7,10,1122.3,0
2019-01-15 13:49:59,3,34,20.0,83,4.6,1001.6,1.4,2.4,10,1122.3,0
2019-01-15 13:52:59,3,34,20.3,83,4.6,1001.7,2.0,2.4,10,1122.3,0
2019-01-15 13:55:59,3,33,20.5,83,4.7,1001.8,3.1,4.1,8,1122.3,0
2019-01-15 13:58:59,3,32,20.6,83,4.7,1001.9,1.7,2.4,10,1122.3,0
2019-01-15 14:01:59,3,32,20.7,83,4.7,1001.8,3.1,4.1,10,1122.3,0
2019-01-15 14:04:59,3,32,20.9,83,4.7,1001.9,2.7,3.1,11,1122.3,0
2019-01-15 14:07:59,3,30,21.1,83,4.8,1002.0,3.7,4.8,10,1122.3,0
2019-01-15 14:10:59,3,30,21.2,83,4.8,1002.0,2.7,3.4,14,1122.3,0
2019-01-15 14:13:59,3,30,21.3,84,4.8,1002.1,1.7,2.4,10,1122.6,0
2019-01-15 14:16:59,3,30,21.4,84,4.8,1002.0,2.7,3.7,12,1122.6,0
2019-01-15 14:19:59,3,29,21.5,84,4.8,1002.0,3.1,4.1,10,1122.6,0
2019-01-15 14:22:59,3,30,21.6,84,4.8,1001.9,2.0,3.4,10,1122.6,0
2019-01-15 14:25:59,3,29,21.7,84,4.9,1002.0,1.4,2.0,10,1122.6,0
2019-01-15 14:28:59,3,29,21.8,84,4.9,1002.0,2.0,2.7,10,1122.6,0
2019-01-15 14:31:59,3,29,21.9,84,4.9,1001.8,2.4,3.7,14,1122.6,0
2019-01-15 14:34:59,3,29,21.9,84,5.0,1001.9,2.4,2.7,10,1122.6,0
2019-01-15 14:37:59,3,28,22.0,85,5.0,1002.0,3.1,4.1,10,1122.6,0
2019-01-15 14:40:59,3,28,22.0,85,5.0,1001.9,1.7,2.4,10,1122.6,0
2019-01-15 14:43:59,3,29,21.9,85,5.0,1001.7,2.0,2.7,8,1122.6,0
2019-01-15 14:46:59,3,29,21.8,85,5.1,1001.7,2.7,3.7,10,1122.6,0
2019-01-15 14:49:59,3,30,21.7,85,5.1,1001.6,3.7,5.1,10,1122.6,0
2019-01-15 14:52:59,3,30,21.6,85,5.1,1001.7,3.4,4.1,8,1122.6,0
2019-01-15 14:55:59,3,30,21.5,85,5.1,1001.6,1.7,2.4,10,1122.6,0
2019-01-15 14:58:59,3,30,21.5,85,5.1,1001.6,2.4,3.4,12,1122.6,0
2019-01-15 15:01:59,3,30,21.5,85,5.1,1001.7,1.7,2.7,10,1122.6,0
2019-01-15 15:04:59,3,30,21.4,85,5.1,1001.6,1.7,2.7,10,1122.6,0
2019-01-15 15:07:59,3,30,21.3,85,5.2,1001.6,3.1,4.4,12,1122.6,0
2019-01-15 15:10:59,3,30,21.3,85,5.2,1001.6,2.0,3.1,10,1122.6,0
2019-01-15 15:13:59,3,30,21.3,85,5.2,1001.5,2.4,3.7,10,1122.6,0
2019-01-15 15:16:59,3,30,21.2,85,5.3,1001.6,3.1,4.8,10,1122.6,0
2019-01-15 15:19:59,3,30,21.2,85,5.3,1001.5,3.4,5.1,14,1122.6,0
2019-01-15 15:22:59,3,30,21.2,85,5.3,1001.5,3.7,4.8,8,1122.6,0
2019-01-15 15:25:59,3,30,21.2,85,5.4,1001.6,2.4,3.1,8,1122.6,0
2019-01-15 15:28:59,3,30,21.1,85,5.4,1001.5,2.0,3.4,10,1122.6,0
2019-01-15 15:31:59,3,30,21.1,85,5.4,1001.5,1.4,2.0,14,1122.6,0
2019-01-15 15:34:59,3,30,21.1,85,5.4,1001.5,1.7,2.4,10,1122.6,0
2019-01-15 15:37:59,3,30,21.0,85,5.4,1001.5,3.4,4.8,10,1122.6,0
2019-01-15 15:40:59,3,30,21.0,85,5.5,1001.4,2.4,3.7,12,1122.6,0
2019-01-15 15:43:59,3,31,20.9,85,5.5,1001.3,3.1,4.8,8,1122.6,0
2019-01-15 15:46:59,3,31,20.9,85,5.5,1001.3,2.4,3.1,12,1122.6,0
2019-01-15 15:49:59,3,31,20.8,85,5.5,1001.3,2.4,3.1,8,1122.6,0
2019-01-15 15:52:59,3,31,20.7,85,5.5,1001.2,3.4,4.8,10,1122.6,0
2019-01-15 15:55:59,3,31,20.7,85,5.5,1001.2,2.7,3.4,10,1122.6,0
2019-01-15 15:58:59,3,31,20.7,85,5.5,1001.1,2.4,3.7,10,1122.6,0
2019-01-15 16:01:59,3,31,20.7,85,5.6,1001.2,4.4,5.4,12,1122.6,0
2019-01-15 16:04:59,3,32,20.6,85,5.6,1001.2,2.0,2.4,10,1122.6,0
2019-01-15 16:07:59,3,32,20.6,85,5.6,1001.2,2.4,3.1,9,1122.6,0
2019-01-15 16:10:59,3,32,20.6,85,5.6,1001.1,1.7,2.4,8,1122.6,0
2019-01-15 16:13:59,3,32,20.6,85,5.6,1001.1,1.7,2.0,10,1122.6,0
2019-01-15 16:16:59,3,32,20.5,85,5.6,1001.1,4.1,6.1,10,1122.6,0
2019-01-15 16:19:59,3,32,20.5,85,5.7,1001.1,3.7,5.1,8,1122.6,0
2019-01-15 16:22:59,3,32,20.5,85,5.7,1001.0,2.0,3.4,6,1122.6,0
2019-01-15 16:25:59,3,32,20.5,85,5.7,1000.9,3.7,4.8,14,1122.6,0
2019-01-15 16:28:59,3,32,20.5,85,5.8,1001.1,3.4,4.8,12,1122.6,0
2019-01-15 16:31:59,3,32,20.4,85,5.8,1001.0,1.7,2.4,10,1122.6,0
2019-01-15 16:34:59,3,32,20.4,85,5.8,1001.0,2.7,4.1,14,1122.6,0
2019-01-15 16:37:59,3,32,20.4,85,5.9,1001.1,3.1,4.8,9,1122.6,0
2019-01-15 16:40:59,3,32,20.4,85,6.0,1001.0,3.7,4.8,12,1122.6,0
2019-01-15 16:43:59,3,32,20.4,84,6.0,1001.0,1.4,2.0,10,1122.6,0
2019-01-15 16:46:59,3,32,20.4,84,6.1,1000.9,1.7,2.4,15,1122.6,0
2019-01-15 16:49:59,3,32,20.4,84,6.1,1000.9,2.4,2.7,14,1122.6,0
2019-01-15 16:52:59,3,32,20.4,83,6.1,1000.8,3.7,5.8,10,1122.6,0
2019-01-15 16:55:59,3,32,20.4,83,6.2,1000.8,2.7,3.7,12,1122.6,0
2019-01-15 16:58:59,3,32,20.4,83,6.2,1000.8,2.4,3.7,11,1122.6,0
2019-01-15 17:01:59,3,32,20.3,83,6.3,1000.8,1.4,2.4,8,1122.6,0
2019-01-15 17:04:59,3,32,20.3,83,6.3,1000.8,1.4,2.4,8,1122.6,0
2019-01-15 17:07:59,3,32,20.3,83,6.2,1000.8,2.4,3.7,9,1122.6,0
2019-01-15 17:10:59,3,32,20.3,83,6.2,1000.7,2.7,3.7,10,1122.6,0
2019-01-15 17:13:59,3,32,20.3,83,6.2,1000.7,3.1,3.7,14,1122.6,0
2019-01-15 17:16:59,3,32,20.3,83,6.3,1000.5,2.4,3.1,10,1122.6,0
2019-01-15 17:19:59,3,32,20.3,83,6.3,1000.4,2.0,2.7,10,1122.6,0
2019-01-15 17:22:59,3,33,20.3,83,6.3,1000.5,1.7,2.4,10,1122.6,0
2019-01-15 17:25:59,3,33,20.3,83,6.3,1000.5,2.4,3.4,9,1122.6,0
2019-01-15 17:28:59,3,33,20.3,83,6.4,1000.6,2.4,4.1,10,1122.6,0
2019-01-15 17:31:59,3,33,20.3,83,6.5,1000.5,4.1,5.4,9,1122.6,0
2019-01-15 17:34:59,3,33,20.3,82,6.5,1000.6,3.1,4.1,10,1122.6,0
2019-01-15 17:37:59,3,33,20.3,82,6.6,1000.5,2.4,3.4,10,1122.6,0
2019-01-15 17:40:59,3,33,20.3,82,6.6,1000.6,3.1,4.8,10,1122.6,0
2019-01-15 17:43:59,3,33,20.3,82,6.7,1000.6,2.7,4.4,10,1122.6,0
2019-01-15 17:46:59,3,33,20.3,81,6.7,1000.6,3.1,4.1,10,1122.6,0
2019-01-15 17:49:59,3,33,20.3,81,6.7,1000.6,2.7,4.4,8,1122.6,0
2019-01-15 17:52:59,3,33,20.3,81,6.7,1000.6,2.7,3.7,8,1122.6,0
2019-01-15 17:55:59,3,33,20.3,82,6.6,1000.5,4.4,5.8,10,1122.6,0
2019-01-15 17:58:59,3,33,20.3,82,6.6,1000.5,4.1,6.5,10,1122.6,0
2019-01-15 18:01:59,3,33,20.3,82,6.6,1000.5,1.7,2.4,10,1122.6,0
2019-01-15 18:04:59,3,34,20.3,82,6.6,1000.5,3.4,4.4,10,1122.6,0
2019-01-15 18:07:59,3,34,20.3,82,6.5,1000.3,4.1,5.4,12,1122.6,0
2019-01-15 18:10:59,3,34,20.3,83,6.5,1000.5,5.1,7.5,12,1122.6,0
2019-01-15 18:13:59,3,34,20.3,83,6.5,1000.5,3.7,5.1,10,1122.6,0
2019-01-15 18:16:59,3,34,20.3,83,6.5,1000.5,3.7,5.8,9,1122.6,0
2019-01-15 18:19:59,3,34,20.3,83,6.4,1000.6,2.0,3.1,10,1122.6,0
2019-01-15 18:22:59,3,34,20.3,84,6.4,1000.6,2.4,3.1,10,1122.6,0
2019-01-15 18:25:59,3,34,20.3,84,6.4,1000.5,3.1,4.1,10,1122.6,0
2019-01-15 18:28:59,3,34,20.3,84,6.4,1000.4,4.1,5.1,14,1122.6,0
2019-01-15 18:31:59,3,34,20.3,84,6.5,1000.6,2.4,5.1,12,1122.9,0
2019-01-15 18:34:59,3,34,20.3,84,6.5,1000.6,2.4,3.7,9,1122.9,0
2019-01-15 18:37:59,3,34,20.3,84,6.5,1000.7,2.7,4.1,10,1122.9,0
2019-01-15 18:40:59,3,34,20.3,84,6.5,1000.8,3.4,5.1,12,1122.9,0
2019-01-15 18:43:59,3,34,20.3,84,6.6,1000.6,5.1,7.5,10,1122.9,0
2019-01-15 18:46:59,3,34,20.3,84,6.6,1000.6,4.1,5.8,10,1122.9,0
2019-01-15 18:49:59,3,34,20.3,84,6.6,1000.7,4.4,6.5,14,1122.9,0
2019-01-15 18:52:59,3,34,20.3,84,6.7,1000.7,3.7,5.4,12,1122.9,0
2019-01-15 18:55:59,3,34,20.3,83,6.7,1000.7,3.1,4.4,8,1122.9,0
2019-01-15 18:58:59,3,34,20.3,83,6.7,1000.7,2.7,3.4,8,1122.9,0
2019-01-15 19:01:59,3,34,20.3,83,6.7,1000.8,3.7,6.5,12,1122.9,0
2019-01-15 19:04:59,3,34,20.2,83,6.7,1000.8,3.7,6.5,12,1122.9,0
2019-01-15 19:07:59,3,34,20.2,83,6.8,1000.9,3.1,4.8,14,1122.9,0
2019-01-15 19:10:59,3,34,20.2,83,6.9,1001.0,3.7,7.8,10,1122.9,0
2019-01-15 19:13:59,3,34,20.2,82,6.9,1000.9,3.1,3.7,10,1122.9,0
2019-01-15 19:16:59,3,35,20.2,82,6.9,1000.8,2.4,3.4,6,1122.9,0
2019-01-15 19:19:59,3,35,20.2,82,7.0,1000.8,5.4,7.1,10,1122.9,0
2019-01-15 19:22:59,3,35,20.2,82,7.0,1000.8,4.1,5.8,8,1122.9,0
2019-01-15 19:25:59,3,35,20.2,82,6.9,1000.8,2.0,2.7,14,1122.9,0
2019-01-15 19:28:59,3,35,20.2,82,6.9,1000.8,2.7,4.4,13,1122.9,0
2019-01-15 19:31:59,3,35,20.2,83,6.9,1000.9,2.7,4.8,8,1122.9,0
2019-01-15 19:34:59,3,35,20.2,83,6.9,1000.8,3.1,3.7,10,1122.9,0
2019-01-15 19:37:59,3,35,20.2,83,6.8,1000.9,3.7,5.1,10,1122.9,0
2019-01-15 19:40:59,3,35,20.2,83,6.8,1000.9,3.4,5.1,10,1122.9,0
2019-01-15 19:43:59,3,35,20.2,84,6.8,1000.9,1.4,3.1,10,1122.9,0
2019-01-15 19:46:59,3,35,20.2,84,6.8,1000.9,3.7,4.8,14,1122.9,0
2019-01-15 19:49:59,3,35,20.2,84,6.8,1000.9,5.1,7.1,10,1122.9,0
2019-01-15 19:52:59,3,35,20.2,84,6.8,1000.8,3.7,5.1,12,1122.9,0
2019-01-15 19:55:59,3,35,20.2,84,6.8,1000.8,3.4,4.1,8,1122.9,0
2019-01-15 19:58:59,3,35,20.2,84,6.8,1000.8,4.1,5.1,10,1122.9,0
2019-01-15 20:01:59,3,35,20.2,84,6.9,1000.9,2.0,3.1,10,1122.9,0
2019-01-15 20:04:59,3,35,20.2,84,6.8,1000.9,2.0,3.4,11,1122.9,0
2019-01-15 20:07:59,3,35,20.2,84,6.9,1000.9,3.4,5.4,10,1122.9,0
2019-01-15 20:10:59,3,35,20.2,84,6.9,1001.0,3.1,4.1,10,1122.9,0
2019-01-15 20:13:59,3,35,20.2,84,6.8,1001.1,2.0,3.4,10,1122.9,0
2019-01-15 20:16:59,3,35,20.2,84,6.8,1001.0,3.4,5.4,10,1122.9,0
2019-01-15 20:19:59,3,35,20.2,84,6.8,1001.1,2.7,3.4,8,1122.9,0
2019-01-15 20:22:59,3,35,20.2,84,6.8,1001.1,3.1,4.8,10,1122.9,0
2019-01-15 20:25:59,3,35,20.2,84,6.8,1001.1,1.4,2.4,12,1122.9,0
2019-01-15 20:28:59,3,35,20.2,84,6.7,1001.2,2.0,3.4,10,1122.9,0
2019-01-15 20:31:59,3,35,20.2,85,6.7,1001.1,3.1,5.1,10,1122.9,0
2019-01-15 20:34:59,3,35,20.2,85,6.7,1001.2,3.1,4.4,0,1122.9,0
2019-01-15 20:37:59,3,35,20.2,85,6.7,1001.1,1.7,2.4,12,1122.9,0
2019-01-15 20:40:59,3,35,20.2,85,6.7,1001.2,1.7,2.0,8,1122.9,0
2019-01-15 20:43:59,3,35,20.2,85,6.7,1001.3,2.4,3.4,13,1122.9,0
2019-01-15 20:46:59,3,35,20.2,86,6.7,1001.1,2.0,2.7,14,1122.9,0
2019-01-15 20:49:59,3,35,20.2,86,6.7,1001.2,3.1,4.1,12,1122.9,0
2019-01-15 20:52:59,3,35,20.2,86,6.7,1001.4,2.0,5.4,10,1122.9,0
2019-01-15 20:55:59,3,36,20.2,86,6.7,1001.4,1.4,2.0,10,1122.9,0
2019-01-15 20:58:59,3,36,20.2,86,6.7,1001.4,2.4,3.4,14,1122.9,0
2019-01-15 21:01:59,3,36,20.2,86,6.7,1001.3,1.4,2.7,10,1122.9,0
2019-01-15 21:04:59,3,36,20.2,86,6.7,1001.3,1.4,2.7,10,1122.9,0
2019-01-15 21:07:59,3,36,20.2,86,6.7,1001.4,2.4,4.1,8,1122.9,0
2019-01-15 21:10:59,3,36,20.2,86,6.7,1001.4,3.1,4.4,10,1122.9,0
2019-01-15 21:13:59,3,36,20.2,87,6.7,1001.4,2.7,3.4,12,1122.9,0
2019-01-15 21:16:59,3,36,20.2,87,6.7,1001.3,3.4,4.4,12,1122.9,0
2019-01-15 21:19:59,3,36,20.2,87,6.7,1001.3,3.4,6.1,10,1123.2,0
2019-01-15 21:22:59,3,36,20.2,87,6.6,1001.4,2.4,4.1,10,1123.2,0
2019-01-15 21:25:59,3,35,20.2,87,6.6,1001.4,2.0,3.4,10,1123.2,0
2019-01-15 21:28:59,3,36,20.2,87,6.6,1001.4,2.0,2.7,10,1123.2,0
2019-01-15 21:31:59,3,36,20.2,87,6.6,1001.4,2.7,3.4,10,1123.2,0
2019-01-15 21:34:59,3,35,20.2,87,6.6,1001.3,3.4,4.8,8,1123.2,0
2019-01-15 21:37:59,3,36,20.2,87,6.6,1001.4,3.1,3.7,10,1123.2,0
2019-01-15 21:40:59,3,36,20.2,87,6.6,1001.4,1.7,2.0,10,1123.2,0
2019-01-15 21:43:59,3,36,20.2,87,6.6,1001.6,3.7,5.4,10,1123.2,0
2019-01-15 21:46:59,3,36,20.2,87,6.6,1001.4,2.7,4.4,12,1123.2,0
2019-01-15 21:49:59,3,35,20.2,88,6.6,1001.4,2.7,3.4,12,1123.2,0
2019-01-15 21:52:59,3,35,20.2,88,6.6,1001.4,2.7,3.4,8,1123.2,0
2019-01-15 21:55:59,3,35,20.1,88,6.6,1001.4,3.1,4.1,8,1123.2,0
2019-01-15 21:58:59,3,35,20.1,88,6.6,1001.5,3.1,3.7,10,1123.2,0
2019-01-15 22:01:59,3,35,20.1,88,6.6,1001.5,1.4,2.0,10,1123.2,0
2019-01-15 22:04:59,3,35,20.1,88,6.6,1001.5,3.1,6.1,9,1123.2,0
2019-01-15 22:07:59,3,35,20.1,88,6.6,1001.4,3.4,4.1,12,1123.2,0
2019-01-15 22:10:59,3,35,20.1,88,6.6,1001.4,2.4,3.4,10,1123.2,0
2019-01-15 22:13:59,3,35,20.1,88,6.6,1001.4,4.8,5.8,10,1123.2,0
2019-01-15 22:16:59,3,35,20.1,88,6.7,1001.3,2.7,4.8,12,1123.2,0
2019-01-15 22:19:59,3,35,20.1,88,6.7,1001.2,3.7,5.1,10,1123.2,0
2019-01-15 22:22:59,3,35,20.1,88,6.7,1001.3,1.4,2.0,8,1123.2,0
2019-01-15 22:25:59,3,35,20.1,88,6.7,1001.3,2.7,4.1,10,1123.2,0
2019-01-15 22:28:59,3,35,20.0,88,6.7,1001.3,2.0,2.7,10,1123.2,0
2019-01-15 22:31:59,3,35,20.0,88,6.7,1001.3,2.4,3.7,12,1123.2,0
2019-01-15 22:34:59,3,35,20.0,88,6.7,1001.3,2.0,3.1,8,1123.2,0
2019-01-15 22:37:59,3,35,20.0,87,6.7,1001.4,1.4,1.7,8,1123.2,0
2019-01-15 22:40:59,3,35,20.0,87,6.7,1001.3,3.4,4.4,12,1123.2,0
2019-01-15 22:43:59,3,35,20.0,87,6.7,1001.3,1.7,3.1,9,1123.2,0
2019-01-15 22:46:59,3,35,20.0,87,6.7,1001.3,2.7,3.7,10,1123.2,0
2019-01-15 22:49:59,3,35,20.0,87,6.8,1001.2,2.4,3.7,10,1123.2,0
2019-01-15 22:52:59,3,36,19.9,87,6.8,1001.2,3.1,4.4,10,1123.2,0
2019-01-15 22:55:59,3,36,19.9,87,6.8,1001.3,1.7,2.7,10,1123.2,0
2019-01-15 22:58:59,3,36,19.9,86,6.8,1001.2,3.7,4.4,10,1123.2,0
2019-01-15 23:01:59,3,36,19.8,86,6.8,1001.2,2.4,4.1,8,1123.2,0
2019-01-15 23:04:59,3,36,19.8,86,6.8,1001.1,2.4,4.1,8,1123.2,0
2019-01-15 23:07:59,3,36,19.8,86,6.8,1001.2,4.1,5.4,14,1123.2,0
2019-01-15 23:10:59,3,36,19.8,86,6.9,1001.3,1.7,2.0,10,1123.2,0
2019-01-15 23:13:59,3,36,19.8,85,6.9,1001.2,1.4,2.0,8,1123.2,0
2019-01-15 23:16:59,3,36,19.8,85,6.9,1001.2,3.1,4.8,12,1123.2,0
2019-01-15 23:19:59,3,36,19.8,85,6.9,1001.0,3.7,5.8,13,1123.2,0
2019-01-15 23:22:59,3,36,19.8,85,7.0,1001.4,2.7,3.4,9,1123.2,0
2019-01-15 23:25:59,3,36,19.7,85,7.0,1001.2,3.1,4.4,10,1123.2,0
2019-01-15 23:28:59,3,36,19.7,84,7.0,1001.2,2.0,2.4,12,1123.2,0
2019-01-15 23:31:59,3,36,19.7,84,7.0,1001.1,2.7,4.8,8,1123.2,0
2019-01-15 23:34:59,3,36,19.7,84,7.0,1001.2,2.7,3.7,6,1123.2,0
2019-01-15 23:37:59,3,36,19.7,84,7.0,1001.1,2.0,3.4,8,1123.2,0
2019-01-15 23:40:59,3,36,19.7,83,7.0,1001.0,1.7,2.7,13,1123.2,0
2019-01-15 23:43:59,3,36,19.6,83,7.1,1001.2,2.0,3.1,8,1123.2,0
2019-01-15 23:46:59,3,36,19.6,83,7.1,1001.1,1.4,2.4,12,1123.2,0
2019-01-15 23:49:59,3,36,19.6,83,7.1,1000.9,2.7,5.1,10,1123.2,0
2019-01-15 23:52:59,3,36,19.6,83,7.1,1001.0,4.4,5.8,10,1123.2,0
2019-01-15 23:55:59,3,36,19.6,83,7.1,1001.0,2.7,4.1,12,1123.2,0
2019-01-15 23:58:59,3,36,19.6,83,7.1,1000.9,2.7,4.4,6,1123.2,0
