2017-05-04 00:02:00,3,34,22.3,71,10.4,1014.9,1.4,2.0,0,271.5,0
2017-05-04 00:05:00,3,34,22.3,71,10.4,1014.9,1.4,2.0,0,271.5,0
2017-05-04 00:08:00,3,34,22.3,71,10.4,1014.8,1.0,1.7,0,271.5,0
2017-05-04 00:11:00,3,34,22.3,71,10.4,1014.8,1.0,1.7,0,271.5,0
2017-05-04 00:14:00,3,34,22.3,71,10.4,1014.8,1.4,2.4,0,271.5,0
2017-05-04 00:17:00,3,34,22.3,71,10.4,1014.7,1.0,1.4,3,271.5,0
2017-05-04 00:20:00,3,34,22.3,71,10.4,1014.7,0.7,1.0,2,271.5,0
2017-05-04 00:23:00,3,34,22.3,71,10.4,1014.7,1.4,1.7,0,271.5,0
2017-05-04 00:26:00,3,34,22.3,71,10.4,1014.7,1.0,1.7,12,271.5,0
2017-05-04 00:29:00,3,34,22.3,71,10.4,1014.6,1.0,1.4,0,271.5,0
2017-05-04 00:32:00,3,34,22.3,71,10.4,1014.6,2.7,3.4,2,271.5,0
2017-05-04 00:35:00,3,34,22.3,71,10.4,1014.6,1.0,1.7,0,271.5,0
2017-05-04 00:38:00,3,34,22.2,71,10.4,1014.6,0.7,1.0,14,271.5,0
2017-05-04 00:41:00,3,34,22.2,71,10.4,1014.6,0.7,1.0,0,271.5,0
2017-05-04 00:44:00,3,34,22.2,71,10.4,1014.5,1.4,1.7,14,271.5,0
2017-05-04 00:47:00,3,34,22.2,71,10.4,1014.5,1.4,2.0,2,271.5,0
2017-05-04 00:50:00,3,34,22.2,71,10.4,1014.5,1.7,2.0,0,271.5,0
2017-05-04 00:53:00,3,34,22.2,71,10.4,1014.4,0.7,1.0,2,271.5,0
2017-05-04 00:56:00,3,34,22.2,71,10.3,1014.4,1.7,2.4,0,271.5,0
2017-05-04 00:59:00,3,34,22.2,71,10.3,1014.5,1.4,1.7,0,271.5,0
2017-05-04 01:02:00,3,34,22.2,71,10.3,1014.4,1.4,2.0,0,271.5,0
2017-05-04 01:05:00,3,34,22.2,71,10.2,1014.4,0.7,1.4,14,271.5,0
2017-05-04 01:08:00,3,34,22.2,72,10.2,1014.5,1.0,1.4,0,271.5,0
2017-05-04 01:11:00,3,34,22.2,72,10.2,1014.4,1.0,1.4,0,271.5,0
2017-05-04 01:14:00,3,34,22.1,72,10.2,1014.4,1.0,1.7,2,271.5,0
2017-05-04 01:17:00,3,34,22.1,71,10.2,1014.5,1.4,2.0,2,271.5,0
2017-05-04 01:20:00,3,34,22.1,72,10.2,1014.4,1.0,1.4,4,271.5,0
2017-05-04 01:23:00,3,34,22.1,72,10.1,1014.5,1.4,2.0,4,271.5,0
2017-05-04 01:26:00,3,34,22.1,72,10.1,1014.4,1.0,1.4,0,271.5,0
2017-05-04 01:29:00,3,34,22.1,73,10.0,1014.4,1.0,1.4,0,271.5,0
2017-05-04 01:32:00,3,34,22.1,73,9.9,1014.4,0.7,1.0,15,271.5,0
2017-05-04 01:35:00,3,34,22.1,74,9.8,1014.4,0.3,0.7,0,271.5,0
2017-05-04 01:38:00,3,34,22.0,74,9.8,1014.4,1.0,1.4,0,271.5,0
2017-05-04 01:41:00,3,34,22.0,74,9.7,1014.2,0.7,1.0,0,271.5,0
2017-05-04 01:44:00,3,34,22.0,75,9.6,1014.2,0.3,1.0,0,271.5,0
2017-05-04 01:47:00,3,34,22.0,75,9.6,1014.3,1.0,1.4,2,271.5,0
2017-05-04 01:50:00,3,35,21.9,75,9.6,1014.2,1.0,1.4,0,271.5,0
2017-05-04 01:53:00,3,35,21.9,75,9.6,1014.2,0.7,1.4,0,271.5,0
2017-05-04 01:56:00,3,35,21.9,75,9.6,1014.3,1.0,1.0,2,271.5,0
2017-05-04 01:59:00,3,35,21.9,74,9.6,1014.2,0.7,1.4,0,271.5,0
2017-05-04 02:02:00,3,35,21.9,74,9.6,1014.2,1.0,1.4,4,271.5,0
2017-05-04 02:05:00,3,35,21.9,74,9.6,1014.2,1.0,1.4,4,271.5,0
2017-05-04 02:08:00,3,35,21.9,75,9.5,1014.2,0.3,0.7,0,271.5,0
2017-05-04 02:11:00,3,35,21.9,76,9.5,1014.2,0,0,0,271.5,0
2017-05-04 02:14:00,3,35,21.9,76,9.4,1014.1,0.7,1.0,2,271.5,0
2017-05-04 02:17:00,3,35,21.9,77,9.3,1014.2,0,0,0,271.5,0
2017-05-04 02:20:00,3,34,21.9,78,9.3,1014.2,0.7,1.4,0,271.5,0
2017-05-04 02:23:00,3,35,21.8,78,9.2,1014.2,0.7,1.0,0,271.5,0
2017-05-04 02:26:00,3,35,21.8,78,9.2,1014.2,1.0,1.7,0,271.5,0
2017-05-04 02:29:00,3,34,21.8,78,9.2,1014.2,0.7,1.0,2,271.5,0
2017-05-04 02:32:00,3,34,21.8,79,9.1,1014.2,0.3,0.7,0,271.5,0
2017-05-04 02:35:00,3,34,21.8,79,9.1,1014.2,0.7,1.7,2,271.5,0
2017-05-04 02:38:00,3,34,21.8,79,9.1,1014.1,1.4,2.0,0,271.5,0
2017-05-04 02:41:00,3,34,21.8,79,9.1,1014.0,1.0,1.4,0,271.5,0
2017-05-04 02:44:00,3,34,21.8,79,9.0,1014.0,1.0,1.4,1,271.5,0
2017-05-04 02:47:00,3,34,21.8,80,9.0,1014.1,0.3,0.7,0,271.8,0
2017-05-04 02:50:00,3,34,21.8,80,8.9,1014.0,0.7,1.0,15,271.8,0
2017-05-04 02:53:00,3,34,21.8,80,8.8,1014.0,0.7,1.0,0,271.8,0
2017-05-04 02:56:00,3,34,21.8,81,8.7,1014.0,1.0,1.4,2,271.8,0
2017-05-04 02:59:00,3,34,21.8,81,8.7,1013.9,1.4,2.0,2,271.8,0
2017-05-04 03:02:00,3,34,21.7,81,8.5,1013.9,2.0,2.7,0,271.8,0
2017-05-04 03:05:00,3,34,21.7,82,8.5,1013.9,1.4,1.7,0,271.8,0
2017-05-04 03:08:00,3,34,21.7,82,8.4,1013.8,1.0,1.4,0,271.8,0
2017-05-04 03:11:00,3,34,21.7,83,8.3,1013.9,0.7,1.4,0,271.8,0
2017-05-04 03:14:00,3,34,21.7,83,8.2,1013.8,2.4,3.4,0,271.8,0
2017-05-04 03:17:00,3,34,21.7,83,8.2,1013.8,1.7,2.0,2,271.8,0
2017-05-04 03:20:00,3,34,21.7,84,8.1,1013.8,2.4,3.1,0,271.8,0
2017-05-04 03:23:00,3,34,21.7,84,8.0,1013.8,1.4,2.0,0,271.8,0
2017-05-04 03:26:00,3,34,21.7,85,8.0,1013.8,1.7,3.1,2,271.8,0
2017-05-04 03:29:00,3,34,21.7,85,7.9,1013.8,1.0,1.7,0,272.1,0
2017-05-04 03:32:00,3,34,21.7,86,7.9,1013.7,2.0,2.7,2,272.1,0
2017-05-04 03:35:00,3,34,21.7,87,7.8,1013.8,0.7,1.4,2,272.1,0
2017-05-04 03:38:00,3,34,21.6,88,7.7,1013.7,1.4,1.7,0,272.1,0
2017-05-04 03:41:00,3,34,21.6,89,7.7,1013.6,1.0,1.4,2,272.4,0
2017-05-04 03:44:00,3,34,21.6,89,7.6,1013.6,1.7,3.1,3,272.4,0
2017-05-04 03:47:00,3,34,21.6,90,7.6,1013.6,1.0,1.4,0,272.4,0
2017-05-04 03:50:00,3,34,21.6,90,7.5,1013.7,1.4,1.4,0,272.4,0
2017-05-04 03:53:00,3,34,21.6,91,7.5,1013.7,1.4,1.7,0,272.7,0
2017-05-04 03:56:00,3,34,21.6,91,7.5,1013.7,0.3,0.7,0,272.7,0
2017-05-04 03:59:00,3,34,21.6,95,7.4,1013.7,1.7,2.7,0,272.7,0
2017-05-04 04:02:00,3,34,21.6,95,7.4,1013.7,1.7,2.4,0,272.7,0
2017-05-04 04:05:00,3,34,21.6,95,7.4,1013.7,1.7,2.4,0,272.7,0
2017-05-04 04:08:00,3,34,21.6,96,7.4,1013.7,1.4,2.0,0,272.7,0
2017-05-04 04:11:00,3,34,21.6,96,7.3,1013.8,1.4,1.7,15,273.0,0
2017-05-04 04:14:00,3,34,21.6,96,7.3,1013.8,1.0,1.4,0,273.0,0
2017-05-04 04:17:00,3,34,21.6,96,7.3,1013.7,1.7,2.4,14,273.0,0
2017-05-04 04:20:00,3,35,21.6,96,7.2,1013.7,1.7,2.0,0,273.0,0
2017-05-04 04:23:00,3,35,21.6,96,7.2,1013.7,1.4,2.0,14,273.0,0
2017-05-04 04:26:00,3,35,21.6,97,7.2,1013.6,1.0,1.7,0,273.0,0
2017-05-04 04:29:00,3,35,21.7,97,7.2,1013.7,1.0,1.4,0,273.3,0
2017-05-04 04:32:00,3,35,21.7,97,7.1,1013.6,2.0,2.7,14,273.3,0
2017-05-04 04:35:00,3,35,21.7,97,7.1,1013.7,1.7,2.0,1,273.3,0
2017-05-04 04:38:00,3,35,21.7,97,7.1,1013.7,1.7,2.4,15,273.3,0
2017-05-04 04:41:00,3,35,21.7,97,7.1,1013.7,2.0,2.4,0,273.3,0
2017-05-04 04:44:00,3,35,21.7,97,7.1,1013.7,0.7,1.0,0,273.3,0
2017-05-04 04:47:00,3,35,21.7,97,7.1,1013.7,1.4,2.0,0,273.3,0
2017-05-04 04:50:00,3,35,21.7,97,7.1,1013.7,2.4,3.1,0,273.3,0
2017-05-04 04:53:00,3,35,21.8,97,7.1,1013.6,1.4,2.0,0,273.3,0
2017-05-04 04:56:00,3,35,21.8,97,7.0,1013.6,1.7,2.4,2,273.3,0
2017-05-04 04:59:00,3,35,21.8,97,7.0,1013.6,1.7,2.4,0,273.3,0
2017-05-04 05:02:00,3,35,21.8,97,7.0,1013.6,0.7,1.0,0,273.3,0
2017-05-04 05:05:00,3,35,21.8,97,7.0,1013.6,1.0,1.7,2,273.3,0
2017-05-04 05:08:00,3,36,21.8,97,7.0,1013.7,1.0,1.4,2,273.3,0
2017-05-04 05:11:00,3,36,21.8,97,7.0,1013.6,1.4,2.0,14,273.3,0
2017-05-04 05:14:00,3,36,21.9,97,7.0,1013.7,1.7,2.0,0,273.3,0
2017-05-04 05:17:00,3,35,22.2,97,7.0,1013.7,1.0,1.4,0,273.3,0
2017-05-04 05:20:00,3,35,22.3,97,7.0,1013.7,1.0,1.7,0,273.3,0
2017-05-04 05:23:00,3,34,22.4,97,7.0,1013.7,1.0,1.4,0,273.3,0
2017-05-04 05:26:00,3,34,22.6,97,7.0,1013.7,1.0,1.4,14,273.3,0
2017-05-04 05:29:00,3,34,22.6,97,7.0,1013.7,2.0,2.7,0,273.3,0
2017-05-04 05:32:00,3,33,22.7,97,7.0,1013.9,1.0,1.7,0,273.3,0
2017-05-04 05:35:00,3,33,22.7,97,7.0,1013.8,1.0,1.4,2,273.3,0
2017-05-04 05:38:00,3,33,22.9,97,7.0,1013.7,1.7,2.4,0,273.3,0
2017-05-04 05:41:00,3,33,22.9,97,7.0,1013.6,1.4,2.0,0,273.3,0
2017-05-04 05:44:00,3,34,23.0,97,7.0,1013.7,1.4,1.7,0,273.3,0
2017-05-04 05:47:00,3,34,23.0,97,7.0,1013.8,0.7,1.0,0,273.3,0
2017-05-04 05:50:00,3,34,23.1,97,7.1,1013.7,1.7,2.0,2,273.3,0
2017-05-04 05:53:00,3,33,23.1,97,7.1,1013.8,0.7,1.0,2,273.3,0
2017-05-04 05:56:00,3,33,23.1,97,7.1,1013.9,1.4,1.7,4,273.3,0
2017-05-04 05:59:00,3,33,23.2,97,7.1,1013.9,1.4,2.0,2,273.3,0
2017-05-04 06:02:00,3,33,23.3,97,7.1,1013.8,0.7,1.0,0,273.3,0
2017-05-04 06:05:00,3,33,23.5,97,7.1,1013.8,0.7,1.0,0,273.3,0
2017-05-04 06:08:00,3,33,23.5,97,7.1,1013.8,0.7,1.0,0,273.3,0
2017-05-04 06:11:00,3,33,23.5,97,7.2,1013.7,0.3,0.7,14,273.3,0
2017-05-04 06:14:00,3,33,23.7,96,7.2,1013.8,1.0,1.7,4,273.3,0
2017-05-04 06:17:00,3,33,23.7,96,7.2,1013.9,1.0,1.4,0,273.3,0
2017-05-04 06:20:00,3,33,23.8,96,7.2,1013.8,0,0.3,0,273.3,0
2017-05-04 06:23:00,3,33,23.8,96,7.2,1013.8,0.7,1.0,2,273.3,0
2017-05-04 06:26:00,3,33,23.8,96,7.3,1013.8,1.0,1.4,14,273.3,0
2017-05-04 06:29:00,3,33,23.9,96,7.2,1013.9,1.0,1.4,0,273.3,0
2017-05-04 06:32:00,3,32,24.0,96,7.2,1014.0,1.7,2.0,0,273.3,0
2017-05-04 06:35:00,3,32,24.0,96,7.2,1013.9,1.0,1.4,0,273.3,0
2017-05-04 06:38:00,3,32,24.0,96,7.2,1013.9,0.7,1.0,0,273.3,0
2017-05-04 06:41:00,3,32,24.2,96,7.2,1013.9,1.4,2.0,2,273.3,0
2017-05-04 06:44:00,3,32,24.2,96,7.2,1013.9,0.7,1.0,0,273.3,0
2017-05-04 06:47:00,3,32,24.2,96,7.2,1013.9,1.0,1.4,14,273.3,0
2017-05-04 06:50:00,3,32,24.2,97,7.2,1013.8,0.7,1.4,2,273.3,0
2017-05-04 06:53:00,3,32,24.2,97,7.2,1013.8,0.7,1.0,0,273.3,0
2017-05-04 06:56:00,3,32,24.2,97,7.2,1013.8,1.0,1.4,0,273.6,0
2017-05-04 06:59:00,3,32,24.3,97,7.2,1013.8,1.7,2.4,0,273.6,0
2017-05-04 07:02:00,3,32,24.4,97,7.2,1013.7,0.7,1.0,2,273.6,0
2017-05-04 07:05:00,3,32,24.4,97,7.2,1013.8,2.0,2.4,0,273.6,0
2017-05-04 07:08:00,3,32,24.4,97,7.2,1013.7,2.0,2.7,0,273.6,0
2017-05-04 07:11:00,3,32,24.4,97,7.2,1013.9,1.4,1.7,2,273.6,0
2017-05-04 07:14:00,3,32,24.5,97,7.3,1013.9,1.7,2.4,0,273.6,0
2017-05-04 07:17:00,3,32,24.5,97,7.3,1013.8,0.7,1.0,2,273.6,0
2017-05-04 07:20:00,3,32,24.5,97,7.4,1013.8,1.4,1.7,0,273.6,0
2017-05-04 07:23:00,3,32,24.5,93,7.5,1013.8,1.4,1.7,2,273.6,0
2017-05-04 07:26:00,3,32,24.5,93,7.5,1013.8,3.1,4.4,0,273.6,0
2017-05-04 07:29:00,3,32,24.6,93,7.5,1013.8,1.4,2.0,0,273.6,0
2017-05-04 07:32:00,3,32,24.6,93,7.6,1013.9,1.0,1.7,0,273.6,0
2017-05-04 07:35:00,3,32,24.7,93,7.6,1013.8,0.7,1.0,14,273.6,0
2017-05-04 07:38:00,3,32,24.7,93,7.7,1013.8,1.4,2.0,2,273.6,0
2017-05-04 07:41:00,3,32,24.5,93,7.7,1013.7,1.0,1.7,14,273.6,0
2017-05-04 07:44:00,3,32,24.4,93,7.7,1013.8,1.7,2.0,10,273.6,0
2017-05-04 07:47:00,3,32,24.3,93,7.8,1013.8,1.0,1.7,0,273.6,0
2017-05-04 07:50:00,3,32,24.2,93,7.8,1013.7,1.4,1.7,0,273.9,0
2017-05-04 07:53:00,3,32,24.0,93,7.8,1013.9,1.0,1.7,0,273.9,0
2017-05-04 07:56:00,3,33,23.9,93,7.8,1013.8,1.7,2.4,0,273.9,0
2017-05-04 07:59:00,3,33,23.9,93,7.8,1013.8,1.4,2.0,0,273.9,0
2017-05-04 08:02:00,3,33,23.8,93,7.8,1013.8,2.0,2.7,12,273.9,0
2017-05-04 08:05:00,3,33,23.7,93,7.8,1013.7,2.0,2.7,12,273.9,0
2017-05-04 08:08:00,3,33,23.7,93,7.9,1013.7,0.3,0.7,0,273.9,0
2017-05-04 08:11:00,3,33,23.6,93,7.9,1013.6,1.4,2.0,0,274.2,0
2017-05-04 08:14:00,3,33,23.5,93,7.9,1013.6,1.7,2.0,3,274.2,0
2017-05-04 08:17:00,3,33,23.5,93,7.9,1013.6,1.4,2.0,0,274.2,0
2017-05-04 08:20:00,3,33,23.5,93,7.9,1013.6,0.7,1.4,14,274.2,0
2017-05-04 08:23:00,3,33,23.4,93,7.9,1013.5,1.0,1.4,0,274.2,0
2017-05-04 08:26:00,3,33,23.3,93,8.0,1013.5,0.7,1.0,14,274.2,0
2017-05-04 08:29:00,3,33,23.3,93,8.0,1013.5,1.4,2.0,0,274.2,0
2017-05-04 08:32:00,3,33,23.2,94,8.1,1013.4,1.4,1.7,14,274.2,0
2017-05-04 08:35:00,3,33,23.1,94,8.0,1013.5,1.7,2.4,0,274.2,0
2017-05-04 08:38:00,3,33,23.1,93,8.0,1013.4,0.7,1.0,0,274.2,0
2017-05-04 08:41:00,3,33,23.1,93,8.1,1013.5,1.4,1.7,2,274.2,0
2017-05-04 08:44:00,3,33,23.0,93,8.1,1013.4,1.4,1.7,2,274.2,0
2017-05-04 08:47:00,3,34,23.0,93,8.1,1013.4,1.7,2.4,14,274.2,0
2017-05-04 08:50:00,3,34,23.0,93,8.1,1013.4,1.7,2.4,0,274.2,0
2017-05-04 08:53:00,3,34,23.0,93,8.1,1013.3,1.4,1.7,1,274.2,0
2017-05-04 08:56:00,3,33,22.9,93,8.1,1013.3,1.4,2.0,0,274.2,0
2017-05-04 08:59:00,3,33,22.9,93,8.2,1013.3,2.4,3.1,2,274.5,0
2017-05-04 09:02:00,3,33,22.9,93,8.2,1013.4,1.7,2.0,2,274.5,0
2017-05-04 09:05:00,3,33,22.9,93,8.3,1013.3,1.0,1.7,4,274.5,0
2017-05-04 09:08:00,3,33,22.8,93,8.3,1013.3,0.7,1.0,0,274.5,0
2017-05-04 09:11:00,3,33,22.8,93,8.3,1013.3,1.0,1.7,0,274.5,0
2017-05-04 09:14:00,3,33,22.7,93,8.3,1013.2,0.7,1.0,0,274.5,0
2017-05-04 09:17:00,3,33,22.7,92,8.3,1013.2,1.4,1.7,0,274.5,0
2017-05-04 09:20:00,3,33,22.7,92,8.3,1013.2,1.7,2.0,10,274.5,0
2017-05-04 09:23:00,3,33,22.7,92,8.3,1013.3,1.0,1.4,1,274.5,0
2017-05-04 09:26:00,3,34,22.7,92,8.2,1013.2,2.0,3.1,0,274.5,0
2017-05-04 09:29:00,3,34,22.7,92,8.2,1013.2,1.7,2.4,0,274.5,0
2017-05-04 09:32:00,3,34,22.8,92,8.2,1013.3,1.0,1.7,14,274.5,0
2017-05-04 09:35:00,3,34,22.9,92,8.2,1013.2,1.0,1.4,14,274.5,0
2017-05-04 09:38:00,3,34,22.9,92,8.2,1013.2,1.4,1.7,2,274.5,0
2017-05-04 09:41:00,3,34,22.9,92,8.2,1013.3,1.4,2.0,4,274.5,0
2017-05-04 09:44:00,3,34,22.8,92,8.3,1013.3,1.0,1.4,0,274.5,0
2017-05-04 09:47:00,3,34,22.8,93,8.3,1013.2,2.0,3.7,0,274.5,0
2017-05-04 09:50:00,3,34,22.7,93,8.3,1013.2,1.7,2.0,0,274.5,0
2017-05-04 09:53:00,3,34,22.7,93,8.3,1013.2,1.7,2.4,0,274.5,0
2017-05-04 09:56:00,3,34,22.7,93,8.3,1013.1,1.4,2.0,2,274.5,0
2017-05-04 09:59:00,3,34,22.7,93,8.4,1013.2,1.0,1.4,0,274.5,0
2017-05-04 10:02:00,3,34,22.7,93,8.4,1013.0,1.4,2.0,0,274.5,0
2017-05-04 10:05:00,3,34,22.6,93,8.4,1013.1,1.4,2.0,0,274.5,0
2017-05-04 10:08:00,3,34,22.6,93,8.5,1013.1,2.0,2.4,14,274.8,0
2017-05-04 10:11:00,3,34,22.6,93,8.5,1013.0,1.4,1.7,0,274.8,0
2017-05-04 10:14:00,3,34,22.6,93,8.6,1013.0,1.4,2.4,0,274.8,0
2017-05-04 10:17:00,3,34,22.6,93,8.6,1012.9,1.4,2.0,0,274.8,0
2017-05-04 10:20:00,3,34,22.6,93,8.7,1013.0,1.7,2.0,0,274.8,0
2017-05-04 10:23:00,3,34,22.6,93,8.7,1013.1,1.0,1.7,0,274.8,0
2017-05-04 10:26:00,3,34,22.6,92,8.7,1012.9,2.4,3.1,2,274.8,0
2017-05-04 10:29:00,3,34,22.6,92,8.7,1012.9,2.7,3.7,0,274.8,0
2017-05-04 10:32:00,3,34,22.6,92,8.7,1012.8,1.4,1.7,0,274.8,0
2017-05-04 10:35:00,3,34,22.5,92,8.7,1012.8,1.0,1.7,2,274.8,0
2017-05-04 10:38:00,3,34,22.5,92,8.7,1012.8,1.7,2.0,0,274.8,0
2017-05-04 10:41:00,3,34,22.5,92,8.7,1012.7,1.4,2.0,0,274.8,0
2017-05-04 10:44:00,3,34,22.5,92,8.8,1012.7,1.4,2.0,3,274.8,0
2017-05-04 10:47:00,3,34,22.5,93,8.8,1012.7,1.7,2.0,2,274.8,0
2017-05-04 10:50:00,3,35,22.5,93,8.8,1012.6,1.0,1.7,14,274.8,0
2017-05-04 10:53:00,3,35,22.4,93,8.7,1012.6,3.7,5.1,4,274.8,0
2017-05-04 10:56:00,3,35,22.4,93,8.7,1012.6,2.0,2.7,0,274.8,0
2017-05-04 10:59:00,3,35,22.3,93,8.7,1012.6,1.4,1.7,0,274.8,0
2017-05-04 11:02:00,3,35,22.3,93,8.7,1012.5,0.7,1.0,2,274.8,0
2017-05-04 11:05:00,3,35,22.3,93,8.7,1012.6,1.4,2.0,0,274.8,0
2017-05-04 11:08:00,3,35,22.3,93,8.7,1012.6,1.0,1.4,4,274.8,0
2017-05-04 11:11:00,3,35,22.3,93,8.8,1012.6,1.0,1.7,0,274.8,0
2017-05-04 11:14:00,3,35,22.2,93,8.7,1012.6,1.4,2.0,0,274.8,0
2017-05-04 11:17:00,3,35,22.2,93,8.8,1012.5,1.4,1.7,2,274.8,0
2017-05-04 11:20:00,3,35,22.2,93,8.8,1012.5,1.4,1.7,0,274.8,0
2017-05-04 11:23:00,3,35,22.2,94,8.8,1012.5,0.7,1.0,2,275.1,0
2017-05-04 11:26:00,3,35,22.2,94,8.8,1012.6,0.7,1.0,2,275.1,0
2017-05-04 11:29:00,3,35,22.2,94,8.8,1012.5,0.7,1.4,0,275.1,0
2017-05-04 11:32:00,3,35,22.2,94,8.8,1012.5,1.0,1.4,0,275.1,0
2017-05-04 11:35:00,3,35,22.2,94,8.8,1012.4,0.7,1.0,0,275.1,0
2017-05-04 11:38:00,3,35,22.2,94,8.8,1012.5,1.7,2.0,4,275.1,0
2017-05-04 11:41:00,3,36,22.2,94,8.8,1012.5,1.0,1.0,0,275.1,0
2017-05-04 11:44:00,3,36,22.2,94,8.8,1012.5,0.7,1.4,0,275.1,0
2017-05-04 11:47:00,3,36,22.2,94,8.8,1012.4,0.7,1.0,0,275.1,0
2017-05-04 11:50:00,3,36,22.1,94,8.8,1012.4,1.4,1.7,0,275.1,0
2017-05-04 11:53:00,3,36,22.1,94,8.8,1012.4,1.7,2.4,0,275.4,0
2017-05-04 11:56:00,3,36,22.2,94,8.8,1012.4,0.7,1.0,0,275.4,0
2017-05-04 11:59:00,3,36,22.1,94,8.8,1012.4,1.4,1.7,0,275.4,0
2017-05-04 12:02:00,3,36,22.1,94,8.8,1012.3,1.0,1.4,2,275.4,0
2017-05-04 12:05:00,3,36,22.2,94,8.8,1012.3,1.0,1.4,2,275.4,0
2017-05-04 12:08:00,3,36,22.1,94,8.8,1012.3,1.0,1.4,0,275.4,0
2017-05-04 12:11:00,3,36,22.1,94,8.8,1012.3,0.7,1.4,13,275.4,0
2017-05-04 12:14:00,3,36,22.1,94,8.9,1012.3,1.4,1.7,0,275.4,0
2017-05-04 12:17:00,3,36,22.1,94,8.9,1012.2,1.4,1.7,0,275.4,0
2017-05-04 12:20:00,3,36,22.1,94,8.9,1012.2,1.4,1.7,14,275.4,0
2017-05-04 12:23:00,3,36,22.1,94,8.9,1012.1,0.3,0.7,0,275.4,0
2017-05-04 12:26:00,3,36,22.1,94,9.0,1012.2,0.3,0.7,14,275.4,0
2017-05-04 12:29:00,3,38,22.2,94,9.0,1012.2,0.3,0.7,0,275.4,0
2017-05-04 12:32:00,3,38,22.2,94,9.0,1012.1,0.7,1.0,2,275.4,0
2017-05-04 12:35:00,3,38,22.2,94,9.0,1012.1,1.7,2.4,2,275.4,0
2017-05-04 12:38:00,3,38,22.4,94,9.0,1012.1,1.0,2.0,2,275.4,0
2017-05-04 12:41:00,3,37,22.6,94,9.0,1012.1,0.7,1.4,0,275.4,0
2017-05-04 12:44:00,3,37,22.7,94,9.0,1012.2,0.7,1.4,4,275.4,0
2017-05-04 12:47:00,3,36,22.8,94,9.0,1012.3,0.7,1.0,2,275.4,0
2017-05-04 12:50:00,3,36,22.9,94,9.0,1012.2,1.0,1.7,14,275.4,0
2017-05-04 12:53:00,3,35,23.0,94,9.0,1012.1,1.0,1.4,0,275.4,0
2017-05-04 12:56:00,3,35,23.1,94,9.0,1012.2,1.4,2.4,0,275.4,0
2017-05-04 12:59:00,3,35,23.1,94,9.0,1012.1,1.0,1.4,0,275.4,0
2017-05-04 13:02:00,3,35,23.2,94,9.0,1012.1,1.0,1.7,0,275.4,0
2017-05-04 13:05:00,3,35,23.1,94,9.0,1012.1,1.4,1.7,0,275.4,0
2017-05-04 13:08:00,3,35,23.1,94,9.0,1012.0,1.7,2.0,14,275.4,0
2017-05-04 13:11:00,3,35,23.1,94,9.0,1012.1,1.4,2.0,0,275.4,0
2017-05-04 13:14:00,3,35,23.0,94,9.0,1011.8,1.4,1.7,0,275.4,0
2017-05-04 13:17:00,3,35,23.0,94,9.0,1011.9,1.0,1.4,0,275.4,0
2017-05-04 13:20:00,3,35,23.0,94,9.0,1011.9,1.0,1.4,0,275.4,0
2017-05-04 13:23:00,3,35,22.9,94,9.0,1011.8,1.4,2.0,0,275.4,0
2017-05-04 13:26:00,3,35,22.9,94,9.0,1011.8,1.0,1.4,0,275.4,0
2017-05-04 13:29:00,3,35,22.9,94,8.9,1011.9,1.7,2.4,14,275.4,0
2017-05-04 13:32:00,3,35,22.8,94,8.9,1011.9,1.4,2.0,0,275.4,0
2017-05-04 13:35:00,3,35,22.7,94,8.9,1011.8,1.7,2.4,0,275.4,0
2017-05-04 13:38:00,3,35,22.7,94,8.9,1011.9,1.7,2.4,0,275.4,0
2017-05-04 13:41:00,3,35,22.7,94,8.9,1011.8,1.0,1.7,0,275.4,0
2017-05-04 13:44:00,3,35,22.7,94,8.9,1012.0,0.3,1.0,14,275.4,0
2017-05-04 13:47:00,3,35,22.7,94,8.9,1011.9,0.7,1.0,14,275.4,0
2017-05-04 13:50:00,3,35,22.7,94,8.9,1011.8,0.7,1.0,0,275.4,0
2017-05-04 13:53:00,3,35,22.7,94,8.9,1011.8,1.4,1.7,14,275.4,0
2017-05-04 13:56:00,3,35,22.7,94,8.9,1011.8,1.0,1.7,0,275.4,0
2017-05-04 13:59:00,3,35,22.7,94,8.9,1011.7,2.4,3.1,8,275.4,0
2017-05-04 14:02:00,3,35,22.7,94,8.9,1011.7,0.7,1.0,0,275.4,0
2017-05-04 14:05:00,3,35,22.6,94,8.9,1011.7,0.7,1.0,0,275.4,0
2017-05-04 14:08:00,3,35,22.6,94,8.9,1011.7,1.0,1.4,0,275.4,0
2017-05-04 14:11:00,3,35,22.6,94,8.8,1011.7,1.0,1.4,0,275.4,0
2017-05-04 14:14:00,3,35,22.6,94,8.8,1011.6,1.0,1.7,14,275.4,0
2017-05-04 14:17:00,3,35,22.6,94,8.8,1011.6,2.0,2.4,0,275.4,0
2017-05-04 14:20:00,3,35,22.6,94,8.7,1011.6,2.4,2.7,2,275.4,0
2017-05-04 14:23:00,3,35,22.6,94,8.7,1011.6,1.4,1.7,2,275.4,0
2017-05-04 14:26:00,3,35,22.6,94,8.7,1011.6,2.0,3.1,0,275.4,0
2017-05-04 14:29:00,3,35,22.5,94,8.7,1011.4,1.7,2.4,0,275.4,0
2017-05-04 14:32:00,3,35,22.5,94,8.7,1011.5,1.0,1.4,12,275.4,0
2017-05-04 14:35:00,3,35,22.5,94,8.7,1011.5,2.0,3.1,0,275.4,0
2017-05-04 14:38:00,3,35,22.5,94,8.7,1011.5,1.7,2.0,0,275.4,0
2017-05-04 14:41:00,3,35,22.4,94,8.7,1011.4,1.0,1.4,0,275.4,0
2017-05-04 14:44:00,3,36,22.3,94,8.7,1011.5,1.7,2.0,15,275.4,0
2017-05-04 14:47:00,3,35,22.3,94,8.7,1011.4,1.7,2.7,0,275.4,0
2017-05-04 14:50:00,3,36,22.3,94,8.6,1011.3,1.7,2.4,2,275.4,0
2017-05-04 14:53:00,3,36,22.3,94,8.6,1011.4,1.0,1.7,2,275.4,0
2017-05-04 14:56:00,3,36,22.3,94,8.6,1011.3,1.4,2.4,0,275.4,0
2017-05-04 14:59:00,3,36,22.3,94,8.6,1011.3,1.0,1.4,2,275.4,0
2017-05-04 15:02:00,3,36,22.3,94,8.6,1011.3,1.4,2.0,0,275.4,0
2017-05-04 15:05:00,3,36,22.3,94,8.6,1011.4,1.7,2.4,0,275.4,0
2017-05-04 15:08:00,3,36,22.2,94,8.6,1011.3,0.7,1.0,2,275.4,0
2017-05-04 15:11:00,3,36,22.2,94,8.6,1011.3,1.4,2.7,2,275.4,0
2017-05-04 15:14:00,3,36,22.2,94,8.6,1011.3,1.4,1.7,0,275.4,0
2017-05-04 15:17:00,3,36,22.2,94,8.6,1011.5,1.4,1.7,0,275.4,0
2017-05-04 15:20:00,3,36,22.2,94,8.6,1011.3,0.7,1.7,0,275.4,0
2017-05-04 15:23:00,3,36,22.2,94,8.6,1011.3,1.0,1.7,0,275.4,0
2017-05-04 15:26:00,3,36,22.2,94,8.6,1011.3,1.4,1.7,0,275.4,0
2017-05-04 15:29:00,3,36,22.2,94,8.6,1011.3,1.4,2.0,2,275.4,0
2017-05-04 15:32:00,3,36,22.2,94,8.6,1011.3,1.4,2.0,0,275.4,0
2017-05-04 15:35:00,3,36,22.2,94,8.6,1011.3,2.0,2.7,1,275.4,0
2017-05-04 15:38:00,3,36,22.2,94,8.6,1011.2,2.0,2.7,1,275.4,0
2017-05-04 15:41:00,3,36,22.2,94,8.6,1011.2,1.0,1.7,0,275.4,0
2017-05-04 15:44:00,3,36,22.2,94,8.6,1011.1,2.4,3.4,6,275.4,0
2017-05-04 15:47:00,3,36,22.2,94,8.6,1011.2,1.4,2.0,1,275.4,0
2017-05-04 15:50:00,3,36,22.2,94,8.6,1011.2,1.4,2.0,0,275.4,0
2017-05-04 15:53:00,3,36,22.1,95,8.6,1011.2,1.0,1.4,0,275.4,0
2017-05-04 15:56:00,3,36,22.1,95,8.6,1011.2,1.4,2.0,0,275.4,0
2017-05-04 15:59:00,3,36,22.1,95,8.6,1011.1,1.7,2.0,2,275.4,0
2017-05-04 16:02:00,3,36,22.1,95,8.6,1011.2,1.4,1.7,14,275.4,0
2017-05-04 16:05:00,3,36,22.1,95,8.6,1011.3,1.4,1.7,14,275.4,0
2017-05-04 16:08:00,3,36,22.1,94,8.6,1011.2,1.4,1.7,14,275.4,0
2017-05-04 16:11:00,3,36,22.1,94,8.6,1011.2,1.4,2.0,0,275.4,0
2017-05-04 16:14:00,3,36,22.1,94,8.6,1011.1,0.7,1.0,0,275.4,0
2017-05-04 16:17:00,3,36,22.1,94,8.6,1011.1,1.0,1.4,15,275.4,0
2017-05-04 16:20:00,3,36,22.1,94,8.6,1011.0,1.4,1.7,0,275.4,0
2017-05-04 16:23:00,3,36,22.1,94,8.6,1011.0,1.0,1.4,0,275.4,0
2017-05-04 16:26:00,3,36,22.1,94,8.7,1011.1,0.7,1.4,0,275.4,0
2017-05-04 16:29:00,3,36,22.1,94,8.7,1011.1,1.4,1.7,1,275.4,0
2017-05-04 16:32:00,3,37,22.1,94,8.7,1011.2,1.7,2.0,0,275.4,0
2017-05-04 16:35:00,3,36,22.1,94,8.6,1011.2,1.4,2.0,14,275.4,0
2017-05-04 16:38:00,3,37,22.1,94,8.6,1011.2,1.4,1.7,6,275.4,0
2017-05-04 16:41:00,3,37,22.1,94,8.6,1011.1,0.3,0.7,14,275.4,0
2017-05-04 16:44:00,3,37,22.1,94,8.6,1011.2,0.7,1.0,0,275.4,0
2017-05-04 16:47:00,3,37,22.0,94,8.6,1011.2,1.0,1.4,0,275.4,0
2017-05-04 16:50:00,3,37,22.0,94,8.6,1011.2,1.0,1.4,14,275.4,0
2017-05-04 16:53:00,3,37,22.1,94,8.6,1011.1,1.7,2.4,0,275.4,0
2017-05-04 16:56:00,3,37,22.0,95,8.6,1011.0,0.3,1.0,2,275.4,0
2017-05-04 16:59:00,3,37,22.0,95,8.6,1011.1,1.7,2.0,2,275.4,0
2017-05-04 17:02:00,3,38,22.0,95,8.6,1011.2,0.7,1.4,14,275.4,0
2017-05-04 17:05:00,3,37,22.0,95,8.6,1011.1,1.7,2.7,0,275.4,0
2017-05-04 17:08:00,3,37,22.0,95,8.6,1011.1,1.7,2.0,14,275.4,0
2017-05-04 17:11:00,3,37,22.0,95,8.5,1011.1,2.4,2.7,0,275.4,0
2017-05-04 17:14:00,3,37,22.0,95,8.5,1011.1,1.7,2.0,0,275.4,0
2017-05-04 17:17:00,3,37,22.0,95,8.5,1011.2,1.0,1.4,2,275.4,0
2017-05-04 17:20:00,3,37,22.0,95,8.5,1011.1,1.0,1.4,0,275.4,0
2017-05-04 17:23:00,3,37,22.0,96,8.5,1011.2,1.4,1.7,0,275.4,0
2017-05-04 17:26:00,3,37,22.0,96,8.5,1011.2,1.4,2.0,15,275.4,0
2017-05-04 17:29:00,3,37,22.0,96,8.5,1011.2,1.4,2.0,0,275.4,0
2017-05-04 17:32:00,3,37,22.0,96,8.5,1011.2,1.0,2.0,0,275.4,0
2017-05-04 17:35:00,3,37,22.0,96,8.5,1011.3,1.7,2.4,14,275.4,0
2017-05-04 17:38:00,3,38,21.9,96,8.5,1011.3,1.7,2.4,0,275.4,0
2017-05-04 17:41:00,3,38,21.9,96,8.5,1011.2,1.0,1.7,14,275.4,0
2017-05-04 17:44:00,3,38,21.9,97,8.5,1011.4,1.0,1.4,14,275.4,0
2017-05-04 17:47:00,3,39,21.9,97,8.5,1011.3,1.0,1.7,2,275.4,0
2017-05-04 17:50:00,3,39,21.9,97,8.5,1011.3,2.0,2.7,0,275.4,0
2017-05-04 17:53:00,3,39,21.9,97,8.5,1011.4,1.7,2.4,2,275.4,0
2017-05-04 17:56:00,3,39,21.9,97,8.5,1011.3,1.0,1.7,0,275.4,0
2017-05-04 17:59:00,3,38,21.9,97,8.5,1011.3,2.0,2.7,0,275.4,0
2017-05-04 18:02:00,3,38,21.9,97,8.5,1011.4,1.0,1.4,14,275.4,0
2017-05-04 18:05:00,3,38,21.9,97,8.5,1011.4,1.0,1.4,14,275.4,0
2017-05-04 18:08:00,3,38,21.9,98,8.5,1011.3,1.0,1.4,0,275.4,0
2017-05-04 18:11:00,3,39,21.9,98,8.5,1011.3,1.0,1.7,4,275.4,0
2017-05-04 18:14:00,3,39,21.9,98,8.5,1011.4,2.0,2.7,0,275.4,0
2017-05-04 18:17:00,3,39,21.9,98,8.5,1011.3,1.4,1.7,14,275.4,0
2017-05-04 18:20:00,3,39,21.9,98,8.5,1011.3,0.7,1.4,2,275.4,0
2017-05-04 18:23:00,3,38,21.9,98,8.5,1011.3,0.7,1.0,14,275.4,0
2017-05-04 18:26:00,3,38,21.9,98,8.5,1011.3,1.4,2.4,2,275.4,0
2017-05-04 18:29:00,3,39,21.9,99,8.5,1011.4,0.3,1.0,14,275.4,0
2017-05-04 18:32:00,3,39,21.9,99,8.5,1011.4,0.7,1.0,0,275.4,0
2017-05-04 18:35:00,3,39,21.9,99,8.6,1011.4,1.4,2.0,14,275.4,0
2017-05-04 18:38:00,3,39,21.9,99,8.6,1011.4,0.3,1.0,0,275.4,0
2017-05-04 18:41:00,3,39,21.9,99,8.6,1011.4,1.4,1.7,0,275.4,0
2017-05-04 18:44:00,3,39,21.9,99,8.6,1011.5,1.0,1.7,0,275.4,0
2017-05-04 18:47:00,3,39,21.9,99,8.6,1011.5,1.0,1.4,0,275.4,0
2017-05-04 18:50:00,3,39,21.9,99,8.6,1011.5,1.0,1.4,14,275.4,0
2017-05-04 18:53:00,3,39,21.9,99,8.6,1011.4,1.4,2.0,0,275.4,0
2017-05-04 18:56:00,3,39,21.9,99,8.6,1011.5,1.7,2.4,14,275.4,0
2017-05-04 18:59:00,3,39,21.9,99,8.6,1011.5,0.7,1.4,14,275.4,0
2017-05-04 19:02:00,3,39,21.9,99,8.7,1011.5,0.7,1.0,0,275.4,0
2017-05-04 19:05:00,3,39,21.9,99,8.7,1011.6,1.4,1.7,0,275.4,0
2017-05-04 19:08:00,3,39,21.9,99,8.7,1011.6,1.4,1.7,0,275.4,0
2017-05-04 19:11:00,3,39,21.9,99,8.7,1011.6,1.7,2.4,4,275.4,0
2017-05-04 19:14:00,3,39,21.9,99,8.7,1011.6,0.7,1.4,0,275.4,0
2017-05-04 19:17:00,3,39,21.9,99,8.7,1011.6,0.7,1.0,0,275.4,0
2017-05-04 19:20:00,3,39,21.9,99,8.8,1011.7,1.7,2.7,0,275.4,0
2017-05-04 19:23:00,3,39,21.9,99,8.7,1011.6,1.4,1.7,2,275.4,0
2017-05-04 19:26:00,3,39,21.9,99,8.8,1011.6,1.0,1.7,0,275.7,0
2017-05-04 19:29:00,3,39,21.9,99,8.8,1011.6,1.4,2.0,0,275.7,0
2017-05-04 19:32:00,3,39,21.9,99,8.8,1011.5,2.4,2.7,0,275.7,0
2017-05-04 19:35:00,3,39,21.9,99,8.8,1011.7,1.4,1.7,0,275.7,0
2017-05-04 19:38:00,3,39,21.9,99,8.8,1011.6,1.4,1.7,15,275.7,0
2017-05-04 19:41:00,3,39,21.9,99,8.8,1011.6,1.0,1.4,12,275.7,0
2017-05-04 19:44:00,3,39,21.9,99,8.8,1011.7,1.0,1.7,0,275.7,0
2017-05-04 19:47:00,3,39,21.9,99,8.9,1011.7,0.7,1.0,2,275.7,0
2017-05-04 19:50:00,3,39,21.9,99,8.9,1011.6,1.4,1.7,0,275.7,0
2017-05-04 19:53:00,3,39,21.9,99,8.9,1011.7,0.7,1.0,2,275.7,0
2017-05-04 19:56:00,3,39,21.9,99,8.9,1011.7,1.4,2.0,2,275.7,0
2017-05-04 19:59:00,3,39,21.9,99,8.9,1011.7,1.7,2.4,0,275.7,0
2017-05-04 20:02:00,3,39,21.9,99,8.9,1011.7,2.0,2.4,0,275.7,0
2017-05-04 20:05:00,3,39,21.9,99,8.9,1011.7,2.0,2.4,0,275.7,0
2017-05-04 20:08:00,3,39,21.8,99,8.9,1011.8,2.0,2.4,0,275.7,0
2017-05-04 20:11:00,3,39,21.8,99,8.9,1011.8,1.7,2.0,2,275.7,0
2017-05-04 20:14:00,3,39,21.8,99,8.9,1011.7,2.0,2.7,0,275.7,0
2017-05-04 20:17:00,3,39,21.8,99,8.9,1011.8,1.0,1.4,2,275.7,0
2017-05-04 20:20:00,3,39,21.8,99,8.9,1011.7,1.0,1.7,2,275.7,0
2017-05-04 20:23:00,3,39,21.8,99,8.9,1011.7,1.0,1.7,0,275.7,0
2017-05-04 20:26:00,3,39,21.8,99,8.9,1011.8,1.4,1.7,14,275.7,0
2017-05-04 20:29:00,3,39,21.8,99,8.9,1011.7,1.4,2.0,0,275.7,0
2017-05-04 20:32:00,3,39,21.8,99,8.9,1011.8,1.0,1.4,2,275.7,0
2017-05-04 20:35:00,3,39,21.8,99,8.9,1011.8,0.7,1.0,2,275.7,0
2017-05-04 20:38:00,3,39,21.8,99,8.9,1011.7,1.4,1.7,0,275.7,0
2017-05-04 20:41:00,3,39,21.8,99,8.9,1011.7,1.0,1.4,2,275.7,0
2017-05-04 20:44:00,3,39,21.8,99,8.9,1011.7,0.7,1.7,0,275.7,0
2017-05-04 20:47:00,3,39,21.8,99,8.9,1011.8,1.4,2.0,2,275.7,0
2017-05-04 20:50:00,3,39,21.8,99,8.9,1011.8,2.4,3.4,4,275.7,0
2017-05-04 20:53:00,3,39,21.8,99,8.9,1011.8,1.0,1.7,4,275.7,0
2017-05-04 20:56:00,3,39,21.8,99,8.9,1011.7,2.0,2.4,0,275.7,0
2017-05-04 20:59:00,3,39,21.7,99,8.9,1011.8,2.0,2.4,0,275.7,0
2017-05-04 21:02:00,3,39,21.7,99,9.0,1011.7,1.4,1.7,2,275.7,0
2017-05-04 21:05:00,3,39,21.7,99,9.0,1011.8,1.4,1.7,14,275.7,0
2017-05-04 21:08:00,3,39,21.7,99,9.0,1011.8,0.7,1.4,0,275.7,0
2017-05-04 21:11:00,3,39,21.7,99,9.0,1011.7,2.0,2.7,4,275.7,0
2017-05-04 21:14:00,3,39,21.7,99,9.0,1011.8,1.7,2.0,2,275.7,0
2017-05-04 21:17:00,3,39,21.7,99,9.0,1011.8,1.4,1.7,0,275.7,0
2017-05-04 21:20:00,3,39,21.7,99,9.0,1011.7,1.0,1.7,0,275.7,0
2017-05-04 21:23:00,3,39,21.7,99,9.0,1011.8,1.4,2.0,0,275.7,0
2017-05-04 21:26:00,3,39,21.7,99,9.0,1011.8,1.7,2.4,0,275.7,0
2017-05-04 21:29:00,3,39,21.7,99,9.0,1011.8,1.0,1.7,0,275.7,0
2017-05-04 21:32:00,3,39,21.7,99,9.0,1011.7,1.4,1.7,0,275.7,0
2017-05-04 21:35:00,3,39,21.7,99,9.0,1011.7,0.7,1.0,14,275.7,0
2017-05-04 21:38:00,3,39,21.7,99,9.0,1011.8,0.7,1.0,0,275.7,0
2017-05-04 21:41:00,3,39,21.6,99,9.0,1011.7,0.7,1.4,0,275.7,0
2017-05-04 21:44:00,3,39,21.6,99,9.0,1011.7,1.4,2.0,0,275.7,0
2017-05-04 21:47:00,3,39,21.6,99,9.0,1011.8,1.4,1.7,0,275.7,0
2017-05-04 21:50:00,3,39,21.6,99,9.0,1011.7,1.4,2.0,2,275.7,0
2017-05-04 21:53:00,3,39,21.6,99,9.0,1011.8,1.0,1.4,0,275.7,0
2017-05-04 21:56:00,3,39,21.6,99,9.0,1011.8,1.0,1.4,0,275.7,0
2017-05-04 21:59:00,3,39,21.6,99,9.0,1011.8,1.7,2.0,2,275.7,0
2017-05-04 22:02:00,3,39,21.6,99,9.0,1011.8,1.0,1.4,0,275.7,0
2017-05-04 22:05:00,3,38,21.6,99,9.0,1011.7,1.0,1.4,0,275.7,0
2017-05-04 22:08:00,3,38,21.5,99,9.0,1011.7,1.7,2.0,1,275.7,0
2017-05-04 22:11:00,3,38,21.5,99,9.0,1011.8,1.0,1.4,0,275.7,0
2017-05-04 22:14:00,3,38,21.5,99,9.0,1011.8,1.7,2.4,2,275.7,0
2017-05-04 22:17:00,3,38,21.5,99,9.0,1011.8,1.0,1.4,2,275.7,0
2017-05-04 22:20:00,3,38,21.5,99,8.9,1011.8,0.7,1.0,2,275.7,0
2017-05-04 22:23:00,3,38,21.5,99,8.9,1011.8,0.7,1.0,2,275.7,0
2017-05-04 22:26:00,3,38,21.5,99,8.9,1011.8,1.4,2.4,0,275.7,0
2017-05-04 22:29:00,3,38,21.5,99,8.9,1011.7,1.4,2.0,2,275.7,0
2017-05-04 22:32:00,3,38,21.5,99,8.9,1011.8,1.0,1.4,2,275.7,0
2017-05-04 22:35:00,3,38,21.5,99,8.9,1011.7,1.7,2.4,0,275.7,0
2017-05-04 22:38:00,3,38,21.5,99,8.9,1011.7,1.0,1.4,4,276.0,0
2017-05-04 22:41:00,3,38,21.4,99,8.9,1011.7,0.3,0.7,2,276.0,0
2017-05-04 22:44:00,3,38,21.3,99,8.9,1011.7,2.4,3.1,2,276.0,0
2017-05-04 22:47:00,3,38,21.4,99,8.9,1011.8,1.7,2.7,0,276.0,0
2017-05-04 22:50:00,3,38,21.4,99,8.8,1011.8,0.7,1.4,0,276.0,0
2017-05-04 22:53:00,3,38,21.3,99,8.8,1011.7,0.7,1.0,2,276.0,0
2017-05-04 22:56:00,3,38,21.3,99,8.8,1011.8,1.0,1.7,14,276.0,0
2017-05-04 22:59:00,3,38,21.3,99,8.8,1011.7,2.0,2.7,0,276.0,0
2017-05-04 23:02:00,3,38,21.3,99,8.8,1011.9,1.4,2.0,2,276.0,0
2017-05-04 23:05:00,3,38,21.3,99,8.8,1011.8,0.7,1.0,0,276.0,0
2017-05-04 23:08:00,3,38,21.3,99,8.8,1011.8,1.0,1.7,0,276.0,0
2017-05-04 23:11:00,3,38,21.3,99,8.7,1011.8,1.4,1.7,14,276.0,0
2017-05-04 23:14:00,3,38,21.3,99,8.7,1011.8,0.7,1.0,0,276.0,0
2017-05-04 23:17:00,3,38,21.3,99,8.7,1011.8,1.4,1.7,0,276.0,0
2017-05-04 23:20:00,3,38,21.3,99,8.6,1011.9,1.4,1.7,0,276.0,0
2017-05-04 23:23:00,3,38,21.3,99,8.6,1011.9,1.0,1.7,15,276.0,0
2017-05-04 23:26:00,3,38,21.3,99,8.6,1011.9,1.0,1.4,2,276.0,0
2017-05-04 23:29:00,3,38,21.2,99,8.6,1012.0,1.4,1.7,0,276.0,0
2017-05-04 23:32:00,3,37,21.2,99,8.6,1011.9,0.7,1.0,0,276.0,0
2017-05-04 23:35:00,3,38,21.2,99,8.5,1011.9,0.7,1.0,2,276.0,0
2017-05-04 23:38:00,3,38,21.2,99,8.5,1012.0,0.7,1.0,2,276.0,0
2017-05-04 23:41:00,3,38,21.2,99,8.5,1011.9,0.7,1.4,0,276.0,0
2017-05-04 23:44:00,3,38,21.2,99,8.5,1011.9,1.0,1.4,2,276.0,0
2017-05-04 23:47:00,3,37,21.2,99,8.5,1011.9,1.0,1.4,0,276.0,0
2017-05-04 23:50:00,3,37,21.2,99,8.5,1011.8,1.7,2.4,2,276.0,0
2017-05-04 23:53:00,3,37,21.2,99,8.4,1011.8,1.0,1.7,0,276.0,0
2017-05-04 23:56:00,3,37,21.2,99,8.4,1011.8,1.4,1.7,0,276.0,0
2017-05-04 23:59:00,3,37,21.2,99,8.4,1011.8,1.7,2.4,0,276.0,0
