2017-05-25 00:00:00,3,38,22.0,80,10.7,1014.8,0,0,0,280.5,0
2017-05-25 00:03:00,3,38,22.0,80,10.7,1014.7,0,0,0,280.5,0
2017-05-25 00:06:00,3,38,22.0,80,10.7,1014.8,0,0,0,280.5,0
2017-05-25 00:09:00,3,38,22.0,81,10.4,1014.7,0,0.3,12,280.5,0
2017-05-25 00:12:00,3,38,22.0,81,10.4,1014.7,0,0,12,280.5,0
2017-05-25 00:15:00,3,38,22.0,81,10.3,1014.7,0,0,12,280.5,0
2017-05-25 00:18:00,3,38,22.0,81,10.2,1014.6,0,0,0,280.5,0
2017-05-25 00:21:00,3,39,21.9,81,10.1,1014.6,0,0,0,280.5,0
2017-05-25 00:24:00,3,39,21.9,81,10.0,1014.6,0,0,0,280.5,0
2017-05-25 00:27:00,3,39,21.9,82,10.0,1014.7,0,0.3,12,280.5,0
2017-05-25 00:30:00,3,39,21.9,82,10.0,1014.7,0,0,12,280.5,0
2017-05-25 00:33:00,3,39,21.9,82,9.9,1014.6,0,0.3,2,280.5,0
2017-05-25 00:36:00,3,39,21.9,82,9.8,1014.7,0,0,14,280.5,0
2017-05-25 00:39:00,3,39,21.9,82,9.7,1014.7,0,0.3,14,280.5,0
2017-05-25 00:42:00,3,39,21.9,83,9.7,1014.8,0.3,1.0,10,280.5,0
2017-05-25 00:45:00,3,39,21.9,83,9.8,1014.8,0.3,1.0,14,280.5,0
2017-05-25 00:48:00,3,39,21.9,84,9.9,1014.7,0,0.3,14,280.5,0
2017-05-25 00:51:00,3,39,21.9,84,9.9,1014.7,0.3,0.3,14,280.5,0
2017-05-25 00:54:00,3,39,21.8,84,9.9,1014.8,0,0.3,14,280.5,0
2017-05-25 00:57:00,3,39,21.8,84,9.9,1014.8,0,0.3,14,280.5,0
2017-05-25 01:00:00,3,39,21.8,83,9.9,1014.7,0,0.3,14,280.5,0
2017-05-25 01:03:00,3,39,21.8,83,9.9,1014.7,0,0,13,280.5,0
2017-05-25 01:06:00,3,39,21.8,83,9.8,1014.7,0,0,14,280.5,0
2017-05-25 01:09:00,3,39,21.8,83,9.8,1014.7,0,0,14,280.5,0
2017-05-25 01:12:00,3,39,21.7,83,9.8,1014.7,0,0,14,280.5,0
2017-05-25 01:15:00,3,39,21.7,83,9.7,1014.7,0,0,14,280.5,0
2017-05-25 01:18:00,3,39,21.7,83,9.6,1014.7,0,0,14,280.5,0
2017-05-25 01:21:00,3,39,21.7,83,9.5,1014.7,0,0,14,280.5,0
2017-05-25 01:24:00,3,39,21.7,83,9.4,1014.7,0,0,12,280.5,0
2017-05-25 01:27:00,3,39,21.7,84,9.4,1014.6,0,0,14,280.5,0
2017-05-25 01:30:00,3,39,21.7,84,9.4,1014.7,0,0,14,280.5,0
2017-05-25 01:33:00,3,39,21.7,84,9.3,1014.7,0,0,12,280.5,0
2017-05-25 01:36:00,3,39,21.7,85,9.3,1014.7,0,0,12,280.5,0
2017-05-25 01:39:00,3,39,21.7,85,9.2,1014.6,0.3,0.7,0,280.5,0
2017-05-25 01:42:00,3,39,21.7,85,9.2,1014.7,0.3,0.7,12,280.5,0
2017-05-25 01:45:00,3,39,21.7,86,9.1,1014.6,0,0,0,280.5,0
2017-05-25 01:48:00,3,39,21.7,86,9.1,1014.7,0,0,0,280.5,0
2017-05-25 01:51:00,3,39,21.6,86,9.0,1014.6,0,0,0,280.5,0
2017-05-25 01:54:00,3,39,21.6,86,9.0,1014.7,0,0.3,14,280.5,0
2017-05-25 01:57:00,3,39,21.6,86,8.9,1014.7,0.3,0.7,14,280.5,0
2017-05-25 02:00:00,3,39,21.6,86,8.9,1014.6,0,0,14,280.5,0
2017-05-25 02:03:00,3,39,21.6,86,8.9,1014.7,0,0,14,280.5,0
2017-05-25 02:06:00,3,39,21.5,86,8.9,1014.9,0,0,14,280.5,0
2017-05-25 02:09:00,3,39,21.5,87,8.6,1014.7,0,0,14,280.5,0
2017-05-25 02:12:00,3,39,21.5,87,8.6,1014.8,0,0,14,280.5,0
2017-05-25 02:15:00,3,39,21.5,87,8.6,1014.7,0,0,14,280.5,0
2017-05-25 02:18:00,3,39,21.5,87,8.5,1014.7,0,0,14,280.5,0
2017-05-25 02:21:00,3,39,21.5,88,8.5,1014.7,0,0,12,280.5,0
2017-05-25 02:24:00,3,39,21.5,88,8.5,1014.5,0.3,0.7,10,280.5,0
2017-05-25 02:27:00,3,39,21.5,89,8.6,1014.7,0,0.3,12,280.5,0
2017-05-25 02:30:00,3,39,21.5,90,8.6,1014.6,0,0.3,10,280.5,0
2017-05-25 02:33:00,3,39,21.4,90,8.6,1014.5,0.3,0.7,10,280.5,0
2017-05-25 02:36:00,3,39,21.4,90,8.6,1014.6,0,0,12,280.5,0
2017-05-25 02:39:00,3,39,21.4,91,8.5,1014.5,0,0,12,280.5,0
2017-05-25 02:42:00,3,39,21.4,91,8.5,1014.6,0,0,12,280.5,0
2017-05-25 02:45:00,3,39,21.4,91,8.5,1014.5,0,0.3,12,280.5,0
2017-05-25 02:48:00,3,39,21.4,91,8.5,1014.4,0.3,0.3,10,280.5,0
2017-05-25 02:51:00,3,39,21.3,91,8.5,1014.3,0,0,14,280.5,0
2017-05-25 02:54:00,3,39,21.3,91,8.5,1014.4,0,0.3,12,280.5,0
2017-05-25 02:57:00,3,39,21.3,91,8.4,1014.5,0,0.3,12,280.5,0
2017-05-25 03:00:00,3,39,21.3,91,8.4,1014.4,0,0.3,10,280.5,0
2017-05-25 03:03:00,3,39,21.3,91,8.4,1014.4,0,0,12,280.5,0
2017-05-25 03:06:00,3,39,21.3,91,8.5,1014.5,0,0,12,280.5,0
2017-05-25 03:09:00,3,39,21.2,91,8.4,1014.4,0,0,12,280.5,0
2017-05-25 03:12:00,3,39,21.2,91,8.4,1014.4,0,0,12,280.5,0
2017-05-25 03:15:00,3,39,21.2,91,8.4,1014.4,0.3,0.7,11,280.5,0
2017-05-25 03:18:00,3,39,21.2,92,8.5,1014.5,0,0.3,10,280.5,0
2017-05-25 03:21:00,3,39,21.2,92,8.5,1014.6,0.3,0.7,10,280.5,0
2017-05-25 03:24:00,3,39,21.2,92,8.5,1014.6,0.7,1.0,12,280.5,0
2017-05-25 03:27:00,3,39,21.2,92,8.6,1014.6,0.3,1.0,12,280.5,0
2017-05-25 03:30:00,3,39,21.2,93,8.6,1014.6,0.3,0.7,10,280.5,0
2017-05-25 03:33:00,3,39,21.2,93,8.6,1014.6,0.7,1.0,10,280.5,0
2017-05-25 03:36:00,3,39,21.2,93,8.7,1014.6,0.7,1.0,12,280.5,0
2017-05-25 03:39:00,3,39,21.2,93,8.7,1014.6,0.3,0.7,10,280.5,0
2017-05-25 03:42:00,3,39,21.2,93,8.8,1014.6,0,0.3,10,280.5,0
2017-05-25 03:45:00,3,39,21.1,93,8.8,1014.5,0.3,0.7,12,280.5,0
2017-05-25 03:48:00,3,39,21.1,93,8.8,1014.5,0.3,0.7,10,280.5,0
2017-05-25 03:51:00,3,39,21.1,93,8.9,1014.5,0,0,10,280.5,0
2017-05-25 03:54:00,3,39,21.1,93,9.0,1014.6,0,0.3,12,280.5,0
2017-05-25 03:57:00,3,39,21.1,93,9.0,1014.6,0.3,0.7,10,280.5,0
2017-05-25 04:00:00,3,39,21.1,93,9.1,1014.6,0.7,1.0,12,280.5,0
2017-05-25 04:03:00,3,39,21.1,93,9.1,1014.6,0.7,1.0,12,280.5,0
2017-05-25 04:06:00,3,39,21.1,93,9.1,1014.6,0.7,1.0,12,280.5,0
2017-05-25 04:09:00,3,39,21.1,92,9.3,1014.6,0.3,0.7,12,280.5,0
2017-05-25 04:12:00,3,39,21.1,92,9.4,1014.5,0.7,1.0,11,280.5,0
2017-05-25 04:15:00,3,39,21.1,92,9.5,1014.6,0.3,0.7,10,280.5,0
2017-05-25 04:18:00,3,39,21.1,92,9.6,1014.7,0.3,0.7,14,280.5,0
2017-05-25 04:21:00,3,39,21.1,92,9.7,1014.7,0.7,1.0,14,280.5,0
2017-05-25 04:24:00,3,39,21.0,92,9.8,1014.7,0.7,1.4,12,280.5,0
2017-05-25 04:27:00,3,39,21.0,91,9.9,1014.7,0.7,1.4,12,280.5,0
2017-05-25 04:30:00,3,39,21.0,91,10.0,1014.8,0,0.3,10,280.5,0
2017-05-25 04:33:00,3,39,21.0,91,10.1,1014.8,1.0,1.4,14,280.5,0
2017-05-25 04:36:00,3,39,21.0,91,10.2,1014.8,0.7,1.4,10,280.5,0
2017-05-25 04:39:00,3,39,21.0,90,10.3,1014.9,1.0,1.7,10,280.5,0
2017-05-25 04:42:00,3,39,21.0,90,10.4,1014.8,1.0,1.7,8,280.5,0
2017-05-25 04:45:00,3,40,20.9,90,10.5,1014.7,0.7,1.0,12,280.5,0
2017-05-25 04:48:00,3,40,20.9,89,10.5,1014.7,1.0,1.4,14,280.5,0
2017-05-25 04:51:00,3,40,20.9,89,10.6,1014.8,0.7,0.7,10,280.5,0
2017-05-25 04:54:00,3,40,20.9,88,10.7,1014.7,0.7,1.4,14,280.5,0
2017-05-25 04:57:00,3,40,20.9,87,10.8,1014.7,1.4,1.7,12,280.5,0
2017-05-25 05:00:00,3,40,20.9,87,10.9,1014.7,0.3,1.0,10,280.5,0
2017-05-25 05:03:00,3,40,20.9,86,10.9,1014.7,1.4,2.0,12,280.5,0
2017-05-25 05:06:00,3,40,20.9,86,11.0,1014.6,0.7,1.0,10,280.5,0
2017-05-25 05:09:00,3,40,20.9,85,11.2,1014.7,0.7,1.0,12,280.5,0
2017-05-25 05:12:00,3,40,20.9,85,11.3,1014.8,0.7,1.0,12,280.5,0
2017-05-25 05:15:00,3,40,20.9,85,11.4,1014.8,1.7,2.0,12,280.5,0
2017-05-25 05:18:00,3,40,20.9,84,11.5,1014.8,1.0,1.4,14,280.5,0
2017-05-25 05:21:00,3,40,20.9,84,11.6,1014.9,0.7,1.7,12,280.5,0
2017-05-25 05:24:00,3,40,20.9,84,11.7,1015.0,1.0,1.7,11,280.5,0
2017-05-25 05:27:00,3,40,20.9,83,11.8,1014.9,0.7,1.4,12,280.5,0
2017-05-25 05:30:00,3,41,20.9,83,12.0,1015.0,1.0,1.4,10,280.5,0
2017-05-25 05:33:00,3,41,20.9,82,11.9,1014.9,1.0,1.4,14,280.5,0
2017-05-25 05:36:00,3,41,20.9,82,11.9,1015.1,0.7,1.4,14,280.5,0
2017-05-25 05:39:00,3,41,20.9,82,12.0,1015.0,1.7,2.4,14,280.5,0
2017-05-25 05:42:00,3,41,20.8,82,12.0,1015.1,1.7,2.4,12,280.5,0
2017-05-25 05:45:00,3,41,20.8,82,12.0,1015.1,0.7,1.0,12,280.5,0
2017-05-25 05:48:00,3,41,20.8,83,12.0,1015.0,1.0,1.4,10,280.5,0
2017-05-25 05:51:00,3,41,20.8,83,12.1,1015.1,0.3,1.0,14,280.5,0
2017-05-25 05:54:00,3,41,20.7,83,12.3,1015.0,0.7,1.0,12,280.5,0
2017-05-25 05:57:00,3,41,20.7,80,12.7,1015.0,0.3,0.7,8,280.5,0
2017-05-25 06:00:00,3,41,20.7,79,13.0,1015.0,2.0,2.4,10,280.5,0
2017-05-25 06:03:00,3,41,20.7,79,13.0,1014.9,2.0,2.4,10,280.5,0
2017-05-25 06:06:00,3,41,20.7,79,13.0,1015.0,2.0,2.4,10,280.5,0
2017-05-25 06:09:00,3,41,20.7,75,13.6,1015.1,1.0,1.7,12,280.5,0
2017-05-25 06:12:00,3,41,20.7,74,13.8,1015.1,1.4,2.4,10,280.5,0
2017-05-25 06:15:00,3,41,20.7,74,14.4,1015.1,1.4,2.0,12,280.5,0
2017-05-25 06:18:00,3,41,20.7,72,14.9,1015.2,1.0,1.4,12,280.5,0
2017-05-25 06:21:00,3,41,20.7,70,15.0,1015.1,2.0,3.1,13,280.5,0
2017-05-25 06:24:00,3,42,20.7,70,15.0,1015.1,1.7,2.7,8,280.5,0
2017-05-25 06:27:00,3,43,20.8,70,15.0,1015.2,1.7,2.0,12,280.5,0
2017-05-25 06:30:00,3,44,20.9,69,15.0,1015.2,1.0,1.4,12,280.5,0
2017-05-25 06:33:00,3,43,21.1,70,14.9,1015.2,1.0,1.4,14,280.5,0
2017-05-25 06:36:00,3,42,21.2,70,15.1,1015.1,0.7,1.4,12,280.5,0
2017-05-25 06:39:00,3,42,21.3,69,15.3,1015.1,1.0,1.7,12,280.5,0
2017-05-25 06:42:00,3,42,21.4,68,15.5,1015.0,1.0,1.7,10,280.5,0
2017-05-25 06:45:00,3,42,21.5,66,15.9,1015.2,1.4,1.7,12,280.5,0
2017-05-25 06:48:00,3,41,21.6,66,16.0,1015.2,0.7,1.0,8,280.5,0
2017-05-25 06:51:00,3,41,21.7,65,16.4,1015.1,1.4,1.7,12,280.5,0
2017-05-25 06:54:00,3,41,21.8,64,16.7,1015.2,1.4,2.0,14,280.5,0
2017-05-25 06:57:00,3,41,21.9,63,16.8,1015.2,0.7,1.4,14,280.5,0
2017-05-25 07:00:00,3,41,21.9,62,16.5,1015.3,1.4,2.0,12,280.5,0
2017-05-25 07:03:00,3,40,22.1,64,16.5,1015.1,1.0,1.4,10,280.5,0
2017-05-25 07:06:00,3,39,22.2,63,16.8,1015.2,1.7,2.4,12,280.5,0
2017-05-25 07:09:00,3,39,22.3,62,17.0,1015.2,0.7,1.4,12,280.5,0
2017-05-25 07:12:00,3,39,22.3,62,16.5,1015.3,1.7,2.0,8,280.5,0
2017-05-25 07:15:00,3,39,22.3,63,16.4,1015.3,1.7,2.4,12,280.5,0
2017-05-25 07:18:00,3,39,22.4,63,16.3,1015.2,1.4,1.7,10,280.5,0
2017-05-25 07:21:00,3,39,22.4,63,16.6,1015.0,1.4,1.7,8,280.5,0
2017-05-25 07:24:00,3,39,22.5,62,16.4,1015.1,1.0,1.4,14,280.5,0
2017-05-25 07:27:00,3,39,22.6,62,16.0,1015.2,2.4,3.1,12,280.5,0
2017-05-25 07:30:00,3,38,22.6,63,15.8,1015.1,1.0,1.7,11,280.5,0
2017-05-25 07:33:00,3,38,22.6,63,16.0,1015.3,1.0,1.4,14,280.5,0
2017-05-25 07:36:00,3,38,22.6,63,16.0,1015.2,1.4,1.7,12,280.5,0
2017-05-25 07:39:00,3,38,22.6,63,16.1,1015.3,1.0,1.4,8,280.5,0
2017-05-25 07:42:00,3,38,22.7,63,16.0,1015.4,1.7,2.0,10,280.5,0
2017-05-25 07:45:00,3,38,22.7,63,15.8,1015.5,0.3,1.0,12,280.5,0
2017-05-25 07:48:00,3,38,22.7,64,16.0,1015.3,1.4,2.0,11,280.5,0
2017-05-25 07:51:00,3,38,22.7,63,16.2,1015.3,0.7,1.4,15,280.5,0
2017-05-25 07:54:00,3,38,22.8,62,16.6,1015.4,1.7,2.7,14,280.5,0
2017-05-25 07:57:00,3,38,22.8,61,16.9,1015.3,1.4,1.7,0,280.5,0
2017-05-25 08:00:00,3,38,22.8,60,17.3,1015.3,2.4,3.4,14,280.5,0
2017-05-25 08:03:00,3,38,22.8,60,17.3,1015.4,2.4,3.4,14,280.5,0
2017-05-25 08:06:00,3,38,22.8,60,17.3,1015.3,2.4,3.4,14,280.5,0
2017-05-25 08:09:00,3,38,22.8,53,17.5,1015.3,1.0,1.4,14,280.5,0
2017-05-25 08:12:00,3,38,22.7,53,17.6,1015.4,1.4,2.0,14,280.5,0
2017-05-25 08:15:00,3,38,22.6,54,17.6,1015.4,1.7,2.4,12,280.5,0
2017-05-25 08:18:00,3,38,22.5,59,16.9,1015.4,2.0,2.7,10,280.5,0
2017-05-25 08:21:00,3,38,22.4,61,16.6,1015.3,1.4,2.4,12,280.5,0
2017-05-25 08:24:00,3,38,22.4,62,17.0,1015.4,1.4,2.4,14,280.5,0
2017-05-25 08:27:00,3,38,22.3,61,17.2,1015.3,1.4,2.0,12,280.5,0
2017-05-25 08:30:00,3,38,22.3,61,17.2,1015.4,1.7,2.4,10,280.5,0
2017-05-25 08:33:00,3,38,22.1,61,17.1,1015.3,1.0,1.4,14,280.5,0
2017-05-25 08:36:00,3,38,22.1,57,17.5,1015.2,1.7,3.1,13,280.5,0
2017-05-25 08:39:00,3,39,22.0,55,17.5,1015.3,1.0,1.4,14,280.5,0
2017-05-25 08:42:00,3,40,21.9,59,17.1,1015.2,1.4,2.0,14,280.5,0
2017-05-25 08:45:00,3,40,21.9,60,16.5,1015.3,1.4,2.0,14,280.5,0
2017-05-25 08:48:00,3,40,21.9,60,16.3,1015.2,1.7,2.7,12,280.5,0
2017-05-25 08:51:00,3,40,21.8,62,16.2,1015.2,1.4,1.7,12,280.5,0
2017-05-25 08:54:00,3,40,21.8,62,16.0,1015.3,1.7,2.7,14,280.5,0
2017-05-25 08:57:00,3,40,21.8,63,15.8,1015.5,2.7,4.1,14,280.5,0
2017-05-25 09:00:00,3,40,21.7,63,15.7,1015.4,1.4,2.0,15,280.5,0
2017-05-25 09:03:00,3,40,21.7,64,15.9,1015.4,1.0,1.4,0,280.5,0
2017-05-25 09:06:00,3,40,21.7,63,15.9,1015.4,0.7,1.4,10,280.5,0
2017-05-25 09:09:00,3,40,21.7,63,15.9,1015.3,1.7,2.0,0,280.5,0
2017-05-25 09:12:00,3,40,21.6,64,15.9,1015.5,1.4,2.0,14,280.5,0
2017-05-25 09:15:00,3,41,21.6,64,15.7,1015.5,1.7,2.4,12,280.5,0
2017-05-25 09:18:00,3,41,21.6,64,15.6,1015.4,1.4,2.0,13,280.5,0
2017-05-25 09:21:00,3,41,21.5,65,15.8,1015.6,1.0,1.7,12,280.5,0
2017-05-25 09:24:00,3,41,21.5,64,16.1,1015.5,2.0,2.7,12,280.5,0
2017-05-25 09:27:00,3,41,21.5,63,16.1,1015.5,1.4,2.0,14,280.5,0
2017-05-25 09:30:00,3,41,21.5,63,15.9,1015.5,1.4,2.7,10,280.5,0
2017-05-25 09:33:00,3,42,21.5,64,15.8,1015.5,1.7,2.4,14,280.5,0
2017-05-25 09:36:00,3,42,21.4,64,15.7,1015.5,2.0,3.1,14,280.5,0
2017-05-25 09:39:00,3,42,21.5,64,15.4,1015.4,1.7,2.4,12,280.5,0
2017-05-25 09:42:00,3,42,21.4,65,15.5,1015.5,1.7,2.4,12,280.5,0
2017-05-25 09:45:00,3,42,21.3,65,15.5,1015.4,0.7,1.4,10,280.5,0
2017-05-25 09:48:00,3,42,21.3,66,15.6,1015.5,1.4,2.0,12,280.5,0
2017-05-25 09:51:00,3,42,21.3,65,15.7,1015.5,0.3,0.7,14,280.5,0
2017-05-25 09:54:00,3,42,21.3,65,15.8,1015.4,2.0,3.1,12,280.5,0
2017-05-25 09:57:00,3,42,21.3,64,15.7,1015.5,2.0,2.7,10,280.5,0
2017-05-25 10:00:00,3,43,21.3,65,15.7,1015.5,1.0,1.4,12,280.5,0
2017-05-25 10:03:00,3,43,21.2,65,15.7,1015.4,1.0,1.4,12,280.5,0
2017-05-25 10:06:00,3,43,21.2,65,15.7,1015.4,1.0,1.4,12,280.5,0
2017-05-25 10:09:00,3,43,21.2,65,15.8,1015.4,1.7,2.4,12,280.5,0
2017-05-25 10:12:00,3,43,21.2,65,15.8,1015.3,1.7,2.4,10,280.5,0
2017-05-25 10:15:00,3,43,21.2,65,15.5,1015.4,1.4,2.0,12,280.5,0
2017-05-25 10:18:00,3,43,21.2,66,15.2,1015.3,1.7,2.7,10,280.5,0
2017-05-25 10:21:00,3,43,21.2,67,15.0,1015.3,2.4,4.1,10,280.5,0
2017-05-25 10:24:00,3,43,21.2,68,14.8,1015.3,1.4,1.7,11,280.5,0
2017-05-25 10:27:00,3,43,21.2,70,14.8,1015.3,1.0,1.4,14,280.5,0
2017-05-25 10:30:00,3,43,21.1,70,15.1,1015.4,1.7,2.4,12,280.5,0
2017-05-25 10:33:00,3,43,21.1,69,15.2,1015.4,1.7,2.0,8,280.5,0
2017-05-25 10:36:00,3,43,21.1,69,15.2,1015.5,3.1,4.1,10,280.5,0
2017-05-25 10:39:00,3,43,21.1,68,15.2,1015.4,1.0,1.7,12,280.5,0
2017-05-25 10:42:00,3,43,21.1,69,15.2,1015.5,1.0,1.7,11,280.5,0
2017-05-25 10:45:00,3,43,21.1,69,15.3,1015.4,1.0,1.7,14,280.5,0
2017-05-25 10:48:00,3,43,21.1,69,15.4,1015.5,0.7,1.0,12,280.5,0
2017-05-25 10:51:00,3,43,21.1,68,15.5,1015.4,1.7,2.7,12,280.5,0
2017-05-25 10:54:00,3,43,21.1,68,15.4,1015.4,1.4,2.0,14,280.5,0
2017-05-25 10:57:00,3,43,21.1,67,15.4,1015.5,0.3,0.7,14,280.5,0
2017-05-25 11:00:00,3,43,21.1,68,15.4,1015.4,1.4,2.4,10,280.5,0
2017-05-25 11:03:00,3,43,21.1,68,15.3,1015.3,0.7,1.4,14,280.5,0
2017-05-25 11:06:00,3,43,21.1,69,15.3,1015.3,0.7,1.0,10,280.5,0
2017-05-25 11:09:00,3,43,21.1,70,15.3,1015.3,1.7,2.7,0,280.5,0
2017-05-25 11:12:00,3,43,21.1,69,15.1,1015.4,2.0,2.4,12,280.5,0
2017-05-25 11:15:00,3,43,21.1,70,15.0,1015.5,1.7,2.0,10,280.5,0
2017-05-25 11:18:00,3,43,21.1,70,15.0,1015.5,2.0,3.1,10,280.5,0
2017-05-25 11:21:00,3,43,21.1,70,15.0,1015.4,2.0,3.1,13,280.5,0
2017-05-25 11:24:00,3,43,21.1,69,14.9,1015.4,1.4,1.7,10,280.5,0
2017-05-25 11:27:00,3,43,21.0,69,15.0,1015.5,1.7,2.4,14,280.5,0
2017-05-25 11:30:00,3,43,21.1,70,15.3,1015.6,0.3,0.7,14,280.5,0
2017-05-25 11:33:00,3,43,21.0,68,15.5,1015.5,1.7,2.0,14,280.5,0
2017-05-25 11:36:00,3,43,21.0,65,15.5,1015.5,1.4,2.0,12,280.5,0
2017-05-25 11:39:00,3,43,21.0,65,15.4,1015.5,1.4,2.0,12,280.5,0
2017-05-25 11:42:00,3,43,21.0,65,15.7,1015.4,1.7,2.0,12,280.5,0
2017-05-25 11:45:00,3,43,21.0,64,16.0,1015.5,1.7,2.4,14,280.5,0
2017-05-25 11:48:00,3,43,21.0,63,16.4,1015.5,1.0,1.4,12,280.5,0
2017-05-25 11:51:00,3,43,21.0,62,16.5,1015.4,0.7,1.4,14,280.5,0
2017-05-25 11:54:00,3,43,21.0,61,16.4,1015.3,2.0,3.4,10,280.5,0
2017-05-25 11:57:00,3,43,21.0,62,16.2,1015.4,2.0,2.7,12,280.5,0
2017-05-25 12:00:00,3,43,21.0,63,16.1,1015.3,2.0,2.7,12,280.5,0
2017-05-25 12:03:00,3,43,21.1,63,16.1,1015.5,2.0,2.7,12,280.5,0
2017-05-25 12:06:00,3,44,21.1,63,16.1,1015.3,2.0,2.7,12,280.5,0
2017-05-25 12:09:00,3,44,21.0,64,15.7,1015.4,2.0,3.4,12,280.5,0
2017-05-25 12:12:00,3,44,21.0,64,15.7,1015.4,1.4,1.7,8,280.5,0
2017-05-25 12:15:00,3,44,21.0,65,15.6,1015.4,1.7,2.7,14,280.5,0
2017-05-25 12:18:00,3,44,21.0,66,15.7,1015.4,1.4,1.7,12,280.5,0
2017-05-25 12:21:00,3,44,21.0,65,15.8,1015.3,1.0,1.4,11,280.5,0
2017-05-25 12:24:00,3,44,21.0,65,15.9,1015.3,2.0,2.4,14,280.5,0
2017-05-25 12:27:00,3,44,21.1,65,16.0,1015.3,1.0,1.7,12,280.5,0
2017-05-25 12:30:00,3,44,21.0,65,16.2,1015.3,0.7,1.0,14,280.5,0
2017-05-25 12:33:00,3,44,21.1,65,16.3,1015.3,1.7,2.4,12,280.5,0
2017-05-25 12:36:00,3,44,21.1,64,16.2,1015.2,1.7,2.7,12,280.5,0
2017-05-25 12:39:00,3,44,21.1,64,16.2,1015.3,1.0,1.4,10,280.5,0
2017-05-25 12:42:00,3,44,21.1,64,16.1,1015.3,1.7,2.4,11,280.5,0
2017-05-25 12:45:00,3,44,21.1,64,16.1,1015.3,0.7,1.4,8,280.5,0
2017-05-25 12:48:00,3,44,21.1,64,16.1,1015.2,1.0,1.4,12,280.5,0
2017-05-25 12:51:00,3,44,21.1,64,16.3,1015.2,0.7,1.4,10,280.5,0
2017-05-25 12:54:00,3,44,21.1,63,16.6,1015.2,1.4,1.4,10,280.5,0
2017-05-25 12:57:00,3,44,21.1,62,16.8,1015.2,0.7,1.4,12,280.5,0
2017-05-25 13:00:00,3,44,21.1,62,17.0,1015.2,1.0,1.4,13,280.5,0
2017-05-25 13:03:00,3,45,21.2,61,17.1,1015.1,0.3,0.7,2,280.5,0
2017-05-25 13:06:00,3,45,21.3,61,17.4,1015.1,1.0,1.4,12,280.5,0
2017-05-25 13:09:00,3,44,21.4,60,17.4,1015.1,1.4,2.0,10,280.5,0
2017-05-25 13:12:00,3,44,21.5,60,17.4,1015.1,1.4,2.4,10,280.5,0
2017-05-25 13:15:00,3,44,21.6,56,17.5,1015.2,1.4,2.4,12,280.5,0
2017-05-25 13:18:00,3,44,21.7,56,17.5,1015.1,2.0,2.7,10,280.5,0
2017-05-25 13:21:00,3,43,21.8,55,17.7,1015.2,1.4,2.4,10,280.5,0
2017-05-25 13:24:00,3,43,21.9,55,17.8,1015.2,1.0,1.4,12,280.5,0
2017-05-25 13:27:00,3,43,21.9,54,17.8,1015.1,1.7,2.0,8,280.5,0
2017-05-25 13:30:00,3,42,22.0,54,18.0,1015.1,1.4,1.7,10,280.5,0
2017-05-25 13:33:00,3,42,22.2,54,17.9,1015.2,1.0,2.0,10,280.5,0
2017-05-25 13:36:00,3,41,22.2,55,17.9,1015.1,1.0,1.4,14,280.5,0
2017-05-25 13:39:00,3,41,22.1,55,18.2,1015.1,1.0,1.7,14,280.5,0
2017-05-25 13:42:00,3,41,22.1,52,18.3,1015.1,2.0,3.4,10,280.5,0
2017-05-25 13:45:00,3,41,22.0,52,18.2,1015.1,1.0,1.7,14,280.5,0
2017-05-25 13:48:00,3,43,21.9,53,18.2,1015.0,0.7,1.0,14,280.5,0
2017-05-25 13:51:00,3,43,21.9,52,18.2,1015.0,1.0,1.7,0,280.5,0
2017-05-25 13:54:00,3,43,21.9,52,18.2,1015.0,0.7,1.0,12,280.5,0
2017-05-25 13:57:00,3,43,21.9,53,18.2,1014.9,1.0,1.4,10,280.5,0
2017-05-25 14:00:00,3,43,21.9,53,18.7,1014.8,1.4,2.0,14,280.5,0
2017-05-25 14:03:00,3,43,21.9,53,18.7,1014.8,1.4,2.0,14,280.5,0
2017-05-25 14:06:00,3,43,21.9,53,18.7,1014.8,1.4,2.0,14,280.5,0
2017-05-25 14:09:00,3,43,21.9,50,18.8,1014.8,1.7,2.7,14,280.5,0
2017-05-25 14:12:00,3,43,21.9,50,18.6,1014.8,0.7,1.0,0,280.5,0
2017-05-25 14:15:00,3,43,21.9,51,18.8,1014.8,1.7,2.4,12,280.5,0
2017-05-25 14:18:00,3,43,21.9,50,19.4,1014.7,1.0,1.4,10,280.5,0
2017-05-25 14:21:00,3,43,21.9,50,19.3,1014.7,1.7,2.4,14,280.5,0
2017-05-25 14:24:00,3,43,21.9,49,19.2,1014.7,2.4,3.7,12,280.5,0
2017-05-25 14:27:00,3,43,21.9,50,19.1,1014.6,1.7,2.4,15,280.5,0
2017-05-25 14:30:00,3,43,21.9,50,18.9,1014.6,1.4,1.7,14,280.5,0
2017-05-25 14:33:00,3,43,21.9,51,18.9,1014.7,1.0,1.4,12,280.5,0
2017-05-25 14:36:00,3,43,21.9,51,19.3,1014.6,1.4,2.4,14,280.5,0
2017-05-25 14:39:00,3,43,21.9,50,19.4,1014.6,1.4,1.7,10,280.5,0
2017-05-25 14:42:00,3,43,21.9,50,19.1,1014.6,1.0,1.4,14,280.5,0
2017-05-25 14:45:00,3,43,21.9,50,19.0,1014.7,0.7,1.0,14,280.5,0
2017-05-25 14:48:00,3,43,21.9,50,19.3,1014.7,0.7,1.0,0,280.5,0
2017-05-25 14:51:00,3,43,21.9,48,20.1,1014.6,0.7,1.7,10,280.5,0
2017-05-25 14:54:00,3,43,21.9,47,20.4,1014.6,2.4,3.4,14,280.5,0
2017-05-25 14:57:00,3,43,21.9,46,20.6,1014.6,0.7,1.0,12,280.5,0
2017-05-25 15:00:00,3,43,21.9,46,20.7,1014.6,1.0,1.7,0,280.5,0
2017-05-25 15:03:00,3,43,21.9,46,21.1,1014.5,1.7,2.0,14,280.5,0
2017-05-25 15:06:00,3,43,21.9,45,21.4,1014.6,1.7,2.7,12,280.5,0
2017-05-25 15:09:00,3,43,21.9,46,21.2,1014.4,1.7,2.4,14,280.5,0
2017-05-25 15:12:00,3,43,21.9,46,21.3,1014.6,1.0,1.4,12,280.5,0
2017-05-25 15:15:00,3,43,21.9,45,21.4,1014.6,1.0,1.7,2,280.5,0
2017-05-25 15:18:00,3,43,21.9,45,21.5,1014.4,1.0,1.4,10,280.5,0
2017-05-25 15:21:00,3,43,21.9,44,21.1,1014.4,1.0,1.7,12,280.5,0
2017-05-25 15:24:00,3,43,21.9,45,21.2,1014.5,0.3,0.7,14,280.5,0
2017-05-25 15:27:00,3,43,21.9,45,21.6,1014.4,1.0,2.0,14,280.5,0
2017-05-25 15:30:00,3,43,21.9,43,21.5,1014.4,2.0,3.7,14,280.5,0
2017-05-25 15:33:00,3,43,21.9,45,21.6,1014.3,0.7,1.4,12,280.5,0
2017-05-25 15:36:00,3,44,21.9,44,21.5,1014.4,1.0,1.7,14,280.5,0
2017-05-25 15:39:00,3,44,21.9,45,21.0,1014.3,1.0,1.7,12,280.5,0
2017-05-25 15:42:00,3,44,21.9,46,20.6,1014.3,0.7,1.0,14,280.5,0
2017-05-25 15:45:00,3,44,21.9,47,20.4,1014.5,1.7,2.4,15,280.5,0
2017-05-25 15:48:00,3,44,21.9,48,20.2,1014.3,1.0,1.7,12,280.5,0
2017-05-25 15:51:00,3,43,22.0,49,19.9,1014.3,0.7,1.4,0,280.5,0
2017-05-25 15:54:00,3,43,22.0,49,19.9,1014.3,1.0,1.7,12,280.5,0
2017-05-25 15:57:00,3,43,22.0,49,19.9,1014.2,0.7,1.0,0,280.5,0
2017-05-25 16:00:00,3,43,22.0,50,20.0,1014.2,0.3,0.7,10,280.5,0
2017-05-25 16:03:00,3,43,22.0,50,20.0,1014.1,0.3,0.7,10,280.5,0
2017-05-25 16:06:00,3,43,22.0,50,20.0,1014.2,0.3,0.7,10,280.5,0
2017-05-25 16:09:00,3,43,22.0,47,20.8,1014.2,0.3,0.7,12,280.5,0
2017-05-25 16:12:00,3,43,22.0,46,21.1,1014.1,0.7,1.7,12,280.5,0
2017-05-25 16:15:00,3,43,22.1,45,21.0,1014.1,2.0,2.4,10,280.5,0
2017-05-25 16:18:00,3,43,22.1,45,20.6,1014.1,1.7,2.4,12,280.5,0
2017-05-25 16:21:00,3,43,22.1,46,20.3,1014.1,1.4,2.0,14,280.5,0
2017-05-25 16:24:00,3,43,22.1,46,20.2,1014.1,1.4,1.7,0,280.5,0
2017-05-25 16:27:00,3,43,22.1,47,20.2,1014.1,0.3,0.7,0,280.5,0
2017-05-25 16:30:00,3,43,22.1,47,20.6,1014.0,0.3,0.7,14,280.5,0
2017-05-25 16:33:00,3,43,22.1,46,21.1,1013.9,0,0.3,2,280.5,0
2017-05-25 16:36:00,3,43,22.1,45,21.6,1014.0,0.3,0.7,0,280.5,0
2017-05-25 16:39:00,3,43,22.1,43,21.8,1014.1,0.7,1.4,12,280.5,0
2017-05-25 16:42:00,3,43,22.1,43,21.9,1013.9,1.7,2.4,10,280.5,0
2017-05-25 16:45:00,3,43,22.2,43,21.8,1014.0,1.4,2.0,0,280.5,0
2017-05-25 16:48:00,3,43,22.2,43,21.7,1013.9,1.4,1.7,4,280.5,0
2017-05-25 16:51:00,3,43,22.2,44,21.7,1013.9,0.7,1.0,14,280.5,0
2017-05-25 16:54:00,3,43,22.2,43,21.8,1014.0,0.7,1.0,14,280.5,0
2017-05-25 16:57:00,3,43,22.2,42,21.7,1013.9,1.4,1.7,12,280.5,0
2017-05-25 17:00:00,3,43,22.2,43,21.5,1013.9,0.3,0.7,12,280.5,0
2017-05-25 17:03:00,3,43,22.2,44,21.2,1013.9,0.3,0.7,14,280.5,0
2017-05-25 17:06:00,3,43,22.2,45,21.0,1013.9,0,0.3,14,280.5,0
2017-05-25 17:09:00,3,43,22.2,45,20.6,1013.9,0.7,1.0,0,280.5,0
2017-05-25 17:12:00,3,43,22.2,46,20.8,1013.9,0.7,1.0,0,280.5,0
2017-05-25 17:15:00,3,43,22.2,44,21.4,1013.8,0.3,1.0,14,280.5,0
2017-05-25 17:18:00,3,43,22.2,44,21.9,1013.8,0.3,1.0,0,280.5,0
2017-05-25 17:21:00,3,43,22.2,43,21.8,1013.8,0.7,1.0,14,280.5,0
2017-05-25 17:24:00,3,43,22.2,43,21.5,1013.8,1.0,1.4,14,280.5,0
2017-05-25 17:27:00,3,43,22.2,44,21.0,1013.9,0.3,0.7,12,280.5,0
2017-05-25 17:30:00,3,43,22.3,45,20.8,1013.8,0.7,1.0,15,280.5,0
2017-05-25 17:33:00,3,43,22.3,46,20.5,1013.8,0.3,0.7,12,280.5,0
2017-05-25 17:36:00,3,43,22.3,47,20.6,1013.8,0.7,1.0,0,280.5,0
2017-05-25 17:39:00,3,43,22.3,47,20.9,1013.8,0.3,0.7,14,280.5,0
2017-05-25 17:42:00,3,43,22.3,44,21.2,1013.8,1.0,1.4,0,280.5,0
2017-05-25 17:45:00,3,43,22.3,44,21.2,1013.9,1.4,1.7,14,280.5,0
2017-05-25 17:48:00,3,43,22.3,45,21.2,1013.8,1.0,1.7,10,280.5,0
2017-05-25 17:51:00,3,43,22.3,45,21.3,1013.8,0.7,1.4,14,280.5,0
2017-05-25 17:54:00,3,43,22.3,45,21.3,1013.9,0.7,1.0,15,280.5,0
2017-05-25 17:57:00,3,43,22.3,45,20.9,1013.8,0.7,1.0,12,280.5,0
2017-05-25 18:00:00,3,43,22.3,46,20.7,1013.9,0.7,1.0,0,280.5,0
2017-05-25 18:03:00,3,43,22.3,46,20.7,1013.9,0.7,1.0,0,280.5,0
2017-05-25 18:06:00,3,43,22.3,46,20.7,1013.9,0.7,1.0,0,280.5,0
2017-05-25 18:09:00,3,43,22.3,49,19.7,1013.8,1.7,2.4,12,280.5,0
2017-05-25 18:12:00,3,43,22.3,50,19.5,1013.9,0.7,1.0,14,280.5,0
2017-05-25 18:15:00,3,43,22.3,50,19.2,1013.8,1.0,1.7,14,280.5,0
2017-05-25 18:18:00,3,43,22.3,49,19.0,1013.8,0.7,1.4,0,280.5,0
2017-05-25 18:21:00,3,43,22.3,50,18.9,1013.7,0.7,1.0,0,280.5,0
2017-05-25 18:24:00,3,43,22.4,49,18.7,1013.8,1.4,2.0,15,280.5,0
2017-05-25 18:27:00,3,43,22.4,48,18.6,1013.9,1.0,1.7,14,280.5,0
2017-05-25 18:30:00,3,43,22.4,48,18.5,1013.8,0.7,1.4,0,280.5,0
2017-05-25 18:33:00,3,43,22.4,48,18.4,1013.8,0.3,0.7,0,280.5,0
2017-05-25 18:36:00,3,43,22.4,49,18.3,1013.8,0.3,0.7,14,280.5,0
2017-05-25 18:39:00,3,43,22.3,49,18.1,1013.8,0,0.3,12,280.5,0
2017-05-25 18:42:00,3,43,22.4,49,18.0,1013.8,0.3,1.0,14,280.5,0
2017-05-25 18:45:00,3,43,22.3,50,17.9,1013.8,0.3,0.7,14,280.5,0
2017-05-25 18:48:00,3,43,22.3,49,17.8,1013.8,0.7,1.0,14,280.5,0
2017-05-25 18:51:00,3,43,22.3,50,17.7,1013.9,0,0,14,280.5,0
2017-05-25 18:54:00,3,43,22.3,50,17.6,1013.9,0,0.3,14,280.5,0
2017-05-25 18:57:00,3,43,22.3,50,17.5,1013.8,0,0,14,280.5,0
2017-05-25 19:00:00,3,43,22.3,53,17.4,1013.9,0,0.3,0,280.5,0
2017-05-25 19:03:00,3,43,22.3,53,17.3,1013.9,0,0,14,280.5,0
2017-05-25 19:06:00,3,43,22.3,53,17.1,1013.9,0,0,14,280.5,0
2017-05-25 19:09:00,3,43,22.3,54,17.0,1014.0,0,0,14,280.5,0
2017-05-25 19:12:00,3,43,22.3,54,16.9,1014.1,0,0,14,280.5,0
2017-05-25 19:15:00,3,43,22.3,55,16.7,1014.0,0,0,14,280.5,0
2017-05-25 19:18:00,3,43,22.3,56,16.5,1014.0,0,0,14,280.5,0
2017-05-25 19:21:00,3,43,22.3,57,16.3,1014.1,0,0,12,280.5,0
2017-05-25 19:24:00,3,43,22.3,58,16.1,1014.1,0,0,12,280.5,0
2017-05-25 19:27:00,3,43,22.3,59,15.9,1014.1,0,0,12,280.5,0
2017-05-25 19:30:00,3,43,22.3,59,15.6,1014.1,0,0,2,280.5,0
2017-05-25 19:33:00,3,43,22.3,60,15.4,1014.2,0,0,2,280.5,0
2017-05-25 19:36:00,3,43,22.3,61,15.3,1014.2,0,0,2,280.5,0
2017-05-25 19:39:00,3,43,22.3,61,15.1,1014.3,0,0,2,280.5,0
2017-05-25 19:42:00,3,43,22.3,61,14.9,1014.3,0,0,10,280.5,0
2017-05-25 19:45:00,3,43,22.3,61,14.9,1014.4,0.3,0.7,14,280.5,0
2017-05-25 19:48:00,3,43,22.3,62,14.9,1014.4,0,0,14,280.5,0
2017-05-25 19:51:00,3,43,22.3,61,14.9,1014.5,0,0,14,280.5,0
2017-05-25 19:54:00,3,43,22.3,61,14.9,1014.5,0,0.3,14,280.5,0
2017-05-25 19:57:00,3,43,22.3,61,14.9,1014.4,0,0.3,2,280.5,0
2017-05-25 20:00:00,3,43,22.3,61,14.9,1014.5,0,0.3,14,280.5,0
2017-05-25 20:03:00,3,43,22.3,61,14.9,1014.5,0,0.3,14,280.5,0
2017-05-25 20:06:00,3,43,22.3,61,14.9,1014.6,0,0.3,14,280.5,0
2017-05-25 20:09:00,3,43,22.3,62,14.6,1014.6,0,0.3,0,280.5,0
2017-05-25 20:12:00,3,43,22.3,62,14.5,1014.6,0,0.3,0,280.5,0
2017-05-25 20:15:00,3,43,22.3,63,14.3,1014.7,0,0.3,0,280.5,0
2017-05-25 20:18:00,3,43,22.3,64,14.1,1014.6,0,0,0,280.5,0
2017-05-25 20:21:00,3,43,22.3,66,14.0,1014.6,0,0.3,0,280.5,0
2017-05-25 20:24:00,3,43,22.3,66,13.8,1014.6,0,0,0,280.5,0
2017-05-25 20:27:00,3,43,22.3,66,13.7,1014.6,0,0,0,280.5,0
2017-05-25 20:30:00,3,43,22.3,67,13.5,1014.5,0,0,0,280.5,0
2017-05-25 20:33:00,3,43,22.3,67,13.4,1014.6,0,0,0,280.5,0
2017-05-25 20:36:00,3,43,22.3,67,13.3,1014.7,0,0,0,280.5,0
2017-05-25 20:39:00,3,43,22.3,69,13.1,1014.6,0,0,0,280.5,0
2017-05-25 20:42:00,3,43,22.2,70,13.0,1014.6,0,0.3,0,280.5,0
2017-05-25 20:45:00,3,43,22.2,70,12.9,1014.8,0,0,0,280.5,0
2017-05-25 20:48:00,3,43,22.2,70,12.8,1014.7,0,0,0,280.5,0
2017-05-25 20:51:00,3,43,22.2,70,12.7,1014.6,0,0,0,280.5,0
2017-05-25 20:54:00,3,43,22.2,70,12.5,1014.7,0,0,0,280.5,0
2017-05-25 20:57:00,3,43,22.2,73,12.4,1014.7,0,0,0,280.5,0
2017-05-25 21:00:00,3,43,22.2,73,12.3,1014.7,0,0,0,280.5,0
2017-05-25 21:03:00,3,43,22.2,73,12.2,1014.7,0,0,0,280.5,0
2017-05-25 21:06:00,3,43,22.2,73,12.1,1014.7,0,0,0,280.5,0
2017-05-25 21:09:00,3,43,22.2,74,12.0,1014.7,0,0,0,280.5,0
2017-05-25 21:12:00,3,43,22.2,74,11.9,1014.6,0,0,0,280.5,0
2017-05-25 21:15:00,3,43,22.2,74,11.8,1014.7,0,0,0,280.5,0
2017-05-25 21:18:00,3,43,22.2,75,11.7,1014.6,0,0,0,280.5,0
2017-05-25 21:21:00,3,43,22.2,76,11.6,1014.6,0,0,0,280.5,0
2017-05-25 21:24:00,3,43,22.2,76,11.6,1014.7,0,0,0,280.5,0
2017-05-25 21:27:00,3,43,22.2,77,11.5,1014.7,0,0,0,280.5,0
2017-05-25 21:30:00,3,43,22.2,77,11.4,1014.6,0,0,0,280.5,0
2017-05-25 21:33:00,3,43,22.1,77,11.3,1014.6,0,0,0,280.5,0
2017-05-25 21:36:00,3,42,22.2,78,11.3,1014.7,0,0,0,280.5,0
2017-05-25 21:39:00,3,42,22.2,78,11.2,1014.6,0,0,0,280.5,0
2017-05-25 21:42:00,3,42,22.1,79,11.2,1014.6,0,0,0,280.5,0
2017-05-25 21:45:00,3,42,22.1,79,11.1,1014.6,0,0,0,280.5,0
2017-05-25 21:48:00,3,42,22.1,80,11.1,1014.6,0,0,0,280.5,0
2017-05-25 21:51:00,3,42,22.1,80,11.0,1014.7,0,0,0,280.5,0
2017-05-25 21:54:00,3,42,22.1,80,10.9,1014.7,0,0,0,280.5,0
2017-05-25 21:57:00,3,42,22.1,80,10.9,1014.6,0,0,0,280.5,0
