2017-05-20 00:02:00,3,39,27.2,80,16.4,1006.5,2.4,2.7,12,279.0,0
2017-05-20 00:05:00,3,39,27.2,80,16.4,1006.5,2.4,2.7,12,279.0,0
2017-05-20 00:08:00,3,39,27.2,81,16.3,1006.7,3.7,5.1,10,279.0,0
2017-05-20 00:11:00,3,39,27.2,81,16.2,1006.7,2.7,3.4,10,279.0,0
2017-05-20 00:14:00,3,39,27.2,82,15.9,1006.8,4.4,5.1,12,279.0,0
2017-05-20 00:17:00,3,39,27.2,82,15.6,1006.9,2.7,4.1,14,279.0,0
2017-05-20 00:20:00,3,39,27.2,82,15.4,1006.9,3.1,3.7,10,279.0,0
2017-05-20 00:23:00,3,39,27.2,82,15.1,1007.0,3.1,4.1,10,279.0,0
2017-05-20 00:26:00,3,39,27.2,83,14.9,1007.1,2.7,3.7,9,279.0,0
2017-05-20 00:29:00,3,39,27.2,83,14.7,1007.1,2.0,2.7,10,279.0,0
2017-05-20 00:32:00,3,39,27.2,84,14.6,1007.1,3.4,3.7,10,279.0,0
2017-05-20 00:35:00,3,39,27.1,84,14.5,1007.2,3.1,4.1,15,279.0,0
2017-05-20 00:38:00,3,39,27.1,84,14.4,1007.1,2.0,2.7,10,279.0,0
2017-05-20 00:41:00,3,39,27.1,85,14.4,1007.2,3.1,4.1,12,279.0,0
2017-05-20 00:44:00,3,39,27.0,85,14.3,1007.2,3.7,4.8,12,279.0,0
2017-05-20 00:47:00,3,39,27.0,85,14.1,1007.2,3.4,4.8,12,279.0,0
2017-05-20 00:50:00,3,39,27.0,85,14.0,1007.2,3.4,3.7,8,279.0,0
2017-05-20 00:53:00,3,39,27.0,85,14.0,1007.2,2.0,3.1,12,279.0,0
2017-05-20 00:56:00,3,39,27.0,85,14.0,1007.3,3.7,5.1,11,279.0,0
2017-05-20 00:59:00,3,39,27.0,85,14.0,1007.5,1.7,3.4,12,279.0,0
2017-05-20 01:02:00,3,39,27.0,85,14.0,1007.5,2.4,3.7,10,279.0,0
2017-05-20 01:05:00,3,38,27.0,85,14.0,1007.5,1.7,3.1,14,279.0,0
2017-05-20 01:08:00,3,38,27.0,85,14.0,1007.5,2.0,2.7,8,279.0,0
2017-05-20 01:11:00,3,38,27.0,84,14.0,1007.5,1.0,2.4,10,279.0,0
2017-05-20 01:14:00,3,38,27.0,84,14.0,1007.6,2.4,4.8,10,279.0,0
2017-05-20 01:17:00,3,38,27.0,84,13.9,1007.5,2.0,2.7,12,279.0,0
2017-05-20 01:20:00,3,38,27.0,83,13.9,1007.6,2.4,3.7,12,279.0,0
2017-05-20 01:23:00,3,39,26.9,83,13.9,1007.4,1.7,2.7,15,279.0,0
2017-05-20 01:26:00,3,39,26.9,83,13.8,1007.5,1.7,2.4,14,279.0,0
2017-05-20 01:29:00,3,39,26.9,83,13.8,1007.5,1.4,2.4,14,279.0,0
2017-05-20 01:32:00,3,39,26.9,83,13.8,1007.5,1.0,1.7,10,279.0,0
2017-05-20 01:35:00,3,39,26.9,83,13.8,1007.6,0.7,1.0,14,279.0,0
2017-05-20 01:38:00,3,39,26.9,83,13.8,1007.6,1.4,2.0,12,279.0,0
2017-05-20 01:41:00,3,39,26.9,84,13.7,1007.6,1.4,1.7,10,279.0,0
2017-05-20 01:44:00,3,39,26.9,84,13.7,1007.7,1.7,2.0,12,279.0,0
2017-05-20 01:47:00,3,39,26.9,84,13.6,1007.9,1.4,2.0,8,279.0,0
2017-05-20 01:50:00,3,39,26.9,84,13.6,1007.8,1.0,1.4,10,279.0,0
2017-05-20 01:53:00,3,39,26.9,84,13.7,1007.8,1.7,2.4,12,279.0,0
2017-05-20 01:56:00,3,39,26.8,84,13.7,1007.8,0.3,0.7,0,279.0,0
2017-05-20 01:59:00,3,39,26.8,84,13.7,1007.9,1.0,1.7,4,279.0,0
2017-05-20 02:02:00,3,39,26.7,83,13.7,1008.1,1.0,1.7,12,279.0,0
2017-05-20 02:05:00,3,39,26.7,83,13.7,1008.2,1.0,1.7,12,279.0,0
2017-05-20 02:08:00,3,39,26.7,83,13.7,1008.3,2.4,3.4,10,279.0,0
2017-05-20 02:11:00,3,39,26.7,83,13.7,1008.2,1.0,1.4,14,279.0,0
2017-05-20 02:14:00,3,39,26.7,83,13.8,1008.4,1.4,2.0,12,279.0,0
2017-05-20 02:17:00,3,39,26.7,82,13.8,1008.4,1.4,1.7,14,279.0,0
2017-05-20 02:20:00,3,39,26.7,82,13.9,1008.4,1.4,1.7,1,279.0,0
2017-05-20 02:23:00,3,39,26.7,82,13.9,1008.5,2.0,2.7,14,279.0,0
2017-05-20 02:26:00,3,39,26.7,82,13.9,1008.5,0.7,1.0,12,279.0,0
2017-05-20 02:29:00,3,39,26.7,81,13.9,1008.5,1.0,1.4,12,279.0,0
2017-05-20 02:32:00,3,39,26.7,81,14.0,1008.5,1.0,1.4,12,279.0,0
2017-05-20 02:35:00,3,39,26.7,81,14.0,1008.5,2.0,3.4,10,279.0,0
2017-05-20 02:38:00,3,39,26.7,80,14.0,1008.6,1.0,1.4,9,279.0,0
2017-05-20 02:41:00,3,39,26.7,80,14.0,1008.8,1.4,2.0,12,279.0,0
2017-05-20 02:44:00,3,39,26.7,80,14.0,1008.8,1.7,2.0,12,279.0,0
2017-05-20 02:47:00,3,39,26.7,79,14.0,1008.8,2.7,4.1,10,279.0,0
2017-05-20 02:50:00,3,39,26.6,78,14.0,1008.9,1.7,2.7,14,279.0,0
2017-05-20 02:53:00,3,39,26.6,78,14.0,1008.9,1.4,2.4,12,279.0,0
2017-05-20 02:56:00,3,39,26.6,79,14.0,1008.9,1.0,1.7,12,279.0,0
2017-05-20 02:59:00,3,39,26.6,79,14.0,1008.9,3.7,5.4,14,279.0,0
2017-05-20 03:02:00,3,39,26.6,79,14.0,1009.0,3.1,4.4,10,279.0,0
2017-05-20 03:05:00,3,39,26.6,79,14.0,1008.9,1.7,2.4,10,279.0,0
2017-05-20 03:08:00,3,39,26.6,79,14.0,1009.0,1.7,2.0,12,279.0,0
2017-05-20 03:11:00,3,39,26.6,80,14.0,1008.9,1.4,2.4,14,279.0,0
2017-05-20 03:14:00,3,39,26.6,80,13.9,1008.9,1.7,2.0,10,279.0,0
2017-05-20 03:17:00,3,39,26.6,80,13.9,1008.9,2.7,4.1,10,279.0,0
2017-05-20 03:20:00,3,39,26.6,80,13.9,1009.0,2.0,2.7,8,279.0,0
2017-05-20 03:23:00,3,39,26.5,80,13.8,1009.0,2.4,3.1,10,279.0,0
2017-05-20 03:26:00,3,39,26.6,80,13.7,1009.0,3.4,5.1,14,279.0,0
2017-05-20 03:29:00,3,39,26.5,81,13.7,1009.1,2.0,3.1,12,279.0,0
2017-05-20 03:32:00,3,39,26.5,81,13.7,1009.1,2.0,2.4,10,279.0,0
2017-05-20 03:35:00,3,39,26.5,81,13.7,1009.2,1.4,2.7,11,279.0,0
2017-05-20 03:38:00,3,39,26.5,81,13.6,1009.2,2.0,2.7,14,279.0,0
2017-05-20 03:41:00,3,39,26.5,81,13.6,1009.2,2.7,4.1,12,279.0,0
2017-05-20 03:44:00,3,39,26.5,82,13.6,1009.3,2.0,2.7,10,279.0,0
2017-05-20 03:47:00,3,39,26.5,82,13.5,1009.4,2.7,3.4,12,279.0,0
2017-05-20 03:50:00,3,39,26.5,82,13.4,1009.3,1.0,1.4,12,279.0,0
2017-05-20 03:53:00,3,39,26.5,82,13.4,1009.4,2.0,3.7,12,279.0,0
2017-05-20 03:56:00,3,39,26.5,82,13.4,1009.4,1.7,2.4,10,279.0,0
2017-05-20 03:59:00,3,39,26.5,82,13.3,1009.5,0.7,1.0,14,279.0,0
2017-05-20 04:02:00,3,39,26.5,82,13.3,1009.7,3.1,4.1,9,279.0,0
2017-05-20 04:05:00,3,39,26.5,82,13.3,1009.7,3.1,4.1,9,279.0,0
2017-05-20 04:08:00,3,39,26.5,80,13.3,1009.8,0.7,1.4,14,279.0,0
2017-05-20 04:11:00,3,39,26.5,79,13.3,1009.8,1.4,2.0,14,279.0,0
2017-05-20 04:14:00,3,39,26.5,78,13.3,1009.9,1.7,3.4,10,279.0,0
2017-05-20 04:17:00,3,39,26.5,78,13.3,1009.9,1.7,2.7,8,279.0,0
2017-05-20 04:20:00,3,39,26.5,77,13.3,1009.9,1.0,1.4,14,279.0,0
2017-05-20 04:23:00,3,39,26.5,77,13.4,1009.9,1.4,3.7,14,279.0,0
2017-05-20 04:26:00,3,39,26.5,78,13.4,1010.0,0.7,1.0,0,279.0,0
2017-05-20 04:29:00,3,39,26.5,78,13.4,1010.2,0.7,1.4,12,279.0,0
2017-05-20 04:32:00,3,39,26.5,78,13.4,1010.3,1.4,1.7,14,279.0,0
2017-05-20 04:35:00,3,40,25.7,78,13.4,1010.3,1.7,2.4,8,279.0,0
2017-05-20 04:38:00,3,40,25.7,78,13.5,1010.4,1.0,1.4,14,279.0,0
2017-05-20 04:41:00,3,40,25.7,77,13.5,1010.5,1.4,2.0,14,279.0,0
2017-05-20 04:44:00,3,40,25.7,77,13.5,1010.5,0.7,1.0,14,279.0,0
2017-05-20 04:47:00,3,40,25.7,77,13.5,1010.6,0.7,1.0,8,279.0,0
2017-05-20 04:50:00,3,40,25.7,77,13.5,1010.7,3.4,4.8,12,279.0,0
2017-05-20 04:53:00,3,40,25.7,77,13.5,1010.6,1.0,1.7,14,279.0,0
2017-05-20 04:56:00,3,40,25.7,76,13.5,1010.7,1.7,2.0,12,279.0,0
2017-05-20 04:59:00,3,39,26.5,76,13.5,1010.7,2.0,2.7,12,279.0,0
2017-05-20 05:02:00,3,38,26.5,76,13.5,1010.9,1.4,2.0,12,279.0,0
2017-05-20 05:05:00,3,38,26.5,76,13.5,1011.0,2.0,3.7,12,279.0,0
2017-05-20 05:08:00,3,37,26.5,76,13.4,1011.0,1.7,2.4,8,279.0,0
2017-05-20 05:11:00,3,37,26.6,77,13.3,1011.1,1.0,1.7,10,279.0,0
2017-05-20 05:14:00,3,37,26.7,77,13.4,1011.1,1.0,1.7,12,279.0,0
2017-05-20 05:17:00,3,36,26.7,78,13.4,1011.1,2.0,2.7,14,279.0,0
2017-05-20 05:20:00,3,36,26.9,78,13.4,1011.1,0.7,1.0,12,279.0,0
2017-05-20 05:23:00,3,34,27.0,78,13.4,1011.2,0.7,1.4,14,279.0,0
2017-05-20 05:26:00,3,34,27.0,77,13.5,1011.3,1.4,2.0,10,279.0,0
2017-05-20 05:29:00,3,35,27.2,76,13.5,1011.3,1.4,2.7,12,279.0,0
2017-05-20 05:32:00,3,34,27.2,75,13.5,1011.5,3.1,4.1,14,279.0,0
2017-05-20 05:35:00,3,33,27.6,75,13.5,1011.5,1.0,1.7,12,279.0,0
2017-05-20 05:38:00,3,33,27.7,74,13.5,1011.5,0.7,1.0,12,279.0,0
2017-05-20 05:41:00,3,33,27.8,74,13.6,1011.6,1.7,2.4,10,279.0,0
2017-05-20 05:44:00,3,33,27.8,74,13.6,1011.7,1.4,2.0,10,279.0,0
2017-05-20 05:47:00,3,33,27.7,74,13.6,1011.6,1.4,2.0,13,279.0,0
2017-05-20 05:50:00,3,33,27.6,74,13.6,1011.7,2.0,2.7,10,279.0,0
2017-05-20 05:53:00,3,33,27.2,73,13.6,1011.7,1.7,2.0,10,279.0,0
2017-05-20 05:56:00,3,34,27.1,73,13.5,1011.8,2.0,3.1,12,279.0,0
2017-05-20 05:59:00,3,34,27.0,73,13.5,1011.7,2.7,3.7,11,279.0,0
2017-05-20 06:02:00,3,34,27.0,73,13.5,1011.7,2.0,2.7,10,279.0,0
2017-05-20 06:05:00,3,34,26.9,73,13.5,1011.8,2.0,2.7,10,279.0,0
2017-05-20 06:08:00,3,35,26.8,73,13.6,1011.9,1.4,2.0,14,279.0,0
2017-05-20 06:11:00,3,35,26.8,73,13.6,1011.9,1.7,2.4,10,279.0,0
2017-05-20 06:14:00,3,35,26.7,73,13.6,1011.9,2.0,3.7,10,279.0,0
2017-05-20 06:17:00,3,35,26.7,72,13.6,1012.0,1.7,2.7,10,279.0,0
2017-05-20 06:20:00,3,35,26.7,72,13.6,1012.0,2.7,5.1,12,279.0,0
2017-05-20 06:23:00,3,35,26.5,72,13.7,1012.1,1.7,2.0,12,279.0,0
2017-05-20 06:26:00,3,35,26.5,72,13.7,1012.1,1.0,1.4,12,279.0,0
2017-05-20 06:29:00,3,35,26.5,73,13.9,1012.1,0.7,1.0,12,279.0,0
2017-05-20 06:32:00,3,35,26.5,72,14.0,1012.1,3.1,3.4,10,279.0,0
2017-05-20 06:35:00,3,35,26.4,72,14.2,1012.1,2.0,2.7,12,279.0,0
2017-05-20 06:38:00,3,35,26.4,71,14.2,1012.1,1.0,1.7,12,279.0,0
2017-05-20 06:41:00,3,35,26.4,71,14.3,1012.2,1.0,1.4,12,279.0,0
2017-05-20 06:44:00,3,35,26.4,71,14.3,1012.2,2.4,3.4,10,279.0,0
2017-05-20 06:47:00,3,35,26.4,71,14.2,1012.3,1.7,2.7,12,279.0,0
2017-05-20 06:50:00,3,35,26.4,71,14.3,1012.3,1.4,2.0,10,279.0,0
2017-05-20 06:53:00,3,35,26.4,70,14.3,1012.4,2.4,3.4,10,279.0,0
2017-05-20 06:56:00,3,35,26.4,70,14.3,1012.3,1.4,2.0,12,279.0,0
2017-05-20 06:59:00,3,35,26.4,70,14.4,1012.3,1.4,2.4,10,279.0,0
2017-05-20 07:02:00,3,35,26.4,70,14.4,1012.4,1.7,2.4,13,279.0,0
2017-05-20 07:05:00,3,36,25.6,70,14.5,1012.4,2.0,3.1,10,279.0,0
2017-05-20 07:08:00,3,36,25.7,70,14.5,1012.4,3.4,4.1,12,279.0,0
2017-05-20 07:11:00,3,36,25.7,68,14.5,1012.5,3.1,4.1,14,279.0,0
2017-05-20 07:14:00,3,36,25.7,68,14.5,1012.5,2.4,3.4,10,279.0,0
2017-05-20 07:17:00,3,36,25.7,68,14.6,1012.7,1.0,1.7,14,279.0,0
2017-05-20 07:20:00,3,36,25.7,69,14.8,1012.7,2.4,4.1,12,279.0,0
2017-05-20 07:23:00,3,36,25.6,67,15.4,1012.7,2.7,4.4,15,279.0,0
2017-05-20 07:26:00,3,36,25.7,65,16.1,1012.7,0.7,1.4,14,279.0,0
2017-05-20 07:29:00,3,36,25.6,64,16.4,1012.8,1.0,1.7,8,279.0,0
2017-05-20 07:32:00,3,36,25.6,63,16.4,1012.8,1.0,1.7,10,279.0,0
2017-05-20 07:35:00,3,36,25.7,62,15.9,1012.7,2.0,2.7,10,279.0,0
2017-05-20 07:38:00,3,37,25.6,63,15.6,1012.7,1.4,2.4,14,279.0,0
2017-05-20 07:41:00,3,36,25.6,65,16.1,1012.8,2.4,3.4,14,279.0,0
2017-05-20 07:44:00,3,37,25.6,62,16.3,1012.7,3.4,5.1,14,279.0,0
2017-05-20 07:47:00,3,36,25.6,62,16.7,1012.8,1.0,1.4,14,279.0,0
2017-05-20 07:50:00,3,36,25.6,61,17.0,1012.6,2.0,2.7,0,279.0,0
2017-05-20 07:53:00,3,36,25.6,61,17.3,1012.7,1.4,2.7,10,279.0,0
2017-05-20 07:56:00,3,36,25.6,56,17.5,1012.7,2.0,2.7,14,279.0,0
2017-05-20 07:59:00,3,36,25.6,56,17.6,1012.8,1.4,2.0,0,279.0,0
2017-05-20 08:02:00,3,37,25.6,56,17.6,1012.8,1.4,2.0,0,279.0,0
2017-05-20 08:05:00,3,37,25.6,56,17.6,1012.8,1.4,2.0,0,279.0,0
2017-05-20 08:08:00,3,37,25.6,55,17.6,1012.8,1.0,1.4,10,279.0,0
2017-05-20 08:11:00,3,37,25.6,55,17.6,1012.8,2.4,3.1,14,279.0,0
2017-05-20 08:14:00,3,37,25.6,60,17.4,1013.0,1.4,2.0,6,279.0,0
2017-05-20 08:17:00,3,36,25.6,60,17.2,1013.1,2.0,3.7,14,279.0,0
2017-05-20 08:20:00,3,36,25.6,60,17.2,1013.2,1.4,2.0,14,279.0,0
2017-05-20 08:23:00,3,35,25.6,60,17.3,1013.0,1.4,2.0,10,279.0,0
2017-05-20 08:26:00,3,35,25.6,60,17.2,1013.1,1.4,1.7,14,279.0,0
2017-05-20 08:29:00,3,35,25.6,60,16.9,1013.0,1.4,2.0,12,279.0,0
2017-05-20 08:32:00,3,35,25.6,60,16.9,1013.0,2.0,2.7,8,279.0,0
2017-05-20 08:35:00,3,35,25.6,61,17.1,1013.1,1.0,1.7,14,279.0,0
2017-05-20 08:38:00,3,35,25.6,60,17.4,1013.2,1.4,2.0,12,279.0,0
2017-05-20 08:41:00,3,35,25.6,56,18.1,1013.1,1.0,1.4,14,279.0,0
2017-05-20 08:44:00,3,35,25.6,54,18.5,1013.3,0.7,1.4,0,279.0,0
2017-05-20 08:47:00,3,35,25.6,52,18.5,1013.3,2.0,2.7,12,279.0,0
2017-05-20 08:50:00,3,34,25.6,53,18.0,1013.3,1.0,1.4,13,279.0,0
2017-05-20 08:53:00,3,33,25.6,53,17.7,1013.2,2.4,3.4,14,279.0,0
2017-05-20 08:56:00,3,35,25.6,54,17.7,1013.4,1.0,1.7,12,279.0,0
2017-05-20 08:59:00,3,34,25.6,53,18.4,1013.4,2.7,4.1,12,279.0,0
2017-05-20 09:02:00,3,32,26.4,52,19.0,1013.4,2.0,2.7,12,279.0,0
2017-05-20 09:05:00,3,32,26.4,50,18.8,1013.5,1.7,2.7,0,279.0,0
2017-05-20 09:08:00,3,32,26.4,51,18.7,1013.5,1.0,1.4,14,279.0,0
2017-05-20 09:11:00,3,32,26.5,51,19.0,1013.4,2.0,2.7,0,279.0,0
2017-05-20 09:14:00,3,31,26.4,50,19.1,1013.4,1.0,1.4,14,279.0,0
2017-05-20 09:17:00,3,31,26.4,50,18.8,1013.5,1.4,2.0,12,279.0,0
2017-05-20 09:20:00,3,31,26.4,51,18.6,1013.6,1.0,1.4,9,279.0,0
2017-05-20 09:23:00,3,31,26.4,52,18.7,1013.5,1.4,2.4,12,279.0,0
2017-05-20 09:26:00,3,31,26.4,51,18.5,1013.7,2.0,2.7,12,279.0,0
2017-05-20 09:29:00,3,31,26.4,50,18.5,1013.6,3.4,4.8,0,279.0,0
2017-05-20 09:32:00,3,31,26.4,51,18.7,1013.5,1.7,3.1,10,279.0,0
2017-05-20 09:35:00,3,32,25.6,51,18.5,1013.7,1.0,1.7,14,279.0,0
2017-05-20 09:38:00,3,32,25.6,50,18.7,1013.6,2.0,2.4,14,279.0,0
2017-05-20 09:41:00,3,33,25.6,50,19.0,1013.7,1.0,1.4,14,279.0,0
2017-05-20 09:44:00,3,33,25.6,50,19.2,1013.7,1.0,2.4,12,279.0,0
2017-05-20 09:47:00,3,33,25.6,50,18.8,1013.8,1.4,1.7,12,279.0,0
2017-05-20 09:50:00,3,33,25.6,50,18.9,1013.8,1.7,2.7,10,279.0,0
2017-05-20 09:53:00,3,33,25.6,50,18.8,1013.9,2.0,2.7,12,279.0,0
2017-05-20 09:56:00,3,33,25.6,50,18.9,1013.9,2.0,2.4,10,279.0,0
2017-05-20 09:59:00,3,33,25.6,51,19.3,1013.9,1.7,3.7,14,279.0,0
2017-05-20 10:02:00,3,33,25.6,51,19.4,1014.0,2.0,3.7,10,279.0,0
2017-05-20 10:05:00,3,33,25.6,51,19.4,1014.0,2.0,3.7,10,279.0,0
2017-05-20 10:08:00,3,33,25.6,48,19.7,1014.1,1.7,2.4,10,279.0,0
2017-05-20 10:11:00,3,33,25.6,50,19.3,1014.0,1.7,2.4,14,279.0,0
2017-05-20 10:14:00,3,33,25.6,50,19.6,1014.0,1.4,2.0,10,279.0,0
2017-05-20 10:17:00,3,33,25.6,49,19.8,1014.0,1.7,2.4,9,279.0,0
2017-05-20 10:20:00,3,33,25.6,48,19.5,1014.0,1.7,2.4,12,279.0,0
2017-05-20 10:23:00,3,33,25.6,49,19.6,1014.1,2.0,3.1,8,279.0,0
2017-05-20 10:26:00,3,33,25.6,47,19.6,1014.1,2.4,3.4,12,279.0,0
2017-05-20 10:29:00,3,33,25.6,48,19.6,1014.2,3.7,5.1,12,279.0,0
2017-05-20 10:32:00,3,33,25.6,48,19.3,1014.2,2.0,3.1,8,279.0,0
2017-05-20 10:35:00,3,33,25.6,50,19.1,1014.0,1.4,2.4,12,279.0,0
2017-05-20 10:38:00,3,33,25.6,50,19.2,1014.0,0.7,1.0,12,279.0,0
2017-05-20 10:41:00,3,33,25.6,49,19.6,1014.1,2.7,3.4,12,279.0,0
2017-05-20 10:44:00,3,33,25.6,48,19.7,1014.0,1.7,2.7,8,279.0,0
2017-05-20 10:47:00,3,33,25.6,47,19.6,1014.0,2.4,3.4,13,279.0,0
2017-05-20 10:50:00,3,33,25.5,48,19.3,1014.1,0.7,1.0,12,279.0,0
2017-05-20 10:53:00,3,33,25.5,49,19.2,1014.2,2.4,4.1,0,279.0,0
2017-05-20 10:56:00,3,33,25.5,49,19.0,1014.1,0.7,1.4,12,279.0,0
2017-05-20 10:59:00,3,33,25.5,50,19.0,1014.3,1.0,2.0,14,279.0,0
2017-05-20 11:02:00,3,33,25.5,50,19.4,1014.2,2.0,2.7,13,279.0,0
2017-05-20 11:05:00,3,33,25.5,47,19.9,1014.1,1.4,1.7,12,279.0,0
2017-05-20 11:08:00,3,33,25.5,46,19.8,1014.1,1.4,2.4,12,279.0,0
2017-05-20 11:11:00,3,33,25.5,47,19.5,1014.1,1.7,2.4,14,279.0,0
2017-05-20 11:14:00,3,33,25.5,50,19.2,1014.3,1.4,2.4,10,279.0,0
2017-05-20 11:17:00,3,33,25.4,50,19.3,1014.3,1.0,1.4,12,279.0,0
2017-05-20 11:20:00,3,33,25.5,50,19.2,1014.3,2.4,3.7,12,279.0,0
2017-05-20 11:23:00,3,33,25.4,50,19.5,1014.4,2.4,3.7,14,279.0,0
2017-05-20 11:26:00,3,33,25.4,50,20.0,1014.3,1.4,2.0,14,279.0,0
2017-05-20 11:29:00,3,33,25.4,49,20.0,1014.5,1.7,2.7,12,279.0,0
2017-05-20 11:32:00,3,33,25.4,48,19.6,1014.3,1.4,1.7,8,279.0,0
2017-05-20 11:35:00,3,33,25.4,51,19.4,1014.5,1.7,2.0,10,279.0,0
2017-05-20 11:38:00,3,33,25.4,49,19.8,1014.4,2.7,3.7,12,279.0,0
2017-05-20 11:41:00,3,33,25.4,47,19.9,1014.5,2.4,3.1,14,279.0,0
2017-05-20 11:44:00,3,33,25.3,46,19.7,1014.4,1.0,1.7,12,279.0,0
2017-05-20 11:47:00,3,33,25.3,47,19.4,1014.6,1.0,2.0,14,279.0,0
2017-05-20 11:50:00,3,33,25.3,49,19.0,1014.5,1.4,2.7,12,279.0,0
2017-05-20 11:53:00,3,33,25.4,50,18.8,1014.6,2.0,2.7,10,279.0,0
2017-05-20 11:56:00,3,33,25.3,50,18.8,1014.5,0.7,1.4,12,279.0,0
2017-05-20 11:59:00,3,33,25.3,50,18.8,1014.6,2.4,3.4,14,279.0,0
2017-05-20 12:02:00,3,33,25.3,50,18.7,1014.6,0.7,1.4,0,279.0,0
2017-05-20 12:05:00,3,33,25.3,50,18.7,1014.7,0.7,1.4,0,279.0,0
2017-05-20 12:08:00,3,33,25.3,50,19.0,1014.7,1.7,2.7,0,279.0,0
2017-05-20 12:11:00,3,33,25.3,50,19.0,1014.7,1.4,1.7,14,279.0,0
2017-05-20 12:14:00,3,34,25.3,50,19.1,1014.6,1.0,1.4,12,279.0,0
2017-05-20 12:17:00,3,34,25.3,49,19.1,1014.7,1.0,1.7,14,279.0,0
2017-05-20 12:20:00,3,34,25.3,49,19.0,1014.8,1.0,1.4,14,279.0,0
2017-05-20 12:23:00,3,34,25.4,49,18.9,1014.8,1.4,1.7,10,279.0,0
2017-05-20 12:26:00,3,34,25.4,48,18.8,1014.7,1.4,2.0,13,279.0,0
2017-05-20 12:29:00,3,34,25.5,50,18.4,1014.9,2.7,3.7,10,279.0,0
2017-05-20 12:32:00,3,34,25.5,50,18.2,1014.9,2.4,3.1,14,279.0,0
2017-05-20 12:35:00,3,34,25.5,51,18.1,1014.9,2.7,3.7,15,279.0,0
2017-05-20 12:38:00,3,34,25.5,51,18.1,1014.9,1.4,1.7,14,279.0,0
2017-05-20 12:41:00,3,34,25.5,51,18.4,1014.9,0.7,1.0,14,279.0,0
2017-05-20 12:44:00,3,34,25.5,51,18.7,1014.8,1.0,1.7,13,279.0,0
2017-05-20 12:47:00,3,34,25.5,50,18.6,1014.9,3.1,3.7,12,279.0,0
2017-05-20 12:50:00,3,34,25.5,50,18.4,1014.9,1.0,1.7,14,279.0,0
2017-05-20 12:53:00,3,34,25.6,51,18.4,1014.9,0.7,1.4,14,279.0,0
2017-05-20 12:56:00,3,35,25.6,51,18.3,1015.0,1.4,2.0,0,279.0,0
2017-05-20 12:59:00,3,35,25.6,51,18.4,1015.0,1.0,1.4,10,279.0,0
2017-05-20 13:02:00,3,35,25.6,51,18.5,1014.9,0.7,1.0,0,279.0,0
2017-05-20 13:05:00,3,35,25.6,51,18.5,1015.0,1.4,2.0,14,279.0,0
2017-05-20 13:08:00,3,35,25.6,51,18.5,1015.0,1.4,2.4,14,279.0,0
2017-05-20 13:11:00,3,35,25.6,51,18.9,1015.0,1.0,1.7,14,279.0,0
2017-05-20 13:14:00,3,35,25.6,51,19.4,1015.1,1.0,1.7,14,279.0,0
2017-05-20 13:17:00,3,35,25.6,50,19.8,1015.0,1.7,2.0,12,279.0,0
2017-05-20 13:20:00,3,35,25.6,47,19.9,1014.9,0.7,1.4,2,279.0,0
2017-05-20 13:23:00,3,35,25.6,47,20.0,1015.0,0.3,0.7,12,279.0,0
2017-05-20 13:26:00,3,35,25.6,46,20.2,1015.0,1.7,2.0,12,279.0,0
2017-05-20 13:29:00,3,35,25.6,45,20.5,1015.1,1.7,3.1,14,279.0,0
2017-05-20 13:32:00,3,35,25.6,45,20.3,1015.1,1.4,1.7,0,279.0,0
2017-05-20 13:35:00,3,35,25.6,46,19.8,1015.1,0.7,1.0,14,279.0,0
2017-05-20 13:38:00,3,35,25.6,48,19.5,1015.1,0.7,1.0,14,279.0,0
2017-05-20 13:41:00,3,35,25.6,48,19.2,1015.1,1.4,2.0,14,279.0,0
2017-05-20 13:44:00,3,35,25.6,50,19.0,1015.3,1.0,1.7,15,279.0,0
2017-05-20 13:47:00,3,35,25.6,50,18.9,1015.1,1.4,2.0,12,279.0,0
2017-05-20 13:50:00,3,35,25.6,50,18.9,1015.3,0.7,1.0,14,279.0,0
2017-05-20 13:53:00,3,35,25.6,50,19.1,1015.3,0.7,1.0,14,279.0,0
2017-05-20 13:56:00,3,35,25.6,50,19.8,1015.3,1.4,2.4,12,279.0,0
2017-05-20 13:59:00,3,35,25.6,46,20.4,1015.2,1.4,1.7,12,279.0,0
2017-05-20 14:02:00,3,35,25.6,46,20.4,1015.3,0.7,1.0,12,279.0,0
2017-05-20 14:05:00,3,35,25.6,46,20.4,1015.3,0.7,1.0,12,279.0,0
2017-05-20 14:08:00,3,35,25.6,44,20.7,1015.3,1.7,3.7,14,279.0,0
2017-05-20 14:11:00,3,35,25.6,43,20.4,1015.3,1.7,2.4,14,279.0,0
2017-05-20 14:14:00,3,35,25.6,46,20.3,1015.4,1.0,2.0,12,279.0,0
2017-05-20 14:17:00,3,35,25.6,44,20.5,1015.4,1.0,1.7,10,279.0,0
2017-05-20 14:20:00,3,35,25.6,44,20.5,1015.5,2.0,2.7,12,279.0,0
2017-05-20 14:23:00,3,35,25.6,43,20.4,1015.4,1.4,2.0,13,279.0,0
2017-05-20 14:26:00,3,35,25.6,44,20.5,1015.4,2.0,3.1,10,279.0,0
2017-05-20 14:29:00,3,35,25.6,45,20.5,1015.3,1.7,2.4,10,279.0,0
2017-05-20 14:32:00,3,35,25.6,46,20.5,1015.4,0.7,1.0,0,279.0,0
2017-05-20 14:35:00,3,35,25.6,45,20.5,1015.5,1.0,2.0,14,279.0,0
2017-05-20 14:38:00,3,35,25.6,45,20.3,1015.5,0.7,1.0,14,279.0,0
2017-05-20 14:41:00,3,35,25.6,45,19.9,1015.4,2.0,3.1,14,279.0,0
2017-05-20 14:44:00,3,35,25.6,46,19.7,1015.6,0.7,1.0,12,279.0,0
2017-05-20 14:47:00,3,35,25.6,46,20.0,1015.5,1.7,2.4,0,279.0,0
2017-05-20 14:50:00,3,35,25.6,46,20.2,1015.5,1.7,2.7,12,279.0,0
2017-05-20 14:53:00,3,35,25.6,46,20.4,1015.6,1.0,1.4,0,279.0,0
2017-05-20 14:56:00,3,35,25.6,45,20.6,1015.6,2.4,3.7,15,279.0,0
2017-05-20 14:59:00,3,35,25.6,44,20.6,1015.5,0.7,1.0,14,279.0,0
2017-05-20 15:02:00,3,35,25.6,44,20.7,1015.6,1.4,1.7,0,279.0,0
2017-05-20 15:05:00,3,35,25.6,43,20.5,1015.6,0.7,1.0,14,279.0,0
2017-05-20 15:08:00,3,35,25.6,43,20.8,1015.5,1.7,2.0,12,279.0,0
2017-05-20 15:11:00,3,35,25.6,43,21.3,1015.5,1.0,1.7,14,279.0,0
2017-05-20 15:14:00,3,35,25.6,42,21.7,1015.5,0.7,1.0,0,279.0,0
2017-05-20 15:17:00,3,35,25.6,42,21.2,1015.5,1.4,2.0,0,279.0,0
2017-05-20 15:20:00,3,35,25.6,42,20.7,1015.6,0.7,1.0,14,279.0,0
2017-05-20 15:23:00,3,36,25.6,44,20.4,1015.6,1.7,2.7,14,279.0,0
2017-05-20 15:26:00,3,36,25.6,45,20.3,1015.7,0.7,1.4,0,279.0,0
2017-05-20 15:29:00,3,36,25.6,45,20.1,1015.6,1.0,1.7,0,279.0,0
2017-05-20 15:32:00,3,36,25.6,45,20.0,1015.6,0.7,1.0,0,279.0,0
2017-05-20 15:35:00,3,36,25.6,45,19.9,1015.7,1.4,1.7,0,279.0,0
2017-05-20 15:38:00,3,36,25.6,46,19.7,1015.7,0.7,1.0,12,279.0,0
2017-05-20 15:41:00,3,36,25.6,47,20.0,1015.8,0.3,0.7,14,279.0,0
2017-05-20 15:44:00,3,36,25.6,46,20.4,1015.8,0.3,0.7,14,279.0,0
2017-05-20 15:47:00,3,36,25.6,44,20.7,1015.7,1.0,1.4,14,279.0,0
2017-05-20 15:50:00,3,36,25.6,43,20.7,1015.8,0.7,1.4,10,279.0,0
2017-05-20 15:53:00,3,36,25.6,43,20.5,1015.7,0.7,1.4,12,279.0,0
2017-05-20 15:56:00,3,36,25.6,44,20.2,1015.7,1.4,2.0,12,279.0,0
2017-05-20 15:59:00,3,36,25.6,45,20.2,1015.8,1.0,1.4,12,279.0,0
2017-05-20 16:02:00,3,36,25.6,45,20.3,1015.8,1.4,2.0,12,279.0,0
2017-05-20 16:04:59,3,36,25.6,45,20.3,1015.8,1.4,2.0,12,279.0,0
2017-05-20 16:07:59,3,36,25.6,44,20.6,1015.8,1.0,1.7,12,279.0,0
2017-05-20 16:10:59,3,36,25.6,44,20.8,1015.8,1.4,2.7,14,279.0,0
2017-05-20 16:13:59,3,35,25.6,43,21.0,1015.9,0.3,0.7,14,279.0,0
2017-05-20 16:16:59,3,35,25.6,42,21.3,1015.7,2.7,3.7,12,279.0,0
2017-05-20 16:19:59,3,35,25.6,42,21.1,1015.9,2.4,3.7,12,279.0,0
2017-05-20 16:22:59,3,36,25.6,43,20.7,1015.9,0.7,1.4,14,279.0,0
2017-05-20 16:25:59,3,36,25.6,44,20.4,1015.8,2.0,3.7,12,279.0,0
2017-05-20 16:28:59,3,36,25.6,45,20.1,1016.0,1.7,2.7,0,279.0,0
2017-05-20 16:31:59,3,35,25.6,45,19.9,1015.9,1.0,1.7,12,279.0,0
2017-05-20 16:34:59,3,35,25.6,46,19.9,1016.0,0.7,1.0,14,279.0,0
2017-05-20 16:37:59,3,35,25.6,46,20.0,1015.9,1.4,1.7,12,279.0,0
2017-05-20 16:40:59,3,35,25.6,44,19.9,1015.9,1.0,1.4,12,279.0,0
2017-05-20 16:43:59,3,35,25.6,44,20.0,1016.0,0.7,1.0,14,279.0,0
2017-05-20 16:46:59,3,35,25.6,44,20.2,1015.9,0.7,1.7,14,279.0,0
2017-05-20 16:49:59,3,35,25.6,44,20.5,1016.0,1.4,1.7,12,279.0,0
2017-05-20 16:52:59,3,35,25.6,44,20.8,1016.0,1.4,2.4,12,279.0,0
2017-05-20 16:55:59,3,35,25.6,42,20.8,1016.0,1.7,3.1,0,279.0,0
2017-05-20 16:58:59,3,35,25.6,42,20.6,1015.9,0,0.3,10,279.0,0
2017-05-20 17:01:59,3,35,25.6,43,20.3,1016.0,1.7,2.0,12,279.0,0
2017-05-20 17:04:59,3,35,25.6,44,19.8,1016.0,1.0,1.4,12,279.0,0
2017-05-20 17:07:59,3,35,25.6,44,19.7,1016.1,0.7,1.0,14,279.0,0
2017-05-20 17:10:59,3,35,25.6,45,19.8,1016.1,1.4,1.7,12,279.0,0
2017-05-20 17:13:59,3,35,25.6,45,20.2,1016.2,1.7,2.4,0,279.0,0
2017-05-20 17:16:59,3,35,25.6,45,20.4,1016.2,0.7,1.0,10,279.0,0
2017-05-20 17:19:59,3,35,25.6,45,20.5,1016.2,1.0,1.4,14,279.0,0
2017-05-20 17:22:59,3,35,25.6,43,20.3,1016.3,1.0,1.4,14,279.0,0
2017-05-20 17:25:59,3,35,25.6,44,20.2,1016.3,0.7,1.0,14,279.0,0
2017-05-20 17:28:59,3,35,25.6,43,20.0,1016.4,1.4,1.7,14,279.0,0
2017-05-20 17:31:59,3,35,25.6,43,19.8,1016.4,1.0,1.4,14,279.0,0
2017-05-20 17:34:59,3,35,25.6,44,19.6,1016.4,0.7,1.0,14,279.0,0
2017-05-20 17:37:59,3,35,25.6,44,19.4,1016.5,0.7,1.0,2,279.0,0
2017-05-20 17:40:59,3,35,25.6,45,19.2,1016.5,1.0,1.4,14,279.0,0
2017-05-20 17:43:59,3,35,25.6,46,19.0,1016.6,0.7,0.7,14,279.0,0
2017-05-20 17:46:59,3,35,25.6,47,18.9,1016.5,1.0,1.4,12,279.0,0
2017-05-20 17:49:59,3,35,25.6,47,18.8,1016.7,1.4,1.7,14,279.0,0
2017-05-20 17:52:59,3,35,25.6,47,18.8,1016.7,1.4,1.7,12,279.0,0
2017-05-20 17:55:59,3,35,25.6,47,19.0,1016.6,0.3,0.7,12,279.0,0
2017-05-20 17:58:59,3,35,25.6,47,19.2,1016.6,0.3,0.7,14,279.0,0
2017-05-20 18:01:59,3,35,25.6,47,19.3,1016.7,0,0.7,14,279.0,0
2017-05-20 18:04:59,3,35,25.6,47,19.3,1016.7,0,0.7,14,279.0,0
2017-05-20 18:07:59,3,35,25.6,47,19.0,1016.7,0.3,0.7,14,279.0,0
2017-05-20 18:10:59,3,35,25.6,49,18.8,1016.7,0.3,0.7,14,279.0,0
2017-05-20 18:13:59,3,35,25.6,48,18.7,1016.6,0.7,1.0,0,279.0,0
2017-05-20 18:16:59,3,35,25.6,50,18.5,1016.7,0.3,1.0,12,279.0,0
2017-05-20 18:19:59,3,35,25.6,50,18.4,1016.7,1.0,1.4,14,279.0,0
2017-05-20 18:22:59,3,35,25.6,50,18.2,1016.7,0.3,0.7,14,279.0,0
2017-05-20 18:25:59,3,34,25.6,50,18.2,1016.8,0,0.3,14,279.0,0
2017-05-20 18:28:59,3,34,25.6,50,18.1,1016.8,0,0.3,14,279.0,0
2017-05-20 18:31:59,3,34,25.6,50,18.0,1016.9,0,0.3,14,279.0,0
2017-05-20 18:34:59,3,34,25.6,50,17.9,1016.9,0,0.3,14,279.0,0
2017-05-20 18:37:59,3,34,25.6,50,17.7,1016.9,0,0,14,279.0,0
2017-05-20 18:40:59,3,34,25.6,51,17.6,1016.9,0.7,1.0,14,279.0,0
2017-05-20 18:43:59,3,34,25.6,51,17.5,1016.9,0,0.3,14,279.0,0
2017-05-20 18:46:59,3,34,25.6,54,17.4,1017.0,0,0.3,12,279.0,0
2017-05-20 18:49:59,3,34,25.6,55,17.3,1017.1,0,0.3,14,279.0,0
2017-05-20 18:52:59,3,34,25.6,55,17.1,1017.1,0,0,13,279.0,0
2017-05-20 18:55:59,3,34,25.6,55,17.0,1017.0,0,0,13,279.0,0
2017-05-20 18:58:59,3,34,25.6,56,16.9,1017.1,0,0,13,279.0,0
2017-05-20 19:01:59,3,34,25.6,56,16.7,1017.1,0,0,13,279.0,0
2017-05-20 19:04:59,3,34,25.6,57,16.5,1017.1,0,0,13,279.0,0
2017-05-20 19:07:59,3,34,25.6,58,16.3,1017.2,0,0,13,279.0,0
2017-05-20 19:10:59,3,34,25.6,60,16.1,1017.3,0,0,0,279.0,0
2017-05-20 19:13:59,3,34,25.6,60,16.0,1017.3,0,0.3,0,279.0,0
2017-05-20 19:16:59,3,34,25.6,60,15.8,1017.3,0,0,0,279.0,0
2017-05-20 19:19:59,3,34,25.6,61,15.7,1017.3,0,0,0,279.0,0
2017-05-20 19:22:59,3,34,25.6,61,15.5,1017.4,0,0,0,279.0,0
2017-05-20 19:25:59,3,34,25.6,61,15.3,1017.4,0,0,0,279.0,0
2017-05-20 19:28:59,3,34,25.6,62,15.1,1017.5,0,0,0,279.0,0
2017-05-20 19:31:59,3,34,25.5,62,15.0,1017.5,0,0,0,279.0,0
2017-05-20 19:34:59,3,34,25.5,63,14.9,1017.5,0,0,0,279.0,0
2017-05-20 19:37:59,3,34,25.5,63,14.7,1017.6,0,0,0,279.0,0
2017-05-20 19:40:59,3,34,25.5,63,14.6,1017.6,0,0,0,279.0,0
2017-05-20 19:43:59,3,34,25.5,64,14.5,1017.6,0,0,0,279.0,0
2017-05-20 19:46:59,3,34,25.5,64,14.3,1017.7,0,0,0,279.0,0
2017-05-20 19:49:59,3,34,25.5,64,14.2,1017.7,0,0,0,279.0,0
2017-05-20 19:52:59,3,34,25.5,66,14.1,1017.8,0,0,0,279.0,0
2017-05-20 19:55:59,3,34,25.5,66,14.0,1017.7,0,0,0,279.0,0
2017-05-20 19:58:59,3,34,25.5,67,13.9,1017.8,0,0,0,279.0,0
2017-05-20 20:01:59,3,34,25.5,67,13.8,1017.9,0,0,0,279.0,0
2017-05-20 20:04:59,3,34,25.5,67,13.8,1017.9,0,0,0,279.0,0
2017-05-20 20:07:59,3,34,25.5,67,13.6,1017.9,0,0,0,279.0,0
2017-05-20 20:10:59,3,34,25.5,68,13.5,1017.9,0,0,0,279.0,0
2017-05-20 20:13:59,3,34,25.5,69,13.4,1017.9,0,0,0,279.0,0
2017-05-20 20:16:59,3,34,25.5,70,13.3,1017.9,0,0,0,279.0,0
2017-05-20 20:19:59,3,34,25.5,70,13.2,1017.8,0,0,0,279.0,0
2017-05-20 20:22:59,3,34,25.5,70,13.1,1017.9,0,0,0,279.0,0
2017-05-20 20:25:59,3,33,25.5,70,13.0,1017.8,0,0,0,279.0,0
2017-05-20 20:28:59,3,33,25.5,70,12.9,1017.9,0,0,0,279.0,0
2017-05-20 20:31:59,3,33,25.5,70,12.9,1018.0,0,0.3,0,279.0,0
2017-05-20 20:34:59,3,34,25.5,71,12.8,1018.0,0,0,0,279.0,0
2017-05-20 20:37:59,3,34,25.5,71,12.7,1018.0,0,0,0,279.0,0
2017-05-20 20:40:59,3,34,25.5,71,12.6,1018.0,0,0,0,279.0,0
2017-05-20 20:43:59,3,34,25.5,71,12.6,1018.1,0,0.3,0,279.0,0
2017-05-20 20:46:59,3,34,25.5,71,12.5,1018.0,0,0,0,279.0,0
2017-05-20 20:49:59,3,34,25.5,75,12.4,1018.0,0,0,2,279.0,0
2017-05-20 20:52:59,3,34,25.5,75,12.4,1018.1,0,0.3,2,279.0,0
2017-05-20 20:55:59,3,34,25.5,75,12.3,1018.2,0,0,2,279.0,0
2017-05-20 20:58:59,3,34,25.5,75,12.3,1018.1,0,0,2,279.0,0
2017-05-20 21:01:59,3,34,25.5,76,12.2,1018.1,0,0,2,279.0,0
2017-05-20 21:04:59,3,34,25.5,76,12.1,1018.2,0,0,2,279.0,0
2017-05-20 21:07:59,3,34,25.5,76,12.0,1018.1,0,0,2,279.0,0
2017-05-20 21:10:59,3,34,25.5,76,11.9,1018.2,0,0,2,279.0,0
2017-05-20 21:13:59,3,34,25.5,76,11.9,1018.2,0,0,2,279.0,0
2017-05-20 21:16:59,3,34,25.5,76,11.8,1018.2,0,0,2,279.0,0
2017-05-20 21:19:59,3,34,25.5,76,11.7,1018.3,0,0,2,279.0,0
2017-05-20 21:22:59,3,34,25.5,76,11.6,1018.3,0,0,2,279.0,0
2017-05-20 21:25:59,3,34,25.5,76,11.5,1018.3,0,0,2,279.0,0
2017-05-20 21:28:59,3,34,25.4,77,11.5,1018.3,0,0,2,279.0,0
2017-05-20 21:31:59,3,34,25.4,77,11.4,1018.4,0,0,2,279.0,0
2017-05-20 21:34:59,3,34,25.4,77,11.4,1018.4,0,0,2,279.0,0
2017-05-20 21:37:59,3,34,25.4,78,11.3,1018.5,0,0,2,279.0,0
2017-05-20 21:40:59,3,34,25.4,79,11.3,1018.4,0,0,2,279.0,0
2017-05-20 21:43:59,3,34,25.4,80,11.3,1018.6,0,0,2,279.0,0
2017-05-20 21:46:59,3,34,25.4,80,11.3,1018.5,0,0,2,279.0,0
2017-05-20 21:49:59,3,34,25.4,80,11.2,1018.7,0,0,2,279.0,0
2017-05-20 21:52:59,3,34,25.4,80,11.2,1018.7,0,0,2,279.0,0
2017-05-20 21:55:59,3,34,25.4,80,11.2,1018.7,0,0,2,279.0,0
2017-05-20 21:58:59,3,34,25.4,80,11.2,1018.6,0,0,1,279.0,0
