2017-05-19 00:02:00,3,36,26.5,77,14.6,1004.7,0,0,0,279.0,0
2017-05-19 00:05:00,3,36,26.5,77,14.6,1004.7,0,0,0,279.0,0
2017-05-19 00:08:00,3,36,26.5,78,14.6,1004.7,0,0,2,279.0,0
2017-05-19 00:11:00,3,36,26.5,78,14.5,1004.7,0,0,0,279.0,0
2017-05-19 00:14:00,3,36,26.5,78,14.5,1004.6,0,0,0,279.0,0
2017-05-19 00:17:00,3,36,26.5,78,14.5,1004.6,0,0,2,279.0,0
2017-05-19 00:20:00,3,36,26.5,78,14.4,1004.6,0,0,2,279.0,0
2017-05-19 00:23:00,3,36,26.5,78,14.4,1004.5,0,0,0,279.0,0
2017-05-19 00:26:00,3,36,26.5,78,14.4,1004.4,0,0.3,2,279.0,0
2017-05-19 00:29:00,3,36,26.5,78,14.3,1004.4,0.3,0.7,2,279.0,0
2017-05-19 00:32:00,3,36,26.5,78,14.3,1004.4,0.3,0.7,2,279.0,0
2017-05-19 00:35:00,3,36,26.5,78,14.3,1004.4,0.3,0.7,0,279.0,0
2017-05-19 00:38:00,3,36,26.5,78,14.3,1004.4,0.3,0.3,0,279.0,0
2017-05-19 00:41:00,3,36,26.5,78,14.3,1004.3,0.3,0.7,0,279.0,0
2017-05-19 00:44:00,3,36,26.5,78,14.3,1004.4,0,0.3,0,279.0,0
2017-05-19 00:47:00,3,36,26.5,77,14.3,1004.3,0,0,0,279.0,0
2017-05-19 00:50:00,3,37,25.7,77,14.2,1004.4,0,0,0,279.0,0
2017-05-19 00:53:00,3,37,25.6,77,14.2,1004.3,0,0,0,279.0,0
2017-05-19 00:56:00,3,37,25.7,77,14.2,1004.4,0,0,0,279.0,0
2017-05-19 00:59:00,3,37,25.6,77,14.2,1004.4,0,0,0,279.0,0
2017-05-19 01:02:00,3,37,25.7,77,14.1,1004.5,0,0,0,279.0,0
2017-05-19 01:05:00,3,37,25.6,78,14.1,1004.5,0,0,0,279.0,0
2017-05-19 01:08:00,3,37,25.7,78,14.1,1004.6,0,0,0,279.0,0
2017-05-19 01:11:00,3,37,25.7,78,14.1,1004.6,0,0,0,279.0,0
2017-05-19 01:14:00,3,37,25.6,78,14.2,1004.6,0,0,0,279.0,0
2017-05-19 01:17:00,3,37,25.6,78,14.2,1004.6,0,0,0,279.0,0
2017-05-19 01:20:00,3,37,25.6,78,14.2,1004.7,0,0.3,0,279.0,0
2017-05-19 01:23:00,3,37,25.6,78,14.2,1004.7,0,0.3,0,279.0,0
2017-05-19 01:26:00,3,37,25.6,78,14.2,1004.8,0,0,0,279.0,0
2017-05-19 01:29:00,3,37,25.6,78,14.2,1004.8,0,0,0,279.0,0
2017-05-19 01:32:00,3,37,25.6,79,14.2,1004.7,0.3,0.3,2,279.0,0
2017-05-19 01:35:00,3,37,25.6,79,14.1,1004.8,0,0,2,279.0,0
2017-05-19 01:38:00,3,37,25.6,80,14.1,1004.8,0.3,0.7,0,279.0,0
2017-05-19 01:41:00,3,37,25.6,79,14.0,1004.8,0,0,0,279.0,0
2017-05-19 01:44:00,3,37,25.6,79,14.0,1004.8,0,0,0,279.0,0
2017-05-19 01:47:00,3,37,25.6,80,13.9,1004.7,0,0,0,279.0,0
2017-05-19 01:50:00,3,37,25.6,80,13.8,1004.8,0,0,0,279.0,0
2017-05-19 01:53:00,3,37,25.6,79,13.8,1004.8,0,0,0,279.0,0
2017-05-19 01:56:00,3,37,25.6,79,13.7,1004.8,0,0.3,0,279.0,0
2017-05-19 01:59:00,3,37,25.6,80,13.7,1004.8,0.3,0.3,2,279.0,0
2017-05-19 02:02:00,3,37,25.6,80,13.7,1004.7,0.3,0.3,0,279.0,0
2017-05-19 02:05:00,3,37,25.6,80,13.7,1004.7,0.3,0.3,0,279.0,0
2017-05-19 02:08:00,3,37,25.6,80,13.5,1004.7,0,0,2,279.0,0
2017-05-19 02:11:00,3,37,25.6,80,13.5,1004.7,0.3,0.7,2,279.0,0
2017-05-19 02:14:00,3,37,25.6,80,13.4,1004.6,0,0.3,2,279.0,0
2017-05-19 02:17:00,3,37,25.6,80,13.4,1004.7,0.3,0.7,0,279.0,0
2017-05-19 02:20:00,3,36,25.6,81,13.3,1004.6,0.3,0.7,0,279.0,0
2017-05-19 02:23:00,3,36,25.6,81,13.3,1004.5,0,0.3,0,279.0,0
2017-05-19 02:26:00,3,36,25.6,81,13.2,1004.6,0,0,0,279.0,0
2017-05-19 02:29:00,3,36,25.6,81,13.2,1004.5,0,0.3,2,279.0,0
2017-05-19 02:32:00,3,36,25.6,81,13.2,1004.5,0,0.3,2,279.0,0
2017-05-19 02:35:00,3,36,25.6,81,13.2,1004.5,0,0,2,279.0,0
2017-05-19 02:38:00,3,36,25.6,81,13.1,1004.5,0.3,0.7,2,279.0,0
2017-05-19 02:41:00,3,36,25.6,82,13.0,1004.4,0.3,0.7,2,279.0,0
2017-05-19 02:44:00,3,36,25.6,82,13.0,1004.4,0,0,2,279.0,0
2017-05-19 02:47:00,3,36,25.6,82,13.0,1004.5,0,0,0,279.0,0
2017-05-19 02:50:00,3,36,25.6,82,12.9,1004.4,0,0,0,279.0,0
2017-05-19 02:53:00,3,36,25.6,82,12.9,1004.4,0,0,0,279.0,0
2017-05-19 02:56:00,3,36,25.6,82,12.9,1004.4,0,0,0,279.0,0
2017-05-19 02:59:00,3,36,25.6,82,12.9,1004.4,0,0,0,279.0,0
2017-05-19 03:02:00,3,36,25.6,82,12.9,1004.3,0,0,0,279.0,0
2017-05-19 03:05:00,3,36,25.6,82,12.8,1004.3,0,0,0,279.0,0
2017-05-19 03:08:00,3,36,25.6,82,12.9,1004.4,0,0,0,279.0,0
2017-05-19 03:11:00,3,36,25.6,83,12.9,1004.3,0,0,0,279.0,0
2017-05-19 03:14:00,3,36,25.6,83,12.9,1004.3,0,0,2,279.0,0
2017-05-19 03:17:00,3,36,25.6,83,12.9,1004.3,0.3,0.7,2,279.0,0
2017-05-19 03:20:00,3,36,25.6,83,12.9,1004.3,0,0,2,279.0,0
2017-05-19 03:23:00,3,36,25.6,83,12.8,1004.3,0,0,2,279.0,0
2017-05-19 03:26:00,3,36,25.6,83,12.8,1004.4,0,0,2,279.0,0
2017-05-19 03:29:00,3,36,25.6,83,12.8,1004.3,0,0,2,279.0,0
2017-05-19 03:32:00,3,36,25.6,83,12.8,1004.3,0,0,2,279.0,0
2017-05-19 03:35:00,3,36,25.6,83,12.8,1004.3,0,0,2,279.0,0
2017-05-19 03:38:00,3,36,25.6,83,12.9,1004.3,0,0,2,279.0,0
2017-05-19 03:41:00,3,36,25.6,83,12.9,1004.3,0,0,2,279.0,0
2017-05-19 03:44:00,3,36,25.6,83,12.9,1004.3,0,0,2,279.0,0
2017-05-19 03:47:00,3,36,25.6,83,13.0,1004.4,0,0,2,279.0,0
2017-05-19 03:50:00,3,36,25.6,83,13.0,1004.5,0,0,12,279.0,0
2017-05-19 03:53:00,3,36,25.6,83,13.1,1004.4,0,0,2,279.0,0
2017-05-19 03:56:00,3,37,25.5,83,13.2,1004.4,0.3,0.7,2,279.0,0
2017-05-19 03:59:00,3,37,25.5,83,13.3,1004.4,0.3,0.3,2,279.0,0
2017-05-19 04:02:00,3,37,25.5,83,13.3,1004.4,0.3,0.7,2,279.0,0
2017-05-19 04:05:00,3,37,25.5,83,13.3,1004.4,0.3,0.7,2,279.0,0
2017-05-19 04:08:00,3,37,25.5,83,13.5,1004.4,0,0,0,279.0,0
2017-05-19 04:11:00,3,37,25.5,83,13.6,1004.4,0,0,12,279.0,0
2017-05-19 04:14:00,3,37,25.5,83,13.7,1004.5,0,0,2,279.0,0
2017-05-19 04:17:00,3,37,25.5,83,13.8,1004.5,0,0.3,2,279.0,0
2017-05-19 04:20:00,3,37,25.4,83,13.9,1004.5,0,0,2,279.0,0
2017-05-19 04:23:00,3,37,25.4,83,14.0,1004.4,0,0,14,279.0,0
2017-05-19 04:26:00,3,37,25.4,82,14.1,1004.5,0.7,1.0,11,279.0,0
2017-05-19 04:29:00,3,37,25.5,84,14.4,1004.7,0,0,2,279.0,0
2017-05-19 04:32:00,3,37,25.4,84,14.5,1004.6,0,0,2,279.0,0
2017-05-19 04:35:00,3,37,25.4,84,14.7,1004.7,0,0,2,279.0,0
2017-05-19 04:38:00,3,37,25.3,83,15.0,1004.6,0.3,0.7,8,279.0,0
2017-05-19 04:41:00,3,37,25.3,82,15.2,1004.8,0,0.3,10,279.0,0
2017-05-19 04:44:00,3,37,25.3,81,15.3,1004.7,0,0,10,279.0,0
2017-05-19 04:47:00,3,37,25.3,80,15.6,1004.5,0,0,0,279.0,0
2017-05-19 04:50:00,3,37,25.3,77,15.8,1004.6,0,0.7,10,279.0,0
2017-05-19 04:53:00,3,37,25.3,75,16.0,1004.6,0.3,0.7,12,279.0,0
2017-05-19 04:56:00,3,37,25.3,75,16.1,1004.6,0.7,1.0,2,279.0,0
2017-05-19 04:59:00,3,37,25.3,74,16.3,1004.6,0.3,0.7,2,279.0,0
2017-05-19 05:02:00,3,37,25.3,74,16.5,1004.7,0,0,8,279.0,0
2017-05-19 05:05:00,3,38,25.3,72,16.7,1004.5,0.3,1.0,4,279.0,0
2017-05-19 05:08:00,3,39,25.2,72,16.8,1004.5,0.7,1.0,0,279.0,0
2017-05-19 05:11:00,3,39,25.1,72,16.9,1004.5,0.7,0.7,2,279.0,0
2017-05-19 05:14:00,3,39,25.1,71,17.1,1004.5,0,0.3,0,279.0,0
2017-05-19 05:17:00,3,40,25.1,71,17.3,1004.4,0.7,1.0,4,279.0,0
2017-05-19 05:20:00,3,40,25.0,71,17.4,1004.5,0,0,0,279.0,0
2017-05-19 05:23:00,3,40,25.0,68,17.5,1004.5,0,0.7,4,279.0,0
2017-05-19 05:26:00,3,40,25.0,66,17.7,1004.4,0.3,0.7,2,279.0,0
2017-05-19 05:29:00,3,40,25.0,66,17.7,1004.4,0.3,0.7,0,279.0,0
2017-05-19 05:32:00,3,40,25.0,65,17.8,1004.4,0.3,0.7,2,279.0,0
2017-05-19 05:35:00,3,41,24.9,65,18.0,1004.3,0.3,0.7,0,279.0,0
2017-05-19 05:38:00,3,41,24.9,65,18.1,1004.3,0.3,0.7,0,279.0,0
2017-05-19 05:41:00,3,41,24.9,65,18.3,1004.4,0.3,0.7,10,279.0,0
2017-05-19 05:44:00,3,42,24.9,64,18.4,1004.3,0.3,0.7,8,279.0,0
2017-05-19 05:47:00,3,42,24.9,64,18.6,1004.3,0.7,1.0,6,279.0,0
2017-05-19 05:50:00,3,42,24.9,63,18.7,1004.3,0,0.3,4,279.0,0
2017-05-19 05:53:00,3,41,25.0,63,18.9,1004.3,0.3,0.7,8,279.0,0
2017-05-19 05:56:00,3,41,25.0,62,19.0,1004.3,0,0,4,279.0,0
2017-05-19 05:59:00,3,41,25.1,62,19.7,1004.3,0.3,0.7,2,279.0,0
2017-05-19 06:02:00,3,41,25.1,62,19.9,1004.3,0.3,0.7,4,279.0,0
2017-05-19 06:05:00,3,41,25.2,62,19.9,1004.3,0.3,0.7,4,279.0,0
2017-05-19 06:08:00,3,40,25.3,59,22.4,1004.3,0.3,0.7,1,279.0,0
2017-05-19 06:11:00,3,40,25.4,52,22.9,1004.3,0.3,0.7,0,279.0,0
2017-05-19 06:14:00,3,40,25.4,51,23.5,1004.3,0.3,0.7,2,279.0,0
2017-05-19 06:17:00,3,40,25.4,50,23.8,1004.2,0.7,1.0,0,279.0,0
2017-05-19 06:20:00,3,40,25.4,50,23.8,1004.2,0.3,0.3,2,279.0,0
2017-05-19 06:23:00,3,40,25.4,50,24.1,1004.3,0.7,1.0,0,279.0,0
2017-05-19 06:26:00,3,40,25.4,49,24.3,1004.3,0,0.3,0,279.0,0
2017-05-19 06:29:00,3,41,25.4,48,24.9,1004.1,0,0,2,279.0,0
2017-05-19 06:32:00,3,41,25.3,47,25.0,1004.2,1.0,1.4,6,279.0,0
2017-05-19 06:35:00,3,41,25.3,46,25.0,1004.3,0.3,0.7,2,279.0,0
2017-05-19 06:38:00,3,41,25.3,46,25.1,1004.3,0.3,0.7,2,279.0,0
2017-05-19 06:41:00,3,41,25.2,45,25.7,1004.2,0.7,1.4,5,279.0,0
2017-05-19 06:44:00,3,42,25.2,44,25.8,1004.3,1.0,1.7,2,279.0,0
2017-05-19 06:47:00,3,42,25.2,44,25.9,1004.3,1.0,1.4,4,279.0,0
2017-05-19 06:50:00,3,42,25.1,44,25.4,1004.3,0.3,1.0,4,279.0,0
2017-05-19 06:53:00,3,41,25.1,44,25.5,1004.2,0.7,1.0,4,279.0,0
2017-05-19 06:56:00,3,41,25.1,44,25.6,1004.2,1.0,1.4,6,279.0,0
2017-05-19 06:59:00,3,42,25.1,44,25.9,1004.2,0.7,1.0,2,279.0,0
2017-05-19 07:02:00,3,42,25.1,44,26.2,1004.2,0.3,0.7,6,279.0,0
2017-05-19 07:05:00,3,42,25.1,42,26.1,1004.1,1.7,2.0,2,279.0,0
2017-05-19 07:08:00,3,42,25.1,43,25.6,1004.1,1.7,2.4,2,279.0,0
2017-05-19 07:11:00,3,42,25.1,44,25.5,1004.1,1.4,1.7,14,279.0,0
2017-05-19 07:14:00,3,42,25.1,44,25.9,1004.1,0.7,1.0,6,279.0,0
2017-05-19 07:17:00,3,42,25.1,43,26.3,1003.9,0.7,1.0,4,279.0,0
2017-05-19 07:20:00,3,42,25.1,43,26.4,1004.1,0.7,1.0,2,279.0,0
2017-05-19 07:23:00,3,42,25.1,42,26.5,1004.0,0.7,1.0,1,279.0,0
2017-05-19 07:26:00,3,42,25.1,43,26.6,1004.1,0.3,0.7,4,279.0,0
2017-05-19 07:29:00,3,42,25.1,41,26.8,1004.0,1.0,1.7,2,279.0,0
2017-05-19 07:32:00,3,42,25.1,42,26.9,1004.0,0.7,1.0,2,279.0,0
2017-05-19 07:35:00,3,42,25.1,41,26.7,1003.8,0.7,1.0,2,279.0,0
2017-05-19 07:38:00,3,42,25.1,42,26.9,1003.9,1.0,2.0,14,279.0,0
2017-05-19 07:41:00,3,42,25.1,41,27.0,1003.8,1.4,1.7,4,279.0,0
2017-05-19 07:44:00,3,42,25.1,41,26.9,1003.7,1.4,2.4,14,279.0,0
2017-05-19 07:47:00,3,42,25.1,42,27.2,1003.7,0.7,1.4,2,279.0,0
2017-05-19 07:50:00,3,42,25.1,40,27.2,1003.7,1.7,2.0,0,279.0,0
2017-05-19 07:53:00,3,42,25.1,40,27.0,1003.7,1.7,2.7,0,279.0,0
2017-05-19 07:56:00,3,42,25.0,41,26.8,1003.7,0.7,1.0,2,279.0,0
2017-05-19 07:59:00,3,42,25.0,42,27.2,1003.8,0.7,1.0,0,279.0,0
2017-05-19 08:02:00,3,42,25.0,41,27.3,1003.7,1.0,1.4,0,279.0,0
2017-05-19 08:05:00,3,42,25.0,41,27.3,1003.7,1.0,1.4,0,279.0,0
2017-05-19 08:08:00,3,42,25.0,41,27.4,1003.6,1.4,2.0,4,279.0,0
2017-05-19 08:11:00,3,42,25.0,41,27.2,1003.6,1.7,2.4,5,279.0,0
2017-05-19 08:14:00,3,42,25.0,41,26.8,1003.6,1.7,2.7,0,279.0,0
2017-05-19 08:17:00,3,42,25.0,41,26.9,1003.6,0.7,1.0,8,279.0,0
2017-05-19 08:20:00,3,42,25.0,41,27.2,1003.7,1.0,1.7,6,279.0,0
2017-05-19 08:23:00,3,42,25.0,40,27.4,1003.7,1.4,1.7,8,279.0,0
2017-05-19 08:26:00,3,42,25.0,37,27.5,1003.7,0.7,1.4,14,279.0,0
2017-05-19 08:29:00,3,41,25.1,37,27.8,1003.5,0.3,1.0,2,279.0,0
2017-05-19 08:32:00,3,41,25.1,36,27.7,1003.7,0.7,1.0,2,279.0,0
2017-05-19 08:35:00,3,41,25.1,35,27.5,1003.7,1.0,1.4,4,279.0,0
2017-05-19 08:38:00,3,41,25.1,37,27.6,1003.7,0.7,1.4,2,279.0,0
2017-05-19 08:41:00,3,41,25.1,37,27.8,1003.6,0.7,1.4,6,279.0,0
2017-05-19 08:44:00,3,41,25.1,37,28.1,1003.5,0.7,1.0,10,279.0,0
2017-05-19 08:47:00,3,41,25.1,35,28.2,1003.6,1.4,1.7,12,279.0,0
2017-05-19 08:50:00,3,41,25.1,35,28.0,1003.5,1.4,2.0,9,279.0,0
2017-05-19 08:53:00,3,41,25.1,35,28.2,1003.6,2.0,2.7,8,279.0,0
2017-05-19 08:56:00,3,41,25.1,35,28.2,1003.6,0.7,1.0,4,279.0,0
2017-05-19 08:59:00,3,41,25.1,34,28.5,1003.5,1.4,2.0,8,279.0,0
2017-05-19 09:02:00,3,41,25.1,35,28.4,1003.5,0.7,1.4,8,279.0,0
2017-05-19 09:05:00,3,41,25.1,34,28.4,1003.6,2.0,3.1,4,279.0,0
2017-05-19 09:08:00,3,41,25.1,35,28.2,1003.5,0.7,1.4,2,279.0,0
2017-05-19 09:11:00,3,41,25.1,35,28.3,1003.6,1.4,1.7,12,279.0,0
2017-05-19 09:14:00,3,41,25.1,35,28.5,1003.5,0.7,1.0,4,279.0,0
2017-05-19 09:17:00,3,41,25.2,34,28.6,1003.5,2.4,3.1,14,279.0,0
2017-05-19 09:20:00,3,41,25.2,34,28.3,1003.5,2.0,2.7,2,279.0,0
2017-05-19 09:23:00,3,41,25.2,34,28.4,1003.5,1.0,1.4,12,279.0,0
2017-05-19 09:26:00,3,41,25.3,34,28.8,1003.6,2.0,2.7,6,279.0,0
2017-05-19 09:29:00,3,42,25.3,34,28.9,1003.5,0.3,1.0,9,279.0,0
2017-05-19 09:32:00,3,42,25.4,33,29.1,1003.5,1.0,1.7,4,279.0,0
2017-05-19 09:35:00,3,42,25.5,33,28.9,1003.5,3.1,3.7,8,279.0,0
2017-05-19 09:38:00,3,42,25.5,34,28.6,1003.5,0.7,1.0,12,279.0,0
2017-05-19 09:41:00,3,41,25.5,34,28.9,1003.5,1.7,2.0,10,279.0,0
2017-05-19 09:44:00,3,42,25.5,33,28.9,1003.6,1.0,1.7,14,279.0,0
2017-05-19 09:47:00,3,41,25.5,34,29.1,1003.4,0.7,1.0,4,279.0,0
2017-05-19 09:50:00,3,41,25.6,34,29.1,1003.4,1.0,1.7,10,279.0,0
2017-05-19 09:53:00,3,41,25.6,33,29.2,1003.5,1.7,2.7,12,279.0,0
2017-05-19 09:56:00,3,40,26.4,33,29.3,1003.3,3.4,4.1,8,279.0,0
2017-05-19 09:59:00,3,40,26.4,34,29.2,1003.4,1.7,2.4,8,279.0,0
2017-05-19 10:02:00,3,40,26.5,34,29.3,1003.2,1.0,1.7,8,279.0,0
2017-05-19 10:05:00,3,40,26.5,34,29.3,1003.3,1.0,1.7,8,279.0,0
2017-05-19 10:08:00,3,40,26.5,32,29.6,1003.4,2.7,3.1,10,279.0,0
2017-05-19 10:11:00,3,40,26.5,34,29.4,1003.3,3.1,3.7,8,279.0,0
2017-05-19 10:14:00,3,39,26.6,33,29.7,1003.3,2.0,3.1,4,279.0,0
2017-05-19 10:17:00,3,39,26.7,33,29.7,1003.3,0.7,1.0,12,279.0,0
2017-05-19 10:20:00,3,39,26.8,32,29.9,1003.4,1.0,1.4,10,279.0,0
2017-05-19 10:23:00,3,39,26.9,32,29.8,1003.2,2.0,3.1,8,279.0,0
2017-05-19 10:26:00,3,39,26.9,33,29.5,1003.2,2.4,2.7,14,279.0,0
2017-05-19 10:29:00,3,38,27.0,33,29.8,1003.2,1.4,2.0,8,279.0,0
2017-05-19 10:32:00,3,37,27.0,33,30.1,1003.2,1.7,2.4,8,279.0,0
2017-05-19 10:35:00,3,37,27.0,33,30.2,1003.2,1.7,2.0,9,279.0,0
2017-05-19 10:38:00,3,37,27.1,32,30.0,1003.2,1.7,2.4,8,279.0,0
2017-05-19 10:41:00,3,37,27.1,32,29.8,1003.3,2.0,2.7,4,279.0,0
2017-05-19 10:44:00,3,37,27.2,32,29.8,1003.3,0.7,1.0,8,279.0,0
2017-05-19 10:47:00,3,36,27.2,33,30.2,1003.1,1.4,1.7,8,279.0,0
2017-05-19 10:50:00,3,36,27.6,33,30.4,1003.2,0.7,1.0,6,279.0,0
2017-05-19 10:53:00,3,36,27.7,33,30.7,1003.1,0.3,0.7,9,279.0,0
2017-05-19 10:56:00,3,36,27.7,32,31.0,1003.2,1.0,2.0,5,279.0,0
2017-05-19 10:59:00,3,36,27.7,32,31.1,1003.2,1.7,2.4,4,279.0,0
2017-05-19 11:02:00,3,37,27.6,31,30.8,1003.1,1.4,2.0,6,279.0,0
2017-05-19 11:05:00,3,37,27.7,32,30.9,1003.1,2.0,2.7,8,279.0,0
2017-05-19 11:08:00,3,37,27.7,31,30.8,1003.1,2.4,2.7,2,279.0,0
2017-05-19 11:11:00,3,37,27.6,33,30.4,1003.0,1.0,1.4,6,279.0,0
2017-05-19 11:14:00,3,37,27.2,33,30.9,1002.9,1.0,1.4,12,279.0,0
2017-05-19 11:17:00,3,37,27.2,31,30.8,1002.9,1.7,2.0,4,279.0,0
2017-05-19 11:20:00,3,37,27.1,32,30.7,1002.9,0.7,1.0,4,279.0,0
2017-05-19 11:23:00,3,38,27.0,31,30.9,1002.9,2.0,2.7,9,279.0,0
2017-05-19 11:26:00,3,38,27.0,32,31.1,1002.9,1.0,1.4,8,279.0,0
2017-05-19 11:29:00,3,38,27.0,32,31.1,1002.8,1.4,1.7,8,279.0,0
2017-05-19 11:32:00,3,38,27.0,32,31.3,1002.8,0.7,1.0,0,279.0,0
2017-05-19 11:35:00,3,38,27.0,31,31.7,1002.8,1.0,1.4,12,279.0,0
2017-05-19 11:38:00,3,38,27.0,32,31.7,1002.7,1.0,1.4,10,279.0,0
2017-05-19 11:41:00,3,38,27.0,31,32.1,1002.7,1.0,1.7,8,279.0,0
2017-05-19 11:44:00,3,38,27.0,31,32.0,1002.6,1.0,2.0,2,279.0,0
2017-05-19 11:47:00,3,38,27.0,31,31.7,1002.7,1.4,2.0,6,279.0,0
2017-05-19 11:50:00,3,38,27.0,30,31.8,1002.7,2.4,3.7,2,279.0,0
2017-05-19 11:53:00,3,38,27.0,31,31.4,1002.8,1.0,1.7,6,279.0,0
2017-05-19 11:56:00,3,39,26.9,30,31.5,1002.7,2.0,2.4,10,279.0,0
2017-05-19 11:59:00,3,39,26.9,30,31.6,1002.7,0.3,0.7,0,279.0,0
2017-05-19 12:02:00,3,39,26.8,30,31.6,1002.6,0.3,0.7,0,279.0,0
2017-05-19 12:05:00,3,39,26.8,30,31.6,1002.6,0.3,0.7,0,279.0,0
2017-05-19 12:08:00,3,39,26.8,31,31.2,1002.6,2.7,3.4,10,279.0,0
2017-05-19 12:11:00,3,39,26.9,31,30.8,1002.6,0.7,1.0,10,279.0,0
2017-05-19 12:14:00,3,39,26.8,32,30.9,1002.5,1.4,2.0,4,279.0,0
2017-05-19 12:17:00,3,39,26.9,32,31.0,1002.5,0.7,1.0,2,279.0,0
2017-05-19 12:20:00,3,39,26.9,31,31.2,1002.5,1.4,2.4,8,279.0,0
2017-05-19 12:23:00,3,39,26.9,31,31.1,1002.5,1.0,1.4,4,279.0,0
2017-05-19 12:26:00,3,39,26.9,31,31.0,1002.5,2.4,2.7,8,279.0,0
2017-05-19 12:29:00,3,39,26.9,31,30.8,1002.6,1.0,1.7,4,279.0,0
2017-05-19 12:32:00,3,39,26.9,31,30.7,1002.6,1.4,1.7,14,279.0,0
2017-05-19 12:35:00,3,39,26.9,31,30.9,1002.6,1.7,2.0,4,279.0,0
2017-05-19 12:38:00,3,39,26.9,30,30.9,1002.6,1.4,2.0,8,279.0,0
2017-05-19 12:41:00,3,39,26.9,30,31.1,1002.5,1.0,1.4,6,279.0,0
2017-05-19 12:44:00,3,38,27.0,30,31.2,1002.6,1.0,1.4,8,279.0,0
2017-05-19 12:47:00,3,38,27.0,31,31.2,1002.4,1.4,1.7,12,279.0,0
2017-05-19 12:50:00,3,38,27.1,31,31.3,1002.5,0.3,0.7,0,279.0,0
2017-05-19 12:53:00,3,38,27.2,30,31.0,1002.5,0.3,0.7,4,279.0,0
2017-05-19 12:56:00,3,38,27.2,31,30.7,1002.5,0.7,1.0,9,279.0,0
2017-05-19 12:59:00,3,38,27.2,30,30.9,1002.5,0.7,2.0,8,279.0,0
2017-05-19 13:02:00,3,38,27.2,30,30.9,1002.4,1.0,1.4,10,279.0,0
2017-05-19 13:05:00,3,38,27.2,30,31.2,1002.4,1.0,1.4,2,279.0,0
2017-05-19 13:08:00,3,38,27.6,30,31.4,1002.5,1.4,2.4,2,279.0,0
2017-05-19 13:11:00,3,38,27.6,29,31.1,1002.5,0.7,1.4,12,279.0,0
2017-05-19 13:14:00,3,38,27.6,28,31.6,1002.4,1.4,1.7,8,279.0,0
2017-05-19 13:17:00,3,37,27.6,28,31.9,1002.4,1.0,1.4,4,279.0,0
2017-05-19 13:20:00,3,37,27.6,29,32.1,1002.3,0.7,1.0,10,279.0,0
2017-05-19 13:23:00,3,37,27.6,28,32.2,1002.2,0.3,0.7,6,279.0,0
2017-05-19 13:26:00,3,37,27.6,27,32.3,1002.4,0.7,1.0,0,279.0,0
2017-05-19 13:29:00,3,37,27.7,26,32.2,1002.2,1.7,2.4,8,279.0,0
2017-05-19 13:32:00,3,37,27.8,27,32.0,1002.2,1.0,1.7,8,279.0,0
2017-05-19 13:35:00,3,37,27.8,26,32.3,1002.2,2.0,2.7,10,279.0,0
2017-05-19 13:38:00,3,36,27.8,25,32.3,1002.2,1.4,1.7,4,279.0,0
2017-05-19 13:41:00,3,36,27.8,26,32.3,1002.3,1.4,2.0,5,279.0,0
2017-05-19 13:44:00,3,36,27.8,22,32.6,1002.3,0.3,1.0,8,279.0,0
2017-05-19 13:47:00,3,36,27.9,22,32.8,1002.3,2.7,3.4,4,279.0,0
2017-05-19 13:50:00,3,36,27.9,24,32.4,1002.2,1.0,1.7,0,279.0,0
2017-05-19 13:53:00,3,36,27.9,24,32.2,1002.2,0.3,1.0,6,279.0,0
2017-05-19 13:56:00,3,36,27.9,24,31.9,1002.2,1.4,2.7,8,279.0,0
2017-05-19 13:59:00,3,36,27.9,24,31.9,1002.2,2.0,2.7,4,279.0,0
2017-05-19 14:02:00,3,35,28.0,23,31.8,1002.1,2.4,3.1,4,279.0,0
2017-05-19 14:05:00,3,35,28.0,23,31.8,1002.2,2.4,3.1,4,279.0,0
2017-05-19 14:08:00,3,35,28.0,23,31.8,1002.1,2.4,3.1,4,279.0,0
2017-05-19 14:11:00,3,35,28.1,23,32.4,1002.1,1.7,2.4,4,279.0,0
2017-05-19 14:14:00,3,35,28.1,22,32.6,1002.1,1.7,2.4,8,279.0,0
2017-05-19 14:17:00,3,35,28.1,21,32.6,1002.0,0.7,1.4,2,279.0,0
2017-05-19 14:20:00,3,35,28.2,23,32.4,1002.1,1.4,1.7,10,279.0,0
2017-05-19 14:23:00,3,35,28.3,21,32.6,1002.0,1.0,1.4,8,279.0,0
2017-05-19 14:26:00,3,35,28.3,21,32.6,1001.9,2.0,2.7,8,279.0,0
2017-05-19 14:29:00,3,34,28.3,23,32.3,1002.0,1.4,1.7,8,279.0,0
2017-05-19 14:32:00,3,34,28.3,24,32.4,1002.0,1.7,2.0,8,279.0,0
2017-05-19 14:35:00,3,34,28.4,23,32.3,1001.9,1.7,3.1,4,279.0,0
2017-05-19 14:38:00,3,34,28.4,24,32.3,1001.9,2.0,2.4,8,279.0,0
2017-05-19 14:41:00,3,34,28.4,21,32.7,1001.9,1.7,2.0,6,279.0,0
2017-05-19 14:44:00,3,34,28.4,21,32.9,1001.8,1.7,2.4,8,279.0,0
2017-05-19 14:47:00,3,34,28.4,21,32.7,1001.8,1.7,2.7,5,279.0,0
2017-05-19 14:50:00,3,34,28.4,22,32.8,1001.8,0.7,1.0,0,279.0,0
2017-05-19 14:53:00,3,34,28.4,22,32.9,1001.8,0,0.7,4,279.0,0
2017-05-19 14:56:00,3,34,28.4,21,33.3,1001.9,1.4,2.0,6,279.0,0
2017-05-19 14:59:00,3,34,28.5,21,32.7,1001.8,1.0,1.4,8,279.0,0
2017-05-19 15:02:00,3,34,28.5,24,32.3,1001.8,1.4,2.0,4,279.0,0
2017-05-19 15:05:00,3,34,28.6,24,32.1,1001.7,1.0,1.4,8,279.0,0
2017-05-19 15:08:00,3,34,28.6,24,32.3,1001.6,1.0,1.4,4,279.0,0
2017-05-19 15:11:00,3,34,28.6,24,32.4,1001.6,1.4,1.7,8,279.0,0
2017-05-19 15:14:00,3,34,28.6,21,32.5,1001.6,1.7,2.0,8,279.0,0
2017-05-19 15:17:00,3,34,28.6,22,32.5,1001.6,0.3,1.0,8,279.0,0
2017-05-19 15:20:00,3,34,28.6,22,32.5,1001.4,1.4,2.0,4,279.0,0
2017-05-19 15:23:00,3,34,28.8,24,32.2,1001.5,1.4,2.4,10,279.0,0
2017-05-19 15:26:00,3,34,28.8,24,32.4,1001.4,1.0,1.7,2,279.0,0
2017-05-19 15:29:00,3,34,28.8,22,32.7,1001.4,0.3,1.0,8,279.0,0
2017-05-19 15:32:00,3,34,28.8,22,33.0,1001.3,1.4,1.7,2,279.0,0
2017-05-19 15:35:00,3,34,28.8,21,33.1,1001.3,1.4,1.7,6,279.0,0
2017-05-19 15:38:00,3,34,28.8,21,32.8,1001.2,1.0,1.4,4,279.0,0
2017-05-19 15:41:00,3,34,28.8,22,32.8,1001.2,1.4,2.4,8,279.0,0
2017-05-19 15:44:00,3,34,28.8,21,32.6,1001.1,1.0,1.7,2,279.0,0
2017-05-19 15:47:00,3,34,28.9,21,32.6,1001.2,1.7,2.7,9,279.0,0
2017-05-19 15:50:00,3,34,28.9,22,32.7,1001.1,0.3,0.7,10,279.0,0
2017-05-19 15:53:00,3,34,28.9,21,32.9,1001.1,1.0,2.0,8,279.0,0
2017-05-19 15:56:00,3,33,29.0,21,32.8,1001.1,1.0,1.4,6,279.0,0
2017-05-19 15:59:00,3,33,29.0,21,32.8,1001.2,1.7,2.0,2,279.0,0
2017-05-19 16:02:00,3,33,29.0,21,32.7,1001.1,1.4,1.7,4,279.0,0
2017-05-19 16:05:00,3,33,29.1,21,32.7,1001.1,1.4,1.7,4,279.0,0
2017-05-19 16:08:00,3,33,29.1,21,32.7,1000.9,1.4,1.7,4,279.0,0
2017-05-19 16:11:00,3,33,29.1,21,32.8,1000.9,1.4,2.0,0,279.0,0
2017-05-19 16:14:00,3,34,29.1,24,32.1,1000.9,0.7,1.0,8,279.0,0
2017-05-19 16:17:00,3,34,29.1,26,31.8,1000.9,1.7,3.4,6,279.0,0
2017-05-19 16:20:00,3,35,29.1,26,31.4,1000.9,1.4,1.7,4,279.0,0
2017-05-19 16:23:00,3,34,29.2,29,30.8,1000.9,1.7,2.7,4,279.0,0
2017-05-19 16:26:00,3,35,29.3,30,30.3,1000.8,1.4,2.0,2,279.0,0
2017-05-19 16:29:00,3,35,29.3,30,30.1,1000.9,0.3,0.7,0,279.0,0
2017-05-19 16:32:00,3,34,29.4,30,30.1,1000.9,1.0,1.4,2,279.0,0
2017-05-19 16:35:00,3,34,29.4,30,29.9,1000.9,2.0,2.7,2,279.0,0
2017-05-19 16:38:00,3,34,29.5,30,30.1,1000.8,1.7,2.7,0,279.0,0
2017-05-19 16:41:00,3,33,29.4,30,30.3,1000.9,0.7,1.4,4,279.0,0
2017-05-19 16:44:00,3,33,29.4,30,30.5,1000.9,0.3,1.0,0,279.0,0
2017-05-19 16:47:00,3,33,29.4,30,30.4,1001.1,0.7,1.4,13,279.0,0
2017-05-19 16:50:00,3,33,29.3,30,30.3,1001.1,1.7,3.1,2,279.0,0
2017-05-19 16:53:00,3,33,29.3,30,29.9,1001.1,0.3,0.7,14,279.0,0
2017-05-19 16:56:00,3,33,29.3,30,29.9,1001.2,0.3,0.7,14,279.0,0
2017-05-19 16:59:00,3,33,29.3,30,30.0,1001.3,1.4,2.4,4,279.0,0
2017-05-19 17:02:00,3,33,29.3,30,29.8,1001.3,1.0,1.7,6,279.0,0
2017-05-19 17:05:00,3,33,29.3,30,29.5,1001.5,0.7,1.0,2,279.0,0
2017-05-19 17:08:00,3,33,29.3,30,29.5,1001.5,2.0,3.1,0,279.0,0
2017-05-19 17:11:00,3,33,29.3,31,29.5,1001.6,1.4,2.0,0,279.0,0
2017-05-19 17:14:00,3,33,29.3,31,29.6,1001.6,0.7,1.0,8,279.0,0
2017-05-19 17:17:00,3,33,29.3,30,29.5,1001.9,0.7,1.0,2,279.0,0
2017-05-19 17:20:00,3,33,29.3,31,29.2,1001.8,0.7,1.0,2,279.0,0
2017-05-19 17:23:00,3,33,29.3,31,29.0,1001.9,0.7,1.0,4,279.0,0
2017-05-19 17:26:00,3,33,29.3,31,28.9,1001.9,1.0,2.0,2,279.0,0
2017-05-19 17:29:00,3,33,29.2,31,28.8,1002.0,0.7,1.0,0,279.0,0
2017-05-19 17:32:00,3,33,29.2,31,28.7,1001.9,1.7,2.7,6,279.0,0
2017-05-19 17:35:00,3,33,29.2,31,28.6,1001.9,1.0,2.0,4,279.0,0
2017-05-19 17:38:00,3,33,29.2,31,28.6,1001.8,0.7,1.0,0,279.0,0
2017-05-19 17:41:00,3,33,29.2,32,28.4,1001.6,1.0,1.4,2,279.0,0
2017-05-19 17:44:00,3,33,29.1,31,28.2,1001.7,1.4,2.0,4,279.0,0
2017-05-19 17:47:00,3,33,29.1,32,28.1,1001.5,0.7,1.0,6,279.0,0
2017-05-19 17:50:00,3,33,29.1,32,27.9,1001.5,0.3,0.7,2,279.0,0
2017-05-19 17:53:00,3,33,29.1,32,27.7,1001.6,1.0,1.7,4,279.0,0
2017-05-19 17:56:00,3,33,29.1,32,27.5,1001.5,0.7,1.0,2,279.0,0
2017-05-19 17:59:00,3,33,29.1,36,27.3,1001.6,0.3,0.7,4,279.0,0
2017-05-19 18:02:00,3,32,29.1,36,27.2,1001.4,0.3,0.7,2,279.0,0
2017-05-19 18:05:00,3,32,29.1,36,27.2,1001.4,0.3,0.7,2,279.0,0
2017-05-19 18:08:00,3,32,29.1,36,26.9,1001.5,0.3,0.7,6,279.0,0
2017-05-19 18:11:00,3,32,29.1,37,26.8,1001.5,0.3,0.7,4,279.0,0
2017-05-19 18:14:00,3,32,29.1,37,26.6,1001.5,0.3,0.7,2,279.0,0
2017-05-19 18:17:00,3,32,29.1,38,26.5,1001.4,0.7,0.7,0,279.0,0
2017-05-19 18:20:00,3,32,29.0,38,26.4,1001.3,0.3,0.7,2,279.0,0
2017-05-19 18:23:00,3,32,29.1,39,26.3,1001.4,0.3,0.7,14,279.0,0
2017-05-19 18:26:00,3,32,29.0,39,26.1,1001.5,0.3,1.0,4,279.0,0
2017-05-19 18:29:00,3,33,28.9,39,26.1,1001.4,0.3,0.7,2,279.0,0
2017-05-19 18:32:00,3,33,28.9,40,26.0,1001.5,0,0.3,2,279.0,0
2017-05-19 18:35:00,3,33,28.9,40,25.8,1001.5,0,0.3,0,279.0,0
2017-05-19 18:38:00,3,33,28.8,40,25.8,1001.5,0,0.3,4,279.0,0
2017-05-19 18:41:00,3,33,28.8,40,25.6,1001.6,0.7,1.0,2,279.0,0
2017-05-19 18:44:00,3,33,28.8,40,25.5,1001.6,0.3,0.7,2,279.0,0
2017-05-19 18:47:00,3,33,28.8,40,25.4,1001.7,0,0.3,2,279.0,0
2017-05-19 18:50:00,3,33,28.8,40,25.3,1001.6,0.3,0.7,0,279.0,0
2017-05-19 18:53:00,3,33,28.8,41,25.2,1001.7,0,0,0,279.0,0
2017-05-19 18:56:00,3,33,28.8,41,25.1,1001.6,0,0.3,0,279.0,0
2017-05-19 18:59:00,3,33,28.6,41,25.0,1001.6,0,0,1,279.0,0
2017-05-19 19:02:00,3,34,28.6,42,24.9,1001.6,0,0,0,279.0,0
2017-05-19 19:05:00,3,34,28.6,42,24.7,1001.6,0,0.7,0,279.0,0
2017-05-19 19:08:00,3,34,28.6,42,24.6,1001.6,0,0,0,279.0,0
2017-05-19 19:11:00,3,34,28.6,43,24.5,1001.6,0,0,0,279.0,0
2017-05-19 19:14:00,3,34,28.6,43,24.3,1001.7,0,0.3,0,279.0,0
2017-05-19 19:17:00,3,34,28.6,43,24.2,1001.8,0,0,0,279.0,0
2017-05-19 19:20:00,3,35,28.5,44,24.1,1001.9,0,0,0,279.0,0
2017-05-19 19:23:00,3,35,28.4,44,24.0,1001.9,0.7,1.0,2,279.0,0
2017-05-19 19:26:00,3,35,28.4,44,24.0,1002.0,1.0,1.4,2,279.0,0
2017-05-19 19:29:00,3,35,28.4,45,24.0,1001.9,1.0,1.7,2,279.0,0
2017-05-19 19:32:00,3,35,28.4,45,24.0,1002.1,0.7,1.0,2,279.0,0
2017-05-19 19:35:00,3,34,28.4,45,24.0,1002.1,0.3,0.7,0,279.0,0
2017-05-19 19:38:00,3,34,28.4,45,24.1,1002.2,1.0,1.4,4,279.0,0
2017-05-19 19:41:00,3,34,28.3,45,24.1,1002.0,1.0,1.4,4,279.0,0
2017-05-19 19:44:00,3,34,28.3,45,24.1,1002.1,0.3,1.0,4,279.0,0
2017-05-19 19:47:00,3,34,28.3,45,24.0,1002.1,1.0,1.4,2,279.0,0
2017-05-19 19:50:00,3,34,28.3,45,24.0,1002.2,0.3,0.7,2,279.0,0
2017-05-19 19:53:00,3,34,28.3,45,24.0,1002.2,0,0,2,279.0,0
2017-05-19 19:56:00,3,34,28.3,45,23.9,1002.2,0,0.3,4,279.0,0
2017-05-19 19:59:00,3,34,28.3,45,23.8,1002.2,0,0.3,2,279.0,0
2017-05-19 20:02:00,3,35,28.2,45,23.8,1002.2,0,0.3,6,279.0,0
2017-05-19 20:05:00,3,35,28.2,45,23.8,1002.1,0,0.3,6,279.0,0
2017-05-19 20:08:00,3,35,28.2,47,23.6,1002.2,0.3,0.3,4,279.0,0
2017-05-19 20:11:00,3,35,28.1,47,23.6,1002.3,0,0,14,279.0,0
2017-05-19 20:14:00,3,35,28.1,47,23.6,1002.2,0,0.3,4,279.0,0
2017-05-19 20:17:00,3,35,28.1,47,23.6,1002.2,0,0,2,279.0,0
2017-05-19 20:20:00,3,35,28.1,47,23.6,1002.2,0,0,2,279.0,0
2017-05-19 20:23:00,3,35,28.1,47,23.6,1002.1,0,0,2,279.0,0
2017-05-19 20:26:00,3,35,28.1,48,23.5,1002.2,0,0,4,279.0,0
2017-05-19 20:29:00,3,36,28.1,48,23.3,1002.2,0,0,4,279.0,0
2017-05-19 20:32:00,3,36,28.1,48,23.3,1002.2,0,0,2,279.0,0
2017-05-19 20:35:00,3,36,28.1,48,23.2,1002.3,0,0.3,0,279.0,0
2017-05-19 20:38:00,3,36,27.9,50,23.2,1002.8,2.0,2.7,12,279.0,0
2017-05-19 20:41:00,3,36,27.9,55,23.2,1003.0,3.1,3.7,9,279.0,0
2017-05-19 20:44:00,3,36,27.9,60,22.9,1003.0,1.0,1.4,8,279.0,0
2017-05-19 20:47:00,3,37,27.9,69,22.3,1003.0,3.7,6.1,12,279.0,0
2017-05-19 20:50:00,3,37,27.9,71,21.8,1002.9,3.7,4.4,12,279.0,0
2017-05-19 20:53:00,3,37,28.0,72,21.4,1003.0,2.4,3.1,10,279.0,0
2017-05-19 20:56:00,3,37,28.0,73,21.2,1003.1,2.7,3.4,10,279.0,0
2017-05-19 20:59:00,3,38,28.0,75,21.0,1003.1,2.4,4.1,12,279.0,0
2017-05-19 21:02:00,3,38,28.1,76,20.8,1003.0,1.7,2.4,13,279.0,0
2017-05-19 21:05:00,3,38,28.1,76,20.7,1003.1,3.1,4.4,10,279.0,0
2017-05-19 21:08:00,3,39,28.0,77,20.5,1003.3,1.4,1.7,12,279.0,0
2017-05-19 21:11:00,3,39,28.0,77,20.4,1003.4,2.7,3.7,12,279.0,0
2017-05-19 21:14:00,3,39,28.0,77,20.3,1003.5,1.7,2.7,12,279.0,0
2017-05-19 21:17:00,3,40,28.1,78,20.2,1003.5,1.7,2.7,14,279.0,0
2017-05-19 21:20:00,3,39,28.0,77,20.1,1003.4,1.4,1.7,12,279.0,0
2017-05-19 21:23:00,3,39,28.0,77,20.0,1003.6,1.4,2.0,14,279.0,0
2017-05-19 21:26:00,3,40,28.1,77,19.8,1003.6,1.4,1.7,10,279.0,0
2017-05-19 21:29:00,3,40,28.1,77,19.7,1003.7,2.7,3.7,12,279.0,0
2017-05-19 21:32:00,3,40,28.0,77,19.6,1003.6,1.7,2.0,14,279.0,0
2017-05-19 21:35:00,3,40,28.0,77,19.4,1003.6,1.0,1.7,11,279.0,0
2017-05-19 21:38:00,3,40,28.0,78,19.2,1003.8,1.4,2.0,10,279.0,0
2017-05-19 21:41:00,3,41,28.0,78,19.1,1003.9,1.4,2.0,10,279.0,0
2017-05-19 21:44:00,3,41,28.0,78,19.0,1003.9,1.7,2.7,12,279.0,0
2017-05-19 21:47:00,3,41,28.0,78,18.9,1003.9,2.0,2.7,10,279.0,0
2017-05-19 21:50:00,3,40,28.0,78,18.7,1004.0,1.7,2.0,12,279.0,0
2017-05-19 21:53:00,3,40,27.9,78,18.6,1004.1,2.0,3.4,12,279.0,0
2017-05-19 21:56:00,3,40,27.9,78,18.5,1004.2,2.4,3.4,14,279.0,0
2017-05-19 21:59:00,3,40,27.9,78,18.4,1004.3,1.0,1.7,10,279.0,0
2017-05-19 22:02:00,3,40,27.9,78,18.4,1004.3,1.0,1.7,10,279.0,0
2017-05-19 22:05:00,3,40,27.9,78,18.4,1004.4,1.0,1.7,10,279.0,0
2017-05-19 22:08:00,3,40,27.8,78,18.1,1004.5,1.0,1.4,12,279.0,0
2017-05-19 22:11:00,3,40,27.8,78,18.0,1004.4,2.0,2.7,12,279.0,0
2017-05-19 22:14:00,3,40,27.8,78,17.9,1004.6,1.4,2.0,10,279.0,0
2017-05-19 22:17:00,3,40,27.8,78,17.9,1004.4,1.0,1.4,12,279.0,0
2017-05-19 22:20:00,3,40,27.8,78,17.8,1004.4,2.4,2.7,12,279.0,0
2017-05-19 22:23:00,3,40,27.8,78,17.7,1004.5,1.7,2.0,10,279.0,0
2017-05-19 22:26:00,3,40,27.8,78,17.6,1004.5,1.0,1.4,8,279.0,0
2017-05-19 22:29:00,3,41,27.8,78,17.5,1004.4,2.0,2.7,10,279.0,0
2017-05-19 22:32:00,3,40,27.8,78,17.5,1004.5,1.0,1.4,10,279.0,0
2017-05-19 22:35:00,3,40,27.8,81,17.4,1004.6,2.0,2.4,10,279.0,0
2017-05-19 22:38:00,3,40,27.8,81,17.4,1004.5,2.0,3.1,12,279.0,0
2017-05-19 22:41:00,3,40,27.7,81,17.3,1004.6,1.4,2.0,12,279.0,0
2017-05-19 22:44:00,3,40,27.7,82,17.3,1004.7,1.4,1.7,10,279.0,0
2017-05-19 22:47:00,3,40,27.7,82,17.3,1004.9,3.1,4.1,12,279.0,0
2017-05-19 22:50:00,3,40,27.7,81,17.2,1005.0,2.4,4.1,12,279.0,0
2017-05-19 22:53:00,3,40,27.7,81,17.1,1005.0,2.0,2.4,10,279.0,0
2017-05-19 22:56:00,3,40,27.7,81,17.1,1005.0,1.7,2.7,12,279.0,0
2017-05-19 22:59:00,3,40,27.7,81,17.0,1005.0,1.7,2.4,12,279.0,0
2017-05-19 23:02:00,3,40,27.7,81,16.8,1005.1,3.1,4.1,12,279.0,0
2017-05-19 23:05:00,3,40,27.7,81,16.7,1005.2,2.7,4.4,10,279.0,0
2017-05-19 23:08:00,3,40,27.7,81,16.7,1005.4,2.0,2.4,14,279.0,0
2017-05-19 23:11:00,3,40,27.7,81,16.7,1005.4,1.4,2.0,10,279.0,0
2017-05-19 23:14:00,3,39,27.6,81,16.7,1005.5,1.4,2.0,10,279.0,0
2017-05-19 23:17:00,3,39,27.6,80,16.8,1005.6,2.4,3.4,10,279.0,0
2017-05-19 23:20:00,3,39,27.7,80,16.8,1005.7,1.4,2.0,10,279.0,0
2017-05-19 23:23:00,3,39,27.6,80,16.8,1005.8,1.4,2.0,12,279.0,0
2017-05-19 23:26:00,3,39,27.6,80,16.8,1005.6,3.4,4.1,10,279.0,0
2017-05-19 23:29:00,3,39,27.6,80,16.8,1005.8,2.0,3.1,12,279.0,0
2017-05-19 23:32:00,3,39,27.6,80,16.7,1005.9,3.1,5.1,14,279.0,0
2017-05-19 23:35:00,3,39,27.6,80,16.6,1005.8,3.7,5.1,11,279.0,0
2017-05-19 23:38:00,3,39,27.6,80,16.5,1005.9,1.7,2.4,10,279.0,0
2017-05-19 23:41:00,3,39,27.6,80,16.5,1006.0,2.4,2.7,10,279.0,0
2017-05-19 23:44:00,3,39,27.6,80,16.5,1006.0,3.1,3.7,10,279.0,0
2017-05-19 23:47:00,3,39,27.6,80,16.5,1006.1,1.7,2.7,12,279.0,0
2017-05-19 23:50:00,3,39,27.6,80,16.4,1006.2,2.7,3.7,12,279.0,0
2017-05-19 23:53:00,3,39,27.6,81,16.4,1006.3,2.7,4.4,10,279.0,0
2017-05-19 23:56:00,3,39,27.6,81,16.4,1006.4,2.4,3.4,9,279.0,0
2017-05-19 23:59:00,3,39,27.2,80,16.4,1006.3,2.7,3.1,10,279.0,0
