2011-04-29 00:02:00,20,43,22.2,66,13.7,1008.1,0.3,1.7,6,1287.0,0
2011-04-29 00:22:00,20,43,22.1,67,13.5,1008.0,0.3,1.0,2,1287.0,0
2011-04-29 00:42:00,20,43,22.1,67,13.5,1008.0,0.7,1.4,0,1287.0,0
2011-04-29 01:02:00,20,43,22.0,66,13.7,1007.9,0.3,1.0,2,1287.0,0
2011-04-29 01:22:00,20,43,21.9,65,13.9,1007.9,0.3,1.0,2,1287.0,0
2011-04-29 01:42:00,20,43,21.9,65,13.9,1008.1,0.3,0.7,2,1287.0,0
2011-04-29 02:02:00,20,43,21.8,65,14.0,1008.1,0.0,0.7,2,1287.0,0
2011-04-29 02:22:00,20,43,21.7,65,13.9,1007.8,0.7,1.7,2,1287.0,0
2011-04-29 02:42:00,20,43,21.7,67,13.5,1007.9,0.3,1.0,2,1287.0,0
2011-04-29 03:02:00,20,43,21.6,68,13.0,1008.0,0.7,1.0,0,1287.0,0
2011-04-29 03:22:00,20,43,21.5,70,12.5,1007.8,0.3,1.0,0,1287.0,0
2011-04-29 03:42:00,20,43,21.5,71,12.1,1007.9,0.7,1.4,0,1287.0,0
2011-04-29 04:02:00,20,43,21.4,72,11.9,1008.0,0.7,1.4,2,1287.0,0
2011-04-29 04:22:00,20,43,21.4,73,11.6,1008.3,0.3,1.0,0,1287.0,0
2011-04-29 04:42:00,20,44,21.4,73,11.6,1008.2,0.0,0.7,0,1287.0,0
2011-04-29 05:02:00,20,43,21.4,73,11.7,1008.3,0.3,1.0,0,1287.0,0
2011-04-29 05:22:00,20,43,21.4,72,12.2,1008.4,1.0,1.7,2,1287.0,0
2011-04-29 05:42:00,20,43,21.4,70,12.9,1008.5,1.0,2.0,2,1287.0,0
2011-04-29 06:02:00,20,44,21.4,65,14.6,1008.4,0.7,1.4,0,1287.0,0
2011-04-29 06:22:00,20,44,21.5,60,15.9,1008.4,1.0,2.4,6,1287.0,0
2011-04-29 06:42:00,20,44,21.5,58,16.6,1008.4,1.7,3.1,2,1287.0,0
2011-04-29 07:02:00,20,44,21.8,56,17.5,1008.7,0.3,1.0,2,1287.0,0
2011-04-29 07:22:00,20,43,22.3,55,17.8,1008.7,0.7,1.7,0,1287.0,0
2011-04-29 07:42:00,20,43,22.9,52,19.0,1008.8,0.7,1.7,0,1287.0,0
2011-04-29 08:02:00,20,42,23.1,52,18.9,1008.8,1.7,3.1,0,1287.0,0
2011-04-29 08:22:00,20,43,23.3,50,20.4,1008.4,1.0,2.0,4,1287.0,0
2011-04-29 08:42:00,20,42,23.3,48,21.1,1008.5,1.7,2.7,2,1287.0,0
2011-04-29 09:02:00,20,42,23.1,49,21.1,1008.6,0.7,1.4,0,1287.0,0
2011-04-29 09:22:00,20,42,22.9,47,21.4,1008.4,1.7,3.4,0,1287.0,0
2011-04-29 09:42:00,20,42,22.7,45,22.8,1008.3,0.3,1.0,2,1287.0,0
2011-04-29 10:02:00,20,42,22.6,44,22.8,1008.0,1.0,1.7,6,1287.0,0
2011-04-29 10:22:00,20,43,22.5,42,23.4,1007.9,2.0,3.7,2,1287.0,0
2011-04-29 10:42:00,20,45,22.4,38,24.7,1007.6,1.7,2.7,0,1287.0,0
2011-04-29 11:02:00,20,45,22.4,35,25.2,1007.7,1.0,2.0,0,1287.0,0
2011-04-29 11:22:00,20,45,22.4,35,25.9,1007.5,1.7,2.7,2,1287.0,0
2011-04-29 11:42:00,20,45,22.4,34,25.4,1007.5,1.7,3.4,0,1287.0,0
2011-04-29 12:02:00,20,45,22.4,36,25.5,1007.2,1.0,2.7,1,1287.0,0
2011-04-29 12:22:00,20,45,22.4,35,26.1,1007.0,0,0.3,0,1287.0,0
2011-04-29 12:42:00,20,45,22.4,34,26.2,1006.9,1.4,2.7,2,1287.0,0
2011-04-29 13:02:00,20,45,22.4,34,26.0,1006.9,2.7,5.1,4,1287.0,0
2011-04-29 13:22:00,20,44,22.5,35,25.9,1006.6,1.0,2.4,0,1287.0,0
2011-04-29 13:42:00,20,43,22.5,35,25.9,1006.5,3.1,5.1,2,1287.0,0
2011-04-29 14:02:00,20,42,22.6,35,26.2,1006.4,1.4,3.4,0,1287.0,0
2011-04-29 14:22:00,20,43,23.0,37,25.2,1006.0,1.7,5.1,0,1287.0,0
2011-04-29 14:42:00,20,42,23.5,38,24.8,1005.8,1.4,3.7,2,1287.0,0
2011-04-29 15:02:00,20,41,24.0,34,23.9,1006.4,2.7,5.8,14,1287.0,0
2011-04-29 15:22:00,20,40,24.1,40,22.0,1005.9,4.1,7.1,0,1287.0,0
2011-04-29 15:42:00,20,41,24.2,61,17.1,1006.8,1.4,2.4,0,1287.0,0
2011-04-29 16:02:00,20,41,24.4,61,17.0,1006.8,1.0,2.0,0,1287.0,0
2011-04-29 16:22:00,20,41,24.6,64,16.9,1006.6,0.7,1.7,0,1287.0,0
2011-04-29 16:42:00,20,40,24.7,66,16.7,1006.5,0,0.7,0,1287.0,0
2011-04-29 17:02:00,20,41,24.7,67,16.4,1006.8,0.3,1.0,0,1287.0,0
2011-04-29 17:22:00,20,41,24.7,60,17.0,1006.6,1.4,2.4,0,1287.0,0
2011-04-29 17:42:00,20,41,24.5,54,17.1,1006.5,1.0,2.4,0,1287.0,0
2011-04-29 18:02:00,20,42,24.2,51,16.6,1007.0,0.7,1.7,0,1287.0,0
2011-04-29 18:22:00,20,42,23.9,50,15.8,1007.1,1.4,3.1,14,1287.0,0
2011-04-29 18:42:00,20,42,23.7,50,15.3,1007.3,1.0,2.7,2,1287.0,0
2011-04-29 19:02:00,20,42,23.5,50,14.8,1007.5,0.3,1.0,2,1287.0,0
2011-04-29 19:22:00,20,42,23.3,50,14.2,1007.4,1.0,2.0,0,1287.0,0
2011-04-29 19:42:00,20,42,23.2,49,13.7,1007.8,1.7,3.1,1,1287.0,0
2011-04-29 20:02:00,20,43,23.1,48,13.3,1007.8,1.0,2.4,0,1287.0,0
2011-04-29 20:22:00,20,43,23.0,49,12.7,1007.9,1.0,4.8,2,1287.0,0
2011-04-29 20:42:00,20,43,22.9,50,12.3,1008.0,1.0,2.0,1,1287.0,0
2011-04-29 21:02:00,20,43,22.8,52,11.8,1008.1,1.0,2.4,0,1287.0,0
2011-04-29 21:22:00,20,43,22.7,54,11.4,1008.0,0.3,1.4,2,1287.0,0
2011-04-29 21:42:00,20,43,22.6,55,11.1,1008.2,0.7,1.4,0,1287.0,0
2011-04-29 22:02:00,20,42,22.5,56,10.9,1008.2,1.0,2.0,4,1287.0,0
2011-04-29 22:22:00,20,42,22.4,57,10.8,1008.3,0.7,1.4,2,1287.0,0
2011-04-29 22:42:00,20,42,22.3,58,10.6,1008.3,0.7,1.4,2,1287.0,0
2011-04-29 23:02:00,20,42,22.2,59,10.4,1008.1,1.4,3.1,0,1287.0,0
2011-04-29 23:22:00,20,42,22.1,60,10.2,1008.0,0.7,1.7,2,1287.0,0
2011-04-29 23:42:00,20,42,22.0,62,9.9,1007.8,1.7,3.1,3,1287.0,0
