2011-04-20 00:18:00,20,42,20.8,54,12.2,1011.4,0.3,0.7,4,1281.0,0
2011-04-20 00:38:00,20,42,20.7,56,11.6,1011.4,0.3,0.7,2,1281.0,0
2011-04-20 00:58:00,20,42,20.7,58,10.9,1011.3,0.3,1.0,4,1281.0,0
2011-04-20 01:18:00,20,42,20.6,57,11.0,1011.1,0.0,1.0,6,1281.0,0
2011-04-20 01:38:00,20,42,20.5,59,10.3,1011.2,0.0,0.0,2,1281.0,0
2011-04-20 01:58:00,20,42,20.4,62,9.4,1011.3,0.0,0.0,8,1281.0,0
2011-04-20 02:18:00,20,42,20.4,62,9.1,1011.2,0.0,0.7,4,1281.0,0
2011-04-20 02:38:00,20,42,20.3,64,8.8,1011.1,0.3,0.7,4,1281.0,0
2011-04-20 02:58:00,20,42,20.3,65,8.2,1011.2,0.3,0.7,4,1281.0,0
2011-04-20 03:18:00,20,42,20.2,67,7.5,1011.1,0.0,0.0,4,1281.0,0
2011-04-20 03:38:00,20,42,20.1,69,7.0,1011.1,0.0,0.3,4,1281.0,0
2011-04-20 03:58:00,20,42,20.1,71,6.4,1011.5,0.0,0.7,4,1281.0,0
2011-04-20 04:18:00,20,42,20.0,72,5.9,1011.2,0.0,0.0,4,1281.0,0
2011-04-20 04:38:00,20,42,20.0,74,6.0,1011.4,0.0,0.0,4,1281.0,0
2011-04-20 04:58:00,20,42,20.0,73,6.2,1011.2,0.0,0.0,4,1281.0,0
2011-04-20 05:18:00,20,42,20.1,70,7.7,1011.3,0.0,0.7,4,1281.0,0
2011-04-20 05:38:00,20,42,20.3,64,9.9,1011.6,0.0,0.7,4,1281.0,0
2011-04-20 05:58:00,20,41,20.5,57,13.2,1011.6,0.0,0.3,6,1281.0,0
2011-04-20 06:18:00,20,41,20.9,48,15.4,1011.7,0.3,1.7,4,1281.0,0
2011-04-20 06:38:00,20,41,21.4,43,16.5,1011.6,0,0.7,10,1281.0,0
2011-04-20 06:58:00,20,40,21.9,38,16.6,1011.5,1.0,1.7,8,1281.0,0
2011-04-20 07:18:00,20,39,22.4,37,17.6,1011.7,0.3,1.7,10,1281.0,0
2011-04-20 07:38:00,20,39,22.8,37,17.7,1011.7,0.3,1.4,8,1281.0,0
2011-04-20 07:58:00,20,38,22.9,36,18.6,1011.6,0,1.0,10,1281.0,0
2011-04-20 08:18:00,20,39,23.1,35,18.8,1011.5,0.3,1.0,10,1281.0,0
2011-04-20 08:38:00,20,37,23.0,34,20.2,1011.5,0,0.7,10,1281.0,0
2011-04-20 08:58:00,20,37,23.0,32,21.6,1011.2,0.3,1.0,4,1281.0,0
2011-04-20 09:18:00,20,37,23.2,33,20.9,1011.2,0.7,2.0,8,1281.0,0
2011-04-20 09:38:00,20,37,23.3,35,20.9,1011.0,0.3,1.4,6,1281.0,0
2011-04-20 09:58:00,20,37,23.1,33,21.3,1010.8,1.0,3.1,4,1281.0,0
2011-04-20 10:18:00,20,37,22.8,34,21.7,1010.7,1.7,3.4,8,1281.0,0
2011-04-20 10:38:00,20,38,22.5,34,22.2,1010.6,0.3,1.0,8,1281.0,0
2011-04-20 10:58:00,20,38,22.2,32,23.2,1010.7,1.0,2.0,8,1281.0,0
2011-04-20 11:18:00,20,38,22.0,34,23.6,1010.4,0.7,1.7,10,1281.0,0
2011-04-20 11:38:00,20,38,21.9,33,24.4,1010.4,0.3,1.7,10,1281.0,0
2011-04-20 11:58:00,20,37,21.8,28,25.7,1010.2,1.4,2.7,10,1281.0,0
2011-04-20 12:18:00,20,37,21.7,30,24.9,1010.1,1.0,2.4,10,1281.0,0
2011-04-20 12:38:00,20,37,21.6,29,24.6,1009.9,0.3,1.4,14,1281.0,0
2011-04-20 12:58:00,20,38,21.6,29,25.3,1009.8,0.7,2.4,4,1281.0,0
2011-04-20 13:18:00,20,38,21.6,29,25.9,1009.7,0,0.7,10,1281.0,0
2011-04-20 13:38:00,20,38,21.6,29,25.5,1009.5,0.3,1.0,10,1281.0,0
2011-04-20 13:58:00,20,37,21.6,29,26.2,1009.4,0.3,1.0,10,1281.0,0
2011-04-20 14:18:00,20,37,21.7,28,26.4,1009.3,0.3,1.0,8,1281.0,0
2011-04-20 14:38:00,20,37,21.8,29,26.7,1009.0,0.7,1.0,10,1281.0,0
2011-04-20 14:58:00,20,37,22.2,27,26.4,1009.1,1.0,1.7,4,1281.0,0
2011-04-20 15:18:00,20,36,22.6,27,26.4,1009.0,0,0.7,10,1281.0,0
2011-04-20 15:38:00,20,35,23.0,27,26.4,1008.8,0,1.0,8,1281.0,0
2011-04-20 15:58:00,20,34,23.4,26,26.2,1008.7,0.3,1.4,10,1281.0,0
2011-04-20 16:18:00,20,33,23.7,25,26.4,1008.9,0,0.3,12,1281.0,0
2011-04-20 16:38:00,20,32,23.9,26,25.6,1008.8,0,0.7,0,1281.0,0
2011-04-20 16:58:00,20,33,24.1,30,23.6,1008.8,0,0.7,0,1281.0,0
2011-04-20 17:18:00,20,33,24.2,35,21.6,1008.8,0.3,1.4,0,1281.0,0
2011-04-20 17:38:00,20,34,24.2,39,20.3,1008.9,0,0,4,1281.0,0
2011-04-20 17:58:00,20,35,24.4,44,18.6,1008.9,0,0,4,1281.0,0
2011-04-20 18:18:00,20,36,24.2,49,17.0,1009.1,0,0,0,1281.0,0
2011-04-20 18:38:00,20,37,23.9,53,15.8,1009.3,0,0.3,14,1281.0,0
2011-04-20 18:58:00,20,37,23.6,56,14.8,1009.3,0,1.0,0,1281.0,0
2011-04-20 19:18:00,20,38,23.4,59,14.0,1009.2,0,0.7,4,1281.0,0
2011-04-20 19:38:00,20,38,23.2,59,13.0,1009.4,0,0,4,1281.0,0
2011-04-20 19:58:00,20,39,23.0,62,12.3,1009.5,0,0,4,1281.0,0
2011-04-20 20:18:00,20,39,22.9,64,11.6,1009.4,0,0.7,4,1281.0,0
2011-04-20 20:38:00,20,39,22.8,66,11.0,1009.4,0,0,4,1281.0,0
2011-04-20 20:58:00,20,39,22.7,68,10.5,1009.6,0,0,8,1281.0,0
2011-04-20 21:18:00,20,39,22.5,68,10.1,1009.6,0,0,8,1281.0,0
2011-04-20 21:38:00,20,39,22.4,69,10.0,1009.8,0,0.3,2,1281.0,0
2011-04-20 21:58:00,20,39,22.3,68,9.4,1009.8,0,0,2,1281.0,0
2011-04-20 22:18:00,20,40,22.2,69,8.9,1009.7,0,0,2,1281.0,0
2011-04-20 22:38:00,20,39,22.1,70,8.6,1009.9,0,0,2,1281.0,0
2011-04-20 22:58:00,20,39,22.0,71,8.4,1009.8,0,0,2,1281.0,0
2011-04-20 23:18:00,20,39,21.9,71,8.0,1009.9,0,0.3,2,1281.0,0
2011-04-20 23:38:00,20,39,21.9,71,7.8,1009.8,0,0,2,1281.0,0
2011-04-20 23:58:00,20,39,21.7,72,7.4,1009.7,0,0,2,1281.0,0
