2016-09-01 00:02:00,3,47,24.0,83,11.9,1013.6,0.0,0.0,0,34.5,0
2016-09-01 00:05:00,3,47,24.0,83,11.9,1013.6,0.0,0.0,0,34.5,0
2016-09-01 00:08:00,3,47,24.0,84,11.8,1013.6,0.0,0.0,0,34.5,0
2016-09-01 00:11:00,3,48,23.8,84,11.8,1013.6,0.0,0.0,0,34.5,0
2016-09-01 00:14:00,3,48,23.8,84,11.8,1013.6,0.0,0.0,0,34.5,0
2016-09-01 00:17:00,3,48,23.9,84,11.7,1013.6,0.0,0.0,0,34.5,0
2016-09-01 00:20:00,3,48,23.8,84,11.7,1013.5,0.0,0.0,0,34.5,0
2016-09-01 00:23:00,3,48,23.8,84,11.7,1013.6,0.0,0.0,0,34.5,0
2016-09-01 00:26:00,3,48,23.8,84,11.6,1013.5,0.0,0.0,0,34.5,0
2016-09-01 00:29:00,3,48,23.8,84,11.6,1013.5,0.0,0.0,0,34.5,0
2016-09-01 00:32:00,3,48,23.8,84,11.6,1013.5,0.0,0.0,0,34.5,0
2016-09-01 00:35:00,3,48,23.8,84,11.6,1013.5,0.0,0.0,0,34.5,0
2016-09-01 00:38:00,3,48,23.8,84,11.6,1013.4,0.0,0.0,0,34.5,0
2016-09-01 00:41:00,3,48,23.8,84,11.5,1013.5,0.0,0.0,0,34.5,0
2016-09-01 00:44:00,3,48,23.8,85,11.5,1013.4,0.0,0.0,0,34.5,0
2016-09-01 00:47:00,3,48,23.7,85,11.5,1013.5,0.0,0.0,0,34.5,0
2016-09-01 00:50:00,3,48,23.7,85,11.4,1013.5,0.0,0.0,0,34.5,0
2016-09-01 00:53:00,3,48,23.7,85,11.4,1013.4,0.0,0.0,0,34.5,0
2016-09-01 00:56:00,3,48,23.7,85,11.4,1013.4,0.0,0.0,0,34.5,0
2016-09-01 00:59:00,3,48,23.7,86,11.4,1013.4,0.0,0.0,0,34.5,0
2016-09-01 01:02:00,3,48,23.6,86,11.4,1013.4,0.0,0.0,0,34.5,0
2016-09-01 01:05:00,3,48,23.6,86,11.3,1013.4,0.0,0.0,0,34.5,0
2016-09-01 01:08:00,3,48,23.6,86,11.3,1013.5,0.0,0.0,0,34.5,0
2016-09-01 01:11:00,3,48,23.6,86,11.3,1013.5,0.0,0.0,0,34.5,0
2016-09-01 01:14:00,3,48,23.6,86,11.3,1013.4,0.0,0.0,0,34.5,0
2016-09-01 01:17:00,3,48,23.6,86,11.3,1013.5,0.0,0.0,0,34.5,0
2016-09-01 01:20:00,3,48,23.6,86,11.2,1013.5,0.0,0.0,0,34.5,0
2016-09-01 01:23:00,3,48,23.6,86,11.2,1013.5,0.0,0.0,0,34.5,0
2016-09-01 01:26:00,3,48,23.5,87,11.1,1013.5,0.0,0.0,0,34.5,0
2016-09-01 01:29:00,3,48,23.5,87,11.1,1013.5,0.0,0.0,0,34.5,0
2016-09-01 01:32:00,3,48,23.5,87,11.1,1013.4,0.0,0.0,0,34.5,0
2016-09-01 01:35:00,3,48,23.5,87,11.0,1013.3,0.0,0.0,0,34.5,0
2016-09-01 01:38:00,3,48,23.5,87,11.0,1013.4,0.0,0.0,0,34.5,0
2016-09-01 01:41:00,3,48,23.5,87,11.0,1013.4,0.0,0.0,0,34.5,0
2016-09-01 01:44:00,3,48,23.4,87,10.9,1013.3,0.0,0.0,0,34.5,0
2016-09-01 01:47:00,3,48,23.4,87,10.9,1013.4,0.0,0.0,0,34.5,0
2016-09-01 01:50:00,3,48,23.4,87,10.8,1013.4,0.0,0.0,0,34.5,0
2016-09-01 01:53:00,3,48,23.4,88,10.8,1013.3,0.0,0.0,0,34.5,0
2016-09-01 01:56:00,3,48,23.4,88,10.8,1013.2,0.0,0.0,0,34.5,0
2016-09-01 01:59:00,3,48,23.4,88,10.7,1013.3,0.0,0.0,0,34.5,0
2016-09-01 02:02:00,3,48,23.4,88,10.7,1013.4,0.0,0.0,0,34.5,0
2016-09-01 02:05:00,3,48,23.4,88,10.7,1013.3,0.0,0.0,0,34.5,0
2016-09-01 02:08:00,3,48,23.4,89,10.6,1013.3,0.0,0.0,0,34.5,0
2016-09-01 02:11:00,3,48,23.4,89,10.6,1013.3,0.0,0.0,0,34.5,0
2016-09-01 02:14:00,3,48,23.4,89,10.5,1013.1,0.0,0.0,0,34.5,0
2016-09-01 02:17:00,3,48,23.4,89,10.5,1013.3,0.0,0.0,0,34.5,0
2016-09-01 02:20:00,3,48,23.4,89,10.5,1013.3,0.0,0.0,0,34.5,0
2016-09-01 02:23:00,3,48,23.3,89,10.4,1013.3,0.0,0.0,0,34.5,0
2016-09-01 02:26:00,3,48,23.3,90,10.4,1013.3,0.0,0.0,0,34.5,0
2016-09-01 02:29:00,3,48,23.3,90,10.4,1013.3,0.0,0.0,0,34.5,0
2016-09-01 02:32:00,3,48,23.3,90,10.4,1013.2,0.0,0.0,0,34.5,0
2016-09-01 02:35:00,3,48,23.3,90,10.3,1013.2,0.0,0.0,0,34.5,0
2016-09-01 02:38:00,3,48,23.3,90,10.3,1013.3,0.0,0.0,0,34.5,0
2016-09-01 02:41:00,3,48,23.3,90,10.3,1013.3,0.0,0.0,0,34.5,0
2016-09-01 02:44:00,3,48,23.2,90,10.3,1013.2,0.0,0.0,0,34.5,0
2016-09-01 02:47:00,3,48,23.2,91,10.3,1013.3,0.0,0.0,2,34.5,0
2016-09-01 02:50:00,3,48,23.2,91,10.3,1013.3,0.0,0.0,2,34.5,0
2016-09-01 02:53:00,3,48,23.2,91,10.3,1013.3,0.0,0.0,2,34.5,0
2016-09-01 02:56:00,3,48,23.1,91,10.3,1013.3,0.0,0.0,2,34.5,0
2016-09-01 02:59:00,3,48,23.1,91,10.3,1013.2,0.0,0.0,2,34.5,0
2016-09-01 03:02:00,3,48,23.1,91,10.2,1013.2,0.0,0.0,2,34.5,0
2016-09-01 03:05:00,3,48,23.1,91,10.2,1013.2,0.0,0.0,2,34.5,0
2016-09-01 03:08:00,3,49,23.1,91,10.2,1013.2,0.0,0.0,2,34.5,0
2016-09-01 03:11:00,3,49,23.1,92,10.2,1013.2,0.0,0.0,2,34.5,0
2016-09-01 03:14:00,3,49,23.1,92,10.2,1013.0,0.0,0.0,2,34.5,0
2016-09-01 03:17:00,3,49,23.1,92,10.2,1013.1,0.0,0.0,2,34.5,0
2016-09-01 03:20:00,3,49,23.0,92,10.2,1013.1,0.0,0.0,2,34.5,0
2016-09-01 03:23:00,3,49,23.1,92,10.1,1013.1,0.0,0.0,2,34.5,0
2016-09-01 03:26:00,3,49,23.0,92,10.1,1013.0,0.0,0.0,2,34.5,0
2016-09-01 03:29:00,3,49,23.0,92,10.1,1013.1,0.0,0.3,2,34.5,0
2016-09-01 03:32:00,3,49,23.0,92,10.1,1013.0,0.0,0.0,2,34.5,0
2016-09-01 03:35:00,3,49,23.0,92,10.0,1013.1,0.0,0.0,2,34.5,0
2016-09-01 03:38:00,3,49,23.0,92,10.0,1013.0,0.0,0.0,2,34.5,0
2016-09-01 03:41:00,3,49,23.0,92,10.0,1013.1,0.0,0.0,2,34.5,0
2016-09-01 03:44:00,3,49,23.0,92,10.0,1012.9,0.0,0.0,2,34.5,0
2016-09-01 03:47:00,3,49,23.0,92,10.0,1012.9,0.0,0.0,2,34.5,0
2016-09-01 03:50:00,3,49,23.0,92,10.0,1013.0,0.0,0.0,2,34.5,0
2016-09-01 03:53:00,3,49,22.9,92,10.0,1013.0,0.0,0.0,2,34.5,0
2016-09-01 03:56:00,3,48,22.8,92,10.0,1013.1,0.0,0.0,2,34.5,0
2016-09-01 03:59:00,3,45,22.7,92,10.0,1013.0,0.0,0.0,2,34.5,0
2016-09-01 04:02:00,3,43,22.5,92,10.0,1013.1,0.0,0.0,2,34.5,0
2016-09-01 04:05:00,3,43,22.3,92,10.0,1012.9,0.0,0.0,2,34.5,0
2016-09-01 04:08:00,3,43,22.2,93,10.0,1012.8,0.3,0.7,2,34.5,0
2016-09-01 04:11:00,3,44,22.0,93,10.0,1012.9,0.0,0.3,2,34.5,0
2016-09-01 04:14:00,3,44,21.8,93,10.0,1013.0,0.0,0.3,2,34.5,0
2016-09-01 04:17:00,3,45,21.7,93,10.0,1012.9,0.0,0.0,2,34.5,0
2016-09-01 04:20:00,3,45,21.5,93,10.0,1012.9,0.0,0.0,2,34.5,0
2016-09-01 04:23:00,3,45,21.4,93,10.0,1012.8,0.0,0.0,2,34.5,0
2016-09-01 04:26:00,3,45,21.3,93,10.0,1012.9,0.0,0.0,2,34.5,0
2016-09-01 04:29:00,3,45,21.2,93,10.0,1012.9,0.0,0.0,2,34.5,0
2016-09-01 04:32:00,3,46,21.1,93,10.0,1013.0,0.0,0.0,2,34.5,0
2016-09-01 04:35:00,3,46,21.0,93,10.0,1013.0,0.0,0.0,2,34.5,0
2016-09-01 04:38:00,3,47,20.8,93,10.0,1013.1,0.0,0.0,2,34.5,0
2016-09-01 04:41:00,3,48,20.8,93,10.0,1013.1,0.0,0.0,2,34.5,0
2016-09-01 04:44:00,3,48,20.7,93,10.1,1013.0,0.0,0.0,2,34.5,0
2016-09-01 04:47:00,3,48,20.6,93,10.1,1013.0,0.0,0.3,2,34.5,0
2016-09-01 04:50:00,3,48,20.5,93,10.2,1013.0,0.0,0.0,2,34.5,0
2016-09-01 04:53:00,3,49,20.5,93,10.2,1013.0,0.0,0.0,2,34.5,0
2016-09-01 04:56:00,3,49,20.4,93,10.3,1012.9,0.0,0.0,2,34.5,0
2016-09-01 04:59:00,3,49,20.3,93,10.3,1013.1,0.0,0.0,2,34.5,0
2016-09-01 05:02:00,3,50,20.3,93,10.4,1013.1,0.0,0.0,2,34.5,0
2016-09-01 05:05:00,3,50,20.3,93,10.5,1013.2,0.0,0.0,2,34.5,0
2016-09-01 05:08:00,3,50,20.2,93,10.6,1013.2,0.0,0.0,2,34.5,0
2016-09-01 05:11:00,3,50,20.2,93,10.7,1013.2,0.0,0.0,2,34.5,0
2016-09-01 05:14:00,3,50,20.1,93,10.8,1013.2,0.0,0.0,2,34.5,0
2016-09-01 05:17:00,3,50,20.1,92,10.9,1013.1,0.0,0.0,2,34.5,0
2016-09-01 05:20:00,3,50,20.1,92,11.0,1013.3,0.0,0.0,2,34.5,0
2016-09-01 05:23:00,3,50,20.0,92,11.1,1013.2,0.0,0.0,2,34.5,0
2016-09-01 05:26:00,3,51,19.9,92,11.2,1013.2,0.0,0.0,2,34.5,0
2016-09-01 05:29:00,3,51,19.9,91,11.2,1013.3,0.0,0.0,2,34.5,0
2016-09-01 05:32:00,3,51,19.8,91,11.3,1013.3,0.0,0.0,2,34.5,0
2016-09-01 05:35:00,3,52,19.8,91,11.4,1013.4,0.0,0.0,2,34.5,0
2016-09-01 05:38:00,3,52,19.8,91,11.6,1013.4,0.0,0.0,2,34.5,0
2016-09-01 05:41:00,3,52,19.8,91,11.8,1013.3,0.0,0.0,2,34.5,0
2016-09-01 05:44:00,3,52,19.8,91,12.1,1013.4,0.0,0.3,12,34.5,0
2016-09-01 05:47:00,3,52,19.7,90,12.4,1013.3,0.0,0.0,12,34.5,0
2016-09-01 05:50:00,3,52,19.7,85,12.7,1013.3,0.0,0.3,12,34.5,0
2016-09-01 05:53:00,3,53,19.8,85,13.1,1013.4,0.0,0.3,12,34.5,0
2016-09-01 05:56:00,3,53,19.8,83,14.0,1013.4,0.0,0.3,12,34.5,0
2016-09-01 05:59:00,3,53,19.8,81,14.9,1013.4,0.0,0.3,12,34.5,0
2016-09-01 06:02:00,3,53,19.8,81,14.9,1013.5,0.0,0.3,12,34.5,0
2016-09-01 06:05:00,3,53,19.8,81,14.9,1013.5,0.0,0.3,12,34.5,0
2016-09-01 06:08:00,3,53,19.8,72,16.9,1013.5,0.0,0.3,14,34.5,0
2016-09-01 06:11:00,3,53,19.8,70,17.3,1013.5,0.3,0.7,12,34.5,0
2016-09-01 06:14:00,3,53,19.7,65,17.7,1013.4,0.0,0.3,8,34.5,0
2016-09-01 06:17:00,3,53,19.8,63,18.1,1013.5,0.3,0.7,12,34.5,0
2016-09-01 06:20:00,3,53,19.7,62,18.7,1013.6,0.3,0.3,12,34.5,0
2016-09-01 06:23:00,3,53,19.7,61,19.2,1013.5,0.3,0.7,12,34.5,0
2016-09-01 06:26:00,3,53,19.7,60,19.3,1013.6,0.3,0.7,12,34.5,0
2016-09-01 06:29:00,3,53,19.7,59,19.2,1013.7,0.3,0.7,12,34.5,0
2016-09-01 06:32:00,3,53,19.7,60,19.5,1013.6,0.0,0.7,12,34.5,0
2016-09-01 06:35:00,3,53,19.7,59,20.1,1013.7,0.0,0.3,10,34.5,0
2016-09-01 06:38:00,3,53,19.8,58,20.7,1013.7,0.3,0.7,6,34.5,0
2016-09-01 06:41:00,3,53,19.7,55,20.9,1013.7,0.7,1.0,8,34.5,0
2016-09-01 06:44:00,3,54,19.8,54,20.9,1013.7,0.3,0.3,14,34.5,0
2016-09-01 06:47:00,3,54,19.8,54,21.2,1013.8,0.7,1.0,12,34.5,0
2016-09-01 06:50:00,3,54,19.8,53,21.3,1013.8,0.3,0.7,10,34.5,0
2016-09-01 06:53:00,3,54,19.8,53,21.6,1013.8,0.0,0.3,10,34.5,0
2016-09-01 06:56:00,3,54,19.8,53,21.9,1013.8,0.0,0.3,0,34.5,0
2016-09-01 06:59:00,3,53,19.8,51,22.0,1013.8,0.7,1.0,12,34.5,0
2016-09-01 07:02:00,3,53,19.8,51,21.7,1013.9,0.3,0.7,12,34.5,0
2016-09-01 07:05:00,3,52,20.0,52,21.7,1013.9,0.3,0.7,12,34.5,0
2016-09-01 07:08:00,3,52,20.0,53,21.8,1013.9,0.3,0.3,12,34.5,0
2016-09-01 07:11:00,3,52,20.0,52,22.3,1014.0,0.7,1.0,12,34.5,0
2016-09-01 07:14:00,3,52,20.0,51,22.4,1014.0,0.0,0.3,12,34.5,0
2016-09-01 07:17:00,3,52,20.0,49,22.6,1013.9,0.0,0.3,12,34.5,0
2016-09-01 07:20:00,3,52,20.0,47,23.0,1014.0,0.3,1.0,13,34.5,0
2016-09-01 07:23:00,3,52,20.1,46,22.8,1013.9,0.7,1.0,12,34.5,0
2016-09-01 07:26:00,3,52,20.1,47,22.7,1014.0,0.7,1.0,12,34.5,0
2016-09-01 07:29:00,3,52,20.1,46,22.5,1014.1,1.0,1.4,12,34.5,0
2016-09-01 07:32:00,3,52,20.1,51,22.3,1014.1,1.0,1.4,12,34.5,0
2016-09-01 07:35:00,3,52,20.1,52,22.4,1014.3,0.3,0.7,14,34.5,0
2016-09-01 07:38:00,3,52,20.2,47,22.5,1014.2,1.4,2.0,12,34.5,0
2016-09-01 07:41:00,3,52,20.2,50,22.3,1014.2,0.7,1.4,12,34.5,0
2016-09-01 07:44:00,3,52,20.2,50,22.2,1014.2,0.3,0.7,12,34.5,0
2016-09-01 07:47:00,3,52,20.2,51,22.4,1014.1,0.3,0.7,12,34.5,0
2016-09-01 07:50:00,3,52,20.3,47,22.6,1014.2,0.7,1.4,12,34.5,0
2016-09-01 07:53:00,3,52,20.3,47,22.7,1014.2,1.0,1.7,12,34.5,0
2016-09-01 07:56:00,3,52,20.3,46,22.8,1014.2,1.0,1.7,14,34.5,0
2016-09-01 07:59:00,3,52,20.3,45,22.9,1014.2,1.4,2.0,12,34.5,0
2016-09-01 08:02:00,3,52,20.3,45,22.9,1014.2,1.7,2.4,14,34.5,0
2016-09-01 08:05:00,3,52,20.3,45,22.9,1014.2,1.7,2.4,14,34.5,0
2016-09-01 08:08:00,3,52,20.4,46,23.4,1014.3,0.3,0.7,15,34.5,0
2016-09-01 08:11:00,3,52,20.4,44,23.5,1014.3,1.4,1.7,14,34.5,0
2016-09-01 08:14:00,3,52,20.4,44,23.9,1014.3,0.7,1.0,0,34.5,0
2016-09-01 08:17:00,3,52,20.4,44,24.0,1014.3,0.7,1.0,0,34.5,0
2016-09-01 08:20:00,3,52,20.5,44,24.3,1014.4,1.0,1.4,14,34.5,0
2016-09-01 08:23:00,3,52,20.5,43,24.2,1014.3,1.7,2.0,14,34.5,0
2016-09-01 08:26:00,3,52,20.5,44,24.3,1014.2,1.0,1.4,14,34.5,0
2016-09-01 08:29:00,3,52,20.5,44,24.4,1014.3,1.0,1.4,2,34.5,0
2016-09-01 08:32:00,3,52,20.5,44,24.7,1014.3,0.7,1.4,0,34.5,0
2016-09-01 08:35:00,3,53,20.5,42,24.8,1014.4,1.0,1.4,14,34.5,0
2016-09-01 08:38:00,3,53,20.6,42,24.7,1014.4,1.7,2.0,12,34.5,0
2016-09-01 08:41:00,3,53,20.6,43,24.7,1014.5,1.0,2.0,12,34.5,0
2016-09-01 08:44:00,3,53,20.7,42,24.9,1014.5,0.3,0.7,0,34.5,0
2016-09-01 08:47:00,3,53,20.8,42,25.1,1014.4,0.7,1.4,0,34.5,0
2016-09-01 08:50:00,3,52,21.0,42,25.4,1014.4,0.7,1.0,0,34.5,0
2016-09-01 08:53:00,3,52,21.2,42,25.7,1014.5,0.7,1.0,14,34.5,0
2016-09-01 08:56:00,3,52,21.3,41,25.9,1014.5,1.7,2.4,12,34.5,0
2016-09-01 08:59:00,3,52,21.5,40,25.8,1014.5,0.7,1.4,12,34.5,0
2016-09-01 09:02:00,3,52,21.7,40,25.7,1014.5,0.7,1.0,4,34.5,0
2016-09-01 09:05:00,3,51,21.8,41,25.8,1014.5,0.3,0.7,10,34.5,0
2016-09-01 09:08:00,3,51,21.9,40,26.1,1014.5,1.0,1.7,12,34.5,0
2016-09-01 09:11:00,3,49,22.1,40,26.0,1014.6,1.0,1.7,10,34.5,0
2016-09-01 09:13:59,3,49,22.3,40,25.9,1014.7,0.7,1.0,14,34.5,0
2016-09-01 09:16:59,3,49,22.3,41,25.8,1014.7,1.0,1.4,10,34.5,0
2016-09-01 09:19:59,3,49,22.5,41,26.0,1014.6,0.7,1.4,14,34.5,0
2016-09-01 09:22:59,3,49,22.3,40,26.3,1014.7,0.7,1.4,14,34.5,0
2016-09-01 09:25:59,3,49,22.3,40,26.3,1014.7,0.7,1.0,12,34.5,0
2016-09-01 09:28:59,3,49,22.2,40,26.2,1014.6,0.7,1.0,0,34.5,0
2016-09-01 09:31:59,3,49,22.2,40,26.2,1014.7,0.7,1.4,14,34.5,0
2016-09-01 09:34:59,3,49,22.2,41,26.3,1014.7,0.7,1.0,14,34.5,0
2016-09-01 09:37:59,3,49,22.2,40,26.6,1014.6,1.7,2.0,12,34.5,0
2016-09-01 09:40:59,3,49,22.2,40,26.5,1014.5,0.3,0.7,8,34.5,0
2016-09-01 09:43:59,3,49,22.2,40,26.8,1014.7,1.7,2.0,12,34.5,0
2016-09-01 09:46:59,3,49,22.2,40,26.7,1014.7,2.7,3.7,10,34.5,0
2016-09-01 09:49:59,3,49,22.2,40,26.6,1014.6,1.0,1.4,12,34.5,0
2016-09-01 09:52:59,3,49,22.2,40,26.5,1014.6,0.7,1.4,14,34.5,0
2016-09-01 09:55:59,3,49,22.2,40,26.5,1014.5,1.0,1.4,12,34.5,0
2016-09-01 09:58:59,3,49,22.2,40,26.6,1014.5,0.7,1.0,12,34.5,0
2016-09-01 10:01:59,3,49,22.2,40,26.5,1014.5,0.7,1.7,12,34.5,0
2016-09-01 10:04:59,3,49,22.2,40,26.5,1014.6,0.7,1.7,12,34.5,0
2016-09-01 10:07:59,3,49,22.2,41,26.2,1014.4,1.0,1.4,12,34.5,0
2016-09-01 10:10:59,3,49,22.2,40,26.3,1014.5,1.7,2.0,12,34.5,0
2016-09-01 10:13:59,3,49,22.2,40,26.3,1014.4,1.4,2.0,12,34.5,0
2016-09-01 10:16:59,3,49,22.2,41,26.5,1014.3,0.7,1.4,12,34.5,0
2016-09-01 10:19:59,3,49,22.2,40,26.8,1014.3,1.4,2.0,12,34.5,0
2016-09-01 10:22:59,3,49,22.2,40,26.7,1014.3,2.0,2.7,12,34.5,0
2016-09-01 10:25:59,3,49,22.2,41,26.7,1014.2,0.7,1.4,13,34.5,0
2016-09-01 10:28:59,3,49,22.2,40,26.9,1014.2,2.0,2.7,14,34.5,0
2016-09-01 10:31:59,3,49,22.2,40,26.9,1014.2,1.4,2.0,14,34.5,0
2016-09-01 10:34:59,3,49,22.2,40,26.8,1014.3,1.4,1.7,10,34.5,0
2016-09-01 10:37:59,3,49,22.2,40,26.7,1014.2,1.0,1.4,10,34.5,0
2016-09-01 10:40:59,3,49,22.2,40,27.0,1014.2,2.7,3.7,12,34.5,0
2016-09-01 10:43:59,3,49,22.2,39,26.7,1014.2,2.4,3.7,12,34.5,0
2016-09-01 10:46:59,3,49,22.2,40,26.7,1014.2,1.4,1.7,14,34.5,0
2016-09-01 10:49:59,3,49,22.2,40,26.9,1014.2,1.4,2.0,12,34.5,0
2016-09-01 10:52:59,3,49,22.3,39,27.0,1014.3,1.0,1.4,10,34.5,0
2016-09-01 10:55:59,3,49,22.3,40,27.0,1014.2,0.7,1.0,10,34.5,0
2016-09-01 10:58:59,3,49,22.3,39,27.3,1014.2,1.7,2.4,12,34.5,0
2016-09-01 11:01:59,3,49,22.3,39,26.9,1014.2,0.7,1.0,12,34.5,0
2016-09-01 11:04:59,3,49,22.3,38,27.1,1014.1,1.0,1.7,12,34.5,0
2016-09-01 11:07:59,3,49,22.3,39,27.2,1014.1,1.4,2.0,12,34.5,0
2016-09-01 11:10:59,3,49,22.3,38,27.3,1014.1,2.0,2.4,11,34.5,0
2016-09-01 11:13:59,3,49,22.3,38,27.3,1014.1,0.3,1.0,12,34.5,0
2016-09-01 11:16:59,3,49,22.3,34,27.6,1014.2,0.7,1.0,10,34.5,0
2016-09-01 11:19:59,3,49,22.3,32,27.9,1014.1,1.4,2.0,8,34.5,0
2016-09-01 11:22:59,3,49,22.3,34,28.1,1014.0,0.7,1.4,10,34.5,0
2016-09-01 11:25:59,3,49,22.3,33,28.4,1014.0,0.7,1.4,8,34.5,0
2016-09-01 11:28:59,3,49,22.3,32,28.4,1014.0,1.4,1.7,12,34.5,0
2016-09-01 11:31:59,3,49,22.4,32,28.5,1014.1,1.0,2.0,12,34.5,0
2016-09-01 11:34:59,3,50,22.4,32,28.4,1013.9,1.7,2.4,12,34.5,0
2016-09-01 11:37:59,3,49,22.4,32,28.4,1013.9,1.0,1.7,14,34.5,0
2016-09-01 11:40:59,3,50,22.4,32,28.3,1013.9,1.7,2.4,10,34.5,0
2016-09-01 11:43:59,3,50,22.4,32,28.4,1014.0,1.7,2.4,13,34.5,0
2016-09-01 11:46:59,3,50,22.4,32,28.3,1014.1,1.4,2.0,14,34.5,0
2016-09-01 11:49:59,3,50,22.4,32,27.9,1014.0,1.4,2.0,12,34.5,0
2016-09-01 11:52:59,3,50,22.4,32,27.8,1013.9,1.0,1.7,8,34.5,0
2016-09-01 11:55:59,3,50,22.4,33,27.7,1013.9,1.0,1.4,10,34.5,0
2016-09-01 11:58:59,3,50,22.5,33,27.6,1013.9,0.7,1.4,0,34.5,0
2016-09-01 12:01:59,3,50,22.6,32,27.6,1013.9,1.4,1.7,14,34.5,0
2016-09-01 12:04:59,3,50,22.6,32,27.6,1013.9,1.4,1.7,14,34.5,0
2016-09-01 12:07:59,3,50,22.6,38,27.0,1013.9,1.0,1.7,14,34.5,0
2016-09-01 12:10:59,3,50,22.6,39,27.0,1013.8,2.7,3.7,12,34.5,0
2016-09-01 12:13:59,3,50,22.6,38,27.1,1013.9,1.7,2.7,14,34.5,0
2016-09-01 12:16:59,3,50,22.6,37,27.1,1013.8,1.0,1.4,2,34.5,0
2016-09-01 12:19:59,3,50,22.6,37,27.3,1013.9,2.0,2.7,12,34.5,0
2016-09-01 12:22:59,3,50,22.6,37,27.3,1013.9,1.0,1.4,10,34.5,0
2016-09-01 12:25:59,3,50,22.7,37,27.3,1013.8,0.7,1.4,12,34.5,0
2016-09-01 12:28:59,3,50,22.7,37,27.3,1013.8,1.4,2.0,12,34.5,0
2016-09-01 12:31:59,3,50,22.7,38,27.4,1013.8,1.7,2.4,12,34.5,0
2016-09-01 12:34:59,3,50,22.7,36,27.1,1013.8,1.7,2.4,10,34.5,0
2016-09-01 12:37:59,3,50,22.7,37,27.1,1013.8,1.0,1.7,10,34.5,0
2016-09-01 12:40:59,3,50,22.8,38,27.2,1013.7,2.0,2.7,10,34.5,0
2016-09-01 12:43:59,3,50,22.8,38,27.2,1013.7,1.7,2.7,10,34.5,0
2016-09-01 12:46:59,3,50,22.8,38,27.3,1013.7,1.0,1.7,14,34.5,0
2016-09-01 12:49:59,3,50,22.8,37,27.1,1013.7,3.4,5.8,12,34.5,0
2016-09-01 12:52:59,3,50,22.8,38,27.1,1013.7,1.7,2.4,12,34.5,0
2016-09-01 12:55:59,3,50,22.9,37,27.2,1013.7,1.4,1.7,10,34.5,0
2016-09-01 12:58:59,3,51,23.0,38,26.9,1013.8,0.7,1.4,14,34.5,0
2016-09-01 13:01:59,3,51,23.0,40,26.8,1013.7,0.0,0.7,12,34.5,0
2016-09-01 13:04:59,3,51,23.0,40,26.7,1013.7,1.4,2.4,12,34.5,0
2016-09-01 13:07:59,3,51,23.0,40,26.2,1013.8,1.0,1.7,12,34.5,0
2016-09-01 13:10:59,3,51,23.0,40,25.9,1013.8,1.0,1.7,14,34.5,0
2016-09-01 13:13:59,3,51,23.0,40,25.8,1013.8,1.4,2.0,12,34.5,0
2016-09-01 13:16:59,3,51,23.1,41,25.9,1013.7,1.0,1.4,12,34.5,0
2016-09-01 13:19:59,3,51,23.0,40,25.8,1013.7,1.4,1.7,12,34.5,0
2016-09-01 13:22:59,3,51,23.1,40,25.9,1013.7,1.0,1.4,14,34.5,0
2016-09-01 13:25:59,3,51,23.1,40,25.7,1013.7,1.4,2.7,2,34.5,0
2016-09-01 13:28:59,3,51,23.1,41,25.8,1013.6,0.7,1.0,14,34.5,0
2016-09-01 13:31:59,3,51,23.1,40,25.7,1013.7,0.7,1.4,14,34.5,0
2016-09-01 13:34:59,3,51,23.1,40,25.7,1013.6,1.4,1.7,0,34.5,0
2016-09-01 13:37:59,3,51,23.1,40,25.6,1013.7,1.4,2.0,14,34.5,0
2016-09-01 13:40:59,3,51,23.1,40,25.4,1013.7,1.7,2.4,14,34.5,0
2016-09-01 13:43:59,3,51,23.2,41,25.6,1013.6,1.7,2.0,14,34.5,0
2016-09-01 13:46:59,3,51,23.3,41,26.3,1013.7,1.4,1.7,12,34.5,0
2016-09-01 13:49:59,3,51,23.3,40,26.8,1013.6,1.7,2.4,12,34.5,0
2016-09-01 13:52:59,3,51,23.3,40,27.1,1013.7,2.0,3.4,12,34.5,0
2016-09-01 13:55:59,3,51,23.3,39,27.2,1013.7,1.0,1.4,14,34.5,0
2016-09-01 13:58:59,3,51,23.3,34,27.5,1013.6,1.7,3.4,12,34.5,0
2016-09-01 14:01:59,3,51,23.3,33,27.5,1013.7,2.0,3.4,12,34.5,0
2016-09-01 14:04:59,3,51,23.3,33,27.5,1013.7,2.0,3.4,12,34.5,0
2016-09-01 14:07:59,3,51,23.4,40,26.4,1013.7,1.4,1.7,14,34.5,0
2016-09-01 14:10:59,3,51,23.4,40,26.5,1013.7,0.7,1.0,12,34.5,0
2016-09-01 14:13:59,3,51,23.4,40,26.9,1013.8,1.4,1.7,12,34.5,0
2016-09-01 14:16:59,3,51,23.4,40,27.2,1013.8,0.7,1.0,14,34.5,0
2016-09-01 14:19:59,3,51,23.4,34,27.9,1013.7,1.4,1.7,0,34.5,0
2016-09-01 14:22:59,3,51,23.4,34,28.0,1013.7,1.0,1.4,14,34.5,0
2016-09-01 14:25:59,3,51,23.4,34,27.9,1013.7,1.7,2.0,0,34.5,0
2016-09-01 14:28:59,3,51,23.4,34,27.8,1013.8,1.0,1.4,14,34.5,0
2016-09-01 14:31:59,3,51,23.4,34,28.0,1013.7,1.7,2.4,13,34.5,0
2016-09-01 14:34:59,3,51,23.5,33,27.6,1013.8,1.0,1.7,0,34.5,0
2016-09-01 14:37:59,3,51,23.5,40,27.4,1013.7,1.0,1.7,10,34.5,0
2016-09-01 14:40:59,3,51,23.6,40,27.2,1013.8,1.0,1.4,14,34.5,0
2016-09-01 14:43:59,3,51,23.6,40,26.7,1013.9,1.4,2.0,14,34.5,0
2016-09-01 14:46:59,3,51,23.6,41,26.2,1013.8,0.7,1.0,10,34.5,0
2016-09-01 14:49:59,3,51,23.7,41,25.8,1013.8,0.7,1.0,1,34.5,0
2016-09-01 14:52:59,3,51,23.7,42,25.5,1013.9,1.0,1.4,14,34.5,0
2016-09-01 14:55:59,3,51,23.7,42,25.2,1013.8,1.0,1.4,12,34.5,0
2016-09-01 14:58:59,3,51,23.7,42,25.0,1013.7,0.7,1.0,12,34.5,0
2016-09-01 15:01:59,3,51,23.7,43,24.9,1013.7,0.7,1.0,14,34.5,0
2016-09-01 15:04:59,3,51,23.7,43,24.8,1013.7,1.4,2.4,14,34.5,0
2016-09-01 15:07:59,3,51,23.7,43,24.8,1013.7,0.7,1.0,12,34.5,0
2016-09-01 15:10:59,3,51,23.7,43,24.8,1013.8,1.4,2.0,14,34.5,0
2016-09-01 15:13:59,3,51,23.8,43,25.0,1013.6,1.0,1.7,0,34.5,0
2016-09-01 15:16:59,3,51,23.8,43,25.3,1013.7,1.0,1.4,14,34.5,0
2016-09-01 15:19:59,3,51,23.8,42,25.8,1013.7,1.4,1.7,12,34.5,0
2016-09-01 15:22:59,3,51,23.8,42,26.2,1013.6,1.4,2.4,12,34.5,0
2016-09-01 15:25:59,3,51,23.8,42,26.5,1013.5,0.7,1.0,14,34.5,0
2016-09-01 15:28:59,3,51,23.8,42,26.8,1013.6,0.7,1.0,14,34.5,0
2016-09-01 15:31:59,3,51,23.8,40,26.9,1013.6,1.4,1.7,0,34.5,0
2016-09-01 15:34:59,3,51,23.8,41,26.8,1013.6,0.3,0.7,12,34.5,0
2016-09-01 15:37:59,3,51,23.8,41,27.1,1013.5,0.3,0.7,0,34.5,0
2016-09-01 15:40:59,3,51,23.9,41,27.4,1013.4,1.7,2.4,13,34.5,0
2016-09-01 15:43:59,3,51,23.8,41,27.4,1013.5,0.7,1.0,14,34.5,0
2016-09-01 15:46:59,3,51,23.9,40,27.3,1013.6,0.3,1.0,14,34.5,0
2016-09-01 15:49:59,3,51,23.9,41,27.1,1013.5,0.3,0.7,12,34.5,0
2016-09-01 15:52:59,3,51,23.9,41,27.0,1013.6,0.0,0.3,8,34.5,0
2016-09-01 15:55:59,3,50,24.0,41,27.1,1013.6,0.7,1.0,12,34.5,0
2016-09-01 15:58:59,3,50,24.0,41,27.1,1013.7,1.0,1.7,12,34.5,0
2016-09-01 16:01:59,3,50,24.0,41,27.0,1013.6,0.3,0.7,0,34.5,0
2016-09-01 16:04:59,3,50,24.0,41,27.0,1013.5,0.3,0.7,0,34.5,0
2016-09-01 16:07:59,3,50,24.0,41,26.8,1013.7,0.7,1.0,12,34.5,0
2016-09-01 16:10:59,3,50,24.0,41,26.9,1013.7,0.3,0.7,12,34.5,0
2016-09-01 16:13:59,3,50,24.0,41,27.0,1013.7,0.7,1.0,8,34.5,0
2016-09-01 16:16:59,3,50,24.0,41,26.9,1013.7,0.3,0.7,0,34.5,0
2016-09-01 16:19:59,3,51,24.0,41,26.6,1013.7,0.3,0.7,12,34.5,0
2016-09-01 16:22:59,3,50,24.1,41,26.2,1013.7,0.7,1.0,14,34.5,0
2016-09-01 16:25:59,3,51,24.1,41,25.8,1013.6,0.3,0.7,14,34.5,0
2016-09-01 16:28:59,3,50,24.1,41,25.5,1013.6,0.3,0.7,14,34.5,0
2016-09-01 16:31:59,3,51,24.1,42,25.4,1013.6,0.7,1.4,2,34.5,0
2016-09-01 16:34:59,3,51,24.1,42,25.6,1013.6,0.3,1.0,14,34.5,0
2016-09-01 16:37:59,3,51,24.1,42,25.9,1013.6,0.3,0.7,0,34.5,0
2016-09-01 16:40:59,3,50,24.1,41,26.0,1013.5,1.0,1.4,12,34.5,0
2016-09-01 16:43:59,3,50,24.1,41,26.0,1013.5,0.3,0.7,12,34.5,0
2016-09-01 16:47:00,3,50,24.1,42,25.8,1013.4,0.0,0.3,12,34.5,0
2016-09-01 16:50:00,3,50,24.1,43,25.5,1013.5,0.0,0.3,2,34.5,0
2016-09-01 16:53:00,3,50,24.1,44,25.3,1013.4,0.0,0.3,10,34.5,0
2016-09-01 16:56:00,3,50,24.1,44,25.0,1013.4,0.0,0.3,10,34.5,0
2016-09-01 16:59:00,3,50,24.1,45,24.7,1013.4,0.0,0.0,10,34.5,0
2016-09-01 17:02:00,3,50,24.1,46,24.5,1013.4,0.0,0.0,10,34.5,0
2016-09-01 17:05:00,3,50,24.1,47,24.3,1013.4,0.0,0.0,14,34.5,0
2016-09-01 17:08:00,3,50,24.1,49,24.1,1013.5,0.0,0.0,14,34.5,0
2016-09-01 17:11:00,3,50,24.1,50,23.8,1013.4,0.0,0.3,14,34.5,0
2016-09-01 17:14:00,3,50,24.1,51,23.6,1013.5,0.0,0.0,14,34.5,0
2016-09-01 17:17:00,3,50,24.1,51,23.4,1013.6,0.0,0.0,14,34.5,0
2016-09-01 17:20:00,3,50,24.1,52,23.1,1013.5,0.0,0.0,14,34.5,0
2016-09-01 17:23:00,3,50,24.1,53,22.8,1013.5,0.0,0.0,14,34.5,0
2016-09-01 17:26:00,3,50,24.1,53,22.5,1013.4,0.0,0.0,14,34.5,0
2016-09-01 17:29:00,3,50,24.1,58,22.3,1013.5,0.0,0.0,14,34.5,0
2016-09-01 17:32:00,3,50,24.1,60,22.1,1013.5,0.0,0.3,14,34.5,0
2016-09-01 17:35:00,3,50,24.1,59,21.9,1013.5,0.0,0.0,14,34.5,0
2016-09-01 17:38:00,3,50,24.1,60,21.7,1013.6,0.0,0.0,14,34.5,0
2016-09-01 17:41:00,3,50,24.1,60,21.5,1013.6,0.0,0.0,14,34.5,0
2016-09-01 17:44:00,3,50,24.1,61,21.3,1013.6,0.0,0.0,14,34.5,0
2016-09-01 17:47:00,3,50,24.1,61,21.1,1013.7,0.0,0.0,14,34.5,0
2016-09-01 17:50:00,3,50,24.1,61,20.9,1013.7,0.0,0.0,14,34.5,0
2016-09-01 17:53:00,3,50,24.1,61,20.8,1013.7,0.0,0.0,14,34.5,0
2016-09-01 17:56:00,3,50,24.1,61,20.7,1013.7,0.0,0.0,14,34.5,0
2016-09-01 17:59:00,3,50,24.1,61,20.5,1013.7,0.0,0.0,14,34.5,0
2016-09-01 18:02:00,3,50,24.1,61,20.5,1013.8,0.0,0.0,14,34.5,0
2016-09-01 18:05:00,3,51,24.1,61,20.5,1013.9,0.0,0.0,14,34.5,0
2016-09-01 18:08:00,3,50,24.1,62,20.2,1013.9,0.0,0.0,14,34.5,0
2016-09-01 18:11:00,3,50,24.1,63,20.0,1013.9,0.0,0.0,14,34.5,0
2016-09-01 18:14:00,3,51,24.1,64,19.9,1013.9,0.0,0.0,14,34.5,0
2016-09-01 18:17:00,3,51,24.1,64,19.8,1013.8,0.0,0.0,14,34.5,0
2016-09-01 18:20:00,3,51,24.1,64,19.7,1013.9,0.0,0.0,14,34.5,0
2016-09-01 18:23:00,3,51,24.0,64,19.5,1014.0,0.0,0.0,14,34.5,0
2016-09-01 18:26:00,3,51,24.0,65,19.4,1014.1,0.0,0.0,14,34.5,0
2016-09-01 18:29:00,3,51,24.0,66,19.3,1013.9,0.0,0.0,14,34.5,0
2016-09-01 18:32:00,3,51,24.0,66,19.1,1014.1,0.0,0.0,14,34.5,0
2016-09-01 18:35:00,3,51,24.0,66,19.0,1014.0,0.0,0.0,14,34.5,0
2016-09-01 18:38:00,3,51,24.0,66,18.8,1014.0,0.0,0.0,14,34.5,0
2016-09-01 18:41:00,3,51,24.0,67,18.7,1014.0,0.0,0.0,14,34.5,0
2016-09-01 18:44:00,3,51,24.0,66,18.6,1014.1,0.0,0.0,14,34.5,0
2016-09-01 18:47:00,3,51,24.0,67,18.5,1014.2,0.0,0.0,14,34.5,0
2016-09-01 18:50:00,3,51,24.0,68,18.3,1014.1,0.0,0.0,14,34.5,0
2016-09-01 18:53:00,3,51,24.0,68,18.2,1013.9,0.0,0.0,14,34.5,0
2016-09-01 18:56:00,3,51,24.0,68,18.2,1014.0,0.0,0.0,14,34.5,0
2016-09-01 18:59:00,3,51,24.0,69,18.1,1014.0,0.0,0.0,14,34.5,0
2016-09-01 19:02:00,3,51,24.0,69,18.0,1014.1,0.0,0.0,14,34.5,0
2016-09-01 19:05:00,3,51,24.0,70,18.0,1014.0,0.0,0.0,14,34.5,0
2016-09-01 19:08:00,3,51,24.0,70,17.9,1014.1,0.0,0.0,14,34.5,0
2016-09-01 19:11:00,3,51,24.0,70,17.8,1014.1,0.0,0.0,14,34.5,0
2016-09-01 19:14:00,3,51,24.0,70,17.8,1014.0,0.0,0.0,14,34.5,0
2016-09-01 19:17:00,3,51,24.0,70,17.8,1014.0,0.0,0.0,14,34.5,0
2016-09-01 19:20:00,3,51,24.0,70,17.7,1014.1,0.0,0.0,14,34.5,0
2016-09-01 19:23:00,3,51,24.0,70,17.6,1014.0,0.0,0.0,14,34.5,0
2016-09-01 19:26:00,3,51,24.0,71,17.5,1014.0,0.0,0.0,14,34.5,0
2016-09-01 19:29:00,3,51,24.0,71,17.5,1014.1,0.0,0.0,14,34.5,0
2016-09-01 19:32:00,3,51,24.0,74,17.4,1014.1,0.0,0.0,14,34.5,0
2016-09-01 19:35:00,3,51,24.0,74,17.3,1014.2,0.0,0.0,14,34.5,0
2016-09-01 19:38:00,3,51,24.0,75,17.2,1014.0,0.0,0.0,14,34.5,0
2016-09-01 19:41:00,3,51,24.0,75,17.1,1014.0,0.0,0.0,14,34.5,0
2016-09-01 19:44:00,3,51,24.0,75,17.1,1014.1,0.0,0.0,14,34.5,0
2016-09-01 19:47:00,3,51,24.0,76,17.0,1014.1,0.0,0.0,14,34.5,0
2016-09-01 19:50:00,3,51,24.0,76,17.0,1014.1,0.0,0.0,14,34.5,0
2016-09-01 19:53:00,3,51,24.0,77,16.9,1014.1,0.0,0.0,14,34.5,0
2016-09-01 19:56:00,3,51,24.0,77,16.8,1014.0,0.0,0.0,14,34.5,0
2016-09-01 19:59:00,3,51,24.0,78,16.8,1013.9,0.0,0.0,14,34.5,0
2016-09-01 20:02:00,3,51,24.0,78,16.8,1014.0,0.0,0.0,14,34.5,0
2016-09-01 20:05:00,3,51,24.0,78,16.8,1014.0,0.0,0.0,14,34.5,0
2016-09-01 20:08:00,3,52,23.9,79,16.6,1014.0,0.0,0.0,14,34.5,0
2016-09-01 20:11:00,3,52,23.9,80,16.6,1014.0,0.0,0.0,14,34.5,0
2016-09-01 20:14:00,3,52,23.9,80,16.5,1014.0,0.0,0.0,14,34.5,0
2016-09-01 20:17:00,3,52,23.9,80,16.5,1014.0,0.0,0.0,14,34.5,0
2016-09-01 20:20:00,3,52,23.9,80,16.5,1014.1,0.0,0.0,14,34.5,0
2016-09-01 20:23:00,3,52,23.9,81,16.6,1014.2,0.0,0.3,14,34.5,0
2016-09-01 20:26:00,3,52,23.8,81,16.6,1014.1,0.0,0.0,14,34.5,0
2016-09-01 20:29:00,3,52,23.8,81,16.6,1014.2,0.0,0.3,14,34.5,0
2016-09-01 20:32:00,3,52,23.8,81,16.6,1014.2,0.0,0.0,14,34.5,0
2016-09-01 20:35:00,3,52,23.7,81,16.6,1014.3,0.0,0.0,14,34.5,0
2016-09-01 20:38:00,3,52,23.7,81,16.6,1014.2,0.0,0.0,14,34.5,0
2016-09-01 20:41:00,3,52,23.7,81,16.6,1014.2,0.0,0.0,14,34.5,0
2016-09-01 20:44:00,3,52,23.7,81,16.6,1014.2,0.0,0.0,14,34.5,0
2016-09-01 20:47:00,3,52,23.7,81,16.7,1014.3,0.0,0.3,14,34.5,0
2016-09-01 20:50:00,3,52,23.7,80,16.8,1014.3,0.3,0.7,0,34.5,0
2016-09-01 20:53:00,3,52,23.7,77,16.9,1014.3,0.0,0.3,0,34.5,0
2016-09-01 20:56:00,3,52,23.7,75,17.2,1014.2,0.3,0.7,0,34.5,0
2016-09-01 20:59:00,3,52,23.7,73,17.3,1014.3,0.3,0.3,0,34.5,0
2016-09-01 21:02:00,3,52,23.8,70,17.5,1014.4,0.3,0.7,0,34.5,0
2016-09-01 21:05:00,3,52,23.7,69,17.5,1014.4,0.0,0.3,0,34.5,0
2016-09-01 21:08:00,3,52,23.7,69,17.6,1014.4,0.0,0.0,0,34.5,0
2016-09-01 21:11:00,3,52,23.7,69,17.6,1014.5,0.0,0.0,0,34.5,0
2016-09-01 21:14:00,3,52,23.7,69,17.5,1014.5,0.0,0.0,0,34.5,0
2016-09-01 21:17:00,3,52,23.7,69,17.5,1014.5,0.0,0.0,0,34.5,0
2016-09-01 21:20:00,3,52,23.7,71,17.4,1014.5,0.0,0.0,0,34.5,0
2016-09-01 21:23:00,3,52,23.7,72,17.3,1014.5,0.0,0.0,0,34.5,0
2016-09-01 21:26:00,3,52,23.7,72,17.2,1014.6,0.0,0.0,0,34.5,0
2016-09-01 21:29:00,3,52,23.7,72,17.1,1014.6,0.0,0.0,0,34.5,0
2016-09-01 21:32:00,3,52,23.7,73,17.0,1014.6,0.0,0.0,0,34.5,0
2016-09-01 21:35:00,3,52,23.7,73,17.0,1014.5,0.0,0.0,0,34.5,0
2016-09-01 21:38:00,3,52,23.7,74,17.0,1014.6,0.0,0.0,0,34.5,0
2016-09-01 21:41:00,3,52,23.6,74,16.9,1014.6,0.0,0.0,0,34.5,0
2016-09-01 21:44:00,3,52,23.7,74,16.9,1014.6,0.0,0.0,0,34.5,0
2016-09-01 21:47:00,3,52,23.7,74,16.8,1014.6,0.0,0.0,0,34.5,0
2016-09-01 21:50:00,3,52,23.6,74,16.7,1014.6,0.0,0.0,0,34.5,0
2016-09-01 21:53:00,3,52,23.6,74,16.6,1014.7,0.0,0.0,0,34.5,0
2016-09-01 21:56:00,3,52,23.6,75,16.5,1014.6,0.0,0.0,0,34.5,0
2016-09-01 21:59:00,3,52,23.6,76,16.4,1014.6,0.0,0.0,0,34.5,0
2016-09-01 22:02:00,3,52,23.6,76,16.4,1014.6,0,0,0,34.5,0
2016-09-01 22:05:00,3,52,23.6,76,16.4,1014.7,0,0,0,34.5,0
2016-09-01 22:08:00,3,52,23.6,76,16.1,1014.7,0,0,0,34.5,0
2016-09-01 22:11:00,3,52,23.6,77,16.0,1014.7,0,0,0,34.5,0
2016-09-01 22:14:00,3,52,23.6,77,15.9,1014.8,0,0,0,34.5,0
2016-09-01 22:17:00,3,52,23.6,78,15.8,1014.8,0,0,0,34.5,0
2016-09-01 22:20:00,3,52,23.6,78,15.7,1014.7,0,0,0,34.5,0
2016-09-01 22:23:00,3,52,23.6,78,15.7,1014.8,0,0.3,0,34.5,0
2016-09-01 22:26:00,3,52,23.6,78,15.6,1014.8,0,0,0,34.5,0
2016-09-01 22:29:00,3,52,23.6,79,15.5,1014.9,0,0,0,34.5,0
2016-09-01 22:32:00,3,52,23.5,79,15.4,1014.9,0,0,0,34.5,0
2016-09-01 22:35:00,3,52,23.5,79,15.4,1014.8,0,0,0,34.5,0
2016-09-01 22:38:00,3,52,23.5,80,15.3,1014.8,0,0,0,34.5,0
2016-09-01 22:41:00,3,52,23.5,80,15.2,1014.9,0,0,0,34.5,0
2016-09-01 22:44:00,3,52,23.5,80,15.2,1014.8,0,0,0,34.5,0
2016-09-01 22:47:00,3,52,23.5,80,15.1,1014.8,0,0,0,34.5,0
2016-09-01 22:50:00,3,52,23.5,80,15.1,1014.8,0,0,0,34.5,0
2016-09-01 22:53:00,3,52,23.4,81,15.1,1015.0,0,0,0,34.5,0
2016-09-01 22:56:00,3,52,23.4,81,15.0,1015.0,0,0,0,34.5,0
2016-09-01 22:59:00,3,52,23.4,81,15.1,1014.9,0,0,0,34.5,0
2016-09-01 23:02:00,3,52,23.4,81,15.1,1014.9,0,0,0,34.5,0
2016-09-01 23:05:00,3,52,23.4,81,15.1,1014.9,0,0,0,34.5,0
2016-09-01 23:08:00,3,52,23.4,81,15.2,1014.9,0,0,0,34.5,0
2016-09-01 23:11:00,3,52,23.4,82,15.3,1014.9,0,0,0,34.5,0
2016-09-01 23:14:00,3,52,23.4,82,15.4,1014.8,0,0,0,34.5,0
2016-09-01 23:17:00,3,52,23.4,82,15.5,1014.7,0,0,0,34.5,0
2016-09-01 23:20:00,3,52,23.4,82,15.5,1014.7,0,0,0,34.5,0
2016-09-01 23:23:00,3,52,23.4,81,15.6,1014.7,0,0,0,34.5,0
2016-09-01 23:26:00,3,52,23.4,82,15.7,1014.5,0,0,0,34.5,0
2016-09-01 23:29:00,3,52,23.4,82,15.7,1014.5,0,0,0,34.5,0
2016-09-01 23:32:00,3,52,23.4,82,15.8,1014.5,0.3,0.7,0,34.5,0
2016-09-01 23:35:00,3,52,23.4,81,15.8,1014.4,0,0.3,0,34.5,0
2016-09-01 23:38:00,3,52,23.4,81,15.9,1014.3,0.7,0.7,0,34.5,0
2016-09-01 23:41:00,3,52,23.4,81,15.9,1014.4,0.3,0.7,0,34.5,0
2016-09-01 23:44:00,3,52,23.4,80,15.9,1014.5,0.3,0.3,0,34.5,0
2016-09-01 23:47:00,3,52,23.4,80,16.0,1014.6,0,0.3,0,34.5,0
2016-09-01 23:50:00,3,52,23.4,80,16.0,1014.6,0,0,0,34.5,0
2016-09-01 23:53:00,3,52,23.4,80,16.1,1014.6,0,0,0,34.5,0
2016-09-01 23:56:00,3,52,23.3,80,16.3,1014.5,0,0,0,34.5,0
2016-09-01 23:59:00,3,52,23.3,80,16.3,1014.5,0,0,0,34.5,0
