2018-02-27 00:00:59,3,23,18.0,57,-10.9,1019.1,0,0,0,827.7,0
2018-02-27 00:03:59,3,23,18.0,57,-11.0,1019.0,0,0,0,827.7,0
2018-02-27 00:06:59,3,23,18.0,57,-11.0,1019.0,0,0,0,827.7,0
2018-02-27 00:09:59,3,23,18.0,57,-11.1,1019.1,0,0,0,827.7,0
2018-02-27 00:12:59,3,23,18.0,57,-11.1,1019.1,0,0.3,0,827.7,0
2018-02-27 00:15:59,3,23,18.0,58,-11.1,1019.0,0,0,0,827.7,0
2018-02-27 00:18:59,3,21,17.9,58,-11.2,1018.9,0,0.3,2,827.7,0
2018-02-27 00:21:59,3,21,17.9,58,-11.2,1018.9,0,0,2,827.7,0
2018-02-27 00:24:59,3,21,17.9,58,-11.3,1018.9,0,0,2,827.7,0
2018-02-27 00:27:59,3,21,17.9,58,-11.3,1019.0,0,0,2,827.7,0
2018-02-27 00:30:59,3,21,17.9,58,-11.4,1018.9,0,0,2,827.7,0
2018-02-27 00:33:59,3,21,17.9,58,-11.4,1018.9,0,0,2,827.7,0
2018-02-27 00:36:59,3,21,17.8,58,-11.4,1018.9,0,0,2,827.7,0
2018-02-27 00:39:59,3,21,17.8,58,-11.5,1018.8,0,0,2,827.7,0
2018-02-27 00:42:59,3,21,17.7,59,-11.5,1018.8,0,0.3,0,827.7,0
2018-02-27 00:45:59,3,21,17.7,59,-11.6,1018.7,0.3,0.3,0,827.7,0
2018-02-27 00:48:59,3,21,17.7,59,-11.6,1018.7,0.3,0.3,0,827.7,0
2018-02-27 00:51:59,3,21,17.7,59,-11.6,1018.7,0,0,2,827.7,0
2018-02-27 00:54:59,3,21,17.7,60,-11.6,1018.7,0,0.3,2,827.7,0
2018-02-27 00:57:59,3,21,17.7,60,-11.7,1018.7,0.3,0.7,2,827.7,0
2018-02-27 01:00:59,3,21,17.6,60,-11.7,1018.7,0.3,0.3,2,827.7,0
2018-02-27 01:03:59,3,21,17.6,60,-11.7,1018.6,0.3,0.3,2,827.7,0
2018-02-27 01:06:59,3,21,17.6,60,-11.8,1018.5,0.3,0.7,2,827.7,0
2018-02-27 01:09:59,3,21,17.6,60,-11.9,1018.5,0,0,2,827.7,0
2018-02-27 01:12:59,3,20,17.6,60,-11.9,1018.4,0,0.3,6,827.7,0
2018-02-27 01:15:59,3,21,17.6,60,-12.0,1018.4,0,0.3,0,827.7,0
2018-02-27 01:18:59,3,20,17.6,60,-12.1,1018.5,0,0,4,827.7,0
2018-02-27 01:21:59,3,20,17.5,60,-12.1,1018.4,0,0,4,827.7,0
2018-02-27 01:24:59,3,20,17.5,60,-12.2,1018.4,0,0,0,827.7,0
2018-02-27 01:27:59,3,20,17.5,60,-12.2,1018.5,0,0,0,827.7,0
2018-02-27 01:30:59,3,20,17.5,60,-12.2,1018.3,0,0,4,827.7,0
2018-02-27 01:33:59,3,20,17.5,60,-12.3,1018.4,0,0,4,827.7,0
2018-02-27 01:36:59,3,20,17.4,60,-12.3,1018.5,0,0,4,827.7,0
2018-02-27 01:39:59,3,20,17.4,60,-12.4,1018.4,0,0,4,827.7,0
2018-02-27 01:42:59,3,20,17.4,60,-12.4,1018.4,0,0,4,827.7,0
2018-02-27 01:45:59,3,20,17.4,60,-12.5,1018.3,0,0,0,827.7,0
2018-02-27 01:48:59,3,20,17.4,60,-12.5,1018.3,0,0,2,827.7,0
2018-02-27 01:51:59,3,20,17.4,60,-12.5,1018.4,0.3,0.7,4,827.7,0
2018-02-27 01:54:59,3,20,17.4,60,-12.5,1018.3,0,0.3,4,827.7,0
2018-02-27 01:57:59,3,20,17.4,60,-12.6,1018.3,0,0,4,827.7,0
2018-02-27 02:00:59,3,20,17.4,60,-12.6,1018.2,0,0,4,827.7,0
2018-02-27 02:03:59,3,20,17.3,60,-12.6,1018.2,0,0,4,827.7,0
2018-02-27 02:06:59,3,20,17.3,60,-12.7,1018.2,0,0,0,827.7,0
2018-02-27 02:09:59,3,20,17.3,60,-12.7,1018.1,0,0,0,827.7,0
2018-02-27 02:12:59,3,20,17.3,60,-12.7,1018.1,0,0,0,827.7,0
2018-02-27 02:15:59,3,20,17.3,60,-12.7,1018.0,0,0,0,827.7,0
2018-02-27 02:18:59,3,20,17.3,61,-12.8,1017.9,0,0,0,827.7,0
2018-02-27 02:21:59,3,20,17.2,61,-12.8,1018.0,0,0,0,827.7,0
2018-02-27 02:24:59,3,20,17.2,61,-12.8,1017.9,0,0,0,827.7,0
2018-02-27 02:27:59,3,20,17.2,61,-12.9,1018.0,0,0,0,827.7,0
2018-02-27 02:30:59,3,20,17.2,61,-12.9,1017.9,0,0,0,827.7,0
2018-02-27 02:33:59,3,20,17.2,61,-12.9,1018.0,0,0,0,827.7,0
2018-02-27 02:36:59,3,20,17.2,61,-12.9,1017.9,0,0,0,827.7,0
2018-02-27 02:39:59,3,20,17.2,61,-13.0,1017.9,0,0,4,827.7,0
2018-02-27 02:42:59,3,20,17.2,61,-13.0,1017.8,0,0.3,4,827.7,0
2018-02-27 02:45:59,3,20,17.2,61,-13.0,1017.6,0,0,4,827.7,0
2018-02-27 02:48:59,3,20,17.2,61,-13.2,1017.7,0,0,0,827.7,0
2018-02-27 02:51:59,3,23,17.1,61,-13.2,1017.8,0,0,0,827.7,0
2018-02-27 02:54:59,3,23,17.1,61,-13.2,1017.7,0,0,0,827.7,0
2018-02-27 02:57:59,3,23,17.1,61,-13.2,1017.7,0,0,4,827.7,0
2018-02-27 03:00:59,3,23,17.1,61,-13.2,1017.6,0,0,4,827.7,0
2018-02-27 03:03:59,3,20,17.1,61,-13.2,1017.7,0,0,4,827.7,0
2018-02-27 03:06:59,3,20,17.1,61,-13.2,1017.6,0,0,4,827.7,0
2018-02-27 03:09:59,3,20,17.1,61,-13.3,1017.6,0,0,4,827.7,0
2018-02-27 03:12:59,3,23,17.0,61,-13.4,1017.6,0,0,4,827.7,0
2018-02-27 03:15:59,3,23,17.0,61,-13.4,1017.6,0,0,4,827.7,0
2018-02-27 03:18:59,3,20,17.0,61,-13.5,1017.6,0,0,4,827.7,0
2018-02-27 03:21:59,3,20,17.0,61,-13.5,1017.6,0,0,4,827.7,0
2018-02-27 03:24:59,3,20,17.0,61,-13.5,1017.6,0,0,0,827.7,0
2018-02-27 03:27:59,3,20,17.0,61,-13.5,1017.5,0,0,0,827.7,0
2018-02-27 03:30:59,3,20,17.0,61,-13.5,1017.5,0,0,0,827.7,0
2018-02-27 03:33:59,3,20,17.0,61,-13.5,1017.5,0,0,0,827.7,0
2018-02-27 03:36:59,3,20,17.0,61,-13.5,1017.5,0,0,0,827.7,0
2018-02-27 03:39:59,3,20,17.0,61,-13.4,1017.4,0,0,0,827.7,0
2018-02-27 03:42:59,3,21,16.9,61,-13.4,1017.3,0,0,0,827.7,0
2018-02-27 03:45:59,3,21,16.9,61,-13.5,1017.4,0,0,0,827.7,0
2018-02-27 03:48:59,3,21,16.9,62,-13.5,1017.3,0,0,2,827.7,0
2018-02-27 03:51:59,3,21,16.9,62,-13.5,1017.3,0,0,2,827.7,0
2018-02-27 03:54:59,3,21,16.9,62,-13.5,1017.2,0,0,0,827.7,0
2018-02-27 03:57:59,3,21,16.9,62,-13.5,1017.3,0,0,0,827.7,0
2018-02-27 04:00:59,3,21,16.9,62,-13.6,1017.2,0,0,0,827.7,0
2018-02-27 04:03:59,3,20,16.9,62,-13.6,1017.3,0,0,0,827.7,0
2018-02-27 04:06:59,3,21,16.8,62,-13.6,1017.1,0,0,0,827.7,0
2018-02-27 04:09:59,3,21,16.8,62,-13.6,1017.2,0,0,0,827.7,0
2018-02-27 04:12:59,3,21,16.8,62,-13.6,1017.2,0,0,0,827.7,0
2018-02-27 04:15:59,3,21,16.8,62,-13.7,1017.2,0,0,0,827.7,0
2018-02-27 04:18:59,3,21,16.8,62,-13.7,1017.1,0,0,0,827.7,0
2018-02-27 04:21:59,3,21,16.8,62,-13.7,1017.1,0,0,0,827.7,0
2018-02-27 04:24:59,3,21,16.8,62,-13.7,1017.1,0,0,0,827.7,0
2018-02-27 04:27:59,3,21,16.8,62,-13.7,1017.1,0,0,0,827.7,0
2018-02-27 04:30:59,3,21,16.8,62,-13.8,1017.1,0,0,0,827.7,0
2018-02-27 04:33:59,3,21,16.8,62,-13.8,1017.0,0,0,0,827.7,0
2018-02-27 04:36:59,3,21,16.8,62,-13.8,1017.1,0,0,0,827.7,0
2018-02-27 04:39:59,3,21,16.8,62,-13.9,1017.1,0,0,0,827.7,0
2018-02-27 04:42:59,3,20,16.7,62,-13.9,1017.2,0,0.3,0,827.7,0
2018-02-27 04:45:59,3,20,16.7,62,-13.9,1017.0,0,0,0,827.7,0
2018-02-27 04:48:59,3,20,16.7,62,-14.0,1017.1,0,0,0,827.7,0
2018-02-27 04:51:59,3,20,16.7,62,-14.0,1017.1,0,0,0,827.7,0
2018-02-27 04:54:59,3,20,16.7,62,-14.0,1016.9,0,0,0,827.7,0
2018-02-27 04:57:59,3,20,16.7,62,-14.0,1016.8,0,0,0,827.7,0
2018-02-27 05:00:59,3,20,16.7,62,-14.0,1016.8,0,0,0,827.7,0
2018-02-27 05:03:59,3,20,16.7,62,-14.0,1016.9,0,0,0,827.7,0
2018-02-27 05:06:59,3,20,16.7,62,-14.0,1016.7,0,0,0,827.7,0
2018-02-27 05:09:59,3,20,16.7,62,-14.0,1016.7,0,0,0,827.7,0
2018-02-27 05:12:59,3,20,16.7,62,-14.0,1016.8,0,0,0,827.7,0
2018-02-27 05:15:59,3,21,16.8,62,-14.0,1016.7,0,0,0,827.7,0
2018-02-27 05:18:59,3,21,16.8,62,-14.0,1016.7,0,0,0,827.7,0
2018-02-27 05:21:59,3,21,16.8,61,-14.0,1016.7,0,0,0,827.7,0
2018-02-27 05:24:59,3,20,16.9,61,-14.1,1016.7,0,0,0,827.7,0
2018-02-27 05:27:59,3,20,16.9,61,-14.1,1016.8,0,0,0,827.7,0
2018-02-27 05:30:59,3,21,16.9,61,-14.1,1016.6,0,0,0,827.7,0
2018-02-27 05:33:59,3,20,17.0,61,-14.1,1016.6,0,0,0,827.7,0
2018-02-27 05:36:59,3,20,17.0,61,-14.1,1016.7,0,0,0,827.7,0
2018-02-27 05:39:59,3,20,17.1,61,-14.1,1016.7,0,0,0,827.7,0
2018-02-27 05:42:59,3,20,17.1,61,-14.0,1016.7,0,0,0,827.7,0
2018-02-27 05:45:59,3,20,17.1,61,-14.0,1016.7,0,0,0,827.7,0
2018-02-27 05:48:59,3,19,17.1,62,-14.0,1016.7,0,0,0,827.7,0
2018-02-27 05:51:59,3,20,17.2,62,-13.9,1016.7,0,0,0,827.7,0
2018-02-27 05:54:59,3,20,17.2,62,-13.9,1016.7,0,0,0,827.7,0
2018-02-27 05:57:59,3,20,17.2,62,-13.8,1016.9,0,0.3,0,827.7,0
2018-02-27 06:00:59,3,20,17.3,62,-13.8,1017.0,0.3,0.7,0,827.7,0
2018-02-27 06:03:59,3,20,17.3,62,-13.8,1017.0,0,0,0,827.7,0
2018-02-27 06:06:59,3,20,17.3,62,-13.8,1016.9,0,0,0,827.7,0
2018-02-27 06:09:59,3,20,17.3,62,-13.8,1016.9,0,0,0,827.7,0
2018-02-27 06:12:59,3,20,17.3,62,-13.8,1016.8,0,0,0,827.7,0
2018-02-27 06:15:59,3,20,17.4,62,-13.8,1016.8,0,0,0,827.7,0
2018-02-27 06:18:59,3,20,17.4,62,-13.9,1016.8,0,0,0,827.7,0
2018-02-27 06:21:59,3,20,17.4,62,-13.9,1016.8,0,0,0,827.7,0
2018-02-27 06:24:59,3,20,17.4,62,-13.8,1016.8,0,0,0,827.7,0
2018-02-27 06:27:59,3,20,17.4,62,-13.8,1016.8,0,0,0,827.7,0
2018-02-27 06:30:59,3,20,17.4,62,-13.8,1016.7,0,0,0,827.7,0
2018-02-27 06:33:59,3,20,17.4,62,-13.7,1016.8,0,0,0,827.7,0
2018-02-27 06:36:59,3,20,17.5,62,-13.6,1016.8,0,0,0,827.7,0
2018-02-27 06:39:59,3,20,17.4,62,-13.5,1016.8,0,0,0,827.7,0
2018-02-27 06:42:59,3,20,17.5,62,-13.3,1016.8,0,0,0,827.7,0
2018-02-27 06:45:59,3,21,17.5,62,-13.1,1016.8,0,0,0,827.7,0
2018-02-27 06:48:59,3,24,17.5,62,-12.7,1016.9,0,0,0,827.7,0
2018-02-27 06:51:59,3,22,17.6,63,-12.6,1016.9,0,0,0,827.7,0
2018-02-27 06:54:59,3,22,17.7,63,-12.3,1016.9,0,0,0,827.7,0
2018-02-27 06:57:59,3,22,17.7,63,-12.2,1016.8,0,0,0,827.7,0
2018-02-27 07:00:59,3,22,17.8,63,-12.1,1016.8,0,0,0,827.7,0
2018-02-27 07:03:59,3,22,17.9,63,-12.1,1016.9,0,0,0,827.7,0
2018-02-27 07:06:59,3,23,18.1,63,-12.1,1016.8,0,0,0,827.7,0
2018-02-27 07:09:59,3,23,18.4,63,-11.3,1016.8,0,0.3,0,827.7,0
2018-02-27 07:12:59,3,23,18.8,63,-11.1,1016.9,0,0.3,0,827.7,0
2018-02-27 07:15:59,3,22,19.0,63,-11.0,1016.8,0.3,0.7,0,827.7,0
2018-02-27 07:18:59,3,22,19.2,63,-10.8,1016.8,0.3,0.7,0,827.7,0
2018-02-27 07:21:59,3,21,19.3,63,-10.6,1016.9,0,0.3,0,827.7,0
2018-02-27 07:24:59,3,21,19.4,63,-10.4,1016.8,0.3,0.7,6,827.7,0
2018-02-27 07:27:59,3,21,19.5,63,-10.3,1016.9,0.7,1.0,8,827.7,0
2018-02-27 07:30:59,3,22,19.6,63,-10.1,1016.8,0.7,1.0,8,827.7,0
2018-02-27 07:33:59,3,21,19.7,62,-9.9,1016.9,0.7,1.0,10,827.7,0
2018-02-27 07:36:59,3,22,19.8,62,-9.7,1016.9,0.3,0.7,8,827.7,0
2018-02-27 07:39:59,3,21,19.9,62,-9.5,1016.9,0.3,0.7,8,827.7,0
2018-02-27 07:42:59,3,21,20.0,61,-9.3,1016.9,0.3,0.7,10,827.7,0
2018-02-27 07:45:59,3,21,20.1,61,-9.1,1016.8,0.7,1.0,8,827.7,0
2018-02-27 07:48:59,3,20,20.1,60,-8.8,1016.9,0.7,1.0,10,827.7,0
2018-02-27 07:51:59,3,20,20.1,60,-8.6,1017.0,0,0.3,8,827.7,0
2018-02-27 07:54:59,3,20,20.2,59,-8.2,1016.9,0.3,0.7,10,827.7,0
2018-02-27 07:57:59,3,20,20.2,57,-7.9,1016.9,1.0,1.7,8,827.7,0
2018-02-27 08:00:59,3,20,20.2,55,-7.8,1016.8,0.7,1.0,10,827.7,0
2018-02-27 08:03:59,3,20,20.3,54,-7.7,1016.9,1.0,1.4,8,827.7,0
2018-02-27 08:06:59,3,20,20.3,51,-7.6,1016.9,1.0,1.4,6,827.7,0
2018-02-27 08:09:59,3,20,20.3,50,-7.6,1016.8,1.4,2.0,11,827.7,0
2018-02-27 08:12:59,3,20,20.4,46,-7.5,1016.9,0.7,1.0,8,827.7,0
2018-02-27 08:15:59,3,20,20.4,45,-7.4,1017.0,0.7,1.0,10,827.7,0
2018-02-27 08:18:59,3,20,20.4,44,-7.5,1016.9,1.4,2.0,9,827.7,0
2018-02-27 08:21:59,3,20,20.5,43,-7.6,1016.9,1.4,2.0,10,827.7,0
2018-02-27 08:24:59,3,20,20.5,43,-7.5,1016.9,0.7,1.0,11,827.7,0
2018-02-27 08:27:59,3,20,20.5,43,-7.4,1016.9,1.0,1.7,10,827.7,0
2018-02-27 08:30:59,3,20,20.5,43,-7.3,1016.8,0.7,1.0,10,827.7,0
2018-02-27 08:33:59,3,20,20.6,43,-7.2,1016.8,0.7,1.0,10,827.7,0
2018-02-27 08:36:59,3,20,20.6,43,-7.0,1017.0,1.0,2.0,8,827.7,0
2018-02-27 08:39:59,3,20,20.6,42,-6.9,1016.9,1.4,2.0,10,827.7,0
2018-02-27 08:42:59,3,20,20.6,42,-6.8,1016.9,1.4,2.0,10,827.7,0
2018-02-27 08:45:59,3,20,20.6,42,-6.7,1017.0,1.4,2.0,4,827.7,0
2018-02-27 08:48:59,3,20,20.6,42,-6.6,1017.0,1.7,2.0,8,827.7,0
2018-02-27 08:51:59,3,20,20.6,42,-6.5,1016.9,1.0,1.4,10,827.7,0
2018-02-27 08:54:59,3,20,20.7,42,-6.4,1017.0,1.7,2.0,10,827.7,0
2018-02-27 08:57:59,3,20,20.7,42,-6.3,1017.0,1.4,1.7,8,827.7,0
2018-02-27 09:00:59,3,20,20.7,42,-6.2,1016.9,0.7,1.0,8,827.7,0
2018-02-27 09:03:59,3,20,20.7,42,-6.2,1016.9,0.7,1.0,8,827.7,0
2018-02-27 09:06:59,3,20,20.7,42,-6.2,1016.8,0.7,1.0,8,827.7,0
2018-02-27 09:09:59,3,20,20.8,41,-6.2,1016.8,1.4,1.7,8,827.7,0
2018-02-27 09:12:59,3,20,20.9,41,-6.1,1016.9,0.7,1.0,12,827.7,0
2018-02-27 09:15:59,3,20,20.9,41,-6.0,1016.8,0.3,1.0,6,827.7,0
2018-02-27 09:18:59,3,20,20.9,41,-5.9,1016.8,0.7,1.4,8,827.7,0
2018-02-27 09:21:59,3,20,20.9,41,-6.0,1016.8,1.7,2.0,7,827.7,0
2018-02-27 09:24:59,3,20,20.9,41,-6.0,1016.8,1.7,2.0,8,827.7,0
2018-02-27 09:27:59,3,20,20.9,40,-6.0,1016.8,1.0,1.4,8,827.7,0
2018-02-27 09:30:59,3,20,20.9,41,-5.9,1016.6,0.7,1.0,12,827.7,0
2018-02-27 09:33:59,3,20,20.9,41,-5.7,1016.8,0.3,0.7,8,827.7,0
2018-02-27 09:36:59,3,19,21.0,41,-5.6,1016.7,0.7,1.0,10,827.7,0
2018-02-27 09:39:59,3,20,20.9,40,-5.6,1016.6,1.0,1.4,10,827.7,0
2018-02-27 09:42:59,3,19,21.0,41,-5.5,1016.5,1.0,1.4,10,827.7,0
2018-02-27 09:45:59,3,19,21.0,40,-5.4,1016.5,1.0,1.4,8,827.7,0
2018-02-27 09:48:59,3,19,21.0,40,-5.3,1016.5,0.7,1.0,10,827.7,0
2018-02-27 09:51:59,3,19,21.0,40,-5.3,1016.7,0.7,1.0,10,827.7,0
2018-02-27 09:54:59,3,19,21.0,40,-5.2,1016.6,1.0,1.4,12,827.7,0
2018-02-27 09:57:59,3,19,21.0,40,-5.3,1016.7,0.7,1.4,10,827.7,0
2018-02-27 10:00:59,3,19,21.0,40,-5.1,1016.6,0.3,0.7,4,827.7,0
2018-02-27 10:03:59,3,19,21.0,40,-5.0,1016.6,0.3,0.7,12,827.7,0
2018-02-27 10:06:59,3,20,20.9,40,-4.7,1016.5,0.7,1.0,6,827.7,0
2018-02-27 10:09:59,3,20,20.8,40,-4.6,1016.6,1.0,1.7,8,827.7,0
2018-02-27 10:12:59,3,20,20.6,40,-4.4,1016.5,1.0,1.7,10,827.7,0
2018-02-27 10:15:59,3,20,20.5,40,-4.4,1016.5,1.4,2.0,10,827.7,0
2018-02-27 10:18:59,3,20,20.5,38,-4.5,1016.5,0.3,0.7,12,827.7,0
2018-02-27 10:21:59,3,20,20.4,40,-4.4,1016.6,0.7,1.0,11,827.7,0
2018-02-27 10:24:59,3,20,20.3,40,-4.2,1016.4,1.4,2.0,10,827.7,0
2018-02-27 10:27:59,3,20,20.2,40,-4.1,1016.4,0.7,0.7,2,827.7,0
2018-02-27 10:30:59,3,20,20.1,38,-4.2,1016.4,1.4,1.7,8,827.7,0
2018-02-27 10:33:59,3,20,20.0,36,-4.1,1016.4,1.4,1.7,12,827.7,0
2018-02-27 10:36:59,3,20,20.0,38,-3.8,1016.3,1.0,1.4,8,827.7,0
2018-02-27 10:39:59,3,20,20.1,36,-3.5,1016.3,1.4,1.7,10,827.7,0
2018-02-27 10:42:59,3,20,20.2,38,-3.1,1016.3,1.0,1.4,8,827.7,0
2018-02-27 10:45:59,3,20,20.3,38,-2.9,1016.3,0.3,0.7,14,827.7,0
2018-02-27 10:48:59,3,20,20.3,36,-2.8,1016.2,0.3,0.7,14,827.7,0
2018-02-27 10:51:59,3,20,20.4,36,-2.5,1016.3,0.7,1.0,10,827.7,0
2018-02-27 10:54:59,3,20,20.4,35,-2.3,1016.2,1.7,2.4,6,827.7,0
2018-02-27 10:57:59,3,20,20.4,35,-2.3,1016.1,0.7,1.4,4,827.7,0
2018-02-27 11:00:59,3,20,20.3,33,-2.5,1016.1,0.7,1.0,4,827.7,0
2018-02-27 11:03:59,3,20,20.2,33,-2.5,1016.2,0.7,1.0,4,827.7,0
2018-02-27 11:06:59,3,20,20.1,33,-2.5,1016.0,0.7,1.0,4,827.7,0
2018-02-27 11:09:59,3,20,20.1,33,-2.4,1015.9,1.4,2.0,8,827.7,0
2018-02-27 11:12:59,3,20,20.0,35,-2.5,1016.0,1.4,2.0,12,827.7,0
2018-02-27 11:15:59,3,20,20.0,35,-2.5,1015.9,0.7,1.0,10,827.7,0
2018-02-27 11:18:59,3,21,19.8,35,-2.5,1015.8,0.7,1.4,12,827.7,0
2018-02-27 11:21:59,3,21,19.8,35,-2.6,1015.8,0.7,1.0,13,827.7,0
2018-02-27 11:24:59,3,21,19.7,35,-2.6,1015.8,0.7,1.4,10,827.7,0
2018-02-27 11:27:59,3,21,19.6,35,-2.6,1015.7,1.4,1.7,10,827.7,0
2018-02-27 11:30:59,3,21,19.6,33,-2.6,1015.6,0.7,1.4,8,827.7,0
2018-02-27 11:33:59,3,23,19.4,31,-2.6,1015.7,2.0,2.7,8,827.7,0
2018-02-27 11:36:59,3,22,19.3,31,-2.7,1015.7,1.7,2.0,8,827.7,0
2018-02-27 11:39:59,3,22,19.2,31,-2.6,1015.5,0.3,0.7,2,827.7,0
2018-02-27 11:42:59,3,22,19.2,31,-2.5,1015.6,0.3,0.7,12,827.7,0
2018-02-27 11:45:59,3,21,19.1,31,-2.0,1015.5,0.3,0.7,10,827.7,0
2018-02-27 11:48:59,3,22,19.0,31,-2.0,1015.6,1.0,1.7,6,827.7,0
2018-02-27 11:51:59,3,22,19.0,31,-2.0,1015.6,0.7,1.0,14,827.7,0
2018-02-27 11:54:59,3,23,18.9,31,-1.8,1015.5,0.3,0.7,13,827.7,0
2018-02-27 11:57:59,3,23,18.9,31,-1.7,1015.4,1.0,2.0,10,827.7,0
2018-02-27 12:00:59,3,23,18.8,31,-1.9,1015.4,1.7,2.4,10,827.7,0
2018-02-27 12:03:59,3,23,18.8,31,-1.9,1015.3,0.7,1.4,1,827.7,0
2018-02-27 12:06:59,3,23,18.6,31,-1.8,1015.3,0.3,0.7,4,827.7,0
2018-02-27 12:09:59,3,23,18.6,31,-1.8,1015.3,0.7,1.4,2,827.7,0
2018-02-27 12:12:59,3,23,18.6,31,-1.3,1015.3,1.0,1.4,8,827.7,0
2018-02-27 12:15:59,3,23,18.6,31,-1.1,1015.3,0.7,1.0,12,827.7,0
2018-02-27 12:18:59,3,23,18.5,31,-1.2,1015.2,1.0,1.4,1,827.7,0
2018-02-27 12:21:59,3,23,18.5,31,-1.1,1015.4,1.4,1.7,12,827.7,0
2018-02-27 12:24:59,3,23,18.5,30,-1.1,1015.3,1.0,1.4,10,827.7,0
2018-02-27 12:27:59,3,23,18.5,30,-1.0,1015.3,1.0,1.4,8,827.7,0
2018-02-27 12:30:59,3,23,18.5,30,-1.0,1015.4,1.7,2.0,10,827.7,0
2018-02-27 12:33:59,3,23,18.4,30,-1.1,1015.3,1.0,1.7,12,827.7,0
2018-02-27 12:36:59,3,23,18.4,30,-1.6,1015.2,1.0,1.4,0,827.7,0
2018-02-27 12:39:59,3,23,18.4,30,-1.8,1015.2,0.3,0.7,10,827.7,0
2018-02-27 12:42:59,3,23,18.5,31,-1.4,1015.3,1.0,1.4,0,827.7,0
2018-02-27 12:45:59,3,23,18.5,31,-0.8,1015.2,1.4,1.7,4,827.7,0
2018-02-27 12:48:59,3,23,18.5,30,-1.1,1015.3,1.4,2.0,10,827.7,0
2018-02-27 12:51:59,3,23,18.5,30,-1.4,1015.3,2.4,3.1,9,827.7,0
2018-02-27 12:54:59,3,23,18.5,30,-1.5,1015.2,1.4,1.7,10,827.7,0
2018-02-27 12:57:59,3,24,18.6,30,-1.2,1015.1,1.0,1.4,10,827.7,0
2018-02-27 13:00:59,3,24,18.6,30,-0.9,1015.1,0.3,0.7,2,827.7,0
2018-02-27 13:03:59,3,24,18.6,30,-0.9,1015.1,0.3,0.7,2,827.7,0
2018-02-27 13:06:59,3,24,18.7,30,-0.6,1015.1,1.4,1.7,8,827.7,0
2018-02-27 13:09:59,3,24,18.8,30,-1.0,1015.1,1.7,2.4,8,827.7,0
2018-02-27 13:12:59,3,24,18.8,30,-1.6,1015.1,1.4,2.0,4,827.7,0
2018-02-27 13:15:59,3,24,18.8,30,-2.0,1015.1,1.4,1.7,9,827.7,0
2018-02-27 13:18:59,3,24,18.8,30,-2.2,1015.2,1.0,1.4,2,827.7,0
2018-02-27 13:21:59,3,24,18.9,30,-2.1,1015.1,0.3,0.7,10,827.7,0
2018-02-27 13:24:59,3,24,18.9,31,-2.0,1015.2,1.0,1.4,10,827.7,0
2018-02-27 13:27:59,3,24,18.9,31,-1.9,1015.1,0.3,0.3,10,827.7,0
2018-02-27 13:30:59,3,23,19.0,31,-1.9,1015.1,0.3,0.7,12,827.7,0
2018-02-27 13:33:59,3,23,19.0,31,-2.0,1015.0,0.7,1.0,10,827.7,0
2018-02-27 13:36:59,3,23,19.0,31,-2.1,1015.0,1.4,1.7,10,827.7,0
2018-02-27 13:39:59,3,23,19.0,31,-2.1,1015.3,0.3,1.0,8,827.7,0
2018-02-27 13:42:59,3,23,19.0,31,-2.2,1015.1,0,0.3,12,827.7,0
2018-02-27 13:45:59,3,23,19.0,31,-2.1,1015.2,0.3,0.7,10,827.7,0
2018-02-27 13:48:59,3,23,19.0,31,-2.2,1015.1,0,0.3,12,827.7,0
2018-02-27 13:51:59,3,23,19.1,31,-2.2,1015.2,0.7,1.0,0,827.7,0
2018-02-27 13:54:59,3,23,19.1,31,-2.1,1015.2,1.4,2.0,6,827.7,0
2018-02-27 13:57:59,3,22,19.1,31,-2.2,1015.2,1.0,1.7,2,827.7,0
2018-02-27 14:00:59,3,22,19.1,31,-2.4,1015.1,1.0,1.4,2,827.7,0
2018-02-27 14:03:59,3,22,19.1,31,-2.4,1015.1,0.7,1.0,6,827.7,0
2018-02-27 14:06:59,3,22,19.1,31,-2.4,1015.0,0.7,1.4,2,827.7,0
2018-02-27 14:09:59,3,22,19.1,31,-2.5,1015.1,0.7,1.0,0,827.7,0
2018-02-27 14:12:59,3,22,19.1,31,-2.4,1015.1,0.3,0.7,6,827.7,0
2018-02-27 14:15:59,3,22,19.1,31,-2.4,1015.2,0.7,1.0,12,827.7,0
2018-02-27 14:18:59,3,22,19.1,31,-2.3,1015.1,1.0,1.0,14,827.7,0
2018-02-27 14:21:59,3,22,19.1,31,-2.4,1015.2,0.7,1.0,4,827.7,0
2018-02-27 14:24:59,3,22,19.1,33,-2.4,1015.1,0.3,0.7,8,827.7,0
2018-02-27 14:27:59,3,22,19.1,31,-2.4,1015.1,0.7,1.0,0,827.7,0
2018-02-27 14:30:59,3,22,19.1,31,-2.5,1015.1,1.0,1.7,0,827.7,0
2018-02-27 14:33:59,3,22,19.1,31,-2.8,1015.2,1.0,1.4,0,827.7,0
2018-02-27 14:36:59,3,22,19.1,31,-2.8,1015.2,0.7,1.0,0,827.7,0
2018-02-27 14:39:59,3,22,19.1,33,-2.8,1015.1,1.7,2.4,6,827.7,0
2018-02-27 14:42:59,3,22,19.1,33,-2.8,1015.2,1.4,2.0,3,827.7,0
2018-02-27 14:45:59,3,22,19.2,35,-2.9,1015.3,1.0,1.4,4,827.7,0
2018-02-27 14:48:59,3,22,19.2,35,-2.9,1015.3,0.3,0.7,12,827.7,0
2018-02-27 14:51:59,3,22,19.2,35,-3.0,1015.4,1.0,1.7,4,827.7,0
2018-02-27 14:54:59,3,22,19.2,36,-3.1,1015.3,0.7,1.0,3,827.7,0
2018-02-27 14:57:59,3,22,19.2,36,-3.1,1015.4,0.3,0.7,4,827.7,0
2018-02-27 15:00:59,3,22,19.2,38,-3.1,1015.3,0.7,1.0,2,827.7,0
2018-02-27 15:03:59,3,22,19.2,38,-3.1,1015.4,0.7,1.0,2,827.7,0
2018-02-27 15:06:59,3,22,19.2,38,-3.1,1015.3,0.7,1.0,2,827.7,0
2018-02-27 15:09:59,3,22,19.2,38,-3.2,1015.3,1.4,2.0,4,827.7,0
2018-02-27 15:12:59,3,22,19.2,38,-3.2,1015.4,2.0,2.4,4,827.7,0
2018-02-27 15:15:59,3,22,19.2,40,-3.3,1015.4,1.0,1.7,7,827.7,0
2018-02-27 15:18:59,3,22,19.2,40,-3.3,1015.4,2.0,2.4,4,827.7,0
2018-02-27 15:21:59,3,22,19.2,40,-3.4,1015.5,0.7,1.0,4,827.7,0
2018-02-27 15:24:59,3,22,19.2,40,-3.4,1015.5,1.0,1.4,4,827.7,0
2018-02-27 15:27:59,3,22,19.2,40,-3.4,1015.5,1.0,1.7,4,827.7,0
2018-02-27 15:30:59,3,22,19.2,40,-3.4,1015.5,1.0,1.4,4,827.7,0
2018-02-27 15:33:59,3,22,19.2,41,-3.5,1015.5,1.0,1.7,4,827.7,0
2018-02-27 15:36:59,3,22,19.2,41,-3.6,1015.6,3.4,4.1,4,827.7,0
2018-02-27 15:39:59,3,22,19.2,41,-3.8,1015.6,1.7,2.0,14,827.7,0
2018-02-27 15:42:59,3,22,19.2,42,-3.9,1015.6,2.4,3.1,4,827.7,0
2018-02-27 15:45:59,3,22,19.2,42,-3.9,1015.6,0.7,1.4,0,827.7,0
2018-02-27 15:48:59,3,22,19.3,43,-4.0,1015.7,2.4,2.7,4,827.7,0
2018-02-27 15:51:59,3,22,19.2,42,-4.0,1015.7,2.0,2.7,4,827.7,0
2018-02-27 15:54:59,3,22,19.3,42,-4.1,1015.7,2.4,2.7,0,827.7,0
2018-02-27 15:57:59,3,22,19.3,42,-4.1,1015.6,1.0,1.7,4,827.7,0
2018-02-27 16:00:59,3,22,19.3,42,-4.1,1015.7,0.3,0.7,4,827.7,0
2018-02-27 16:03:59,3,22,19.3,42,-4.1,1015.7,0.3,0.7,4,827.7,0
2018-02-27 16:06:59,3,22,19.3,42,-4.1,1015.8,0.7,1.4,2,827.7,0
2018-02-27 16:09:59,3,22,19.3,42,-4.1,1015.7,0.7,1.0,4,827.7,0
2018-02-27 16:12:59,3,22,19.3,42,-4.1,1015.8,0.3,0.7,8,827.7,0
2018-02-27 16:15:59,3,22,19.3,41,-4.1,1015.8,1.4,1.7,3,827.7,0
2018-02-27 16:18:59,3,22,19.3,41,-4.2,1015.8,1.0,1.4,4,827.7,0
2018-02-27 16:21:59,3,22,19.3,41,-4.2,1015.8,1.4,1.7,6,827.7,0
2018-02-27 16:24:59,3,22,19.3,42,-4.2,1015.9,2.0,3.1,12,827.7,0
2018-02-27 16:27:59,3,22,19.3,43,-4.4,1015.9,1.7,2.4,0,827.7,0
2018-02-27 16:30:59,3,22,19.3,44,-4.4,1016.0,3.7,4.8,14,827.7,0
2018-02-27 16:33:59,3,22,19.3,46,-4.6,1016.0,1.7,2.4,6,827.7,0
2018-02-27 16:36:59,3,22,19.3,49,-4.7,1016.0,1.0,1.7,14,827.7,0
2018-02-27 16:39:59,3,22,19.3,50,-4.8,1016.0,1.4,2.0,0,827.7,0
2018-02-27 16:42:59,3,22,19.3,50,-4.8,1016.1,1.4,2.4,4,827.7,0
2018-02-27 16:45:59,3,22,19.3,50,-4.9,1016.1,2.0,2.7,2,827.7,0
2018-02-27 16:48:59,3,22,19.3,50,-4.9,1016.2,0.7,1.0,2,827.7,0
2018-02-27 16:51:59,3,22,19.3,50,-5.0,1016.1,0.7,1.4,0,827.7,0
2018-02-27 16:54:59,3,22,19.3,49,-5.0,1016.3,1.4,2.0,1,827.7,0
2018-02-27 16:57:59,3,22,19.3,48,-5.0,1016.3,1.0,1.4,4,827.7,0
2018-02-27 17:00:59,3,22,19.3,47,-5.0,1016.3,1.0,1.7,0,827.7,0
2018-02-27 17:03:59,3,22,19.3,47,-5.0,1016.3,1.0,1.7,0,827.7,0
2018-02-27 17:06:59,3,22,19.3,47,-5.0,1016.4,1.0,1.7,0,827.7,0
2018-02-27 17:09:59,3,22,19.3,45,-5.1,1016.4,1.4,2.4,1,827.7,0
2018-02-27 17:12:59,3,22,19.3,45,-5.1,1016.4,0.7,1.4,4,827.7,0
2018-02-27 17:15:59,3,22,19.3,45,-5.1,1016.4,1.4,2.0,2,827.7,0
2018-02-27 17:18:59,3,22,19.3,46,-5.1,1016.5,1.7,2.4,2,827.7,0
2018-02-27 17:21:59,3,22,19.3,46,-5.1,1016.6,1.4,1.7,0,827.7,0
2018-02-27 17:24:59,3,22,19.3,47,-5.1,1016.5,1.4,2.0,15,827.7,0
2018-02-27 17:27:59,3,22,19.3,47,-5.2,1016.6,2.4,3.1,0,827.7,0
2018-02-27 17:30:59,3,22,19.3,47,-5.2,1016.6,1.4,2.4,4,827.7,0
2018-02-27 17:33:59,3,22,19.3,47,-5.3,1016.6,1.4,2.0,14,827.7,0
2018-02-27 17:36:59,3,22,19.3,48,-5.3,1016.6,1.7,2.4,0,827.7,0
2018-02-27 17:39:59,3,22,19.3,50,-5.4,1016.6,2.0,2.7,2,827.7,0
2018-02-27 17:42:59,3,22,19.3,51,-5.4,1016.7,1.0,2.0,2,827.7,0
2018-02-27 17:45:59,3,22,19.3,52,-5.5,1016.8,0.7,1.7,3,827.7,0
2018-02-27 17:48:59,3,22,19.3,52,-5.6,1016.7,1.0,1.7,2,827.7,0
2018-02-27 17:51:59,3,22,19.3,53,-5.6,1016.7,1.4,2.4,4,827.7,0
2018-02-27 17:54:59,3,22,19.3,54,-5.7,1016.7,1.7,2.4,4,827.7,0
2018-02-27 17:57:59,3,22,19.3,55,-5.8,1016.7,1.0,1.4,4,827.7,0
2018-02-27 18:00:59,3,22,19.3,56,-5.9,1016.7,1.7,2.0,4,827.7,0
2018-02-27 18:03:59,3,22,19.3,56,-5.9,1016.7,1.0,1.4,0,827.7,0
2018-02-27 18:06:59,3,22,19.3,56,-6.0,1016.8,1.0,1.4,0,827.7,0
2018-02-27 18:09:59,3,22,19.3,56,-6.0,1016.8,1.0,1.7,4,827.7,0
2018-02-27 18:12:59,3,22,19.3,55,-6.0,1016.8,1.0,1.4,2,827.7,0
2018-02-27 18:15:59,3,22,19.3,55,-6.1,1016.7,1.0,1.7,2,827.7,0
2018-02-27 18:18:59,3,22,19.3,55,-6.2,1016.6,0.7,1.0,0,827.7,0
2018-02-27 18:21:59,3,22,19.4,55,-6.2,1016.7,0.3,0.7,0,827.7,0
2018-02-27 18:24:59,3,22,19.4,55,-6.3,1016.8,0.3,0.7,2,827.7,0
2018-02-27 18:27:59,3,22,19.4,55,-6.3,1016.8,2.0,2.7,2,827.7,0
2018-02-27 18:30:59,3,22,19.4,55,-6.4,1016.9,2.0,2.4,0,827.7,0
2018-02-27 18:33:59,3,22,19.4,55,-6.4,1017.0,1.4,1.7,4,827.7,0
2018-02-27 18:36:59,3,22,19.4,55,-6.4,1016.9,2.0,2.7,4,827.7,0
2018-02-27 18:39:59,3,22,19.4,55,-6.4,1016.9,1.0,1.4,15,827.7,0
2018-02-27 18:42:59,3,22,19.4,55,-6.5,1017.0,0.7,1.4,4,827.7,0
2018-02-27 18:45:59,3,22,19.4,55,-6.5,1017.0,0.3,0.7,0,827.7,0
2018-02-27 18:48:59,3,22,19.4,55,-6.6,1017.0,1.4,2.0,2,827.7,0
2018-02-27 18:51:59,3,22,19.4,55,-6.7,1017.0,0.7,1.4,4,827.7,0
2018-02-27 18:54:59,3,22,19.4,56,-6.7,1016.9,1.4,2.0,4,827.7,0
2018-02-27 18:57:59,3,22,19.5,56,-6.7,1017.1,1.0,1.4,2,827.7,0
2018-02-27 19:00:59,3,22,19.5,56,-6.8,1016.9,0.3,0.3,0,827.7,0
2018-02-27 19:03:59,3,24,19.4,56,-6.8,1017.0,0.3,0.3,0,827.7,0
2018-02-27 19:06:59,3,24,19.4,56,-6.8,1017.1,0.3,0.3,0,827.7,0
2018-02-27 19:09:59,3,24,19.4,56,-6.9,1017.1,1.0,1.4,0,827.7,0
2018-02-27 19:12:59,3,24,19.4,56,-6.9,1017.2,1.0,1.7,2,827.7,0
2018-02-27 19:15:59,3,22,19.5,56,-7.0,1017.2,0.7,1.0,0,827.7,0
2018-02-27 19:18:59,3,22,19.5,56,-7.0,1017.3,1.7,2.4,2,827.7,0
2018-02-27 19:21:59,3,22,19.5,56,-7.0,1017.3,1.4,1.7,2,827.7,0
2018-02-27 19:24:59,3,22,19.5,56,-7.1,1017.3,1.0,1.4,4,827.7,0
2018-02-27 19:27:59,3,24,19.4,56,-7.1,1017.3,0.7,1.4,4,827.7,0
2018-02-27 19:30:59,3,24,19.4,56,-7.1,1017.3,0.7,1.0,14,827.7,0
2018-02-27 19:33:59,3,24,19.4,56,-7.1,1017.3,0.3,1.0,6,827.7,0
2018-02-27 19:36:59,3,24,19.4,56,-7.2,1017.3,0.3,1.0,4,827.7,0
2018-02-27 19:39:59,3,22,19.5,56,-7.2,1017.4,1.0,1.7,4,827.7,0
2018-02-27 19:42:59,3,22,19.5,56,-7.2,1017.4,1.0,1.7,0,827.7,0
2018-02-27 19:45:59,3,22,19.5,56,-7.2,1017.4,1.0,1.4,1,827.7,0
2018-02-27 19:48:59,3,22,19.5,56,-7.1,1017.4,1.7,2.4,4,827.7,0
2018-02-27 19:51:59,3,24,19.4,56,-7.1,1017.4,1.4,1.7,4,827.7,0
2018-02-27 19:54:59,3,24,19.4,57,-7.1,1017.5,1.4,1.7,0,827.7,0
2018-02-27 19:57:59,3,24,19.4,58,-7.1,1017.4,1.7,2.4,2,827.7,0
2018-02-27 20:00:59,3,24,19.4,59,-7.2,1017.6,1.4,1.7,4,827.7,0
2018-02-27 20:03:59,3,22,19.5,59,-7.2,1017.4,0.3,0.7,0,827.7,0
2018-02-27 20:06:59,3,22,19.5,60,-7.3,1017.5,0.7,1.0,0,827.7,0
2018-02-27 20:09:59,3,22,19.5,60,-7.3,1017.6,1.0,1.4,1,827.7,0
2018-02-27 20:12:59,3,22,19.5,60,-7.3,1017.7,1.4,1.7,0,827.7,0
2018-02-27 20:15:59,3,24,19.4,60,-7.3,1017.6,0.7,1.0,6,827.7,0
2018-02-27 20:18:59,3,24,19.4,60,-7.3,1017.7,0,0.3,4,827.7,0
2018-02-27 20:21:59,3,24,19.4,61,-7.3,1017.7,0.3,0.7,0,827.7,0
2018-02-27 20:24:59,3,24,19.4,61,-7.3,1017.6,0.3,0.7,2,827.7,0
2018-02-27 20:27:59,3,22,19.5,61,-7.3,1017.7,1.7,2.4,0,827.7,0
2018-02-27 20:30:59,3,22,19.5,61,-7.2,1017.7,1.0,1.7,0,827.7,0
2018-02-27 20:33:59,3,24,19.4,61,-7.2,1017.7,1.4,1.7,0,827.7,0
2018-02-27 20:36:59,3,24,19.4,61,-7.2,1017.7,1.0,1.4,0,827.7,0
2018-02-27 20:39:59,3,22,19.5,61,-7.2,1017.7,1.4,2.0,0,827.7,0
2018-02-27 20:42:59,3,22,19.5,62,-7.3,1017.7,1.7,2.0,0,827.7,0
2018-02-27 20:45:59,3,22,19.4,62,-7.3,1017.8,1.0,1.7,10,827.7,0
2018-02-27 20:48:59,3,22,19.4,63,-7.3,1017.8,2.4,3.1,0,827.7,0
2018-02-27 20:51:59,3,22,19.4,64,-7.3,1017.9,1.0,1.4,2,827.7,0
2018-02-27 20:54:59,3,22,19.3,64,-7.3,1017.9,1.0,1.4,0,827.7,0
2018-02-27 20:57:59,3,22,19.3,64,-7.3,1017.9,1.0,1.4,2,827.7,0
2018-02-27 21:00:59,3,22,19.3,64,-7.3,1017.9,1.4,2.0,4,827.7,0
2018-02-27 21:03:59,3,22,19.3,64,-7.3,1018.0,1.4,2.0,4,827.7,0
2018-02-27 21:06:59,3,22,19.3,64,-7.3,1017.9,1.4,2.0,4,827.7,0
2018-02-27 21:09:59,3,22,19.3,62,-7.3,1018.0,2.0,2.7,6,827.7,0
2018-02-27 21:12:59,3,22,19.3,61,-7.3,1018.0,3.1,3.7,2,827.7,0
2018-02-27 21:15:59,3,22,19.3,60,-7.3,1018.0,0.7,1.0,14,827.7,0
2018-02-27 21:18:59,3,22,19.3,57,-7.3,1018.1,3.4,4.1,4,827.7,0
2018-02-27 21:21:59,3,22,19.2,53,-7.4,1018.1,1.7,2.4,15,827.7,0
2018-02-27 21:24:59,3,22,19.2,50,-7.4,1018.2,2.4,3.1,2,827.7,0
2018-02-27 21:27:59,3,22,19.2,49,-7.5,1018.1,2.7,4.1,2,827.7,0
2018-02-27 21:30:59,3,22,19.2,46,-7.6,1018.3,1.7,3.1,1,827.7,0
2018-02-27 21:33:59,3,22,19.2,44,-7.7,1018.3,1.7,2.0,2,827.7,0
2018-02-27 21:36:59,3,22,19.2,43,-7.8,1018.2,2.4,4.4,0,827.7,0
2018-02-27 21:39:59,3,22,19.1,42,-7.9,1018.2,2.4,3.1,0,827.7,0
2018-02-27 21:42:59,3,21,19.1,42,-8.0,1018.4,1.4,1.7,2,827.7,0
2018-02-27 21:45:59,3,21,19.1,41,-8.2,1018.3,2.0,4.4,0,827.7,0
2018-02-27 21:48:59,3,21,19.0,41,-8.3,1018.4,1.0,1.7,14,827.7,0
2018-02-27 21:51:59,3,22,19.1,41,-8.4,1018.4,1.7,2.4,14,827.7,0
2018-02-27 21:54:59,3,22,19.0,41,-8.5,1018.2,2.0,2.7,0,827.7,0
2018-02-27 21:57:59,3,22,19.0,41,-8.5,1018.4,1.7,2.4,4,827.7,0
2018-02-27 22:00:59,3,22,19.0,41,-8.6,1018.3,1.4,2.4,2,827.7,0
2018-02-27 22:03:59,3,23,18.9,42,-8.7,1018.4,1.0,1.7,2,827.7,0
2018-02-27 22:06:59,3,23,18.9,42,-8.8,1018.4,0.3,1.0,4,827.7,0
2018-02-27 22:09:59,3,23,18.8,42,-8.8,1018.4,1.0,1.4,4,827.7,0
2018-02-27 22:12:59,3,23,18.8,43,-8.9,1018.4,1.0,1.7,4,827.7,0
2018-02-27 22:15:59,3,23,18.8,43,-8.9,1018.5,1.0,1.7,4,827.7,0
2018-02-27 22:18:59,3,23,18.8,44,-8.9,1018.5,1.4,1.7,2,827.7,0
2018-02-27 22:21:59,3,23,18.7,45,-8.9,1018.5,2.0,2.7,4,827.7,0
2018-02-27 22:24:59,3,23,18.6,45,-9.0,1018.6,2.7,5.1,2,827.7,0
2018-02-27 22:27:59,3,23,18.6,45,-9.0,1018.6,2.0,3.7,6,827.7,0
2018-02-27 22:30:59,3,23,18.6,44,-9.0,1018.5,2.0,2.4,4,827.7,0
2018-02-27 22:33:59,3,23,18.5,44,-9.1,1018.6,0.7,1.0,14,827.7,0
2018-02-27 22:36:59,3,23,18.5,44,-9.2,1018.6,1.4,1.7,4,827.7,0
2018-02-27 22:39:59,3,23,18.5,44,-9.2,1018.7,1.0,1.4,2,827.7,0
2018-02-27 22:42:59,3,23,18.4,44,-9.3,1018.7,1.4,1.7,2,827.7,0
2018-02-27 22:45:59,3,23,18.4,44,-9.3,1018.6,1.4,1.7,2,827.7,0
2018-02-27 22:48:59,3,23,18.4,44,-9.4,1018.6,1.7,2.0,4,827.7,0
2018-02-27 22:51:59,3,23,18.4,44,-9.4,1018.5,0.7,1.0,14,827.7,0
2018-02-27 22:54:59,3,23,18.3,44,-9.5,1018.6,0.7,1.0,4,827.7,0
2018-02-27 22:57:59,3,23,18.3,44,-9.6,1018.6,1.7,2.4,2,827.7,0
