2016-11-08 00:01:59,3,43,19.3,90,2.3,1003.2,0.3,0.7,2,78.0,0
2016-11-08 00:04:59,3,43,19.3,90,2.3,1003.2,0.3,0.7,2,78.0,0
2016-11-08 00:07:59,3,43,19.3,90,2.3,1003.2,0.7,1.0,0,78.0,0
2016-11-08 00:10:59,3,43,19.3,90,2.3,1003.1,0.0,0.3,0,78.0,0
2016-11-08 00:13:59,3,43,19.2,90,2.3,1003.3,0.3,0.7,0,78.0,0
2016-11-08 00:16:59,3,43,19.2,90,2.3,1003.2,0.7,1.0,2,78.0,0
2016-11-08 00:19:59,3,43,19.2,90,2.3,1003.2,0.7,0.7,2,78.0,0
2016-11-08 00:22:59,3,43,19.2,90,2.3,1003.1,0.0,0.3,0,78.0,0
2016-11-08 00:25:59,3,43,19.2,90,2.3,1003.2,0.3,0.7,0,78.0,0
2016-11-08 00:28:59,3,43,19.2,90,2.3,1003.2,0.3,0.7,2,78.0,0
2016-11-08 00:31:59,3,43,19.1,90,2.3,1003.3,0.3,0.7,0,78.0,0
2016-11-08 00:34:59,3,43,19.1,90,2.3,1003.2,0.3,0.7,2,78.0,0
2016-11-08 00:37:59,3,43,19.1,90,2.3,1003.3,0.7,0.7,0,78.0,0
2016-11-08 00:40:59,3,43,19.1,90,2.3,1003.2,0.7,1.0,2,78.0,0
2016-11-08 00:43:59,3,43,19.1,90,2.3,1003.3,0.3,0.7,2,78.0,0
2016-11-08 00:46:59,3,43,19.0,90,2.2,1003.2,0.3,0.7,6,78.0,0
2016-11-08 00:49:59,3,43,19.0,90,2.2,1003.1,0.0,0.0,14,78.0,0
2016-11-08 00:52:59,3,43,19.0,90,2.2,1003.1,0.0,0.7,0,78.0,0
2016-11-08 00:55:59,3,43,19.0,90,2.2,1003.2,0.3,0.7,2,78.0,0
2016-11-08 00:58:59,3,43,19.0,90,2.2,1003.2,0.3,0.7,14,78.0,0
2016-11-08 01:01:59,3,43,19.0,90,2.2,1003.1,0.3,0.7,0,78.0,0
2016-11-08 01:04:59,3,43,19.0,90,2.2,1003.1,0.3,0.7,0,78.0,0
2016-11-08 01:07:59,3,44,18.9,90,2.2,1003.1,0.3,0.3,2,78.0,0
2016-11-08 01:10:59,3,44,18.9,90,2.2,1002.9,0.7,1.0,2,78.0,0
2016-11-08 01:13:59,3,44,18.9,90,2.2,1002.9,0.0,0.3,4,78.0,0
2016-11-08 01:16:59,3,44,18.9,90,2.2,1003.0,0.0,0.3,0,78.0,0
2016-11-08 01:19:59,3,44,18.9,90,2.2,1003.0,0.0,0.0,8,78.0,0
2016-11-08 01:22:59,3,44,18.8,90,2.2,1002.8,0.0,0.0,2,78.0,0
2016-11-08 01:25:59,3,44,18.8,90,2.2,1002.8,0.3,0.7,0,78.0,0
2016-11-08 01:28:59,3,44,18.8,90,2.2,1002.8,0.0,0.3,2,78.0,0
2016-11-08 01:31:59,3,44,18.8,90,2.2,1002.8,0.0,0.0,2,78.0,0
2016-11-08 01:34:59,3,44,18.8,90,2.2,1002.8,0.0,0.3,2,78.0,0
2016-11-08 01:37:59,3,44,18.8,90,2.1,1002.7,0.0,0.0,2,78.0,0
2016-11-08 01:40:59,3,44,18.8,90,2.1,1002.8,0.0,0.3,4,78.0,0
2016-11-08 01:43:59,3,44,18.8,90,2.1,1002.8,0.0,0.0,0,78.0,0
2016-11-08 01:46:59,3,44,18.7,90,2.1,1002.7,0.3,0.7,4,78.0,0
2016-11-08 01:49:59,3,44,18.7,90,2.1,1002.7,0.0,0.0,0,78.0,0
2016-11-08 01:52:59,3,44,18.6,90,2.1,1002.8,0.0,0.3,14,78.0,0
2016-11-08 01:55:59,3,44,18.6,90,2.1,1002.7,0.3,0.3,4,78.0,0
2016-11-08 01:58:59,3,44,18.6,90,2.2,1002.7,0.3,0.7,2,78.0,0
2016-11-08 02:01:59,3,44,18.6,90,2.2,1002.8,0.0,0.3,0,78.0,0
2016-11-08 02:04:59,3,44,18.6,90,2.2,1002.7,0.0,0.0,0,78.0,0
2016-11-08 02:07:59,3,44,18.6,90,2.2,1002.7,0.0,0.0,0,78.0,0
2016-11-08 02:10:59,3,44,18.5,90,2.2,1002.7,0.0,0.0,0,78.0,0
2016-11-08 02:13:59,3,44,18.5,90,2.2,1002.7,0.0,0.0,4,78.0,0
2016-11-08 02:16:59,3,44,18.5,90,2.2,1002.7,0.3,0.7,4,78.0,0
2016-11-08 02:19:59,3,44,18.5,90,2.2,1002.8,0.3,0.7,4,78.0,0
2016-11-08 02:22:59,3,44,18.5,90,2.2,1002.6,0.7,1.0,4,78.0,0
2016-11-08 02:25:59,3,44,18.5,90,2.2,1002.7,0.0,0.3,4,78.0,0
2016-11-08 02:28:59,3,44,18.4,90,2.3,1002.6,0.7,1.0,4,78.0,0
2016-11-08 02:31:59,3,44,18.4,90,2.3,1002.6,1.0,1.7,4,78.0,0
2016-11-08 02:34:59,3,44,18.4,90,2.3,1002.5,0.7,1.4,2,78.0,0
2016-11-08 02:37:59,3,44,18.4,90,2.3,1002.6,0.3,0.7,4,78.0,0
2016-11-08 02:40:59,3,44,18.4,90,2.3,1002.5,0.3,0.7,4,78.0,0
2016-11-08 02:43:59,3,44,18.4,90,2.3,1002.5,0.3,1.0,4,78.0,0
2016-11-08 02:46:59,3,44,18.4,90,2.3,1002.4,0.7,1.0,2,78.0,0
2016-11-08 02:49:59,3,44,18.4,90,2.4,1002.5,0.3,0.7,4,78.0,0
2016-11-08 02:52:59,3,44,18.4,90,2.4,1002.5,1.0,1.4,4,78.0,0
2016-11-08 02:55:59,3,44,18.3,90,2.4,1002.5,0.3,0.7,2,78.0,0
2016-11-08 02:58:59,3,44,18.3,90,2.4,1002.5,1.0,1.7,4,78.0,0
2016-11-08 03:01:59,3,44,18.3,90,2.4,1002.4,0.7,1.0,4,78.0,0
2016-11-08 03:04:59,3,44,18.3,90,2.4,1002.5,0.7,1.0,4,78.0,0
2016-11-08 03:07:59,3,44,18.3,90,2.4,1002.5,0.7,1.0,2,78.0,0
2016-11-08 03:10:59,3,44,18.3,90,2.4,1002.4,0.3,0.3,2,78.0,0
2016-11-08 03:13:59,3,44,18.3,90,2.4,1002.5,0.3,0.7,2,78.0,0
2016-11-08 03:16:59,3,44,18.3,90,2.4,1002.5,0.0,0.3,2,78.0,0
2016-11-08 03:19:59,3,44,18.3,90,2.4,1002.4,0.3,0.7,2,78.0,0
2016-11-08 03:22:59,3,44,18.3,90,2.4,1002.4,0.3,0.7,0,78.0,0
2016-11-08 03:25:59,3,44,18.3,90,2.4,1002.4,0.3,0.7,0,78.0,0
2016-11-08 03:28:59,3,43,18.3,90,2.4,1002.3,0.3,0.7,0,78.0,0
2016-11-08 03:31:59,3,44,18.2,90,2.4,1002.4,0.0,0.3,0,78.0,0
2016-11-08 03:34:59,3,44,18.2,90,2.3,1002.3,0.0,0.0,0,78.0,0
2016-11-08 03:37:59,3,44,18.2,90,2.3,1002.4,0.0,0.0,0,78.0,0
2016-11-08 03:40:59,3,44,18.2,90,2.3,1002.4,0.0,0.0,0,78.0,0
2016-11-08 03:43:59,3,44,18.2,90,2.3,1002.3,0.0,0.0,0,78.0,0
2016-11-08 03:46:59,3,44,18.2,90,2.3,1002.4,0.0,0.0,0,78.0,0
2016-11-08 03:49:59,3,44,18.2,90,2.3,1002.4,0.0,0.0,0,78.0,0
2016-11-08 03:52:59,3,44,18.2,90,2.3,1002.4,0.0,0.0,0,78.0,0
2016-11-08 03:55:59,3,43,18.1,90,2.4,1002.4,0.0,0.0,0,78.0,0
2016-11-08 03:58:59,3,43,18.1,90,2.4,1002.3,0.3,0.7,4,78.0,0
2016-11-08 04:01:59,3,43,18.1,90,2.4,1002.3,0.3,0.7,4,78.0,0
2016-11-08 04:04:59,3,43,18.1,90,2.4,1002.2,0.3,0.7,4,78.0,0
2016-11-08 04:07:59,3,43,18.1,90,2.4,1002.3,0.3,0.7,4,78.0,0
2016-11-08 04:10:59,3,44,18.1,90,2.5,1002.2,0.3,0.7,4,78.0,0
2016-11-08 04:13:59,3,44,18.1,90,2.5,1002.2,0.0,0.3,4,78.0,0
2016-11-08 04:16:59,3,44,18.1,90,2.5,1002.2,0.0,0.3,2,78.0,0
2016-11-08 04:19:59,3,44,18.1,90,2.5,1002.2,0.0,0.0,0,78.0,0
2016-11-08 04:22:59,3,44,18.1,90,2.5,1002.2,0.0,0.0,0,78.0,0
2016-11-08 04:25:59,3,44,18.1,90,2.5,1002.2,0.0,0.3,0,78.0,0
2016-11-08 04:28:59,3,44,18.0,90,2.5,1002.1,0.0,0.3,0,78.0,0
2016-11-08 04:31:59,3,44,18.0,90,2.5,1002.2,0.0,0.0,2,78.0,0
2016-11-08 04:34:59,3,44,18.0,90,2.5,1002.2,0.0,0.3,2,78.0,0
2016-11-08 04:37:59,3,44,18.0,90,2.5,1002.1,0.0,0.0,2,78.0,0
2016-11-08 04:40:59,3,44,18.0,90,2.5,1002.2,0.0,0.3,2,78.0,0
2016-11-08 04:43:59,3,44,18.0,90,2.6,1002.1,0.0,0.3,2,78.0,0
2016-11-08 04:46:59,3,44,18.0,90,2.6,1002.1,0.0,0.0,2,78.0,0
2016-11-08 04:49:59,3,44,18.0,90,2.6,1002.1,0.0,0.0,2,78.0,0
2016-11-08 04:52:59,3,44,18.0,90,2.6,1002.1,0.3,0.3,0,78.0,0
2016-11-08 04:55:59,3,44,18.0,90,2.6,1002.1,0.0,0.3,0,78.0,0
2016-11-08 04:58:59,3,44,18.0,90,2.6,1002.2,0.0,0.0,0,78.0,0
2016-11-08 05:01:59,3,44,18.0,90,2.6,1002.2,0.0,0.0,0,78.0,0
2016-11-08 05:04:59,3,44,18.0,90,2.6,1002.1,0.0,0.0,0,78.0,0
2016-11-08 05:07:59,3,44,18.0,90,2.6,1002.1,0.0,0.3,0,78.0,0
2016-11-08 05:10:59,3,44,18.0,90,2.6,1002.1,0.0,0.0,0,78.0,0
2016-11-08 05:13:59,3,43,18.1,90,2.6,1002.1,0.0,0.0,2,78.0,0
2016-11-08 05:16:59,3,43,18.1,90,2.6,1002.1,0.0,0.0,2,78.0,0
2016-11-08 05:19:59,3,43,18.1,90,2.6,1002.1,0.0,0.0,2,78.0,0
2016-11-08 05:22:59,3,43,18.1,90,2.6,1002.0,0.0,0.0,4,78.0,0
2016-11-08 05:25:59,3,43,18.2,90,2.6,1002.1,0.0,0.0,4,78.0,0
2016-11-08 05:28:59,3,43,18.2,90,2.6,1002.0,0.7,1.0,0,78.0,0
2016-11-08 05:31:59,3,43,18.3,90,2.6,1002.0,0.0,0.3,2,78.0,0
2016-11-08 05:34:59,3,43,18.3,90,2.6,1002.0,0.3,0.7,4,78.0,0
2016-11-08 05:37:59,3,43,18.3,90,2.6,1002.2,0.3,0.7,2,78.0,0
2016-11-08 05:40:59,3,43,18.3,90,2.6,1002.1,0.3,0.7,0,78.0,0
2016-11-08 05:43:59,3,43,18.4,90,2.6,1002.1,0.3,0.7,4,78.0,0
2016-11-08 05:46:59,3,43,18.4,90,2.6,1002.1,0.7,1.0,0,78.0,0
2016-11-08 05:49:59,3,43,18.4,90,2.6,1002.1,0.3,0.7,4,78.0,0
2016-11-08 05:52:59,3,43,18.5,90,2.7,1002.2,0.0,0.3,4,78.0,0
2016-11-08 05:55:59,3,43,18.5,90,2.7,1002.1,0.3,0.7,4,78.0,0
2016-11-08 05:58:59,3,43,18.5,90,2.6,1002.2,0.7,1.0,4,78.0,0
2016-11-08 06:01:59,3,43,18.6,89,2.7,1002.2,0.3,0.3,4,78.0,0
2016-11-08 06:04:59,3,43,18.6,89,2.7,1002.1,0.0,0.0,4,78.0,0
2016-11-08 06:07:59,3,43,18.6,89,2.7,1002.2,0.3,0.7,2,78.0,0
2016-11-08 06:10:59,3,43,18.6,89,2.7,1002.1,0.3,0.7,0,78.0,0
2016-11-08 06:13:59,3,43,18.7,89,2.7,1002.1,0.7,1.0,2,78.0,0
2016-11-08 06:16:59,3,43,18.7,89,2.7,1002.2,1.0,1.4,8,78.0,0
2016-11-08 06:19:59,3,43,18.7,89,2.7,1002.0,0.3,0.7,6,78.0,0
2016-11-08 06:22:59,3,43,18.8,89,2.7,1002.1,0.3,0.7,6,78.0,0
2016-11-08 06:25:59,3,43,18.8,89,2.7,1002.1,0.7,1.0,6,78.0,0
2016-11-08 06:28:59,3,43,18.8,89,2.7,1002.0,0.3,0.7,4,78.0,0
2016-11-08 06:31:59,3,43,18.8,89,2.7,1002.2,1.0,1.4,4,78.0,0
2016-11-08 06:34:59,3,43,18.9,89,2.7,1002.0,0.7,1.0,4,78.0,0
2016-11-08 06:37:59,3,43,18.9,89,2.7,1002.2,1.0,1.4,4,78.0,0
2016-11-08 06:40:59,3,43,18.9,89,2.8,1002.1,0.7,1.4,0,78.0,0
2016-11-08 06:43:59,3,43,18.9,89,2.8,1002.2,0.3,0.7,2,78.0,0
2016-11-08 06:46:59,3,42,19.0,89,2.8,1002.3,1.0,1.4,4,78.0,0
2016-11-08 06:49:59,3,42,19.0,89,2.8,1002.2,0.0,0.3,0,78.3,0
2016-11-08 06:52:59,3,42,19.0,89,2.8,1002.3,0.3,0.7,2,78.3,0
2016-11-08 06:55:59,3,42,19.0,89,2.8,1002.2,0.0,0.0,2,78.3,0
2016-11-08 06:58:59,3,42,19.0,89,2.8,1002.2,0.3,0.7,2,78.3,0
2016-11-08 07:01:59,3,42,19.0,89,2.8,1002.2,0.0,0.3,2,78.3,0
2016-11-08 07:04:59,3,42,19.0,89,2.8,1002.2,0.0,0.3,2,78.3,0
2016-11-08 07:07:59,3,42,19.1,89,2.8,1002.2,0.3,0.7,4,78.3,0
2016-11-08 07:10:59,3,42,19.1,89,2.8,1002.2,0.7,1.0,2,78.3,0
2016-11-08 07:13:59,3,42,19.1,89,2.8,1002.2,0.7,1.0,2,78.3,0
2016-11-08 07:16:59,3,42,19.1,89,2.8,1002.2,0.3,0.7,2,78.3,0
2016-11-08 07:19:59,3,43,19.1,90,2.8,1002.2,1.0,1.4,6,78.3,0
2016-11-08 07:22:59,3,45,19.1,90,2.8,1002.0,0.3,0.7,4,78.3,0
2016-11-08 07:25:59,3,45,19.2,90,2.9,1002.2,1.0,1.4,3,78.3,0
2016-11-08 07:28:59,3,44,19.2,90,2.9,1002.1,1.0,1.4,4,78.3,0
2016-11-08 07:31:59,3,44,19.2,90,2.9,1002.1,0.0,0.3,9,78.3,0
2016-11-08 07:34:59,3,44,19.3,90,2.9,1002.1,0.7,1.0,4,78.3,0
2016-11-08 07:37:59,3,43,19.5,90,3.0,1002.2,0.3,0.7,4,78.3,0
2016-11-08 07:40:59,3,43,19.7,90,3.0,1002.1,0.7,0.7,4,78.3,0
2016-11-08 07:43:59,3,42,19.9,90,3.0,1002.2,0.3,0.7,4,78.3,0
2016-11-08 07:46:59,3,41,20.1,90,3.0,1002.3,0.3,1.0,4,78.3,0
2016-11-08 07:49:59,3,40,20.3,90,3.0,1002.2,0.7,1.0,4,78.3,0
2016-11-08 07:52:59,3,40,20.4,90,3.0,1002.3,0.7,1.0,6,78.3,0
2016-11-08 07:55:59,3,40,20.5,90,3.0,1002.2,0.3,1.0,4,78.3,0
2016-11-08 07:58:59,3,40,20.6,90,3.1,1002.3,0.7,1.4,4,78.3,0
2016-11-08 08:01:59,3,40,20.7,90,3.1,1002.2,0.7,1.0,3,78.3,0
2016-11-08 08:04:59,3,39,20.9,90,3.1,1002.3,0.7,1.4,5,78.3,0
2016-11-08 08:07:59,3,38,21.0,90,3.2,1002.4,0.7,1.0,2,78.3,0
2016-11-08 08:10:59,3,37,21.1,90,3.2,1002.2,0.7,1.0,4,78.3,0
2016-11-08 08:13:59,3,37,21.1,90,3.2,1002.4,1.0,1.4,4,78.3,0
2016-11-08 08:16:59,3,38,21.0,90,3.2,1002.4,0.7,1.0,4,78.3,0
2016-11-08 08:19:59,3,38,21.0,90,3.2,1002.5,0,0.3,4,78.3,0
2016-11-08 08:22:59,3,39,20.9,90,3.3,1002.4,0.3,1.0,4,78.3,0
2016-11-08 08:25:59,3,39,20.9,90,3.3,1002.4,0.3,0.7,4,78.3,0
2016-11-08 08:28:59,3,39,20.9,90,3.3,1002.3,1.0,1.7,4,78.3,0
2016-11-08 08:31:59,3,39,20.9,90,3.4,1002.3,1.0,1.4,4,78.3,0
2016-11-08 08:34:59,3,39,20.8,90,3.5,1002.3,1.0,1.7,10,78.3,0
2016-11-08 08:37:59,3,39,20.9,90,3.5,1002.4,1.4,2.0,3,78.3,0
2016-11-08 08:40:59,3,39,20.8,90,3.5,1002.4,0.7,1.0,4,78.3,0
2016-11-08 08:43:59,3,39,20.8,90,3.6,1002.4,1.4,2.0,4,78.3,0
2016-11-08 08:46:59,3,39,20.8,90,3.6,1002.3,0.7,1.7,5,78.3,0
2016-11-08 08:49:59,3,39,20.8,90,3.7,1002.3,0.7,1.0,4,78.3,0
2016-11-08 08:52:59,3,39,20.7,90,3.7,1002.4,1.4,2.4,2,78.3,0
2016-11-08 08:55:59,3,39,20.7,90,3.7,1002.4,1.4,2.0,2,78.3,0
2016-11-08 08:58:59,3,39,20.6,90,3.8,1002.3,0.3,0.7,2,78.3,0
2016-11-08 09:01:59,3,39,20.6,90,3.8,1002.3,0.7,1.0,10,78.3,0
2016-11-08 09:04:59,3,39,20.6,90,3.8,1002.3,0.7,1.0,10,78.3,0
2016-11-08 09:07:59,3,40,20.5,89,3.9,1002.3,0.3,0.7,9,78.3,0
2016-11-08 09:10:59,3,40,20.5,89,3.9,1002.2,0.3,0.7,2,78.3,0
2016-11-08 09:13:59,3,40,20.4,89,4.0,1002.3,0.7,1.0,3,78.3,0
2016-11-08 09:16:59,3,40,20.4,89,4.0,1002.2,0.3,0.7,12,78.3,0
2016-11-08 09:19:59,3,40,20.3,89,4.1,1002.2,1.4,2.0,6,78.3,0
2016-11-08 09:22:59,3,40,20.3,89,4.1,1002.3,0.3,0.7,10,78.3,0
2016-11-08 09:25:59,3,40,20.3,88,4.2,1002.3,0,0.7,3,78.3,0
2016-11-08 09:28:59,3,40,20.2,88,4.2,1002.2,0.7,1.0,6,78.3,0
2016-11-08 09:31:59,3,40,20.2,88,4.2,1002.3,0.7,1.0,8,78.3,0
2016-11-08 09:34:59,3,40,20.1,88,4.2,1002.3,0.7,1.0,3,78.3,0
2016-11-08 09:37:59,3,40,20.1,88,4.2,1002.3,0.3,0.7,2,78.3,0
2016-11-08 09:40:59,3,40,20.1,87,4.2,1002.1,1.0,1.7,2,78.3,0
2016-11-08 09:43:59,3,40,20.1,87,4.2,1002.2,0.7,1.0,2,78.3,0
2016-11-08 09:46:59,3,40,20.1,87,4.2,1002.1,0.7,1.4,10,78.3,0
2016-11-08 09:49:59,3,40,20.0,87,4.2,1002.1,0.7,1.0,6,78.3,0
2016-11-08 09:52:59,3,40,20.0,86,4.2,1002.1,0.3,0.7,6,78.3,0
2016-11-08 09:55:59,3,40,20.0,86,4.2,1002.1,0,0.3,6,78.3,0
2016-11-08 09:58:59,3,40,20.0,86,4.2,1002.1,0.7,1.7,2,78.3,0
2016-11-08 10:01:59,3,40,20.0,86,4.2,1002.1,0.7,1.4,12,78.3,0
2016-11-08 10:04:59,3,40,20.0,86,4.2,1002.0,1.0,1.4,6,78.3,0
2016-11-08 10:07:59,3,41,19.9,86,4.3,1001.9,0.7,1.0,10,78.3,0
2016-11-08 10:10:59,3,41,19.8,86,4.3,1002.0,0.7,1.4,4,78.3,0
2016-11-08 10:13:59,3,41,19.8,86,4.3,1001.9,0.7,1.0,6,78.3,0
2016-11-08 10:16:59,3,42,19.8,86,4.3,1001.9,1.0,1.4,6,78.3,0
2016-11-08 10:19:59,3,42,19.8,86,4.4,1002.0,0.7,1.0,4,78.3,0
2016-11-08 10:22:59,3,42,19.8,86,4.4,1001.9,0.3,0.7,2,78.3,0
2016-11-08 10:25:59,3,42,19.8,86,4.4,1001.9,0.3,0.7,4,78.3,0
2016-11-08 10:28:59,3,41,19.8,86,4.5,1001.8,1.4,2.0,8,78.3,0
2016-11-08 10:31:59,3,42,19.7,86,4.5,1001.8,0.7,1.0,12,78.3,0
2016-11-08 10:34:59,3,42,19.7,86,4.6,1001.9,0.3,1.0,2,78.3,0
2016-11-08 10:37:59,3,41,19.7,86,4.6,1001.8,0.3,0.7,4,78.3,0
2016-11-08 10:40:59,3,41,19.7,85,4.6,1001.8,0.7,1.0,4,78.3,0
2016-11-08 10:43:59,3,42,19.7,85,4.7,1001.7,0,0.3,2,78.3,0
2016-11-08 10:46:59,3,42,19.7,85,4.7,1001.7,0.7,1.0,4,78.3,0
2016-11-08 10:49:59,3,42,19.6,85,4.8,1001.8,0.3,0.7,4,78.3,0
2016-11-08 10:52:59,3,42,19.6,85,4.8,1001.7,0.3,2.0,4,78.3,0
2016-11-08 10:55:59,3,42,19.6,85,4.8,1001.8,0.3,0.7,8,78.3,0
2016-11-08 10:58:59,3,42,19.6,85,4.8,1001.7,0.3,0.7,10,78.3,0
2016-11-08 11:01:59,3,42,19.6,85,4.8,1001.7,0.3,0.3,10,78.3,0
2016-11-08 11:04:59,3,42,19.5,85,4.8,1001.7,0.3,0.7,4,78.3,0
2016-11-08 11:07:59,3,42,19.5,84,4.8,1001.5,1.0,1.4,4,78.3,0
2016-11-08 11:10:59,3,42,19.5,84,4.8,1001.5,0.7,1.0,2,78.3,0
2016-11-08 11:13:59,3,42,19.5,84,4.9,1001.5,0.3,0.7,0,78.3,0
2016-11-08 11:16:59,3,42,19.5,84,4.9,1001.5,1.0,1.4,4,78.3,0
2016-11-08 11:19:59,3,42,19.4,84,4.9,1001.5,1.4,2.4,4,78.3,0
2016-11-08 11:22:59,3,42,19.3,83,4.9,1001.5,0.3,0.7,2,78.3,0
2016-11-08 11:25:59,3,42,19.3,83,5.0,1001.6,0.7,1.0,2,78.3,0
2016-11-08 11:28:59,3,42,19.3,83,5.1,1001.5,1.0,1.7,4,78.3,0
2016-11-08 11:31:59,3,42,19.3,83,5.1,1001.5,1.4,2.0,3,78.3,0
2016-11-08 11:34:59,3,42,19.3,83,5.3,1001.3,0.3,1.0,4,78.3,0
2016-11-08 11:37:59,3,42,19.3,83,5.5,1001.3,0.3,0.7,10,78.3,0
2016-11-08 11:40:59,3,42,19.2,83,5.6,1001.4,0.3,0.7,4,78.3,0
2016-11-08 11:43:59,3,42,19.2,82,5.7,1001.4,1.0,1.7,4,78.3,0
2016-11-08 11:46:59,3,42,19.2,81,5.7,1001.3,1.0,1.7,8,78.3,0
2016-11-08 11:49:59,3,42,19.2,81,5.7,1001.3,1.0,1.7,8,78.3,0
2016-11-08 11:52:59,3,42,19.2,81,5.7,1001.3,0.3,0.7,6,78.3,0
2016-11-08 11:55:59,3,42,19.2,81,5.7,1001.3,0.7,1.4,11,78.3,0
2016-11-08 11:58:59,3,42,19.1,81,5.7,1001.3,1.0,1.4,2,78.3,0
2016-11-08 12:01:59,3,42,19.1,81,5.7,1001.2,1.0,1.4,2,78.3,0
2016-11-08 12:04:59,3,42,19.1,81,5.7,1001.2,1.0,1.4,2,78.3,0
2016-11-08 12:07:59,3,42,19.1,81,5.6,1001.2,0.3,0.7,5,78.3,0
2016-11-08 12:10:59,3,42,19.1,81,5.6,1001.1,1.4,2.0,4,78.3,0
2016-11-08 12:13:59,3,42,19.0,81,5.6,1001.2,1.0,1.4,4,78.3,0
2016-11-08 12:16:59,3,42,19.1,81,5.6,1001.1,1.0,1.4,10,78.3,0
2016-11-08 12:19:59,3,42,19.0,81,5.6,1001.1,0.7,1.0,4,78.3,0
2016-11-08 12:22:59,3,42,19.0,81,5.6,1001.1,1.0,1.4,4,78.3,0
2016-11-08 12:25:59,3,42,19.0,81,5.6,1001.0,0,0.3,10,78.3,0
2016-11-08 12:28:59,3,42,19.0,81,5.6,1000.9,0.7,1.4,2,78.3,0
2016-11-08 12:31:59,3,42,19.0,81,5.6,1001.0,0.3,0.7,14,78.3,0
2016-11-08 12:34:59,3,42,19.0,81,5.6,1000.9,0.7,0.7,8,78.3,0
2016-11-08 12:37:59,3,42,19.0,81,5.6,1000.9,0.3,0.7,8,78.3,0
2016-11-08 12:40:59,3,42,19.1,81,5.6,1000.9,1.0,1.4,4,78.3,0
2016-11-08 12:43:59,3,42,19.1,81,5.6,1001.0,0.7,1.0,4,78.3,0
2016-11-08 12:46:59,3,42,19.1,81,5.6,1000.8,0.7,1.0,4,78.3,0
2016-11-08 12:49:59,3,42,19.1,81,5.6,1000.9,0.3,0.7,10,78.3,0
2016-11-08 12:52:59,3,42,19.1,81,5.6,1000.8,0.7,1.4,4,78.3,0
2016-11-08 12:55:59,3,42,19.1,80,5.6,1000.8,0.7,1.0,4,78.3,0
2016-11-08 12:58:59,3,42,19.2,80,5.6,1000.8,0.3,1.0,10,78.3,0
2016-11-08 13:01:59,3,42,19.2,80,5.6,1000.8,0.3,0.7,8,78.3,0
2016-11-08 13:04:59,3,42,19.2,80,5.6,1000.8,0.3,0.7,8,78.3,0
2016-11-08 13:07:59,3,42,19.2,81,5.6,1000.8,0.3,0.3,10,78.3,0
2016-11-08 13:10:59,3,43,19.3,81,5.6,1000.8,1.0,1.4,8,78.3,0
2016-11-08 13:13:59,3,43,19.3,81,5.6,1000.9,0.3,1.0,4,78.3,0
2016-11-08 13:16:59,3,43,19.3,81,5.7,1000.8,0.3,0.7,2,78.3,0
2016-11-08 13:19:59,3,43,19.3,81,5.7,1000.7,0.3,0.7,6,78.3,0
2016-11-08 13:22:59,3,43,19.4,81,5.7,1000.7,0.7,1.0,4,78.3,0
2016-11-08 13:25:59,3,43,19.4,81,5.7,1000.6,0.7,1.0,0,78.3,0
2016-11-08 13:28:59,3,43,19.4,81,5.7,1000.7,1.0,1.4,2,78.3,0
2016-11-08 13:31:59,3,43,19.5,80,5.6,1000.7,1.0,1.7,0,78.3,0
2016-11-08 13:34:59,3,43,19.5,80,5.6,1000.8,0.7,1.4,12,78.3,0
2016-11-08 13:37:59,3,43,19.5,80,5.6,1000.8,0.3,1.0,4,78.3,0
2016-11-08 13:40:59,3,43,19.5,80,5.6,1000.7,0.7,1.4,4,78.3,0
2016-11-08 13:43:59,3,43,19.5,80,5.6,1000.7,0.7,1.4,4,78.3,0
2016-11-08 13:46:59,3,43,19.6,80,5.7,1000.7,1.0,1.7,8,78.3,0
2016-11-08 13:49:59,3,43,19.6,80,5.7,1000.7,1.4,2.7,8,78.3,0
2016-11-08 13:52:59,3,43,19.6,80,5.7,1000.7,1.0,1.7,8,78.3,0
2016-11-08 13:55:59,3,43,19.6,80,5.7,1000.6,0.7,1.0,4,78.3,0
2016-11-08 13:58:59,3,43,19.6,80,5.7,1000.7,1.0,1.4,8,78.3,0
2016-11-08 14:01:59,3,43,19.6,80,5.7,1000.8,1.0,1.4,0,78.3,0
2016-11-08 14:04:59,3,43,19.6,80,5.7,1000.7,0.3,0.7,10,78.3,0
2016-11-08 14:07:59,3,43,19.6,80,5.7,1000.6,0.3,0.7,7,78.3,0
2016-11-08 14:10:59,3,43,19.6,80,5.7,1000.7,1.4,2.0,6,78.3,0
2016-11-08 14:13:59,3,43,19.6,80,5.6,1000.7,0.7,1.4,8,78.3,0
2016-11-08 14:16:59,3,43,19.7,80,5.6,1000.7,0.3,0.7,10,78.3,0
2016-11-08 14:19:59,3,43,19.7,80,5.6,1000.6,0.7,1.4,14,78.3,0
2016-11-08 14:22:59,3,43,19.7,80,5.5,1000.6,0.7,1.0,4,78.3,0
2016-11-08 14:25:59,3,43,19.7,80,5.5,1000.6,1.0,1.7,8,78.3,0
2016-11-08 14:28:59,3,43,19.7,80,5.5,1000.6,1.0,1.4,6,78.3,0
2016-11-08 14:31:59,3,43,19.7,80,5.4,1000.7,1.7,3.4,8,78.3,0
2016-11-08 14:34:59,3,43,19.7,80,5.3,1000.6,1.4,1.7,4,78.3,0
2016-11-08 14:37:59,3,43,19.7,81,5.2,1000.7,0.7,1.0,8,78.3,0
2016-11-08 14:40:59,3,43,19.7,81,5.2,1000.6,1.7,2.0,8,78.3,0
2016-11-08 14:43:59,3,43,19.7,81,5.1,1000.7,0.3,0.7,6,78.3,0
2016-11-08 14:46:59,3,43,19.7,82,5.0,1000.7,0.3,0.7,10,78.3,0
2016-11-08 14:49:59,3,43,19.7,82,5.0,1000.8,0.7,1.0,10,78.6,0
2016-11-08 14:52:59,3,43,19.7,83,4.9,1000.8,0.7,1.0,10,78.6,0
2016-11-08 14:55:59,3,43,19.7,83,4.9,1000.6,1.7,2.4,4,78.9,0
2016-11-08 14:58:59,3,43,19.7,83,4.8,1000.7,1.0,1.4,10,78.9,0
2016-11-08 15:01:59,3,43,19.7,84,4.8,1000.6,0.7,1.4,4,78.9,0
2016-11-08 15:04:59,3,43,19.7,84,4.8,1000.7,0.7,1.4,4,78.9,0
2016-11-08 15:07:59,3,43,19.7,83,4.4,1000.7,0,0.3,10,78.9,0
2016-11-08 15:10:59,3,43,19.8,83,4.3,1000.7,0.7,1.0,4,78.9,0
2016-11-08 15:13:59,3,43,19.8,83,4.2,1000.5,0.7,1.4,4,78.9,0
2016-11-08 15:16:59,3,43,19.8,83,4.2,1000.7,0.3,0.7,0,78.9,0
2016-11-08 15:19:59,3,43,19.8,84,4.1,1000.7,0,0.3,4,78.9,0
2016-11-08 15:22:59,3,43,19.8,84,4.0,1000.6,0,0.3,6,78.9,0
2016-11-08 15:25:59,3,43,19.8,84,4.0,1000.7,0,0.3,8,78.9,0
2016-11-08 15:28:59,3,43,19.8,84,4.0,1000.6,0,0,4,78.9,0
2016-11-08 15:31:59,3,43,19.8,84,3.9,1000.6,0,0,4,78.9,0
2016-11-08 15:34:59,3,43,19.8,85,3.9,1000.7,0,0,6,78.9,0
2016-11-08 15:37:59,3,43,19.8,85,3.8,1000.6,0,0,6,78.9,0
2016-11-08 15:40:59,3,43,19.8,85,3.8,1000.6,0,0,4,78.9,0
2016-11-08 15:43:59,3,43,19.8,85,3.9,1000.6,0,0,4,78.9,0
2016-11-08 15:46:59,3,43,19.8,85,3.9,1000.8,0.3,0.7,2,78.9,0
2016-11-08 15:49:59,3,43,19.8,86,4.0,1000.7,1.0,1.4,8,78.9,0
2016-11-08 15:52:59,3,43,19.8,87,4.1,1000.6,0.7,1.4,0,78.9,0
2016-11-08 15:55:59,3,43,19.8,87,4.2,1000.8,2.4,3.1,8,78.9,0
2016-11-08 15:58:59,3,43,19.8,88,4.3,1000.8,1.0,1.7,6,78.9,0
2016-11-08 16:01:59,3,43,19.8,88,4.3,1000.9,1.4,2.0,8,78.9,0
2016-11-08 16:04:59,3,43,19.8,88,4.4,1000.9,0.7,1.0,10,78.9,0
2016-11-08 16:07:59,3,43,19.8,88,4.4,1000.9,1.0,1.4,10,78.9,0
2016-11-08 16:10:59,3,44,19.9,88,4.4,1000.9,1.0,1.4,12,78.9,0
2016-11-08 16:13:59,3,45,19.9,88,4.4,1001.0,1.4,2.0,10,78.9,0
2016-11-08 16:16:59,3,46,19.9,87,4.3,1001.1,1.7,2.4,11,79.2,0
2016-11-08 16:19:59,3,44,20.0,86,4.1,1001.2,1.7,2.4,12,79.2,0
2016-11-08 16:22:59,3,44,20.0,85,3.9,1001.3,2.4,3.1,14,79.2,0
2016-11-08 16:25:59,3,43,20.0,85,3.8,1001.3,1.0,1.7,8,79.2,0
2016-11-08 16:28:59,3,43,20.1,85,3.7,1001.3,1.4,2.0,12,79.2,0
2016-11-08 16:31:59,3,42,20.2,85,3.6,1001.3,1.0,1.4,12,79.2,0
2016-11-08 16:34:59,3,42,20.3,85,3.5,1001.5,1.0,1.7,11,79.2,0
2016-11-08 16:37:59,3,42,20.4,85,3.5,1001.6,1.4,2.0,11,79.2,0
2016-11-08 16:40:59,3,41,20.6,85,3.4,1001.6,1.0,1.4,10,79.2,0
2016-11-08 16:43:59,3,41,20.7,85,3.4,1001.7,1.4,2.4,10,79.2,0
2016-11-08 16:46:59,3,41,20.8,85,3.3,1001.7,2.0,3.4,12,79.2,0
2016-11-08 16:49:59,3,41,20.9,85,3.3,1001.7,2.0,2.7,14,79.2,0
2016-11-08 16:52:59,3,39,21.0,84,3.2,1001.8,2.4,2.7,10,79.2,0
2016-11-08 16:55:59,3,39,21.1,84,3.1,1001.8,1.0,1.7,11,79.2,0
2016-11-08 16:58:59,3,39,21.2,84,3.0,1002.0,1.7,2.0,12,79.2,0
2016-11-08 17:01:59,3,39,21.2,83,3.0,1001.9,2.0,3.1,10,79.2,0
2016-11-08 17:04:59,3,39,21.3,83,3.0,1001.9,2.0,3.1,10,79.2,0
2016-11-08 17:07:59,3,39,21.5,83,2.9,1001.9,0.7,1.0,10,79.2,0
2016-11-08 17:10:59,3,38,21.5,83,2.9,1002.0,1.0,1.4,12,79.2,0
2016-11-08 17:13:59,3,38,21.6,83,2.8,1001.9,0,0.3,12,79.2,0
2016-11-08 17:16:59,3,38,21.7,83,2.8,1002.0,1.4,2.0,10,79.2,0
2016-11-08 17:19:59,3,37,21.7,83,2.8,1002.0,1.0,1.4,12,79.2,0
2016-11-08 17:22:59,3,37,21.8,83,2.8,1002.1,0.3,0.7,14,79.2,0
2016-11-08 17:25:59,3,37,21.8,83,2.7,1002.1,1.0,1.7,6,79.2,0
2016-11-08 17:28:59,3,38,21.9,83,2.7,1002.1,0.7,1.0,12,79.2,0
2016-11-08 17:31:59,3,37,21.9,83,2.7,1002.2,1.7,2.0,12,79.2,0
2016-11-08 17:34:59,3,36,22.1,83,2.7,1002.1,0.7,1.0,10,79.2,0
2016-11-08 17:37:59,3,36,22.1,83,2.7,1002.2,1.4,1.7,12,79.2,0
2016-11-08 17:40:59,3,36,22.1,83,2.7,1002.1,1.7,2.4,12,79.2,0
2016-11-08 17:43:59,3,35,22.2,83,2.7,1002.2,1.0,1.4,8,79.2,0
2016-11-08 17:46:59,3,35,22.2,83,2.7,1002.3,1.0,1.7,10,79.2,0
2016-11-08 17:49:59,3,35,22.2,83,2.7,1002.3,0.7,1.0,8,79.2,0
2016-11-08 17:52:59,3,35,22.3,83,2.7,1002.4,0.3,0.7,12,79.2,0
2016-11-08 17:55:59,3,35,22.3,83,2.7,1002.3,1.4,2.0,12,79.2,0
2016-11-08 17:58:59,3,35,22.3,83,2.7,1002.3,2.7,3.7,10,79.2,0
2016-11-08 18:01:59,3,35,22.3,83,2.7,1002.4,0.7,1.4,10,79.2,0
2016-11-08 18:04:59,3,35,22.3,83,2.7,1002.5,0.3,0.7,10,79.2,0
2016-11-08 18:07:59,3,35,22.3,83,2.7,1002.4,0.7,1.4,10,79.2,0
2016-11-08 18:10:59,3,35,22.2,83,2.7,1002.4,1.7,2.4,8,79.2,0
2016-11-08 18:13:59,3,35,22.1,83,2.6,1002.4,1.7,3.1,12,79.2,0
2016-11-08 18:16:59,3,35,22.1,83,2.6,1002.5,1.7,2.4,10,79.2,0
2016-11-08 18:19:59,3,36,21.9,82,2.6,1002.5,2.0,2.7,12,79.2,0
2016-11-08 18:22:59,3,36,21.9,82,2.6,1002.5,1.0,1.4,10,79.2,0
2016-11-08 18:25:59,3,36,21.8,82,2.6,1002.6,2.0,2.4,12,79.2,0
2016-11-08 18:28:59,3,36,21.8,82,2.6,1002.6,2.0,2.4,12,79.2,0
2016-11-08 18:31:59,3,36,21.8,82,2.6,1002.6,1.4,1.7,12,79.2,0
2016-11-08 18:34:59,3,36,21.8,82,2.5,1002.7,2.0,2.4,10,79.2,0
2016-11-08 18:37:59,3,36,21.7,81,2.4,1002.7,1.4,2.0,10,79.2,0
2016-11-08 18:40:59,3,36,21.7,81,2.4,1002.7,2.4,3.1,10,79.2,0
2016-11-08 18:43:59,3,36,21.7,80,2.4,1002.7,2.4,3.4,8,79.2,0
2016-11-08 18:46:59,3,36,21.6,80,2.3,1002.7,1.0,1.4,12,79.2,0
2016-11-08 18:49:59,3,36,21.6,80,2.3,1002.7,2.0,2.4,12,79.2,0
2016-11-08 18:52:59,3,36,21.6,80,2.3,1002.6,0.7,1.4,10,79.2,0
2016-11-08 18:55:59,3,36,21.5,80,2.3,1002.6,1.7,2.4,12,79.2,0
2016-11-08 18:58:59,3,36,21.5,80,2.2,1002.7,1.0,1.7,12,79.2,0
2016-11-08 19:01:59,3,37,21.3,80,2.2,1002.7,0.7,1.0,10,79.2,0
2016-11-08 19:04:59,3,37,21.3,80,2.2,1002.7,0.7,1.0,10,79.2,0
2016-11-08 19:07:59,3,37,21.2,80,2.2,1002.7,1.4,2.0,15,79.2,0
2016-11-08 19:10:59,3,37,21.2,80,2.2,1002.6,0.7,1.4,10,79.2,0
2016-11-08 19:13:59,3,37,21.1,80,2.2,1002.7,1.0,1.4,10,79.2,0
2016-11-08 19:16:59,3,37,21.1,80,2.2,1002.7,1.4,2.0,12,79.2,0
2016-11-08 19:19:59,3,38,21.0,80,2.2,1002.6,1.4,2.0,10,79.2,0
2016-11-08 19:22:59,3,37,21.0,80,2.2,1002.8,2.4,3.4,10,79.2,0
2016-11-08 19:25:59,3,39,20.9,80,2.2,1002.7,1.7,2.4,12,79.2,0
2016-11-08 19:28:59,3,39,20.9,80,2.2,1002.7,0.7,1.0,8,79.2,0
2016-11-08 19:31:59,3,39,20.9,80,2.2,1002.8,0.7,1.0,10,79.2,0
2016-11-08 19:34:59,3,39,20.8,81,2.2,1002.9,1.0,1.4,12,79.2,0
2016-11-08 19:37:59,3,39,20.7,81,2.2,1002.8,0.7,1.0,10,79.2,0
2016-11-08 19:40:59,3,39,20.7,81,2.2,1002.8,1.0,1.7,10,79.2,0
2016-11-08 19:43:59,3,40,20.7,81,2.2,1002.8,1.4,2.0,10,79.2,0
2016-11-08 19:46:59,3,40,20.7,81,2.2,1002.7,0.7,1.4,8,79.2,0
2016-11-08 19:49:59,3,40,20.6,81,2.2,1002.8,2.4,3.1,12,79.2,0
2016-11-08 19:52:59,3,40,20.6,81,2.2,1002.8,1.7,2.4,14,79.2,0
2016-11-08 19:55:59,3,40,20.6,81,2.2,1002.9,0.7,1.0,10,79.2,0
2016-11-08 19:58:59,3,40,20.6,81,2.2,1002.9,2.0,2.7,10,79.2,0
2016-11-08 20:01:59,3,40,20.6,81,2.2,1003.0,1.0,1.7,14,79.2,0
2016-11-08 20:04:59,3,40,20.6,80,2.2,1002.9,2.4,3.1,10,79.2,0
2016-11-08 20:07:59,3,40,20.6,80,2.1,1002.7,1.7,3.4,10,79.2,0
2016-11-08 20:10:59,3,40,20.5,80,2.1,1002.8,2.0,3.1,10,79.2,0
2016-11-08 20:13:59,3,40,20.5,80,2.1,1002.9,1.7,2.4,12,79.2,0
2016-11-08 20:16:59,3,40,20.5,80,2.1,1002.8,1.0,1.7,9,79.2,0
2016-11-08 20:19:59,3,40,20.5,80,2.1,1002.8,2.7,4.1,8,79.2,0
2016-11-08 20:22:59,3,40,20.5,80,2.1,1002.8,2.4,2.7,12,79.2,0
2016-11-08 20:25:59,3,40,20.5,80,2.0,1002.8,1.4,2.0,10,79.2,0
2016-11-08 20:28:59,3,40,20.5,80,2.0,1002.8,2.7,3.4,10,79.2,0
2016-11-08 20:31:59,3,40,20.5,80,2.0,1002.8,1.7,2.4,10,79.2,0
2016-11-08 20:34:59,3,40,20.5,80,2.0,1002.8,1.0,1.7,11,79.2,0
2016-11-08 20:37:59,3,40,20.5,80,2.0,1003.0,1.0,1.7,10,79.2,0
2016-11-08 20:40:59,3,40,20.5,80,2.0,1002.9,1.7,2.7,10,79.2,0
2016-11-08 20:43:59,3,40,20.4,80,2.0,1002.9,3.4,4.1,10,79.2,0
2016-11-08 20:46:59,3,40,20.4,80,2.0,1002.9,0.7,1.7,10,79.2,0
2016-11-08 20:49:59,3,40,20.4,80,2.0,1002.9,0.7,1.4,11,79.2,0
2016-11-08 20:52:59,3,40,20.4,81,2.0,1002.9,1.4,1.7,12,79.2,0
2016-11-08 20:55:59,3,40,20.4,81,2.0,1002.9,1.4,1.7,12,79.2,0
2016-11-08 20:58:59,3,40,20.4,80,1.9,1002.9,2.0,2.7,12,79.2,0
2016-11-08 21:01:59,3,40,20.4,80,1.9,1003.0,1.4,1.7,10,79.2,0
2016-11-08 21:04:59,3,40,20.4,80,1.9,1002.9,1.4,1.7,10,79.2,0
2016-11-08 21:07:59,3,40,20.4,80,1.9,1002.9,1.7,2.7,12,79.2,0
2016-11-08 21:10:59,3,40,20.4,80,1.9,1002.9,1.0,1.4,10,79.2,0
2016-11-08 21:13:59,3,40,20.4,80,1.9,1002.9,1.0,1.4,10,79.2,0
2016-11-08 21:16:59,3,40,20.4,80,1.9,1002.9,1.7,2.0,14,79.2,0
2016-11-08 21:19:59,3,40,20.4,80,1.9,1002.9,2.0,3.1,12,79.2,0
2016-11-08 21:22:59,3,40,20.4,80,1.8,1002.9,2.0,2.7,10,79.2,0
2016-11-08 21:25:59,3,40,20.4,80,1.8,1003.0,1.4,2.0,12,79.2,0
2016-11-08 21:28:59,3,40,20.3,80,1.8,1002.9,2.4,3.1,10,79.2,0
2016-11-08 21:31:59,3,40,20.3,80,1.8,1003.0,1.7,2.0,10,79.2,0
2016-11-08 21:34:59,3,40,20.3,80,1.8,1003.0,1.0,1.4,10,79.2,0
2016-11-08 21:37:59,3,40,20.3,80,1.8,1003.0,2.0,2.7,12,79.2,0
2016-11-08 21:40:59,3,40,20.3,80,1.8,1003.0,2.4,3.4,14,79.2,0
2016-11-08 21:43:59,3,40,20.3,80,1.8,1002.9,1.0,1.4,10,79.2,0
2016-11-08 21:46:59,3,40,20.3,80,1.8,1003.0,1.4,2.0,10,79.2,0
2016-11-08 21:49:59,3,40,20.2,80,1.7,1003.0,1.4,1.7,12,79.2,0
2016-11-08 21:52:59,3,40,20.2,80,1.7,1003.1,1.0,1.7,14,79.2,0
2016-11-08 21:55:59,3,40,20.2,80,1.7,1003.2,0.3,0.7,12,79.2,0
2016-11-08 21:58:59,3,40,20.2,80,1.7,1003.1,1.7,2.4,12,79.2,0
2016-11-08 22:01:59,3,40,20.1,80,1.7,1003.1,0.7,1.0,10,79.2,0
2016-11-08 22:04:59,3,40,20.1,80,1.7,1003.1,0.3,1.0,13,79.2,0
2016-11-08 22:07:59,3,40,20.1,80,1.7,1003.1,2.0,3.1,10,79.2,0
2016-11-08 22:10:59,3,40,20.1,80,1.7,1003.1,1.0,1.7,10,79.2,0
2016-11-08 22:13:59,3,40,20.1,80,1.7,1003.2,1.7,2.0,10,79.2,0
2016-11-08 22:16:59,3,40,20.0,80,1.6,1003.1,2.0,2.7,10,79.2,0
2016-11-08 22:19:59,3,40,20.0,80,1.6,1003.3,1.0,1.7,10,79.2,0
2016-11-08 22:22:59,3,40,20.0,80,1.6,1003.3,1.0,1.7,14,79.2,0
2016-11-08 22:25:59,3,40,20.0,80,1.6,1003.2,1.0,1.4,14,79.2,0
2016-11-08 22:28:59,3,40,20.0,80,1.6,1003.2,1.0,1.7,11,79.2,0
2016-11-08 22:31:59,3,41,19.8,80,1.6,1003.2,1.0,1.4,10,79.2,0
2016-11-08 22:34:59,3,41,19.8,80,1.6,1003.2,1.0,1.7,10,79.2,0
2016-11-08 22:37:59,3,41,19.8,80,1.6,1003.1,1.7,2.4,11,79.2,0
2016-11-08 22:40:59,3,41,19.8,80,1.6,1003.2,0.7,1.0,10,79.2,0
2016-11-08 22:43:59,3,41,19.8,80,1.6,1003.2,1.0,1.4,10,79.2,0
2016-11-08 22:46:59,3,41,19.8,80,1.6,1003.2,0.7,1.0,12,79.2,0
2016-11-08 22:49:59,3,41,19.7,80,1.6,1003.2,1.0,1.7,10,79.2,0
2016-11-08 22:52:59,3,41,19.7,80,1.6,1003.3,1.4,2.4,12,79.2,0
2016-11-08 22:55:59,3,41,19.7,80,1.6,1003.3,1.0,1.7,12,79.2,0
2016-11-08 22:58:59,3,41,19.7,80,1.6,1003.3,1.0,1.7,12,79.2,0
