2016-11-22 00:00:00,3,43,20.3,75,11.0,1002.1,0.3,0.7,6,90.6,0
2016-11-22 00:03:00,3,43,20.3,75,11.0,1002.0,0.3,1.0,4,90.6,0
2016-11-22 00:06:00,3,43,20.3,75,10.9,1002.0,0.7,1.0,6,90.6,0
2016-11-22 00:09:00,3,43,20.2,75,10.9,1002.0,0.7,1.0,8,90.6,0
2016-11-22 00:12:00,3,43,20.2,75,10.9,1001.9,1.7,2.0,4,90.6,0
2016-11-22 00:15:00,3,43,20.2,75,10.9,1002.0,0.3,0.7,10,90.6,0
2016-11-22 00:18:00,3,43,20.2,75,10.9,1001.9,0,0,12,90.6,0
2016-11-22 00:21:00,3,43,20.2,75,10.8,1002.1,0.3,0.7,9,90.6,0
2016-11-22 00:24:00,3,43,20.2,75,10.8,1002.0,0.3,1.0,2,90.6,0
2016-11-22 00:27:00,3,43,20.2,75,10.9,1002.1,0.7,0.7,8,90.6,0
2016-11-22 00:30:00,3,43,20.2,75,10.9,1002.1,0.7,1.0,8,90.6,0
2016-11-22 00:33:00,3,43,20.1,75,10.9,1002.1,0.3,0.7,6,90.6,0
2016-11-22 00:36:00,3,43,20.1,75,10.9,1002.1,0.3,0.7,4,90.6,0
2016-11-22 00:39:00,3,43,20.1,75,10.9,1002.1,0.3,0.7,8,90.6,0
2016-11-22 00:42:00,3,43,20.1,75,10.9,1002.1,0.7,1.4,10,90.6,0
2016-11-22 00:45:00,3,43,20.1,75,10.9,1002.2,0.7,1.0,4,90.6,0
2016-11-22 00:48:00,3,43,20.1,75,10.9,1002.2,0.3,0.7,4,90.6,0
2016-11-22 00:51:00,3,43,20.1,75,10.9,1002.2,1.0,1.7,6,90.6,0
2016-11-22 00:54:00,3,43,20.1,75,10.9,1002.2,0.7,1.0,8,90.6,0
2016-11-22 00:57:00,3,43,20.1,75,10.9,1002.2,1.0,1.7,4,90.6,0
2016-11-22 01:00:00,3,43,20.1,75,10.9,1002.3,1.0,1.4,4,90.6,0
2016-11-22 01:03:00,3,43,20.1,75,10.9,1002.3,1.0,1.4,4,90.6,0
2016-11-22 01:06:00,3,43,20.1,75,10.9,1002.4,1.0,1.4,4,90.6,0
2016-11-22 01:09:00,3,43,20.1,76,11.0,1002.4,0.3,0.7,0,90.6,0
2016-11-22 01:12:00,3,43,20.0,76,10.9,1002.4,0.7,1.0,4,90.6,0
2016-11-22 01:15:00,3,43,20.0,76,10.9,1002.5,1.0,1.4,8,90.6,0
2016-11-22 01:18:00,3,43,20.0,76,10.9,1002.5,0,0,2,90.6,0
2016-11-22 01:21:00,3,43,20.0,76,10.9,1002.5,0.3,0.7,12,90.6,0
2016-11-22 01:24:00,3,43,20.0,76,10.8,1002.6,0.3,0.7,4,90.6,0
2016-11-22 01:27:00,3,43,20.0,76,10.8,1002.6,0.3,0.7,10,90.6,0
2016-11-22 01:30:00,3,43,20.0,76,10.8,1002.6,0,0.3,8,90.6,0
2016-11-22 01:33:00,3,43,20.0,76,10.8,1002.7,0.3,1.0,9,90.6,0
2016-11-22 01:36:00,3,43,20.0,76,10.8,1002.5,0.7,1.0,4,90.6,0
2016-11-22 01:39:00,3,43,20.0,76,10.8,1002.6,0.3,0.7,6,90.6,0
2016-11-22 01:42:00,3,43,20.0,76,10.8,1002.6,0.7,1.0,4,90.6,0
2016-11-22 01:45:00,3,44,19.9,76,10.8,1002.6,0,0.3,10,90.6,0
2016-11-22 01:48:00,3,44,19.9,76,10.8,1002.5,0,0.3,4,90.6,0
2016-11-22 01:51:00,3,44,19.9,76,10.8,1002.4,0.3,0.7,3,90.6,0
2016-11-22 01:54:00,3,44,19.9,76,10.9,1002.4,0.7,1.0,4,90.6,0
2016-11-22 01:57:00,3,44,19.8,76,10.9,1002.3,0.7,1.0,2,90.6,0
2016-11-22 02:00:00,3,44,19.8,76,10.9,1002.3,0.7,1.0,4,90.6,0
2016-11-22 02:03:00,3,44,19.8,76,10.9,1002.2,0,0.3,4,90.6,0
2016-11-22 02:06:00,3,44,19.8,76,10.9,1002.2,0.3,0.7,4,90.6,0
2016-11-22 02:09:00,3,44,19.8,76,10.9,1002.2,0.3,0.7,6,90.6,0
2016-11-22 02:12:00,3,44,19.8,76,10.9,1002.1,1.0,1.4,4,90.6,0
2016-11-22 02:15:00,3,44,19.8,77,10.9,1002.2,0.3,0.7,10,90.6,0
2016-11-22 02:18:00,3,44,19.8,77,10.9,1002.3,0.3,0.7,8,90.6,0
2016-11-22 02:21:00,3,44,19.8,77,10.9,1002.1,1.0,1.7,4,90.6,0
2016-11-22 02:24:00,3,44,19.8,77,10.9,1002.2,1.0,1.4,4,90.6,0
2016-11-22 02:27:00,3,44,19.8,77,10.9,1002.2,0.7,1.0,4,90.6,0
2016-11-22 02:30:00,3,44,19.8,77,10.9,1002.2,0.7,1.0,0,90.6,0
2016-11-22 02:33:00,3,44,19.8,77,10.8,1002.3,0,0.3,6,90.6,0
2016-11-22 02:36:00,3,44,19.8,77,10.8,1002.3,0.7,1.0,5,90.6,0
2016-11-22 02:39:00,3,44,19.8,77,10.8,1002.3,1.0,1.4,4,90.6,0
2016-11-22 02:42:00,3,44,19.8,77,10.8,1002.2,0.7,1.4,6,90.6,0
2016-11-22 02:45:00,3,44,19.8,77,10.8,1002.3,0.7,1.0,4,90.6,0
2016-11-22 02:48:00,3,44,19.7,77,10.8,1002.3,0,0.3,8,90.6,0
2016-11-22 02:51:00,3,44,19.7,77,10.7,1002.3,0,0.3,6,90.6,0
2016-11-22 02:54:00,3,44,19.7,77,10.7,1002.4,0,0.3,4,90.6,0
2016-11-22 02:57:00,3,44,19.7,77,10.6,1002.4,0,0,4,90.6,0
2016-11-22 03:00:00,3,44,19.7,77,10.5,1002.4,0,0,2,90.6,0
2016-11-22 03:03:00,3,44,19.7,77,10.5,1002.3,0,0,2,90.6,0
2016-11-22 03:06:00,3,44,19.7,77,10.5,1002.3,0,0,2,90.6,0
2016-11-22 03:09:00,3,44,19.7,78,10.3,1002.4,0,0.7,2,90.6,0
2016-11-22 03:12:00,3,44,19.7,78,10.2,1002.3,0,0.3,2,90.6,0
2016-11-22 03:15:00,3,44,19.7,78,10.1,1002.4,0,0,2,90.6,0
2016-11-22 03:18:00,3,44,19.7,78,10.1,1002.4,0,0.3,0,90.6,0
2016-11-22 03:21:00,3,44,19.7,78,10.0,1002.4,0,0.3,0,90.6,0
2016-11-22 03:24:00,3,44,19.7,79,9.9,1002.4,0,0.3,14,90.6,0
2016-11-22 03:27:00,3,44,19.7,79,9.8,1002.5,0,0,14,90.6,0
2016-11-22 03:30:00,3,44,19.6,79,9.7,1002.5,0,0,14,90.6,0
2016-11-22 03:33:00,3,44,19.6,79,9.6,1002.4,0,0,0,90.6,0
2016-11-22 03:36:00,3,44,19.6,80,9.5,1002.5,0,0.3,2,90.6,0
2016-11-22 03:39:00,3,44,19.6,80,9.4,1002.6,0,0,2,90.6,0
2016-11-22 03:42:00,3,44,19.6,80,9.3,1002.7,0,0,2,90.6,0
2016-11-22 03:45:00,3,44,19.6,80,9.2,1002.7,0,0,2,90.6,0
2016-11-22 03:48:00,3,44,19.6,80,9.2,1002.7,0,0.3,0,90.6,0
2016-11-22 03:51:00,3,44,19.6,80,9.1,1002.8,0,0,0,90.6,0
2016-11-22 03:54:00,3,44,19.6,80,9.1,1002.8,0,0,0,90.6,0
2016-11-22 03:57:00,3,44,19.6,80,9.0,1002.8,0,0,2,90.6,0
2016-11-22 04:00:00,3,44,19.6,81,9.0,1002.8,0,0,2,90.6,0
2016-11-22 04:03:00,3,44,19.6,81,9.0,1002.8,0,0,2,90.6,0
2016-11-22 04:06:00,3,44,19.6,81,9.0,1002.7,0,0,4,90.6,0
2016-11-22 04:09:00,3,44,19.6,82,8.9,1002.7,0,0,4,90.6,0
2016-11-22 04:12:00,3,44,19.5,82,8.8,1002.7,0,0,4,90.6,0
2016-11-22 04:15:00,3,44,19.5,82,8.8,1002.8,0,0,0,90.6,0
2016-11-22 04:18:00,3,44,19.5,82,8.8,1002.8,0,0,0,90.6,0
2016-11-22 04:21:00,3,44,19.5,82,8.8,1002.7,0,0,0,90.6,0
2016-11-22 04:24:00,3,44,19.5,82,8.8,1002.8,0,0,0,90.6,0
2016-11-22 04:27:00,3,44,19.5,82,8.8,1002.8,0,0,4,90.6,0
2016-11-22 04:30:00,3,44,19.5,83,8.8,1002.8,0,0,0,90.6,0
2016-11-22 04:33:00,3,44,19.5,83,8.9,1002.9,0,0,4,90.6,0
2016-11-22 04:36:00,3,44,19.5,83,9.0,1003.0,0.7,1.0,4,90.6,0
2016-11-22 04:39:00,3,44,19.5,83,9.0,1002.9,0.3,0.7,4,90.6,0
2016-11-22 04:42:00,3,44,19.4,84,9.0,1003.1,0,0.3,4,90.6,0
2016-11-22 04:45:00,3,44,19.4,84,9.0,1003.2,0,0,14,90.6,0
2016-11-22 04:48:00,3,44,19.4,84,9.0,1003.1,0,0.3,0,90.6,0
2016-11-22 04:51:00,3,44,19.4,84,9.1,1003.1,0,0,0,90.6,0
2016-11-22 04:54:00,3,44,19.4,84,9.0,1003.2,0,0.3,0,90.6,0
2016-11-22 04:57:00,3,44,19.4,84,9.0,1003.3,0,0.3,0,90.6,0
2016-11-22 05:00:00,3,44,19.4,84,9.0,1003.2,0,0.3,12,90.6,0
2016-11-22 05:03:00,3,44,19.4,84,9.0,1003.3,0,0.3,12,90.6,0
2016-11-22 05:06:00,3,44,19.5,84,9.0,1003.3,0,0.3,12,90.6,0
2016-11-22 05:09:00,3,44,19.5,83,8.8,1003.3,0,0,12,90.6,0
2016-11-22 05:12:00,3,44,19.5,83,8.7,1003.3,0,0,12,90.6,0
2016-11-22 05:15:00,3,44,19.5,83,8.6,1003.3,0,0,4,90.6,0
2016-11-22 05:18:00,3,44,19.5,83,8.6,1003.3,0.7,1.0,4,90.6,0
2016-11-22 05:21:00,3,44,19.6,83,8.5,1003.2,0.3,0.7,4,90.6,0
2016-11-22 05:24:00,3,44,19.6,83,8.4,1003.3,0,0,2,90.6,0
2016-11-22 05:27:00,3,45,19.6,83,8.4,1003.4,0,0,2,90.6,0
2016-11-22 05:30:00,3,45,19.6,83,8.4,1003.4,0,0,4,90.6,0
2016-11-22 05:33:00,3,45,19.7,84,8.4,1003.3,0,0,2,90.6,0
2016-11-22 05:36:00,3,45,19.7,84,8.5,1003.3,0.7,1.0,2,90.6,0
2016-11-22 05:39:00,3,45,19.7,84,8.6,1003.3,0.3,0.7,0,90.6,0
2016-11-22 05:42:00,3,45,19.7,85,8.6,1003.4,0,0,0,90.6,0
2016-11-22 05:45:00,3,45,19.8,85,8.6,1003.4,0,0,0,90.6,0
2016-11-22 05:48:00,3,45,19.8,85,8.6,1003.5,0,0,1,90.6,0
2016-11-22 05:51:00,3,45,19.8,85,8.6,1003.6,0,0.3,0,90.6,0
2016-11-22 05:54:00,3,45,19.8,85,8.6,1003.6,0.3,0.7,4,90.6,0
2016-11-22 05:57:00,3,47,19.9,85,8.7,1003.6,0.3,0.7,4,90.6,0
2016-11-22 06:00:00,3,48,20.0,86,8.8,1003.6,0.3,0.7,4,90.6,0
2016-11-22 06:03:00,3,47,20.0,86,8.9,1003.6,0,0.3,4,90.6,0
2016-11-22 06:06:00,3,46,20.1,86,8.9,1003.7,0.7,0.7,6,90.6,0
2016-11-22 06:09:00,3,46,20.3,86,9.0,1003.8,0.7,1.0,8,90.6,0
2016-11-22 06:12:00,3,46,20.4,86,9.1,1004.0,0,0.3,8,90.6,0
2016-11-22 06:15:00,3,45,20.6,86,9.1,1003.9,0.3,0.7,4,90.6,0
2016-11-22 06:18:00,3,45,20.7,86,9.1,1003.9,0.7,1.0,4,90.6,0
2016-11-22 06:21:00,3,44,20.9,86,9.1,1004.0,0.3,0.7,4,90.6,0
2016-11-22 06:24:00,3,43,21.1,85,9.2,1004.1,0.7,1.0,8,90.6,0
2016-11-22 06:27:00,3,42,21.2,85,9.3,1004.0,0.7,1.4,6,90.6,0
2016-11-22 06:30:00,3,42,21.3,85,9.3,1004.3,1.0,1.4,6,90.6,0
2016-11-22 06:33:00,3,42,21.4,85,9.4,1004.3,0.7,1.0,8,90.6,0
2016-11-22 06:36:00,3,42,21.5,84,9.4,1004.1,0.3,0.7,2,90.6,0
2016-11-22 06:39:00,3,42,21.7,84,9.5,1004.3,0,0.3,4,90.6,0
2016-11-22 06:42:00,3,41,21.8,84,9.5,1004.5,0.3,0.7,10,90.6,0
2016-11-22 06:45:00,3,41,21.9,83,9.5,1004.4,1.0,1.4,4,90.6,0
2016-11-22 06:48:00,3,41,21.9,83,9.5,1004.6,0,0.3,10,90.6,0
2016-11-22 06:51:00,3,40,22.1,83,9.5,1004.7,0,0.3,12,90.6,0
2016-11-22 06:54:00,3,39,22.2,83,9.6,1004.8,0.7,1.0,6,90.6,0
2016-11-22 06:57:00,3,39,22.3,83,9.6,1004.7,1.4,1.7,8,90.6,0
2016-11-22 07:00:00,3,38,22.3,82,9.6,1004.8,0.7,0.7,10,90.6,0
2016-11-22 07:03:00,3,38,22.5,82,9.6,1005.1,0.7,0.7,10,90.6,0
2016-11-22 07:06:00,3,38,22.5,82,9.6,1005.0,0.7,0.7,10,90.6,0
2016-11-22 07:09:00,3,38,22.6,82,9.7,1005.0,0,0.3,0,90.6,0
2016-11-22 07:12:00,3,38,22.7,82,9.7,1005.1,1.0,1.7,10,90.6,0
2016-11-22 07:15:00,3,38,22.8,82,9.7,1005.2,0.3,0.7,10,90.6,0
2016-11-22 07:18:00,3,38,22.8,81,9.7,1005.2,1.0,1.4,8,90.6,0
2016-11-22 07:21:00,3,38,22.9,81,9.7,1005.2,0.7,1.0,4,90.6,0
2016-11-22 07:24:00,3,37,23.0,81,9.7,1005.1,0.3,0.3,2,90.6,0
2016-11-22 07:27:00,3,37,23.0,81,9.8,1005.2,0.7,1.4,4,90.6,0
2016-11-22 07:30:00,3,37,23.1,81,9.8,1005.2,1.0,1.7,2,90.6,0
2016-11-22 07:33:00,3,37,23.1,81,9.8,1005.2,0.3,0.7,4,90.6,0
2016-11-22 07:36:00,3,36,23.3,81,9.8,1005.3,0.3,0.7,4,90.6,0
2016-11-22 07:39:00,3,36,23.3,81,9.8,1005.2,0.7,1.0,4,90.6,0
2016-11-22 07:42:00,3,36,23.5,81,9.8,1005.3,0.3,0.7,6,90.6,0
2016-11-22 07:45:00,3,36,23.5,81,9.9,1005.3,1.4,2.0,11,90.6,0
2016-11-22 07:48:00,3,36,23.5,81,9.9,1005.4,0,0.3,8,90.6,0
2016-11-22 07:51:00,3,36,23.5,80,9.9,1005.5,0.3,0.7,8,90.6,0
2016-11-22 07:54:00,3,36,23.6,80,9.9,1005.6,0.7,1.0,0,90.6,0
2016-11-22 07:57:00,3,36,23.6,80,10.0,1005.7,0.3,0.7,4,90.6,0
2016-11-22 08:00:00,3,36,23.6,80,10.0,1005.7,0.7,1.0,10,90.6,0
2016-11-22 08:03:00,3,36,23.6,80,10.1,1005.8,0.3,0.7,14,90.6,0
2016-11-22 08:06:00,3,36,23.7,80,10.1,1005.7,0.7,1.4,6,90.6,0
2016-11-22 08:09:00,3,36,23.7,80,10.2,1005.8,0.7,1.0,10,90.6,0
2016-11-22 08:12:00,3,36,23.7,80,10.2,1005.8,0.3,0.7,10,90.6,0
2016-11-22 08:15:00,3,36,23.7,79,10.2,1005.8,0.3,0.7,4,90.6,0
2016-11-22 08:18:00,3,36,23.7,79,10.3,1005.9,0.7,1.0,10,90.6,0
2016-11-22 08:21:00,3,35,23.8,79,10.3,1005.8,1.0,1.4,10,90.6,0
2016-11-22 08:24:00,3,35,23.8,78,10.4,1006.0,0,0.3,4,90.6,0
2016-11-22 08:27:00,3,35,23.8,78,10.4,1005.9,0.7,1.4,8,90.6,0
2016-11-22 08:30:00,3,35,23.8,78,10.4,1005.8,0.7,0.7,10,90.6,0
2016-11-22 08:33:00,3,35,23.8,78,10.4,1005.9,1.0,1.4,4,90.6,0
2016-11-22 08:36:00,3,35,23.6,78,10.5,1005.9,1.0,1.4,2,90.6,0
2016-11-22 08:39:00,3,36,23.3,77,10.5,1005.9,1.0,1.7,0,90.6,0
2016-11-22 08:42:00,3,36,23.1,77,10.5,1005.9,0.3,0.7,6,90.6,0
2016-11-22 08:45:00,3,36,23.0,77,10.5,1005.9,0.7,1.4,8,90.6,0
2016-11-22 08:48:00,3,37,22.8,77,10.6,1005.8,1.0,2.0,6,90.6,0
2016-11-22 08:51:00,3,38,22.7,77,10.6,1005.8,0.3,0.7,10,90.6,0
2016-11-22 08:54:00,3,38,22.6,77,10.6,1005.8,0.3,0.7,0,90.6,0
2016-11-22 08:57:00,3,38,22.5,77,10.6,1005.9,0.7,1.4,8,90.6,0
2016-11-22 09:00:00,3,38,22.4,76,10.6,1005.8,1.0,1.7,10,90.6,0
2016-11-22 09:03:00,3,38,22.2,76,10.6,1005.9,1.0,1.7,10,90.6,0
2016-11-22 09:06:00,3,38,22.2,76,10.6,1005.8,1.0,1.7,10,90.6,0
2016-11-22 09:09:00,3,38,22.2,76,10.6,1005.8,0,0.3,10,90.6,0
2016-11-22 09:12:00,3,38,22.1,76,10.7,1005.8,1.0,1.4,14,90.6,0
2016-11-22 09:15:00,3,38,22.1,76,10.7,1005.8,0.3,0.7,6,90.6,0
2016-11-22 09:18:00,3,38,22.0,76,10.7,1005.9,0.3,0.7,8,90.6,0
2016-11-22 09:21:00,3,40,21.9,76,10.7,1005.9,1.4,1.7,9,90.6,0
2016-11-22 09:24:00,3,40,21.9,76,10.7,1006.0,0.3,0.7,10,90.6,0
2016-11-22 09:27:00,3,40,21.9,76,10.7,1005.9,0.3,1.0,10,90.6,0
2016-11-22 09:30:00,3,40,21.9,76,10.7,1005.9,1.0,1.4,4,90.6,0
2016-11-22 09:33:00,3,40,21.9,76,10.7,1005.9,0.3,0.7,5,90.6,0
2016-11-22 09:36:00,3,40,21.9,76,10.7,1006.0,0.3,0.7,2,90.6,0
2016-11-22 09:39:00,3,39,22.1,75,10.7,1006.0,0.7,1.0,8,90.6,0
2016-11-22 09:42:00,3,39,22.2,75,10.8,1006.1,0.3,0.7,8,90.6,0
2016-11-22 09:45:00,3,39,22.3,75,10.8,1006.2,0,0.3,6,90.6,0
2016-11-22 09:48:00,3,39,22.5,75,10.8,1006.2,1.4,1.7,8,90.6,0
2016-11-22 09:51:00,3,38,22.7,75,10.8,1006.2,0.7,1.0,8,90.6,0
2016-11-22 09:54:00,3,38,22.8,75,10.8,1006.3,0.3,1.0,4,90.6,0
2016-11-22 09:57:00,3,38,22.9,75,10.8,1006.4,1.0,1.4,0,90.6,0
2016-11-22 10:00:00,3,37,23.0,75,10.8,1006.4,0.7,1.0,8,90.6,0
2016-11-22 10:03:00,3,37,23.1,75,10.9,1006.4,0.7,1.0,10,90.6,0
2016-11-22 10:06:00,3,37,23.1,75,10.9,1006.4,0.7,1.4,8,90.6,0
2016-11-22 10:09:00,3,36,23.3,75,10.9,1006.6,0.3,0.7,14,90.6,0
2016-11-22 10:12:00,3,36,23.4,75,10.9,1006.5,0.7,1.4,8,90.6,0
2016-11-22 10:15:00,3,36,23.2,75,10.9,1006.7,0.3,0.7,8,90.6,0
2016-11-22 10:18:00,3,36,23.0,75,10.9,1006.6,0.3,0.7,12,90.6,0
2016-11-22 10:21:00,3,37,22.8,75,10.9,1006.6,0.3,1.0,14,90.6,0
2016-11-22 10:24:00,3,38,22.7,75,10.9,1006.6,0,0,0,90.6,0
2016-11-22 10:27:00,3,38,22.5,75,11.0,1006.5,0,0,8,90.6,0
2016-11-22 10:30:00,3,38,22.5,75,11.0,1006.4,0.3,0.7,6,90.6,0
2016-11-22 10:33:00,3,38,22.3,75,11.0,1006.4,0.7,1.0,8,90.6,0
2016-11-22 10:36:00,3,38,22.2,75,11.0,1006.4,0.3,0.7,8,90.6,0
2016-11-22 10:39:00,3,38,22.2,75,11.0,1006.4,0.3,1.0,10,90.6,0
2016-11-22 10:42:00,3,39,22.1,75,11.0,1006.5,0.3,0.7,8,90.6,0
2016-11-22 10:45:00,3,39,22.1,75,11.0,1006.5,0.7,1.0,6,90.6,0
2016-11-22 10:48:00,3,39,22.0,75,11.0,1006.5,0.3,0.7,2,90.6,0
2016-11-22 10:51:00,3,40,21.9,75,10.9,1006.6,0.7,1.0,4,90.6,0
2016-11-22 10:54:00,3,40,21.9,75,11.0,1006.4,0.3,0.7,8,90.6,0
2016-11-22 10:57:00,3,40,21.9,75,11.0,1006.5,0,0,12,90.6,0
2016-11-22 11:00:00,3,40,21.8,75,11.0,1006.6,0.7,1.0,4,90.6,0
2016-11-22 11:03:00,3,40,21.8,75,11.0,1006.6,0.7,1.0,4,90.6,0
2016-11-22 11:06:00,3,40,21.8,75,11.0,1006.6,0.7,1.0,4,90.6,0
2016-11-22 11:09:00,3,40,21.8,75,11.0,1006.5,0,0.3,12,90.6,0
2016-11-22 11:12:00,3,40,21.7,75,11.1,1006.5,0.7,1.0,2,90.6,0
2016-11-22 11:15:00,3,40,21.7,75,11.1,1006.5,0,0.3,10,90.6,0
2016-11-22 11:18:00,3,40,21.7,75,11.2,1006.6,0.3,0.3,5,90.6,0
2016-11-22 11:21:00,3,40,21.7,75,11.2,1006.5,0,0.3,10,90.6,0
2016-11-22 11:24:00,3,40,21.6,75,11.2,1006.5,0,0.7,8,90.6,0
2016-11-22 11:27:00,3,40,21.6,75,11.3,1006.4,0.7,1.4,4,90.6,0
2016-11-22 11:30:00,3,40,21.6,75,11.3,1006.5,0.3,0.7,8,90.6,0
2016-11-22 11:33:00,3,40,21.6,74,11.3,1006.5,0.3,0.7,5,90.6,0
2016-11-22 11:36:00,3,41,21.5,74,11.3,1006.5,1.0,1.7,6,90.6,0
2016-11-22 11:39:00,3,41,21.5,74,11.3,1006.3,0.3,0.7,0,90.6,0
2016-11-22 11:42:00,3,41,21.5,74,11.3,1006.5,0.7,0.7,4,90.6,0
2016-11-22 11:45:00,3,41,21.5,74,11.4,1006.6,0,0.3,10,90.6,0
2016-11-22 11:48:00,3,41,21.4,74,11.4,1006.5,1.0,1.4,9,90.6,0
2016-11-22 11:51:00,3,41,21.3,74,11.5,1006.5,0.3,0.7,10,90.6,0
2016-11-22 11:54:00,3,41,21.3,74,11.5,1006.7,0.3,0.7,14,90.6,0
2016-11-22 11:57:00,3,41,21.3,74,11.5,1006.7,0.7,1.0,13,90.6,0
2016-11-22 12:00:00,3,41,21.3,73,11.5,1006.8,0.3,0.7,12,90.6,0
2016-11-22 12:03:00,3,41,21.2,74,11.5,1006.6,0.3,0.7,8,90.6,0
2016-11-22 12:06:00,3,41,21.2,73,11.5,1006.7,0.7,1.0,8,90.6,0
2016-11-22 12:09:00,3,41,21.2,74,11.4,1006.6,0,0.3,10,90.6,0
2016-11-22 12:12:00,3,41,21.2,74,11.4,1006.6,0.3,0.7,10,90.6,0
2016-11-22 12:15:00,3,41,21.2,74,11.4,1006.6,1.0,1.4,8,90.6,0
2016-11-22 12:18:00,3,41,21.1,74,11.4,1006.7,0.3,0.7,10,90.6,0
2016-11-22 12:21:00,3,41,21.1,74,11.4,1006.7,1.4,1.7,8,90.6,0
2016-11-22 12:24:00,3,42,21.1,74,11.4,1006.8,0,0.3,12,90.6,0
2016-11-22 12:27:00,3,42,21.1,74,11.4,1006.7,0.3,0.7,8,90.6,0
2016-11-22 12:30:00,3,42,21.1,74,11.4,1006.7,0.3,0.7,8,90.6,0
2016-11-22 12:33:00,3,42,21.0,74,11.4,1006.7,0.7,1.4,10,90.6,0
2016-11-22 12:36:00,3,42,21.0,74,11.4,1006.7,0.7,1.0,10,90.6,0
2016-11-22 12:39:00,3,42,21.0,74,11.4,1006.7,1.0,1.4,10,90.6,0
2016-11-22 12:42:00,3,42,21.0,74,11.4,1006.8,0.7,1.0,8,90.6,0
2016-11-22 12:45:00,3,42,21.0,74,11.4,1006.8,0.7,1.0,6,90.6,0
2016-11-22 12:48:00,3,42,21.0,74,11.5,1006.7,0.7,1.4,8,90.6,0
2016-11-22 12:51:00,3,42,21.0,74,11.5,1006.8,0.3,0.7,8,90.6,0
2016-11-22 12:54:00,3,43,21.0,74,11.5,1006.8,0,0.3,2,90.6,0
2016-11-22 12:57:00,3,43,21.0,74,11.5,1006.7,0.3,0.7,10,90.6,0
2016-11-22 13:00:00,3,43,21.0,74,11.5,1006.7,0.3,0.7,4,90.6,0
2016-11-22 13:03:00,3,43,21.0,74,11.5,1006.8,0.3,0.7,4,90.6,0
2016-11-22 13:06:00,3,43,21.0,74,11.5,1006.8,0.3,0.7,4,90.6,0
2016-11-22 13:09:00,3,43,21.0,74,11.6,1006.7,0,0.3,8,90.6,0
2016-11-22 13:12:00,3,43,21.0,74,11.6,1006.8,0,0,8,90.6,0
2016-11-22 13:15:00,3,43,21.0,74,11.7,1007.0,0,0,8,90.6,0
2016-11-22 13:18:00,3,43,21.0,73,11.7,1006.9,0,0,12,90.6,0
2016-11-22 13:21:00,3,43,21.0,74,11.7,1007.0,0,0,12,90.6,0
2016-11-22 13:24:00,3,43,21.0,73,11.8,1007.0,0,0,12,90.6,0
2016-11-22 13:27:00,3,44,21.0,73,11.8,1007.1,0,0,12,90.6,0
2016-11-22 13:30:00,3,44,21.0,73,11.8,1007.1,0,0,2,90.6,0
2016-11-22 13:33:00,3,43,21.0,73,11.8,1007.0,0,0,8,90.6,0
2016-11-22 13:36:00,3,43,21.0,73,11.8,1007.0,0,0,4,90.6,0
2016-11-22 13:39:00,3,44,20.9,73,11.8,1007.0,0,0,4,90.6,0
2016-11-22 13:42:00,3,44,20.9,73,11.8,1007.1,0,0,4,90.6,0
2016-11-22 13:45:00,3,44,20.9,73,11.9,1007.1,0.7,1.0,3,90.6,0
2016-11-22 13:48:00,3,44,20.9,73,11.8,1007.1,0.7,1.0,4,90.6,0
2016-11-22 13:51:00,3,44,20.9,73,11.8,1007.3,0.3,0.7,8,90.6,0
2016-11-22 13:54:00,3,44,20.9,73,11.8,1007.4,0,0,10,90.6,0
2016-11-22 13:57:00,3,45,20.9,73,11.8,1007.5,0,0,12,90.6,0
2016-11-22 14:00:00,3,45,20.9,73,11.8,1007.5,0,0,12,90.6,0
2016-11-22 14:03:00,3,45,20.9,73,11.7,1007.6,0,0,12,90.6,0
2016-11-22 14:06:00,3,45,20.9,73,11.7,1007.5,0,0.3,12,90.6,0
2016-11-22 14:09:00,3,45,20.9,74,11.6,1007.5,0,0,8,90.6,0
2016-11-22 14:12:00,3,45,20.9,74,11.6,1007.6,0,0,8,90.6,0
2016-11-22 14:15:00,3,45,20.9,74,11.6,1007.6,0,0,2,90.6,0
2016-11-22 14:18:00,3,45,20.9,74,11.6,1007.6,0,0,14,90.6,0
2016-11-22 14:21:00,3,45,20.9,74,11.5,1007.8,0,0,2,90.6,0
2016-11-22 14:24:00,3,45,20.9,74,11.5,1007.7,0,0,8,90.6,0
2016-11-22 14:27:00,3,45,20.9,74,11.5,1007.6,0,0,8,90.6,0
2016-11-22 14:30:00,3,45,20.9,74,11.4,1007.7,0,0,8,90.6,0
2016-11-22 14:33:00,3,45,20.9,74,11.3,1007.7,0,0,8,90.6,0
2016-11-22 14:36:00,3,45,20.9,74,11.3,1007.8,0,0,8,90.6,0
2016-11-22 14:39:00,3,45,20.9,74,11.2,1007.8,0,0,4,90.6,0
2016-11-22 14:42:00,3,45,20.9,74,11.1,1007.9,0,0,4,90.6,0
2016-11-22 14:45:00,3,45,20.9,74,11.0,1007.9,0,0,0,90.6,0
2016-11-22 14:48:00,3,45,20.9,75,10.9,1008.0,0,0,0,90.6,0
2016-11-22 14:51:00,3,45,20.9,75,10.8,1008.0,0,0,12,90.6,0
2016-11-22 14:54:00,3,45,20.9,75,10.7,1008.0,0,0,12,90.6,0
2016-11-22 14:57:00,3,45,20.9,75,10.6,1008.0,0,0,2,90.6,0
2016-11-22 15:00:00,3,45,20.9,76,10.4,1008.1,0,0,2,90.6,0
2016-11-22 15:03:00,3,46,20.9,76,10.4,1007.9,0,0,2,90.6,0
2016-11-22 15:06:00,3,46,20.9,76,10.4,1008.0,0,0,2,90.6,0
2016-11-22 15:09:00,3,46,20.9,78,10.1,1007.9,0,0,2,90.6,0
2016-11-22 15:12:00,3,46,20.9,79,10.0,1008.0,0,0,0,90.6,0
2016-11-22 15:15:00,3,46,20.9,79,9.9,1007.9,0,0,0,90.6,0
2016-11-22 15:18:00,3,46,20.9,79,9.8,1008.0,0,0,0,90.6,0
2016-11-22 15:21:00,3,46,20.9,80,9.7,1007.9,0,0,4,90.6,0
2016-11-22 15:24:00,3,45,20.9,80,9.7,1008.0,0,0,10,90.6,0
2016-11-22 15:27:00,3,45,20.9,80,9.6,1008.2,0,0,12,90.6,0
2016-11-22 15:30:00,3,45,20.9,80,9.6,1008.1,0,0,10,90.6,0
2016-11-22 15:33:00,3,45,20.9,80,9.5,1008.1,0,0,10,90.6,0
2016-11-22 15:36:00,3,45,20.9,80,9.4,1008.2,0,0,10,90.6,0
2016-11-22 15:39:00,3,45,20.9,80,9.3,1008.3,0,0,10,90.6,0
2016-11-22 15:42:00,3,45,20.9,80,9.3,1008.2,0,0,10,90.6,0
2016-11-22 15:45:00,3,45,20.9,80,9.2,1008.3,0,0,10,90.6,0
2016-11-22 15:48:00,3,45,20.9,80,9.1,1008.3,0,0,10,90.6,0
2016-11-22 15:51:00,3,45,20.9,80,9.0,1008.4,0,0,10,90.6,0
2016-11-22 15:54:00,3,45,20.9,80,9.0,1008.4,0,0,10,90.6,0
2016-11-22 15:57:00,3,45,20.9,80,9.0,1008.4,0,0,0,90.6,0
2016-11-22 16:00:00,3,45,20.9,81,8.9,1008.3,0,0,4,90.6,0
2016-11-22 16:03:00,3,45,20.9,81,8.9,1008.3,0,0,2,90.6,0
2016-11-22 16:06:00,3,45,20.9,82,8.9,1008.2,0,0,2,90.6,0
2016-11-22 16:09:00,3,45,20.9,82,8.8,1008.4,0,0,0,90.6,0
2016-11-22 16:12:00,3,46,20.9,82,8.8,1008.5,0,0,0,90.6,0
2016-11-22 16:15:00,3,46,20.9,82,8.7,1008.3,0,0,0,90.6,0
2016-11-22 16:18:00,3,46,20.9,82,8.6,1008.4,0,0,0,90.6,0
2016-11-22 16:21:00,3,46,20.9,82,8.5,1008.4,0,0,0,90.6,0
2016-11-22 16:24:00,3,46,20.9,82,8.5,1008.5,0,0,0,90.6,0
2016-11-22 16:27:00,3,46,20.9,82,8.4,1008.5,0,0,0,90.6,0
2016-11-22 16:30:00,3,46,20.9,82,8.3,1008.4,0,0,4,90.6,0
2016-11-22 16:33:00,3,46,20.9,82,8.3,1008.4,0,0,4,90.6,0
2016-11-22 16:36:00,3,46,20.9,82,8.2,1008.5,0,0,4,90.6,0
2016-11-22 16:39:00,3,46,20.9,82,8.2,1008.5,0,0,4,90.6,0
2016-11-22 16:42:00,3,46,20.9,82,8.1,1008.5,0,0,4,90.6,0
2016-11-22 16:45:00,3,46,20.9,82,8.0,1008.6,0,0,4,90.6,0
2016-11-22 16:48:00,3,46,20.9,82,7.9,1008.6,0,0,4,90.6,0
2016-11-22 16:51:00,3,46,20.9,83,7.9,1008.7,0,0,4,90.6,0
2016-11-22 16:54:00,3,46,20.9,83,7.9,1008.7,0,0,4,90.6,0
2016-11-22 16:57:00,3,46,20.9,83,7.9,1008.8,0,0,4,90.6,0
2016-11-22 17:00:00,3,46,20.9,83,7.8,1008.8,0,0,12,90.6,0
2016-11-22 17:03:00,3,46,20.9,83,7.8,1008.8,0,0,12,90.6,0
2016-11-22 17:06:00,3,46,20.9,83,7.8,1008.9,0,0,12,90.6,0
2016-11-22 17:09:00,3,46,20.9,83,7.8,1008.8,0,0,4,90.6,0
2016-11-22 17:12:00,3,46,20.9,83,7.8,1008.9,0,0,4,90.6,0
2016-11-22 17:15:00,3,46,20.9,84,7.8,1009.0,0,0,4,90.6,0
2016-11-22 17:18:00,3,46,20.9,84,7.8,1008.9,0,0,12,90.6,0
2016-11-22 17:21:00,3,46,20.9,84,7.7,1008.9,0,0,12,90.6,0
2016-11-22 17:24:00,3,46,20.9,84,7.7,1009.0,0,0,12,90.6,0
2016-11-22 17:27:00,3,46,20.9,84,7.7,1008.9,0,0,12,90.6,0
2016-11-22 17:30:00,3,46,20.9,84,7.7,1009.0,0,0,12,90.6,0
2016-11-22 17:33:00,3,46,20.9,84,7.7,1009.0,0,0,12,90.6,0
2016-11-22 17:36:00,3,46,20.9,84,7.7,1009.0,0,0,12,90.6,0
2016-11-22 17:39:00,3,46,20.9,84,7.7,1009.0,0,0,12,90.6,0
2016-11-22 17:42:00,3,46,20.9,84,7.7,1009.0,0,0,12,90.6,0
2016-11-22 17:45:00,3,46,20.9,84,7.7,1009.1,0,0,12,90.6,0
2016-11-22 17:48:00,3,46,20.9,84,7.7,1009.0,0,0,12,90.6,0
2016-11-22 17:51:00,3,46,20.9,84,7.7,1009.1,0,0,12,90.6,0
2016-11-22 17:54:00,3,46,20.9,84,7.7,1009.2,0,0,10,90.6,0
2016-11-22 17:57:00,3,46,20.9,84,7.7,1009.3,0,0,8,90.6,0
2016-11-22 18:00:00,3,46,20.9,84,7.8,1009.3,0,0,8,90.6,0
2016-11-22 18:03:00,3,46,20.9,84,7.8,1009.2,0,0,8,90.6,0
2016-11-22 18:06:00,3,46,20.9,84,7.8,1009.2,0,0,8,90.6,0
2016-11-22 18:09:00,3,46,20.9,84,7.7,1009.3,0,0,8,90.6,0
2016-11-22 18:12:00,3,46,20.9,84,7.7,1009.1,0,0,0,90.6,0
2016-11-22 18:15:00,3,46,20.9,84,7.7,1009.2,0,0,0,90.6,0
2016-11-22 18:18:00,3,46,20.9,84,7.8,1009.2,0,0,2,90.6,0
2016-11-22 18:21:00,3,45,20.9,84,7.8,1009.4,0,0,2,90.6,0
2016-11-22 18:24:00,3,45,20.9,85,7.8,1009.3,0,0,2,90.6,0
2016-11-22 18:27:00,3,45,20.8,85,7.8,1009.3,0,0,2,90.6,0
2016-11-22 18:30:00,3,45,20.9,85,7.7,1009.4,0,0,2,90.6,0
2016-11-22 18:33:00,3,45,20.9,85,7.8,1009.3,0,0,4,90.6,0
2016-11-22 18:36:00,3,45,20.9,85,7.8,1009.4,0,0,4,90.6,0
2016-11-22 18:39:00,3,45,20.9,85,7.7,1009.3,0,0,14,90.6,0
2016-11-22 18:42:00,3,45,20.8,85,7.7,1009.3,0,0,14,90.6,0
2016-11-22 18:45:00,3,45,20.8,85,7.7,1009.5,0,0,14,90.6,0
2016-11-22 18:48:00,3,45,20.8,85,7.7,1009.4,0,0,14,90.6,0
2016-11-22 18:51:00,3,45,20.8,85,7.7,1009.4,0,0,0,90.6,0
2016-11-22 18:54:00,3,45,20.9,85,7.7,1009.5,0,0,0,90.6,0
2016-11-22 18:57:00,3,45,20.9,85,7.7,1009.4,0,0,0,90.6,0
2016-11-22 19:00:00,3,45,20.8,85,7.7,1009.5,0,0,0,90.6,0
2016-11-22 19:03:00,3,45,20.8,85,7.7,1009.6,0,0,0,90.6,0
2016-11-22 19:06:00,3,45,20.9,85,7.7,1009.6,0,0,0,90.6,0
2016-11-22 19:09:00,3,45,20.9,85,7.6,1009.5,0,0,0,90.6,0
2016-11-22 19:12:00,3,45,20.9,85,7.6,1009.6,0,0,0,90.6,0
2016-11-22 19:15:00,3,45,20.8,85,7.6,1009.8,0,0,0,90.6,0
2016-11-22 19:18:00,3,45,20.8,85,7.5,1009.6,0,0,0,90.6,0
2016-11-22 19:21:00,3,45,20.8,84,7.5,1009.7,0,0,0,90.6,0
2016-11-22 19:24:00,3,45,20.8,84,7.5,1009.6,0,0,0,90.6,0
2016-11-22 19:27:00,3,45,20.8,90,7.4,1009.7,0,0,0,90.6,0
2016-11-22 19:30:00,3,45,20.8,90,7.4,1009.8,0,0,0,90.6,0
2016-11-22 19:33:00,3,45,20.8,90,7.4,1009.9,0,0,0,90.6,0
2016-11-22 19:36:00,3,45,20.8,90,7.3,1009.7,0,0,0,90.6,0
2016-11-22 19:39:00,3,45,20.8,90,7.3,1009.8,0,0,2,90.6,0
2016-11-22 19:42:00,3,45,20.8,90,7.3,1009.9,0,0,2,90.6,0
2016-11-22 19:45:00,3,45,20.8,90,7.2,1009.6,0,0,2,90.6,0
2016-11-22 19:48:00,3,45,20.8,90,7.1,1009.7,0,0,2,90.6,0
2016-11-22 19:51:00,3,45,20.8,90,7.1,1009.6,0,0,4,90.6,0
2016-11-22 19:54:00,3,45,20.8,90,7.0,1009.7,0,0,4,90.6,0
2016-11-22 19:57:00,3,45,20.8,90,7.0,1009.6,0,0,4,90.6,0
2016-11-22 20:00:00,3,45,20.8,90,6.9,1009.8,0,0,4,90.6,0
2016-11-22 20:03:00,3,45,20.8,90,6.9,1009.7,0,0,4,90.6,0
2016-11-22 20:06:00,3,45,20.8,90,6.9,1009.9,0,0,4,90.6,0
2016-11-22 20:09:00,3,45,20.8,90,6.8,1010.0,0,0,4,90.6,0
2016-11-22 20:12:00,3,45,20.8,90,6.7,1009.8,0,0,4,90.6,0
2016-11-22 20:15:00,3,45,20.8,90,6.7,1009.9,0,0,4,90.6,0
2016-11-22 20:18:00,3,45,20.8,90,6.6,1009.9,0,0,4,90.6,0
2016-11-22 20:21:00,3,45,20.8,90,6.6,1009.9,0,0,4,90.6,0
2016-11-22 20:24:00,3,45,20.8,90,6.6,1009.9,0,0,4,90.6,0
2016-11-22 20:27:00,3,45,20.8,90,6.6,1009.8,0,0,2,90.6,0
2016-11-22 20:30:00,3,45,20.8,90,6.6,1009.8,0,0,2,90.6,0
2016-11-22 20:33:00,3,45,20.8,90,6.6,1009.9,0,0,2,90.6,0
2016-11-22 20:36:00,3,45,20.8,90,6.5,1009.9,0,0,2,90.6,0
2016-11-22 20:39:00,3,45,20.8,90,6.5,1009.9,0,0,2,90.6,0
2016-11-22 20:42:00,3,45,20.8,90,6.5,1009.9,0,0,2,90.6,0
2016-11-22 20:45:00,3,45,20.8,90,6.4,1009.9,0,0,2,90.6,0
2016-11-22 20:48:00,3,45,20.8,90,6.4,1010.0,0,0,2,90.6,0
2016-11-22 20:51:00,3,45,20.8,90,6.4,1010.0,0,0,2,90.6,0
2016-11-22 20:54:00,3,45,20.8,90,6.4,1010.0,0,0,2,90.6,0
2016-11-22 20:57:00,3,45,20.8,90,6.4,1010.0,0,0,2,90.6,0
2016-11-22 21:00:00,3,45,20.8,90,6.4,1010.0,0,0,2,90.6,0
2016-11-22 21:03:00,3,45,20.8,90,6.4,1010.0,0,0,2,90.6,0
2016-11-22 21:06:00,3,45,20.8,90,6.4,1010.0,0,0,2,90.6,0
2016-11-22 21:09:00,3,45,20.8,90,6.3,1009.9,0,0,2,90.6,0
2016-11-22 21:12:00,3,45,20.8,90,6.3,1010.0,0,0,2,90.6,0
2016-11-22 21:15:00,3,45,20.8,90,6.2,1010.1,0,0,2,90.6,0
2016-11-22 21:18:00,3,45,20.8,90,6.2,1010.1,0,0,2,90.6,0
2016-11-22 21:21:00,3,45,20.8,90,6.1,1010.2,0,0,2,90.6,0
2016-11-22 21:24:00,3,45,20.8,90,6.0,1010.3,0,0,2,90.6,0
2016-11-22 21:27:00,3,45,20.8,90,6.0,1010.1,0,0,2,90.6,0
2016-11-22 21:30:00,3,45,20.7,90,5.9,1010.0,0,0,2,90.6,0
2016-11-22 21:33:00,3,45,20.7,90,5.9,1010.0,0,0,2,90.6,0
2016-11-22 21:36:00,3,45,20.7,90,5.9,1010.2,0,0,2,90.6,0
2016-11-22 21:39:00,3,45,20.7,90,5.8,1010.1,0,0,2,90.6,0
2016-11-22 21:42:00,3,45,20.7,90,5.8,1010.2,0,0,2,90.6,0
2016-11-22 21:45:00,3,45,20.7,90,5.8,1010.1,0,0,2,90.6,0
2016-11-22 21:48:00,3,45,20.7,90,5.7,1010.2,0,0,2,90.6,0
2016-11-22 21:51:00,3,45,20.7,90,5.7,1010.2,0,0,2,90.6,0
2016-11-22 21:54:00,3,45,20.7,90,5.7,1010.2,0,0,0,90.6,0
2016-11-22 21:57:00,3,45,20.7,90,5.7,1010.2,0,0,0,90.6,0
2016-11-22 22:00:00,3,45,20.7,90,5.7,1010.2,0,0,0,90.6,0
2016-11-22 22:03:00,3,45,20.7,90,5.7,1010.4,0,0,0,90.6,0
2016-11-22 22:06:00,3,45,20.6,90,5.7,1010.5,0,0,0,90.6,0
2016-11-22 22:09:00,3,45,20.6,90,5.7,1010.5,0,0,0,90.6,0
2016-11-22 22:12:00,3,45,20.6,90,5.7,1010.6,0,0,0,90.6,0
2016-11-22 22:15:00,3,45,20.6,90,5.7,1010.6,0,0,0,90.6,0
2016-11-22 22:18:00,3,45,20.6,90,5.6,1010.5,0,0,0,90.6,0
2016-11-22 22:21:00,3,45,20.6,90,5.6,1010.6,0,0,0,90.6,0
2016-11-22 22:24:00,3,45,20.6,90,5.6,1010.5,0,0,0,90.6,0
2016-11-22 22:27:00,3,45,20.6,90,5.5,1010.6,0,0,0,90.6,0
2016-11-22 22:30:00,3,45,20.6,90,5.5,1010.5,0,0,0,90.6,0
2016-11-22 22:33:00,3,45,20.6,90,5.5,1010.6,0,0,0,90.6,0
2016-11-22 22:36:00,3,45,20.5,90,5.4,1010.6,0,0,0,90.6,0
2016-11-22 22:39:00,3,45,20.5,90,5.4,1010.7,0,0,0,90.6,0
2016-11-22 22:42:00,3,45,20.5,90,5.4,1010.8,0,0,0,90.6,0
2016-11-22 22:45:00,3,45,20.5,90,5.4,1010.7,0,0,0,90.6,0
2016-11-22 22:48:00,3,45,20.5,90,5.4,1010.8,0,0,0,90.6,0
2016-11-22 22:51:00,3,45,20.5,90,5.5,1010.7,0,0,0,90.6,0
2016-11-22 22:54:00,3,45,20.5,90,5.5,1010.8,0,0,0,90.6,0
2016-11-22 22:57:00,3,45,20.5,90,5.5,1010.8,0,0,0,90.6,0
2016-11-22 23:00:00,3,45,20.5,90,5.5,1010.9,0,0,0,90.6,0
2016-11-22 23:03:00,3,45,20.4,90,5.5,1010.9,0,0,0,90.6,0
2016-11-22 23:06:00,3,45,20.5,90,5.5,1010.9,0,0,0,90.6,0
2016-11-22 23:09:00,3,45,20.4,90,5.6,1011.0,0,0,0,90.6,0
2016-11-22 23:12:00,3,45,20.4,91,5.6,1011.0,0,0,0,90.6,0
2016-11-22 23:15:00,3,45,20.4,91,5.7,1011.0,0,0,0,90.6,0
2016-11-22 23:18:00,3,45,20.4,91,5.7,1011.0,0,0,0,90.6,0
2016-11-22 23:21:00,3,45,20.4,91,5.7,1011.0,0,0,0,90.6,0
2016-11-22 23:24:00,3,44,20.4,91,5.7,1011.0,0,0,0,90.6,0
2016-11-22 23:27:00,3,44,20.4,91,5.8,1010.9,0,0,2,90.6,0
2016-11-22 23:30:00,3,44,20.4,91,5.8,1010.9,0,0,4,90.6,0
2016-11-22 23:33:00,3,44,20.4,91,5.8,1010.9,0,0,4,90.6,0
2016-11-22 23:36:00,3,44,20.3,91,5.8,1010.9,0,0,14,90.6,0
2016-11-22 23:39:00,3,44,20.3,91,5.8,1011.0,0,0,14,90.6,0
2016-11-22 23:42:00,3,44,20.3,91,5.8,1011.0,0,0,14,90.6,0
2016-11-22 23:45:00,3,44,20.3,91,5.8,1011.1,0,0,14,90.6,0
2016-11-22 23:48:00,3,44,20.3,91,5.7,1011.1,0,0,14,90.6,0
2016-11-22 23:51:00,3,44,20.3,91,5.7,1011.0,0,0,14,90.6,0
2016-11-22 23:54:00,3,44,20.3,91,5.6,1011.0,0,0,14,90.6,0
2016-11-22 23:57:00,3,44,20.3,90,5.5,1011.0,0,0,14,90.6,0
