2016-11-24 00:00:00,3,43,19.8,90,3.4,1014.3,0,0,0,90.6,0
2016-11-24 00:03:00,3,43,19.8,90,3.4,1014.4,0,0,0,90.6,0
2016-11-24 00:06:00,3,43,19.7,90,3.4,1014.4,0,0,0,90.6,0
2016-11-24 00:09:00,3,43,19.7,90,3.4,1014.4,0,0,0,90.6,0
2016-11-24 00:12:00,3,43,19.7,90,3.4,1014.3,0,0,0,90.6,0
2016-11-24 00:15:00,3,43,19.7,90,3.4,1014.3,0,0,0,90.6,0
2016-11-24 00:18:00,3,43,19.7,90,3.4,1014.2,0,0,0,90.6,0
2016-11-24 00:21:00,3,43,19.7,90,3.5,1014.2,0,0,0,90.6,0
2016-11-24 00:24:00,3,43,19.7,90,3.5,1014.2,0,0,0,90.6,0
2016-11-24 00:27:00,3,43,19.6,90,3.5,1014.2,0,0,0,90.6,0
2016-11-24 00:30:00,3,43,19.6,90,3.5,1014.3,0,0,0,90.6,0
2016-11-24 00:33:00,3,43,19.6,90,3.5,1014.4,0.3,0.7,0,90.6,0
2016-11-24 00:36:00,3,43,19.6,90,3.5,1014.4,0.3,0.7,0,90.6,0
2016-11-24 00:39:00,3,43,19.6,90,3.5,1014.4,0,0.3,0,90.6,0
2016-11-24 00:42:00,3,43,19.6,90,3.5,1014.5,0,0,0,90.6,0
2016-11-24 00:45:00,3,43,19.6,90,3.5,1014.4,0,0,0,90.6,0
2016-11-24 00:48:00,3,43,19.5,90,3.5,1014.3,0,0,0,90.6,0
2016-11-24 00:51:00,3,43,19.5,90,3.5,1014.3,0,0,0,90.6,0
2016-11-24 00:54:00,3,43,19.5,90,3.5,1014.3,0,0.3,0,90.6,0
2016-11-24 00:57:00,3,43,19.4,90,3.6,1014.4,0,0,0,90.6,0
2016-11-24 01:00:00,3,43,19.4,90,3.7,1014.5,0,0,0,90.6,0
2016-11-24 01:03:00,3,43,19.4,90,3.7,1014.4,0,0,0,90.6,0
2016-11-24 01:06:00,3,43,19.4,90,3.7,1014.6,0,0,0,90.6,0
2016-11-24 01:09:00,3,43,19.4,90,3.8,1014.5,0,0,0,90.6,0
2016-11-24 01:12:00,3,43,19.3,90,3.8,1014.6,0,0,0,90.6,0
2016-11-24 01:15:00,3,43,19.3,90,3.9,1014.5,0,0,0,90.6,0
2016-11-24 01:18:00,3,43,19.3,90,3.9,1014.6,0,0,0,90.6,0
2016-11-24 01:21:00,3,43,19.3,90,3.9,1014.5,0,0,0,90.6,0
2016-11-24 01:24:00,3,43,19.3,90,4.0,1014.5,0,0,12,90.6,0
2016-11-24 01:27:00,3,43,19.3,90,4.0,1014.6,0,0,12,90.6,0
2016-11-24 01:30:00,3,43,19.3,91,4.0,1014.5,0,0,10,90.6,0
2016-11-24 01:33:00,3,43,19.3,91,4.0,1014.6,0,0,6,90.6,0
2016-11-24 01:36:00,3,43,19.2,91,4.0,1014.6,0,0,6,90.6,0
2016-11-24 01:39:00,3,43,19.2,91,4.1,1014.5,0,0,6,90.6,0
2016-11-24 01:42:00,3,43,19.2,91,4.1,1014.6,0,0,6,90.6,0
2016-11-24 01:45:00,3,43,19.2,91,4.1,1014.6,0,0,6,90.6,0
2016-11-24 01:48:00,3,43,19.2,91,4.1,1014.7,0,0,6,90.6,0
2016-11-24 01:51:00,3,43,19.2,91,4.1,1014.7,0,0,14,90.6,0
2016-11-24 01:54:00,3,43,19.2,91,4.1,1014.7,0,0,14,90.6,0
2016-11-24 01:57:00,3,43,19.2,91,4.1,1014.6,0,0,14,90.6,0
2016-11-24 02:00:00,3,43,19.1,91,4.1,1014.6,0,0,14,90.6,0
2016-11-24 02:03:00,3,43,19.1,91,4.1,1014.6,0,0,14,90.6,0
2016-11-24 02:06:00,3,43,19.1,91,4.1,1014.6,0,0,14,90.6,0
2016-11-24 02:09:00,3,43,19.1,91,4.1,1014.6,0,0,14,90.6,0
2016-11-24 02:12:00,3,43,19.1,91,4.1,1014.6,0,0,4,90.6,0
2016-11-24 02:15:00,3,43,19.0,91,4.1,1014.7,0,0,2,90.6,0
2016-11-24 02:18:00,3,43,19.0,91,4.1,1014.6,0,0,2,90.6,0
2016-11-24 02:21:00,3,43,19.0,91,4.1,1014.7,0,0,14,90.6,0
2016-11-24 02:24:00,3,43,19.0,91,4.1,1014.8,0,0,14,90.6,0
2016-11-24 02:27:00,3,43,19.0,91,4.2,1014.8,0,0,14,90.6,0
2016-11-24 02:30:00,3,43,19.0,91,4.2,1014.7,0,0,14,90.6,0
2016-11-24 02:33:00,3,43,19.0,91,4.2,1014.7,0,0,14,90.6,0
2016-11-24 02:36:00,3,43,19.0,91,4.2,1014.8,0,0,14,90.6,0
2016-11-24 02:39:00,3,43,19.0,91,4.2,1014.7,0,0,14,90.6,0
2016-11-24 02:42:00,3,44,18.9,91,4.2,1014.8,0,0,14,90.6,0
2016-11-24 02:45:00,3,44,18.9,91,4.2,1014.8,0,0,14,90.6,0
2016-11-24 02:48:00,3,44,18.9,91,4.2,1014.9,0,0,10,90.6,0
2016-11-24 02:51:00,3,44,18.9,91,4.3,1014.8,0,0,12,90.6,0
2016-11-24 02:54:00,3,44,18.9,91,4.3,1014.9,0,0,0,90.6,0
2016-11-24 02:57:00,3,44,18.9,91,4.4,1014.8,0,0,0,90.6,0
2016-11-24 03:00:00,3,44,18.9,91,4.4,1014.9,0,0,0,90.6,0
2016-11-24 03:03:00,3,44,18.9,91,4.4,1014.8,0,0,0,90.6,0
2016-11-24 03:06:00,3,44,18.8,91,4.4,1014.9,0,0,0,90.6,0
2016-11-24 03:09:00,3,44,18.8,91,4.4,1014.8,0,0,14,90.6,0
2016-11-24 03:12:00,3,44,18.8,91,4.4,1014.9,0,0,14,90.6,0
2016-11-24 03:15:00,3,44,18.8,91,4.4,1014.9,0,0,14,90.6,0
2016-11-24 03:18:00,3,44,18.8,91,4.5,1014.9,0,0,14,90.6,0
2016-11-24 03:21:00,3,44,18.8,91,4.5,1014.9,0,0,14,90.6,0
2016-11-24 03:24:00,3,44,18.8,91,4.5,1014.9,0,0,14,90.6,0
2016-11-24 03:27:00,3,44,18.8,91,4.5,1014.9,0,0,14,90.6,0
2016-11-24 03:30:00,3,44,18.7,91,4.5,1014.8,0,0,14,90.6,0
2016-11-24 03:33:00,3,44,18.7,91,4.5,1014.9,0,0,0,90.6,0
2016-11-24 03:36:00,3,44,18.7,91,4.6,1014.9,0,0,0,90.6,0
2016-11-24 03:39:00,3,44,18.6,91,4.6,1014.9,0,0,0,90.6,0
2016-11-24 03:42:00,3,44,18.6,91,4.6,1014.8,0,0,14,90.6,0
2016-11-24 03:45:00,3,44,18.6,91,4.6,1014.9,0,0,14,90.6,0
2016-11-24 03:48:00,3,44,18.6,91,4.6,1014.9,0,0,12,90.6,0
2016-11-24 03:51:00,3,44,18.6,91,4.6,1015.0,0,0,12,90.6,0
2016-11-24 03:54:00,3,44,18.6,91,4.6,1015.0,0,0,14,90.6,0
2016-11-24 03:57:00,3,44,18.6,91,4.6,1015.0,0,0,0,90.6,0
2016-11-24 04:00:00,3,44,18.6,91,4.6,1015.0,0,0,14,90.6,0
2016-11-24 04:03:00,3,44,18.6,91,4.6,1015.0,0,0,8,90.6,0
2016-11-24 04:06:00,3,44,18.6,91,4.6,1015.0,0,0,8,90.6,0
2016-11-24 04:09:00,3,44,18.5,91,4.6,1015.1,0,0,10,90.6,0
2016-11-24 04:12:00,3,44,18.5,91,4.6,1015.2,0,0,10,90.6,0
2016-11-24 04:15:00,3,44,18.5,91,4.6,1015.1,0,0,0,90.6,0
2016-11-24 04:18:00,3,44,18.5,91,4.5,1015.2,0,0,14,90.6,0
2016-11-24 04:21:00,3,44,18.5,91,4.6,1015.2,0,0,0,90.6,0
2016-11-24 04:24:00,3,44,18.5,91,4.6,1015.2,0,0,0,90.6,0
2016-11-24 04:27:00,3,44,18.5,91,4.6,1015.2,0,0,0,90.6,0
2016-11-24 04:30:00,3,44,18.5,91,4.6,1015.2,0,0,0,90.6,0
2016-11-24 04:33:00,3,44,18.5,91,4.7,1015.3,0.3,0.7,0,90.6,0
2016-11-24 04:36:00,3,44,18.4,91,4.7,1015.4,0.3,0.7,0,90.6,0
2016-11-24 04:39:00,3,44,18.4,91,4.8,1015.4,0,0.3,0,90.6,0
2016-11-24 04:42:00,3,44,18.4,91,4.8,1015.2,0.3,0.7,14,90.6,0
2016-11-24 04:45:00,3,44,18.4,91,4.9,1015.4,0.3,0.7,0,90.6,0
2016-11-24 04:48:00,3,44,18.4,91,4.9,1015.4,0.3,0.7,0,90.6,0
2016-11-24 04:51:00,3,44,18.4,91,4.9,1015.3,0.7,1.0,0,90.6,0
2016-11-24 04:54:00,3,44,18.4,91,5.0,1015.4,0.3,0.7,14,90.6,0
2016-11-24 04:57:00,3,44,18.4,91,5.0,1015.5,1.0,1.4,0,90.6,0
2016-11-24 05:00:00,3,44,18.4,91,5.0,1015.4,0.3,0.7,14,90.6,0
2016-11-24 05:03:00,3,44,18.4,91,5.0,1015.5,0.3,0.7,14,90.6,0
2016-11-24 05:06:00,3,44,18.4,91,5.0,1015.5,0.3,0.7,14,90.6,0
2016-11-24 05:09:00,3,44,18.4,91,5.1,1015.6,0,0.3,14,90.6,0
2016-11-24 05:12:00,3,44,18.4,91,5.2,1015.6,0,0,0,90.6,0
2016-11-24 05:15:00,3,44,18.5,91,5.2,1015.6,0,0,0,90.6,0
2016-11-24 05:18:00,3,44,18.5,91,5.2,1015.5,0.7,1.0,0,90.6,0
2016-11-24 05:21:00,3,44,18.5,92,5.2,1015.6,0,0,12,90.6,0
2016-11-24 05:24:00,3,44,18.5,92,5.3,1015.6,0,0.3,0,90.6,0
2016-11-24 05:27:00,3,44,18.5,92,5.3,1015.7,0,0,0,90.6,0
2016-11-24 05:30:00,3,44,18.6,92,5.3,1015.7,0.3,0.7,0,90.6,0
2016-11-24 05:33:00,3,44,18.6,92,5.4,1015.7,0,0.3,0,90.6,0
2016-11-24 05:36:00,3,44,18.7,92,5.4,1015.9,0.3,0.7,0,90.6,0
2016-11-24 05:39:00,3,44,18.8,92,5.4,1015.9,0,0.3,0,90.6,0
2016-11-24 05:42:00,3,44,18.8,92,5.4,1015.8,0.7,1.0,14,90.6,0
2016-11-24 05:45:00,3,44,18.8,92,5.4,1015.9,0.7,1.0,15,90.6,0
2016-11-24 05:48:00,3,44,18.9,92,5.5,1015.8,1.4,2.0,0,90.6,0
2016-11-24 05:51:00,3,44,18.9,92,5.5,1015.9,0.7,1.0,0,90.6,0
2016-11-24 05:54:00,3,44,18.9,92,5.5,1016.0,0.7,1.0,0,90.6,0
2016-11-24 05:57:00,3,43,19.0,92,5.6,1016.1,0.3,0.7,0,90.6,0
2016-11-24 06:00:00,3,43,19.0,92,5.6,1016.2,0.7,1.0,0,90.6,0
2016-11-24 06:03:00,3,43,19.0,92,5.6,1016.1,1.0,1.7,0,90.6,0
2016-11-24 06:06:00,3,44,19.1,92,5.6,1016.2,1.4,1.7,2,90.6,0
2016-11-24 06:09:00,3,44,19.1,92,5.6,1016.1,0.7,1.0,2,90.6,0
2016-11-24 06:12:00,3,44,19.1,92,5.7,1016.1,0.7,1.0,3,90.6,0
2016-11-24 06:15:00,3,44,19.1,92,5.7,1016.1,1.4,1.7,0,90.6,0
2016-11-24 06:18:00,3,44,19.1,92,5.7,1016.1,0.7,1.0,0,90.6,0
2016-11-24 06:21:00,3,44,19.2,92,5.7,1016.2,0.7,1.4,0,90.6,0
2016-11-24 06:24:00,3,44,19.2,92,5.7,1016.3,0.3,0.7,2,90.6,0
2016-11-24 06:27:00,3,44,19.2,92,5.7,1016.3,0.7,0.7,0,90.6,0
2016-11-24 06:30:00,3,44,19.2,92,5.8,1016.4,0.7,1.0,0,90.6,0
2016-11-24 06:33:00,3,44,19.2,92,5.8,1016.4,1.0,1.4,14,90.6,0
2016-11-24 06:36:00,3,44,19.3,92,5.9,1016.4,0.7,1.4,14,90.6,0
2016-11-24 06:39:00,3,44,19.3,92,5.9,1016.4,1.0,1.4,0,90.6,0
2016-11-24 06:42:00,3,44,19.3,92,5.8,1016.5,1.4,2.0,0,90.6,0
2016-11-24 06:45:00,3,44,19.3,92,5.8,1016.5,0.7,0.7,0,90.6,0
2016-11-24 06:48:00,3,44,19.3,92,5.9,1016.6,0.7,1.0,0,90.6,0
2016-11-24 06:51:00,3,44,19.3,92,5.9,1016.6,1.0,1.7,0,90.6,0
2016-11-24 06:54:00,3,44,19.3,92,5.9,1016.6,2.4,3.4,0,90.6,0
2016-11-24 06:57:00,3,44,19.5,92,5.9,1016.8,0.7,1.0,2,90.6,0
2016-11-24 07:00:00,3,44,19.5,92,5.8,1016.8,1.0,1.4,6,90.6,0
2016-11-24 07:03:00,3,44,19.5,92,5.8,1016.9,1.0,1.4,6,90.6,0
2016-11-24 07:06:00,3,44,19.5,92,5.8,1016.9,1.0,1.4,6,90.6,0
2016-11-24 07:09:00,3,44,19.5,92,5.8,1017.0,1.0,1.7,2,90.6,0
2016-11-24 07:12:00,3,44,19.5,92,5.8,1017.1,1.4,2.0,0,90.6,0
2016-11-24 07:15:00,3,44,19.5,92,5.8,1017.1,0.7,1.0,0,90.6,0
2016-11-24 07:18:00,3,44,19.5,92,5.8,1017.1,1.0,1.7,0,90.6,0
2016-11-24 07:21:00,3,44,19.5,92,5.8,1017.1,0.7,1.0,0,90.6,0
2016-11-24 07:24:00,3,44,19.6,92,5.8,1017.2,0.7,1.0,0,90.6,0
2016-11-24 07:27:00,3,44,19.6,92,5.8,1017.3,0.3,0.7,0,90.6,0
2016-11-24 07:30:00,3,44,19.6,92,5.8,1017.3,0.7,1.0,0,90.6,0
2016-11-24 07:33:00,3,44,19.6,92,5.8,1017.2,0.3,0.7,0,90.6,0
2016-11-24 07:36:00,3,44,19.6,92,5.8,1017.2,0.3,0.7,0,90.6,0
2016-11-24 07:39:00,3,44,19.6,92,5.8,1017.3,0.3,0.3,0,90.6,0
2016-11-24 07:42:00,3,44,19.6,92,5.8,1017.3,0,0.3,0,90.6,0
2016-11-24 07:45:00,3,44,19.6,92,5.8,1017.3,0.3,0.7,0,90.6,0
2016-11-24 07:48:00,3,44,19.6,92,5.8,1017.4,0.3,0.7,0,90.6,0
2016-11-24 07:51:00,3,44,19.6,92,5.8,1017.4,0.7,1.0,3,90.6,0
2016-11-24 07:54:00,3,44,19.6,92,5.8,1017.3,0.3,0.7,2,90.6,0
2016-11-24 07:57:00,3,44,19.6,92,5.9,1017.3,0,0,15,90.6,0
2016-11-24 08:00:00,3,44,19.6,92,5.9,1017.3,0,0.3,0,90.6,0
2016-11-24 08:03:00,3,44,19.6,92,6.0,1017.4,0.3,0.7,0,90.6,0
2016-11-24 08:06:00,3,44,19.7,92,6.0,1017.4,0.7,1.0,0,90.6,0
2016-11-24 08:09:00,3,44,19.7,92,6.0,1017.4,0.3,0.7,0,90.6,0
2016-11-24 08:12:00,3,44,19.6,92,6.0,1017.5,0.3,0.7,0,90.6,0
2016-11-24 08:15:00,3,44,19.7,92,6.1,1017.6,0.7,1.0,0,90.6,0
2016-11-24 08:18:00,3,44,19.7,92,6.1,1017.7,0.3,0.7,14,90.6,0
2016-11-24 08:21:00,3,44,19.7,92,6.1,1017.7,0.3,0.7,0,90.6,0
2016-11-24 08:24:00,3,44,19.7,92,6.2,1017.7,0,0,0,90.6,0
2016-11-24 08:27:00,3,44,19.7,92,6.2,1017.8,0.3,0.7,0,90.6,0
2016-11-24 08:30:00,3,44,19.7,92,6.2,1017.7,0.7,1.0,0,90.6,0
2016-11-24 08:33:00,3,44,19.7,92,6.2,1017.8,0.7,1.0,0,90.6,0
2016-11-24 08:36:00,3,44,19.7,91,6.2,1017.8,0.7,1.0,0,90.6,0
2016-11-24 08:39:00,3,44,19.7,91,6.2,1017.7,0.7,1.0,0,90.6,0
2016-11-24 08:42:00,3,44,19.7,91,6.2,1017.9,0.7,1.0,0,90.6,0
2016-11-24 08:45:00,3,44,19.7,91,6.2,1018.0,0.3,0.7,14,90.6,0
2016-11-24 08:48:00,3,44,19.7,91,6.3,1017.9,0.7,1.4,0,90.6,0
2016-11-24 08:51:00,3,44,19.7,90,6.3,1017.9,0.7,1.0,14,90.6,0
2016-11-24 08:54:00,3,44,19.7,90,6.3,1017.8,0.7,1.0,0,90.6,0
2016-11-24 08:57:00,3,44,19.7,90,6.3,1017.8,0.7,1.0,0,90.6,0
2016-11-24 09:00:00,3,44,19.7,90,6.3,1017.9,0.7,1.0,0,90.6,0
2016-11-24 09:03:00,3,44,19.7,90,6.3,1017.8,0.7,1.0,0,90.6,0
2016-11-24 09:06:00,3,44,19.8,90,6.3,1017.9,0.7,1.0,0,90.6,0
2016-11-24 09:09:00,3,44,19.8,90,6.5,1018.0,1.0,1.4,0,90.6,0
2016-11-24 09:12:00,3,44,19.8,90,6.5,1018.0,1.4,1.7,0,90.6,0
2016-11-24 09:15:00,3,44,19.8,89,6.6,1017.9,1.0,1.4,0,90.6,0
2016-11-24 09:18:00,3,44,19.8,89,6.6,1017.9,0.3,0.7,15,90.6,0
2016-11-24 09:21:00,3,44,19.8,88,6.7,1018.0,0.7,1.4,0,90.6,0
2016-11-24 09:24:00,3,45,19.8,88,6.9,1018.0,1.4,1.7,0,90.6,0
2016-11-24 09:27:00,3,47,19.8,87,7.2,1018.0,0.7,1.0,0,90.6,0
2016-11-24 09:30:00,3,50,19.8,82,7.6,1018.1,0.7,1.0,14,90.6,0
2016-11-24 09:33:00,3,49,19.9,81,8.0,1018.1,1.0,1.4,0,90.6,0
2016-11-24 09:36:00,3,48,20.0,78,8.3,1018.0,1.0,1.4,0,90.6,0
2016-11-24 09:39:00,3,47,20.1,75,8.6,1018.0,1.4,1.7,2,90.6,0
2016-11-24 09:42:00,3,46,20.3,73,8.7,1018.0,2.0,2.4,2,90.6,0
2016-11-24 09:45:00,3,46,20.5,72,8.8,1018.2,1.0,1.4,14,90.6,0
2016-11-24 09:48:00,3,45,20.6,72,8.8,1018.2,1.4,1.7,2,90.6,0
2016-11-24 09:51:00,3,44,20.7,72,8.9,1018.3,1.0,1.4,0,90.6,0
2016-11-24 09:54:00,3,44,20.9,71,9.0,1018.2,1.4,2.0,2,90.6,0
2016-11-24 09:57:00,3,43,21.1,71,9.0,1018.3,1.0,1.4,0,90.6,0
2016-11-24 10:00:00,3,43,21.2,71,8.9,1018.4,1.4,2.4,0,90.6,0
2016-11-24 10:03:00,3,42,21.3,70,8.7,1018.4,1.7,2.4,0,90.6,0
2016-11-24 10:06:00,3,41,21.3,71,8.6,1018.5,2.0,2.7,1,90.6,0
2016-11-24 10:09:00,3,41,21.5,71,8.3,1018.5,1.7,2.4,0,90.6,0
2016-11-24 10:12:00,3,41,21.5,71,8.2,1018.4,0.7,1.0,2,90.6,0
2016-11-24 10:15:00,3,41,21.6,71,8.5,1018.4,1.4,2.0,0,90.6,0
2016-11-24 10:18:00,3,41,21.7,71,8.6,1018.5,1.4,1.7,0,90.6,0
2016-11-24 10:21:00,3,40,21.8,71,8.8,1018.5,1.0,1.4,0,90.6,0
2016-11-24 10:24:00,3,40,21.8,70,9.0,1018.5,1.0,1.4,0,90.6,0
2016-11-24 10:27:00,3,40,21.9,70,9.1,1018.5,1.4,1.7,0,90.6,0
2016-11-24 10:30:00,3,40,21.9,70,9.3,1018.6,1.0,1.7,0,90.6,0
2016-11-24 10:33:00,3,39,22.1,68,9.3,1018.5,1.4,2.0,14,90.6,0
2016-11-24 10:36:00,3,38,22.1,68,9.4,1018.5,0.7,1.0,4,90.6,0
2016-11-24 10:39:00,3,38,22.2,67,9.6,1018.5,0.7,1.0,0,90.6,0
2016-11-24 10:42:00,3,38,22.2,67,9.8,1018.5,0.7,1.0,0,90.6,0
2016-11-24 10:45:00,3,38,22.3,66,10.0,1018.4,0.7,0.7,14,90.6,0
2016-11-24 10:48:00,3,38,22.3,65,10.1,1018.5,1.7,2.4,1,90.6,0
2016-11-24 10:51:00,3,38,22.5,64,9.8,1018.6,1.7,2.7,2,90.6,0
2016-11-24 10:54:00,3,38,22.5,64,9.5,1018.5,1.4,2.4,0,90.6,0
2016-11-24 10:57:00,3,38,22.6,64,9.6,1018.5,1.4,1.7,2,90.6,0
2016-11-24 11:00:00,3,37,22.7,64,9.7,1018.7,2.0,2.4,0,90.6,0
2016-11-24 11:03:00,3,37,22.7,64,9.7,1018.6,2.0,2.4,0,90.6,0
2016-11-24 11:06:00,3,37,22.8,64,9.7,1018.6,2.0,2.4,0,90.6,0
2016-11-24 11:09:00,3,37,22.8,64,9.6,1018.7,0.7,1.0,2,90.6,0
2016-11-24 11:12:00,3,36,22.8,64,9.9,1018.7,0.7,1.0,0,90.6,0
2016-11-24 11:15:00,3,36,22.9,64,10.2,1018.7,1.4,1.7,14,90.6,0
2016-11-24 11:18:00,3,36,23.0,63,10.1,1018.7,4.1,5.1,0,90.6,0
2016-11-24 11:21:00,3,36,23.0,62,10.1,1018.6,1.7,2.0,0,90.6,0
2016-11-24 11:24:00,3,37,22.8,62,10.0,1018.7,0.7,1.4,0,90.6,0
2016-11-24 11:27:00,3,37,22.5,61,9.8,1018.5,2.0,2.7,0,90.6,0
2016-11-24 11:30:00,3,38,22.3,61,9.7,1018.4,2.7,3.7,2,90.6,0
2016-11-24 11:33:00,3,38,22.2,61,9.5,1018.6,1.4,2.0,0,90.6,0
2016-11-24 11:36:00,3,38,22.1,62,9.5,1018.4,1.4,2.0,2,90.6,0
2016-11-24 11:39:00,3,39,21.9,62,9.4,1018.3,2.0,2.4,2,90.6,0
2016-11-24 11:42:00,3,39,21.9,62,9.3,1018.3,1.4,1.7,2,90.6,0
2016-11-24 11:45:00,3,40,21.8,62,9.3,1018.4,1.4,1.7,2,90.6,0
2016-11-24 11:48:00,3,40,21.8,63,9.3,1018.4,1.0,1.4,2,90.6,0
2016-11-24 11:51:00,3,40,21.7,63,9.5,1018.4,1.4,2.0,0,90.6,0
2016-11-24 11:54:00,3,40,21.7,62,9.5,1018.3,2.0,2.4,0,90.6,0
2016-11-24 11:57:00,3,40,21.7,62,9.4,1018.3,0.7,1.0,2,90.6,0
2016-11-24 12:00:00,3,40,21.6,63,9.5,1018.3,0.7,1.0,0,90.6,0
2016-11-24 12:03:00,3,40,21.5,63,9.7,1018.2,1.4,1.7,14,90.6,0
2016-11-24 12:06:00,3,40,21.5,62,9.5,1018.3,1.4,2.0,0,90.6,0
2016-11-24 12:09:00,3,40,21.5,63,9.4,1018.3,1.7,2.4,0,90.6,0
2016-11-24 12:12:00,3,40,21.4,63,9.2,1018.3,1.0,1.4,0,90.6,0
2016-11-24 12:15:00,3,40,21.3,64,9.1,1018.3,1.4,1.7,0,90.6,0
2016-11-24 12:18:00,3,40,21.3,64,9.1,1018.4,0.7,1.0,0,90.6,0
2016-11-24 12:21:00,3,40,21.3,64,9.1,1018.2,1.7,2.0,14,90.6,0
2016-11-24 12:24:00,3,40,21.3,64,9.0,1018.3,1.0,1.4,2,90.6,0
2016-11-24 12:27:00,3,40,21.2,65,8.9,1018.2,1.0,1.7,0,90.6,0
2016-11-24 12:30:00,3,40,21.2,65,8.7,1018.3,1.7,2.7,0,90.6,0
2016-11-24 12:33:00,3,40,21.2,66,8.4,1018.3,1.7,2.0,0,90.6,0
2016-11-24 12:36:00,3,40,21.1,67,8.2,1018.2,1.4,1.7,0,90.6,0
2016-11-24 12:39:00,3,40,21.1,68,8.2,1018.1,1.0,1.4,0,90.6,0
2016-11-24 12:42:00,3,41,21.0,69,8.1,1018.3,1.7,2.4,0,90.6,0
2016-11-24 12:45:00,3,41,21.0,70,8.1,1018.3,1.0,1.4,2,90.6,0
2016-11-24 12:48:00,3,41,21.0,70,8.0,1018.3,1.4,2.0,1,90.6,0
2016-11-24 12:51:00,3,42,20.9,70,8.1,1018.4,1.0,1.4,0,90.6,0
2016-11-24 12:54:00,3,42,20.9,70,8.1,1018.3,0.7,1.0,2,90.6,0
2016-11-24 12:57:00,3,42,20.9,70,8.1,1018.3,1.4,2.0,2,90.6,0
2016-11-24 13:00:00,3,42,20.9,70,8.1,1018.2,1.0,1.4,0,90.6,0
2016-11-24 13:03:00,3,42,20.9,70,8.1,1018.3,1.0,1.4,0,90.6,0
2016-11-24 13:06:00,3,42,20.8,70,8.1,1018.2,1.0,1.4,0,90.6,0
2016-11-24 13:09:00,3,42,20.8,69,8.0,1018.2,1.4,1.7,3,90.6,0
2016-11-24 13:12:00,3,42,20.7,70,8.0,1018.2,1.0,1.4,4,90.6,0
2016-11-24 13:15:00,3,43,20.7,70,8.0,1018.2,1.0,1.4,0,90.6,0
2016-11-24 13:18:00,3,43,20.7,70,8.0,1018.2,0.3,0.7,14,90.6,0
2016-11-24 13:21:00,3,43,20.7,70,8.0,1018.3,0.7,1.0,14,90.6,0
2016-11-24 13:24:00,3,43,20.7,70,7.9,1018.3,0.3,1.0,2,90.6,0
2016-11-24 13:27:00,3,43,20.7,70,7.9,1018.3,0.7,1.0,14,90.6,0
2016-11-24 13:30:00,3,43,20.7,70,7.8,1018.3,0.3,0.7,14,90.6,0
2016-11-24 13:33:00,3,45,20.7,70,7.8,1018.3,0.3,0.7,0,90.6,0
2016-11-24 13:36:00,3,45,20.7,70,7.7,1018.2,0.3,0.7,0,90.6,0
2016-11-24 13:39:00,3,44,20.8,70,7.6,1018.2,0.3,0.7,0,90.6,0
2016-11-24 13:42:00,3,44,20.9,70,7.6,1018.2,0,0,0,90.6,0
2016-11-24 13:45:00,3,43,21.1,70,7.6,1018.4,0,0,0,90.6,0
2016-11-24 13:48:00,3,42,21.3,70,7.6,1018.3,0,0,0,90.6,0
2016-11-24 13:51:00,3,42,21.5,70,7.5,1018.3,0.7,1.0,14,90.6,0
2016-11-24 13:54:00,3,41,21.5,70,7.5,1018.4,0.7,0.7,0,90.6,0
2016-11-24 13:57:00,3,41,21.7,75,7.4,1018.4,0,0.3,0,90.6,0
2016-11-24 14:00:00,3,40,21.8,75,7.4,1018.4,0,0,14,90.6,0
2016-11-24 14:03:00,3,40,21.9,75,7.4,1018.3,0,0,0,90.6,0
2016-11-24 14:06:00,3,39,22.1,75,7.3,1018.4,0.3,0.7,0,90.6,0
2016-11-24 14:09:00,3,38,22.2,75,7.2,1018.5,0.3,0.7,0,90.6,0
2016-11-24 14:12:00,3,38,22.3,75,7.2,1018.4,1.0,1.4,0,90.6,0
2016-11-24 14:15:00,3,38,22.5,75,7.2,1018.4,0,0,2,90.6,0
2016-11-24 14:18:00,3,38,22.5,75,7.1,1018.4,0.3,0.7,2,90.6,0
2016-11-24 14:21:00,3,37,22.6,75,7.0,1018.3,0.7,1.0,0,90.6,0
2016-11-24 14:24:00,3,37,22.8,75,7.0,1018.4,0.7,1.0,0,90.6,0
2016-11-24 14:27:00,3,37,22.8,75,6.9,1018.4,0.3,0.3,0,90.6,0
2016-11-24 14:30:00,3,36,22.9,75,6.9,1018.4,1.0,1.4,0,90.6,0
2016-11-24 14:33:00,3,36,23.0,75,6.8,1018.5,0.7,1.0,0,90.6,0
2016-11-24 14:36:00,3,35,23.1,75,6.7,1018.5,0.3,0.7,0,90.6,0
2016-11-24 14:39:00,3,35,23.1,75,6.7,1018.4,0.3,0.7,0,90.6,0
2016-11-24 14:42:00,3,35,23.2,75,6.6,1018.5,0.7,1.0,2,90.6,0
2016-11-24 14:45:00,3,35,23.3,75,6.5,1018.6,1.0,1.4,2,90.6,0
2016-11-24 14:48:00,3,35,23.3,76,6.5,1018.4,0.7,1.0,0,90.6,0
2016-11-24 14:51:00,3,35,23.4,76,6.4,1018.4,0.3,0.7,0,90.6,0
2016-11-24 14:54:00,3,35,23.5,76,6.3,1018.4,0.7,1.0,2,90.6,0
2016-11-24 14:57:00,3,35,23.3,76,6.3,1018.3,0,0.3,0,90.6,0
2016-11-24 15:00:00,3,35,23.1,76,6.2,1018.5,0,0.3,2,90.6,0
2016-11-24 15:03:00,3,36,22.9,76,6.2,1018.4,0,0.3,2,90.6,0
2016-11-24 15:06:00,3,36,22.8,76,6.2,1018.4,0,0.3,2,90.6,0
2016-11-24 15:09:00,3,37,22.7,77,5.9,1018.3,0,0,0,90.6,0
2016-11-24 15:12:00,3,37,22.6,78,5.8,1018.4,0.7,0.7,0,90.6,0
2016-11-24 15:15:00,3,37,22.3,78,5.6,1018.3,0.3,0.7,1,90.6,0
2016-11-24 15:18:00,3,38,22.3,79,5.6,1018.2,0.3,1.0,0,90.6,0
2016-11-24 15:21:00,3,38,22.2,79,5.5,1018.3,0.3,0.7,0,90.6,0
2016-11-24 15:24:00,3,38,22.2,80,5.4,1018.3,0.7,1.0,14,90.6,0
2016-11-24 15:27:00,3,38,22.1,80,5.3,1018.3,0.7,1.0,0,90.6,0
2016-11-24 15:30:00,3,38,22.1,80,5.3,1018.4,0.3,0.7,0,90.6,0
2016-11-24 15:33:00,3,38,22.0,80,5.2,1018.4,0.3,0.7,0,90.6,0
2016-11-24 15:36:00,3,39,21.9,80,5.2,1018.2,0,0.3,0,90.6,0
2016-11-24 15:39:00,3,39,21.9,80,5.1,1018.3,0.3,0.7,0,90.6,0
2016-11-24 15:42:00,3,39,21.9,80,5.1,1018.2,0.3,0.7,0,90.6,0
2016-11-24 15:45:00,3,39,21.9,80,5.0,1018.5,0,0,0,90.6,0
2016-11-24 15:48:00,3,39,21.8,80,4.9,1018.5,0.7,1.0,2,90.6,0
2016-11-24 15:51:00,3,39,21.8,81,4.8,1018.5,0.3,0.7,2,90.6,0
2016-11-24 15:54:00,3,39,21.8,81,4.8,1018.5,0.3,0.7,0,90.6,0
2016-11-24 15:57:00,3,39,21.8,81,4.7,1018.5,0.3,0.7,0,90.6,0
2016-11-24 16:00:00,3,39,21.7,81,4.7,1018.5,0.3,0.7,0,90.6,0
2016-11-24 16:03:00,3,39,21.7,81,4.7,1018.7,0.7,1.0,0,90.6,0
2016-11-24 16:06:00,3,39,21.7,81,4.7,1018.6,0.3,0.7,0,90.6,0
2016-11-24 16:09:00,3,39,21.7,81,4.7,1018.6,0.3,0.7,0,90.6,0
2016-11-24 16:12:00,3,39,21.6,81,4.7,1018.7,0,0.3,0,90.6,0
2016-11-24 16:15:00,3,39,21.6,82,4.7,1018.7,1.0,1.4,2,90.6,0
2016-11-24 16:18:00,3,39,21.6,82,4.7,1018.7,1.0,1.7,14,90.6,0
2016-11-24 16:21:00,3,39,21.5,81,4.7,1018.8,0.7,1.4,2,90.6,0
2016-11-24 16:24:00,3,39,21.5,81,4.7,1018.9,0.3,0.7,0,90.6,0
2016-11-24 16:27:00,3,39,21.5,81,4.7,1018.9,0.3,0.7,0,90.6,0
2016-11-24 16:30:00,3,39,21.4,81,4.6,1018.9,0,0.3,14,90.6,0
2016-11-24 16:33:00,3,39,21.3,81,4.6,1018.9,0,0.3,0,90.6,0
2016-11-24 16:36:00,3,39,21.3,81,4.5,1019.0,0.3,0.7,2,90.6,0
2016-11-24 16:39:00,3,39,21.3,81,4.4,1018.9,0.3,0.7,0,90.6,0
2016-11-24 16:42:00,3,39,21.2,81,4.3,1018.9,0.7,1.0,2,90.6,0
2016-11-24 16:45:00,3,39,21.2,81,4.3,1018.9,0,0,0,90.6,0
2016-11-24 16:48:00,3,39,21.2,81,4.2,1018.9,0.3,0.7,0,90.6,0
2016-11-24 16:51:00,3,39,21.1,81,4.1,1018.9,0,0,12,90.6,0
2016-11-24 16:54:00,3,39,21.1,81,4.1,1018.9,0,0.3,4,90.6,0
2016-11-24 16:57:00,3,39,21.1,81,4.0,1018.9,0,0,4,90.6,0
2016-11-24 17:00:00,3,39,21.1,81,3.8,1018.8,0,0.3,0,90.6,0
2016-11-24 17:03:00,3,39,21.1,81,3.8,1018.8,0,0.3,0,90.6,0
2016-11-24 17:06:00,3,39,21.1,81,3.8,1018.8,0,0.3,0,90.6,0
2016-11-24 17:09:00,3,39,21.1,81,3.5,1018.6,0,0,14,90.6,0
2016-11-24 17:12:00,3,39,21.0,81,3.3,1018.7,0,0,14,90.6,0
2016-11-24 17:15:00,3,39,21.0,81,3.2,1018.5,0,0,14,90.6,0
2016-11-24 17:18:00,3,40,21.0,81,3.1,1018.6,0,0,14,90.6,0
2016-11-24 17:21:00,3,40,21.0,82,3.0,1018.6,0,0.3,2,90.6,0
2016-11-24 17:24:00,3,40,21.1,82,2.9,1018.6,0,0.3,0,90.6,0
2016-11-24 17:27:00,3,40,21.2,82,2.8,1018.5,0,0,0,90.6,0
2016-11-24 17:30:00,3,40,21.2,82,2.8,1018.7,0,0,0,90.6,0
2016-11-24 17:33:00,3,39,21.5,82,2.7,1018.6,0,0.3,0,90.6,0
2016-11-24 17:36:00,3,39,21.6,82,2.6,1018.4,0,0,0,90.6,0
2016-11-24 17:39:00,3,39,21.7,82,2.5,1018.6,0,0,2,90.6,0
2016-11-24 17:42:00,3,39,21.8,83,2.5,1018.6,0,0,2,90.6,0
2016-11-24 17:45:00,3,38,21.9,83,2.4,1018.6,0,0,2,90.6,0
2016-11-24 17:48:00,3,36,22.1,83,2.3,1018.6,0,0,0,90.6,0
2016-11-24 17:51:00,3,36,22.2,83,2.2,1018.7,0.3,0.7,0,90.6,0
2016-11-24 17:54:00,3,35,22.3,83,2.2,1018.7,0.3,0.7,0,90.6,0
2016-11-24 17:57:00,3,35,22.5,83,2.2,1018.8,0.3,0.3,0,90.6,0
2016-11-24 18:00:00,3,34,22.6,84,2.1,1018.9,0,0.3,0,90.6,0
2016-11-24 18:03:00,3,34,22.7,84,2.1,1018.9,0,0.3,2,90.6,0
2016-11-24 18:06:00,3,34,22.8,84,2.0,1019.0,0,0,2,90.6,0
2016-11-24 18:09:00,3,34,22.9,84,2.0,1019.1,0,0.3,2,90.6,0
2016-11-24 18:12:00,3,34,23.0,84,2.0,1019.1,0.3,0.7,0,90.6,0
2016-11-24 18:15:00,3,34,22.9,85,2.0,1019.2,0,0,0,90.6,0
2016-11-24 18:18:00,3,34,22.8,85,2.0,1019.2,0,0,2,90.6,0
2016-11-24 18:21:00,3,34,22.6,85,1.9,1019.2,0,0.3,0,90.6,0
2016-11-24 18:24:00,3,34,22.5,85,1.8,1019.3,0,0,0,90.6,0
2016-11-24 18:27:00,3,35,22.3,85,1.7,1019.4,0,0,0,90.6,0
2016-11-24 18:30:00,3,35,22.3,85,1.7,1019.3,0.7,0.7,0,90.6,0
2016-11-24 18:33:00,3,35,22.2,85,1.9,1019.4,1.0,1.4,0,90.6,0
2016-11-24 18:36:00,3,35,22.2,86,2.0,1019.4,0.3,0.7,0,90.6,0
2016-11-24 18:39:00,3,35,22.1,86,2.0,1019.5,0.3,0.7,2,90.6,0
2016-11-24 18:42:00,3,35,22.1,86,2.1,1019.4,0.7,1.0,2,90.6,0
2016-11-24 18:45:00,3,35,22.0,87,2.2,1019.4,0.3,0.7,0,90.6,0
2016-11-24 18:48:00,3,35,22.0,87,2.1,1019.5,0,0.3,0,90.6,0
2016-11-24 18:51:00,3,36,21.9,87,2.2,1019.5,0.3,0.7,0,90.6,0
2016-11-24 18:54:00,3,36,21.9,87,2.2,1019.6,0.3,0.7,0,90.6,0
2016-11-24 18:57:00,3,36,21.9,87,2.3,1019.6,0.3,0.7,0,90.6,0
2016-11-24 19:00:00,3,36,21.9,88,2.3,1019.6,0.7,1.0,0,90.6,0
2016-11-24 19:03:00,3,37,21.8,88,2.3,1019.5,0.7,1.0,0,90.6,0
2016-11-24 19:06:00,3,37,21.8,88,2.3,1019.6,0.7,1.0,0,90.6,0
2016-11-24 19:09:00,3,37,21.8,88,2.5,1019.6,0.7,1.4,0,90.6,0
2016-11-24 19:12:00,3,37,21.8,88,2.5,1019.6,0,0.3,0,90.6,0
2016-11-24 19:15:00,3,37,21.7,88,2.5,1019.5,0.7,1.0,0,90.6,0
2016-11-24 19:18:00,3,37,21.7,88,2.5,1019.5,0.3,0.7,0,90.6,0
2016-11-24 19:21:00,3,37,21.7,89,2.4,1019.4,0,0.3,0,90.6,0
2016-11-24 19:24:00,3,37,21.6,88,2.3,1019.5,0.3,0.7,0,90.6,0
2016-11-24 19:27:00,3,37,21.6,88,2.3,1019.6,0.3,0.7,0,90.6,0
2016-11-24 19:30:00,3,37,21.5,88,2.2,1019.5,0,0.3,2,90.6,0
2016-11-24 19:33:00,3,37,21.5,88,2.1,1019.4,0,0.3,2,90.6,0
2016-11-24 19:36:00,3,37,21.5,88,2.0,1019.6,0.3,0.7,2,90.6,0
2016-11-24 19:39:00,3,37,21.5,88,2.0,1019.6,0,0.3,2,90.6,0
2016-11-24 19:42:00,3,37,21.4,88,1.9,1019.4,0,0,2,90.6,0
2016-11-24 19:45:00,3,38,21.3,88,1.7,1019.6,0.3,0.7,0,90.6,0
2016-11-24 19:48:00,3,38,21.3,88,1.5,1019.5,0,0,0,90.6,0
2016-11-24 19:51:00,3,38,21.3,88,1.4,1019.6,0,0,0,90.6,0
2016-11-24 19:54:00,3,38,21.2,87,1.3,1019.7,0,0,0,90.6,0
2016-11-24 19:57:00,3,38,21.2,87,1.2,1019.6,0,0,0,90.6,0
2016-11-24 20:00:00,3,38,21.2,87,1.1,1019.6,0,0,0,90.6,0
2016-11-24 20:03:00,3,38,21.2,87,1.0,1019.8,0,0.3,0,90.6,0
2016-11-24 20:06:00,3,38,21.2,87,1.1,1019.8,0.3,0.7,0,90.6,0
2016-11-24 20:09:00,3,38,21.1,87,1.2,1019.8,0.3,0.7,2,90.6,0
2016-11-24 20:12:00,3,39,21.1,87,1.2,1019.8,0,0,0,90.6,0
2016-11-24 20:15:00,3,39,21.1,87,1.2,1019.8,0,0,0,90.6,0
2016-11-24 20:18:00,3,39,21.1,87,1.1,1020.0,0,0,0,90.6,0
2016-11-24 20:21:00,3,39,21.1,87,1.0,1019.8,0,0,0,90.6,0
2016-11-24 20:24:00,3,39,21.1,87,0.9,1020.0,0,0.3,0,90.6,0
2016-11-24 20:27:00,3,39,21.0,87,0.8,1020.0,0,0.3,0,90.6,0
2016-11-24 20:30:00,3,39,21.0,87,0.7,1019.9,0,0,0,90.6,0
2016-11-24 20:33:00,3,39,21.0,87,0.6,1020.1,0,0,0,90.6,0
2016-11-24 20:36:00,3,39,21.0,87,0.5,1020.0,0,0,0,90.6,0
2016-11-24 20:39:00,3,40,20.9,87,0.4,1020.0,0,0.3,0,90.6,0
2016-11-24 20:42:00,3,39,21.0,87,0.3,1019.8,0,0,10,90.6,0
2016-11-24 20:45:00,3,40,20.9,87,0.3,1019.8,0,0,2,90.6,0
2016-11-24 20:48:00,3,40,20.9,86,0.2,1019.9,0,0,2,90.6,0
2016-11-24 20:51:00,3,40,20.9,86,0.1,1019.7,0,0,2,90.6,0
2016-11-24 20:54:00,3,40,20.9,86,0,1019.7,0,0,2,90.6,0
2016-11-24 20:57:00,3,40,20.9,86,-0.1,1019.7,0,0,0,90.6,0
2016-11-24 21:00:00,3,40,20.9,86,-0.1,1019.8,0,0,0,90.6,0
2016-11-24 21:03:00,3,40,20.9,86,-0.1,1019.8,0,0,0,90.6,0
2016-11-24 21:06:00,3,40,20.9,86,-0.1,1019.7,0,0,0,90.6,0
2016-11-24 21:09:00,3,40,20.9,86,-0.2,1019.7,0,0,0,90.6,0
2016-11-24 21:12:00,3,40,20.9,86,-0.3,1019.7,0.3,0.7,0,90.6,0
2016-11-24 21:15:00,3,40,20.8,86,-0.3,1019.6,0,0,0,90.6,0
2016-11-24 21:18:00,3,40,20.8,86,-0.4,1019.5,0,0.3,0,90.6,0
2016-11-24 21:21:00,3,40,20.7,86,-0.4,1019.6,0,0,4,90.6,0
2016-11-24 21:24:00,3,40,20.7,86,-0.4,1019.6,0,0,4,90.6,0
2016-11-24 21:27:00,3,40,20.7,86,-0.5,1019.5,0,0,2,90.6,0
2016-11-24 21:30:00,3,40,20.7,86,-0.5,1019.5,0,0,2,90.6,0
2016-11-24 21:33:00,3,40,20.7,86,-0.6,1019.6,0,0,0,90.6,0
2016-11-24 21:36:00,3,40,20.7,86,-0.6,1019.7,0,0,0,90.6,0
2016-11-24 21:39:00,3,40,20.7,86,-0.5,1019.6,0.7,0.7,0,90.6,0
2016-11-24 21:42:00,3,40,20.6,86,-0.4,1019.7,0.3,0.7,0,90.6,0
2016-11-24 21:45:00,3,40,20.6,86,-0.3,1019.7,0.7,0.7,0,90.6,0
2016-11-24 21:48:00,3,40,20.6,87,-0.3,1019.6,0.3,0.7,2,90.6,0
2016-11-24 21:51:00,3,40,20.6,87,-0.2,1019.6,0.3,0.7,0,90.6,0
2016-11-24 21:54:00,3,40,20.6,87,-0.3,1019.6,0.3,0.7,0,90.6,0
2016-11-24 21:57:00,3,40,20.5,87,-0.4,1019.6,0.3,0.7,4,90.6,0
2016-11-24 22:00:00,3,40,20.5,87,-0.4,1019.6,0,0.3,6,90.6,0
2016-11-24 22:03:00,3,40,20.5,87,-0.4,1019.6,0,0,6,90.6,0
2016-11-24 22:06:00,3,40,20.5,87,-0.4,1019.5,0,0,2,90.6,0
2016-11-24 22:09:00,3,40,20.5,87,-0.4,1019.6,0,0,6,90.6,0
2016-11-24 22:12:00,3,39,20.5,87,-0.4,1019.6,0,0,2,90.6,0
2016-11-24 22:15:00,3,39,20.4,87,-0.4,1019.5,0,0,2,90.6,0
2016-11-24 22:18:00,3,40,20.4,87,-0.4,1019.5,0,0,2,90.6,0
2016-11-24 22:21:00,3,40,20.4,87,-0.4,1019.5,0,0,2,90.6,0
2016-11-24 22:24:00,3,40,20.3,87,-0.4,1019.4,0,0.3,2,90.6,0
2016-11-24 22:27:00,3,40,20.3,87,-0.4,1019.4,0,0,2,90.6,0
2016-11-24 22:30:00,3,39,20.3,87,-0.3,1019.4,0,0,2,90.6,0
2016-11-24 22:33:00,3,39,20.3,87,-0.3,1019.4,0,0,2,90.6,0
2016-11-24 22:36:00,3,39,20.3,87,-0.3,1019.3,0,0,2,90.6,0
2016-11-24 22:39:00,3,39,20.3,87,-0.2,1019.3,0,0,2,90.6,0
2016-11-24 22:42:00,3,40,20.2,87,-0.2,1019.4,0.3,0.7,0,90.6,0
2016-11-24 22:45:00,3,40,20.2,87,-0.2,1019.5,0.3,0.7,0,90.6,0
2016-11-24 22:48:00,3,40,20.2,87,-0.1,1019.5,0.7,1.0,0,90.6,0
2016-11-24 22:51:00,3,40,20.1,87,-0.1,1019.2,0,0.3,8,90.6,0
2016-11-24 22:54:00,3,39,20.1,88,-0.1,1019.1,0,0.3,2,90.6,0
2016-11-24 22:57:00,3,39,20.1,88,-0.1,1019.2,0.3,0.7,0,90.6,0
2016-11-24 23:00:00,3,39,20.1,88,-0.1,1019.3,0.7,1.0,0,90.6,0
2016-11-24 23:03:00,3,39,20.0,88,-0.1,1019.3,0.7,1.0,0,90.6,0
2016-11-24 23:06:00,3,39,20.1,88,-0.1,1019.1,0.7,1.0,0,90.6,0
2016-11-24 23:09:00,3,39,20.0,88,-0.1,1019.1,0,0.3,0,90.6,0
2016-11-24 23:12:00,3,39,20.0,88,-0.1,1019.2,0.7,0.7,0,90.6,0
2016-11-24 23:15:00,3,39,20.0,88,-0.1,1019.1,0.3,0.7,0,90.6,0
2016-11-24 23:18:00,3,39,20.0,88,-0.1,1019.4,1.0,1.4,0,90.6,0
2016-11-24 23:21:00,3,40,19.9,88,-0.1,1019.2,0.3,0.7,0,90.6,0
2016-11-24 23:24:00,3,40,19.9,88,-0.1,1019.5,1.0,1.4,0,90.6,0
2016-11-24 23:27:00,3,40,19.8,88,-0.1,1019.4,2.0,3.1,0,90.6,0
2016-11-24 23:30:00,3,40,19.8,88,-0.1,1019.3,0.3,0.7,0,90.6,0
2016-11-24 23:33:00,3,40,19.8,88,-0.1,1019.5,1.4,1.7,0,90.6,0
2016-11-24 23:36:00,3,40,19.8,88,-0.1,1019.6,1.4,2.0,0,90.6,0
2016-11-24 23:39:00,3,40,19.7,88,-0.1,1019.4,0.7,1.0,2,90.6,0
2016-11-24 23:42:00,3,40,19.7,88,0,1019.5,1.4,1.7,0,90.6,0
2016-11-24 23:45:00,3,40,19.7,88,0,1019.4,0.3,0.7,0,90.6,0
2016-11-24 23:48:00,3,40,19.7,88,0,1019.3,1.0,1.7,0,90.6,0
2016-11-24 23:51:00,3,40,19.7,88,0,1019.4,0.7,1.7,2,90.6,0
2016-11-24 23:54:00,3,40,19.6,88,0,1019.4,1.4,1.7,0,90.6,0
2016-11-24 23:57:00,3,40,19.6,89,0,1019.4,0.7,0.7,2,90.6,0
