2016-11-10 00:01:59,3,39,19.3,86,-1.5,999.8,0.0,0.0,2,79.2,0
2016-11-10 00:04:59,3,39,19.3,86,-1.5,999.7,0.0,0.0,2,79.2,0
2016-11-10 00:07:59,3,39,19.3,86,-1.5,999.7,0.0,0.0,2,79.2,0
2016-11-10 00:10:59,3,39,19.2,86,-1.5,999.7,0.0,0.0,2,79.2,0
2016-11-10 00:13:59,3,39,19.2,86,-1.5,999.8,0.0,0.0,2,79.2,0
2016-11-10 00:16:59,3,39,19.2,86,-1.5,999.8,0.0,0.0,2,79.2,0
2016-11-10 00:19:59,3,39,19.2,86,-1.5,999.8,0.0,0.0,2,79.2,0
2016-11-10 00:22:59,3,39,19.1,86,-1.4,999.8,0.0,0.0,2,79.2,0
2016-11-10 00:25:59,3,38,19.1,86,-1.5,999.7,0.0,0.0,2,79.2,0
2016-11-10 00:28:59,3,38,19.1,86,-1.5,999.7,0.0,0.0,2,79.2,0
2016-11-10 00:31:59,3,39,19.1,86,-1.5,999.7,0.0,0.0,2,79.2,0
2016-11-10 00:34:59,3,38,19.0,86,-1.5,999.7,0.0,0.0,2,79.2,0
2016-11-10 00:37:59,3,39,19.0,86,-1.6,999.8,0.0,0.0,2,79.2,0
2016-11-10 00:40:59,3,39,19.0,86,-1.6,999.7,0.0,0.0,2,79.2,0
2016-11-10 00:43:59,3,39,19.0,86,-1.6,999.6,0.0,0.0,2,79.2,0
2016-11-10 00:46:59,3,39,19.0,86,-1.5,999.6,0.0,0.0,2,79.2,0
2016-11-10 00:49:59,3,39,19.0,86,-1.5,999.7,0.0,0.0,2,79.2,0
2016-11-10 00:52:59,3,40,18.9,86,-1.6,999.7,0.0,0.0,2,79.2,0
2016-11-10 00:55:59,3,40,18.9,86,-1.5,999.6,0.0,0.0,2,79.2,0
2016-11-10 00:58:59,3,40,18.9,86,-1.6,999.7,0.0,0.0,2,79.2,0
2016-11-10 01:01:59,3,40,18.9,86,-1.6,999.5,0.0,0.0,2,79.2,0
2016-11-10 01:04:59,3,40,18.8,86,-1.6,999.6,0.0,0.0,2,79.2,0
2016-11-10 01:07:59,3,40,18.8,86,-1.6,999.6,0.0,0.0,2,79.2,0
2016-11-10 01:10:59,3,40,18.8,86,-1.6,999.5,0.0,0.0,2,79.2,0
2016-11-10 01:13:59,3,40,18.8,86,-1.6,999.4,0.0,0.0,2,79.2,0
2016-11-10 01:16:59,3,40,18.8,86,-1.6,999.4,0.0,0.0,2,79.2,0
2016-11-10 01:19:59,3,40,18.8,86,-1.5,999.3,0.0,0.0,2,79.2,0
2016-11-10 01:22:59,3,40,18.8,86,-1.5,999.3,0.0,0.0,2,79.2,0
2016-11-10 01:25:59,3,40,18.7,86,-1.5,999.3,0.0,0.0,2,79.2,0
2016-11-10 01:28:59,3,40,18.7,86,-1.5,999.4,0.0,0.0,4,79.2,0
2016-11-10 01:31:59,3,40,18.6,86,-1.4,999.3,0.0,0.0,2,79.2,0
2016-11-10 01:34:59,3,40,18.6,86,-1.3,999.3,0.3,1.0,2,79.2,0
2016-11-10 01:37:59,3,40,18.6,87,-1.3,999.2,0.3,0.3,2,79.2,0
2016-11-10 01:40:59,3,40,18.6,87,-1.2,999.4,0.3,0.7,2,79.2,0
2016-11-10 01:43:59,3,40,18.6,87,-1.2,999.2,0.0,0.3,2,79.2,0
2016-11-10 01:46:59,3,40,18.6,87,-1.2,999.2,0.3,0.7,2,79.2,0
2016-11-10 01:49:59,3,40,18.6,87,-1.1,999.2,0.0,0.3,2,79.2,0
2016-11-10 01:52:59,3,40,18.6,87,-1.1,999.3,0.0,0.0,2,79.2,0
2016-11-10 01:55:59,3,40,18.5,87,-1.1,999.2,0.7,1.0,2,79.2,0
2016-11-10 01:58:59,3,40,18.5,87,-1.0,999.1,0.3,0.7,4,79.2,0
2016-11-10 02:01:59,3,40,18.5,87,-1.0,999.2,0.7,1.0,4,79.2,0
2016-11-10 02:04:59,3,40,18.5,87,-1.0,999.2,0.0,0.3,6,79.2,0
2016-11-10 02:07:59,3,40,18.5,87,-0.9,999.2,0.3,0.7,2,79.2,0
2016-11-10 02:10:59,3,40,18.5,87,-0.9,999.2,0.0,0.3,2,79.2,0
2016-11-10 02:13:59,3,40,18.4,87,-0.9,999.2,0.0,0.3,2,79.2,0
2016-11-10 02:16:59,3,40,18.4,87,-0.9,999.3,0.3,0.3,2,79.2,0
2016-11-10 02:19:59,3,40,18.4,87,-0.9,999.1,0.3,0.7,2,79.2,0
2016-11-10 02:22:59,3,40,18.4,87,-0.8,999.2,0.0,0.0,2,79.2,0
2016-11-10 02:25:59,3,40,18.4,87,-0.8,999.1,0.0,0.0,4,79.2,0
2016-11-10 02:28:59,3,40,18.4,87,-0.8,999.2,0.3,0.7,0,79.2,0
2016-11-10 02:31:59,3,40,18.4,87,-0.8,999.2,0.0,0.0,0,79.2,0
2016-11-10 02:34:59,3,40,18.4,87,-0.8,999.2,0.0,0.0,0,79.2,0
2016-11-10 02:37:59,3,40,18.3,87,-0.7,999.2,0.0,0.3,0,79.2,0
2016-11-10 02:40:59,3,40,18.3,87,-0.7,999.2,0.0,0.3,4,79.2,0
2016-11-10 02:43:59,3,40,18.3,87,-0.7,999.2,0.3,0.7,5,79.2,0
2016-11-10 02:46:59,3,40,18.3,87,-0.6,999.1,0.7,1.0,4,79.2,0
2016-11-10 02:49:59,3,40,18.3,88,-0.6,999.2,1.0,1.4,2,79.2,0
2016-11-10 02:52:59,3,40,18.3,88,-0.6,999.1,0.3,0.7,4,79.2,0
2016-11-10 02:55:59,3,40,18.3,87,-0.5,999.2,0.3,0.7,4,79.2,0
2016-11-10 02:58:59,3,40,18.3,87,-0.5,999.0,0.3,0.7,2,79.2,0
2016-11-10 03:01:59,3,40,18.2,87,-0.5,999.1,0.3,0.7,2,79.2,0
2016-11-10 03:04:59,3,40,18.2,87,-0.5,999.1,0.3,0.7,2,79.2,0
2016-11-10 03:07:59,3,40,18.2,87,-0.6,999.1,0.3,0.3,0,79.2,0
2016-11-10 03:10:59,3,40,18.2,87,-0.6,999.0,0.3,0.7,2,79.2,0
2016-11-10 03:13:59,3,40,18.2,87,-0.6,999.0,0.0,0.3,2,79.2,0
2016-11-10 03:16:59,3,40,18.2,87,-0.6,999.0,0.3,0.7,2,79.2,0
2016-11-10 03:19:59,3,40,18.2,87,-0.6,999.0,0.3,0.7,14,79.2,0
2016-11-10 03:22:59,3,40,18.1,87,-0.6,999.1,0.0,0.0,0,79.2,0
2016-11-10 03:25:59,3,40,18.1,87,-0.6,999.0,0.0,0.0,4,79.2,0
2016-11-10 03:28:59,3,40,18.1,87,-0.6,998.9,0.7,1.4,4,79.2,0
2016-11-10 03:31:59,3,40,18.1,87,-0.5,998.9,0.3,0.3,0,79.2,0
2016-11-10 03:34:59,3,40,18.1,87,-0.5,998.9,0.7,1.4,4,79.2,0
2016-11-10 03:37:59,3,40,18.1,87,-0.5,999.0,0.3,0.3,2,79.2,0
2016-11-10 03:40:59,3,40,18.1,87,-0.5,999.0,0.0,0.3,4,79.2,0
2016-11-10 03:43:59,3,40,18.1,87,-0.5,998.9,0.7,1.0,1,79.2,0
2016-11-10 03:46:59,3,40,18.1,86,-0.5,998.9,0.7,1.0,2,79.2,0
2016-11-10 03:49:59,3,40,18.0,86,-0.5,998.9,0.0,0.3,2,79.2,0
2016-11-10 03:52:59,3,40,18.0,86,-0.5,998.9,0.3,0.7,2,79.2,0
2016-11-10 03:55:59,3,40,18.0,86,-0.5,999.0,0.0,0.3,0,79.2,0
2016-11-10 03:58:59,3,40,18.0,86,-0.5,998.9,0.0,0.0,4,79.2,0
2016-11-10 04:01:59,3,40,18.0,86,-0.5,998.9,0.0,0.0,4,79.2,0
2016-11-10 04:04:59,3,40,18.0,86,-0.5,998.9,0.0,0.0,2,79.2,0
2016-11-10 04:07:59,3,40,18.0,86,-0.5,998.7,0.3,1.0,4,79.2,0
2016-11-10 04:10:59,3,40,18.0,86,-0.5,998.8,0.3,0.7,2,79.2,0
2016-11-10 04:13:59,3,40,18.0,86,-0.5,998.8,0.3,0.3,1,79.2,0
2016-11-10 04:16:59,3,40,18.0,86,-0.6,998.8,0.3,0.7,0,79.2,0
2016-11-10 04:19:59,3,39,17.9,85,-0.6,998.8,0.0,0.3,2,79.2,0
2016-11-10 04:22:59,3,39,17.9,85,-0.6,998.8,0.0,0.0,2,79.2,0
2016-11-10 04:25:59,3,39,17.9,85,-0.6,998.9,0.3,0.7,0,79.2,0
2016-11-10 04:28:59,3,39,17.9,85,-0.6,998.8,0.3,0.7,2,79.2,0
2016-11-10 04:31:59,3,39,17.9,85,-0.6,998.8,0.3,0.7,4,79.2,0
2016-11-10 04:34:59,3,39,17.9,85,-0.6,998.8,0.0,0.3,2,79.2,0
2016-11-10 04:37:59,3,39,17.9,85,-0.6,998.9,0.0,0.3,0,79.2,0
2016-11-10 04:40:59,3,39,17.9,85,-0.7,998.9,0.0,0.0,0,79.2,0
2016-11-10 04:43:59,3,39,17.9,85,-0.7,998.9,1.0,1.7,2,79.2,0
2016-11-10 04:46:59,3,39,17.9,85,-0.7,998.9,1.4,2.0,2,79.2,0
2016-11-10 04:49:59,3,39,17.8,85,-0.7,999.0,0.3,0.7,1,79.2,0
2016-11-10 04:52:59,3,39,17.9,84,-0.6,999.0,0.3,0.7,2,79.2,0
2016-11-10 04:55:59,3,39,17.8,84,-0.6,998.9,0.0,0.7,1,79.2,0
2016-11-10 04:58:59,3,39,17.8,84,-0.6,998.9,0.7,1.0,2,79.2,0
2016-11-10 05:01:59,3,39,17.9,84,-0.6,998.8,0.7,1.0,0,79.2,0
2016-11-10 05:04:59,3,39,17.9,84,-0.6,998.9,0.7,1.0,0,79.2,0
2016-11-10 05:07:59,3,39,17.9,84,-0.6,999.0,0.3,0.7,2,79.2,0
2016-11-10 05:10:59,3,39,17.9,84,-0.6,998.9,0.7,1.0,2,79.2,0
2016-11-10 05:13:59,3,39,17.9,84,-0.6,999.0,0.3,0.7,2,79.2,0
2016-11-10 05:16:59,3,39,17.9,84,-0.6,999.0,0.7,1.0,2,79.2,0
2016-11-10 05:19:59,3,39,17.9,84,-0.6,999.0,0.3,0.7,1,79.2,0
2016-11-10 05:22:59,3,40,18.0,84,-0.6,999.0,0.0,0.0,0,79.2,0
2016-11-10 05:25:59,3,40,18.0,84,-0.6,999.1,0.3,0.7,0,79.2,0
2016-11-10 05:28:59,3,40,18.0,84,-0.6,999.0,0.3,0.7,2,79.2,0
2016-11-10 05:31:59,3,40,18.0,84,-0.7,999.0,0.0,0.0,2,79.2,0
2016-11-10 05:34:59,3,39,18.1,84,-0.7,999.1,0.3,0.7,2,79.2,0
2016-11-10 05:37:59,3,39,18.1,84,-0.7,999.1,0.0,0.7,0,79.2,0
2016-11-10 05:40:59,3,39,18.1,84,-0.6,999.1,0.3,0.7,2,79.2,0
2016-11-10 05:43:59,3,39,18.1,84,-0.7,999.1,0.7,0.7,2,79.2,0
2016-11-10 05:46:59,3,39,18.1,84,-0.7,999.1,0.7,1.0,2,79.2,0
2016-11-10 05:49:59,3,39,18.2,84,-0.6,999.1,0.3,0.7,0,79.2,0
2016-11-10 05:52:59,3,39,18.2,83,-0.6,999.1,0.3,0.7,0,79.2,0
2016-11-10 05:55:59,3,39,18.3,83,-0.6,999.2,0.0,0.0,2,79.2,0
2016-11-10 05:58:59,3,39,18.3,83,-0.6,999.1,0.3,0.7,0,79.2,0
2016-11-10 06:01:59,3,39,18.3,83,-0.6,999.2,0.0,0.3,0,79.2,0
2016-11-10 06:04:59,3,39,18.3,83,-0.6,999.3,0.7,1.0,0,79.2,0
2016-11-10 06:07:59,3,39,18.3,83,-0.6,999.3,0.3,0.7,0,79.2,0
2016-11-10 06:10:59,3,39,18.4,83,-0.6,999.4,0.7,1.0,2,79.2,0
2016-11-10 06:13:59,3,39,18.4,83,-0.6,999.4,0.7,1.0,2,79.2,0
2016-11-10 06:16:59,3,39,18.4,83,-0.6,999.4,0.3,0.7,0,79.2,0
2016-11-10 06:19:59,3,40,18.5,83,-0.6,999.5,0.7,1.0,0,79.2,0
2016-11-10 06:22:59,3,40,18.5,83,-0.6,999.5,0.7,0.7,2,79.2,0
2016-11-10 06:25:59,3,40,18.5,83,-0.6,999.5,0.3,0.7,0,79.2,0
2016-11-10 06:28:59,3,41,18.5,83,-0.6,999.5,1.0,1.4,1,79.2,0
2016-11-10 06:31:59,3,41,18.6,83,-0.5,999.5,1.0,1.4,2,79.2,0
2016-11-10 06:34:59,3,41,18.6,83,-0.5,999.6,0.3,0.7,2,79.2,0
2016-11-10 06:37:59,3,41,18.6,83,-0.5,999.6,0.7,1.0,0,79.2,0
2016-11-10 06:40:59,3,41,18.6,82,-0.5,999.7,0.7,1.0,0,79.2,0
2016-11-10 06:43:59,3,41,18.6,82,-0.5,999.7,0.0,0.3,0,79.2,0
2016-11-10 06:46:59,3,41,18.6,82,-0.5,999.7,0.3,0.7,0,79.2,0
2016-11-10 06:49:59,3,42,18.6,82,-0.4,999.6,0.0,0.0,0,79.2,0
2016-11-10 06:52:59,3,41,18.7,82,-0.4,999.7,0.3,0.7,2,79.2,0
2016-11-10 06:55:59,3,42,18.7,82,-0.4,999.7,0.0,0.0,2,79.2,0
2016-11-10 06:58:59,3,42,18.8,82,-0.4,999.8,0.7,1.0,2,79.2,0
2016-11-10 07:01:59,3,42,18.8,82,-0.4,999.9,0.7,1.0,2,79.2,0
2016-11-10 07:04:59,3,42,18.8,82,-0.4,999.7,0.7,1.0,2,79.2,0
2016-11-10 07:07:59,3,42,18.8,82,-0.3,999.8,0.0,0.0,0,79.2,0
2016-11-10 07:10:59,3,42,18.8,82,-0.3,999.9,0.3,0.7,0,79.2,0
2016-11-10 07:13:59,3,42,18.8,82,-0.2,999.9,0.0,0.0,0,79.2,0
2016-11-10 07:16:59,3,42,18.9,82,-0.2,1000.0,0.0,0.0,0,79.2,0
2016-11-10 07:19:59,3,42,18.9,82,-0.2,1000.0,0.3,0.7,0,79.2,0
2016-11-10 07:22:59,3,42,18.9,82,-0.2,1000.0,0.7,1.0,2,79.2,0
2016-11-10 07:25:59,3,42,18.9,82,-0.1,1000.0,0.7,0.7,0,79.2,0
2016-11-10 07:28:59,3,41,18.9,82,-0.1,1000.0,0.3,0.7,0,79.2,0
2016-11-10 07:31:59,3,41,18.9,82,0.0,1000.1,1.0,1.4,2,79.2,0
2016-11-10 07:34:59,3,41,18.9,82,0.0,1000.2,0.0,0.0,0,79.2,0
2016-11-10 07:37:59,3,42,18.9,82,0.1,1000.1,0.7,1.0,2,79.2,0
2016-11-10 07:40:59,3,42,18.9,82,0.1,1000.1,0.7,1.0,0,79.2,0
2016-11-10 07:43:59,3,42,18.9,81,0.2,1000.1,0.3,0.7,0,79.2,0
2016-11-10 07:46:59,3,42,18.9,81,0.2,1000.1,0.7,1.0,0,79.2,0
2016-11-10 07:49:59,3,42,19.0,81,0.3,1000.2,0.3,0.7,0,79.2,0
2016-11-10 07:52:59,3,42,19.0,81,0.4,1000.1,0.3,0.7,0,79.2,0
2016-11-10 07:55:59,3,43,19.0,81,0.4,1000.2,0.3,0.7,0,79.2,0
2016-11-10 07:58:59,3,44,19.0,81,0.5,1000.3,0.7,0.7,0,79.2,0
2016-11-10 08:01:59,3,43,19.1,81,0.5,1000.3,0.7,1.0,2,79.2,0
2016-11-10 08:04:59,3,43,19.1,81,0.5,1000.3,0.3,0.7,0,79.2,0
2016-11-10 08:07:59,3,43,19.1,81,0.6,1000.3,0.7,1.0,2,79.2,0
2016-11-10 08:10:59,3,43,19.1,80,0.6,1000.3,0.3,1.0,0,79.2,0
2016-11-10 08:13:59,3,43,19.2,80,0.7,1000.3,0.7,1.0,4,79.2,0
2016-11-10 08:16:59,3,42,19.3,80,0.7,1000.4,0.7,0.7,2,79.2,0
2016-11-10 08:19:59,3,42,19.4,80,0.8,1000.4,0.7,1.0,2,79.2,0
2016-11-10 08:22:59,3,42,19.5,80,0.8,1000.4,0.3,0.7,0,79.2,0
2016-11-10 08:25:59,3,41,19.4,80,0.9,1000.4,0.0,0.3,0,79.2,0
2016-11-10 08:28:59,3,41,19.4,80,1.0,1000.4,0.7,1.0,0,79.2,0
2016-11-10 08:31:59,3,41,19.3,80,1.0,1000.5,0.7,1.0,2,79.2,0
2016-11-10 08:34:59,3,41,19.3,80,1.0,1000.6,0.3,0.7,5,79.2,0
2016-11-10 08:37:59,3,41,19.3,79,1.1,1000.5,0.7,0.7,2,79.2,0
2016-11-10 08:40:59,3,41,19.3,78,1.1,1000.5,1.4,2.0,0,79.2,0
2016-11-10 08:43:59,3,41,19.3,78,1.1,1000.7,0.3,0.7,2,79.2,0
2016-11-10 08:46:59,3,41,19.3,78,1.2,1000.6,1.0,1.4,2,79.2,0
2016-11-10 08:49:59,3,41,19.3,77,1.2,1000.6,0.7,1.0,0,79.2,0
2016-11-10 08:52:59,3,41,19.3,77,1.3,1000.5,0.7,1.0,0,79.2,0
2016-11-10 08:55:59,3,41,19.2,77,1.3,1000.6,0.7,1.0,0,79.2,0
2016-11-10 08:58:59,3,41,19.2,77,1.3,1000.7,0.7,0.7,0,79.2,0
2016-11-10 09:01:59,3,41,19.2,77,1.4,1000.6,0.3,0.7,0,79.2,0
2016-11-10 09:04:59,3,41,19.2,77,1.4,1000.7,0.3,0.7,0,79.2,0
2016-11-10 09:07:59,3,41,19.2,77,1.4,1000.8,0.3,0.7,0,79.2,0
2016-11-10 09:10:59,3,41,19.2,76,1.4,1000.8,1.0,1.4,0,79.2,0
2016-11-10 09:13:59,3,41,19.2,75,1.4,1000.9,1.0,1.4,3,79.2,0
2016-11-10 09:16:59,3,41,19.2,75,1.5,1000.9,0.3,0.7,0,79.2,0
2016-11-10 09:19:59,3,41,19.2,75,1.5,1000.9,1.0,1.7,4,79.2,0
2016-11-10 09:22:59,3,41,19.2,75,1.5,1001.0,1.0,1.4,0,79.2,0
2016-11-10 09:25:59,3,41,19.2,75,1.5,1000.8,1.0,1.4,0,79.2,0
2016-11-10 09:28:59,3,41,19.2,75,1.6,1000.9,0.7,1.0,1,79.2,0
2016-11-10 09:31:59,3,40,19.2,75,1.6,1000.9,0.7,1.0,14,79.2,0
2016-11-10 09:34:59,3,40,19.2,74,1.6,1001.0,0.7,1.0,0,79.2,0
2016-11-10 09:37:59,3,40,19.2,74,1.7,1001.0,1.0,1.4,2,79.2,0
2016-11-10 09:40:59,3,40,19.2,74,1.7,1001.0,1.4,2.0,2,79.2,0
2016-11-10 09:43:59,3,40,19.2,74,1.8,1001.0,0.3,0.7,0,79.2,0
2016-11-10 09:46:59,3,40,19.2,74,1.8,1000.9,0.7,1.0,0,79.2,0
2016-11-10 09:49:59,3,40,19.2,73,1.9,1000.9,0.7,1.0,2,79.2,0
2016-11-10 09:52:59,3,40,19.2,73,1.9,1000.9,1.0,1.4,4,79.2,0
2016-11-10 09:55:59,3,40,19.2,73,1.9,1000.9,1.0,1.4,14,79.2,0
2016-11-10 09:58:59,3,40,19.2,73,2.0,1000.9,0.7,0.7,2,79.2,0
2016-11-10 10:01:59,3,40,19.2,73,2.1,1000.9,0.7,0.7,2,79.2,0
2016-11-10 10:04:59,3,40,19.2,73,2.1,1000.9,0.7,1.0,2,79.2,0
2016-11-10 10:07:59,3,39,19.2,72,2.2,1000.9,1.0,1.4,2,79.2,0
2016-11-10 10:10:59,3,39,19.2,72,2.3,1000.9,0.7,1.0,2,79.2,0
2016-11-10 10:13:59,3,40,19.2,72,2.4,1000.9,0.7,1.0,0,79.2,0
2016-11-10 10:16:59,3,40,19.1,71,2.5,1001.0,0.7,1.4,2,79.2,0
2016-11-10 10:19:59,3,39,19.1,71,2.8,1000.9,0.7,1.0,2,79.2,0
2016-11-10 10:22:59,3,40,19.1,70,2.8,1000.8,1.0,1.4,0,79.2,0
2016-11-10 10:25:59,3,40,19.3,70,3.0,1000.9,1.4,1.7,2,79.2,0
2016-11-10 10:28:59,3,40,19.6,69,3.2,1000.9,0.3,1.0,2,79.2,0
2016-11-10 10:31:59,3,39,19.8,69,3.6,1001.0,1.0,1.4,1,79.2,0
2016-11-10 10:34:59,3,38,20.0,67,3.7,1001.0,0.7,1.0,1,79.2,0
2016-11-10 10:37:59,3,37,20.2,66,3.7,1000.9,0.7,1.0,2,79.2,0
2016-11-10 10:40:59,3,37,20.3,66,3.8,1001.0,0.7,1.0,0,79.2,0
2016-11-10 10:43:59,3,36,20.5,66,3.8,1001.1,0.3,0.7,4,79.2,0
2016-11-10 10:46:59,3,36,20.5,65,3.7,1001.1,1.4,1.7,0,79.2,0
2016-11-10 10:49:59,3,36,20.7,65,3.5,1001.1,0.7,1.4,0,79.2,0
2016-11-10 10:52:59,3,35,20.7,65,3.7,1001.2,1.0,1.0,2,79.2,0
2016-11-10 10:55:59,3,35,20.8,65,4.0,1001.2,1.0,1.4,0,79.2,0
2016-11-10 10:58:59,3,35,20.9,64,4.5,1001.2,1.4,1.7,1,79.2,0
2016-11-10 11:01:59,3,34,21.0,64,4.5,1001.3,1.0,1.7,2,79.2,0
2016-11-10 11:04:59,3,34,21.0,64,4.5,1001.3,1.0,1.7,2,79.2,0
2016-11-10 11:07:59,3,33,21.1,63,4.1,1001.3,1.4,1.7,0,79.2,0
2016-11-10 11:10:59,3,33,21.1,63,3.8,1001.3,2.4,3.1,2,79.2,0
2016-11-10 11:13:59,3,33,21.2,64,3.8,1001.5,0.7,1.0,0,79.2,0
2016-11-10 11:16:59,3,33,21.2,64,4.1,1001.5,1.0,1.4,0,79.2,0
2016-11-10 11:19:59,3,33,21.2,63,4.3,1001.5,1.7,2.4,0,79.2,0
2016-11-10 11:22:59,3,33,21.3,63,4.2,1001.5,1.0,1.4,8,79.2,0
2016-11-10 11:25:59,3,33,21.3,63,4.1,1001.4,1.4,1.7,14,79.2,0
2016-11-10 11:28:59,3,33,21.3,63,4.2,1001.4,1.4,1.7,2,79.2,0
2016-11-10 11:31:59,3,32,21.3,63,4.4,1001.3,0.3,0.7,0,79.2,0
2016-11-10 11:34:59,3,32,21.4,63,4.7,1001.5,1.4,2.0,2,79.2,0
2016-11-10 11:37:59,3,32,21.5,62,4.7,1001.4,1.4,1.7,0,79.2,0
2016-11-10 11:40:59,3,32,21.4,62,4.8,1001.3,0.7,1.4,0,79.2,0
2016-11-10 11:43:59,3,33,21.2,62,5.1,1001.3,0.7,1.0,14,79.2,0
2016-11-10 11:46:59,3,33,21.1,61,5.4,1001.4,0.3,0.7,2,79.2,0
2016-11-10 11:49:59,3,34,20.9,60,5.5,1001.4,1.0,1.7,2,79.2,0
2016-11-10 11:52:59,3,34,20.8,60,5.8,1001.3,0.7,1.0,2,79.2,0
2016-11-10 11:55:59,3,35,20.7,60,5.9,1001.3,0.7,1.0,2,79.2,0
2016-11-10 11:58:59,3,35,20.6,59,6.1,1001.3,1.4,1.7,0,79.2,0
2016-11-10 12:01:59,3,35,20.6,58,6.3,1001.3,0.3,0.7,0,79.2,0
2016-11-10 12:04:59,3,35,20.5,58,6.5,1001.3,0.3,0.7,0,79.2,0
2016-11-10 12:07:59,3,35,20.5,58,6.7,1001.2,0.3,0.7,0,79.2,0
2016-11-10 12:10:59,3,35,20.4,58,6.9,1001.3,0.7,1.0,2,79.2,0
2016-11-10 12:13:59,3,35,20.4,57,7.0,1001.3,0.3,0.7,2,79.2,0
2016-11-10 12:16:59,3,35,20.4,57,7.2,1001.4,0,0,0,79.2,0
2016-11-10 12:19:59,3,35,20.3,55,7.4,1001.3,1.4,1.7,12,79.2,0
2016-11-10 12:22:59,3,35,20.3,55,6.8,1001.5,0,0.3,6,79.2,0
2016-11-10 12:25:59,3,35,20.3,55,6.2,1001.4,0.7,1.0,0,79.2,0
2016-11-10 12:28:59,3,35,20.2,56,5.7,1001.4,0.7,1.0,2,79.2,0
2016-11-10 12:31:59,3,35,20.1,57,5.2,1001.4,0.3,0.7,14,79.2,0
2016-11-10 12:34:59,3,36,20.1,59,5.0,1001.4,0.3,0.7,2,79.2,0
2016-11-10 12:37:59,3,36,20.0,60,4.7,1001.4,1.0,1.4,2,79.2,0
2016-11-10 12:40:59,3,36,20.0,60,4.6,1001.4,0.7,1.0,6,79.2,0
2016-11-10 12:43:59,3,36,20.0,61,4.6,1001.4,1.0,1.7,2,79.2,0
2016-11-10 12:46:59,3,38,19.8,61,4.5,1001.4,0,0.3,0,79.2,0
2016-11-10 12:49:59,3,38,19.8,61,4.5,1001.4,0.7,1.0,2,79.2,0
2016-11-10 12:52:59,3,38,19.8,61,4.6,1001.4,1.0,1.4,0,79.2,0
2016-11-10 12:55:59,3,38,19.7,61,4.6,1001.5,1.0,1.7,0,79.2,0
2016-11-10 12:58:59,3,38,19.7,61,4.5,1001.6,0.3,0.7,0,79.2,0
2016-11-10 13:01:59,3,38,19.7,61,4.5,1001.6,0,0.3,14,79.2,0
2016-11-10 13:04:59,3,38,19.7,61,4.5,1001.6,0,0.3,14,79.2,0
2016-11-10 13:07:59,3,38,19.7,62,4.3,1001.6,1.0,1.4,0,79.2,0
2016-11-10 13:10:59,3,39,19.7,63,4.2,1001.6,0.3,0.7,0,79.2,0
2016-11-10 13:13:59,3,39,19.7,63,4.2,1001.6,0.3,0.7,2,79.2,0
2016-11-10 13:16:59,3,39,19.7,63,4.2,1001.6,0.7,1.4,0,79.2,0
2016-11-10 13:19:59,3,39,19.7,63,4.1,1001.6,0.3,0.7,0,79.2,0
2016-11-10 13:22:59,3,39,19.7,64,4.2,1001.6,0,0.3,0,79.2,0
2016-11-10 13:25:59,3,39,19.7,64,4.3,1001.7,0.3,0.7,0,79.2,0
2016-11-10 13:28:59,3,39,19.7,64,4.3,1001.7,1.0,1.4,0,79.2,0
2016-11-10 13:31:59,3,39,19.7,63,4.3,1001.7,0.3,0.7,2,79.2,0
2016-11-10 13:34:59,3,39,19.7,63,4.3,1001.8,1.0,1.4,0,79.2,0
2016-11-10 13:37:59,3,39,19.6,63,4.3,1001.9,0.7,1.0,0,79.2,0
2016-11-10 13:40:59,3,39,19.7,63,4.3,1001.8,0.7,1.0,0,79.2,0
2016-11-10 13:43:59,3,39,19.7,63,4.3,1001.9,1.0,1.4,0,79.2,0
2016-11-10 13:46:59,3,41,19.7,63,4.2,1002.0,1.0,1.7,0,79.2,0
2016-11-10 13:49:59,3,41,19.7,63,4.1,1002.0,0.7,1.0,2,79.2,0
2016-11-10 13:52:59,3,41,19.7,63,4.1,1002.0,0.7,1.0,14,79.2,0
2016-11-10 13:55:59,3,41,19.8,63,4.1,1002.0,0.7,1.0,0,79.2,0
2016-11-10 13:58:59,3,40,20.1,63,4.0,1002.1,1.0,1.7,0,79.2,0
2016-11-10 14:01:59,3,38,20.3,63,4.0,1002.3,0.7,1.0,2,79.2,0
2016-11-10 14:04:59,3,38,20.4,64,4.0,1002.3,0.7,1.0,2,79.2,0
2016-11-10 14:07:59,3,37,20.6,64,4.0,1002.3,0.3,1.0,14,79.2,0
2016-11-10 14:10:59,3,37,20.7,64,4.0,1002.3,0.7,1.0,0,79.2,0
2016-11-10 14:13:59,3,36,20.9,64,3.9,1002.4,0.3,0.7,0,79.2,0
2016-11-10 14:16:59,3,35,21.0,65,3.8,1002.5,0.7,1.0,0,79.2,0
2016-11-10 14:19:59,3,34,21.2,65,3.7,1002.6,0.3,0.7,0,79.2,0
2016-11-10 14:22:59,3,34,21.3,66,3.6,1002.6,0,0.3,0,79.2,0
2016-11-10 14:25:59,3,33,21.3,67,3.5,1002.6,0,0,15,79.2,0
2016-11-10 14:28:59,3,33,21.5,67,3.4,1002.6,0.7,0.7,0,79.2,0
2016-11-10 14:31:59,3,33,21.5,68,3.2,1002.7,0,0.3,0,79.2,0
2016-11-10 14:34:59,3,33,21.3,68,3.1,1002.7,0.3,0.7,2,79.2,0
2016-11-10 14:37:59,3,34,21.2,69,3.0,1002.7,0.7,1.0,1,79.2,0
2016-11-10 14:40:59,3,34,21.1,69,2.9,1002.7,0.3,0.7,0,79.2,0
2016-11-10 14:43:59,3,34,21.1,70,2.7,1002.8,0.3,0.7,0,79.2,0
2016-11-10 14:46:59,3,34,21.0,70,2.6,1002.8,0,0,0,79.2,0
2016-11-10 14:49:59,3,34,21.0,70,2.4,1002.7,0,0,0,79.2,0
2016-11-10 14:52:59,3,35,20.9,70,2.3,1002.8,0,0.3,14,79.2,0
2016-11-10 14:55:59,3,35,20.9,70,2.2,1002.8,0,0.3,0,79.2,0
2016-11-10 14:58:59,3,35,20.9,71,2.1,1002.8,0,0.3,0,79.2,0
2016-11-10 15:01:59,3,35,20.9,71,2.1,1002.7,0,0.3,0,79.2,0
2016-11-10 15:04:59,3,35,20.9,71,2.1,1002.7,0,0.3,0,79.2,0
2016-11-10 15:07:59,3,35,20.9,72,1.8,1002.8,0.7,1.0,2,79.2,0
2016-11-10 15:10:59,3,35,20.9,72,1.7,1002.9,0.3,0.7,0,79.2,0
2016-11-10 15:13:59,3,35,20.8,73,1.7,1002.8,0,0.3,0,79.2,0
2016-11-10 15:16:59,3,35,20.8,73,1.6,1002.8,0,0,0,79.2,0
2016-11-10 15:19:59,3,35,20.7,73,1.6,1002.8,0,0,0,79.2,0
2016-11-10 15:22:59,3,35,20.7,73,1.5,1002.9,0,0,0,79.2,0
2016-11-10 15:25:59,3,35,20.6,73,1.4,1002.8,0,0,0,79.2,0
2016-11-10 15:28:59,3,35,20.6,73,1.4,1002.9,0,0.3,0,79.2,0
2016-11-10 15:31:59,3,35,20.6,74,1.3,1002.9,0,0,0,79.2,0
2016-11-10 15:34:59,3,35,20.5,74,1.3,1002.9,0,0,0,79.2,0
2016-11-10 15:37:59,3,35,20.5,74,1.2,1002.9,0,0,0,79.2,0
2016-11-10 15:40:59,3,35,20.5,75,1.1,1002.9,0,0,0,79.2,0
2016-11-10 15:43:59,3,35,20.4,75,1.1,1003.0,0,0,0,79.2,0
2016-11-10 15:46:59,3,36,20.4,75,1.0,1003.0,0,0,0,79.2,0
2016-11-10 15:49:59,3,36,20.4,75,0.9,1003.0,0,0,0,79.2,0
2016-11-10 15:52:59,3,36,20.4,76,0.8,1003.1,0,0,0,79.2,0
2016-11-10 15:55:59,3,36,20.3,76,0.8,1003.0,0,0,0,79.2,0
2016-11-10 15:58:59,3,36,20.3,76,0.7,1003.1,0,0,0,79.2,0
2016-11-10 16:01:59,3,36,20.3,76,0.7,1003.2,0,0,0,79.2,0
2016-11-10 16:04:59,3,36,20.3,77,0.6,1003.1,0,0,0,79.2,0
2016-11-10 16:07:59,3,36,20.3,77,0.6,1003.1,0,0,0,79.2,0
2016-11-10 16:10:59,3,36,20.2,78,0.6,1003.3,0,0.3,0,79.2,0
2016-11-10 16:13:59,3,36,20.2,78,0.5,1003.3,0,0,0,79.2,0
2016-11-10 16:16:59,3,36,20.2,79,0.5,1003.4,0,0,0,79.2,0
2016-11-10 16:19:59,3,36,20.2,79,0.5,1003.3,0,0,0,79.2,0
2016-11-10 16:22:59,3,36,20.2,80,0.5,1003.4,0,0,0,79.2,0
2016-11-10 16:25:59,3,36,20.2,80,0.5,1003.4,0,0,0,79.2,0
2016-11-10 16:28:59,3,37,20.1,80,0.4,1003.5,0,0,0,79.2,0
2016-11-10 16:31:59,3,37,20.1,80,0.4,1003.4,0,0,0,79.2,0
2016-11-10 16:34:59,3,37,20.1,80,0.4,1003.4,0,0,0,79.2,0
2016-11-10 16:37:59,3,37,20.1,80,0.4,1003.5,0,0,0,79.2,0
2016-11-10 16:40:59,3,37,20.1,80,0.4,1003.4,0,0,0,79.2,0
2016-11-10 16:43:59,3,37,20.1,80,0.4,1003.4,0,0,0,79.2,0
2016-11-10 16:46:59,3,37,20.1,80,0.4,1003.5,0,0,0,79.2,0
2016-11-10 16:49:59,3,38,20.1,80,0.4,1003.5,0,0.3,0,79.2,0
2016-11-10 16:52:59,3,38,20.1,81,0.4,1003.6,0,0,0,79.2,0
2016-11-10 16:55:59,3,38,20.1,81,0.4,1003.5,0,0,0,79.2,0
2016-11-10 16:58:59,3,38,20.1,81,0.4,1003.5,0,0.3,0,79.2,0
2016-11-10 17:01:59,3,38,20.1,81,0.4,1003.6,0,0,0,79.2,0
2016-11-10 17:04:59,3,38,20.1,81,0.4,1003.6,0,0,0,79.2,0
2016-11-10 17:07:59,3,38,20.1,81,0.4,1003.7,0,0,0,79.2,0
2016-11-10 17:10:59,3,38,20.1,81,0.4,1003.7,0,0,0,79.2,0
2016-11-10 17:13:59,3,38,20.1,82,0.4,1003.7,0,0,0,79.2,0
2016-11-10 17:16:59,3,38,20.1,82,0.4,1003.7,0,0,0,79.2,0
2016-11-10 17:19:59,3,38,20.1,82,0.3,1003.7,0,0,0,79.2,0
2016-11-10 17:22:59,3,38,20.1,82,0.3,1003.8,0,0,0,79.2,0
2016-11-10 17:25:59,3,38,20.1,82,0.3,1003.8,0,0.3,0,79.2,0
2016-11-10 17:28:59,3,38,20.1,82,0.3,1003.7,0,0.3,0,79.2,0
2016-11-10 17:31:59,3,38,20.1,82,0.3,1003.8,0,0,0,79.2,0
2016-11-10 17:34:59,3,38,20.1,82,0.3,1003.8,0.3,0.7,0,79.2,0
2016-11-10 17:37:59,3,38,20.1,82,0.2,1003.8,0.3,0.7,0,79.2,0
2016-11-10 17:40:59,3,38,20.1,82,0.2,1003.9,0.3,0.7,0,79.2,0
2016-11-10 17:43:59,3,38,20.1,82,0.1,1003.9,0.3,0.7,2,79.2,0
2016-11-10 17:46:59,3,38,20.1,82,0.1,1003.9,0.3,0.7,0,79.2,0
2016-11-10 17:49:59,3,38,20.1,82,0.1,1003.9,0,0.3,0,79.2,0
2016-11-10 17:52:59,3,38,20.1,82,0.1,1003.8,0,0,0,79.2,0
2016-11-10 17:55:59,3,38,20.1,82,0.1,1003.9,0,0,0,79.2,0
2016-11-10 17:58:59,3,38,20.1,82,0,1003.9,0,0,0,79.2,0
2016-11-10 18:01:59,3,38,20.0,83,0,1004.0,0,0,0,79.2,0
2016-11-10 18:04:59,3,38,20.0,83,0,1003.9,0,0,1,79.2,0
2016-11-10 18:07:59,3,38,20.0,83,0,1003.9,0.3,0.3,0,79.2,0
2016-11-10 18:10:59,3,38,20.0,83,0,1003.9,0,0,0,79.2,0
2016-11-10 18:13:59,3,38,20.0,83,0,1004.0,0,0,0,79.2,0
2016-11-10 18:16:59,3,38,20.0,83,-0.1,1004.0,0,0,0,79.2,0
2016-11-10 18:19:59,3,38,20.0,83,-0.1,1004.0,0.3,0.7,0,79.2,0
2016-11-10 18:22:59,3,38,20.0,83,-0.1,1004.0,0.3,0.7,0,79.2,0
2016-11-10 18:25:59,3,38,20.0,83,-0.1,1004.0,0.3,0.7,0,79.2,0
2016-11-10 18:28:59,3,38,20.0,83,-0.1,1004.0,0.3,0.7,0,79.2,0
2016-11-10 18:31:59,3,38,20.0,83,-0.1,1004.0,0.3,0.7,0,79.2,0
2016-11-10 18:34:59,3,38,20.0,83,-0.1,1003.9,0,0.3,0,79.2,0
2016-11-10 18:37:59,3,38,20.0,84,-0.1,1004.0,0,0.3,0,79.2,0
2016-11-10 18:40:59,3,38,20.0,84,-0.1,1003.8,0.3,0.7,0,79.2,0
2016-11-10 18:43:59,3,38,20.0,84,-0.1,1003.9,0,0,0,79.2,0
2016-11-10 18:46:59,3,38,20.0,84,-0.1,1004.0,0,0,0,79.2,0
2016-11-10 18:49:59,3,38,20.0,84,-0.2,1004.2,0,0,0,79.2,0
2016-11-10 18:52:59,3,38,20.0,84,-0.2,1004.1,0,0,0,79.2,0
2016-11-10 18:55:59,3,38,20.0,84,-0.2,1004.2,0,0,0,79.2,0
2016-11-10 18:58:59,3,38,20.0,84,-0.2,1004.1,0,0,0,79.2,0
2016-11-10 19:01:59,3,38,20.0,84,-0.2,1004.2,0,0,0,79.2,0
2016-11-10 19:04:59,3,39,20.0,84,-0.2,1004.3,0,0,0,79.2,0
2016-11-10 19:07:59,3,39,20.0,84,-0.3,1004.2,0,0,0,79.2,0
2016-11-10 19:10:59,3,39,20.0,84,-0.4,1004.2,0.3,0.3,0,79.2,0
2016-11-10 19:13:59,3,39,20.0,84,-0.4,1004.2,0.3,0.7,0,79.2,0
2016-11-10 19:16:59,3,39,20.0,84,-0.4,1004.3,0,0,0,79.2,0
2016-11-10 19:19:59,3,39,20.0,84,-0.5,1004.4,0,0,0,79.2,0
2016-11-10 19:22:59,3,39,20.0,84,-0.6,1004.4,0.3,0.7,0,79.2,0
2016-11-10 19:25:59,3,39,20.0,84,-0.7,1004.3,0.3,0.7,0,79.2,0
2016-11-10 19:28:59,3,39,20.0,84,-0.7,1004.4,0,0,0,79.2,0
2016-11-10 19:31:59,3,39,20.0,84,-0.8,1004.4,0,0,0,79.2,0
2016-11-10 19:34:59,3,39,20.0,84,-0.8,1004.4,0,0.3,0,79.2,0
2016-11-10 19:37:59,3,39,20.0,84,-0.9,1004.3,0,0,0,79.2,0
2016-11-10 19:40:59,3,39,20.0,84,-0.9,1004.6,0,0,0,79.2,0
2016-11-10 19:43:59,3,39,20.0,84,-0.9,1004.5,0,0,0,79.2,0
2016-11-10 19:46:59,3,39,20.0,84,-0.9,1004.5,0,0,0,79.2,0
2016-11-10 19:49:59,3,39,20.0,84,-1.0,1004.6,0,0,0,79.2,0
2016-11-10 19:52:59,3,38,20.0,84,-1.0,1004.6,0,0,0,79.2,0
2016-11-10 19:55:59,3,38,20.0,84,-1.1,1004.6,0,0,0,79.2,0
2016-11-10 19:58:59,3,38,20.0,84,-1.2,1004.6,0,0,0,79.2,0
2016-11-10 20:01:59,3,38,20.0,84,-1.2,1004.6,0,0,0,79.2,0
2016-11-10 20:04:59,3,38,20.0,84,-1.2,1004.6,0,0,0,79.2,0
2016-11-10 20:07:59,3,38,20.0,85,-1.2,1004.6,0,0,0,79.2,0
2016-11-10 20:10:59,3,38,20.0,85,-1.2,1004.7,0,0,2,79.2,0
2016-11-10 20:13:59,3,38,20.0,85,-1.2,1004.7,0.7,1.0,0,79.2,0
2016-11-10 20:16:59,3,38,20.0,85,-1.2,1004.6,0.7,1.0,2,79.2,0
2016-11-10 20:19:59,3,38,20.0,85,-1.2,1004.7,0.7,1.0,2,79.2,0
2016-11-10 20:22:59,3,38,20.0,85,-1.2,1004.7,0.7,1.0,2,79.2,0
2016-11-10 20:25:59,3,39,20.0,85,-1.1,1004.6,0.7,0.7,2,79.2,0
2016-11-10 20:28:59,3,39,20.0,85,-1.1,1004.6,0.3,0.7,2,79.2,0
2016-11-10 20:31:59,3,39,20.0,85,-1.1,1004.7,0.3,0.7,0,79.2,0
2016-11-10 20:34:59,3,39,20.0,85,-1.2,1004.6,0,0,0,79.2,0
2016-11-10 20:37:59,3,39,20.0,85,-1.2,1004.7,0,0,0,79.2,0
2016-11-10 20:40:59,3,39,20.0,85,-1.2,1004.6,0.3,0.7,2,79.2,0
2016-11-10 20:43:59,3,39,20.0,86,-1.2,1004.6,0.3,0.3,0,79.2,0
2016-11-10 20:46:59,3,39,20.0,86,-1.3,1004.6,0,0,0,79.2,0
2016-11-10 20:49:59,3,39,20.0,86,-1.3,1004.6,0,0,0,79.2,0
2016-11-10 20:52:59,3,39,20.0,86,-1.3,1004.6,0,0,0,79.2,0
2016-11-10 20:55:59,3,39,20.0,86,-1.3,1004.7,0,0.3,0,79.2,0
2016-11-10 20:58:59,3,39,20.0,86,-1.4,1004.7,0,0,0,79.2,0
2016-11-10 21:01:59,3,39,20.0,86,-1.4,1004.7,0,0,0,79.2,0
2016-11-10 21:04:59,3,39,20.0,86,-1.4,1004.7,0,0,0,79.2,0
2016-11-10 21:07:59,3,39,20.0,86,-1.4,1004.7,0,0,0,79.2,0
2016-11-10 21:10:59,3,39,20.0,86,-1.4,1004.6,0,0,0,79.2,0
2016-11-10 21:13:59,3,39,20.0,86,-1.4,1004.7,0,0,0,79.2,0
2016-11-10 21:16:59,3,39,20.0,86,-1.4,1004.7,0,0,0,79.2,0
2016-11-10 21:19:59,3,39,20.0,86,-1.4,1004.8,0,0,0,79.2,0
2016-11-10 21:22:59,3,39,20.0,86,-1.4,1004.8,0,0,0,79.2,0
2016-11-10 21:25:59,3,39,20.0,86,-1.4,1004.8,0,0.3,0,79.2,0
2016-11-10 21:28:59,3,39,20.0,86,-1.5,1004.8,0,0,0,79.2,0
2016-11-10 21:31:59,3,39,20.0,86,-1.5,1004.9,0,0,0,79.2,0
2016-11-10 21:34:59,3,41,19.8,86,-1.5,1005.0,0,0,0,79.2,0
2016-11-10 21:37:59,3,40,19.8,86,-1.4,1004.9,0.3,0.7,2,79.2,0
2016-11-10 21:40:59,3,40,19.8,86,-1.4,1005.0,0.3,0.7,0,79.2,0
2016-11-10 21:43:59,3,40,19.8,86,-1.4,1005.0,0,0,0,79.2,0
2016-11-10 21:46:59,3,40,19.8,86,-1.4,1005.0,0,0,0,79.2,0
2016-11-10 21:49:59,3,40,19.8,86,-1.5,1005.0,0.3,0.7,0,79.2,0
2016-11-10 21:52:59,3,40,19.8,86,-1.5,1005.0,0.3,0.7,0,79.2,0
2016-11-10 21:55:59,3,40,19.8,86,-1.5,1005.0,0.3,0.7,0,79.2,0
2016-11-10 21:58:59,3,40,19.7,86,-1.4,1004.9,0.7,1.0,0,79.2,0
2016-11-10 22:01:59,3,40,19.7,86,-1.4,1005.0,0.3,0.7,0,79.2,0
2016-11-10 22:04:59,3,40,19.7,86,-1.3,1004.9,0.7,1.0,2,79.2,0
2016-11-10 22:07:59,3,40,19.7,86,-1.2,1005.0,0.3,0.7,2,79.2,0
2016-11-10 22:10:59,3,40,19.7,86,-1.2,1005.0,0,0.3,0,79.2,0
2016-11-10 22:13:59,3,40,19.6,87,-1.1,1005.0,0.3,0.7,0,79.2,0
2016-11-10 22:16:59,3,40,19.6,87,-1.1,1005.0,0.3,0.7,2,79.2,0
2016-11-10 22:19:59,3,40,19.6,87,-1.1,1005.0,0.3,0.7,0,79.2,0
2016-11-10 22:22:59,3,40,19.6,87,-1.1,1005.0,0,0,0,79.2,0
2016-11-10 22:25:59,3,40,19.6,87,-1.1,1005.0,0.3,0.7,0,79.2,0
2016-11-10 22:28:59,3,40,19.5,87,-1.1,1004.9,0.3,0.7,0,79.2,0
2016-11-10 22:31:59,3,40,19.5,87,-1.1,1005.0,0.3,0.7,0,79.2,0
2016-11-10 22:34:59,3,39,19.4,87,-1.1,1005.0,0.3,0.3,0,79.2,0
2016-11-10 22:37:59,3,39,19.3,87,-1.1,1005.0,0.3,0.7,0,79.2,0
2016-11-10 22:40:59,3,39,19.3,87,-1.1,1005.0,0.3,0.3,0,79.2,0
2016-11-10 22:43:59,3,39,19.3,87,-1.1,1005.1,0,0,2,79.2,0
2016-11-10 22:46:59,3,39,19.3,87,-1.1,1005.1,0.3,0.7,2,79.2,0
2016-11-10 22:49:59,3,39,19.3,87,-1.1,1005.0,0.3,0.7,2,79.2,0
2016-11-10 22:52:59,3,39,19.2,87,-1.1,1005.1,0,0,2,79.2,0
2016-11-10 22:55:59,3,39,19.2,87,-1.1,1005.0,0,0,2,79.2,0
2016-11-10 22:58:59,3,39,19.2,87,-1.1,1005.0,0,0,2,79.2,0
