2016-11-06 00:01:59,3,46,19.6,91,4.4,992.6,0,0,12,75.6,0
2016-11-06 00:04:59,3,46,19.6,91,4.3,992.6,0,0,12,75.6,0
2016-11-06 00:07:59,3,46,19.6,91,4.3,992.8,0.3,0.3,8,75.6,0
2016-11-06 00:10:59,3,46,19.6,91,4.3,992.9,0.3,0.7,12,75.6,0
2016-11-06 00:13:59,3,46,19.6,91,4.3,992.9,0,0,12,75.6,0
2016-11-06 00:16:59,3,46,19.6,91,4.2,992.9,0,0,10,75.6,0
2016-11-06 00:19:59,3,46,19.6,91,4.2,992.9,0,0,10,75.6,0
2016-11-06 00:22:59,3,46,19.5,91,4.2,992.9,0,0,10,75.6,0
2016-11-06 00:25:59,3,46,19.5,91,4.2,992.8,0,0,10,75.6,0
2016-11-06 00:28:59,3,46,19.5,91,4.1,992.6,0,0,2,75.6,0
2016-11-06 00:31:59,3,46,19.5,91,4.0,992.7,0,0,2,75.6,0
2016-11-06 00:34:59,3,46,19.5,91,3.9,992.7,0,0,12,75.6,0
2016-11-06 00:37:59,3,46,19.4,91,3.9,992.7,0,0,12,75.6,0
2016-11-06 00:40:59,3,46,19.3,91,3.9,992.7,0,0,12,75.6,0
2016-11-06 00:43:59,3,46,19.3,91,3.9,992.7,0,0,12,75.6,0
2016-11-06 00:46:59,3,46,19.3,91,3.8,992.7,0,0,8,75.6,0
2016-11-06 00:49:59,3,46,19.3,91,3.7,992.8,0,0,8,75.6,0
2016-11-06 00:52:59,3,46,19.3,91,3.7,992.9,0,0,12,75.6,0
2016-11-06 00:55:59,3,46,19.3,91,3.8,992.8,0.3,0.7,12,75.6,0
2016-11-06 00:58:59,3,46,19.3,91,3.8,992.7,0.3,0.7,10,75.6,0
2016-11-06 01:01:59,3,46,19.2,91,3.8,992.8,0,0,10,75.6,0
2016-11-06 01:04:59,3,46,19.2,91,3.8,992.8,0,0,10,75.6,0
2016-11-06 01:07:59,3,46,19.2,91,3.8,992.9,0,0,10,75.6,0
2016-11-06 01:10:59,3,46,19.2,91,3.9,992.7,0,0,14,75.6,0
2016-11-06 01:13:59,3,46,19.2,91,3.9,992.6,0,0.3,12,75.6,0
2016-11-06 01:16:59,3,46,19.2,91,3.9,992.7,0,0,0,75.6,0
2016-11-06 01:19:59,3,46,19.2,91,3.9,992.7,0.3,0.7,12,75.6,0
2016-11-06 01:22:59,3,46,19.2,92,4.0,992.7,0,0.3,12,75.6,0
2016-11-06 01:25:59,3,46,19.1,92,4.1,992.6,0,0.3,12,75.6,0
2016-11-06 01:28:59,3,46,19.1,92,4.1,992.6,0,0.3,12,75.6,0
2016-11-06 01:31:59,3,46,19.1,92,4.2,992.5,0,0,12,75.6,0
2016-11-06 01:34:59,3,46,19.1,92,4.2,992.5,0,0,10,75.6,0
2016-11-06 01:37:59,3,46,19.1,92,4.3,992.6,0.3,0.7,10,75.6,0
2016-11-06 01:40:59,3,46,19.1,92,4.3,992.6,0.3,0.7,12,75.6,0
2016-11-06 01:43:59,3,46,19.1,92,4.4,992.7,0,0,12,75.6,0
2016-11-06 01:46:59,3,46,19.0,92,4.4,992.7,0,0.3,12,75.6,0
2016-11-06 01:49:59,3,46,19.0,92,4.5,992.6,0.3,0.7,12,75.6,0
2016-11-06 01:52:59,3,46,19.0,92,4.5,992.4,0,0.3,12,75.6,0
2016-11-06 01:55:59,3,46,19.0,92,4.5,992.4,0.3,0.3,8,75.6,0
2016-11-06 01:58:59,3,46,19.0,92,4.5,992.5,0,0,8,75.6,0
2016-11-06 02:01:59,3,46,19.0,92,4.5,992.6,0,0,8,75.6,0
2016-11-06 02:04:59,3,46,19.0,92,4.5,992.5,0,0,8,75.6,0
2016-11-06 02:07:59,3,47,18.9,92,4.5,992.6,0,0,10,75.6,0
2016-11-06 02:10:59,3,47,18.9,92,4.4,992.5,0.3,0.7,8,75.6,0
2016-11-06 02:13:59,3,47,18.9,92,4.4,992.5,0,0.3,12,75.6,0
2016-11-06 02:16:59,3,47,18.9,92,4.4,992.5,0,0.3,12,75.6,0
2016-11-06 02:19:59,3,47,18.8,92,4.3,992.4,0,0,4,75.6,0
2016-11-06 02:22:59,3,47,18.8,92,4.3,992.5,0,0.3,14,75.6,0
2016-11-06 02:25:59,3,47,18.8,92,4.2,992.5,0,0,4,75.6,0
2016-11-06 02:28:59,3,47,18.8,92,4.1,992.5,0,0,4,75.6,0
2016-11-06 02:31:59,3,47,18.8,92,4.0,992.5,0,0,4,75.6,0
2016-11-06 02:34:59,3,47,18.8,92,3.9,992.5,0,0,4,75.6,0
2016-11-06 02:37:59,3,47,18.8,92,3.9,992.5,0,0.3,4,75.6,0
2016-11-06 02:40:59,3,47,18.8,92,3.8,992.5,0,0,12,75.6,0
2016-11-06 02:43:59,3,47,18.8,91,3.8,992.5,0,0.3,2,75.6,0
2016-11-06 02:46:59,3,47,18.7,91,3.7,992.3,0,0.3,2,75.6,0
2016-11-06 02:49:59,3,47,18.7,91,3.7,992.4,0,0,2,75.6,0
2016-11-06 02:52:59,3,47,18.7,91,3.6,992.4,0,0,2,75.6,0
2016-11-06 02:55:59,3,47,18.6,91,3.5,992.5,0,0,2,75.6,0
2016-11-06 02:58:59,3,47,18.6,91,3.4,992.5,0,0.3,8,75.6,0
2016-11-06 03:01:59,3,47,18.6,91,3.4,992.6,0,0,8,75.6,0
2016-11-06 03:04:59,3,47,18.6,91,3.4,992.6,0,0,8,75.6,0
2016-11-06 03:07:59,3,47,18.6,91,3.2,992.7,0,0,8,75.6,0
2016-11-06 03:10:59,3,47,18.6,91,3.1,992.5,0,0,8,75.6,0
2016-11-06 03:13:59,3,47,18.6,91,3.1,992.6,0,0.3,0,75.6,0
2016-11-06 03:16:59,3,47,18.5,91,3.0,992.6,0,0,0,75.6,0
2016-11-06 03:19:59,3,47,18.5,91,3.0,992.5,0,0,0,75.6,0
2016-11-06 03:22:59,3,47,18.5,91,3.0,992.6,0,0,0,75.6,0
2016-11-06 03:25:59,3,47,18.5,91,2.9,992.7,0,0,0,75.6,0
2016-11-06 03:28:59,3,47,18.5,91,2.8,992.7,0,0,0,75.6,0
2016-11-06 03:31:59,3,47,18.5,91,2.8,992.7,0,0,0,75.6,0
2016-11-06 03:34:59,3,47,18.5,91,2.8,992.6,0,0.3,0,75.6,0
2016-11-06 03:37:59,3,47,18.4,91,2.8,992.7,0,0,0,75.6,0
2016-11-06 03:40:59,3,47,18.4,91,2.7,992.7,0,0,0,75.6,0
2016-11-06 03:43:59,3,47,18.4,91,2.7,992.7,0,0,0,75.6,0
2016-11-06 03:46:59,3,47,18.4,91,2.8,992.7,0,0,4,75.6,0
2016-11-06 03:49:59,3,47,18.4,91,2.9,992.7,0,0.3,2,75.6,0
2016-11-06 03:52:59,3,47,18.4,91,2.9,992.7,0,0,4,75.6,0
2016-11-06 03:55:59,3,47,18.4,91,2.9,992.6,0,0,6,75.6,0
2016-11-06 03:58:59,3,47,18.4,91,2.9,992.7,0,0,6,75.6,0
2016-11-06 04:01:59,3,47,18.4,91,2.9,992.8,0,0.3,6,75.6,0
2016-11-06 04:04:59,3,47,18.4,91,3.0,992.9,0,0.3,8,75.6,0
2016-11-06 04:07:59,3,47,18.4,91,3.0,992.9,0,0,8,75.6,0
2016-11-06 04:10:59,3,47,18.4,91,3.0,992.9,0,0,8,75.6,0
2016-11-06 04:13:59,3,47,18.3,91,3.0,993.0,0,0,8,75.6,0
2016-11-06 04:16:59,3,47,18.3,91,3.0,993.0,0,0,8,75.6,0
2016-11-06 04:19:59,3,47,18.3,91,3.1,992.9,0,0,8,75.6,0
2016-11-06 04:22:59,3,47,18.3,91,3.1,992.9,0,0,8,75.6,0
2016-11-06 04:25:59,3,47,18.3,91,3.2,992.9,0,0,8,75.6,0
2016-11-06 04:28:59,3,47,18.3,91,3.2,992.8,0,0,8,75.6,0
2016-11-06 04:31:59,3,47,18.3,91,3.3,992.7,0,0,8,75.6,0
2016-11-06 04:34:59,3,47,18.3,91,3.4,992.7,0,0,8,75.6,0
2016-11-06 04:37:59,3,47,18.3,91,3.4,992.8,0,0,8,75.6,0
2016-11-06 04:40:59,3,47,18.3,91,3.4,992.7,0,0,8,75.6,0
2016-11-06 04:43:59,3,47,18.3,91,3.5,992.7,0,0,8,75.6,0
2016-11-06 04:46:59,3,47,18.3,91,3.5,992.7,0,0,4,75.6,0
2016-11-06 04:49:59,3,46,18.2,92,3.6,992.8,0,0.3,4,75.6,0
2016-11-06 04:52:59,3,47,18.2,92,3.6,992.8,0,0.3,8,75.6,0
2016-11-06 04:55:59,3,47,18.2,92,3.7,992.8,0,0,14,75.6,0
2016-11-06 04:58:59,3,47,18.2,92,3.7,992.8,0,0,14,75.6,0
2016-11-06 05:01:59,3,47,18.2,92,3.8,992.8,0,0,14,75.6,0
2016-11-06 05:04:59,3,47,18.2,92,3.8,992.9,0,0,14,75.6,0
2016-11-06 05:07:59,3,47,18.2,92,3.9,992.9,0,0.3,14,75.6,0
2016-11-06 05:10:59,3,47,18.3,92,3.9,993.0,0,0.3,14,75.6,0
2016-11-06 05:13:59,3,46,18.3,92,3.9,992.9,0,0,14,75.6,0
2016-11-06 05:16:59,3,46,18.3,92,3.9,993.0,0,0.3,2,75.6,0
2016-11-06 05:19:59,3,46,18.3,92,4.0,993.0,0,0,2,75.6,0
2016-11-06 05:22:59,3,46,18.4,92,4.0,993.1,0,0,2,75.6,0
2016-11-06 05:25:59,3,46,18.4,92,4.0,993.0,0,0,10,75.6,0
2016-11-06 05:28:59,3,46,18.4,92,4.0,992.9,0,0,10,75.6,0
2016-11-06 05:31:59,3,46,18.5,92,4.1,993.0,0,0,0,75.6,0
2016-11-06 05:34:59,3,46,18.5,92,4.1,993.0,0,0,6,75.6,0
2016-11-06 05:37:59,3,46,18.5,92,4.2,993.0,0,0.3,10,75.6,0
2016-11-06 05:40:59,3,46,18.5,92,4.2,992.9,0,0.3,6,75.6,0
2016-11-06 05:43:59,3,46,18.6,92,4.2,993.0,0,0,8,75.6,0
2016-11-06 05:46:59,3,46,18.6,92,4.3,993.1,0,0,8,75.6,0
2016-11-06 05:49:59,3,46,18.6,92,4.3,993.2,0.3,0.7,6,75.6,0
2016-11-06 05:52:59,3,46,18.6,92,4.3,993.2,0.3,0.3,9,75.6,0
2016-11-06 05:55:59,3,46,18.8,92,4.3,993.1,0.7,1.0,6,75.6,0
2016-11-06 05:58:59,3,46,18.8,92,4.4,993.3,0.3,0.7,8,75.6,0
2016-11-06 06:01:59,3,46,18.8,92,4.4,993.3,0.3,0.7,8,75.6,0
2016-11-06 06:04:59,3,46,18.8,92,4.4,993.1,0.7,0.7,10,75.6,0
2016-11-06 06:07:59,3,46,18.8,92,4.4,993.1,0.3,0.7,4,75.6,0
2016-11-06 06:10:59,3,46,18.9,92,4.4,993.2,0.7,1.0,4,75.6,0
2016-11-06 06:13:59,3,46,18.9,92,4.4,993.2,0,0,8,75.6,0
2016-11-06 06:16:59,3,46,18.9,92,4.4,993.3,0.3,0.7,6,75.6,0
2016-11-06 06:19:59,3,46,18.9,92,4.4,993.3,0,0.3,8,75.6,0
2016-11-06 06:22:59,3,45,19.0,92,4.5,993.3,0,0.3,4,75.6,0
2016-11-06 06:25:59,3,45,19.0,92,4.5,993.4,0,0.3,12,75.6,0
2016-11-06 06:28:59,3,44,19.0,92,4.5,993.4,0,0,12,75.6,0
2016-11-06 06:31:59,3,44,19.0,92,4.5,993.4,0,0,12,75.6,0
2016-11-06 06:34:59,3,44,19.0,92,4.5,993.3,0,0.3,4,75.6,0
2016-11-06 06:37:59,3,44,19.0,92,4.5,993.4,0,0,2,75.6,0
2016-11-06 06:40:59,3,44,19.1,92,4.5,993.4,0,0,10,75.6,0
2016-11-06 06:43:59,3,44,19.1,92,4.5,993.2,0,0,10,75.6,0
2016-11-06 06:46:59,3,44,19.1,92,4.5,993.1,0,0,4,75.6,0
2016-11-06 06:49:59,3,44,19.1,92,4.5,993.2,0,0.3,8,75.6,0
2016-11-06 06:52:59,3,44,19.1,92,4.5,993.2,0,0,8,75.6,0
2016-11-06 06:55:59,3,44,19.1,92,4.6,993.3,0.3,0.7,8,75.6,0
2016-11-06 06:58:59,3,44,19.1,92,4.6,993.2,0.3,0.3,4,75.6,0
2016-11-06 07:01:59,3,44,19.1,92,4.6,993.2,0.3,0.7,4,75.6,0
2016-11-06 07:04:59,3,44,19.1,92,4.6,993.2,0.3,0.7,4,75.6,0
2016-11-06 07:07:59,3,44,19.2,92,4.7,993.3,0,0.3,6,75.6,0
2016-11-06 07:10:59,3,44,19.2,92,4.7,993.3,0,0,12,75.6,0
2016-11-06 07:13:59,3,45,19.2,92,4.8,993.2,0,0.3,8,75.6,0
2016-11-06 07:16:59,3,45,19.2,92,4.8,993.2,0.3,0.7,10,75.6,0
2016-11-06 07:19:59,3,45,19.2,92,4.9,993.2,0.3,0.7,4,75.6,0
2016-11-06 07:22:59,3,45,19.3,92,4.9,993.3,0,0.3,6,75.6,0
2016-11-06 07:25:59,3,45,19.3,92,5.0,993.2,0.7,1.0,8,75.6,0
2016-11-06 07:28:59,3,45,19.2,92,5.0,993.2,1.0,1.4,8,75.6,0
2016-11-06 07:31:59,3,45,19.3,92,5.0,993.2,0.3,0.7,8,75.6,0
2016-11-06 07:34:59,3,45,19.3,92,5.1,993.3,0,0.3,12,75.6,0
2016-11-06 07:37:59,3,45,19.3,93,5.2,993.3,0,0.3,6,75.6,0
2016-11-06 07:40:59,3,45,19.3,93,5.2,993.2,0.3,1.0,14,75.6,0
2016-11-06 07:43:59,3,45,19.3,93,5.3,993.2,0,0.3,8,75.6,0
2016-11-06 07:46:59,3,45,19.3,93,5.4,993.1,0.3,0.7,8,75.6,0
2016-11-06 07:49:59,3,45,19.3,93,5.5,993.2,0.3,0.7,8,75.6,0
2016-11-06 07:52:59,3,45,19.3,93,5.6,993.3,0,0.3,10,75.6,0
2016-11-06 07:55:59,3,45,19.3,93,5.6,993.1,0.3,0.7,10,75.6,0
2016-11-06 07:58:59,3,45,19.4,93,5.7,993.3,0,0.3,8,75.6,0
2016-11-06 08:01:59,3,45,19.5,93,5.7,993.2,0.3,0.3,8,75.6,0
2016-11-06 08:04:59,3,45,19.4,93,5.8,993.2,0.3,0.7,8,75.6,0
2016-11-06 08:07:59,3,48,19.5,93,5.8,993.3,0,0.3,2,75.6,0
2016-11-06 08:10:59,3,48,19.6,93,5.8,993.3,0,0.3,8,75.6,0
2016-11-06 08:13:59,3,47,19.6,93,5.8,993.3,0,0,14,75.6,0
2016-11-06 08:16:59,3,47,19.6,93,5.8,993.4,0.3,1.0,10,75.6,0
2016-11-06 08:19:59,3,47,19.7,92,5.7,993.3,1.0,1.4,8,75.6,0
2016-11-06 08:22:59,3,46,19.8,92,5.7,993.4,0,0.3,8,75.6,0
2016-11-06 08:25:59,3,45,20.0,92,5.8,993.5,0,0.3,12,75.6,0
2016-11-06 08:28:59,3,44,20.2,92,5.8,993.4,0.3,0.7,12,75.6,0
2016-11-06 08:31:59,3,44,20.4,92,5.8,993.6,0,0.3,12,75.6,0
2016-11-06 08:34:59,3,43,20.5,92,5.9,993.6,0.3,0.7,10,75.6,0
2016-11-06 08:37:59,3,43,20.6,92,5.9,993.7,0.3,0.3,8,75.6,0
2016-11-06 08:40:59,3,42,20.7,92,5.9,993.6,0.7,1.0,8,75.6,0
2016-11-06 08:43:59,3,42,20.9,92,6.0,993.8,0.3,0.7,8,75.6,0
2016-11-06 08:46:59,3,41,21.1,92,6.0,993.8,0.3,0.7,14,75.6,0
2016-11-06 08:49:59,3,40,21.2,91,6.0,993.8,0.7,1.0,8,75.6,0
2016-11-06 08:52:59,3,40,21.3,91,6.0,993.8,0,0.3,10,75.6,0
2016-11-06 08:55:59,3,40,21.4,91,6.1,993.8,0.7,1.0,10,75.6,0
2016-11-06 08:58:59,3,40,21.5,91,6.2,993.9,0.3,0.7,8,75.6,0
2016-11-06 09:01:59,3,39,21.6,91,6.2,993.9,0.7,0.7,10,75.6,0
2016-11-06 09:04:59,3,40,21.7,91,6.2,993.9,0.7,0.7,10,75.6,0
2016-11-06 09:07:59,3,39,21.7,91,6.3,994.0,1.0,1.7,10,75.6,0
2016-11-06 09:10:59,3,39,21.8,90,6.3,994.1,0.3,0.7,12,75.6,0
2016-11-06 09:13:59,3,39,21.9,90,6.3,994.1,0.7,1.0,10,75.6,0
2016-11-06 09:16:59,3,39,21.9,90,6.3,994.1,0.3,0.7,6,75.6,0
2016-11-06 09:19:59,3,38,22.0,89,6.3,994.2,0.3,0.7,6,75.6,0
2016-11-06 09:22:59,3,37,22.1,89,6.4,994.2,0,0,8,75.6,0
2016-11-06 09:25:59,3,37,22.2,89,6.4,994.3,0.7,1.0,12,75.6,0
2016-11-06 09:28:59,3,37,22.2,89,6.4,994.2,0.3,0.7,10,75.6,0
2016-11-06 09:31:59,3,37,22.3,89,6.4,994.3,0,0.3,10,75.6,0
2016-11-06 09:34:59,3,37,22.4,89,6.4,994.3,0.3,0.7,10,75.6,0
2016-11-06 09:37:59,3,38,22.5,88,6.4,994.3,1.4,1.7,10,75.6,0
2016-11-06 09:40:59,3,37,22.6,88,6.4,994.3,0.7,1.4,10,75.6,0
2016-11-06 09:43:59,3,36,22.6,88,6.4,994.4,1.0,1.7,12,75.6,0
2016-11-06 09:46:59,3,36,22.6,88,6.4,994.6,0.3,0.7,9,75.6,0
2016-11-06 09:49:59,3,36,22.7,88,6.4,994.6,0.7,1.0,10,75.6,0
2016-11-06 09:52:59,3,36,22.7,88,6.5,994.5,0.3,0.7,10,75.6,0
2016-11-06 09:55:59,3,36,22.8,88,6.5,994.5,0.7,1.0,9,75.6,0
2016-11-06 09:58:59,3,36,22.8,88,6.6,994.7,0.7,1.4,12,75.6,0
2016-11-06 10:01:59,3,35,22.8,88,6.7,994.7,0.7,1.0,10,75.6,0
2016-11-06 10:04:59,3,35,23.0,87,6.7,994.8,0.3,0.7,12,75.6,0
2016-11-06 10:07:59,3,35,23.0,87,6.7,994.8,0.7,1.0,8,75.6,0
2016-11-06 10:10:59,3,35,23.0,87,6.7,994.9,0.3,0.7,10,75.6,0
2016-11-06 10:13:59,3,35,23.1,86,6.8,994.9,0.3,0.7,9,75.6,0
2016-11-06 10:16:59,3,35,23.1,86,6.8,994.9,0.3,0.7,8,75.6,0
2016-11-06 10:19:59,3,35,23.1,86,6.8,994.8,1.0,1.0,10,75.6,0
2016-11-06 10:22:59,3,35,23.0,86,6.8,994.9,0.3,0.7,8,75.6,0
2016-11-06 10:25:59,3,35,22.8,86,6.8,994.9,0.7,1.0,12,75.6,0
2016-11-06 10:28:59,3,36,22.7,86,6.8,994.8,0.7,1.0,8,75.6,0
2016-11-06 10:31:59,3,36,22.6,85,6.9,994.7,0.7,1.4,14,75.6,0
2016-11-06 10:34:59,3,37,22.3,85,6.9,994.6,0.3,0.7,12,75.6,0
2016-11-06 10:37:59,3,38,22.2,85,7.0,994.7,0.3,1.4,12,75.6,0
2016-11-06 10:40:59,3,38,22.1,86,7.2,994.5,0.3,0.7,10,75.6,0
2016-11-06 10:43:59,3,39,21.9,80,7.5,994.5,0.7,1.0,12,75.6,0
2016-11-06 10:46:59,3,40,21.9,79,7.8,994.4,0.3,0.7,14,75.6,0
2016-11-06 10:49:59,3,40,21.8,78,7.8,994.4,0.3,0.7,10,75.6,0
2016-11-06 10:52:59,3,40,21.8,77,8.0,994.4,0.7,1.0,10,75.6,0
2016-11-06 10:55:59,3,40,21.7,76,8.4,994.4,1.0,1.4,10,75.6,0
2016-11-06 10:58:59,3,40,21.6,75,9.1,994.2,1.0,1.4,10,75.6,0
2016-11-06 11:01:59,3,40,21.6,75,9.3,994.2,0.7,1.4,6,75.6,0
2016-11-06 11:04:59,3,40,21.5,75,9.3,994.2,0.7,1.4,6,75.6,0
2016-11-06 11:07:59,3,40,21.5,70,8.9,994.1,1.0,1.4,10,75.6,0
2016-11-06 11:10:59,3,40,21.5,71,8.5,994.1,0.3,0.7,6,75.6,0
2016-11-06 11:13:59,3,40,21.3,72,8.1,994.1,0.7,1.0,14,75.6,0
2016-11-06 11:16:59,3,40,21.3,72,8.0,994.1,0.7,1.4,12,75.6,0
2016-11-06 11:19:59,3,40,21.3,73,8.2,994.0,1.0,1.4,12,75.6,0
2016-11-06 11:22:59,3,40,21.3,72,8.0,993.8,1.4,1.7,8,75.6,0
2016-11-06 11:25:59,3,40,21.2,73,8.0,993.9,0.7,1.0,12,75.6,0
2016-11-06 11:28:59,3,40,21.2,73,8.4,993.9,0.7,1.0,10,75.6,0
2016-11-06 11:31:59,3,40,21.2,73,8.8,993.9,1.0,1.7,8,75.6,0
2016-11-06 11:34:59,3,40,21.2,71,8.5,994.0,1.0,1.4,10,75.6,0
2016-11-06 11:37:59,3,40,21.1,72,8.5,994.0,0.7,1.4,12,75.6,0
2016-11-06 11:40:59,3,40,21.1,72,8.7,993.9,1.0,1.4,10,75.6,0
2016-11-06 11:43:59,3,40,21.0,71,9.0,993.9,1.0,1.4,10,75.6,0
2016-11-06 11:46:59,3,41,20.9,71,9.0,994.0,0.7,1.4,12,75.6,0
2016-11-06 11:49:59,3,41,20.9,70,8.7,994.0,1.4,1.7,8,75.6,0
2016-11-06 11:52:59,3,41,20.9,70,8.4,994.0,1.0,1.7,12,75.6,0
2016-11-06 11:55:59,3,42,20.7,71,8.0,994.1,0.7,1.4,10,75.6,0
2016-11-06 11:58:59,3,42,20.7,72,7.7,994.0,1.0,1.7,8,75.6,0
2016-11-06 12:01:59,3,42,20.6,73,7.6,994.0,0.3,0.7,12,75.6,0
2016-11-06 12:04:59,3,42,20.6,73,7.5,993.9,0.7,1.0,6,75.6,0
2016-11-06 12:07:59,3,42,20.6,74,7.6,993.8,0.7,1.0,10,75.6,0
2016-11-06 12:10:59,3,42,20.5,73,7.8,993.7,0.3,0.3,10,75.6,0
2016-11-06 12:13:59,3,42,20.5,73,7.9,993.6,0.7,1.0,8,75.6,0
2016-11-06 12:16:59,3,42,20.5,73,8.0,993.7,0.7,1.0,8,75.6,0
2016-11-06 12:19:59,3,43,20.4,73,8.0,993.6,0.7,1.0,6,75.6,0
2016-11-06 12:22:59,3,43,20.4,73,8.1,993.5,0,0.7,8,75.6,0
2016-11-06 12:25:59,3,43,20.4,73,8.2,993.4,0.3,0.7,8,75.6,0
2016-11-06 12:28:59,3,43,20.3,72,8.3,993.5,1.0,1.4,8,75.6,0
2016-11-06 12:31:59,3,43,20.3,71,8.1,993.5,1.0,1.4,2,75.6,0
2016-11-06 12:34:59,3,43,20.3,71,8.0,993.4,0.7,1.0,10,75.6,0
2016-11-06 12:37:59,3,44,20.3,72,8.0,993.4,0.3,0.7,11,75.6,0
2016-11-06 12:40:59,3,44,20.3,72,8.1,993.4,0,0,12,75.6,0
2016-11-06 12:43:59,3,44,20.3,72,8.2,993.2,0.3,1.0,8,75.6,0
2016-11-06 12:46:59,3,44,20.3,72,8.2,993.3,0.7,1.0,10,75.6,0
2016-11-06 12:49:59,3,44,20.3,72,8.2,993.3,1.4,1.7,12,75.6,0
2016-11-06 12:52:59,3,44,20.3,72,8.2,993.2,0.3,0.7,8,75.6,0
2016-11-06 12:55:59,3,44,20.3,72,8.2,993.3,0.7,1.0,9,75.6,0
2016-11-06 12:58:59,3,44,20.3,71,8.1,993.3,0.7,1.0,8,75.6,0
2016-11-06 13:01:59,3,44,20.3,71,8.1,993.3,0.3,0.7,14,75.6,0
2016-11-06 13:04:59,3,44,20.3,71,8.1,993.4,0.3,0.7,14,75.6,0
2016-11-06 13:07:59,3,45,20.3,71,8.0,993.4,0.3,0.7,5,75.6,0
2016-11-06 13:10:59,3,45,20.3,72,8.0,993.3,0.3,0.7,14,75.6,0
2016-11-06 13:13:59,3,45,20.3,72,8.1,993.4,0.7,1.4,10,75.6,0
2016-11-06 13:16:59,3,45,20.3,71,8.2,993.3,1.4,2.0,10,75.6,0
2016-11-06 13:19:59,3,45,20.3,72,8.3,993.4,1.0,1.4,10,75.6,0
2016-11-06 13:22:59,3,45,20.3,71,8.3,993.4,0.7,1.0,12,75.6,0
2016-11-06 13:25:59,3,45,20.3,71,8.5,993.5,0.3,0.3,6,75.6,0
2016-11-06 13:28:59,3,45,20.3,71,8.7,993.5,0.7,1.0,8,75.6,0
2016-11-06 13:31:59,3,45,20.3,70,8.6,993.5,0.7,1.0,4,75.6,0
2016-11-06 13:34:59,3,45,20.4,70,8.4,993.5,0.3,0.7,10,75.6,0
2016-11-06 13:37:59,3,45,20.4,71,8.4,993.7,1.4,1.7,10,75.6,0
2016-11-06 13:40:59,3,45,20.4,71,8.4,993.6,0.3,0.7,7,75.6,0
2016-11-06 13:43:59,3,45,20.4,71,8.4,993.7,0.7,0.7,14,75.6,0
2016-11-06 13:46:59,3,45,20.4,71,8.3,993.5,0,0.3,10,75.6,0
2016-11-06 13:49:59,3,45,20.4,71,8.3,993.6,0,0.3,10,75.6,0
2016-11-06 13:52:59,3,45,20.4,71,8.3,993.6,0.3,0.7,6,75.6,0
2016-11-06 13:55:59,3,45,20.4,71,8.3,993.6,0,0.3,12,75.6,0
2016-11-06 13:58:59,3,45,20.4,71,8.3,993.5,0.3,0.7,10,75.6,0
2016-11-06 14:01:59,3,45,20.4,71,8.2,993.7,0,0.3,10,75.6,0
2016-11-06 14:04:59,3,45,20.4,71,8.1,993.5,0,0.3,10,75.6,0
2016-11-06 14:07:59,3,45,20.4,72,8.1,993.4,0,0,10,75.6,0
2016-11-06 14:10:59,3,45,20.4,72,8.0,993.5,0,0,10,75.6,0
2016-11-06 14:13:59,3,45,20.4,72,7.9,993.6,0,0,10,75.6,0
2016-11-06 14:16:59,3,45,20.4,72,7.8,993.7,0,0,10,75.6,0
2016-11-06 14:19:59,3,45,20.4,73,7.7,993.7,0,0,10,75.6,0
2016-11-06 14:22:59,3,45,20.4,73,7.7,993.7,0,0,10,75.6,0
2016-11-06 14:25:59,3,45,20.4,73,7.6,993.8,0,0,10,75.6,0
2016-11-06 14:28:59,3,45,20.4,73,7.6,993.8,0,0,10,75.6,0
2016-11-06 14:31:59,3,45,20.4,74,7.5,993.7,0,0,10,75.6,0
2016-11-06 14:34:59,3,45,20.4,74,7.5,993.8,0,0,10,75.6,0
2016-11-06 14:37:59,3,45,20.4,81,7.4,993.8,0,0,10,75.6,0
2016-11-06 14:40:59,3,45,20.4,81,7.3,993.7,0,0.3,10,75.6,0
2016-11-06 14:43:59,3,45,20.4,81,7.2,993.8,0,0,10,75.6,0
2016-11-06 14:46:59,3,45,20.4,82,7.2,993.8,0,0,10,75.6,0
2016-11-06 14:49:59,3,45,20.4,82,7.2,993.9,0,0,10,75.6,0
2016-11-06 14:52:59,3,45,20.4,82,7.1,993.9,0,0.3,10,75.6,0
2016-11-06 14:55:59,3,45,20.4,83,7.1,994.0,0,0,2,75.6,0
2016-11-06 14:58:59,3,45,20.4,83,7.1,994.0,0,0,2,75.6,0
2016-11-06 15:01:59,3,45,20.4,83,7.1,993.9,0,0,2,75.6,0
2016-11-06 15:04:59,3,45,20.4,83,7.1,993.9,0,0,2,75.6,0
2016-11-06 15:07:59,3,45,20.4,84,7.1,993.9,0.3,0.7,10,75.6,0
2016-11-06 15:10:59,3,45,20.4,84,7.1,993.7,0.3,0.7,6,75.6,0
2016-11-06 15:13:59,3,45,20.4,84,7.1,993.9,0.7,1.4,8,75.6,0
2016-11-06 15:16:59,3,45,20.4,83,7.1,993.9,1.0,1.7,4,75.6,0
2016-11-06 15:19:59,3,45,20.4,83,7.2,994.0,0,0.3,10,75.6,0
2016-11-06 15:22:59,3,45,20.4,83,7.2,994.0,0.3,0.7,2,75.6,0
2016-11-06 15:25:59,3,45,20.4,82,7.2,994.1,0.3,0.7,10,75.6,0
2016-11-06 15:28:59,3,45,20.4,82,7.2,994.2,0,0.3,9,75.6,0
2016-11-06 15:31:59,3,45,20.4,82,7.2,994.1,0,0.3,6,75.6,0
2016-11-06 15:34:59,3,45,20.4,82,7.2,994.1,0.3,0.7,4,75.6,0
2016-11-06 15:37:59,3,45,20.4,82,7.2,994.0,0.3,0.7,8,75.6,0
2016-11-06 15:40:59,3,45,20.4,81,7.2,994.1,0,0.3,4,75.6,0
2016-11-06 15:43:59,3,45,20.4,82,7.2,994.1,0.7,1.0,7,75.6,0
2016-11-06 15:46:59,3,45,20.4,82,7.1,994.1,0.3,0.7,4,75.6,0
2016-11-06 15:49:59,3,45,20.4,82,7.1,994.1,0,0,4,75.6,0
2016-11-06 15:52:59,3,45,20.4,82,7.0,994.1,0.3,0.3,4,75.6,0
2016-11-06 15:55:59,3,45,20.4,82,7.0,994.1,0,0.3,2,75.6,0
2016-11-06 15:58:59,3,45,20.4,82,6.9,994.1,0,0.3,12,75.6,0
2016-11-06 16:01:59,3,45,20.4,82,6.9,994.1,0,0.3,4,75.6,0
2016-11-06 16:04:59,3,45,20.4,82,6.9,994.1,0,0,4,75.6,0
2016-11-06 16:07:59,3,45,20.4,82,6.9,994.2,0,0.3,6,75.6,0
2016-11-06 16:10:59,3,45,20.4,82,6.9,994.3,1.4,1.7,12,75.6,0
2016-11-06 16:13:59,3,45,20.4,82,6.8,994.4,1.7,2.0,11,75.6,0
2016-11-06 16:16:59,3,45,20.4,82,6.7,994.4,1.0,1.4,12,75.6,0
2016-11-06 16:19:59,3,45,20.4,82,6.6,994.5,1.0,1.7,12,75.6,0
2016-11-06 16:22:59,3,45,20.4,82,6.4,994.6,0.7,1.4,12,75.6,0
2016-11-06 16:25:59,3,45,20.4,82,6.2,994.7,0.7,1.0,10,75.6,0
2016-11-06 16:28:59,3,45,20.4,83,6.1,994.6,1.0,1.4,12,75.9,0
2016-11-06 16:31:59,3,45,20.4,84,6.0,994.7,1.0,1.0,12,75.9,0
2016-11-06 16:34:59,3,45,20.4,84,5.9,994.6,0.3,0.7,12,75.9,0
2016-11-06 16:37:59,3,45,20.4,85,5.8,994.7,0.7,1.0,12,76.2,0
2016-11-06 16:40:59,3,45,20.4,85,5.8,994.7,0,0.3,12,76.2,0
2016-11-06 16:43:59,3,45,20.4,86,5.7,994.7,0,0.3,10,76.2,0
2016-11-06 16:46:59,3,45,20.4,86,5.7,994.7,0,0,10,76.5,0
2016-11-06 16:49:59,3,45,20.4,87,5.7,994.8,0,0.3,13,76.5,0
2016-11-06 16:52:59,3,45,20.4,87,5.7,994.7,0,0,13,76.5,0
2016-11-06 16:55:59,3,45,20.4,87,5.6,994.8,0,0,13,76.5,0
2016-11-06 16:58:59,3,45,20.4,87,5.6,994.7,0,0.3,13,76.5,0
2016-11-06 17:01:59,3,45,20.4,87,5.6,994.8,0,0.3,13,76.5,0
2016-11-06 17:04:59,3,45,20.4,87,5.6,994.8,0,0.3,13,76.5,0
2016-11-06 17:07:59,3,45,20.4,87,5.6,994.7,0,0,13,76.5,0
2016-11-06 17:10:59,3,45,20.4,88,5.5,994.8,0,0,13,76.5,0
2016-11-06 17:13:59,3,45,20.4,88,5.5,994.8,0,0,13,76.5,0
2016-11-06 17:16:59,3,45,20.4,88,5.5,994.8,0,0,13,76.5,0
2016-11-06 17:19:59,3,45,20.4,88,5.5,994.8,0,0,13,76.5,0
2016-11-06 17:22:59,3,45,20.4,88,5.5,994.9,0,0.3,13,76.8,0
2016-11-06 17:25:59,3,45,20.4,88,5.5,994.9,0,0.3,13,76.8,0
2016-11-06 17:28:59,3,45,20.5,89,5.5,994.9,0,0.3,6,76.8,0
2016-11-06 17:31:59,3,45,20.5,89,5.5,994.8,0,0.3,6,76.8,0
2016-11-06 17:34:59,3,45,20.5,89,5.5,994.9,0,0,6,76.8,0
2016-11-06 17:37:59,3,45,20.5,89,5.5,994.9,0,0,6,76.8,0
2016-11-06 17:40:59,3,45,20.4,89,5.5,994.9,0,0,6,76.8,0
2016-11-06 17:43:59,3,45,20.4,89,5.5,994.8,0,0,6,76.8,0
2016-11-06 17:46:59,3,45,20.4,90,5.4,994.9,0,0,6,76.8,0
2016-11-06 17:49:59,3,45,20.4,90,5.5,995.0,0,0,6,76.8,0
2016-11-06 17:52:59,3,45,20.5,90,5.4,995.0,0,0,6,76.8,0
2016-11-06 17:55:59,3,45,20.5,90,5.4,994.9,0,0,6,76.8,0
2016-11-06 17:58:59,3,45,20.5,90,5.4,995.1,0,0,6,76.8,0
2016-11-06 18:01:59,3,45,20.5,90,5.4,995.1,0,0,6,76.8,0
2016-11-06 18:04:59,3,45,20.4,90,5.4,995.0,0,0,6,76.8,0
2016-11-06 18:07:59,3,45,20.4,90,5.4,995.0,0,0.3,6,76.8,0
2016-11-06 18:10:59,3,45,20.4,90,5.4,995.1,0,0,6,76.8,0
2016-11-06 18:13:59,3,45,20.4,90,5.4,995.0,0,0,6,76.8,0
2016-11-06 18:16:59,3,45,20.5,90,5.3,995.1,0,0,6,76.8,0
2016-11-06 18:19:59,3,45,20.5,90,5.3,995.0,0,0,6,76.8,0
2016-11-06 18:22:59,3,45,20.5,90,5.3,995.1,0,0.3,6,76.8,0
2016-11-06 18:25:59,3,45,20.5,90,5.3,995.2,0,0,6,76.8,0
2016-11-06 18:28:59,3,45,20.4,90,5.3,995.2,0,0,6,76.8,0
2016-11-06 18:31:59,3,45,20.4,90,5.2,995.2,0,0,6,76.8,0
2016-11-06 18:34:59,3,45,20.4,90,5.2,995.1,0,0,6,76.8,0
2016-11-06 18:37:59,3,45,20.4,90,5.2,995.2,0,0,6,76.8,0
2016-11-06 18:40:59,3,45,20.5,90,5.2,995.3,0,0,6,76.8,0
2016-11-06 18:43:59,3,45,20.5,90,5.2,995.2,0,0,6,76.8,0
2016-11-06 18:46:59,3,45,20.4,90,5.3,995.2,0,0.3,6,76.8,0
2016-11-06 18:49:59,3,45,20.4,90,5.3,995.2,0,0,6,76.8,0
2016-11-06 18:52:59,3,45,20.5,90,5.3,995.2,0,0,6,76.8,0
2016-11-06 18:55:59,3,45,20.5,90,5.3,995.1,0,0,6,76.8,0
2016-11-06 18:58:59,3,45,20.5,90,5.3,995.3,0,0,6,76.8,0
2016-11-06 19:01:59,3,45,20.4,90,5.3,995.3,0,0,6,76.8,0
2016-11-06 19:04:59,3,45,20.5,90,5.3,995.3,0,0,6,76.8,0
2016-11-06 19:07:59,3,45,20.4,90,5.3,995.3,0,0.3,6,76.8,0
2016-11-06 19:10:59,3,45,20.4,91,5.3,995.3,0.3,0.7,12,76.8,0
2016-11-06 19:13:59,3,45,20.5,91,5.4,995.3,0,0.3,12,76.8,0
2016-11-06 19:16:59,3,45,20.5,91,5.4,995.4,0,0,12,76.8,0
2016-11-06 19:19:59,3,45,20.5,91,5.4,995.4,0,0,12,76.8,0
2016-11-06 19:22:59,3,45,20.5,91,5.4,995.4,0,0,12,76.8,0
2016-11-06 19:25:59,3,45,20.5,91,5.4,995.4,0,0,12,76.8,0
2016-11-06 19:28:59,3,45,20.5,91,5.4,995.4,0,0,12,76.8,0
2016-11-06 19:31:59,3,45,20.5,91,5.4,995.5,0,0,12,76.8,0
2016-11-06 19:34:59,3,45,20.5,91,5.4,995.4,0,0,12,76.8,0
2016-11-06 19:37:59,3,45,20.5,91,5.4,995.4,0,0,12,76.8,0
2016-11-06 19:40:59,3,45,20.5,91,5.4,995.4,0,0,12,77.1,0
2016-11-06 19:43:59,3,45,20.4,91,5.4,995.3,0,0,12,77.1,0
2016-11-06 19:46:59,3,45,20.5,91,5.4,995.3,0,0,12,77.1,0
2016-11-06 19:49:59,3,45,20.5,91,5.4,995.3,0,0.3,12,77.1,0
2016-11-06 19:52:59,3,45,20.5,91,5.4,995.3,0,0,12,77.1,0
2016-11-06 19:55:59,3,45,20.5,91,5.4,995.3,0,0.3,12,77.1,0
2016-11-06 19:58:59,3,45,20.5,91,5.3,995.3,0,0,12,77.1,0
2016-11-06 20:01:59,3,45,20.5,91,5.3,995.3,0,0,12,77.1,0
2016-11-06 20:04:59,3,45,20.5,91,5.3,995.3,0,0,12,77.1,0
2016-11-06 20:07:59,3,45,20.5,91,5.3,995.3,0,0,12,77.1,0
2016-11-06 20:10:59,3,45,20.5,91,5.3,995.3,0,0,12,77.1,0
2016-11-06 20:13:59,3,45,20.5,91,5.2,995.3,0,0,12,77.1,0
2016-11-06 20:16:59,3,45,20.5,91,5.2,995.3,0,0,12,77.1,0
2016-11-06 20:19:59,3,45,20.5,91,5.2,995.3,0,0,12,77.1,0
2016-11-06 20:22:59,3,45,20.5,91,5.2,995.2,0,0,12,77.1,0
2016-11-06 20:25:59,3,45,20.5,91,5.2,995.2,0,0,12,77.1,0
2016-11-06 20:28:59,3,45,20.5,91,5.3,995.3,0,0,12,77.1,0
2016-11-06 20:31:59,3,45,20.5,91,5.3,995.3,0,0,12,77.1,0
2016-11-06 20:34:59,3,45,20.5,91,5.3,995.3,0,0,12,77.1,0
2016-11-06 20:37:59,3,45,20.5,91,5.3,995.4,0,0,12,77.1,0
2016-11-06 20:40:59,3,45,20.5,91,5.3,995.3,0,0,12,77.1,0
2016-11-06 20:43:59,3,45,20.5,91,5.3,995.4,0,0,12,77.1,0
2016-11-06 20:46:59,3,45,20.5,91,5.3,995.4,0,0.3,12,77.1,0
2016-11-06 20:49:59,3,45,20.5,91,5.3,995.5,0,0,12,77.1,0
2016-11-06 20:52:59,3,45,20.4,91,5.3,995.5,0,0,12,77.1,0
2016-11-06 20:55:59,3,45,20.5,91,5.3,995.5,0,0.3,12,77.1,0
2016-11-06 20:58:59,3,45,20.5,91,5.3,995.5,0,0,12,77.1,0
2016-11-06 21:01:59,3,45,20.4,91,5.3,995.5,0,0.3,12,77.1,0
2016-11-06 21:04:59,3,45,20.5,91,5.3,995.5,0,0.3,12,77.1,0
2016-11-06 21:07:59,3,45,20.5,91,5.3,995.5,0,0,12,77.1,0
2016-11-06 21:10:59,3,45,20.5,91,5.3,995.5,0,0,12,77.1,0
2016-11-06 21:13:59,3,45,20.5,91,5.3,995.5,0,0,12,77.1,0
2016-11-06 21:16:59,3,45,20.5,91,5.3,995.5,0,0,12,77.1,0
2016-11-06 21:19:59,3,45,20.5,91,5.3,995.4,0,0,12,77.1,0
2016-11-06 21:22:59,3,45,20.4,91,5.3,995.4,0,0,12,77.1,0
2016-11-06 21:25:59,3,45,20.4,91,5.3,995.4,0,0,12,77.1,0
2016-11-06 21:28:59,3,45,20.5,91,5.4,995.4,0,0,12,77.1,0
2016-11-06 21:31:59,3,44,20.5,91,5.4,995.4,0,0,12,77.1,0
2016-11-06 21:34:59,3,44,20.5,91,5.4,995.5,0,0,12,77.1,0
2016-11-06 21:37:59,3,44,20.5,91,5.4,995.3,0,0.3,12,77.1,0
2016-11-06 21:40:59,3,44,20.4,91,5.4,995.4,0,0,12,77.1,0
2016-11-06 21:43:59,3,44,20.4,91,5.4,995.4,0,0,12,77.1,0
2016-11-06 21:46:59,3,44,20.4,91,5.4,995.4,0,0,12,77.1,0
2016-11-06 21:49:59,3,44,20.4,91,5.3,995.5,0,0,12,77.1,0
2016-11-06 21:52:59,3,44,20.4,91,5.3,995.5,0,0,12,77.1,0
2016-11-06 21:55:59,3,44,20.4,91,5.3,995.6,0,0,12,77.1,0
2016-11-06 21:58:59,3,44,20.4,91,5.3,995.6,0,0,12,77.1,0
2016-11-06 22:01:59,3,44,20.4,91,5.3,995.6,0,0,12,77.1,0
2016-11-06 22:04:59,3,44,20.4,91,5.3,995.7,0,0,12,77.1,0
2016-11-06 22:07:59,3,44,20.4,91,5.3,995.7,0,0,12,77.1,0
2016-11-06 22:10:59,3,44,20.4,91,5.3,995.6,0,0,12,77.1,0
2016-11-06 22:13:59,3,44,20.3,91,5.2,995.5,0,0,12,77.1,0
2016-11-06 22:16:59,3,44,20.3,91,5.2,995.7,0,0,12,77.1,0
2016-11-06 22:19:59,3,44,20.3,91,5.2,995.6,0,0,12,77.1,0
2016-11-06 22:22:59,3,44,20.3,91,5.2,995.7,0,0,12,77.1,0
2016-11-06 22:25:59,3,44,20.3,91,5.2,995.6,0,0.3,12,77.1,0
2016-11-06 22:28:59,3,44,20.3,91,5.2,995.7,0,0,12,77.1,0
2016-11-06 22:31:59,3,44,20.3,91,5.2,995.7,0,0,12,77.1,0
2016-11-06 22:34:59,3,44,20.3,91,5.2,995.6,0,0,12,77.1,0
2016-11-06 22:37:59,3,44,20.3,91,5.2,995.7,0,0,12,77.1,0
2016-11-06 22:40:59,3,44,20.2,91,5.2,995.7,0,0,12,77.1,0
2016-11-06 22:43:59,3,44,20.2,91,5.2,995.8,0,0,12,77.1,0
2016-11-06 22:46:59,3,44,20.2,91,5.2,995.9,0,0,12,77.1,0
2016-11-06 22:49:59,3,44,20.2,91,5.2,995.7,0,0,12,77.1,0
2016-11-06 22:52:59,3,44,20.2,91,5.2,995.7,0,0,12,77.1,0
2016-11-06 22:55:59,3,44,20.1,91,5.2,995.7,0.3,0.7,12,77.1,0
2016-11-06 22:58:59,3,44,20.1,91,5.2,995.8,0,0,12,77.1,0
2016-11-06 23:01:59,3,44,20.1,91,5.2,995.8,0,0,12,77.1,0
2016-11-06 23:04:59,3,44,20.1,91,5.2,995.8,0,0,12,77.1,0
2016-11-06 23:07:59,3,44,20.1,92,5.3,995.8,0,0,12,77.1,0
2016-11-06 23:10:59,3,44,20.1,92,5.3,995.7,0,0,12,77.1,0
2016-11-06 23:13:59,3,44,20.1,92,5.3,995.8,0,0,12,77.1,0
2016-11-06 23:16:59,3,44,20.0,92,5.3,995.8,0,0,14,77.1,0
2016-11-06 23:19:59,3,44,20.0,92,5.3,995.9,0,0,14,77.1,0
2016-11-06 23:22:59,3,44,20.0,92,5.3,995.8,0,0,14,77.1,0
2016-11-06 23:25:59,3,44,20.0,92,5.2,995.8,0,0,14,77.1,0
2016-11-06 23:28:59,3,44,20.0,92,5.2,995.8,0,0,14,77.1,0
2016-11-06 23:31:59,3,44,20.0,92,5.2,995.8,0,0,14,77.1,0
2016-11-06 23:34:59,3,44,20.0,92,5.2,995.8,0,0,14,77.1,0
2016-11-06 23:37:59,3,44,20.0,92,5.2,995.8,0,0,14,77.1,0
2016-11-06 23:40:59,3,45,19.9,92,5.1,995.7,0,0.3,11,77.1,0
2016-11-06 23:43:59,3,45,19.8,91,5.1,995.8,0,0,12,77.4,0
2016-11-06 23:46:59,3,45,19.8,91,5.1,995.8,0,0.3,14,77.4,0
2016-11-06 23:49:59,3,45,19.8,91,5.1,995.8,0,0,14,77.4,0
2016-11-06 23:52:59,3,44,19.8,91,5.1,995.9,0,0,14,77.4,0
2016-11-06 23:55:59,3,45,19.8,91,5.1,995.9,0,0,14,77.4,0
2016-11-06 23:58:59,3,45,19.8,91,5.1,995.9,0,0,14,77.7,0
