2010-01-30 00:01:08,20,30,18.8,87,0.5,968.5,0.0,1.0,10,696.3,0
2010-01-30 00:21:08,20,30,18.6,87,0.5,968.5,0.0,0.0,10,696.3,0
2010-01-30 00:41:08,20,30,18.5,87,0.5,968.5,0.0,0.0,14,696.3,0
2010-01-30 01:01:08,20,30,18.3,87,0.5,969.0,0.0,0.0,12,696.3,0
2010-01-30 01:21:08,20,30,18.1,87,0.5,969.3,0.0,0.0,12,696.6,0
2010-01-30 01:41:08,20,30,18.0,86,0.5,969.5,0.0,0.0,12,696.6,0
2010-01-30 02:01:08,20,30,17.8,86,0.4,969.5,0.0,0.0,10,696.6,0
2010-01-30 02:21:08,20,30,17.6,86,0.3,969.6,0.0,0.0,14,696.6,0
2010-01-30 02:41:08,20,30,17.5,85,0.2,969.8,0.0,0.0,10,696.6,0
2010-01-30 03:01:08,20,30,17.3,86,0.1,969.9,0.0,0.0,10,696.6,0
2010-01-30 03:21:08,20,31,17.2,86,0.1,970.1,0.0,0.0,10,696.6,0
2010-01-30 03:41:08,20,30,17.0,85,0.0,970.4,0.0,0.0,12,696.6,0
2010-01-30 04:01:08,20,30,16.9,85,0.0,970.7,0.0,0.0,10,696.6,0
2010-01-30 04:21:08,20,30,16.8,85,0.0,970.9,0.0,0.0,10,696.6,0
2010-01-30 04:41:08,20,30,16.6,84,-0.3,971.0,0.0,0.0,10,696.6,0
2010-01-30 05:01:08,20,30,16.5,83,-0.6,971.5,0.0,0.0,10,696.6,0
2010-01-30 05:21:08,20,31,16.4,82,-0.7,971.6,0.0,0.0,10,696.6,0
2010-01-30 05:41:08,20,30,16.4,81,-0.8,971.6,0.0,0.0,10,696.6,0
2010-01-30 06:01:08,20,30,16.5,80,-1.0,971.9,0.0,0.0,10,696.6,0
2010-01-30 06:21:08,20,30,16.7,79,-1.3,971.9,0.0,0.0,10,696.6,0
2010-01-30 06:41:08,20,30,17.0,79,-1.4,972.1,0.0,0.0,10,696.6,0
2010-01-30 07:01:08,20,30,17.2,79,-1.5,972.4,0.0,0.0,11,696.6,0
2010-01-30 07:21:08,20,29,17.4,79,-1.6,972.6,0.0,0.0,10,696.6,0
2010-01-30 07:41:08,20,30,17.7,80,-1.7,973.0,0.0,0.0,10,696.6,0
2010-01-30 08:01:08,20,29,17.8,79,-1.7,973.4,0.0,0.0,8,696.6,0
2010-01-30 08:21:08,20,29,17.9,79,-1.6,973.7,0.0,0.0,11,696.6,0
2010-01-30 08:41:08,20,30,18.1,79,-1.5,974.2,0.0,0.0,10,696.6,0
2010-01-30 09:01:08,20,31,18.5,79,-1.3,974.6,0.0,0.0,10,696.6,0
2010-01-30 09:21:08,20,31,18.9,79,-1.2,975.4,0.0,0.0,8,696.6,0
2010-01-30 09:41:08,20,31,19.2,78,-0.9,975.9,0.0,0.0,14,696.6,0
2010-01-30 10:01:08,20,32,19.9,78,-0.8,976.7,0.0,0.0,10,696.6,0
2010-01-30 10:21:08,20,31,20.3,77,-0.8,977.2,0.0,0.0,10,696.6,0
2010-01-30 10:41:08,20,30,20.6,76,-0.7,977.7,0.0,0.0,12,696.6,0
2010-01-30 11:01:08,20,29,20.9,75,-0.4,978.2,0.0,0.0,8,696.6,0
2010-01-30 11:21:08,20,29,20.7,75,-0.5,978.6,0.0,0.0,14,696.6,0
2010-01-30 11:41:08,20,29,20.6,75,-0.3,978.8,0.0,0.0,8,696.6,0
2010-01-30 12:01:08,20,30,21.0,75,-0.7,979.5,0.0,0.0,0,696.6,0
2010-01-30 12:21:08,20,30,21.3,76,-0.7,979.9,0.0,0.0,10,696.6,0
2010-01-30 12:41:08,20,29,21.5,76,-0.9,980.4,0.0,0.0,10,696.6,0
2010-01-30 13:01:32,20,29,21.6,75,-1.1,980.8,0.0,0.0,14,696.6,0
2010-01-30 13:21:41,20,29,21.8,76,-1.3,981.1,0.0,0.0,10,696.6,0
2010-01-30 13:41:01,20,29,22.0,77,-1.4,981.6,0.0,0.0,12,696.6,0
2010-01-30 14:01:01,20,29,22.1,76,-1.5,982.1,0.0,0.0,2,696.6,0
2010-01-30 14:21:20,20,28,22.1,76,-1.5,982.8,0.0,0.0,10,696.6,0
2010-01-30 14:41:45,20,28,22.2,73,-1.8,983.5,0,0,0,696.6,0
2010-01-30 15:01:45,20,28,22.2,72,-2.2,983.9,0,0,12,696.6,0
2010-01-30 15:21:45,20,28,22.0,71,-2.7,984.2,0,0,12,696.6,0
2010-01-30 15:41:45,20,28,21.8,70,-3.5,984.6,0,0,13,696.6,0
2010-01-30 16:01:45,20,28,21.9,70,-4.0,985.0,0,0,13,696.6,0
2010-01-30 16:21:45,20,28,22.0,71,-4.5,985.4,0,0,12,696.6,0
2010-01-30 16:41:45,20,28,22.1,72,-4.8,986.0,0,0,12,696.6,0
2010-01-30 17:01:45,20,28,22.3,72,-4.9,986.1,0,0,12,696.6,0
2010-01-30 17:21:45,20,28,22.2,72,-5.1,986.5,0,0,12,696.6,0
2010-01-30 17:41:45,20,28,21.9,72,-5.5,986.8,0,0,14,696.6,0
2010-01-30 18:01:45,20,28,21.5,73,-5.8,987.3,0,0,8,696.6,0
2010-01-30 18:21:45,20,28,21.2,74,-6.4,987.8,0,0,10,696.6,0
2010-01-30 18:41:45,20,28,21.0,74,-6.8,988.2,0,0,8,696.6,0
2010-01-30 19:01:45,20,27,20.7,75,-7.2,988.4,0,0,10,696.6,0
2010-01-30 19:21:45,20,27,20.5,76,-7.5,988.8,0,0,10,696.6,0
2010-01-30 19:41:45,20,28,20.3,76,-8.0,989.3,0,0,8,696.6,0
2010-01-30 20:01:45,20,28,20.2,77,-8.1,989.4,0,0,10,696.6,0
2010-01-30 20:21:45,20,28,20.1,78,-8.3,989.7,0,0,10,696.6,0
2010-01-30 20:41:45,20,28,20.0,78,-8.1,990.0,0,0,10,696.6,0
2010-01-30 21:01:45,20,28,19.9,79,-7.8,990.2,0,0,10,696.6,0
2010-01-30 21:21:45,20,28,19.9,79,-7.4,990.5,0,0,8,696.6,0
2010-01-30 21:41:45,20,28,19.8,79,-7.5,990.6,0,0,10,696.6,0
2010-01-30 22:01:45,20,28,19.7,79,-7.3,990.9,0,0,10,696.6,0
2010-01-30 22:21:45,20,27,19.7,79,-6.7,990.8,0,0,10,696.6,0
2010-01-30 22:41:45,20,27,19.7,79,-6.3,991.1,0,0,10,696.6,0
2010-01-30 23:01:45,20,27,19.6,79,-6.2,991.7,0,0,10,696.6,0
2010-01-30 23:21:45,20,27,19.6,79,-5.9,991.8,0,0,10,696.6,0
2010-01-30 23:41:45,20,27,19.6,78,-5.8,991.8,0,0,10,696.6,0
