2020-07-11 00:01:59,3,49,22.5,92,11.3,1012.4,0.3,0.7,10,1835.7,0
2020-07-11 00:04:59,3,49,22.5,92,11.3,1012.5,0.3,0.7,10,1835.7,0
2020-07-11 00:07:59,3,49,22.5,92,11.4,1012.4,0.7,1.0,10,1835.7,0
2020-07-11 00:10:59,3,49,22.5,93,11.4,1012.4,0.7,1.4,12,1835.7,0
2020-07-11 00:13:59,3,49,22.5,93,11.4,1012.4,0.7,1.0,12,1835.7,0
2020-07-11 00:16:59,3,49,22.5,93,11.4,1012.4,1.0,1.4,10,1835.7,0
2020-07-11 00:19:59,3,49,22.5,93,11.5,1012.5,1.0,1.4,10,1835.7,0
2020-07-11 00:22:59,3,49,22.5,94,11.5,1012.5,1.4,1.7,10,1835.7,0
2020-07-11 00:25:59,3,49,22.4,94,11.5,1012.4,1.4,1.7,12,1835.7,0
2020-07-11 00:28:59,3,49,22.4,94,11.5,1012.4,0.7,1.0,12,1835.7,0
2020-07-11 00:31:59,3,49,22.4,94,11.6,1012.5,1.0,1.4,10,1835.7,0
2020-07-11 00:34:59,3,49,22.3,94,11.6,1012.5,1.7,2.0,12,1835.7,0
2020-07-11 00:37:59,3,49,22.3,94,11.6,1012.4,1.0,1.4,12,1835.7,0
2020-07-11 00:40:59,3,49,22.3,94,11.6,1012.4,1.0,1.7,12,1835.7,0
2020-07-11 00:43:59,3,49,22.3,94,11.6,1012.4,0.3,0.7,10,1835.7,0
2020-07-11 00:46:59,3,49,22.3,94,11.6,1012.5,0.7,1.4,12,1835.7,0
2020-07-11 00:49:59,3,49,22.3,93,11.6,1012.5,0,0.3,12,1835.7,0
2020-07-11 00:52:59,3,49,22.3,93,11.5,1012.4,0.7,1.0,10,1835.7,0
2020-07-11 00:55:59,3,49,22.2,93,11.5,1012.5,0.7,1.4,12,1835.7,0
2020-07-11 00:58:59,3,49,22.2,93,11.5,1012.5,0.7,1.0,14,1835.7,0
2020-07-11 01:01:59,3,48,22.3,93,11.5,1012.5,1.0,1.4,12,1835.7,0
2020-07-11 01:04:59,3,48,22.2,93,11.5,1012.5,0.7,1.0,12,1835.7,0
2020-07-11 01:07:59,3,48,22.2,93,11.4,1012.5,1.0,1.7,10,1835.7,0
2020-07-11 01:10:59,3,48,22.2,93,11.4,1012.4,1.0,1.4,10,1835.7,0
2020-07-11 01:13:59,3,48,22.2,93,11.4,1012.5,0.7,1.0,8,1835.7,0
2020-07-11 01:16:59,3,48,22.2,93,11.4,1012.4,0.3,0.7,10,1835.7,0
2020-07-11 01:19:59,3,48,22.2,93,11.3,1012.4,0.7,1.0,10,1835.7,0
2020-07-11 01:22:59,3,48,22.2,93,11.3,1012.5,0.7,1.0,10,1835.7,0
2020-07-11 01:25:59,3,48,22.2,93,11.3,1012.5,0.7,1.0,10,1835.7,0
2020-07-11 01:28:59,3,48,22.2,93,11.2,1012.4,1.0,1.4,12,1835.7,0
2020-07-11 01:31:59,3,48,22.1,93,11.2,1012.4,1.0,1.0,10,1835.7,0
2020-07-11 01:34:59,3,48,22.1,93,11.2,1012.4,0.3,0.7,12,1835.7,0
2020-07-11 01:37:59,3,48,22.1,93,11.2,1012.4,0,0,10,1835.7,0
2020-07-11 01:40:59,3,48,22.1,93,11.1,1012.4,0,0.3,12,1835.7,0
2020-07-11 01:43:59,3,48,22.1,93,11.1,1012.4,0,0,0,1835.7,0
2020-07-11 01:46:59,3,48,22.1,93,11.0,1012.3,0,0,12,1835.7,0
2020-07-11 01:49:59,3,48,22.1,93,11.0,1012.4,0,0,10,1835.7,0
2020-07-11 01:52:59,3,48,22.1,93,11.0,1012.4,0.3,0.7,12,1835.7,0
2020-07-11 01:55:59,3,48,22.0,93,10.9,1012.4,0.3,0.7,10,1835.7,0
2020-07-11 01:58:59,3,48,22.0,93,10.9,1012.4,0,0,2,1835.7,0
2020-07-11 02:01:59,3,48,22.0,93,10.9,1012.5,0,0,2,1835.7,0
2020-07-11 02:04:59,3,49,21.9,93,10.9,1012.4,0,0,2,1835.7,0
2020-07-11 02:07:59,3,49,21.9,93,10.7,1012.5,0,0,10,1835.7,0
2020-07-11 02:10:59,3,49,21.9,93,10.7,1012.5,0.7,1.0,9,1835.7,0
2020-07-11 02:13:59,3,49,21.9,93,10.7,1012.5,0.7,1.4,10,1835.7,0
2020-07-11 02:16:59,3,49,21.9,93,10.7,1012.6,0.7,1.4,10,1835.7,0
2020-07-11 02:19:59,3,49,21.9,94,10.8,1012.6,0.7,1.0,10,1835.7,0
2020-07-11 02:22:59,3,49,21.9,94,10.8,1012.6,1.4,2.0,12,1835.7,0
2020-07-11 02:25:59,3,49,21.9,94,10.8,1012.5,1.0,1.4,12,1835.7,0
2020-07-11 02:28:59,3,49,21.9,94,10.8,1012.7,0.7,1.0,12,1835.7,0
2020-07-11 02:31:59,3,49,21.9,94,10.8,1012.7,1.0,1.4,12,1835.7,0
2020-07-11 02:34:59,3,49,21.9,94,10.7,1012.7,0,0.7,10,1835.7,0
2020-07-11 02:37:59,3,49,21.9,94,10.7,1012.8,0,0,10,1835.7,0
2020-07-11 02:40:59,3,49,21.8,94,10.7,1012.9,0,0,12,1835.7,0
2020-07-11 02:43:59,3,49,21.8,94,10.6,1012.8,0.7,1.0,11,1835.7,0
2020-07-11 02:46:59,3,49,21.8,94,10.6,1012.8,0,0,14,1835.7,0
2020-07-11 02:49:59,3,49,21.8,94,10.6,1012.8,0,0,12,1835.7,0
2020-07-11 02:52:59,3,49,21.8,94,10.5,1012.8,0,0,12,1835.7,0
2020-07-11 02:55:59,3,49,21.8,94,10.5,1012.9,0,0,14,1835.7,0
2020-07-11 02:58:59,3,49,21.8,94,10.4,1012.8,0,0,13,1835.7,0
2020-07-11 03:01:59,3,49,21.8,94,10.4,1012.8,0.3,0.7,12,1835.7,0
2020-07-11 03:04:59,3,49,21.8,94,10.4,1012.9,0.3,0.7,12,1835.7,0
2020-07-11 03:07:59,3,49,21.8,94,10.4,1013.1,0.3,0.7,12,1835.7,0
2020-07-11 03:10:59,3,49,21.7,94,10.3,1013.1,0,0.3,8,1835.7,0
2020-07-11 03:13:59,3,49,21.7,94,10.3,1013.0,0,0.3,10,1835.7,0
2020-07-11 03:16:59,3,49,21.7,94,10.3,1013.1,1.4,2.0,10,1835.7,0
2020-07-11 03:19:59,3,49,21.7,94,10.4,1013.1,0,0,12,1835.7,0
2020-07-11 03:22:59,3,49,21.7,94,10.3,1013.1,0.7,1.0,12,1835.7,0
2020-07-11 03:25:59,3,49,21.7,95,10.3,1013.1,0.7,1.0,10,1835.7,0
2020-07-11 03:28:59,3,49,21.7,95,10.3,1013.1,0,1.0,10,1835.7,0
2020-07-11 03:31:59,3,49,21.7,95,10.4,1013.1,0,0,12,1835.7,0
2020-07-11 03:34:59,3,49,21.7,95,10.4,1013.2,0.7,1.0,12,1835.7,0
2020-07-11 03:37:59,3,49,21.7,95,10.4,1013.2,0,0.3,14,1835.7,0
2020-07-11 03:40:59,3,49,21.7,95,10.5,1013.3,0.3,0.7,12,1835.7,0
2020-07-11 03:43:59,3,49,21.7,95,10.5,1013.2,0.7,1.4,10,1835.7,0
2020-07-11 03:46:59,3,49,21.6,95,10.6,1013.2,0.7,1.0,12,1835.7,0
2020-07-11 03:49:59,3,49,21.6,95,10.6,1013.3,1.0,1.4,10,1835.7,0
2020-07-11 03:52:59,3,49,21.6,95,10.7,1013.3,0.7,1.0,13,1835.7,0
2020-07-11 03:55:59,3,49,21.6,95,10.7,1013.3,0.7,1.0,12,1835.7,0
2020-07-11 03:58:59,3,49,21.6,95,10.8,1013.4,0.7,1.0,12,1835.7,0
2020-07-11 04:01:59,3,49,21.6,95,10.8,1013.4,1.0,1.4,12,1835.7,0
2020-07-11 04:04:59,3,49,21.6,95,10.8,1013.4,1.0,1.4,12,1835.7,0
2020-07-11 04:07:59,3,49,21.6,94,10.9,1013.6,0.7,1.0,10,1835.7,0
2020-07-11 04:10:59,3,49,21.5,94,11.0,1013.5,0.3,0.7,10,1835.7,0
2020-07-11 04:13:59,3,49,21.5,94,11.0,1013.5,0.7,1.0,12,1835.7,0
2020-07-11 04:16:59,3,49,21.5,93,11.0,1013.6,0.7,1.0,8,1835.7,0
2020-07-11 04:19:59,3,49,21.5,93,11.0,1013.6,1.0,1.4,12,1835.7,0
2020-07-11 04:22:59,3,49,21.5,92,11.0,1013.7,1.0,1.4,9,1835.7,0
2020-07-11 04:25:59,3,49,21.5,92,11.1,1013.6,0.3,1.0,10,1835.7,0
2020-07-11 04:28:59,3,49,21.5,92,11.1,1013.7,0.7,1.0,10,1835.7,0
2020-07-11 04:31:59,3,49,21.5,91,11.1,1013.7,0.7,1.0,10,1835.7,0
2020-07-11 04:34:59,3,49,21.5,91,11.2,1013.7,0.7,1.0,12,1835.7,0
2020-07-11 04:37:59,3,49,21.5,91,11.2,1013.9,1.4,1.7,12,1835.7,0
2020-07-11 04:40:59,3,49,21.5,90,11.2,1013.8,0,0.7,10,1835.7,0
2020-07-11 04:43:59,3,49,21.5,90,11.3,1013.8,0.7,1.0,12,1835.7,0
2020-07-11 04:46:59,3,49,21.4,90,11.4,1013.8,0.7,1.0,12,1835.7,0
2020-07-11 04:49:59,3,49,21.4,90,11.5,1013.8,1.7,2.0,10,1835.7,0
2020-07-11 04:52:59,3,49,21.4,89,11.6,1013.9,0.3,0.7,10,1835.7,0
2020-07-11 04:55:59,3,49,21.4,89,11.7,1014.0,1.0,1.4,12,1835.7,0
2020-07-11 04:58:59,3,49,21.4,88,11.8,1013.9,0.7,1.0,12,1835.7,0
2020-07-11 05:01:59,3,49,21.4,87,11.8,1013.9,0.7,1.0,12,1835.7,0
2020-07-11 05:04:59,3,49,21.4,87,11.8,1014.0,1.0,1.7,12,1835.7,0
2020-07-11 05:07:59,3,49,21.4,86,11.9,1014.0,1.4,1.7,12,1835.7,0
2020-07-11 05:10:59,3,49,21.5,86,11.9,1014.1,1.7,2.4,14,1835.7,0
2020-07-11 05:13:59,3,49,21.5,85,11.9,1014.1,1.0,1.4,12,1835.7,0
2020-07-11 05:16:59,3,49,21.6,85,12.0,1014.1,1.4,1.7,6,1835.7,0
2020-07-11 05:19:59,3,49,21.7,84,12.1,1014.1,1.0,1.7,10,1835.7,0
2020-07-11 05:22:59,3,49,21.7,84,12.1,1014.0,0.7,1.4,12,1835.7,0
2020-07-11 05:25:59,3,49,21.8,84,12.2,1014.1,1.7,2.0,12,1835.7,0
2020-07-11 05:28:59,3,49,21.9,83,12.2,1014.2,1.4,1.7,14,1835.7,0
2020-07-11 05:31:59,3,48,22.0,83,12.2,1014.3,1.0,1.4,12,1835.7,0
2020-07-11 05:34:59,3,48,22.1,83,12.3,1014.3,0,0.3,10,1835.7,0
2020-07-11 05:37:59,3,48,22.2,83,12.4,1014.3,1.0,1.4,12,1835.7,0
2020-07-11 05:40:59,3,48,22.2,80,12.5,1014.4,1.4,2.0,10,1835.7,0
2020-07-11 05:43:59,3,47,22.3,80,12.6,1014.3,1.0,1.4,10,1835.7,0
2020-07-11 05:46:59,3,47,22.5,79,12.7,1014.4,1.4,1.7,14,1835.7,0
2020-07-11 05:49:59,3,46,22.6,79,12.8,1014.5,1.7,2.0,12,1835.7,0
2020-07-11 05:52:59,3,46,22.6,78,12.8,1014.5,0.7,1.0,10,1835.7,0
2020-07-11 05:55:59,3,46,22.7,78,12.9,1014.5,0.3,0.7,12,1835.7,0
2020-07-11 05:58:59,3,45,22.7,77,13.0,1014.6,1.0,1.4,10,1835.7,0
2020-07-11 06:01:59,3,45,22.7,76,13.0,1014.6,0.7,1.0,11,1835.7,0
2020-07-11 06:04:59,3,45,22.9,76,13.0,1014.6,0.7,1.0,11,1835.7,0
2020-07-11 06:07:59,3,45,22.9,75,13.5,1014.6,1.7,2.0,10,1835.7,0
2020-07-11 06:10:59,3,44,23.0,74,13.9,1014.8,1.4,1.7,12,1835.7,0
2020-07-11 06:13:59,3,44,23.0,73,14.3,1014.8,1.0,1.7,10,1835.7,0
2020-07-11 06:16:59,3,43,23.0,72,14.6,1014.7,1.4,1.7,12,1835.7,0
2020-07-11 06:19:59,3,44,23.1,71,14.8,1014.8,1.4,1.7,14,1835.7,0
2020-07-11 06:22:59,3,44,23.1,71,15.0,1014.8,1.4,2.0,12,1835.7,0
2020-07-11 06:25:59,3,44,23.2,70,15.1,1014.8,1.4,1.7,12,1835.7,0
2020-07-11 06:28:59,3,44,23.3,70,15.3,1014.8,0.7,1.0,12,1835.7,0
2020-07-11 06:31:59,3,44,23.4,70,15.5,1014.8,1.0,1.7,10,1835.7,0
2020-07-11 06:34:59,3,44,23.4,68,15.8,1014.9,1.4,2.0,14,1835.7,0
2020-07-11 06:37:59,3,44,23.6,66,15.9,1015.0,2.0,2.7,12,1835.7,0
2020-07-11 06:40:59,3,45,23.6,66,15.9,1015.0,0,0.7,12,1835.7,0
2020-07-11 06:43:59,3,45,23.7,66,16.2,1015.1,0.3,1.0,12,1835.7,0
2020-07-11 06:46:59,3,44,23.7,66,16.5,1015.0,1.0,1.7,12,1835.7,0
2020-07-11 06:49:59,3,44,23.7,65,16.7,1015.2,1.4,1.7,12,1835.7,0
2020-07-11 06:52:59,3,44,23.8,62,16.6,1015.2,2.0,2.4,12,1835.7,0
2020-07-11 06:55:59,3,44,23.8,62,16.3,1015.2,1.7,2.4,12,1835.7,0
2020-07-11 06:58:59,3,44,23.8,63,16.3,1015.3,1.0,1.7,14,1835.7,0
2020-07-11 07:01:59,3,44,23.7,63,16.5,1015.2,2.0,3.4,12,1835.7,0
2020-07-11 07:04:59,3,44,23.7,62,16.3,1015.2,1.4,2.4,12,1835.7,0
2020-07-11 07:07:59,3,44,23.7,62,16.0,1015.2,1.4,2.4,12,1835.7,0
2020-07-11 07:10:59,3,44,23.6,63,15.8,1015.2,1.7,2.4,0,1835.7,0
2020-07-11 07:13:59,3,44,23.6,63,16.0,1015.3,1.7,2.7,12,1835.7,0
2020-07-11 07:16:59,3,44,23.6,62,16.4,1015.3,1.7,2.4,14,1835.7,0
2020-07-11 07:19:59,3,44,23.5,61,16.5,1015.2,2.0,2.7,12,1835.7,0
2020-07-11 07:22:59,3,44,23.4,60,16.4,1015.3,1.4,2.0,12,1835.7,0
2020-07-11 07:25:59,3,44,23.4,60,16.4,1015.3,1.7,2.4,13,1835.7,0
2020-07-11 07:28:59,3,44,23.4,61,16.4,1015.2,1.0,1.7,12,1835.7,0
2020-07-11 07:31:59,3,44,23.4,61,16.4,1015.3,1.4,2.0,14,1835.7,0
2020-07-11 07:34:59,3,44,23.3,62,16.6,1015.3,1.4,2.0,14,1835.7,0
2020-07-11 07:37:59,3,44,23.3,61,16.8,1015.3,1.4,2.0,14,1835.7,0
2020-07-11 07:40:59,3,44,23.1,61,17.0,1015.2,1.0,2.0,12,1835.7,0
2020-07-11 07:43:59,3,44,23.1,60,16.9,1015.3,2.4,3.4,10,1835.7,0
2020-07-11 07:46:59,3,44,23.1,61,16.6,1015.3,1.7,2.0,14,1835.7,0
2020-07-11 07:49:59,3,44,23.0,61,16.6,1015.4,1.4,2.0,12,1835.7,0
2020-07-11 07:52:59,3,44,23.0,62,17.0,1015.3,1.7,2.0,12,1835.7,0
2020-07-11 07:55:59,3,44,23.0,60,17.2,1015.4,2.0,2.7,14,1835.7,0
2020-07-11 07:58:59,3,45,22.9,60,17.2,1015.3,1.0,1.0,10,1835.7,0
2020-07-11 08:01:59,3,45,22.9,60,17.3,1015.3,2.0,2.7,12,1835.7,0
2020-07-11 08:04:59,3,45,22.8,60,17.3,1015.4,2.0,2.7,12,1835.7,0
2020-07-11 08:07:59,3,45,22.7,53,17.6,1015.4,2.0,2.7,10,1835.7,0
2020-07-11 08:10:59,3,45,22.7,55,17.6,1015.4,1.4,1.7,14,1835.7,0
2020-07-11 08:13:59,3,45,22.7,54,17.7,1015.4,1.4,1.7,10,1835.7,0
2020-07-11 08:16:59,3,46,22.7,59,17.4,1015.3,0.7,0.7,14,1835.7,0
2020-07-11 08:19:59,3,46,22.6,55,17.6,1015.2,1.4,2.4,10,1835.7,0
2020-07-11 08:22:59,3,46,22.6,51,17.7,1015.3,1.7,2.0,12,1835.7,0
2020-07-11 08:25:59,3,46,22.6,50,17.5,1015.3,2.7,3.1,14,1835.7,0
2020-07-11 08:28:59,3,46,22.6,54,17.4,1015.2,0.7,1.4,14,1835.7,0
2020-07-11 08:31:59,3,46,22.5,52,18.0,1015.2,0.3,0.7,12,1835.7,0
2020-07-11 08:34:59,3,46,22.5,50,18.3,1015.4,1.0,2.0,14,1835.7,0
2020-07-11 08:37:59,3,46,22.5,50,18.0,1015.2,1.4,2.0,14,1835.7,0
2020-07-11 08:40:59,3,46,22.4,51,17.5,1015.4,2.0,3.4,10,1835.7,0
2020-07-11 08:43:59,3,46,22.4,56,17.4,1015.3,1.7,2.7,12,1835.7,0
2020-07-11 08:46:59,3,46,22.3,52,17.8,1015.4,2.0,2.4,12,1835.7,0
2020-07-11 08:49:59,3,46,22.3,50,18.0,1015.4,1.4,3.1,12,1835.7,0
2020-07-11 08:52:59,3,46,22.3,50,18.2,1015.4,2.4,2.7,12,1835.7,0
2020-07-11 08:55:59,3,46,22.3,50,18.2,1015.4,2.0,2.7,14,1835.7,0
2020-07-11 08:58:59,3,46,22.3,51,18.3,1015.4,1.0,1.4,12,1835.7,0
2020-07-11 09:01:59,3,46,22.2,50,18.2,1015.5,1.7,2.4,12,1835.7,0
2020-07-11 09:04:59,3,46,22.2,50,17.9,1015.5,1.4,2.4,12,1835.7,0
2020-07-11 09:07:59,3,46,22.2,49,17.5,1015.4,3.1,4.1,12,1835.7,0
2020-07-11 09:10:59,3,46,22.2,51,17.5,1015.4,1.7,2.4,8,1835.7,0
2020-07-11 09:13:59,3,47,22.2,52,17.8,1015.6,0.7,1.0,0,1835.7,0
2020-07-11 09:16:59,3,47,22.2,50,18.2,1015.4,1.4,1.7,12,1835.7,0
2020-07-11 09:19:59,3,47,22.2,47,18.7,1015.6,2.7,3.4,14,1835.7,0
2020-07-11 09:22:59,3,47,22.1,46,18.8,1015.6,2.0,3.1,10,1835.7,0
2020-07-11 09:25:59,3,47,22.1,49,19.0,1015.5,1.4,2.0,12,1835.7,0
2020-07-11 09:28:59,3,47,22.1,46,18.9,1015.6,1.4,2.0,10,1835.7,0
2020-07-11 09:31:59,3,47,22.0,50,18.5,1015.5,1.0,1.4,12,1835.7,0
2020-07-11 09:34:59,3,47,22.0,49,18.1,1015.5,1.4,1.7,12,1835.7,0
2020-07-11 09:37:59,3,48,22.0,47,18.0,1015.5,1.4,2.0,12,1835.7,0
2020-07-11 09:40:59,3,48,22.0,48,18.2,1015.5,1.4,2.0,0,1835.7,0
2020-07-11 09:43:59,3,49,21.9,47,18.5,1015.5,1.7,2.4,14,1835.7,0
2020-07-11 09:46:59,3,49,21.9,47,18.6,1015.6,1.0,1.7,12,1835.7,0
2020-07-11 09:49:59,3,49,21.9,45,18.7,1015.6,2.4,2.7,12,1835.7,0
2020-07-11 09:52:59,3,49,21.9,45,19.1,1015.6,3.1,4.8,12,1835.7,0
2020-07-11 09:55:59,3,49,21.9,46,19.3,1015.6,1.0,1.4,12,1835.7,0
2020-07-11 09:58:59,3,49,21.9,45,19.2,1015.7,1.0,1.7,10,1835.7,0
2020-07-11 10:01:59,3,49,21.9,46,19.1,1015.6,1.4,1.7,10,1835.7,0
2020-07-11 10:04:59,3,49,21.9,46,19.1,1015.7,1.4,1.7,10,1835.7,0
2020-07-11 10:07:59,3,49,21.9,44,19.7,1015.7,2.0,3.1,12,1835.7,0
2020-07-11 10:10:59,3,49,21.9,45,19.8,1015.8,2.0,2.7,14,1835.7,0
2020-07-11 10:13:59,3,49,21.9,47,19.8,1015.9,2.0,3.4,10,1835.7,0
2020-07-11 10:16:59,3,50,21.8,45,19.8,1015.7,2.0,2.7,12,1835.7,0
2020-07-11 10:19:59,3,50,21.8,45,20.0,1015.6,1.4,1.7,10,1835.7,0
2020-07-11 10:22:59,3,50,21.8,43,19.9,1015.8,1.0,1.7,14,1835.7,0
2020-07-11 10:25:59,3,50,21.9,45,19.6,1015.8,1.4,2.0,13,1835.7,0
2020-07-11 10:28:59,3,50,21.8,45,19.5,1015.9,1.7,2.4,10,1835.7,0
2020-07-11 10:31:59,3,50,21.8,41,19.3,1015.8,1.7,2.7,12,1835.7,0
2020-07-11 10:34:59,3,50,21.8,42,19.3,1015.7,1.4,2.0,2,1835.7,0
2020-07-11 10:37:59,3,50,21.8,43,19.4,1015.7,2.0,2.7,12,1835.7,0
2020-07-11 10:40:59,3,50,21.8,43,19.6,1015.8,2.4,3.7,10,1835.7,0
2020-07-11 10:43:59,3,50,21.8,42,19.4,1015.8,2.0,3.4,14,1835.7,0
2020-07-11 10:46:59,3,50,21.8,43,19.1,1015.9,1.0,1.7,12,1835.7,0
2020-07-11 10:49:59,3,50,21.8,44,19.0,1015.9,1.7,2.4,14,1835.7,0
2020-07-11 10:52:59,3,50,21.8,44,19.0,1016.0,1.4,2.0,10,1835.7,0
2020-07-11 10:55:59,3,50,21.8,43,19.4,1015.9,2.0,2.7,12,1835.7,0
2020-07-11 10:58:59,3,50,21.8,43,19.5,1015.9,1.0,1.7,10,1835.7,0
2020-07-11 11:01:59,3,50,21.9,43,19.9,1016.0,2.0,2.7,14,1835.7,0
2020-07-11 11:04:59,3,50,21.9,43,20.0,1015.9,1.7,2.0,14,1835.7,0
2020-07-11 11:07:59,3,50,21.9,43,19.6,1015.9,3.7,5.1,12,1835.7,0
2020-07-11 11:10:59,3,50,21.9,44,19.5,1016.0,1.7,2.4,12,1835.7,0
2020-07-11 11:13:59,3,51,21.8,45,19.8,1015.9,1.4,1.7,12,1835.7,0
2020-07-11 11:16:59,3,51,21.8,44,20.4,1015.9,2.0,3.1,10,1835.7,0
2020-07-11 11:19:59,3,51,21.9,41,20.7,1015.9,1.0,1.7,10,1835.7,0
2020-07-11 11:22:59,3,51,21.9,42,21.2,1015.9,1.0,1.4,10,1835.7,0
2020-07-11 11:25:59,3,51,21.9,40,21.2,1015.9,3.1,4.1,12,1835.7,0
2020-07-11 11:28:59,3,51,21.9,41,20.6,1016.0,2.0,3.1,10,1835.7,0
2020-07-11 11:31:59,3,51,21.9,41,20.0,1016.0,1.0,2.4,12,1835.7,0
2020-07-11 11:34:59,3,51,21.9,42,19.7,1016.0,2.4,3.7,14,1835.7,0
2020-07-11 11:37:59,3,51,21.9,42,19.5,1016.1,1.4,2.0,12,1835.7,0
2020-07-11 11:40:59,3,51,21.9,42,19.4,1016.0,2.0,4.1,12,1835.7,0
2020-07-11 11:43:59,3,51,21.9,42,19.2,1016.1,1.4,2.4,14,1835.7,0
2020-07-11 11:46:59,3,51,21.9,42,19.3,1016.1,2.0,2.4,12,1835.7,0
2020-07-11 11:49:59,3,51,21.9,41,19.3,1016.1,2.0,2.7,12,1835.7,0
2020-07-11 11:52:59,3,51,21.9,42,19.4,1016.0,0.7,1.0,14,1835.7,0
2020-07-11 11:55:59,3,51,21.9,42,19.6,1016.1,0.7,1.4,12,1835.7,0
2020-07-11 11:58:59,3,51,21.9,43,19.7,1016.2,1.4,1.7,14,1835.7,0
2020-07-11 12:01:59,3,50,22.0,42,19.7,1016.1,2.0,2.4,14,1835.7,0
2020-07-11 12:04:59,3,50,22.1,42,19.7,1016.0,2.0,2.4,14,1835.7,0
2020-07-11 12:07:59,3,50,22.1,42,20.4,1016.0,2.7,4.8,10,1835.7,0
2020-07-11 12:10:59,3,50,22.1,41,20.3,1016.1,1.7,2.0,12,1835.7,0
2020-07-11 12:13:59,3,50,22.1,43,20.3,1016.2,0.3,0.7,12,1835.7,0
2020-07-11 12:16:59,3,50,22.1,42,20.2,1016.2,1.4,2.0,12,1835.7,0
2020-07-11 12:19:59,3,50,22.1,41,19.8,1016.2,1.0,1.4,12,1835.7,0
2020-07-11 12:22:59,3,50,22.1,43,19.5,1016.2,1.4,1.7,14,1835.7,0
2020-07-11 12:25:59,3,50,22.1,45,19.4,1016.3,1.4,1.7,13,1835.7,0
2020-07-11 12:28:59,3,50,22.1,44,19.2,1016.2,1.0,1.4,12,1835.7,0
2020-07-11 12:31:59,3,50,22.1,45,19.1,1016.3,0.3,0.7,12,1835.7,0
2020-07-11 12:34:59,3,50,22.1,45,19.1,1016.3,0.7,1.4,12,1835.7,0
2020-07-11 12:37:59,3,50,22.2,45,19.2,1016.3,2.4,3.1,0,1835.7,0
2020-07-11 12:40:59,3,50,22.2,45,19.3,1016.2,0.7,1.4,14,1835.7,0
2020-07-11 12:43:59,3,50,22.2,46,19.5,1016.3,1.0,1.4,12,1835.7,0
2020-07-11 12:46:59,3,50,22.2,44,19.6,1016.3,2.4,3.1,12,1835.7,0
2020-07-11 12:49:59,3,50,22.2,44,19.5,1016.2,1.4,2.0,12,1835.7,0
2020-07-11 12:52:59,3,49,22.2,44,19.5,1016.2,0.7,1.0,14,1835.7,0
2020-07-11 12:55:59,3,49,22.2,45,19.5,1016.2,0.7,1.0,12,1835.7,0
2020-07-11 12:58:59,3,49,22.2,46,19.6,1016.2,2.4,3.1,12,1835.7,0
2020-07-11 13:01:59,3,49,22.2,44,19.6,1016.3,2.0,2.7,12,1835.7,0
2020-07-11 13:04:59,3,49,22.2,45,19.6,1016.3,1.7,2.4,12,1835.7,0
2020-07-11 13:07:59,3,49,22.2,44,19.5,1016.3,1.0,1.4,12,1835.7,0
2020-07-11 13:10:59,3,49,22.2,44,19.8,1016.2,2.4,3.4,12,1835.7,0
2020-07-11 13:13:59,3,49,22.2,43,20.0,1016.2,2.4,4.1,12,1835.7,0
2020-07-11 13:16:59,3,49,22.2,42,20.0,1016.3,1.7,2.7,10,1835.7,0
2020-07-11 13:19:59,3,49,22.2,42,20.0,1016.3,1.4,2.0,14,1835.7,0
2020-07-11 13:22:59,3,49,22.2,43,19.8,1016.3,2.4,3.1,12,1835.7,0
2020-07-11 13:25:59,3,49,22.2,43,19.6,1016.3,1.7,2.7,12,1835.7,0
2020-07-11 13:28:59,3,49,22.2,46,19.5,1016.3,1.4,2.0,12,1835.7,0
2020-07-11 13:31:59,3,49,22.2,47,19.5,1016.5,1.0,1.4,13,1835.7,0
2020-07-11 13:34:59,3,49,22.2,45,19.5,1016.3,1.4,2.0,13,1835.7,0
2020-07-11 13:37:59,3,49,22.3,45,19.5,1016.4,0.7,1.0,10,1835.7,0
2020-07-11 13:40:59,3,49,22.3,45,19.5,1016.3,2.0,2.4,12,1835.7,0
2020-07-11 13:43:59,3,49,22.3,45,19.4,1016.4,1.4,2.0,10,1835.7,0
2020-07-11 13:46:59,3,49,22.3,44,19.4,1016.3,1.4,1.7,14,1835.7,0
2020-07-11 13:49:59,3,49,22.3,45,19.4,1016.4,1.4,1.7,8,1835.7,0
2020-07-11 13:52:59,3,49,22.3,46,19.4,1016.4,1.7,2.4,12,1835.7,0
2020-07-11 13:55:59,3,49,22.3,46,19.6,1016.3,1.4,1.7,12,1835.7,0
2020-07-11 13:58:59,3,49,22.3,46,20.0,1016.3,0.7,1.4,12,1835.7,0
2020-07-11 14:01:59,3,49,22.3,45,20.2,1016.2,1.0,1.4,11,1835.7,0
2020-07-11 14:04:59,3,49,22.3,45,20.2,1016.4,1.0,1.4,11,1835.7,0
2020-07-11 14:07:59,3,49,22.3,44,20.9,1016.2,1.0,1.7,14,1835.7,0
2020-07-11 14:10:59,3,49,22.3,41,21.2,1016.2,4.1,5.1,12,1835.7,0
2020-07-11 14:13:59,3,49,22.3,40,21.0,1016.3,2.4,3.1,12,1835.7,0
2020-07-11 14:16:59,3,49,22.3,41,20.8,1016.2,2.4,4.1,14,1835.7,0
2020-07-11 14:19:59,3,49,22.3,41,20.7,1016.2,1.0,1.7,0,1835.7,0
2020-07-11 14:22:59,3,49,22.3,40,21.1,1016.3,2.0,2.7,12,1835.7,0
2020-07-11 14:25:59,3,49,22.3,40,21.2,1016.2,1.7,2.7,14,1835.7,0
2020-07-11 14:28:59,3,49,22.3,40,21.6,1016.3,1.7,2.4,14,1835.7,0
2020-07-11 14:31:59,3,49,22.4,40,21.9,1016.2,2.0,2.4,12,1835.7,0
2020-07-11 14:34:59,3,49,22.4,40,22.0,1016.4,1.4,1.7,14,1835.7,0
2020-07-11 14:37:59,3,49,22.5,40,22.0,1016.2,2.0,2.7,14,1835.7,0
2020-07-11 14:40:59,3,49,22.5,40,22.0,1016.2,1.0,1.4,12,1835.7,0
2020-07-11 14:43:59,3,49,22.5,40,22.1,1016.2,1.7,2.4,8,1835.7,0
2020-07-11 14:46:59,3,49,22.5,38,22.2,1016.3,2.0,2.7,12,1835.7,0
2020-07-11 14:49:59,3,49,22.5,39,22.1,1016.2,1.7,2.4,12,1835.7,0
2020-07-11 14:52:59,3,49,22.5,40,22.1,1016.3,0.7,1.0,8,1835.7,0
2020-07-11 14:55:59,3,49,22.5,37,22.3,1016.3,1.7,2.4,15,1835.7,0
2020-07-11 14:58:59,3,49,22.6,37,22.2,1016.3,1.0,1.7,12,1835.7,0
2020-07-11 15:01:59,3,49,22.6,38,22.1,1016.2,2.0,2.7,14,1835.7,0
2020-07-11 15:04:59,3,49,22.6,39,21.8,1016.2,1.7,2.4,14,1835.7,0
2020-07-11 15:07:59,3,49,22.6,40,21.5,1016.3,1.4,2.0,12,1835.7,0
2020-07-11 15:10:59,3,49,22.6,40,21.2,1016.3,1.4,2.0,12,1835.7,0
2020-07-11 15:13:59,3,49,22.6,40,21.3,1016.2,1.7,2.0,12,1835.7,0
2020-07-11 15:16:59,3,49,22.6,39,21.3,1016.2,1.0,2.0,12,1835.7,0
2020-07-11 15:19:59,3,49,22.7,40,21.4,1016.2,1.0,1.4,10,1835.7,0
2020-07-11 15:22:59,3,49,22.7,40,21.6,1016.1,0.7,1.4,12,1835.7,0
2020-07-11 15:25:59,3,50,22.7,39,21.5,1016.2,1.4,1.7,0,1835.7,0
2020-07-11 15:28:59,3,51,22.7,40,21.7,1016.3,1.0,1.4,0,1835.7,0
2020-07-11 15:31:59,3,51,22.7,36,21.9,1016.3,1.4,1.7,14,1835.7,0
2020-07-11 15:34:59,3,51,22.7,37,22.2,1016.2,1.0,1.4,0,1835.7,0
2020-07-11 15:37:59,3,50,22.7,33,22.6,1016.4,1.4,2.0,12,1835.7,0
2020-07-11 15:40:59,3,50,22.9,33,22.8,1016.3,1.4,2.0,12,1835.7,0
2020-07-11 15:43:59,3,49,22.9,34,22.8,1016.4,0.7,1.4,8,1835.7,0
2020-07-11 15:46:59,3,48,23.0,32,22.5,1016.3,2.0,2.7,10,1835.7,0
2020-07-11 15:49:59,3,48,23.0,35,21.8,1016.4,2.4,3.4,9,1835.7,0
2020-07-11 15:52:59,3,48,23.0,38,21.0,1016.3,1.7,2.7,10,1835.7,0
2020-07-11 15:55:59,3,48,23.1,40,20.5,1016.3,1.7,2.4,14,1835.7,0
2020-07-11 15:58:59,3,47,23.1,41,20.2,1016.5,1.4,1.7,14,1835.7,0
2020-07-11 16:01:59,3,47,23.3,41,20.2,1016.6,1.7,3.1,1,1835.7,0
2020-07-11 16:04:59,3,46,23.4,41,20.2,1016.7,1.7,3.1,1,1835.7,0
2020-07-11 16:07:59,3,46,23.4,46,19.2,1016.7,2.0,3.7,0,1835.7,0
2020-07-11 16:10:59,3,46,23.5,48,19.0,1016.9,2.7,4.1,12,1835.7,0
2020-07-11 16:13:59,3,45,23.6,50,18.8,1016.7,1.4,2.7,14,1835.7,0
2020-07-11 16:16:59,3,46,23.6,50,18.6,1016.7,1.4,2.0,14,1835.7,0
2020-07-11 16:19:59,3,45,23.7,50,18.4,1016.8,2.4,3.4,14,1835.7,0
2020-07-11 16:22:59,3,44,23.8,51,18.1,1016.9,1.4,2.0,14,1835.7,0
2020-07-11 16:25:59,3,43,23.8,51,17.9,1016.9,2.4,3.4,13,1835.7,0
2020-07-11 16:28:59,3,42,24.0,52,17.7,1016.8,1.4,2.0,14,1835.7,0
2020-07-11 16:31:59,3,42,24.1,52,17.6,1016.9,0.7,1.0,12,1835.7,0
2020-07-11 16:34:59,3,42,24.1,52,17.5,1017.1,1.0,1.4,14,1835.7,0
2020-07-11 16:37:59,3,42,24.1,52,17.5,1017.2,1.7,1.7,14,1835.7,0
2020-07-11 16:40:59,3,42,24.2,55,17.4,1017.2,1.7,2.4,14,1835.7,0
2020-07-11 16:43:59,3,42,24.2,52,17.5,1017.1,1.4,1.7,12,1835.7,0
2020-07-11 16:46:59,3,42,24.3,52,18.1,1017.1,0.7,1.0,0,1835.7,0
2020-07-11 16:49:59,3,42,24.3,51,18.4,1017.1,1.0,1.4,12,1835.7,0
2020-07-11 16:52:59,3,42,24.3,50,18.6,1017.1,0.7,1.0,14,1835.7,0
2020-07-11 16:55:59,3,42,24.3,50,18.5,1017.2,0.3,1.0,12,1835.7,0
2020-07-11 16:58:59,3,42,24.3,50,18.4,1017.1,0.3,1.0,14,1835.7,0
2020-07-11 17:01:59,3,42,24.2,50,18.3,1017.2,0.7,1.0,13,1835.7,0
2020-07-11 17:04:59,3,41,24.2,50,18.4,1017.2,1.7,2.4,12,1835.7,0
2020-07-11 17:07:59,3,41,24.1,48,19.0,1017.2,1.4,1.7,12,1835.7,0
2020-07-11 17:10:59,3,41,24.1,47,19.5,1017.2,1.7,2.0,12,1835.7,0
2020-07-11 17:13:59,3,41,24.1,45,19.7,1017.2,1.4,2.0,12,1835.7,0
2020-07-11 17:16:59,3,41,24.1,45,19.9,1017.3,1.4,1.7,12,1835.7,0
2020-07-11 17:19:59,3,41,24.1,45,19.8,1017.3,0.3,0.7,12,1835.7,0
2020-07-11 17:22:59,3,41,24.1,45,19.7,1017.3,0.7,1.0,13,1835.7,0
2020-07-11 17:25:59,3,41,24.1,46,19.8,1017.4,0.3,0.7,10,1835.7,0
2020-07-11 17:28:59,3,41,24.1,47,19.9,1017.4,0,0.7,11,1835.7,0
2020-07-11 17:31:59,3,41,24.1,46,20.0,1017.4,2.0,2.0,14,1835.7,0
2020-07-11 17:34:59,3,41,24.1,43,19.5,1017.4,1.4,1.7,12,1835.7,0
2020-07-11 17:37:59,3,42,24.0,42,19.3,1017.3,1.7,2.4,14,1835.7,0
2020-07-11 17:40:59,3,42,24.0,43,19.0,1017.3,1.0,1.7,0,1835.7,0
2020-07-11 17:43:59,3,41,24.0,44,18.8,1017.4,1.0,1.4,12,1835.7,0
2020-07-11 17:46:59,3,41,24.0,44,18.6,1017.5,1.0,1.4,12,1835.7,0
2020-07-11 17:49:59,3,42,23.9,44,18.5,1017.6,0.7,1.0,12,1835.7,0
2020-07-11 17:52:59,3,42,23.8,46,18.4,1017.4,0,0.3,14,1835.7,0
2020-07-11 17:55:59,3,42,23.8,49,18.3,1017.5,0.7,1.0,12,1835.7,0
2020-07-11 17:58:59,3,42,23.8,50,18.2,1017.4,0,0.3,12,1835.7,0
2020-07-11 18:01:59,3,42,23.8,50,18.3,1017.4,0,0,12,1835.7,0
2020-07-11 18:04:59,3,42,23.8,50,18.3,1017.4,0,0,12,1835.7,0
2020-07-11 18:07:59,3,42,23.8,50,18.2,1017.4,0.3,0.7,14,1835.7,0
2020-07-11 18:10:59,3,42,23.8,51,18.2,1017.6,0.7,1.0,12,1835.7,0
2020-07-11 18:13:59,3,42,23.7,51,18.2,1017.4,0,0.3,14,1835.7,0
2020-07-11 18:16:59,3,42,23.7,51,18.2,1017.5,0.3,0.7,12,1835.7,0
2020-07-11 18:19:59,3,42,23.7,51,18.2,1017.5,0.3,0.7,12,1835.7,0
2020-07-11 18:22:59,3,42,23.7,50,18.2,1017.5,0.7,1.0,12,1835.7,0
2020-07-11 18:25:59,3,42,23.7,50,18.2,1017.5,1.0,1.4,14,1835.7,0
2020-07-11 18:28:59,3,42,23.7,51,18.1,1017.5,0.3,0.7,12,1835.7,0
2020-07-11 18:31:59,3,43,23.7,51,18.0,1017.6,0.7,1.0,14,1835.7,0
2020-07-11 18:34:59,3,43,23.7,51,18.0,1017.6,0.7,1.0,12,1835.7,0
2020-07-11 18:37:59,3,43,23.8,51,17.9,1017.5,0.7,1.0,14,1835.7,0
2020-07-11 18:40:59,3,44,23.9,51,17.8,1017.5,1.0,1.4,14,1835.7,0
2020-07-11 18:43:59,3,43,23.9,51,17.7,1017.6,0,0,0,1835.7,0
2020-07-11 18:46:59,3,43,23.9,52,17.6,1017.6,0.7,1.0,10,1835.7,0
2020-07-11 18:49:59,3,43,23.8,52,17.5,1017.6,1.0,1.7,14,1835.7,0
2020-07-11 18:52:59,3,43,23.8,52,17.5,1017.6,1.4,1.7,14,1835.7,0
2020-07-11 18:55:59,3,43,23.8,56,17.4,1017.6,0.3,0.7,12,1835.7,0
2020-07-11 18:58:59,3,43,23.8,56,17.3,1017.6,0.7,1.0,12,1835.7,0
2020-07-11 19:01:59,3,44,23.8,56,17.2,1017.6,0,0.3,14,1835.7,0
2020-07-11 19:04:59,3,44,23.8,56,17.1,1017.6,0,0,14,1835.7,0
2020-07-11 19:07:59,3,44,23.8,57,17.0,1017.6,0,0,14,1835.7,0
2020-07-11 19:10:59,3,44,23.8,57,16.8,1017.6,0,0,14,1835.7,0
2020-07-11 19:13:59,3,44,23.7,58,16.7,1017.7,0,0.3,14,1835.7,0
2020-07-11 19:16:59,3,44,23.7,59,16.5,1017.6,0,0,14,1835.7,0
2020-07-11 19:19:59,3,44,23.7,60,16.4,1017.7,0,0.3,14,1835.7,0
2020-07-11 19:22:59,3,44,23.7,60,16.2,1017.7,0,0,14,1835.7,0
2020-07-11 19:25:59,3,44,23.7,60,16.0,1017.6,0,0.3,14,1835.7,0
2020-07-11 19:28:59,3,44,23.7,61,15.8,1017.6,0,0,14,1835.7,0
2020-07-11 19:31:59,3,44,23.6,62,15.6,1017.5,0,0,14,1835.7,0
2020-07-11 19:34:59,3,44,23.6,62,15.4,1017.6,0,0,14,1835.7,0
2020-07-11 19:37:59,3,44,23.6,62,15.3,1017.7,0,0,14,1835.7,0
2020-07-11 19:40:59,3,44,23.6,63,15.1,1017.8,0,0,14,1835.7,0
2020-07-11 19:43:59,3,44,23.6,64,15.0,1017.8,0,0,14,1835.7,0
2020-07-11 19:46:59,3,44,23.6,64,14.8,1017.7,0,0.3,14,1835.7,0
2020-07-11 19:49:59,3,44,23.6,65,14.7,1017.7,0,0,0,1835.7,0
2020-07-11 19:52:59,3,44,23.6,66,14.5,1017.8,0,0,0,1835.7,0
2020-07-11 19:55:59,3,44,23.6,67,14.4,1017.7,0,0.3,0,1835.7,0
2020-07-11 19:58:59,3,44,23.5,67,14.2,1017.9,0,0.3,0,1835.7,0
2020-07-11 20:01:59,3,44,23.5,68,14.2,1017.7,0,0,0,1835.7,0
2020-07-11 20:04:59,3,44,23.5,68,14.2,1017.8,0,0,0,1835.7,0
2020-07-11 20:07:59,3,45,23.4,70,13.8,1017.9,0,0,0,1835.7,0
2020-07-11 20:10:59,3,45,23.4,70,13.7,1017.8,0,0.3,0,1835.7,0
2020-07-11 20:13:59,3,45,23.4,70,13.6,1017.8,0,0,0,1835.7,0
2020-07-11 20:16:59,3,45,23.4,70,13.5,1017.9,0,0,12,1835.7,0
2020-07-11 20:19:59,3,45,23.4,70,13.4,1018.0,0.3,0.3,12,1835.7,0
2020-07-11 20:22:59,3,45,23.4,71,13.3,1017.9,0,0,14,1835.7,0
2020-07-11 20:25:59,3,45,23.4,71,13.2,1017.9,0,0,14,1835.7,0
2020-07-11 20:28:59,3,45,23.4,71,13.1,1017.9,0,0,14,1835.7,0
2020-07-11 20:31:59,3,45,23.3,71,13.0,1018.0,0,0,14,1835.7,0
2020-07-11 20:34:59,3,45,23.3,72,12.9,1018.0,0,0,14,1835.7,0
2020-07-11 20:37:59,3,45,23.3,72,12.9,1018.0,0,0,14,1835.7,0
2020-07-11 20:40:59,3,45,23.3,73,12.8,1018.0,0,0,14,1835.7,0
2020-07-11 20:43:59,3,45,23.3,73,12.8,1018.0,0,0,14,1835.7,0
2020-07-11 20:46:59,3,46,23.3,73,12.8,1017.9,0,0,14,1835.7,0
2020-07-11 20:49:59,3,46,23.3,73,12.7,1018.0,0,0,0,1835.7,0
2020-07-11 20:52:59,3,46,23.3,74,12.7,1018.0,0,0,0,1835.7,0
2020-07-11 20:55:59,3,46,23.3,74,12.7,1018.1,0,0,14,1835.7,0
2020-07-11 20:58:59,3,46,23.2,75,12.7,1018.1,0,0,14,1835.7,0
2020-07-11 21:01:59,3,46,23.2,75,12.7,1018.1,0,0,14,1835.7,0
2020-07-11 21:04:59,3,46,23.2,75,12.7,1018.1,0,0,2,1835.7,0
2020-07-11 21:07:59,3,46,23.1,75,12.7,1018.0,0,0,2,1835.7,0
2020-07-11 21:10:59,3,46,23.1,75,12.7,1018.1,0,0,0,1835.7,0
2020-07-11 21:13:59,3,46,23.1,75,12.7,1018.1,0,0.3,14,1835.7,0
2020-07-11 21:16:59,3,46,23.1,75,12.8,1018.1,0.3,0.7,14,1835.7,0
2020-07-11 21:19:59,3,47,23.1,75,12.8,1018.1,0,0,14,1835.7,0
2020-07-11 21:22:59,3,46,23.1,75,12.8,1018.0,0,0.3,13,1835.7,0
2020-07-11 21:25:59,3,46,23.1,74,12.9,1018.2,0,0.7,14,1835.7,0
2020-07-11 21:28:59,3,46,23.1,74,13.0,1018.1,0,0,12,1835.7,0
2020-07-11 21:31:59,3,46,23.1,74,13.0,1018.1,0,0,12,1835.7,0
2020-07-11 21:34:59,3,46,23.1,74,12.9,1018.1,0,0,12,1835.7,0
2020-07-11 21:37:59,3,46,23.0,73,12.9,1018.2,0,0,12,1835.7,0
2020-07-11 21:40:59,3,46,23.0,74,12.8,1018.1,0.3,0.7,14,1835.7,0
2020-07-11 21:43:59,3,46,23.0,74,12.9,1018.2,0.3,0.7,14,1835.7,0
2020-07-11 21:46:59,3,46,23.0,73,13.0,1018.3,0,0,12,1835.7,0
2020-07-11 21:49:59,3,46,23.0,73,13.1,1018.1,0,0,12,1835.7,0
2020-07-11 21:52:59,3,46,23.0,73,13.1,1018.1,0,0,14,1835.7,0
2020-07-11 21:55:59,3,46,23.0,73,13.1,1018.2,0,0,14,1835.7,0
2020-07-11 21:58:59,3,46,23.0,73,13.1,1018.3,0,0,14,1835.7,0
2020-07-11 22:01:59,3,46,23.0,73,13.1,1018.4,0,0.3,14,1835.7,0
2020-07-11 22:04:59,3,46,23.0,73,13.1,1018.3,0,0.3,14,1835.7,0
2020-07-11 22:07:59,3,46,23.0,73,13.1,1018.2,0.3,0.7,14,1835.7,0
2020-07-11 22:10:59,3,46,23.0,73,13.1,1018.3,0,0.3,14,1835.7,0
2020-07-11 22:13:59,3,46,23.0,73,13.1,1018.3,0,0.3,12,1835.7,0
2020-07-11 22:16:59,3,48,22.9,73,13.0,1018.3,0,0.3,12,1835.7,0
2020-07-11 22:19:59,3,48,22.9,73,13.0,1018.4,0,0,12,1835.7,0
2020-07-11 22:22:59,3,48,22.9,73,12.9,1018.3,0,0,12,1835.7,0
2020-07-11 22:25:59,3,48,22.9,74,12.8,1018.4,0,0,8,1835.7,0
2020-07-11 22:28:59,3,48,22.9,74,12.7,1018.4,0,0,8,1835.7,0
2020-07-11 22:31:59,3,48,22.9,74,12.5,1018.4,0,0,12,1835.7,0
2020-07-11 22:34:59,3,48,22.9,77,12.4,1018.3,0,0,14,1835.7,0
2020-07-11 22:37:59,3,48,22.9,77,12.3,1018.3,0,0,14,1835.7,0
2020-07-11 22:40:59,3,48,22.9,78,12.1,1018.3,0,0,14,1835.7,0
2020-07-11 22:43:59,3,48,22.9,79,12.0,1018.4,0,0,10,1835.7,0
2020-07-11 22:46:59,3,48,22.8,79,11.9,1018.3,0,0,10,1835.7,0
2020-07-11 22:49:59,3,48,22.8,79,11.8,1018.3,0,0,10,1835.7,0
2020-07-11 22:52:59,3,48,22.8,80,11.7,1018.4,0,0,10,1835.7,0
2020-07-11 22:55:59,3,48,22.8,80,11.6,1018.4,0,0,10,1835.7,0
2020-07-11 22:58:59,3,48,22.8,80,11.5,1018.4,0,0,14,1835.7,0
2020-07-11 23:01:59,3,48,22.7,81,11.5,1018.3,0,0,14,1835.7,0
2020-07-11 23:04:59,3,48,22.7,81,11.5,1018.5,0,0,14,1835.7,0
2020-07-11 23:07:59,3,48,22.7,81,11.5,1018.4,0,0,14,1835.7,0
2020-07-11 23:10:59,3,48,22.7,82,11.4,1018.4,0,0,14,1835.7,0
2020-07-11 23:13:59,3,48,22.7,82,11.3,1018.4,0,0,14,1835.7,0
2020-07-11 23:16:59,3,48,22.7,82,11.2,1018.4,0,0,14,1835.7,0
2020-07-11 23:19:59,3,48,22.7,82,11.1,1018.4,0,0,14,1835.7,0
2020-07-11 23:22:59,3,48,22.7,82,11.0,1018.3,0,0,14,1835.7,0
2020-07-11 23:25:59,3,48,22.7,82,11.0,1018.3,0,0,14,1835.7,0
2020-07-11 23:28:59,3,48,22.7,83,10.9,1018.4,0,0,14,1835.7,0
2020-07-11 23:31:59,3,48,22.7,83,10.8,1018.4,0,0,14,1835.7,0
2020-07-11 23:34:59,3,48,22.7,83,10.8,1018.3,0,0,14,1835.7,0
2020-07-11 23:37:59,3,48,22.7,83,10.7,1018.3,0,0,14,1835.7,0
2020-07-11 23:40:59,3,48,22.6,83,10.7,1018.3,0,0,14,1835.7,0
2020-07-11 23:43:59,3,48,22.6,84,10.6,1018.3,0,0,10,1835.7,0
2020-07-11 23:46:59,3,48,22.6,84,10.6,1018.3,0,0,10,1835.7,0
2020-07-11 23:49:59,3,48,22.6,84,10.6,1018.4,0,0,10,1835.7,0
2020-07-11 23:52:59,3,48,22.6,85,10.6,1018.4,0,0,10,1835.7,0
2020-07-11 23:55:59,3,48,22.6,85,10.5,1018.3,0,0,10,1835.7,0
2020-07-11 23:58:59,3,48,22.6,85,10.5,1018.4,0,0,10,1835.7,0
