2019-09-06 00:01:00,3,43,23.0,75,12.0,1016.4,1.4,2.0,12,1428.3,0
2019-09-06 00:04:00,3,43,23.0,75,12.0,1016.4,1.4,2.0,12,1428.3,0
2019-09-06 00:07:00,3,43,23.0,75,12.0,1016.4,1.4,2.0,14,1428.3,0
2019-09-06 00:10:00,3,43,23.0,75,12.0,1016.4,1.0,1.7,12,1428.3,0
2019-09-06 00:13:00,3,43,23.0,75,11.9,1016.4,1.4,2.0,14,1428.3,0
2019-09-06 00:16:00,3,43,23.0,75,11.9,1016.4,1.0,1.4,12,1428.3,0
2019-09-06 00:19:00,3,43,23.0,75,11.8,1016.4,1.0,1.4,12,1428.3,0
2019-09-06 00:22:00,3,43,23.0,75,11.8,1016.4,0.7,1.4,13,1428.3,0
2019-09-06 00:25:00,3,44,22.9,75,11.8,1016.4,0.7,1.0,14,1428.3,0
2019-09-06 00:28:00,3,44,22.9,76,11.8,1016.4,1.0,1.7,12,1428.3,0
2019-09-06 00:31:00,3,43,23.0,76,11.8,1016.5,1.4,2.0,12,1428.3,0
2019-09-06 00:34:00,3,44,22.9,76,11.8,1016.6,0.3,1.0,12,1428.3,0
2019-09-06 00:37:00,3,44,22.9,76,11.7,1016.6,0.3,0.7,14,1428.3,0
2019-09-06 00:40:00,3,44,22.9,76,11.7,1016.6,0.7,1.4,14,1428.3,0
2019-09-06 00:43:00,3,44,22.9,76,11.6,1016.6,0,0.3,0,1428.3,0
2019-09-06 00:46:00,3,44,22.9,76,11.5,1016.7,0.3,0.7,12,1428.3,0
2019-09-06 00:49:00,3,44,22.9,77,11.5,1016.7,0.7,1.4,14,1428.3,0
2019-09-06 00:52:00,3,44,22.9,77,11.4,1016.7,0.3,0.7,14,1428.3,0
2019-09-06 00:55:00,3,44,22.9,77,11.4,1016.7,1.4,1.7,12,1428.3,0
2019-09-06 00:58:00,3,44,22.8,78,11.4,1016.8,1.4,2.0,12,1428.3,0
2019-09-06 01:01:00,3,44,22.8,78,11.4,1016.8,0.7,1.0,13,1428.3,0
2019-09-06 01:04:00,3,44,22.8,78,11.4,1016.9,0.7,1.0,0,1428.3,0
2019-09-06 01:07:00,3,44,22.8,78,11.3,1017.0,0.3,0.7,12,1428.3,0
2019-09-06 01:10:00,3,44,22.7,78,11.3,1017.0,0.3,0.7,14,1428.3,0
2019-09-06 01:13:00,3,44,22.7,78,11.3,1016.9,1.0,1.7,14,1428.3,0
2019-09-06 01:16:00,3,44,22.7,78,11.2,1016.9,0.3,0.7,12,1428.3,0
2019-09-06 01:19:00,3,44,22.7,78,11.2,1016.9,0.7,1.0,12,1428.3,0
2019-09-06 01:22:00,3,44,22.7,78,11.2,1016.8,0.3,0.7,0,1428.3,0
2019-09-06 01:25:00,3,44,22.7,78,11.1,1016.9,0.7,1.4,12,1428.3,0
2019-09-06 01:28:00,3,44,22.7,77,11.1,1016.9,1.0,1.4,14,1428.3,0
2019-09-06 01:31:00,3,44,22.7,77,11.1,1016.9,1.0,1.4,12,1428.3,0
2019-09-06 01:34:00,3,44,22.7,77,11.0,1016.8,1.7,2.0,14,1428.3,0
2019-09-06 01:37:00,3,44,22.7,77,11.0,1016.9,1.0,1.7,14,1428.3,0
2019-09-06 01:40:00,3,44,22.7,78,11.0,1017.0,0.7,1.4,14,1428.3,0
2019-09-06 01:43:00,3,44,22.7,78,11.0,1016.9,0.7,1.0,12,1428.3,0
2019-09-06 01:46:00,3,44,22.7,78,10.9,1017.0,0.3,0.7,14,1428.3,0
2019-09-06 01:49:00,3,44,22.6,78,10.9,1017.0,0,0.7,12,1428.3,0
2019-09-06 01:52:00,3,44,22.6,79,10.8,1017.0,0.3,0.7,0,1428.3,0
2019-09-06 01:55:00,3,44,22.6,79,10.7,1017.1,0.3,0.7,12,1428.3,0
2019-09-06 01:58:00,3,44,22.6,79,10.6,1017.1,0.3,0.7,12,1428.3,0
2019-09-06 02:01:00,3,44,22.6,79,10.5,1017.1,0.3,0.7,14,1428.3,0
2019-09-06 02:04:00,3,44,22.6,79,10.5,1017.1,0.3,0.7,14,1428.3,0
2019-09-06 02:07:00,3,44,22.6,80,10.4,1016.8,0.7,1.0,12,1428.3,0
2019-09-06 02:10:00,3,44,22.6,80,10.4,1017.0,0.3,1.0,12,1428.3,0
2019-09-06 02:13:00,3,44,22.6,80,10.4,1017.1,0,0.3,14,1428.3,0
2019-09-06 02:16:00,3,44,22.6,80,10.3,1017.0,0.7,1.0,12,1428.3,0
2019-09-06 02:19:00,3,44,22.6,80,10.3,1017.0,0,0.3,12,1428.3,0
2019-09-06 02:22:00,3,44,22.6,80,10.3,1017.0,1.4,2.0,12,1428.3,0
2019-09-06 02:25:00,3,44,22.5,81,10.2,1017.1,0.3,0.7,12,1428.3,0
2019-09-06 02:28:00,3,44,22.5,81,10.2,1017.1,0,0.3,14,1428.3,0
2019-09-06 02:31:00,3,44,22.5,81,10.1,1017.1,0.7,1.4,10,1428.3,0
2019-09-06 02:34:00,3,44,22.5,81,10.0,1017.0,0.7,1.0,12,1428.3,0
2019-09-06 02:37:00,3,44,22.5,81,10.0,1017.1,1.0,1.4,14,1428.3,0
2019-09-06 02:40:00,3,44,22.5,81,9.9,1017.1,0.3,1.0,12,1428.3,0
2019-09-06 02:43:00,3,44,22.5,82,9.9,1017.2,0.3,0.7,12,1428.3,0
2019-09-06 02:46:00,3,44,22.5,82,9.8,1017.2,0.3,0.7,10,1428.3,0
2019-09-06 02:49:00,3,44,22.4,82,9.7,1017.2,1.0,1.4,12,1428.3,0
2019-09-06 02:52:00,3,44,22.4,82,9.6,1017.2,0,0.3,12,1428.3,0
2019-09-06 02:55:00,3,44,22.4,82,9.5,1017.2,0,0.3,12,1428.3,0
2019-09-06 02:58:00,3,44,22.4,82,9.5,1017.2,0,0.3,12,1428.3,0
2019-09-06 03:01:00,3,44,22.3,82,9.4,1017.2,0.3,0.7,12,1428.3,0
2019-09-06 03:04:00,3,44,22.3,83,9.3,1017.4,0.3,0.7,12,1428.3,0
2019-09-06 03:07:00,3,44,22.3,83,9.3,1017.2,0,0.3,12,1428.3,0
2019-09-06 03:10:00,3,44,22.3,83,9.3,1017.4,0,0,12,1428.3,0
2019-09-06 03:13:00,3,44,22.3,83,9.2,1017.4,0,0,12,1428.3,0
2019-09-06 03:16:00,3,44,22.3,84,9.1,1017.3,0,0,12,1428.3,0
2019-09-06 03:19:00,3,44,22.3,84,9.1,1017.4,0,0,12,1428.3,0
2019-09-06 03:22:00,3,44,22.3,84,9.0,1017.3,0,0,14,1428.3,0
2019-09-06 03:25:00,3,44,22.3,84,9.0,1017.4,0,0.7,12,1428.3,0
2019-09-06 03:28:00,3,44,22.2,84,9.0,1017.3,0,0,12,1428.3,0
2019-09-06 03:31:00,3,43,22.2,85,9.0,1017.4,0,0,12,1428.3,0
2019-09-06 03:34:00,3,43,22.2,85,9.0,1017.4,0,0.3,12,1428.3,0
2019-09-06 03:37:00,3,43,22.2,85,8.9,1017.4,0,0,12,1428.3,0
2019-09-06 03:40:00,3,43,22.2,85,8.9,1017.4,0,0,12,1428.3,0
2019-09-06 03:43:00,3,43,22.2,85,8.8,1017.5,0,0,12,1428.3,0
2019-09-06 03:46:00,3,43,22.2,85,8.7,1017.3,0,0.3,0,1428.3,0
2019-09-06 03:49:00,3,42,22.2,85,8.7,1017.5,0,0.7,15,1428.3,0
2019-09-06 03:52:00,3,42,22.2,86,8.7,1017.6,0,0,14,1428.3,0
2019-09-06 03:55:00,3,42,22.2,86,8.7,1017.6,0,0,12,1428.3,0
2019-09-06 03:58:00,3,42,22.1,86,8.7,1017.6,0,0,12,1428.3,0
2019-09-06 04:01:00,3,42,22.1,86,8.6,1017.6,0,0,12,1428.3,0
2019-09-06 04:04:00,3,42,22.1,86,8.6,1017.6,0,0,12,1428.3,0
2019-09-06 04:07:00,3,42,22.1,87,8.5,1017.6,0,0,12,1428.3,0
2019-09-06 04:10:00,3,42,22.1,87,8.5,1017.6,0,0,12,1428.3,0
2019-09-06 04:13:00,3,42,22.0,87,8.5,1017.6,0,0,12,1428.3,0
2019-09-06 04:16:00,3,41,22.0,87,8.4,1017.6,0.3,0.7,12,1428.3,0
2019-09-06 04:19:00,3,41,22.0,87,8.5,1017.6,0,0,0,1428.3,0
2019-09-06 04:22:00,3,42,21.9,88,8.5,1017.7,0,0,10,1428.3,0
2019-09-06 04:25:00,3,42,21.9,88,8.4,1017.7,0,0,12,1428.3,0
2019-09-06 04:28:00,3,42,21.9,88,8.4,1017.7,0,0,14,1428.3,0
2019-09-06 04:31:00,3,42,21.9,88,8.4,1017.7,0,0,14,1428.3,0
2019-09-06 04:34:00,3,42,21.9,88,8.4,1017.8,0,0,14,1428.3,0
2019-09-06 04:37:00,3,42,21.9,88,8.4,1017.8,0,0,12,1428.3,0
2019-09-06 04:40:00,3,42,21.9,88,8.3,1017.7,0,0,0,1428.3,0
2019-09-06 04:43:00,3,41,21.9,88,8.3,1017.7,0,0,0,1428.3,0
2019-09-06 04:46:00,3,41,21.8,89,8.3,1017.8,0,0,14,1428.3,0
2019-09-06 04:49:00,3,41,21.8,89,8.4,1017.7,0,0,14,1428.3,0
2019-09-06 04:52:00,3,41,21.8,89,8.4,1017.8,0,0,12,1428.3,0
2019-09-06 04:55:00,3,41,21.8,89,8.5,1017.8,0,0,14,1428.3,0
2019-09-06 04:58:00,3,42,21.8,90,8.5,1017.8,0,0,12,1428.3,0
2019-09-06 05:01:00,3,41,21.8,90,8.5,1017.9,0,0.3,10,1428.3,0
2019-09-06 05:04:00,3,41,21.8,90,8.6,1017.9,0,0.3,12,1428.3,0
2019-09-06 05:07:00,3,41,21.8,90,8.7,1017.9,0,0,12,1428.3,0
2019-09-06 05:10:00,3,41,21.8,90,8.7,1017.9,0,0,12,1428.3,0
2019-09-06 05:13:00,3,41,21.7,90,8.8,1018.0,0,0,12,1428.3,0
2019-09-06 05:16:00,3,41,21.7,90,8.8,1018.0,0,0,12,1428.3,0
2019-09-06 05:19:00,3,42,21.7,90,8.9,1018.1,0,0,12,1428.3,0
2019-09-06 05:22:00,3,42,21.8,90,9.0,1018.0,0,0,12,1428.3,0
2019-09-06 05:25:00,3,42,21.9,90,9.0,1018.1,0,0,12,1428.3,0
2019-09-06 05:28:00,3,41,22.0,90,9.1,1018.1,0,0,12,1428.3,0
2019-09-06 05:31:00,3,41,22.1,90,9.2,1018.1,0,0,12,1428.3,0
2019-09-06 05:34:00,3,41,22.2,90,9.3,1018.1,0,0,10,1428.3,0
2019-09-06 05:37:00,3,41,22.3,90,9.4,1018.2,0,0,12,1428.3,0
2019-09-06 05:40:00,3,40,22.5,90,9.5,1018.2,0,0,12,1428.3,0
2019-09-06 05:43:00,3,40,22.5,90,9.6,1018.3,0,0.3,12,1428.3,0
2019-09-06 05:46:00,3,40,22.6,90,9.7,1018.2,0,0.7,12,1428.3,0
2019-09-06 05:49:00,3,40,22.7,89,9.9,1018.3,0,0.3,2,1428.3,0
2019-09-06 05:52:00,3,40,22.7,89,10.0,1018.3,0.3,0.7,10,1428.3,0
2019-09-06 05:55:00,3,40,22.8,88,10.2,1018.4,0.3,0.7,10,1428.3,0
2019-09-06 05:58:00,3,40,22.9,88,10.5,1018.4,0.3,0.7,12,1428.3,0
2019-09-06 06:01:00,3,40,23.0,86,11.0,1018.5,1.4,2.0,10,1428.3,0
2019-09-06 06:04:00,3,40,23.0,86,11.0,1018.5,1.4,2.0,10,1428.3,0
2019-09-06 06:07:00,3,40,23.0,86,11.0,1018.5,1.4,2.0,10,1428.3,0
2019-09-06 06:10:00,3,40,23.1,81,12.2,1018.5,0.7,1.4,14,1428.3,0
2019-09-06 06:13:00,3,39,23.1,76,12.5,1018.5,0.3,0.7,8,1428.3,0
2019-09-06 06:16:00,3,39,23.3,74,12.8,1018.4,0.3,0.7,14,1428.3,0
2019-09-06 06:19:00,3,40,23.3,74,12.8,1018.5,0.3,0.7,14,1428.3,0
2019-09-06 06:22:00,3,40,23.4,73,13.2,1018.5,0,0,11,1428.3,0
2019-09-06 06:25:00,3,39,23.6,72,13.5,1018.6,0.3,0.7,12,1428.3,0
2019-09-06 06:28:00,3,39,23.6,71,13.8,1018.5,0.3,0.7,10,1428.3,0
2019-09-06 06:31:00,3,39,23.7,70,14.0,1018.6,0.3,0.7,10,1428.3,0
2019-09-06 06:34:00,3,39,23.8,70,13.9,1018.6,1.0,1.4,6,1428.3,0
2019-09-06 06:37:00,3,38,23.8,69,13.8,1018.6,1.4,2.0,10,1428.3,0
2019-09-06 06:40:00,3,38,24.0,68,13.8,1018.7,0.3,0.7,12,1428.3,0
2019-09-06 06:43:00,3,38,24.0,68,13.9,1018.8,0.7,1.0,12,1428.3,0
2019-09-06 06:46:00,3,37,24.1,68,14.0,1018.8,0.3,0.7,10,1428.3,0
2019-09-06 06:49:00,3,37,24.2,68,14.3,1019.0,0.7,1.7,11,1428.3,0
2019-09-06 06:52:00,3,37,24.3,67,14.1,1018.9,1.4,1.7,12,1428.3,0
2019-09-06 06:55:00,3,37,24.3,67,14.2,1018.9,1.0,1.4,9,1428.3,0
2019-09-06 06:58:00,3,37,24.4,67,14.3,1018.9,0.7,1.4,10,1428.3,0
2019-09-06 07:01:00,3,37,24.4,66,14.5,1018.9,0.7,1.0,10,1428.3,0
2019-09-06 07:04:00,3,36,24.4,66,14.7,1019.0,0.3,1.0,12,1428.3,0
2019-09-06 07:07:00,3,36,24.4,66,14.9,1019.0,0.7,1.0,10,1428.3,0
2019-09-06 07:10:00,3,36,24.5,65,15.0,1019.0,1.7,3.1,12,1428.3,0
2019-09-06 07:13:00,3,36,24.6,64,14.9,1019.0,1.0,1.4,14,1428.3,0
2019-09-06 07:16:00,3,36,24.6,64,14.8,1019.1,0.7,1.0,12,1428.3,0
2019-09-06 07:19:00,3,36,24.6,65,15.0,1019.1,1.0,1.4,10,1428.3,0
2019-09-06 07:22:00,3,36,24.6,64,15.0,1019.1,1.4,1.7,10,1428.3,0
2019-09-06 07:25:00,3,36,24.7,64,14.8,1019.1,1.7,2.7,12,1428.3,0
2019-09-06 07:28:00,3,36,24.7,64,14.9,1019.1,1.0,1.4,10,1428.3,0
2019-09-06 07:31:00,3,36,24.7,64,15.1,1019.1,1.4,1.7,12,1428.3,0
2019-09-06 07:34:00,3,36,24.7,64,15.1,1019.1,0.7,1.4,10,1428.3,0
2019-09-06 07:37:00,3,36,24.7,64,15.3,1019.2,0.7,1.0,10,1428.3,0
2019-09-06 07:40:00,3,36,24.7,63,15.7,1019.2,0.7,1.4,8,1428.3,0
2019-09-06 07:43:00,3,36,24.7,63,15.9,1019.1,0.7,1.4,12,1428.3,0
2019-09-06 07:46:00,3,37,24.7,62,16.0,1019.2,0.7,1.0,12,1428.3,0
2019-09-06 07:49:00,3,38,24.7,62,16.1,1019.1,1.0,1.7,12,1428.3,0
2019-09-06 07:52:00,3,36,25.0,61,16.2,1019.2,1.4,1.7,12,1428.3,0
2019-09-06 07:55:00,3,37,24.8,61,16.1,1019.1,1.7,2.0,8,1428.3,0
2019-09-06 07:58:00,3,36,24.8,61,16.0,1019.1,1.0,1.4,10,1428.3,0
2019-09-06 08:01:00,3,36,24.7,61,16.1,1019.1,1.7,2.4,10,1428.3,0
2019-09-06 08:04:00,3,36,24.5,61,16.1,1019.1,1.7,2.4,10,1428.3,0
2019-09-06 08:07:00,3,37,24.4,60,16.7,1019.1,1.4,1.7,10,1428.3,0
2019-09-06 08:10:00,3,37,24.3,60,16.7,1019.1,0.7,1.0,10,1428.3,0
2019-09-06 08:13:00,3,37,24.1,59,16.4,1019.0,2.0,2.4,12,1428.3,0
2019-09-06 08:16:00,3,37,24.1,60,16.2,1019.0,1.0,1.4,9,1428.3,0
2019-09-06 08:19:00,3,37,24.0,61,16.5,1019.0,0.7,1.0,10,1428.3,0
2019-09-06 08:22:00,3,38,23.9,60,16.9,1018.9,1.4,2.0,10,1428.3,0
2019-09-06 08:25:00,3,39,23.8,59,17.1,1019.0,2.0,2.4,9,1428.3,0
2019-09-06 08:28:00,3,39,23.7,58,16.8,1018.9,2.0,2.4,10,1428.3,0
2019-09-06 08:31:00,3,39,23.7,58,16.6,1018.8,1.0,1.4,12,1428.3,0
2019-09-06 08:34:00,3,39,23.6,58,16.7,1018.8,1.7,2.4,10,1428.3,0
2019-09-06 08:37:00,3,39,23.6,59,16.8,1018.8,0.7,1.0,12,1428.3,0
2019-09-06 08:40:00,3,39,23.5,57,17.1,1018.7,2.4,2.7,14,1428.3,0
2019-09-06 08:43:00,3,39,23.5,57,16.9,1018.7,1.7,2.0,14,1428.3,0
2019-09-06 08:46:00,3,40,23.4,58,16.9,1018.7,1.4,1.7,12,1428.3,0
2019-09-06 08:49:00,3,40,23.4,58,17.0,1018.6,2.0,3.1,12,1428.3,0
2019-09-06 08:52:00,3,40,23.4,55,17.2,1018.6,1.4,2.0,12,1428.3,0
2019-09-06 08:55:00,3,40,23.3,56,17.3,1018.6,1.0,1.4,11,1428.3,0
2019-09-06 08:58:00,3,40,23.3,52,17.6,1018.6,1.7,2.7,12,1428.3,0
2019-09-06 09:01:00,3,40,23.2,50,17.8,1018.6,1.4,1.7,10,1428.3,0
2019-09-06 09:04:00,3,40,23.1,49,17.9,1018.5,1.4,2.4,11,1428.3,0
2019-09-06 09:07:00,3,40,23.1,49,17.9,1018.5,0.7,1.0,10,1428.3,0
2019-09-06 09:10:00,3,40,23.1,48,17.9,1018.5,1.0,1.7,13,1428.3,0
2019-09-06 09:13:00,3,40,23.1,49,18.0,1018.5,0.7,1.0,14,1428.3,0
2019-09-06 09:16:00,3,41,23.0,46,17.6,1018.6,2.4,3.1,12,1428.3,0
2019-09-06 09:19:00,3,41,23.0,47,17.5,1018.5,1.0,1.0,2,1428.3,0
2019-09-06 09:22:00,3,41,23.0,48,17.8,1018.5,1.0,1.4,12,1428.3,0
2019-09-06 09:25:00,3,41,23.0,45,18.1,1018.5,1.4,1.7,12,1428.3,0
2019-09-06 09:28:00,3,41,22.9,44,18.2,1018.5,1.7,2.4,14,1428.3,0
2019-09-06 09:31:00,3,41,22.9,45,18.1,1018.4,1.7,2.4,12,1428.3,0
2019-09-06 09:34:00,3,41,22.9,46,18.1,1018.5,1.7,2.7,8,1428.3,0
2019-09-06 09:37:00,3,41,22.9,48,18.5,1018.4,0.3,0.7,5,1428.3,0
2019-09-06 09:40:00,3,41,22.9,46,19.0,1018.4,0.3,1.0,8,1428.3,0
2019-09-06 09:43:00,3,41,22.8,44,19.4,1018.2,0.7,1.4,10,1428.3,0
2019-09-06 09:46:00,3,41,22.8,42,19.0,1018.2,2.0,2.7,12,1428.3,0
2019-09-06 09:49:00,3,41,22.7,42,18.5,1018.3,1.0,1.4,14,1428.3,0
2019-09-06 09:52:00,3,41,22.7,42,18.0,1018.3,1.0,1.4,10,1428.3,0
2019-09-06 09:55:00,3,41,22.7,44,17.8,1018.2,1.0,1.7,14,1428.3,0
2019-09-06 09:58:00,3,41,22.7,43,17.8,1018.1,2.4,3.7,12,1428.3,0
2019-09-06 10:01:00,3,41,22.7,43,17.9,1018.2,1.4,1.7,8,1428.3,0
2019-09-06 10:04:00,3,41,22.7,43,17.9,1018.2,1.4,1.7,8,1428.3,0
2019-09-06 10:07:00,3,41,22.7,44,18.4,1018.1,1.7,2.0,8,1428.3,0
2019-09-06 10:10:00,3,42,22.6,43,18.1,1018.1,0,0.7,8,1428.3,0
2019-09-06 10:13:00,3,42,22.6,42,18.2,1018.1,3.1,3.7,12,1428.3,0
2019-09-06 10:16:00,3,42,22.6,41,18.3,1018.1,2.7,3.4,12,1428.3,0
2019-09-06 10:19:00,3,42,22.6,41,18.4,1018.1,2.4,3.7,10,1428.3,0
2019-09-06 10:22:00,3,42,22.6,40,18.3,1018.0,0.7,1.0,12,1428.3,0
2019-09-06 10:25:00,3,42,22.6,40,18.2,1018.0,2.0,2.4,11,1428.3,0
2019-09-06 10:28:00,3,42,22.6,40,18.3,1017.9,2.0,2.7,12,1428.3,0
2019-09-06 10:31:00,3,42,22.6,40,18.5,1017.8,1.0,1.7,8,1428.3,0
2019-09-06 10:34:00,3,42,22.6,41,19.0,1017.8,0.7,1.0,12,1428.3,0
2019-09-06 10:37:00,3,42,22.6,40,19.1,1017.8,2.0,2.4,12,1428.3,0
2019-09-06 10:40:00,3,42,22.6,41,19.3,1017.7,1.0,2.4,10,1428.3,0
2019-09-06 10:43:00,3,42,22.6,40,19.5,1017.7,1.4,1.7,10,1428.3,0
2019-09-06 10:46:00,3,42,22.6,40,19.3,1017.7,1.0,1.4,12,1428.3,0
2019-09-06 10:49:00,3,42,22.5,39,19.0,1017.6,3.7,4.4,12,1428.3,0
2019-09-06 10:52:00,3,42,22.6,35,18.6,1017.6,1.7,2.4,8,1428.3,0
2019-09-06 10:55:00,3,42,22.5,35,18.4,1017.6,1.4,1.7,12,1428.3,0
2019-09-06 10:58:00,3,42,22.5,37,18.3,1017.6,0.3,0.7,4,1428.3,0
2019-09-06 11:01:00,3,42,22.5,40,18.3,1017.5,0.7,1.0,10,1428.3,0
2019-09-06 11:04:00,3,42,22.5,41,19.0,1017.4,1.0,1.4,8,1428.3,0
2019-09-06 11:07:00,3,42,22.5,40,19.6,1017.4,1.4,2.0,14,1428.3,0
2019-09-06 11:10:00,3,43,22.5,40,19.7,1017.4,1.0,1.4,10,1428.3,0
2019-09-06 11:13:00,3,43,22.5,38,19.9,1017.4,1.4,1.7,12,1428.3,0
2019-09-06 11:16:00,3,43,22.5,37,19.6,1017.3,1.4,1.7,14,1428.3,0
2019-09-06 11:19:00,3,43,22.5,40,19.6,1017.4,2.0,2.7,14,1428.3,0
2019-09-06 11:22:00,3,43,22.5,39,19.4,1017.3,1.7,2.0,12,1428.3,0
2019-09-06 11:25:00,3,43,22.5,40,19.7,1017.2,2.0,2.4,10,1428.3,0
2019-09-06 11:28:00,3,43,22.5,39,20.0,1017.2,1.0,1.4,10,1428.3,0
2019-09-06 11:31:00,3,43,22.5,38,20.2,1017.3,1.4,1.7,8,1428.3,0
2019-09-06 11:34:00,3,43,22.5,37,20.6,1017.3,1.0,1.4,8,1428.3,0
2019-09-06 11:37:00,3,44,22.5,35,20.5,1017.2,1.0,2.0,14,1428.3,0
2019-09-06 11:40:00,3,44,22.5,35,20.3,1017.2,1.7,2.7,10,1428.3,0
2019-09-06 11:43:00,3,44,22.5,35,20.0,1017.2,1.7,2.7,9,1428.3,0
2019-09-06 11:46:00,3,44,22.5,36,19.4,1017.1,2.4,3.4,14,1428.3,0
2019-09-06 11:49:00,3,44,22.5,38,19.4,1017.0,1.4,2.0,14,1428.3,0
2019-09-06 11:52:00,3,44,22.5,36,19.4,1017.0,1.4,2.0,14,1428.3,0
2019-09-06 11:55:00,3,44,22.5,37,19.6,1017.1,1.7,2.7,6,1428.3,0
2019-09-06 11:58:00,3,44,22.5,35,19.9,1017.0,1.4,2.7,10,1428.3,0
2019-09-06 12:01:00,3,44,22.5,36,20.0,1017.0,0.7,1.4,6,1428.3,0
2019-09-06 12:04:00,3,44,22.5,36,20.0,1016.9,0.7,1.4,6,1428.3,0
2019-09-06 12:07:00,3,45,22.5,35,19.7,1016.8,1.7,2.7,12,1428.3,0
2019-09-06 12:10:00,3,45,22.5,38,19.7,1016.8,0.7,1.0,2,1428.3,0
2019-09-06 12:13:00,3,45,22.5,35,20.1,1016.8,1.7,2.0,10,1428.3,0
2019-09-06 12:16:00,3,45,22.5,35,20.2,1016.9,1.4,2.0,10,1428.3,0
2019-09-06 12:19:00,3,45,22.5,34,20.1,1016.8,1.0,1.7,8,1428.3,0
2019-09-06 12:22:00,3,45,22.6,37,20.1,1016.7,0,0.3,14,1428.3,0
2019-09-06 12:25:00,3,45,22.6,35,20.4,1016.7,1.0,1.4,8,1428.3,0
2019-09-06 12:28:00,3,45,22.6,36,20.6,1016.6,1.7,3.1,10,1428.3,0
2019-09-06 12:31:00,3,46,22.6,35,20.5,1016.6,1.4,2.0,12,1428.3,0
2019-09-06 12:34:00,3,46,22.6,35,20.6,1016.4,1.4,2.0,10,1428.3,0
2019-09-06 12:37:00,3,46,22.6,35,20.7,1016.4,0.7,1.0,10,1428.3,0
2019-09-06 12:40:00,3,46,22.6,34,20.7,1016.3,1.0,1.7,6,1428.3,0
2019-09-06 12:43:00,3,46,22.6,34,20.9,1016.4,1.4,1.7,12,1428.3,0
2019-09-06 12:46:00,3,46,22.6,34,20.6,1016.3,1.4,2.0,10,1428.3,0
2019-09-06 12:49:00,3,46,22.6,33,20.5,1016.4,0.7,1.4,2,1428.3,0
2019-09-06 12:52:00,3,47,22.7,34,20.6,1016.3,2.4,3.1,12,1428.3,0
2019-09-06 12:55:00,3,47,22.7,33,20.5,1016.2,1.4,2.0,12,1428.3,0
2019-09-06 12:58:00,3,47,22.9,33,20.3,1016.3,2.0,3.1,8,1428.3,0
2019-09-06 13:01:00,3,45,23.0,33,20.3,1016.3,1.0,1.4,12,1428.3,0
2019-09-06 13:04:00,3,45,23.1,34,20.4,1016.3,1.7,2.0,12,1428.3,0
2019-09-06 13:07:00,3,44,23.2,33,20.3,1016.2,1.4,2.0,8,1428.3,0
2019-09-06 13:10:00,3,44,23.3,34,20.6,1016.3,1.0,1.7,10,1428.3,0
2019-09-06 13:13:00,3,44,23.4,33,20.9,1016.1,1.0,1.4,8,1428.3,0
2019-09-06 13:16:00,3,44,23.5,32,20.8,1016.2,1.4,1.7,8,1428.3,0
2019-09-06 13:19:00,3,44,23.6,33,20.7,1016.3,1.7,2.4,8,1428.3,0
2019-09-06 13:22:00,3,44,23.6,33,20.6,1016.1,1.7,2.0,8,1428.3,0
2019-09-06 13:25:00,3,43,23.7,33,20.6,1016.1,2.0,2.4,10,1428.3,0
2019-09-06 13:28:00,3,43,23.7,33,20.6,1016.1,1.4,2.0,6,1428.3,0
2019-09-06 13:31:00,3,43,23.8,32,20.7,1016.0,0.7,1.4,14,1428.3,0
2019-09-06 13:34:00,3,43,23.8,32,20.9,1016.0,0.7,1.0,0,1428.3,0
2019-09-06 13:37:00,3,43,23.9,32,21.0,1016.0,1.4,2.0,12,1428.3,0
2019-09-06 13:40:00,3,42,24.0,33,21.2,1016.0,1.0,1.4,12,1428.3,0
2019-09-06 13:43:00,3,41,24.0,32,21.3,1015.9,1.0,1.7,12,1428.3,0
2019-09-06 13:46:00,3,41,24.1,33,21.3,1016.0,1.0,1.4,10,1428.3,0
2019-09-06 13:49:00,3,41,24.1,33,21.3,1015.9,1.7,2.4,12,1428.3,0
2019-09-06 13:52:00,3,40,24.2,33,21.0,1015.9,1.4,1.7,12,1428.3,0
2019-09-06 13:55:00,3,40,24.3,32,20.9,1015.8,0.7,1.0,12,1428.3,0
2019-09-06 13:58:00,3,39,24.3,33,21.1,1015.9,1.0,1.4,12,1428.3,0
2019-09-06 14:01:00,3,38,24.4,32,21.3,1015.9,1.0,1.7,10,1428.3,0
2019-09-06 14:04:00,3,38,24.4,32,21.3,1015.9,1.0,1.7,10,1428.3,0
2019-09-06 14:07:00,3,37,24.4,32,20.9,1015.8,1.4,2.0,12,1428.3,0
2019-09-06 14:10:00,3,37,24.5,33,20.9,1015.8,2.0,3.1,12,1428.3,0
2019-09-06 14:13:00,3,36,24.6,32,20.9,1015.8,1.7,2.4,12,1428.3,0
2019-09-06 14:16:00,3,36,24.6,32,21.0,1015.8,2.0,2.7,12,1428.3,0
2019-09-06 14:19:00,3,36,24.7,31,20.9,1015.8,2.0,2.7,12,1428.3,0
2019-09-06 14:22:00,3,36,24.7,31,20.9,1015.7,2.0,2.4,12,1428.3,0
2019-09-06 14:25:00,3,35,24.7,32,20.9,1015.7,1.0,1.4,10,1428.3,0
2019-09-06 14:28:00,3,35,24.7,33,21.1,1015.6,1.7,2.4,8,1428.3,0
2019-09-06 14:31:00,3,35,24.8,33,21.3,1015.5,1.0,1.4,10,1428.3,0
2019-09-06 14:34:00,3,35,24.8,33,21.6,1015.6,1.0,1.7,10,1428.3,0
2019-09-06 14:37:00,3,34,24.9,32,21.7,1015.6,2.0,2.7,13,1428.3,0
2019-09-06 14:40:00,3,34,24.9,33,21.4,1015.5,0.7,1.4,10,1428.3,0
2019-09-06 14:43:00,3,34,24.9,33,21.5,1015.6,1.0,1.7,12,1428.3,0
2019-09-06 14:46:00,3,33,25.0,33,21.7,1015.5,0.7,1.4,12,1428.3,0
2019-09-06 14:49:00,3,33,25.0,33,21.7,1015.5,0.7,1.0,10,1428.3,0
2019-09-06 14:52:00,3,33,25.0,33,21.9,1015.5,0.7,1.0,11,1428.3,0
2019-09-06 14:55:00,3,33,25.1,32,22.1,1015.5,1.4,2.0,8,1428.3,0
2019-09-06 14:58:00,3,33,25.2,32,21.8,1015.5,1.0,1.7,8,1428.3,0
2019-09-06 15:01:00,3,33,25.2,32,21.9,1015.5,0.7,1.4,12,1428.3,0
2019-09-06 15:04:00,3,33,25.2,32,22.0,1015.4,0,0.7,10,1428.3,0
2019-09-06 15:07:00,3,33,25.2,31,22.0,1015.4,1.0,1.4,10,1428.3,0
2019-09-06 15:10:00,3,32,25.2,31,22.1,1015.3,1.0,1.4,5,1428.3,0
2019-09-06 15:13:00,3,32,25.2,31,22.0,1015.2,1.7,2.0,14,1428.3,0
2019-09-06 15:16:00,3,32,25.2,32,21.7,1015.3,1.7,2.4,8,1428.3,0
2019-09-06 15:19:00,3,32,25.2,32,21.5,1015.3,1.4,1.7,10,1428.3,0
2019-09-06 15:22:00,3,32,25.2,32,21.4,1015.3,1.7,2.0,12,1428.3,0
2019-09-06 15:25:00,3,32,25.2,32,21.4,1015.4,0.7,1.0,10,1428.3,0
2019-09-06 15:28:00,3,32,25.2,32,21.4,1015.4,0.3,1.0,14,1428.3,0
2019-09-06 15:31:00,3,32,25.3,32,21.6,1015.4,0.7,1.4,12,1428.3,0
2019-09-06 15:34:00,3,32,25.2,32,21.7,1015.4,0.3,0.7,14,1428.3,0
2019-09-06 15:37:00,3,32,25.2,32,22.0,1015.3,0.7,1.0,12,1428.3,0
2019-09-06 15:40:00,3,32,25.2,31,21.8,1015.3,1.0,1.4,8,1428.3,0
2019-09-06 15:43:00,3,32,25.3,31,21.8,1015.3,0.7,1.0,2,1428.3,0
2019-09-06 15:46:00,3,32,25.3,32,21.9,1015.3,0.7,1.0,10,1428.3,0
2019-09-06 15:49:00,3,32,25.3,32,21.9,1015.3,1.7,2.7,13,1428.3,0
2019-09-06 15:52:00,3,32,25.3,31,21.6,1015.3,0.3,0.7,8,1428.3,0
2019-09-06 15:55:00,3,32,25.2,32,21.6,1015.3,0.3,0.7,7,1428.3,0
2019-09-06 15:58:00,3,32,25.2,32,21.6,1015.3,0.3,0.7,8,1428.3,0
2019-09-06 16:01:00,3,32,25.2,31,21.5,1015.2,0.3,0.7,10,1428.3,0
2019-09-06 16:04:00,3,32,25.2,31,21.5,1015.3,0.3,0.7,10,1428.3,0
2019-09-06 16:07:00,3,31,25.2,31,21.5,1015.4,0.3,0.7,10,1428.3,0
2019-09-06 16:10:00,3,31,25.2,31,20.7,1015.3,0,0.3,0,1428.3,0
2019-09-06 16:13:00,3,31,25.2,31,20.4,1015.2,0.7,1.0,13,1428.3,0
2019-09-06 16:16:00,3,31,25.2,32,20.2,1015.3,0.7,1.0,14,1428.3,0
2019-09-06 16:19:00,3,31,25.2,32,20.1,1015.2,1.7,3.4,8,1428.3,0
2019-09-06 16:22:00,3,31,25.2,32,19.9,1015.3,1.0,1.7,15,1428.3,0
2019-09-06 16:25:00,3,31,25.2,32,19.7,1015.2,0.7,1.4,14,1428.3,0
2019-09-06 16:28:00,3,31,25.2,32,19.6,1015.2,1.0,1.4,12,1428.3,0
2019-09-06 16:31:00,3,31,25.2,32,19.6,1015.0,0.7,1.0,14,1428.3,0
2019-09-06 16:34:00,3,30,26.1,32,19.5,1015.1,1.4,1.7,14,1428.3,0
2019-09-06 16:37:00,3,30,26.1,32,19.4,1015.2,0.3,1.0,14,1428.3,0
2019-09-06 16:40:00,3,30,26.2,32,19.3,1015.1,0.3,0.7,14,1428.3,0
2019-09-06 16:43:00,3,30,26.1,32,19.3,1015.1,0,0,12,1428.3,0
2019-09-06 16:46:00,3,30,26.1,32,19.2,1015.0,0.7,1.4,12,1428.3,0
2019-09-06 16:49:00,3,30,26.1,33,19.1,1015.1,0,0.3,14,1428.3,0
2019-09-06 16:52:00,3,30,26.2,34,19.0,1015.0,0,0.3,14,1428.3,0
2019-09-06 16:55:00,3,30,26.2,34,18.9,1015.0,0.3,0.7,12,1428.3,0
2019-09-06 16:58:00,3,30,26.2,34,18.8,1015.2,0,0,14,1428.3,0
2019-09-06 17:01:00,3,30,26.2,35,18.7,1015.0,0,0,14,1428.3,0
2019-09-06 17:04:00,3,30,26.2,36,18.6,1015.0,0,0,2,1428.3,0
2019-09-06 17:07:00,3,30,26.3,37,18.4,1015.0,0,0,14,1428.3,0
2019-09-06 17:10:00,3,30,26.3,37,18.3,1015.0,0,0,14,1428.3,0
2019-09-06 17:13:00,3,30,26.2,40,18.1,1015.0,0,0,14,1428.3,0
2019-09-06 17:16:00,3,30,26.2,40,17.8,1015.0,0,0,14,1428.3,0
2019-09-06 17:19:00,3,30,26.2,41,17.7,1014.9,0,0,0,1428.3,0
2019-09-06 17:22:00,3,30,26.2,45,17.4,1015.0,0,0,0,1428.3,0
2019-09-06 17:25:00,3,30,26.1,45,17.2,1015.0,0,0,0,1428.3,0
2019-09-06 17:28:00,3,30,26.1,46,17.0,1014.9,0,0,0,1428.3,0
2019-09-06 17:31:00,3,31,25.3,46,16.8,1014.9,0,0,0,1428.3,0
2019-09-06 17:34:00,3,31,25.3,46,16.5,1014.9,0,0,0,1428.3,0
2019-09-06 17:37:00,3,31,25.3,47,16.3,1014.9,0,0,0,1428.3,0
2019-09-06 17:40:00,3,31,25.2,49,16.0,1014.8,0,0,0,1428.3,0
2019-09-06 17:43:00,3,32,25.2,48,15.8,1014.8,0,0,0,1428.3,0
2019-09-06 17:46:00,3,32,25.2,49,15.6,1014.8,0,0,0,1428.3,0
2019-09-06 17:49:00,3,32,25.2,50,15.4,1014.8,0,0,0,1428.3,0
2019-09-06 17:52:00,3,32,25.2,50,15.2,1014.8,0,0,0,1428.3,0
2019-09-06 17:55:00,3,32,25.2,51,15.1,1014.8,0,0,0,1428.3,0
2019-09-06 17:58:00,3,32,25.2,51,14.9,1014.7,0,0,0,1428.3,0
2019-09-06 18:01:00,3,32,25.2,52,14.7,1014.7,0,0,0,1428.3,0
2019-09-06 18:04:00,3,32,25.2,52,14.7,1014.7,0,0,0,1428.3,0
2019-09-06 18:07:00,3,33,25.2,52,14.3,1014.7,0,0,0,1428.3,0
2019-09-06 18:10:00,3,33,25.2,52,14.1,1014.7,0,0,0,1428.3,0
2019-09-06 18:13:00,3,33,25.2,54,14.0,1014.7,0,0,0,1428.3,0
2019-09-06 18:16:00,3,33,25.2,54,13.8,1014.7,0,0,0,1428.3,0
2019-09-06 18:19:00,3,33,25.2,54,13.7,1014.7,0,0,0,1428.3,0
2019-09-06 18:22:00,3,33,25.2,55,13.5,1014.6,0,0,0,1428.3,0
2019-09-06 18:25:00,3,33,25.1,55,13.3,1014.5,0,0,0,1428.3,0
2019-09-06 18:28:00,3,33,25.0,56,13.2,1014.7,0,0,0,1428.3,0
2019-09-06 18:31:00,3,33,25.0,56,13.0,1014.6,0,0,0,1428.3,0
2019-09-06 18:34:00,3,33,25.0,57,12.9,1014.7,0,0,0,1428.3,0
2019-09-06 18:37:00,3,33,25.0,58,12.8,1014.6,0,0,0,1428.3,0
2019-09-06 18:40:00,3,34,25.0,58,12.6,1014.7,0,0,0,1428.3,0
2019-09-06 18:43:00,3,34,25.0,58,12.5,1014.7,0,0,0,1428.3,0
2019-09-06 18:46:00,3,35,24.9,61,12.4,1014.7,0,0,0,1428.3,0
2019-09-06 18:49:00,3,35,24.8,61,12.3,1014.7,0,0,0,1428.3,0
2019-09-06 18:52:00,3,34,25.0,61,12.2,1014.7,0,0,0,1428.3,0
2019-09-06 18:55:00,3,35,24.7,61,12.1,1014.6,0,0,0,1428.3,0
2019-09-06 18:58:00,3,35,24.7,62,12.0,1014.6,0,0,0,1428.3,0
2019-09-06 19:01:00,3,35,24.7,62,11.9,1014.7,0,0,0,1428.3,0
2019-09-06 19:04:00,3,35,24.7,62,11.7,1014.7,0,0,0,1428.3,0
2019-09-06 19:07:00,3,35,24.7,63,11.7,1014.6,0,0,0,1428.3,0
2019-09-06 19:10:00,3,36,24.7,63,11.6,1014.6,0,0,0,1428.3,0
2019-09-06 19:13:00,3,36,24.6,63,11.5,1014.7,0,0,0,1428.3,0
2019-09-06 19:16:00,3,36,24.6,63,11.4,1014.6,0,0,0,1428.3,0
2019-09-06 19:19:00,3,36,24.6,64,11.3,1014.5,0,0,0,1428.3,0
2019-09-06 19:22:00,3,36,24.6,64,11.3,1014.4,0,0,0,1428.3,0
2019-09-06 19:25:00,3,36,24.5,64,11.2,1014.5,0,0,0,1428.3,0
2019-09-06 19:28:00,3,36,24.5,64,11.1,1014.5,0,0,0,1428.3,0
2019-09-06 19:31:00,3,36,24.4,64,11.0,1014.4,0,0,0,1428.3,0
2019-09-06 19:34:00,3,36,24.4,64,10.9,1014.5,0,0,0,1428.3,0
2019-09-06 19:37:00,3,36,24.4,64,10.8,1014.4,0,0,0,1428.3,0
2019-09-06 19:40:00,3,36,24.4,65,10.7,1014.3,0,0,0,1428.3,0
2019-09-06 19:43:00,3,36,24.4,65,10.7,1014.4,0,0,0,1428.3,0
2019-09-06 19:46:00,3,36,24.4,66,10.6,1014.3,0,0,0,1428.3,0
2019-09-06 19:49:00,3,37,24.4,66,10.6,1014.4,0,0,0,1428.3,0
2019-09-06 19:52:00,3,37,24.3,67,10.5,1014.4,0,0,0,1428.3,0
2019-09-06 19:55:00,3,37,24.3,68,10.5,1014.4,0,0,0,1428.3,0
2019-09-06 19:58:00,3,37,24.3,68,10.4,1014.3,0,0,0,1428.3,0
2019-09-06 20:01:00,3,37,24.3,68,10.4,1014.3,0,0,0,1428.3,0
2019-09-06 20:04:00,3,37,24.3,68,10.4,1014.3,0,0,0,1428.3,0
2019-09-06 20:07:00,3,37,24.2,68,10.3,1014.4,0,0,0,1428.3,0
2019-09-06 20:10:00,3,37,24.2,70,10.3,1014.3,0,0,0,1428.3,0
2019-09-06 20:13:00,3,37,24.1,70,10.2,1014.5,0,0,0,1428.3,0
2019-09-06 20:16:00,3,37,24.1,70,10.2,1014.3,0,0,0,1428.3,0
2019-09-06 20:19:00,3,37,24.1,70,10.2,1014.3,0,0,0,1428.3,0
2019-09-06 20:22:00,3,37,24.1,70,10.1,1014.4,0,0,0,1428.3,0
2019-09-06 20:25:00,3,37,24.1,70,10.1,1014.4,0,0,0,1428.3,0
2019-09-06 20:28:00,3,37,24.1,70,10.0,1014.4,0,0,0,1428.3,0
2019-09-06 20:31:00,3,37,24.1,70,10.0,1014.4,0,0.3,0,1428.3,0
2019-09-06 20:34:00,3,37,24.0,70,10.0,1014.4,0,0,0,1428.3,0
2019-09-06 20:37:00,3,37,24.0,70,9.9,1014.3,0,0.3,0,1428.3,0
2019-09-06 20:40:00,3,37,24.0,70,9.8,1014.2,0,0,0,1428.3,0
2019-09-06 20:43:00,3,37,24.0,70,9.8,1014.3,0,0,0,1428.3,0
2019-09-06 20:46:00,3,37,24.0,70,9.7,1014.3,0,0,4,1428.3,0
2019-09-06 20:49:00,3,38,23.9,70,9.7,1014.3,0,0,2,1428.3,0
2019-09-06 20:52:00,3,38,23.9,71,9.6,1014.2,0,0.3,2,1428.3,0
2019-09-06 20:55:00,3,37,23.8,71,9.6,1014.2,0,0,2,1428.3,0
2019-09-06 20:58:00,3,37,23.8,71,9.5,1014.2,0,0,0,1428.3,0
2019-09-06 21:01:00,3,37,23.8,71,9.4,1014.1,0,0.3,0,1428.3,0
2019-09-06 21:04:00,3,37,23.8,71,9.3,1014.1,0,0,0,1428.3,0
2019-09-06 21:07:00,3,37,23.8,71,9.3,1014.0,0,0.3,0,1428.3,0
2019-09-06 21:10:00,3,37,23.7,71,9.2,1014.0,0,0.3,0,1428.3,0
2019-09-06 21:13:00,3,37,23.7,71,9.2,1014.0,0,0,2,1428.3,0
2019-09-06 21:16:00,3,37,23.7,71,9.2,1013.9,0,0,2,1428.3,0
2019-09-06 21:19:00,3,37,23.7,71,9.1,1013.9,0,0,0,1428.3,0
2019-09-06 21:22:00,3,37,23.6,72,9.1,1013.9,0,0,2,1428.3,0
2019-09-06 21:25:00,3,37,23.6,72,9.1,1014.0,0,0,2,1428.3,0
2019-09-06 21:28:00,3,36,23.6,72,9.1,1014.0,0,0,2,1428.3,0
2019-09-06 21:31:00,3,36,23.6,72,9.1,1013.9,0,0,2,1428.3,0
2019-09-06 21:34:00,3,36,23.6,72,9.0,1013.9,0,0,2,1428.3,0
2019-09-06 21:37:00,3,36,23.6,72,9.0,1014.0,0,0,14,1428.3,0
2019-09-06 21:40:00,3,36,23.6,72,9.0,1013.9,0,0,2,1428.3,0
2019-09-06 21:43:00,3,36,23.5,72,9.0,1013.8,0,0,2,1428.3,0
2019-09-06 21:46:00,3,36,23.5,72,9.0,1013.8,0,0,0,1428.3,0
2019-09-06 21:49:00,3,36,23.5,72,9.0,1013.8,0,0,0,1428.3,0
2019-09-06 21:52:00,3,36,23.4,72,9.0,1013.8,0,0,0,1428.3,0
2019-09-06 21:55:00,3,36,23.4,72,8.9,1013.8,0,0,0,1428.3,0
2019-09-06 21:58:00,3,36,23.4,72,8.9,1013.9,0,0,0,1428.3,0
