2019-09-13 00:01:00,3,52,22.2,95,13.0,1019.7,0,0,0,1452.6,0
2019-09-13 00:04:00,3,52,22.2,95,13.0,1019.8,0,0,0,1452.6,0
2019-09-13 00:07:00,3,52,22.2,95,12.9,1019.8,0,0,0,1452.6,0
2019-09-13 00:10:00,3,52,22.2,95,12.8,1019.8,0,0,0,1452.6,0
2019-09-13 00:13:00,3,52,22.2,95,12.8,1019.8,0,0,0,1452.6,0
2019-09-13 00:16:00,3,52,22.2,95,12.8,1019.8,0,0,0,1452.6,0
2019-09-13 00:19:00,3,52,22.2,95,12.8,1019.9,0,0,0,1452.6,0
2019-09-13 00:22:00,3,52,22.2,95,12.8,1019.7,0,0,0,1452.6,0
2019-09-13 00:25:00,3,52,22.2,95,12.8,1019.8,0,0,0,1452.6,0
2019-09-13 00:28:00,3,52,22.2,95,12.8,1019.8,0,0,0,1452.6,0
2019-09-13 00:31:00,3,52,22.2,95,12.7,1019.7,0,0,0,1452.6,0
2019-09-13 00:34:00,3,52,22.2,95,12.7,1019.7,0,0,0,1452.6,0
2019-09-13 00:37:00,3,52,22.1,95,12.7,1019.7,0,0,0,1452.6,0
2019-09-13 00:40:00,3,52,22.1,95,12.6,1019.8,0,0,0,1452.6,0
2019-09-13 00:43:00,3,52,22.1,95,12.6,1019.8,0,0,0,1452.6,0
2019-09-13 00:46:00,3,52,22.1,96,12.6,1019.7,0,0,0,1452.6,0
2019-09-13 00:49:00,3,52,22.1,96,12.6,1019.7,0,0,0,1452.6,0
2019-09-13 00:52:00,3,52,22.1,96,12.6,1019.7,0,0,0,1452.6,0
2019-09-13 00:55:00,3,52,22.1,96,12.5,1019.6,0,0,0,1452.6,0
2019-09-13 00:58:00,3,52,22.1,96,12.5,1019.6,0,0,0,1452.6,0
2019-09-13 01:01:00,3,52,22.1,96,12.5,1019.6,0,0,12,1452.6,0
2019-09-13 01:04:00,3,52,22.1,96,12.5,1019.7,0,0,8,1452.6,0
2019-09-13 01:07:00,3,52,22.1,96,12.5,1019.6,0,0,8,1452.6,0
2019-09-13 01:10:00,3,52,22.0,96,12.6,1019.6,0,0,8,1452.6,0
2019-09-13 01:13:00,3,52,22.0,96,12.6,1019.6,0,0,8,1452.6,0
2019-09-13 01:16:00,3,52,22.0,96,12.6,1019.6,0,0,9,1452.6,0
2019-09-13 01:19:00,3,52,22.0,97,12.7,1019.6,0,0,0,1452.6,0
2019-09-13 01:22:00,3,52,22.0,97,12.7,1019.6,0,0,12,1452.6,0
2019-09-13 01:25:00,3,52,22.0,97,12.8,1019.6,0,0,8,1452.6,0
2019-09-13 01:28:00,3,52,22.0,97,12.9,1019.6,0,0,8,1452.6,0
2019-09-13 01:31:00,3,53,21.9,97,12.9,1019.6,0,0,8,1452.6,0
2019-09-13 01:34:00,3,53,21.9,97,12.8,1019.6,0,0,4,1452.6,0
2019-09-13 01:37:00,3,53,21.9,97,12.9,1019.6,0,0,0,1452.6,0
2019-09-13 01:40:00,3,53,21.9,97,12.8,1019.6,0,0,0,1452.6,0
2019-09-13 01:43:00,3,53,21.9,97,12.8,1019.6,0,0,0,1452.6,0
2019-09-13 01:46:00,3,53,21.9,97,12.8,1019.5,0,0,0,1452.6,0
2019-09-13 01:49:00,3,53,21.9,97,12.8,1019.5,0,0,0,1452.6,0
2019-09-13 01:52:00,3,53,21.9,97,12.8,1019.4,0,0,0,1452.6,0
2019-09-13 01:55:00,3,53,21.9,97,12.8,1019.5,0,0,8,1452.6,0
2019-09-13 01:58:00,3,53,21.9,97,12.7,1019.5,0,0,6,1452.6,0
2019-09-13 02:01:00,3,53,21.9,97,12.7,1019.4,0,0,6,1452.6,0
2019-09-13 02:04:00,3,53,21.9,97,12.7,1019.5,0,0,6,1452.6,0
2019-09-13 02:07:00,3,53,21.9,97,12.7,1019.3,0,0,0,1452.6,0
2019-09-13 02:10:00,3,53,21.9,97,12.7,1019.5,0,0,0,1452.6,0
2019-09-13 02:13:00,3,53,21.9,97,12.7,1019.5,0,0,0,1452.6,0
2019-09-13 02:16:00,3,53,21.9,97,12.7,1019.5,0,0,10,1452.6,0
2019-09-13 02:19:00,3,53,21.8,97,12.7,1019.5,0,0,12,1452.6,0
2019-09-13 02:22:00,3,53,21.8,98,12.8,1019.5,0,0,14,1452.6,0
2019-09-13 02:25:00,3,53,21.8,98,12.8,1019.4,0,0,0,1452.6,0
2019-09-13 02:28:00,3,53,21.8,98,12.8,1019.3,0,0,0,1452.6,0
2019-09-13 02:31:00,3,53,21.8,98,12.9,1019.3,0,0,12,1452.6,0
2019-09-13 02:34:00,3,53,21.8,98,12.9,1019.3,0,0,14,1452.6,0
2019-09-13 02:37:00,3,53,21.8,98,13.0,1019.3,0,0,10,1452.6,0
2019-09-13 02:40:00,3,53,21.8,98,13.1,1019.4,0,0,12,1452.6,0
2019-09-13 02:43:00,3,53,21.8,99,13.2,1019.5,0,0,12,1452.6,0
2019-09-13 02:46:00,3,53,21.8,99,13.3,1019.4,0.3,0.7,10,1452.6,0
2019-09-13 02:49:00,3,53,21.8,99,13.3,1019.4,0,0.3,10,1452.6,0
2019-09-13 02:52:00,3,53,21.8,99,13.4,1019.4,0,0,12,1452.6,0
2019-09-13 02:55:00,3,53,21.8,99,13.4,1019.3,0,0,12,1452.6,0
2019-09-13 02:58:00,3,53,21.8,99,13.5,1019.2,0,0,12,1452.6,0
2019-09-13 03:01:00,3,53,21.8,99,13.5,1019.2,0.3,0.7,12,1452.6,0
2019-09-13 03:04:00,3,53,21.8,99,13.6,1019.2,0,0,12,1452.6,0
2019-09-13 03:07:00,3,53,21.8,99,13.6,1019.3,0,0.3,12,1452.6,0
2019-09-13 03:10:00,3,53,21.8,99,13.6,1019.3,0.3,0.7,8,1452.6,0
2019-09-13 03:13:00,3,53,21.8,98,13.7,1019.4,0,0.3,14,1452.6,0
2019-09-13 03:16:00,3,53,21.7,98,13.7,1019.3,0,0,12,1452.6,0
2019-09-13 03:19:00,3,53,21.7,97,13.7,1019.3,0,0,12,1452.6,0
2019-09-13 03:22:00,3,53,21.7,97,13.8,1019.3,0,0,14,1452.6,0
2019-09-13 03:25:00,3,53,21.7,97,13.8,1019.3,0.3,0.7,12,1452.6,0
2019-09-13 03:28:00,3,53,21.7,96,13.9,1019.3,0.3,0.3,12,1452.6,0
2019-09-13 03:31:00,3,53,21.7,96,14.0,1019.3,0,0,12,1452.6,0
2019-09-13 03:34:00,3,53,21.7,96,14.1,1019.2,0,0,12,1452.6,0
2019-09-13 03:37:00,3,53,21.7,95,14.1,1019.3,0,0,12,1452.6,0
2019-09-13 03:40:00,3,53,21.7,95,14.1,1019.4,0,0,12,1452.6,0
2019-09-13 03:43:00,3,53,21.7,95,14.2,1019.3,0,0,12,1452.6,0
2019-09-13 03:46:00,3,53,21.7,94,14.2,1019.4,0,0.3,0,1452.6,0
2019-09-13 03:49:00,3,53,21.7,94,14.3,1019.4,0,0,12,1452.6,0
2019-09-13 03:52:00,3,53,21.7,94,14.3,1019.4,1.0,1.4,10,1452.6,0
2019-09-13 03:55:00,3,53,21.7,94,14.4,1019.4,0.3,0.7,8,1452.6,0
2019-09-13 03:58:00,3,53,21.7,93,14.5,1019.4,0,0.7,12,1452.6,0
2019-09-13 04:01:00,3,53,21.7,93,14.6,1019.4,0,0,11,1452.6,0
2019-09-13 04:04:00,3,53,21.6,93,14.6,1019.4,0,0,11,1452.6,0
2019-09-13 04:07:00,3,53,21.7,92,14.8,1019.4,0,0,14,1452.6,0
2019-09-13 04:10:00,3,53,21.7,91,14.8,1019.4,0,0,2,1452.6,0
2019-09-13 04:13:00,3,53,21.7,91,14.9,1019.3,0,0,13,1452.6,0
2019-09-13 04:16:00,3,53,21.7,90,14.9,1019.3,0.7,1.0,10,1452.6,0
2019-09-13 04:19:00,3,53,21.6,90,15.0,1019.3,0,0.3,14,1452.6,0
2019-09-13 04:22:00,3,53,21.6,90,15.1,1019.4,0.7,1.0,12,1452.6,0
2019-09-13 04:25:00,3,53,21.6,89,15.1,1019.4,0,0,10,1452.6,0
2019-09-13 04:28:00,3,53,21.6,89,15.2,1019.4,0,0,12,1452.6,0
2019-09-13 04:31:00,3,53,21.6,88,15.2,1019.4,0,0.3,12,1452.6,0
2019-09-13 04:34:00,3,53,21.6,88,15.2,1019.5,0,0.3,12,1452.6,0
2019-09-13 04:37:00,3,53,21.6,87,15.2,1019.4,0,0,8,1452.6,0
2019-09-13 04:40:00,3,53,21.6,87,15.2,1019.4,0,0.7,10,1452.6,0
2019-09-13 04:43:00,3,53,21.6,87,15.3,1019.4,0.3,0.7,10,1452.6,0
2019-09-13 04:46:00,3,53,21.6,86,15.3,1019.4,0,0.3,14,1452.6,0
2019-09-13 04:49:00,3,53,21.6,86,15.4,1019.5,0,0,14,1452.6,0
2019-09-13 04:52:00,3,53,21.6,86,15.4,1019.5,0.7,1.0,12,1452.6,0
2019-09-13 04:55:00,3,53,21.6,86,15.5,1019.4,0.3,0.7,12,1452.6,0
2019-09-13 04:58:00,3,53,21.6,85,15.5,1019.4,0,0.3,14,1452.6,0
2019-09-13 05:01:00,3,53,21.6,85,15.6,1019.4,0.3,0.7,6,1452.6,0
2019-09-13 05:04:00,3,53,21.5,85,15.6,1019.4,0.3,0.7,12,1452.6,0
2019-09-13 05:07:00,3,53,21.5,85,15.6,1019.6,0.3,0.7,12,1452.6,0
2019-09-13 05:10:00,3,53,21.5,84,15.7,1019.4,0.3,0.7,10,1452.6,0
2019-09-13 05:13:00,3,53,21.5,84,15.8,1019.5,0,0.3,12,1452.6,0
2019-09-13 05:16:00,3,53,21.5,84,15.9,1019.5,0,0.3,14,1452.6,0
2019-09-13 05:19:00,3,53,21.5,83,15.9,1019.5,0.3,0.7,12,1452.6,0
2019-09-13 05:22:00,3,53,21.5,83,16.0,1019.5,0,0,14,1452.6,0
2019-09-13 05:25:00,3,53,21.5,83,16.1,1019.6,1.0,1.4,10,1452.6,0
2019-09-13 05:28:00,3,53,21.5,82,16.2,1019.4,0.7,1.4,10,1452.6,0
2019-09-13 05:31:00,3,53,21.5,82,16.2,1019.5,1.0,1.7,10,1452.6,0
2019-09-13 05:34:00,3,53,21.5,82,16.3,1019.4,0.3,0.7,10,1452.6,0
2019-09-13 05:37:00,3,53,21.5,81,16.3,1019.4,1.0,1.7,14,1452.6,0
2019-09-13 05:40:00,3,53,21.5,81,16.4,1019.5,0.7,1.4,12,1452.6,0
2019-09-13 05:43:00,3,53,21.5,81,16.5,1019.4,0.7,1.4,10,1452.6,0
2019-09-13 05:46:00,3,53,21.5,81,16.5,1019.4,0.7,1.0,12,1452.6,0
2019-09-13 05:49:00,3,53,21.5,81,16.6,1019.4,0.3,0.7,14,1452.6,0
2019-09-13 05:52:00,3,54,21.6,81,16.6,1019.4,0.3,0.7,10,1452.6,0
2019-09-13 05:55:00,3,54,21.6,81,16.7,1019.3,0.7,1.0,14,1452.6,0
2019-09-13 05:58:00,3,54,21.7,80,16.8,1019.5,0.7,1.0,14,1452.6,0
2019-09-13 06:01:00,3,53,21.8,80,16.9,1019.5,1.7,2.0,12,1452.6,0
2019-09-13 06:04:00,3,53,21.9,80,16.9,1019.6,1.7,2.0,12,1452.6,0
2019-09-13 06:07:00,3,52,22.1,80,17.0,1019.5,1.0,1.7,12,1452.6,0
2019-09-13 06:10:00,3,52,22.2,79,17.1,1019.6,0.7,1.0,12,1452.6,0
2019-09-13 06:13:00,3,51,22.2,79,17.2,1019.6,0.7,1.4,12,1452.6,0
2019-09-13 06:16:00,3,51,22.3,78,17.2,1019.7,1.0,1.4,12,1452.6,0
2019-09-13 06:19:00,3,51,22.3,78,17.3,1019.6,1.0,1.4,11,1452.6,0
2019-09-13 06:22:00,3,51,22.5,78,17.3,1019.6,1.4,2.0,10,1452.6,0
2019-09-13 06:25:00,3,51,22.6,77,17.4,1019.5,0.7,1.0,10,1452.6,0
2019-09-13 06:28:00,3,51,22.7,77,17.4,1019.5,1.0,1.4,8,1452.6,0
2019-09-13 06:31:00,3,51,22.7,73,17.5,1019.6,1.7,2.4,12,1452.6,0
2019-09-13 06:34:00,3,51,22.9,73,17.5,1019.6,1.7,2.7,12,1452.6,0
2019-09-13 06:37:00,3,52,23.0,73,17.6,1019.6,1.0,1.4,10,1452.6,0
2019-09-13 06:40:00,3,52,23.1,73,17.6,1019.9,1.7,3.1,10,1452.6,0
2019-09-13 06:43:00,3,52,23.2,73,17.7,1019.9,0.7,1.0,12,1452.6,0
2019-09-13 06:46:00,3,52,23.3,73,17.7,1020.0,1.0,1.4,10,1452.6,0
2019-09-13 06:49:00,3,52,23.4,72,17.8,1020.0,1.4,1.7,14,1452.6,0
2019-09-13 06:52:00,3,51,23.4,72,17.8,1020.0,2.0,2.7,12,1452.6,0
2019-09-13 06:55:00,3,51,23.6,72,17.9,1020.1,1.4,2.0,10,1452.6,0
2019-09-13 06:58:00,3,51,23.6,72,17.9,1020.0,1.7,2.4,12,1452.6,0
2019-09-13 07:01:00,3,50,23.7,72,17.9,1020.0,1.0,1.4,12,1452.6,0
2019-09-13 07:04:00,3,50,23.7,72,17.9,1020.1,2.4,3.4,14,1452.6,0
2019-09-13 07:07:00,3,50,23.8,72,18.0,1020.2,2.4,3.1,12,1452.6,0
2019-09-13 07:10:00,3,50,23.8,72,18.0,1020.1,1.0,2.0,12,1452.6,0
2019-09-13 07:13:00,3,50,23.8,72,18.0,1020.2,1.0,2.0,10,1452.6,0
2019-09-13 07:16:00,3,49,23.9,73,18.0,1020.2,0.7,1.0,12,1452.6,0
2019-09-13 07:19:00,3,48,24.0,73,18.0,1020.2,1.0,1.7,10,1452.6,0
2019-09-13 07:22:00,3,48,24.0,73,18.0,1020.3,1.7,2.7,12,1452.6,0
2019-09-13 07:25:00,3,48,24.1,73,18.1,1020.4,2.0,3.1,8,1452.6,0
2019-09-13 07:28:00,3,48,24.1,72,18.1,1020.4,1.7,2.4,13,1452.6,0
2019-09-13 07:31:00,3,48,24.1,73,18.2,1020.3,2.0,2.7,10,1452.6,0
2019-09-13 07:34:00,3,47,24.1,73,18.3,1020.4,1.0,1.4,12,1452.6,0
2019-09-13 07:37:00,3,47,24.1,73,18.4,1020.4,1.0,1.4,12,1452.6,0
2019-09-13 07:40:00,3,47,24.1,72,18.4,1020.4,0.7,1.4,14,1452.6,0
2019-09-13 07:43:00,3,47,24.1,72,18.4,1020.4,0.7,1.4,8,1452.6,0
2019-09-13 07:46:00,3,47,24.1,72,18.4,1020.3,1.4,2.7,12,1452.6,0
2019-09-13 07:49:00,3,47,24.1,73,18.4,1020.2,1.0,2.0,14,1452.6,0
2019-09-13 07:52:00,3,49,23.9,73,18.5,1020.3,1.4,1.7,12,1452.6,0
2019-09-13 07:55:00,3,49,23.8,72,18.5,1020.2,1.7,2.7,12,1452.6,0
2019-09-13 07:58:00,3,49,23.7,72,18.6,1020.2,2.4,2.7,12,1452.6,0
2019-09-13 08:01:00,3,50,23.6,72,18.6,1020.3,3.1,4.1,14,1452.6,0
2019-09-13 08:04:00,3,50,23.6,72,18.6,1020.4,3.1,4.1,14,1452.6,0
2019-09-13 08:07:00,3,50,23.5,72,18.7,1020.4,1.7,2.4,10,1452.6,0
2019-09-13 08:10:00,3,50,23.4,72,18.8,1020.3,1.4,2.0,12,1452.6,0
2019-09-13 08:13:00,3,51,23.4,72,18.9,1020.4,1.4,1.7,10,1452.6,0
2019-09-13 08:16:00,3,51,23.4,72,19.0,1020.3,1.7,3.1,12,1452.6,0
2019-09-13 08:19:00,3,51,23.3,72,19.0,1020.3,1.4,2.0,10,1452.6,0
2019-09-13 08:22:00,3,51,23.3,72,19.1,1020.4,1.4,2.0,10,1452.6,0
2019-09-13 08:25:00,3,51,23.2,72,19.2,1020.4,1.0,1.7,10,1452.6,0
2019-09-13 08:28:00,3,51,23.1,72,19.3,1020.3,1.4,1.7,12,1452.6,0
2019-09-13 08:31:00,3,52,23.1,72,19.4,1020.3,1.0,1.7,12,1452.6,0
2019-09-13 08:34:00,3,52,23.1,71,19.4,1020.2,2.0,2.7,12,1452.6,0
2019-09-13 08:37:00,3,52,23.0,71,19.3,1020.3,1.4,2.0,13,1452.6,0
2019-09-13 08:40:00,3,52,23.0,71,19.4,1020.3,2.0,2.7,10,1452.6,0
2019-09-13 08:43:00,3,52,23.0,71,19.4,1020.3,2.0,2.7,10,1452.6,0
2019-09-13 08:46:00,3,52,23.0,71,19.5,1020.3,2.4,3.1,10,1452.6,0
2019-09-13 08:49:00,3,50,22.9,72,19.5,1020.4,1.4,1.7,10,1452.6,0
2019-09-13 08:52:00,3,50,22.9,71,19.5,1020.5,2.4,3.7,7,1452.6,0
2019-09-13 08:55:00,3,50,22.9,72,19.5,1020.5,1.4,2.0,10,1452.6,0
2019-09-13 08:58:00,3,50,22.8,72,19.5,1020.5,2.4,3.1,12,1452.6,0
2019-09-13 09:01:00,3,51,22.8,72,19.5,1020.5,2.4,2.7,10,1452.6,0
2019-09-13 09:04:00,3,50,22.7,72,19.5,1020.5,2.7,3.4,10,1452.6,0
2019-09-13 09:07:00,3,50,22.7,72,19.6,1020.4,1.7,3.4,12,1452.6,0
2019-09-13 09:10:00,3,51,22.7,72,19.7,1020.4,1.4,1.7,14,1452.6,0
2019-09-13 09:13:00,3,51,22.7,72,19.8,1020.5,1.4,2.0,14,1452.6,0
2019-09-13 09:16:00,3,50,22.7,72,19.8,1020.6,1.7,2.7,10,1452.6,0
2019-09-13 09:19:00,3,51,22.6,72,19.8,1020.5,1.7,2.7,12,1452.6,0
2019-09-13 09:22:00,3,51,22.6,72,19.8,1020.4,1.7,2.0,14,1452.6,0
2019-09-13 09:25:00,3,51,22.6,72,19.8,1020.4,2.7,3.4,12,1452.6,0
2019-09-13 09:28:00,3,51,22.6,72,19.9,1020.3,2.0,3.1,14,1452.6,0
2019-09-13 09:31:00,3,51,22.6,72,19.9,1020.4,1.4,1.7,10,1452.6,0
2019-09-13 09:34:00,3,51,22.6,72,20.1,1020.3,1.7,2.7,10,1452.6,0
2019-09-13 09:37:00,3,51,22.6,72,20.2,1020.4,1.0,1.7,10,1452.6,0
2019-09-13 09:40:00,3,51,22.5,71,20.2,1020.3,3.1,4.8,10,1452.6,0
2019-09-13 09:43:00,3,51,22.5,71,20.1,1020.3,3.1,4.4,11,1452.6,0
2019-09-13 09:46:00,3,51,22.5,72,20.6,1020.4,2.7,4.4,9,1452.6,0
2019-09-13 09:49:00,3,51,22.5,71,20.8,1020.2,1.4,1.7,10,1452.6,0
2019-09-13 09:52:00,3,51,22.5,71,21.0,1020.2,1.0,1.7,14,1452.6,0
2019-09-13 09:55:00,3,51,22.4,71,21.2,1020.3,3.7,4.8,12,1452.6,0
2019-09-13 09:58:00,3,51,22.4,70,21.3,1020.2,1.7,2.0,12,1452.6,0
2019-09-13 10:01:00,3,51,22.4,70,21.2,1020.3,1.0,1.7,10,1452.6,0
2019-09-13 10:04:00,3,51,22.4,70,21.2,1020.3,1.0,1.7,10,1452.6,0
2019-09-13 10:07:00,3,51,22.4,70,21.1,1020.2,1.0,1.4,12,1452.6,0
2019-09-13 10:10:00,3,51,22.3,70,20.9,1020.2,1.7,2.4,10,1452.6,0
2019-09-13 10:13:00,3,51,22.3,71,20.7,1020.4,1.0,1.4,12,1452.6,0
2019-09-13 10:16:00,3,51,22.3,71,20.6,1020.2,1.0,1.7,10,1452.6,0
2019-09-13 10:19:00,3,51,22.3,72,21.0,1020.3,2.7,3.7,13,1452.6,0
2019-09-13 10:22:00,3,51,22.3,70,21.5,1020.3,1.4,1.7,12,1452.6,0
2019-09-13 10:25:00,3,51,22.3,70,22.0,1020.2,1.4,1.7,12,1452.6,0
2019-09-13 10:28:00,3,51,22.3,67,22.1,1020.3,2.7,4.8,10,1452.6,0
2019-09-13 10:31:00,3,51,22.3,66,21.9,1020.3,1.0,1.7,10,1452.6,0
2019-09-13 10:34:00,3,51,22.3,67,21.6,1020.3,1.4,2.0,8,1452.6,0
2019-09-13 10:37:00,3,51,22.3,68,21.5,1020.3,2.0,2.7,12,1452.6,0
2019-09-13 10:40:00,3,51,22.3,67,21.5,1020.4,1.4,2.0,6,1452.6,0
2019-09-13 10:43:00,3,51,22.3,67,21.8,1020.4,1.7,2.7,10,1452.6,0
2019-09-13 10:46:00,3,51,22.3,66,22.0,1020.3,1.7,2.7,12,1452.6,0
2019-09-13 10:49:00,3,51,22.3,66,22.2,1020.4,1.7,2.4,12,1452.6,0
2019-09-13 10:52:00,3,51,22.3,63,22.7,1020.3,1.4,2.0,11,1452.6,0
2019-09-13 10:55:00,3,51,22.3,61,22.9,1020.4,1.7,2.4,12,1452.6,0
2019-09-13 10:58:00,3,51,22.2,60,22.6,1020.4,2.0,2.4,12,1452.6,0
2019-09-13 11:01:00,3,51,22.3,61,22.5,1020.3,2.4,3.4,12,1452.6,0
2019-09-13 11:04:00,3,51,22.3,62,22.4,1020.4,3.1,3.7,10,1452.6,0
2019-09-13 11:07:00,3,51,22.3,60,22.5,1020.4,2.0,4.1,10,1452.6,0
2019-09-13 11:10:00,3,51,22.3,60,22.6,1020.4,1.7,2.7,12,1452.6,0
2019-09-13 11:13:00,3,51,22.2,60,22.7,1020.5,3.7,5.8,12,1452.6,0
2019-09-13 11:16:00,3,51,22.2,62,22.4,1020.9,4.8,9.2,12,1452.6,0
2019-09-13 11:19:00,3,51,22.3,62,21.7,1021.0,4.8,7.5,12,1452.6,0
2019-09-13 11:22:00,3,51,22.3,65,20.4,1021.2,2.0,3.4,14,1452.6,0
2019-09-13 11:25:00,3,52,22.2,69,19.8,1021.4,3.7,4.8,14,1452.6,0
2019-09-13 11:28:00,3,52,22.2,72,19.0,1021.5,3.1,4.8,12,1452.6,0
2019-09-13 11:31:00,3,52,22.2,73,18.5,1021.5,2.0,2.7,0,1452.6,0
2019-09-13 11:34:00,3,52,22.2,75,18.0,1021.5,1.7,2.4,14,1452.6,0
2019-09-13 11:37:00,3,52,22.2,76,17.7,1021.7,2.7,4.1,0,1452.6,0
2019-09-13 11:40:00,3,52,22.2,76,17.5,1021.7,2.0,3.1,14,1452.6,0
2019-09-13 11:43:00,3,52,22.2,80,17.3,1021.8,2.0,2.7,10,1452.6,0
2019-09-13 11:46:00,3,52,22.2,80,17.2,1021.8,1.7,2.7,0,1452.6,0
2019-09-13 11:49:00,3,52,22.2,81,17.1,1021.8,2.0,3.1,14,1452.6,0
2019-09-13 11:52:00,3,52,22.2,81,17.0,1021.9,1.0,1.4,0,1452.6,0
2019-09-13 11:55:00,3,52,22.2,81,16.9,1021.8,1.4,2.0,0,1452.6,0
2019-09-13 11:58:00,3,52,22.2,82,16.9,1022.0,1.0,2.0,14,1452.6,0
2019-09-13 12:01:00,3,52,22.2,82,17.0,1021.9,1.4,2.0,0,1452.6,0
2019-09-13 12:04:00,3,52,22.2,82,17.0,1022.0,1.4,2.0,0,1452.6,0
2019-09-13 12:07:00,3,52,22.3,80,18.0,1021.9,1.4,1.7,0,1452.6,0
2019-09-13 12:10:00,3,52,22.3,76,18.4,1022.0,1.7,2.7,0,1452.6,0
2019-09-13 12:13:00,3,52,22.3,74,18.6,1021.9,3.1,4.1,12,1452.6,0
2019-09-13 12:16:00,3,52,22.3,73,18.9,1022.0,1.0,1.4,14,1452.6,0
2019-09-13 12:19:00,3,52,22.3,72,18.9,1022.1,1.4,1.7,14,1452.6,0
2019-09-13 12:22:00,3,52,22.3,71,19.0,1022.1,1.7,2.4,0,1452.6,0
2019-09-13 12:25:00,3,52,22.3,71,19.1,1022.2,1.4,2.0,12,1452.6,0
2019-09-13 12:28:00,3,52,22.3,71,19.3,1022.2,1.7,2.0,14,1452.6,0
2019-09-13 12:31:00,3,52,22.3,70,19.2,1022.1,1.4,2.0,12,1452.6,0
2019-09-13 12:34:00,3,52,22.3,70,19.2,1022.2,0.3,0.7,14,1452.6,0
2019-09-13 12:37:00,3,52,22.3,71,19.3,1022.2,1.0,1.4,14,1452.6,0
2019-09-13 12:40:00,3,52,22.3,70,19.3,1022.1,0.3,1.4,10,1452.6,0
2019-09-13 12:43:00,3,52,22.3,70,19.3,1022.2,3.1,4.4,12,1452.6,0
2019-09-13 12:46:00,3,53,22.3,67,19.3,1022.3,1.7,2.0,0,1452.6,0
2019-09-13 12:49:00,3,53,22.3,65,19.3,1022.2,2.4,3.4,14,1452.6,0
2019-09-13 12:52:00,3,53,22.3,65,19.3,1022.1,1.4,1.7,14,1452.6,0
2019-09-13 12:55:00,3,53,22.3,65,19.5,1022.1,2.0,3.1,15,1452.6,0
2019-09-13 12:58:00,3,53,22.3,64,19.6,1022.3,1.0,1.7,14,1452.6,0
2019-09-13 13:01:00,3,53,22.3,64,19.8,1022.3,1.7,2.4,14,1452.6,0
2019-09-13 13:04:00,3,53,22.3,63,19.9,1022.2,1.0,1.4,0,1452.6,0
2019-09-13 13:07:00,3,53,22.3,63,20.0,1022.2,1.7,2.7,0,1452.6,0
2019-09-13 13:10:00,3,53,22.3,63,20.1,1022.2,2.7,3.4,14,1452.6,0
2019-09-13 13:13:00,3,53,22.3,61,20.3,1022.3,1.4,2.0,0,1452.6,0
2019-09-13 13:16:00,3,53,22.3,61,20.2,1022.3,1.4,2.4,10,1452.6,0
2019-09-13 13:19:00,3,53,22.3,61,20.1,1022.5,1.4,1.7,14,1452.6,0
2019-09-13 13:22:00,3,53,22.3,61,20.1,1022.5,0.7,1.0,13,1452.6,0
2019-09-13 13:25:00,3,53,22.3,61,20.2,1022.5,2.4,4.1,14,1452.6,0
2019-09-13 13:28:00,3,53,22.3,61,20.3,1022.5,2.0,3.4,14,1452.6,0
2019-09-13 13:31:00,3,53,22.3,60,20.2,1022.4,2.0,3.1,12,1452.6,0
2019-09-13 13:34:00,3,53,22.3,61,20.1,1022.5,1.4,2.4,14,1452.6,0
2019-09-13 13:37:00,3,53,22.3,62,20.1,1022.6,1.0,1.4,12,1452.6,0
2019-09-13 13:40:00,3,53,22.3,62,20.3,1022.6,1.7,2.4,12,1452.6,0
2019-09-13 13:43:00,3,53,22.3,61,20.3,1022.5,1.7,2.4,0,1452.6,0
2019-09-13 13:46:00,3,53,22.3,61,20.5,1022.6,2.0,3.4,14,1452.6,0
2019-09-13 13:49:00,3,54,22.3,60,20.5,1022.7,1.4,2.4,14,1452.6,0
2019-09-13 13:52:00,3,54,22.3,60,20.5,1022.6,1.4,2.0,12,1452.6,0
2019-09-13 13:55:00,3,54,22.3,59,20.7,1022.6,1.4,2.0,0,1452.6,0
2019-09-13 13:58:00,3,54,22.3,59,21.0,1022.8,0.7,1.4,14,1452.6,0
2019-09-13 14:01:00,3,54,22.3,55,20.9,1022.8,1.7,2.7,0,1452.6,0
2019-09-13 14:04:00,3,54,22.3,55,20.9,1022.7,1.7,2.7,0,1452.6,0
2019-09-13 14:07:00,3,54,22.4,54,21.0,1022.7,1.4,2.0,12,1452.6,0
2019-09-13 14:10:00,3,54,22.4,53,20.6,1022.8,3.4,4.4,0,1452.6,0
2019-09-13 14:13:00,3,54,22.4,55,20.2,1022.8,1.4,2.4,0,1452.6,0
2019-09-13 14:16:00,3,54,22.4,54,19.9,1022.8,1.4,2.4,12,1452.6,0
2019-09-13 14:19:00,3,54,22.5,55,19.8,1022.9,1.7,2.7,12,1452.6,0
2019-09-13 14:22:00,3,54,22.5,55,19.8,1022.8,1.4,2.4,12,1452.6,0
2019-09-13 14:25:00,3,54,22.5,55,19.9,1022.8,1.0,1.7,13,1452.6,0
2019-09-13 14:28:00,3,54,22.5,55,19.9,1022.9,1.4,2.4,15,1452.6,0
2019-09-13 14:31:00,3,54,22.5,55,19.8,1023.0,2.0,2.4,10,1452.6,0
2019-09-13 14:34:00,3,55,22.6,55,19.7,1023.0,1.0,1.7,0,1452.6,0
2019-09-13 14:37:00,3,55,22.7,53,19.8,1022.9,1.0,1.4,12,1452.6,0
2019-09-13 14:40:00,3,55,22.8,51,20.1,1023.1,1.4,2.0,14,1452.6,0
2019-09-13 14:43:00,3,55,23.0,50,20.2,1023.1,2.0,2.4,2,1452.6,0
2019-09-13 14:46:00,3,55,23.1,50,20.3,1023.1,3.1,4.1,14,1452.6,0
2019-09-13 14:49:00,3,54,23.3,51,20.5,1023.2,1.7,2.4,14,1452.6,0
2019-09-13 14:52:00,3,54,23.4,49,20.5,1023.2,1.7,3.4,12,1452.6,0
2019-09-13 14:55:00,3,54,23.5,49,20.4,1023.2,1.0,2.0,12,1452.6,0
2019-09-13 14:58:00,3,54,23.6,49,20.4,1023.3,1.4,2.0,4,1452.6,0
2019-09-13 15:01:00,3,53,23.7,49,20.5,1023.4,1.4,2.0,0,1452.6,0
2019-09-13 15:04:00,3,53,23.8,48,20.4,1023.4,1.4,2.0,0,1452.6,0
2019-09-13 15:07:00,3,52,24.0,48,20.4,1023.4,1.7,2.4,8,1452.6,0
2019-09-13 15:10:00,3,51,24.1,49,20.3,1023.4,1.0,1.4,12,1452.6,0
2019-09-13 15:13:00,3,51,24.2,50,20.3,1023.6,0.7,1.4,14,1452.6,0
2019-09-13 15:16:00,3,51,24.3,51,20.3,1023.6,1.0,1.4,14,1452.6,0
2019-09-13 15:19:00,3,51,24.4,50,20.3,1023.7,1.4,2.0,14,1452.6,0
2019-09-13 15:22:00,3,51,24.5,49,20.2,1023.8,1.0,1.7,0,1452.6,0
2019-09-13 15:25:00,3,51,24.6,49,20.1,1023.8,0.7,1.4,0,1452.6,0
2019-09-13 15:28:00,3,50,24.8,49,20.1,1023.8,1.0,1.4,14,1452.6,0
2019-09-13 15:31:00,3,50,24.8,50,20.1,1023.9,0.7,1.0,12,1452.6,0
2019-09-13 15:34:00,3,49,25.0,50,20.1,1023.8,0.3,1.0,0,1452.6,0
2019-09-13 15:37:00,3,48,25.0,51,20.3,1023.8,1.0,1.4,0,1452.6,0
2019-09-13 15:40:00,3,48,25.0,50,20.4,1023.7,1.4,1.7,12,1452.6,0
2019-09-13 15:43:00,3,48,25.0,50,20.3,1023.7,1.0,1.7,0,1452.6,0
2019-09-13 15:46:00,3,48,25.1,49,20.1,1023.7,1.4,1.7,12,1452.6,0
2019-09-13 15:49:00,3,48,25.1,50,20.1,1023.8,0.7,1.0,0,1452.6,0
2019-09-13 15:52:00,3,48,25.2,50,20.0,1023.8,0.3,0.7,12,1452.6,0
2019-09-13 15:55:00,3,47,25.1,50,19.7,1023.7,1.7,2.0,12,1452.6,0
2019-09-13 15:58:00,3,47,25.2,50,19.4,1023.8,1.0,1.4,0,1452.6,0
2019-09-13 16:01:00,3,47,25.2,50,19.3,1023.8,1.4,1.7,12,1452.6,0
2019-09-13 16:04:00,3,47,25.2,50,19.3,1023.9,1.4,1.7,12,1452.6,0
2019-09-13 16:07:00,3,47,25.2,51,19.0,1023.9,0.7,1.4,0,1452.6,0
2019-09-13 16:10:00,3,47,25.2,51,18.9,1023.9,1.4,1.7,0,1452.6,0
2019-09-13 16:13:00,3,47,25.1,51,18.8,1024.0,0.7,1.4,0,1452.6,0
2019-09-13 16:16:00,3,47,25.0,51,18.7,1024.1,0.7,1.0,14,1452.6,0
2019-09-13 16:19:00,3,47,25.0,52,18.6,1024.0,0.7,1.0,14,1452.6,0
2019-09-13 16:22:00,3,49,24.8,52,18.5,1024.1,0.7,1.0,0,1452.6,0
2019-09-13 16:25:00,3,49,24.8,52,18.4,1024.2,0.3,0.7,0,1452.6,0
2019-09-13 16:28:00,3,49,24.7,53,18.3,1024.1,1.4,1.7,13,1452.6,0
2019-09-13 16:31:00,3,49,24.5,53,18.3,1024.2,0.3,0.7,12,1452.6,0
2019-09-13 16:34:00,3,49,24.4,53,18.2,1024.1,0,0.3,14,1452.6,0
2019-09-13 16:37:00,3,49,24.4,54,18.2,1024.1,0.3,0.7,14,1452.6,0
2019-09-13 16:40:00,3,50,24.4,54,18.1,1024.1,0.3,1.0,14,1452.6,0
2019-09-13 16:43:00,3,50,24.3,54,18.0,1024.2,0.7,1.0,14,1452.6,0
2019-09-13 16:46:00,3,50,24.3,55,18.0,1024.2,0,0.3,14,1452.6,0
2019-09-13 16:49:00,3,50,24.2,55,17.9,1024.3,0.7,1.0,0,1452.6,0
2019-09-13 16:52:00,3,50,24.1,55,17.8,1024.2,0.7,1.4,0,1452.6,0
2019-09-13 16:55:00,3,50,24.1,55,17.7,1024.2,0.7,1.0,0,1452.6,0
2019-09-13 16:58:00,3,50,24.1,55,17.6,1024.3,0.7,0.7,0,1452.6,0
2019-09-13 17:01:00,3,51,24.1,55,17.6,1024.3,0.7,1.0,14,1452.6,0
2019-09-13 17:04:00,3,51,24.0,55,17.5,1024.3,0.7,1.0,0,1452.6,0
2019-09-13 17:07:00,3,51,24.0,60,17.4,1024.3,0.3,0.7,0,1452.6,0
2019-09-13 17:10:00,3,51,24.0,60,17.3,1024.4,0.3,0.7,14,1452.6,0
2019-09-13 17:13:00,3,51,24.0,60,17.2,1024.5,0.7,1.4,14,1452.6,0
2019-09-13 17:16:00,3,52,23.8,60,17.1,1024.5,0,0.3,0,1452.6,0
2019-09-13 17:19:00,3,52,23.8,60,17.1,1024.5,0,0.3,0,1452.6,0
2019-09-13 17:22:00,3,52,23.8,60,16.9,1024.7,0.7,1.0,0,1452.6,0
2019-09-13 17:25:00,3,52,23.8,61,16.9,1024.5,0.3,0.7,0,1452.6,0
2019-09-13 17:28:00,3,52,23.8,61,16.8,1024.7,0.7,1.0,0,1452.6,0
2019-09-13 17:31:00,3,52,23.7,61,16.7,1024.6,0.3,0.7,14,1452.6,0
2019-09-13 17:34:00,3,52,23.7,61,16.6,1024.6,0,0.3,0,1452.6,0
2019-09-13 17:37:00,3,52,23.7,61,16.5,1024.6,0,0,0,1452.6,0
2019-09-13 17:40:00,3,52,23.7,61,16.4,1024.6,0.3,1.0,14,1452.6,0
2019-09-13 17:43:00,3,52,23.7,61,16.4,1024.6,0.3,0.7,0,1452.6,0
2019-09-13 17:46:00,3,52,23.6,62,16.3,1024.7,0.3,0.7,0,1452.6,0
2019-09-13 17:49:00,3,52,23.6,62,16.2,1024.7,0.7,1.0,0,1452.6,0
2019-09-13 17:52:00,3,52,23.6,61,16.1,1024.7,0,0.3,14,1452.6,0
2019-09-13 17:55:00,3,52,23.6,61,16.1,1024.7,0,0.7,0,1452.6,0
2019-09-13 17:58:00,3,52,23.6,61,16.0,1024.7,0.3,0.7,0,1452.6,0
2019-09-13 18:01:00,3,51,23.5,61,15.9,1024.7,0.3,0.7,0,1452.6,0
2019-09-13 18:04:00,3,51,23.5,61,15.9,1024.6,0.3,0.7,0,1452.6,0
2019-09-13 18:07:00,3,50,23.4,61,15.9,1024.8,0.3,0.7,0,1452.6,0
2019-09-13 18:10:00,3,50,23.4,62,15.6,1024.8,0,0,0,1452.6,0
2019-09-13 18:13:00,3,49,23.4,62,15.5,1025.0,0,0,14,1452.6,0
2019-09-13 18:16:00,3,49,23.4,63,15.4,1025.0,0,0,14,1452.6,0
2019-09-13 18:19:00,3,49,23.4,63,15.2,1024.9,0,0,14,1452.6,0
2019-09-13 18:22:00,3,50,23.4,63,15.1,1025.0,0,0,14,1452.6,0
2019-09-13 18:25:00,3,50,23.4,64,15.0,1025.1,0,0,14,1452.6,0
2019-09-13 18:28:00,3,50,23.3,65,14.8,1025.2,0,0,14,1452.6,0
2019-09-13 18:31:00,3,51,23.3,65,14.7,1025.1,0,0,14,1452.6,0
2019-09-13 18:34:00,3,51,23.3,66,14.6,1025.2,0,0,14,1452.6,0
2019-09-13 18:37:00,3,51,23.3,67,14.5,1025.2,0,0,14,1452.6,0
2019-09-13 18:40:00,3,51,23.3,68,14.4,1025.3,0,0,14,1452.6,0
2019-09-13 18:43:00,3,52,23.3,69,14.3,1025.3,0,0,14,1452.6,0
2019-09-13 18:46:00,3,52,23.2,70,14.2,1025.3,0,0,14,1452.6,0
2019-09-13 18:49:00,3,52,23.2,70,14.1,1025.3,0,0,14,1452.6,0
2019-09-13 18:52:00,3,52,23.1,70,14.0,1025.3,0,0,14,1452.6,0
2019-09-13 18:55:00,3,52,23.1,70,14.0,1025.4,0,0,14,1452.6,0
2019-09-13 18:58:00,3,52,23.1,70,13.9,1025.4,0,0,14,1452.6,0
2019-09-13 19:01:00,3,52,23.1,70,13.8,1025.4,0,0,14,1452.6,0
2019-09-13 19:04:00,3,52,23.1,71,13.7,1025.4,0,0,14,1452.6,0
2019-09-13 19:07:00,3,52,23.1,71,13.7,1025.4,0,0,14,1452.6,0
2019-09-13 19:10:00,3,52,23.1,71,13.6,1025.5,0,0,14,1452.6,0
2019-09-13 19:13:00,3,52,23.1,72,13.5,1025.5,0,0,14,1452.6,0
2019-09-13 19:16:00,3,52,23.1,72,13.4,1025.5,0,0,14,1452.6,0
2019-09-13 19:19:00,3,52,23.1,72,13.4,1025.5,0,0,14,1452.6,0
2019-09-13 19:22:00,3,52,23.0,72,13.3,1025.6,0,0,14,1452.6,0
2019-09-13 19:25:00,3,52,23.0,72,13.3,1025.5,0,0,0,1452.6,0
2019-09-13 19:28:00,3,52,23.0,73,13.2,1025.5,0,0,0,1452.6,0
2019-09-13 19:31:00,3,52,23.0,73,13.1,1025.5,0,0,0,1452.6,0
2019-09-13 19:34:00,3,52,23.0,73,13.1,1025.5,0,0,0,1452.6,0
2019-09-13 19:37:00,3,52,23.0,73,13.0,1025.6,0,0,0,1452.6,0
2019-09-13 19:40:00,3,52,23.0,73,12.9,1025.7,0,0,0,1452.6,0
2019-09-13 19:43:00,3,52,23.0,73,12.8,1025.8,0,0,0,1452.6,0
2019-09-13 19:46:00,3,52,23.0,73,12.8,1025.7,0,0,0,1452.6,0
2019-09-13 19:49:00,3,51,22.9,73,12.7,1025.7,0,0,0,1452.6,0
2019-09-13 19:52:00,3,52,23.0,73,12.6,1025.8,0,0,0,1452.6,0
2019-09-13 19:55:00,3,51,22.9,73,12.6,1025.8,0,0,0,1452.6,0
2019-09-13 19:58:00,3,51,22.9,73,12.5,1025.9,0,0,0,1452.6,0
2019-09-13 20:01:00,3,51,22.9,77,12.4,1025.9,0,0,0,1452.6,0
2019-09-13 20:04:00,3,51,22.9,77,12.4,1025.9,0,0,0,1452.6,0
2019-09-13 20:07:00,3,51,22.9,77,12.3,1025.9,0,0,0,1452.6,0
2019-09-13 20:10:00,3,51,22.9,77,12.2,1026.0,0,0,0,1452.6,0
2019-09-13 20:13:00,3,51,22.9,78,12.2,1025.9,0,0,0,1452.6,0
2019-09-13 20:16:00,3,51,22.9,79,12.1,1026.0,0,0,0,1452.6,0
2019-09-13 20:19:00,3,51,22.9,79,12.0,1026.0,0,0,0,1452.6,0
2019-09-13 20:22:00,3,51,22.8,79,11.9,1026.1,0,0,0,1452.6,0
2019-09-13 20:25:00,3,51,22.8,80,11.8,1026.0,0,0,0,1452.6,0
2019-09-13 20:28:00,3,51,22.8,80,11.8,1025.9,0,0.3,0,1452.6,0
2019-09-13 20:31:00,3,51,22.7,80,11.7,1025.9,0,0,0,1452.6,0
2019-09-13 20:34:00,3,51,22.7,81,11.7,1026.0,0,0,0,1452.6,0
2019-09-13 20:37:00,3,51,22.7,81,11.6,1026.0,0,0,0,1452.6,0
2019-09-13 20:40:00,3,51,22.7,81,11.6,1026.1,0,0,0,1452.6,0
2019-09-13 20:43:00,3,51,22.7,82,11.5,1026.0,0,0,0,1452.6,0
2019-09-13 20:46:00,3,51,22.7,82,11.5,1026.1,0,0,0,1452.6,0
2019-09-13 20:49:00,3,51,22.7,82,11.4,1026.1,0,0,0,1452.6,0
2019-09-13 20:52:00,3,51,22.7,82,11.4,1026.2,0,0,0,1452.6,0
2019-09-13 20:55:00,3,51,22.7,82,11.4,1026.1,0,0,0,1452.6,0
2019-09-13 20:58:00,3,51,22.7,82,11.3,1026.0,0,0,0,1452.6,0
2019-09-13 21:01:00,3,51,22.6,83,11.2,1026.0,0,0,0,1452.6,0
2019-09-13 21:04:00,3,51,22.6,83,11.2,1026.0,0,0,0,1452.6,0
2019-09-13 21:07:00,3,51,22.6,83,11.1,1026.0,0,0,0,1452.6,0
2019-09-13 21:10:00,3,51,22.6,83,11.0,1026.1,0,0,0,1452.6,0
2019-09-13 21:13:00,3,51,22.6,83,11.0,1026.1,0,0,0,1452.6,0
2019-09-13 21:16:00,3,51,22.6,83,11.0,1026.2,0,0,0,1452.6,0
2019-09-13 21:19:00,3,51,22.6,83,11.0,1026.2,0,0,0,1452.6,0
2019-09-13 21:22:00,3,51,22.6,83,10.9,1026.3,0,0,0,1452.6,0
2019-09-13 21:25:00,3,50,22.6,83,10.9,1026.2,0,0,0,1452.6,0
2019-09-13 21:28:00,3,50,22.6,84,10.9,1026.3,0,0,0,1452.6,0
2019-09-13 21:31:00,3,50,22.6,84,10.9,1026.3,0,0,0,1452.6,0
2019-09-13 21:34:00,3,50,22.6,84,10.8,1026.4,0,0,0,1452.6,0
2019-09-13 21:37:00,3,51,22.5,84,10.8,1026.2,0,0,0,1452.6,0
2019-09-13 21:40:00,3,50,22.5,84,10.8,1026.4,0,0,0,1452.6,0
2019-09-13 21:43:00,3,50,22.5,84,10.7,1026.3,0,0,0,1452.6,0
2019-09-13 21:46:00,3,50,22.5,84,10.7,1026.3,0,0,0,1452.6,0
2019-09-13 21:49:00,3,50,22.5,85,10.6,1026.4,0,0,0,1452.6,0
2019-09-13 21:52:00,3,50,22.5,85,10.5,1026.3,0,0,0,1452.6,0
2019-09-13 21:55:00,3,50,22.4,85,10.5,1026.3,0,0,0,1452.6,0
2019-09-13 21:58:00,3,50,22.4,85,10.4,1026.4,0,0,0,1452.6,0
2019-09-13 22:01:00,3,50,22.4,85,10.4,1026.5,0,0,0,1452.6,0
2019-09-13 22:04:00,3,50,22.3,85,10.4,1026.4,0,0,0,1452.6,0
2019-09-13 22:07:00,3,50,22.3,86,10.2,1026.6,0,0,0,1452.6,0
2019-09-13 22:10:00,3,50,22.3,86,10.2,1026.5,0,0,0,1452.6,0
2019-09-13 22:13:00,3,50,22.3,86,10.1,1026.6,0,0,0,1452.6,0
2019-09-13 22:16:00,3,50,22.3,86,10.0,1026.5,0,0,0,1452.6,0
2019-09-13 22:19:00,3,50,22.3,86,10.0,1026.5,0,0,0,1452.6,0
2019-09-13 22:22:00,3,50,22.3,87,10.0,1026.5,0,0,0,1452.6,0
2019-09-13 22:25:00,3,50,22.3,87,10.0,1026.5,0,0,0,1452.6,0
2019-09-13 22:28:00,3,50,22.3,87,10.0,1026.5,0,0,0,1452.6,0
2019-09-13 22:31:00,3,50,22.2,87,9.9,1026.5,0,0,0,1452.6,0
2019-09-13 22:34:00,3,50,22.2,88,9.9,1026.7,0,0,0,1452.6,0
2019-09-13 22:37:00,3,50,22.2,88,9.8,1026.7,0,0,0,1452.6,0
2019-09-13 22:40:00,3,50,22.2,88,9.8,1026.8,0,0,0,1452.6,0
2019-09-13 22:43:00,3,50,22.2,88,9.7,1026.7,0,0,0,1452.6,0
2019-09-13 22:46:00,3,50,22.2,89,9.7,1026.6,0,0,0,1452.6,0
2019-09-13 22:49:00,3,50,22.2,89,9.7,1026.7,0,0,0,1452.6,0
2019-09-13 22:52:00,3,50,22.2,89,9.6,1026.8,0,0,0,1452.6,0
2019-09-13 22:55:00,3,50,22.2,90,9.6,1026.7,0,0,0,1452.6,0
2019-09-13 22:58:00,3,50,22.1,90,9.6,1026.8,0,0,0,1452.6,0
2019-09-13 23:01:00,3,50,22.1,90,9.5,1026.9,0,0,0,1452.6,0
2019-09-13 23:04:00,3,50,22.1,90,9.5,1026.9,0,0,0,1452.6,0
2019-09-13 23:07:00,3,50,22.1,90,9.4,1026.8,0,0,0,1452.6,0
2019-09-13 23:10:00,3,50,22.1,90,9.4,1026.8,0,0,0,1452.6,0
2019-09-13 23:13:00,3,50,22.1,90,9.3,1026.9,0,0,0,1452.6,0
2019-09-13 23:16:00,3,50,22.1,90,9.3,1026.9,0,0,0,1452.6,0
2019-09-13 23:19:00,3,49,22.1,90,9.3,1027.0,0,0,0,1452.6,0
2019-09-13 23:22:00,3,49,22.1,91,9.2,1027.0,0,0,0,1452.6,0
2019-09-13 23:25:00,3,49,22.0,91,9.2,1027.0,0,0,0,1452.6,0
2019-09-13 23:28:00,3,49,22.0,91,9.1,1027.0,0,0,0,1452.6,0
2019-09-13 23:31:00,3,49,22.0,91,9.1,1027.0,0,0,0,1452.6,0
2019-09-13 23:34:00,3,50,21.9,91,9.0,1027.1,0,0,0,1452.6,0
2019-09-13 23:37:00,3,50,21.9,91,9.0,1027.0,0,0,0,1452.6,0
2019-09-13 23:40:00,3,50,21.9,91,9.0,1027.1,0,0,0,1452.6,0
2019-09-13 23:43:00,3,50,21.9,91,8.9,1027.0,0,0,0,1452.6,0
2019-09-13 23:46:00,3,50,21.9,91,8.9,1027.0,0,0,0,1452.6,0
2019-09-13 23:49:00,3,50,21.9,91,8.8,1027.0,0,0,0,1452.6,0
2019-09-13 23:52:00,3,50,21.9,91,8.8,1027.0,0,0,0,1452.6,0
2019-09-13 23:55:00,3,50,21.9,91,8.7,1027.1,0,0,0,1452.6,0
2019-09-13 23:58:00,3,50,21.8,91,8.7,1027.1,0,0,0,1452.6,0
