2019-09-30 00:01:00,3,56,21.8,98,14.7,987.4,0,0.3,8,1483.5,0
2019-09-30 00:04:00,3,56,21.8,98,14.7,987.3,0,0.3,8,1483.5,0
2019-09-30 00:07:00,3,56,21.8,98,14.7,987.2,0,0.3,8,1483.5,0
2019-09-30 00:10:00,3,56,21.8,98,14.7,987.2,0,0,8,1483.5,0
2019-09-30 00:13:00,3,56,21.8,98,14.7,987.1,0,0,6,1483.5,0
2019-09-30 00:16:00,3,56,21.8,98,14.8,987.1,0,0.3,10,1483.5,0
2019-09-30 00:19:00,3,56,21.8,98,14.8,987.1,0,0.3,10,1483.5,0
2019-09-30 00:22:00,3,56,21.8,99,14.8,987.0,0,0.3,12,1483.5,0
2019-09-30 00:25:00,3,55,21.7,99,14.8,987.1,0.7,1.0,12,1483.5,0
2019-09-30 00:28:00,3,55,21.7,99,14.9,986.9,0.3,1.0,14,1483.5,0
2019-09-30 00:31:00,3,55,21.7,99,14.9,986.9,0,0.7,12,1483.5,0
2019-09-30 00:34:00,3,55,21.7,99,15.0,986.9,0,0.3,12,1483.5,0
2019-09-30 00:37:00,3,55,21.7,98,15.0,986.8,0,0.3,14,1483.5,0
2019-09-30 00:40:00,3,55,21.7,98,15.0,986.9,0.7,1.0,12,1483.5,0
2019-09-30 00:43:00,3,55,21.7,98,15.1,986.9,1.7,2.4,10,1483.5,0
2019-09-30 00:46:00,3,55,21.7,98,15.2,986.9,0.3,0.7,12,1483.5,0
2019-09-30 00:49:00,3,55,21.7,98,15.2,986.9,0.7,1.0,10,1483.5,0
2019-09-30 00:52:00,3,55,21.7,97,15.3,986.7,0.3,0.7,12,1483.5,0
2019-09-30 00:55:00,3,55,21.7,96,15.3,986.7,0.3,0.7,0,1483.5,0
2019-09-30 00:58:00,3,55,21.7,96,15.3,986.6,1.4,2.4,10,1483.5,0
2019-09-30 01:01:00,3,55,21.7,95,15.4,986.7,2.0,2.7,8,1483.5,0
2019-09-30 01:04:00,3,55,21.7,95,15.5,986.7,0.3,0.7,0,1483.5,0
2019-09-30 01:07:00,3,55,21.7,94,15.5,986.7,1.7,2.4,6,1483.5,0
2019-09-30 01:10:00,3,55,21.7,94,15.6,986.8,0.3,0.7,8,1483.5,0
2019-09-30 01:13:00,3,55,21.7,93,15.6,986.7,1.0,1.7,12,1483.5,0
2019-09-30 01:16:00,3,55,21.7,92,15.7,986.6,1.7,3.4,12,1483.5,0
2019-09-30 01:19:00,3,55,21.7,92,15.7,986.7,2.7,3.4,10,1483.5,0
2019-09-30 01:22:00,3,55,21.7,92,15.7,986.7,0.7,1.4,12,1483.5,0
2019-09-30 01:25:00,3,55,21.7,91,15.7,986.6,1.0,1.4,12,1483.5,0
2019-09-30 01:28:00,3,55,21.6,91,15.7,986.6,1.4,2.4,10,1483.5,0
2019-09-30 01:31:00,3,55,21.7,91,15.7,986.6,1.7,2.4,8,1483.5,0
2019-09-30 01:34:00,3,55,21.7,91,15.7,986.5,2.4,3.4,6,1483.5,0
2019-09-30 01:37:00,3,55,21.6,91,15.7,986.6,2.7,4.8,14,1483.5,0
2019-09-30 01:40:00,3,55,21.6,91,15.7,986.6,1.0,1.7,10,1483.5,0
2019-09-30 01:43:00,3,55,21.6,91,15.6,986.6,1.7,2.4,10,1483.5,0
2019-09-30 01:46:00,3,55,21.6,91,15.6,986.6,2.4,3.4,14,1483.5,0
2019-09-30 01:49:00,3,55,21.6,90,15.6,986.5,1.0,1.4,12,1483.5,0
2019-09-30 01:52:00,3,55,21.6,90,15.6,986.6,3.1,4.4,12,1483.5,0
2019-09-30 01:55:00,3,55,21.6,90,15.6,986.4,1.0,1.4,14,1483.5,0
2019-09-30 01:58:00,3,55,21.6,90,15.5,986.4,1.0,1.7,10,1483.5,0
2019-09-30 02:01:00,3,55,21.6,90,15.5,986.4,0.7,1.0,13,1483.5,0
2019-09-30 02:04:00,3,55,21.6,90,15.5,986.5,0.7,1.0,13,1483.5,0
2019-09-30 02:07:00,3,55,21.6,90,15.5,986.4,2.0,2.7,14,1483.5,0
2019-09-30 02:10:00,3,55,21.6,90,15.5,986.5,1.4,1.7,12,1483.5,0
2019-09-30 02:13:00,3,55,21.6,91,15.5,986.5,2.0,3.1,14,1483.5,0
2019-09-30 02:16:00,3,55,21.6,91,15.5,986.3,1.0,1.4,0,1483.5,0
2019-09-30 02:19:00,3,55,21.6,91,15.5,986.3,0.7,1.0,14,1483.5,0
2019-09-30 02:22:00,3,55,21.6,91,15.5,986.3,2.0,3.4,10,1483.5,0
2019-09-30 02:25:00,3,55,21.5,91,15.5,986.3,0.7,1.0,12,1483.5,0
2019-09-30 02:28:00,3,55,21.5,91,15.6,986.2,1.7,2.4,6,1483.5,0
2019-09-30 02:31:00,3,55,21.5,91,15.6,986.3,1.4,2.0,12,1483.5,0
2019-09-30 02:34:00,3,55,21.5,91,15.7,986.3,1.4,1.7,12,1483.5,0
2019-09-30 02:37:00,3,55,21.5,90,15.7,986.4,1.7,3.1,12,1483.5,0
2019-09-30 02:40:00,3,55,21.5,90,15.8,986.4,2.4,3.1,11,1483.5,0
2019-09-30 02:43:00,3,55,21.5,90,15.7,986.3,1.7,2.7,10,1483.5,0
2019-09-30 02:46:00,3,55,21.5,90,15.7,986.4,1.7,2.7,10,1483.5,0
2019-09-30 02:49:00,3,55,21.5,90,15.6,986.2,1.7,2.0,7,1483.5,0
2019-09-30 02:52:00,3,55,21.5,90,15.6,986.2,1.4,2.0,10,1483.5,0
2019-09-30 02:55:00,3,55,21.5,90,15.5,986.2,1.0,1.4,12,1483.5,0
2019-09-30 02:58:00,3,55,21.5,90,15.5,986.2,1.4,2.0,3,1483.5,0
2019-09-30 03:01:00,3,55,21.5,91,15.5,986.2,1.0,1.7,8,1483.5,0
2019-09-30 03:04:00,3,55,21.5,91,15.5,986.2,1.4,2.0,12,1483.5,0
2019-09-30 03:07:00,3,55,21.5,91,15.6,986.2,2.4,3.1,12,1483.5,0
2019-09-30 03:10:00,3,55,21.5,91,15.6,986.2,1.7,2.7,10,1483.5,0
2019-09-30 03:13:00,3,55,21.5,91,15.6,986.1,1.7,2.7,12,1483.5,0
2019-09-30 03:16:00,3,55,21.5,91,15.6,986.1,2.0,2.7,8,1483.5,0
2019-09-30 03:19:00,3,55,21.5,90,15.7,986.1,2.7,3.7,10,1483.5,0
2019-09-30 03:22:00,3,55,21.5,90,15.7,986.1,0.7,1.4,10,1483.5,0
2019-09-30 03:25:00,3,55,21.5,90,15.7,985.9,1.0,2.0,10,1483.5,0
2019-09-30 03:28:00,3,55,21.5,90,15.7,986.0,3.1,4.4,10,1483.5,0
2019-09-30 03:31:00,3,55,21.4,90,15.8,985.9,2.0,3.1,10,1483.5,0
2019-09-30 03:34:00,3,55,21.4,89,15.8,985.9,2.0,2.7,10,1483.5,0
2019-09-30 03:37:00,3,55,21.4,89,15.9,985.9,1.7,2.0,12,1483.5,0
2019-09-30 03:40:00,3,55,21.4,88,15.8,985.9,2.7,3.4,10,1483.5,0
2019-09-30 03:43:00,3,55,21.4,88,15.8,985.8,1.7,2.0,11,1483.5,0
2019-09-30 03:46:00,3,55,21.4,89,15.6,985.9,2.4,3.4,8,1483.8,0
2019-09-30 03:49:00,3,55,21.4,90,15.5,985.8,2.4,3.7,12,1483.8,0
2019-09-30 03:52:00,3,55,21.4,90,15.4,985.8,1.7,2.0,10,1483.8,0
2019-09-30 03:55:00,3,55,21.4,91,15.4,985.8,3.4,4.8,14,1483.8,0
2019-09-30 03:58:00,3,55,21.4,91,15.3,985.8,1.7,2.0,10,1483.8,0
2019-09-30 04:01:00,3,55,21.4,92,15.2,985.8,2.0,2.4,13,1484.1,0
2019-09-30 04:04:00,3,55,21.4,92,15.2,985.8,2.0,2.4,13,1484.1,0
2019-09-30 04:07:00,3,55,21.4,92,15.2,985.7,2.0,2.4,13,1484.1,0
2019-09-30 04:10:00,3,56,21.4,93,15.1,985.7,1.4,2.4,10,1484.1,0
2019-09-30 04:13:00,3,56,21.5,94,15.1,985.7,1.0,1.7,6,1484.4,0
2019-09-30 04:16:00,3,56,21.5,94,15.0,985.8,1.4,1.7,12,1484.4,0
2019-09-30 04:19:00,3,56,21.5,95,15.0,985.7,1.4,2.4,10,1484.4,0
2019-09-30 04:22:00,3,56,21.5,95,15.0,985.7,1.4,1.7,10,1484.7,0
2019-09-30 04:25:00,3,56,21.5,96,14.9,985.7,1.7,2.7,14,1484.7,0
2019-09-30 04:28:00,3,56,21.5,96,14.9,985.7,1.4,2.0,14,1484.7,0
2019-09-30 04:31:00,3,56,21.5,96,14.9,985.6,2.0,3.1,10,1484.7,0
2019-09-30 04:34:00,3,56,21.5,97,14.9,985.6,2.4,3.1,8,1485.0,0
2019-09-30 04:37:00,3,56,21.6,97,14.9,985.7,1.0,1.7,10,1485.0,0
2019-09-30 04:40:00,3,56,21.6,97,14.9,985.7,1.4,2.4,10,1485.0,0
2019-09-30 04:43:00,3,56,21.6,98,14.9,985.7,1.4,2.4,12,1485.0,0
2019-09-30 04:46:00,3,56,21.6,98,14.9,985.5,2.4,5.4,12,1485.3,0
2019-09-30 04:49:00,3,56,21.6,98,14.9,985.7,2.0,3.1,10,1485.3,0
2019-09-30 04:52:00,3,56,21.7,98,14.9,985.5,2.7,4.8,10,1485.3,0
2019-09-30 04:55:00,3,56,21.7,98,14.9,985.6,2.0,2.4,12,1485.6,0
2019-09-30 04:58:00,3,56,21.7,99,14.9,985.7,2.0,2.4,8,1485.6,0
2019-09-30 05:01:00,3,56,21.7,99,14.9,985.7,2.0,3.1,12,1485.6,0
2019-09-30 05:04:00,3,56,21.7,99,14.9,985.7,3.4,5.1,12,1485.6,0
2019-09-30 05:07:00,3,56,21.7,99,14.9,985.6,1.7,2.0,10,1485.6,0
2019-09-30 05:10:00,3,56,21.7,99,14.9,985.7,3.7,4.8,8,1485.6,0
2019-09-30 05:13:00,3,56,21.7,99,14.9,985.7,2.4,3.1,10,1485.6,0
2019-09-30 05:16:00,3,56,21.7,99,14.9,985.7,1.7,2.4,8,1485.6,0
2019-09-30 05:19:00,3,56,21.7,99,14.9,985.7,2.4,3.1,12,1485.6,0
2019-09-30 05:22:00,3,56,21.7,99,14.9,985.7,2.4,3.4,6,1485.9,0
2019-09-30 05:25:00,3,56,21.7,99,14.9,985.7,2.0,2.7,12,1485.9,0
2019-09-30 05:28:00,3,56,21.7,99,14.9,985.8,2.0,2.4,10,1485.9,0
2019-09-30 05:31:00,3,56,21.7,99,14.9,985.9,1.7,2.4,12,1485.9,0
2019-09-30 05:34:00,3,56,21.7,99,15.0,985.8,2.7,4.4,9,1485.9,0
2019-09-30 05:37:00,3,56,21.7,99,14.9,985.8,3.1,4.1,12,1485.9,0
2019-09-30 05:40:00,3,56,21.7,99,14.9,985.9,2.4,3.4,10,1485.9,0
2019-09-30 05:43:00,3,56,21.8,99,14.9,985.9,2.4,3.7,12,1485.9,0
2019-09-30 05:46:00,3,56,21.7,99,14.9,986.0,2.4,3.1,12,1486.2,0
2019-09-30 05:49:00,3,56,21.7,98,14.9,986.0,1.0,2.0,12,1486.2,0
2019-09-30 05:52:00,3,56,21.7,98,14.9,986.0,2.7,3.4,12,1486.2,0
2019-09-30 05:55:00,3,56,21.7,98,14.9,986.0,1.7,2.7,12,1486.2,0
2019-09-30 05:58:00,3,56,21.8,98,14.9,985.9,2.0,2.7,8,1486.2,0
2019-09-30 06:01:00,3,56,21.8,97,14.9,986.0,2.0,2.7,10,1486.2,0
2019-09-30 06:04:00,3,56,21.8,97,14.9,986.0,2.0,2.7,10,1486.2,0
2019-09-30 06:07:00,3,56,21.8,97,14.9,986.0,1.0,1.7,12,1486.2,0
2019-09-30 06:10:00,3,56,21.8,96,14.9,986.0,5.4,7.8,10,1486.2,0
2019-09-30 06:13:00,3,56,21.8,96,15.0,986.0,1.7,2.7,10,1486.2,0
2019-09-30 06:16:00,3,56,21.8,95,15.0,986.0,2.0,3.4,10,1486.2,0
2019-09-30 06:19:00,3,56,21.8,94,15.0,986.1,3.4,4.4,10,1486.2,0
2019-09-30 06:22:00,3,56,21.8,92,15.0,986.2,4.8,6.1,10,1486.2,0
2019-09-30 06:25:00,3,56,21.8,91,15.0,986.1,4.4,6.5,12,1486.2,0
2019-09-30 06:28:00,3,56,21.8,90,14.9,986.3,3.4,5.1,12,1486.2,0
2019-09-30 06:31:00,3,56,21.8,90,14.8,986.2,2.0,3.4,0,1486.2,0
2019-09-30 06:34:00,3,56,21.8,89,14.7,986.3,2.7,3.4,12,1486.2,0
2019-09-30 06:37:00,3,56,21.8,90,14.5,986.4,4.1,5.8,13,1486.5,0
2019-09-30 06:40:00,3,56,21.8,90,14.4,986.5,4.4,6.1,12,1486.5,0
2019-09-30 06:43:00,3,56,21.8,90,14.3,986.5,3.1,5.1,10,1486.5,0
2019-09-30 06:46:00,3,56,21.8,90,14.1,986.5,6.1,7.5,12,1486.5,0
2019-09-30 06:49:00,3,57,21.8,91,14.1,986.7,3.7,5.8,10,1486.5,0
2019-09-30 06:52:00,3,57,21.9,91,14.0,986.6,3.7,4.1,10,1486.5,0
2019-09-30 06:55:00,3,56,22.1,91,14.0,986.7,3.1,4.1,10,1486.5,0
2019-09-30 06:58:00,3,55,22.2,92,13.9,986.7,2.7,3.1,12,1486.5,0
2019-09-30 07:01:00,3,55,22.3,92,13.9,986.8,3.1,3.7,10,1486.5,0
2019-09-30 07:04:00,3,54,22.5,92,13.9,986.8,2.4,3.4,12,1486.5,0
2019-09-30 07:07:00,3,54,22.6,93,13.9,986.7,4.1,5.4,12,1486.5,0
2019-09-30 07:10:00,3,54,22.7,93,13.8,986.7,2.7,3.7,12,1486.5,0
2019-09-30 07:13:00,3,53,22.7,93,13.8,986.8,3.7,5.1,10,1486.5,0
2019-09-30 07:16:00,3,53,22.9,93,13.8,986.8,2.7,4.1,14,1486.5,0
2019-09-30 07:19:00,3,53,22.9,94,13.8,987.0,2.7,4.4,12,1486.5,0
2019-09-30 07:22:00,3,54,23.0,94,13.8,987.0,3.1,6.1,12,1486.5,0
2019-09-30 07:25:00,3,54,23.0,94,13.8,987.1,4.4,6.5,10,1486.5,0
2019-09-30 07:28:00,3,54,23.1,94,13.9,987.2,6.1,7.8,12,1486.5,0
2019-09-30 07:31:00,3,54,23.3,94,13.9,987.4,3.4,5.1,10,1486.5,0
2019-09-30 07:34:00,3,53,23.4,94,14.0,987.6,5.1,8.5,14,1486.8,0
2019-09-30 07:37:00,3,53,23.5,94,14.0,987.7,6.1,9.5,10,1486.8,0
2019-09-30 07:40:00,3,53,23.6,93,14.0,987.9,6.5,11.6,10,1486.8,0
2019-09-30 07:43:00,3,53,23.7,93,14.1,987.9,4.8,6.1,14,1486.8,0
2019-09-30 07:46:00,3,53,23.7,92,14.1,988.2,2.7,3.4,12,1486.8,0
2019-09-30 07:49:00,3,52,23.8,92,14.1,988.3,4.4,6.5,14,1486.8,0
2019-09-30 07:52:00,3,52,23.9,91,14.0,988.4,6.8,8.8,14,1487.1,0
2019-09-30 07:55:00,3,51,24.0,91,13.9,988.8,4.4,6.1,12,1487.1,0
2019-09-30 07:58:00,3,51,24.1,90,13.8,988.8,4.1,7.1,12,1487.1,0
2019-09-30 08:01:00,3,51,24.1,89,13.7,989.2,6.5,11.6,13,1487.4,0
2019-09-30 08:04:00,3,51,24.2,89,13.7,989.3,6.5,11.6,13,1487.4,0
2019-09-30 08:07:00,3,51,24.3,86,13.7,989.6,3.1,4.4,12,1487.4,0
2019-09-30 08:10:00,3,51,24.4,86,13.6,989.9,2.4,3.4,3,1487.4,0
2019-09-30 08:13:00,3,51,24.4,86,13.6,990.1,1.7,2.7,14,1487.4,0
2019-09-30 08:16:00,3,50,24.5,86,13.5,990.1,4.4,6.8,12,1487.4,0
2019-09-30 08:19:00,3,50,24.5,87,13.4,990.3,4.1,4.8,14,1487.4,0
2019-09-30 08:22:00,3,50,24.7,87,13.3,990.4,4.1,5.8,12,1487.4,0
2019-09-30 08:25:00,3,50,24.5,88,13.2,990.6,2.7,5.1,12,1487.4,0
2019-09-30 08:28:00,3,50,24.4,88,13.2,990.6,3.1,4.4,12,1487.4,0
2019-09-30 08:31:00,3,50,24.2,88,13.2,990.8,4.4,6.1,12,1487.4,0
2019-09-30 08:34:00,3,51,24.1,88,13.1,990.9,4.4,6.8,12,1487.4,0
2019-09-30 08:37:00,3,51,24.0,88,13.0,991.1,4.1,5.8,12,1487.4,0
2019-09-30 08:40:00,3,52,23.8,88,13.0,991.0,4.4,5.8,12,1487.4,0
2019-09-30 08:43:00,3,52,23.8,88,13.1,991.2,4.1,4.8,12,1487.4,0
2019-09-30 08:46:00,3,52,23.7,88,13.2,991.2,3.4,4.8,0,1487.4,0
2019-09-30 08:49:00,3,52,23.6,86,13.3,991.3,4.1,5.4,14,1487.4,0
2019-09-30 08:52:00,3,52,23.6,85,13.4,991.4,3.4,5.4,12,1487.4,0
2019-09-30 08:55:00,3,52,23.6,84,13.5,991.6,1.7,2.0,12,1487.4,0
2019-09-30 08:58:00,3,52,23.5,83,13.5,991.6,3.1,4.1,10,1487.4,0
2019-09-30 09:01:00,3,52,23.4,82,13.6,991.8,7.1,8.2,0,1487.4,0
2019-09-30 09:04:00,3,53,23.4,81,13.7,991.8,2.7,3.7,14,1487.4,0
2019-09-30 09:07:00,3,53,23.4,81,13.7,992.0,3.4,4.8,14,1487.4,0
2019-09-30 09:10:00,3,53,23.3,80,13.8,992.1,4.1,6.1,12,1487.4,0
2019-09-30 09:13:00,3,53,23.3,80,13.9,992.1,2.0,3.1,14,1487.4,0
2019-09-30 09:16:00,3,53,23.2,79,14.0,992.5,3.1,4.1,10,1487.4,0
2019-09-30 09:19:00,3,53,23.1,79,14.0,992.4,2.0,2.4,10,1487.4,0
2019-09-30 09:22:00,3,53,23.1,78,14.0,992.5,5.4,10.5,12,1487.4,0
2019-09-30 09:25:00,3,53,23.1,77,14.0,992.6,4.4,6.1,10,1487.4,0
2019-09-30 09:28:00,3,53,23.1,77,14.1,992.7,4.4,6.1,13,1487.4,0
2019-09-30 09:31:00,3,53,23.1,76,14.2,992.9,3.1,4.8,10,1487.4,0
2019-09-30 09:34:00,3,53,23.0,76,14.2,993.0,2.7,4.4,10,1487.4,0
2019-09-30 09:37:00,3,53,23.0,75,14.3,993.0,2.4,3.1,13,1487.4,0
2019-09-30 09:40:00,3,53,23.0,75,14.3,993.1,4.4,5.4,14,1487.4,0
2019-09-30 09:43:00,3,53,23.0,75,14.4,993.3,3.7,5.1,12,1487.4,0
2019-09-30 09:46:00,3,53,23.0,74,14.4,993.3,4.8,6.8,14,1487.4,0
2019-09-30 09:49:00,3,52,22.9,75,14.5,993.2,2.4,3.4,8,1487.4,0
2019-09-30 09:52:00,3,52,22.9,74,14.7,993.3,4.1,5.4,12,1487.4,0
2019-09-30 09:55:00,3,52,22.9,74,14.8,993.4,2.7,6.5,14,1487.4,0
2019-09-30 09:58:00,3,52,22.9,73,14.8,993.6,3.1,4.4,8,1487.4,0
2019-09-30 10:01:00,3,52,22.9,74,14.8,993.5,3.7,5.8,12,1487.4,0
2019-09-30 10:04:00,3,52,22.9,74,14.8,993.6,3.7,5.8,12,1487.4,0
2019-09-30 10:07:00,3,52,22.8,74,14.9,993.9,6.8,8.5,12,1487.4,0
2019-09-30 10:10:00,3,52,22.8,74,14.8,993.8,2.4,3.1,12,1487.4,0
2019-09-30 10:13:00,3,52,22.7,74,14.8,993.9,4.1,5.1,14,1487.4,0
2019-09-30 10:16:00,3,52,22.7,75,14.7,994.1,4.1,5.1,12,1487.4,0
2019-09-30 10:19:00,3,52,22.7,75,14.6,994.2,3.7,5.4,12,1487.4,0
2019-09-30 10:22:00,3,52,22.7,75,14.6,994.3,3.1,4.4,11,1487.4,0
2019-09-30 10:25:00,3,52,22.7,75,14.5,994.3,4.8,6.8,13,1487.4,0
2019-09-30 10:28:00,3,52,22.7,75,14.4,994.4,5.1,7.1,13,1487.4,0
2019-09-30 10:31:00,3,52,22.7,75,14.3,994.5,3.4,4.4,8,1487.4,0
2019-09-30 10:34:00,3,52,22.6,76,14.3,994.7,3.4,5.4,12,1487.4,0
2019-09-30 10:37:00,3,52,22.6,77,14.2,994.7,2.4,4.1,10,1487.4,0
2019-09-30 10:40:00,3,53,22.6,78,14.1,994.7,2.4,3.7,10,1487.4,0
2019-09-30 10:43:00,3,53,22.6,78,14.1,994.7,3.1,4.4,13,1487.4,0
2019-09-30 10:46:00,3,53,22.6,78,14.2,994.9,1.7,2.4,12,1487.4,0
2019-09-30 10:49:00,3,53,22.5,77,14.3,994.9,4.1,6.8,12,1487.4,0
2019-09-30 10:52:00,3,53,22.5,77,14.3,995.0,3.4,4.8,10,1487.4,0
2019-09-30 10:55:00,3,53,22.5,77,14.3,995.2,3.1,4.1,12,1487.4,0
2019-09-30 10:58:00,3,53,22.5,77,14.3,995.3,4.4,5.4,12,1487.4,0
2019-09-30 11:01:00,3,53,22.5,77,14.5,995.3,3.1,4.8,14,1487.4,0
2019-09-30 11:04:00,3,53,22.4,77,14.6,995.4,3.7,6.1,12,1487.4,0
2019-09-30 11:07:00,3,53,22.5,78,14.6,995.3,2.4,3.7,14,1487.4,0
2019-09-30 11:10:00,3,53,22.4,78,14.6,995.3,5.1,6.8,10,1487.4,0
2019-09-30 11:13:00,3,53,22.4,79,14.5,995.5,3.7,5.1,11,1487.4,0
2019-09-30 11:16:00,3,53,22.3,79,14.7,995.4,3.1,4.8,12,1487.4,0
2019-09-30 11:19:00,3,53,22.3,79,14.8,995.5,5.1,5.8,12,1487.4,0
2019-09-30 11:22:00,3,53,22.3,77,14.8,995.7,3.1,4.1,10,1487.4,0
2019-09-30 11:25:00,3,53,22.3,77,14.7,995.8,2.4,2.7,10,1487.4,0
2019-09-30 11:28:00,3,53,22.3,77,14.7,995.7,5.1,6.5,12,1487.4,0
2019-09-30 11:31:00,3,53,22.3,77,14.8,995.8,1.4,2.0,14,1487.4,0
2019-09-30 11:34:00,3,54,22.3,77,14.9,995.7,2.7,3.7,10,1487.4,0
2019-09-30 11:37:00,3,54,22.3,76,15.1,995.8,2.4,3.4,12,1487.4,0
2019-09-30 11:40:00,3,54,22.3,75,15.3,995.9,2.0,2.7,12,1487.4,0
2019-09-30 11:43:00,3,54,22.3,74,15.3,996.0,3.4,4.4,12,1487.4,0
2019-09-30 11:46:00,3,54,22.3,74,15.3,996.0,2.4,4.4,12,1487.4,0
2019-09-30 11:49:00,3,54,22.3,74,15.3,996.1,4.8,6.1,12,1487.4,0
2019-09-30 11:52:00,3,54,22.3,73,15.3,996.1,3.1,4.4,12,1487.4,0
2019-09-30 11:55:00,3,54,22.3,73,15.3,996.1,3.1,5.4,10,1487.4,0
2019-09-30 11:58:00,3,54,22.3,72,15.5,996.1,4.4,7.5,0,1487.4,0
2019-09-30 12:01:00,3,54,22.3,72,15.5,996.3,5.1,6.5,3,1487.4,0
2019-09-30 12:04:00,3,54,22.3,72,15.5,996.3,5.1,6.5,3,1487.4,0
2019-09-30 12:07:00,3,54,22.3,72,15.5,996.5,1.7,2.0,10,1487.4,0
2019-09-30 12:10:00,3,54,22.3,71,15.4,996.4,2.0,3.1,10,1487.4,0
2019-09-30 12:13:00,3,54,22.3,72,15.4,996.5,2.4,3.7,10,1487.4,0
2019-09-30 12:16:00,3,54,22.3,71,15.4,996.5,3.1,3.7,14,1487.4,0
2019-09-30 12:19:00,3,54,22.3,71,15.4,996.6,3.1,4.4,12,1487.4,0
2019-09-30 12:22:00,3,54,22.3,71,15.5,996.7,3.1,3.7,12,1487.4,0
2019-09-30 12:25:00,3,54,22.3,71,15.7,996.7,5.4,8.2,10,1487.4,0
2019-09-30 12:28:00,3,54,22.3,71,16.0,996.7,3.4,4.4,10,1487.4,0
2019-09-30 12:31:00,3,54,22.3,71,16.1,996.8,1.7,3.4,12,1487.4,0
2019-09-30 12:34:00,3,54,22.3,71,16.3,996.9,5.4,7.8,8,1487.4,0
2019-09-30 12:37:00,3,54,22.3,70,16.4,997.0,4.1,6.8,12,1487.4,0
2019-09-30 12:40:00,3,54,22.3,70,16.1,996.9,6.1,8.2,10,1487.4,0
2019-09-30 12:43:00,3,54,22.3,71,16.2,997.1,3.7,5.8,12,1487.4,0
2019-09-30 12:46:00,3,54,22.3,71,16.2,997.1,5.4,8.5,12,1487.4,0
2019-09-30 12:49:00,3,54,22.3,71,16.2,997.2,2.0,3.1,10,1487.4,0
2019-09-30 12:52:00,3,54,22.3,71,16.1,997.2,5.1,7.5,12,1487.4,0
2019-09-30 12:55:00,3,54,22.3,71,15.9,997.3,3.4,6.1,6,1487.4,0
2019-09-30 12:58:00,3,54,22.3,71,15.7,997.5,3.4,5.4,14,1487.4,0
2019-09-30 13:01:00,3,54,22.3,72,15.8,997.5,5.1,6.8,10,1487.4,0
2019-09-30 13:04:00,3,54,22.3,71,15.8,997.6,4.1,7.1,11,1487.4,0
2019-09-30 13:07:00,3,54,22.3,71,15.9,997.5,3.4,5.4,10,1487.4,0
2019-09-30 13:10:00,3,54,22.3,71,16.0,997.6,4.8,6.5,12,1487.4,0
2019-09-30 13:13:00,3,54,22.3,70,16.0,997.8,4.4,6.5,12,1487.4,0
2019-09-30 13:16:00,3,54,22.3,70,15.9,997.8,3.7,5.8,14,1487.4,0
2019-09-30 13:19:00,3,54,22.3,70,15.9,997.8,3.1,4.8,14,1487.4,0
2019-09-30 13:22:00,3,54,22.3,70,15.8,997.9,4.1,5.4,12,1487.4,0
2019-09-30 13:25:00,3,54,22.3,70,15.9,997.9,2.0,2.7,10,1487.4,0
2019-09-30 13:28:00,3,54,22.3,70,15.9,997.9,2.0,3.1,12,1487.4,0
2019-09-30 13:31:00,3,54,22.3,71,15.9,998.0,3.1,3.7,10,1487.4,0
2019-09-30 13:34:00,3,54,22.3,70,16.1,998.0,3.1,3.7,10,1487.4,0
2019-09-30 13:37:00,3,54,22.3,70,16.3,998.1,3.1,3.4,12,1487.4,0
2019-09-30 13:40:00,3,54,22.3,69,16.2,998.2,4.1,5.4,10,1487.4,0
2019-09-30 13:43:00,3,54,22.3,69,16.3,998.1,4.4,6.1,10,1487.4,0
2019-09-30 13:46:00,3,54,22.3,69,16.2,998.3,4.8,6.8,10,1487.4,0
2019-09-30 13:49:00,3,54,22.3,70,16.0,998.2,1.4,2.4,12,1487.4,0
2019-09-30 13:52:00,3,54,22.3,70,15.9,998.3,3.7,5.4,11,1487.4,0
2019-09-30 13:55:00,3,54,22.3,70,15.9,998.3,4.1,5.4,12,1487.4,0
2019-09-30 13:58:00,3,55,22.3,70,16.0,998.2,3.4,5.1,10,1487.4,0
2019-09-30 14:01:00,3,55,22.3,70,16.1,998.4,2.7,3.4,12,1487.4,0
2019-09-30 14:04:00,3,55,22.3,70,16.1,998.6,2.7,3.4,12,1487.4,0
2019-09-30 14:07:00,3,55,22.3,69,16.0,998.6,2.7,3.7,15,1487.4,0
2019-09-30 14:10:00,3,55,22.3,68,16.1,998.5,5.4,8.8,12,1487.4,0
2019-09-30 14:13:00,3,55,22.3,68,16.1,998.4,3.4,4.1,13,1487.4,0
2019-09-30 14:16:00,3,55,22.3,68,16.1,998.6,3.7,5.1,12,1487.4,0
2019-09-30 14:19:00,3,55,22.3,68,16.0,998.6,3.4,5.4,14,1487.4,0
2019-09-30 14:22:00,3,55,22.3,68,15.9,998.7,5.4,9.5,12,1487.4,0
2019-09-30 14:25:00,3,55,22.3,70,15.7,998.7,2.4,3.4,14,1487.4,0
2019-09-30 14:28:00,3,55,22.3,70,15.7,998.8,2.4,4.1,10,1487.4,0
2019-09-30 14:31:00,3,55,22.3,70,15.7,998.9,1.7,2.4,8,1487.4,0
2019-09-30 14:34:00,3,55,22.3,70,15.6,998.9,3.1,4.4,12,1487.4,0
2019-09-30 14:37:00,3,55,22.3,71,15.6,999.1,1.4,2.0,12,1487.4,0
2019-09-30 14:40:00,3,55,22.3,72,15.4,999.1,1.0,1.7,14,1487.4,0
2019-09-30 14:43:00,3,55,22.3,73,15.3,999.1,2.7,4.1,10,1487.4,0
2019-09-30 14:46:00,3,55,22.3,73,15.2,999.1,1.7,3.4,10,1487.4,0
2019-09-30 14:49:00,3,55,22.3,74,15.1,999.2,1.4,2.0,12,1487.4,0
2019-09-30 14:52:00,3,55,22.3,75,15.0,999.3,1.7,2.0,14,1487.4,0
2019-09-30 14:55:00,3,55,22.3,75,15.0,999.3,2.7,4.8,12,1487.4,0
2019-09-30 14:58:00,3,55,22.3,75,14.9,999.3,2.4,4.1,14,1487.4,0
2019-09-30 15:01:00,3,55,22.3,76,14.8,999.4,1.4,1.7,12,1487.4,0
2019-09-30 15:04:00,3,55,22.3,77,14.7,999.4,2.0,2.7,6,1487.4,0
2019-09-30 15:07:00,3,55,22.3,77,14.7,999.5,1.0,1.4,10,1487.4,0
2019-09-30 15:10:00,3,55,22.3,78,14.7,999.5,2.7,3.1,8,1487.4,0
2019-09-30 15:13:00,3,55,22.3,78,14.7,999.5,2.0,3.4,12,1487.4,0
2019-09-30 15:16:00,3,55,22.3,78,14.7,999.6,1.7,2.0,6,1487.4,0
2019-09-30 15:19:00,3,55,22.3,78,14.7,999.5,2.0,2.4,12,1487.4,0
2019-09-30 15:22:00,3,55,22.3,78,14.8,999.6,1.4,2.4,12,1487.4,0
2019-09-30 15:25:00,3,55,22.3,77,14.8,999.5,2.0,2.7,10,1487.4,0
2019-09-30 15:28:00,3,55,22.3,77,14.8,999.5,3.1,4.1,10,1487.4,0
2019-09-30 15:31:00,3,55,22.3,76,14.8,999.7,4.1,4.8,12,1487.4,0
2019-09-30 15:34:00,3,55,22.3,75,14.9,999.6,2.0,2.4,12,1487.4,0
2019-09-30 15:37:00,3,55,22.3,75,14.9,999.6,2.4,3.1,14,1487.4,0
2019-09-30 15:40:00,3,55,22.3,75,14.9,999.7,2.0,3.1,12,1487.4,0
2019-09-30 15:43:00,3,55,22.3,75,14.8,999.7,3.1,3.7,12,1487.4,0
2019-09-30 15:46:00,3,55,22.3,75,14.8,999.7,2.4,3.1,12,1487.4,0
2019-09-30 15:49:00,3,55,22.3,75,14.8,999.8,2.4,3.1,10,1487.4,0
2019-09-30 15:52:00,3,55,22.3,75,14.7,999.9,1.4,2.0,10,1487.4,0
2019-09-30 15:55:00,3,55,22.3,76,14.7,1000.0,1.4,2.0,4,1487.4,0
2019-09-30 15:58:00,3,55,22.3,76,14.7,999.9,1.0,1.7,14,1487.4,0
2019-09-30 16:01:00,3,55,22.3,77,14.6,999.9,1.4,2.4,12,1487.4,0
2019-09-30 16:04:00,3,55,22.3,77,14.6,1000.0,1.4,2.4,12,1487.4,0
2019-09-30 16:07:00,3,55,22.3,77,14.5,1000.1,1.7,2.4,12,1487.4,0
2019-09-30 16:10:00,3,55,22.3,77,14.5,1000.2,2.4,3.7,14,1487.4,0
2019-09-30 16:13:00,3,55,22.3,77,14.5,1000.3,2.0,3.1,12,1487.4,0
2019-09-30 16:16:00,3,55,22.3,77,14.5,1000.3,1.4,1.7,10,1487.4,0
2019-09-30 16:19:00,3,55,22.3,77,14.5,1000.2,1.4,2.0,14,1487.4,0
2019-09-30 16:22:00,3,55,22.3,76,14.4,1000.3,3.4,4.4,14,1487.4,0
2019-09-30 16:25:00,3,55,22.3,76,14.4,1000.6,2.7,3.7,12,1487.4,0
2019-09-30 16:28:00,3,55,22.3,75,14.4,1000.5,1.4,1.7,14,1487.4,0
2019-09-30 16:31:00,3,55,22.3,75,14.4,1000.7,1.4,2.0,12,1487.4,0
2019-09-30 16:34:00,3,55,22.3,75,14.4,1000.6,1.7,2.7,13,1487.4,0
2019-09-30 16:37:00,3,55,22.3,75,14.3,1000.6,2.4,3.4,12,1487.4,0
2019-09-30 16:40:00,3,55,22.3,75,14.3,1000.7,1.4,1.7,11,1487.4,0
2019-09-30 16:43:00,3,55,22.3,75,14.2,1000.7,1.7,3.7,14,1487.4,0
2019-09-30 16:46:00,3,55,22.3,75,14.2,1000.7,1.7,3.4,14,1487.4,0
2019-09-30 16:49:00,3,55,22.3,75,14.2,1000.9,1.7,2.4,10,1487.4,0
2019-09-30 16:52:00,3,55,22.3,75,14.2,1000.9,3.1,3.7,12,1487.4,0
2019-09-30 16:55:00,3,54,22.3,75,14.2,1000.9,1.7,2.4,14,1487.4,0
2019-09-30 16:58:00,3,54,22.3,75,14.2,1000.9,3.1,4.1,12,1487.4,0
2019-09-30 17:01:00,3,54,22.3,74,14.2,1001.1,2.0,3.4,12,1487.4,0
2019-09-30 17:04:00,3,54,22.2,74,14.2,1001.0,1.7,2.4,0,1487.4,0
2019-09-30 17:07:00,3,54,22.2,74,14.2,1001.1,2.4,4.1,12,1487.4,0
2019-09-30 17:10:00,3,54,22.2,74,14.3,1001.1,3.1,4.4,8,1487.4,0
2019-09-30 17:13:00,3,54,22.2,73,14.3,1001.1,2.4,2.7,10,1487.4,0
2019-09-30 17:16:00,3,54,22.2,73,14.3,1001.2,2.0,2.7,10,1487.4,0
2019-09-30 17:19:00,3,54,22.2,72,14.3,1001.3,1.7,2.4,12,1487.4,0
2019-09-30 17:22:00,3,54,22.2,72,14.3,1001.4,2.0,3.4,10,1487.4,0
2019-09-30 17:25:00,3,54,22.2,71,14.4,1001.4,2.0,2.7,8,1487.4,0
2019-09-30 17:28:00,3,54,22.2,71,14.4,1001.3,2.0,2.4,12,1487.4,0
2019-09-30 17:31:00,3,54,22.2,71,14.4,1001.4,2.4,3.4,14,1487.4,0
2019-09-30 17:34:00,3,54,22.2,71,14.3,1001.4,2.0,3.1,10,1487.4,0
2019-09-30 17:37:00,3,54,22.2,71,14.3,1001.5,4.1,5.4,12,1487.4,0
2019-09-30 17:40:00,3,54,22.2,71,14.3,1001.4,1.4,2.4,12,1487.4,0
2019-09-30 17:43:00,3,54,22.2,71,14.2,1001.6,1.7,2.4,0,1487.4,0
2019-09-30 17:46:00,3,54,22.2,72,14.2,1001.6,1.4,2.0,12,1487.4,0
2019-09-30 17:49:00,3,54,22.2,72,14.0,1001.5,1.7,2.0,12,1487.4,0
2019-09-30 17:52:00,3,54,22.2,73,14.0,1001.6,2.0,3.4,4,1487.4,0
2019-09-30 17:55:00,3,54,22.2,73,13.9,1001.6,1.7,2.0,10,1487.4,0
2019-09-30 17:58:00,3,54,22.2,73,13.9,1001.6,2.4,3.1,10,1487.4,0
2019-09-30 18:01:00,3,54,22.2,74,13.9,1001.7,1.7,2.4,12,1487.4,0
2019-09-30 18:04:00,3,54,22.1,74,13.9,1001.8,1.7,2.4,12,1487.4,0
2019-09-30 18:07:00,3,54,22.1,73,13.8,1001.8,2.0,3.4,10,1487.4,0
2019-09-30 18:10:00,3,54,22.1,73,13.8,1001.9,2.0,2.7,12,1487.4,0
2019-09-30 18:13:00,3,54,22.1,73,13.9,1001.9,1.4,2.4,12,1487.4,0
2019-09-30 18:16:00,3,54,22.1,73,13.9,1001.9,2.7,3.7,14,1487.4,0
2019-09-30 18:19:00,3,54,22.1,73,13.8,1001.9,1.4,1.7,10,1487.4,0
2019-09-30 18:22:00,3,54,22.1,73,13.8,1001.9,1.7,2.4,10,1487.4,0
2019-09-30 18:25:00,3,54,22.1,73,13.8,1001.9,2.4,3.7,12,1487.4,0
2019-09-30 18:28:00,3,54,22.1,73,13.8,1002.0,2.0,2.7,10,1487.4,0
2019-09-30 18:31:00,3,54,22.1,73,13.7,1002.0,1.0,1.7,10,1487.4,0
2019-09-30 18:34:00,3,54,22.0,73,13.7,1002.1,1.7,2.7,12,1487.4,0
2019-09-30 18:37:00,3,54,22.1,73,13.7,1002.2,2.0,2.7,8,1487.4,0
2019-09-30 18:40:00,3,54,22.1,73,13.6,1002.2,1.4,2.0,10,1487.4,0
2019-09-30 18:43:00,3,54,22.0,73,13.6,1002.1,1.7,2.4,10,1487.4,0
2019-09-30 18:46:00,3,54,22.0,74,13.5,1002.2,1.4,2.0,10,1487.4,0
2019-09-30 18:49:00,3,54,22.0,74,13.4,1002.3,1.7,2.4,10,1487.4,0
2019-09-30 18:52:00,3,54,22.0,74,13.4,1002.3,1.0,1.4,10,1487.4,0
2019-09-30 18:55:00,3,54,22.0,74,13.3,1002.3,1.4,2.0,14,1487.4,0
2019-09-30 18:58:00,3,54,22.0,75,13.3,1002.4,1.7,2.7,12,1487.4,0
2019-09-30 19:01:00,3,55,21.9,75,13.3,1002.3,1.0,1.7,12,1487.4,0
2019-09-30 19:04:00,3,55,21.9,75,13.2,1002.3,0.7,1.4,10,1487.4,0
2019-09-30 19:07:00,3,55,21.9,76,13.2,1002.3,0.7,1.0,10,1487.4,0
2019-09-30 19:10:00,3,55,21.9,76,13.1,1002.3,1.4,1.7,12,1487.4,0
2019-09-30 19:13:00,3,55,21.9,77,13.1,1002.2,1.0,1.7,12,1487.4,0
2019-09-30 19:16:00,3,55,21.9,77,13.1,1002.4,1.0,1.7,8,1487.4,0
2019-09-30 19:19:00,3,55,21.9,77,13.1,1002.4,1.7,2.7,10,1487.4,0
2019-09-30 19:22:00,3,55,21.9,78,13.1,1002.4,1.4,2.0,12,1487.4,0
2019-09-30 19:25:00,3,55,21.9,78,13.1,1002.4,0.7,1.0,12,1487.4,0
2019-09-30 19:28:00,3,55,21.9,78,13.2,1002.4,1.4,1.7,12,1487.4,0
2019-09-30 19:31:00,3,55,21.9,78,13.2,1002.3,1.0,1.7,12,1487.4,0
2019-09-30 19:34:00,3,55,21.9,78,13.2,1002.3,1.0,1.4,10,1487.4,0
2019-09-30 19:37:00,3,55,21.9,78,13.2,1002.4,1.0,1.4,12,1487.4,0
2019-09-30 19:40:00,3,55,21.9,78,13.1,1002.3,1.0,1.7,8,1487.4,0
2019-09-30 19:43:00,3,55,21.9,79,13.1,1002.4,1.4,1.7,14,1487.4,0
2019-09-30 19:46:00,3,55,21.9,79,13.1,1002.5,1.4,1.7,10,1487.4,0
2019-09-30 19:49:00,3,55,21.8,79,13.1,1002.4,1.0,2.0,12,1487.4,0
2019-09-30 19:52:00,3,55,21.8,79,13.1,1002.5,1.7,2.0,11,1487.4,0
2019-09-30 19:55:00,3,55,21.8,79,13.2,1002.4,1.4,2.0,10,1487.4,0
2019-09-30 19:58:00,3,55,21.8,79,13.2,1002.5,1.4,1.7,12,1487.4,0
2019-09-30 20:01:00,3,55,21.8,79,13.1,1002.5,1.0,1.7,11,1487.4,0
2019-09-30 20:04:00,3,55,21.8,79,13.1,1002.6,1.0,1.7,11,1487.4,0
2019-09-30 20:07:00,3,55,21.8,80,13.0,1002.5,1.0,2.0,12,1487.4,0
2019-09-30 20:10:00,3,55,21.8,80,12.9,1002.7,1.4,2.0,12,1487.4,0
2019-09-30 20:13:00,3,55,21.8,80,12.9,1002.8,1.7,2.7,10,1487.4,0
2019-09-30 20:16:00,3,55,21.8,81,12.8,1002.7,1.4,3.1,12,1487.4,0
2019-09-30 20:19:00,3,55,21.8,81,12.8,1002.6,1.0,1.4,10,1487.4,0
2019-09-30 20:22:00,3,55,21.8,81,12.8,1002.7,2.4,3.1,12,1487.4,0
2019-09-30 20:25:00,3,55,21.8,81,12.7,1002.6,1.4,1.7,10,1487.4,0
2019-09-30 20:28:00,3,55,21.8,81,12.7,1002.6,2.4,3.7,12,1487.4,0
2019-09-30 20:31:00,3,55,21.8,82,12.6,1002.7,2.0,2.7,10,1487.4,0
2019-09-30 20:34:00,3,55,21.8,82,12.6,1002.6,2.0,2.7,8,1487.4,0
2019-09-30 20:37:00,3,55,21.7,82,12.5,1002.7,0.7,1.0,11,1487.4,0
2019-09-30 20:40:00,3,55,21.7,82,12.5,1002.9,1.0,1.4,10,1487.4,0
2019-09-30 20:43:00,3,55,21.7,83,12.5,1002.9,1.4,1.7,10,1487.4,0
2019-09-30 20:46:00,3,55,21.7,86,12.4,1002.8,1.0,1.4,10,1487.4,0
2019-09-30 20:49:00,3,55,21.7,87,12.4,1002.8,1.0,1.4,12,1487.4,0
2019-09-30 20:52:00,3,55,21.7,87,12.4,1002.9,1.0,1.4,10,1487.4,0
2019-09-30 20:55:00,3,55,21.7,87,12.4,1002.9,0.7,1.0,12,1487.4,0
2019-09-30 20:58:00,3,55,21.7,87,12.4,1002.9,1.0,1.7,14,1487.4,0
2019-09-30 21:01:00,3,55,21.7,87,12.4,1002.8,0.7,1.4,10,1487.4,0
2019-09-30 21:04:00,3,55,21.7,83,12.5,1002.8,1.4,1.7,10,1487.4,0
2019-09-30 21:07:00,3,55,21.7,83,12.5,1002.9,1.0,1.4,10,1487.4,0
2019-09-30 21:10:00,3,55,21.7,83,12.5,1002.8,1.4,2.0,14,1487.4,0
2019-09-30 21:13:00,3,55,21.7,83,12.5,1002.8,1.0,1.4,10,1487.4,0
2019-09-30 21:16:00,3,55,21.7,83,12.5,1002.7,0.3,0.7,10,1487.4,0
2019-09-30 21:19:00,3,55,21.6,83,12.5,1002.7,0.3,0.7,12,1487.4,0
2019-09-30 21:22:00,3,55,21.6,82,12.5,1002.7,0,0.3,12,1487.4,0
2019-09-30 21:25:00,3,55,21.6,86,12.4,1002.7,0.7,1.0,12,1487.4,0
2019-09-30 21:28:00,3,55,21.6,86,12.3,1002.7,0,0.3,12,1487.4,0
2019-09-30 21:31:00,3,55,21.6,86,12.3,1002.8,0.3,0.7,12,1487.4,0
2019-09-30 21:34:00,3,55,21.6,86,12.3,1002.8,0,0.3,12,1487.4,0
2019-09-30 21:37:00,3,55,21.6,86,12.2,1002.8,0,0.3,12,1487.4,0
2019-09-30 21:40:00,3,55,21.6,87,12.2,1002.8,0.3,0.7,12,1487.4,0
2019-09-30 21:43:00,3,55,21.6,87,12.1,1002.7,0,0,10,1487.4,0
2019-09-30 21:46:00,3,55,21.6,88,12.1,1002.7,0.7,1.0,12,1487.4,0
2019-09-30 21:49:00,3,55,21.6,88,12.1,1002.7,0.7,1.0,12,1487.4,0
2019-09-30 21:52:00,3,55,21.6,89,12.1,1002.7,0.7,1.0,10,1487.4,0
2019-09-30 21:55:00,3,55,21.6,89,12.2,1002.7,1.0,1.7,12,1487.4,0
2019-09-30 21:58:00,3,55,21.6,89,12.2,1002.6,1.4,1.7,10,1487.4,0
2019-09-30 22:01:00,3,55,21.5,89,12.2,1002.7,1.0,1.4,12,1487.4,0
2019-09-30 22:04:00,3,55,21.5,89,12.2,1002.8,1.0,1.4,12,1487.4,0
2019-09-30 22:07:00,3,55,21.5,88,12.4,1002.8,2.4,3.1,12,1487.4,0
2019-09-30 22:10:00,3,55,21.5,87,12.4,1002.7,1.0,1.4,8,1487.4,0
2019-09-30 22:13:00,3,55,21.5,87,12.4,1002.8,1.7,2.7,10,1487.4,0
2019-09-30 22:16:00,3,55,21.5,86,12.4,1002.6,0.7,1.0,10,1487.4,0
2019-09-30 22:19:00,3,55,21.5,85,12.4,1002.7,1.0,1.4,10,1487.4,0
2019-09-30 22:22:00,3,55,21.5,85,12.4,1002.7,0.7,1.4,10,1487.4,0
2019-09-30 22:25:00,3,55,21.5,84,12.4,1002.7,0.7,1.0,10,1487.4,0
2019-09-30 22:28:00,3,55,21.5,84,12.4,1002.8,1.7,2.0,10,1487.4,0
2019-09-30 22:31:00,3,55,21.5,84,12.4,1002.9,0.7,1.0,12,1487.4,0
2019-09-30 22:34:00,3,55,21.5,83,12.4,1002.8,1.0,1.7,10,1487.4,0
2019-09-30 22:37:00,3,55,21.5,83,12.4,1002.7,1.0,1.4,10,1487.4,0
2019-09-30 22:40:00,3,55,21.4,83,12.3,1002.9,1.0,1.4,10,1487.4,0
2019-09-30 22:43:00,3,55,21.4,83,12.3,1002.8,0.7,1.7,10,1487.4,0
2019-09-30 22:46:00,3,55,21.4,83,12.3,1002.9,1.4,2.0,12,1487.4,0
2019-09-30 22:49:00,3,55,21.4,83,12.3,1002.8,1.0,1.4,11,1487.4,0
2019-09-30 22:52:00,3,55,21.4,82,12.3,1002.8,1.0,2.4,12,1487.4,0
2019-09-30 22:55:00,3,55,21.3,82,12.3,1002.9,1.0,1.7,12,1487.4,0
2019-09-30 22:58:00,3,54,21.3,82,12.3,1002.8,1.0,2.0,10,1487.4,0
2019-09-30 23:01:00,3,54,21.3,81,12.3,1002.8,1.4,2.0,12,1487.4,0
2019-09-30 23:04:00,3,54,21.3,81,12.3,1002.7,0.7,1.0,12,1487.4,0
2019-09-30 23:07:00,3,54,21.3,81,12.3,1002.8,0.7,1.0,12,1487.4,0
2019-09-30 23:10:00,3,54,21.3,81,12.3,1002.7,1.4,2.0,10,1487.4,0
2019-09-30 23:13:00,3,54,21.3,81,12.2,1002.7,0.7,0.7,10,1487.4,0
2019-09-30 23:16:00,3,54,21.3,81,12.2,1002.7,0.7,1.0,10,1487.4,0
2019-09-30 23:19:00,3,54,21.3,81,12.1,1002.6,0.7,1.0,12,1487.4,0
2019-09-30 23:22:00,3,54,21.3,81,12.1,1002.7,0.7,1.0,9,1487.4,0
2019-09-30 23:25:00,3,54,21.3,81,12.0,1002.7,0.3,0.7,10,1487.4,0
2019-09-30 23:28:00,3,54,21.3,82,11.9,1002.7,0.3,0.7,10,1487.4,0
2019-09-30 23:31:00,3,54,21.3,82,11.8,1002.8,0.3,0.7,8,1487.4,0
2019-09-30 23:34:00,3,54,21.3,82,11.6,1002.7,0.3,0.7,12,1487.4,0
2019-09-30 23:37:00,3,54,21.2,82,11.5,1002.7,0.7,1.0,12,1487.4,0
2019-09-30 23:40:00,3,54,21.3,82,11.4,1002.7,0.3,1.0,14,1487.4,0
2019-09-30 23:43:00,3,54,21.2,83,11.3,1002.7,0.3,0.7,10,1487.4,0
2019-09-30 23:46:00,3,54,21.2,83,11.3,1002.5,0,0.3,12,1487.4,0
2019-09-30 23:49:00,3,54,21.2,84,11.1,1002.6,0.7,1.0,10,1487.4,0
2019-09-30 23:52:00,3,54,21.2,84,11.0,1002.7,0.3,0.7,10,1487.4,0
2019-09-30 23:55:00,3,54,21.2,84,11.0,1002.6,0.7,1.0,10,1487.4,0
2019-09-30 23:58:00,3,54,21.2,85,10.9,1002.6,0.7,1.0,0,1487.4,0
