2009-11-13 00:16:28,20,45,20.3,86,5.8,1003.8,0,0,4,606.0,0
2009-11-13 00:36:28,20,45,20.1,86,5.8,1004.2,0,0,10,606.0,0
2009-11-13 00:56:28,20,45,20,86,5.8,1004.1,0,0,10,606.0,0
2009-11-13 01:16:28,20,45,19.9,86,5.8,1004.5,0,0,10,606.0,0
2009-11-13 01:36:28,20,45,19.7,86,5.9,1004.6,0,0,8,606.0,0
2009-11-13 01:56:28,20,45,19.6,87,6.0,1004.7,0,0,6,606.0,0
2009-11-13 02:16:28,20,45,19.5,87,6.0,1005.0,0,0,8,606.0,0
2009-11-13 02:36:28,20,45,19.4,87,6.1,1005.0,0,0.7,10,606.0,0
2009-11-13 02:56:28,20,46,19.3,87,6.1,1004.6,0,0.3,4,606.3,0
2009-11-13 03:16:28,20,46,19.2,87,6.2,1004.4,0,0.7,10,606.3,0
2009-11-13 03:36:28,20,46,19.1,87,6.3,1004.1,0,0,10,606.3,0
2009-11-13 03:56:28,20,46,19.0,88,6.3,1004.1,0,0,10,606.3,0
2009-11-13 04:16:28,20,46,18.9,88,6.4,1004.6,0,0,8,606.3,0
2009-11-13 04:36:28,20,46,18.8,88,6.4,1005.1,0,0,10,606.3,0
2009-11-13 04:56:28,20,46,18.8,88,6.5,1005.0,0,0.3,4,606.3,0
2009-11-13 05:16:28,20,46,18.7,88,6.5,1005.3,0.7,1.4,9,606.3,0
2009-11-13 05:36:28,20,46,18.6,88,6.5,1005.0,0,0,8,606.3,0
2009-11-13 05:56:28,20,47,18.7,88,6.4,1005.1,0,0,8,606.3,0
2009-11-13 06:16:28,20,47,18.9,88,6.2,1005.6,0,0,1,606.3,0
2009-11-13 06:36:28,20,47,19.1,88,6.2,1004.9,0,1.0,4,606.3,0
2009-11-13 06:56:28,20,47,19.2,88,6.1,1005.3,0,0,10,606.3,0
2009-11-13 07:16:28,20,47,19.4,88,6.2,1005.5,0,0,2,606.3,0
2009-11-13 07:36:28,20,47,19.5,88,6.4,1005.6,0,0,6,606.3,0
2009-11-13 07:56:28,20,47,19.6,88,6.8,1005.3,0.3,1.0,10,606.3,0
2009-11-13 08:16:28,20,46,19.7,88,7.1,1005.3,0,1.0,10,606.3,0
2009-11-13 08:36:28,20,48,19.8,88,7.2,1005.7,0,0.3,8,606.3,0
2009-11-13 08:56:28,20,47,19.9,87,7.5,1005.5,0.3,0.7,6,606.3,0
2009-11-13 09:16:28,20,47,20,87,7.9,1005.4,0.7,1.7,8,606.3,0
2009-11-13 09:36:28,20,46,20.1,86,9.0,1005.4,1.0,2.4,8,606.3,0
2009-11-13 09:56:28,20,46,20.1,81,10.4,1005.5,0.7,1.4,10,606.3,0
2009-11-13 10:16:28,20,47,20.4,79,10.4,1005.1,0.3,2.0,6,606.3,0
2009-11-13 10:36:28,20,47,20.8,77,10.6,1005.3,0,0.7,6,606.3,0
2009-11-13 10:56:28,20,47,21.0,76,10.5,1005.0,0.3,1.4,8,606.3,0
2009-11-13 11:16:28,20,46,21.2,76,10.1,1005.0,0,0.7,8,606.3,0
2009-11-13 11:36:28,20,46,21.3,76,10.1,1005.1,0.3,0.7,6,606.3,0
2009-11-13 11:56:28,20,46,21.5,77,10.3,1005.1,0.3,1.4,8,606.3,0
2009-11-13 12:16:28,20,45,21.6,77,10.4,1005.0,0,1.0,6,606.3,0
2009-11-13 12:36:28,20,45,21.5,77,10.4,1004.9,0.7,1.7,10,606.3,0
2009-11-13 12:56:28,20,45,21.5,76,10.9,1004.9,0,0.7,8,606.3,0
2009-11-13 13:16:28,20,45,21.4,76,10.7,1004.9,0.3,1.0,8,606.3,0
2009-11-13 13:36:28,20,45,21.4,77,10.5,1004.9,0,0,2,606.3,0
2009-11-13 13:56:28,20,46,21.5,79,10.1,1004.9,0.3,1.0,4,606.3,0
2009-11-13 14:16:28,20,46,21.7,81,9.7,1004.8,0,1.0,10,606.6,0
2009-11-13 14:36:28,20,46,22.0,82,9.4,1004.7,0.3,1.0,10,606.6,0
2009-11-13 14:56:28,20,45,22.1,83,9.4,1005.0,0.3,1.0,8,606.9,0
2009-11-13 15:16:28,20,45,22.1,84,9.4,1004.8,0,0.7,4,606.9,0
2009-11-13 15:36:28,20,45,22.2,85,9.3,1005.0,0.3,1.0,8,606.9,0
2009-11-13 15:56:28,20,45,22.2,85,9.4,1005.0,0,0.3,8,607.2,0
2009-11-13 16:16:28,20,45,22.4,86,9.4,1005.1,0.3,1.0,7,607.2,0
2009-11-13 16:36:28,20,44,22.4,86,9.5,1005.1,0.3,0.7,8,607.2,0
2009-11-13 16:56:28,20,44,22.3,86,9.6,1005.0,0,0.7,6,607.2,0
2009-11-13 17:16:28,20,45,22.2,87,9.6,1005.0,0.3,0.7,12,607.2,0
2009-11-13 17:36:28,20,45,22.0,87,9.4,1004.9,0,0.7,8,607.2,0
2009-11-13 17:56:28,20,45,21.7,87,9.4,1004.8,0.3,1.4,6,607.2,0
2009-11-13 18:16:28,20,45,21.5,87,9.6,1004.9,0.3,1.0,6,607.2,0
2009-11-13 18:36:28,20,45,21.4,88,9.6,1005.0,0,1.0,10,607.2,0
2009-11-13 18:56:28,20,45,21.2,88,9.6,1005.0,0,0.7,4,607.2,0
2009-11-13 19:16:28,20,45,21.1,88,9.4,1005.0,0,0,4,607.2,0
2009-11-13 19:36:28,20,45,21.0,88,9.0,1005.1,0,0,6,607.2,0
2009-11-13 19:56:28,20,45,20.9,88,8.9,1005.1,0,0,4,607.2,0
2009-11-13 20:16:28,20,46,20.9,88,9.0,1005.2,0,0.3,8,607.2,0
2009-11-13 20:36:28,20,46,20.8,88,9.4,1005.2,0,0.3,4,607.2,0
2009-11-13 20:56:28,20,46,20.7,88,9.4,1005.0,0,0.7,14,607.2,0
2009-11-13 21:16:28,20,46,20.7,88,9.4,1005.5,0,0.3,4,607.2,0
2009-11-13 21:36:28,20,46,20.7,89,9.6,1005.1,0,0.7,12,607.2,0
2009-11-13 21:56:28,20,46,20.6,89,9.6,1005.2,0,0,6,607.2,0
2009-11-13 22:16:28,20,46,20.6,89,9.3,1005.2,0,0,8,607.2,0
2009-11-13 22:36:28,20,47,20.5,89,9.0,1005.4,0,1.0,8,607.2,0
2009-11-13 22:56:28,20,47,20.4,89,8.8,1005.4,0,0.3,8,607.2,0
2009-11-13 23:16:28,20,46,20.4,89,8.6,1005.7,0,0.3,2,607.2,0
2009-11-13 23:36:28,20,47,20.3,89,8.5,1005.6,0,0,14,607.2,0
2009-11-13 23:56:28,20,47,20.2,89,8.3,1005.8,0,0,8,607.2,0
