2018-06-28 00:02:00,3,46,24.5,76,16.0,1018.8,0,0.3,0,958.2,0
2018-06-28 00:05:00,3,46,24.3,76,16.0,1018.8,0,0.3,0,958.2,0
2018-06-28 00:08:00,3,46,24.4,77,15.9,1018.7,0.3,1.0,4,958.2,0
2018-06-28 00:11:00,3,46,24.3,77,15.8,1018.7,0.3,1.0,0,958.2,0
2018-06-28 00:14:00,3,46,24.3,77,15.8,1018.6,1.0,1.7,0,958.2,0
2018-06-28 00:17:00,3,46,24.3,77,15.7,1018.6,0.3,0.7,0,958.2,0
2018-06-28 00:20:00,3,46,24.3,77,15.7,1018.7,0.3,0.7,2,958.2,0
2018-06-28 00:23:00,3,46,24.3,78,15.6,1018.6,0.7,1.4,2,958.2,0
2018-06-28 00:26:00,3,46,24.4,78,15.6,1018.6,0.7,1.0,0,958.2,0
2018-06-28 00:29:00,3,46,24.3,78,15.5,1018.6,0.3,1.0,0,958.2,0
2018-06-28 00:32:00,3,46,24.3,79,15.5,1018.7,0.3,0.7,0,958.2,0
2018-06-28 00:35:00,3,46,24.3,79,15.4,1018.6,0.7,1.0,0,958.2,0
2018-06-28 00:38:00,3,46,24.3,79,15.4,1018.6,0,0.3,0,958.2,0
2018-06-28 00:41:00,3,46,24.3,79,15.3,1018.6,1.0,1.4,0,958.2,0
2018-06-28 00:44:00,3,46,24.3,80,15.3,1018.6,1.4,2.0,14,958.2,0
2018-06-28 00:47:00,3,46,24.2,80,15.3,1018.6,0.3,0.7,0,958.2,0
2018-06-28 00:50:00,3,46,24.2,80,15.2,1018.6,0,0,0,958.2,0
2018-06-28 00:53:00,3,46,24.2,80,15.2,1018.5,0.3,0.7,0,958.2,0
2018-06-28 00:56:00,3,46,24.3,80,15.1,1018.5,0.3,0.7,0,958.2,0
2018-06-28 00:59:00,3,46,24.2,80,15.1,1018.5,0.7,1.0,0,958.2,0
2018-06-28 01:02:00,3,46,24.2,81,15.0,1018.5,0.3,0.7,0,958.2,0
2018-06-28 01:05:00,3,46,24.1,81,15.0,1018.4,0.7,1.0,0,958.2,0
2018-06-28 01:08:00,3,46,24.1,81,15.0,1018.5,0.3,0.7,2,958.2,0
2018-06-28 01:11:00,3,46,24.1,81,14.9,1018.5,0,0.3,14,958.2,0
2018-06-28 01:14:00,3,46,24.1,81,14.9,1018.5,0,0.3,0,958.2,0
2018-06-28 01:17:00,3,46,24.1,81,14.8,1018.4,0.7,1.0,0,958.2,0
2018-06-28 01:20:00,3,46,24.1,81,14.8,1018.4,0,0.3,2,958.2,0
2018-06-28 01:23:00,3,46,24.1,82,14.7,1018.2,0,0,0,958.2,0
2018-06-28 01:26:00,3,46,24.1,82,14.7,1018.3,0.3,0.7,2,958.2,0
2018-06-28 01:29:00,3,46,24.1,82,14.6,1018.3,0,0.3,0,958.2,0
2018-06-28 01:32:00,3,46,24.1,82,14.6,1018.4,0,0.3,0,958.2,0
2018-06-28 01:35:00,3,46,24.1,82,14.6,1018.4,1.0,1.4,0,958.2,0
2018-06-28 01:38:00,3,47,24.1,83,14.5,1018.4,1.0,1.7,0,958.2,0
2018-06-28 01:41:00,3,47,24.1,83,14.5,1018.3,0.3,0.7,0,958.2,0
2018-06-28 01:44:00,3,47,24.1,83,14.5,1018.2,0.7,1.0,0,958.2,0
2018-06-28 01:47:00,3,47,24.1,83,14.5,1018.3,0.7,1.0,0,958.2,0
2018-06-28 01:50:00,3,47,24.1,84,14.5,1018.2,0,0.3,0,958.2,0
2018-06-28 01:53:00,3,47,24.0,84,14.4,1018.3,0.3,0.7,0,958.2,0
2018-06-28 01:56:00,3,47,24.0,84,14.4,1018.3,0,0,0,958.2,0
2018-06-28 01:59:00,3,47,24.0,84,14.4,1018.2,0,0.3,1,958.2,0
2018-06-28 02:02:00,3,47,24.0,84,14.4,1018.2,0,0,14,958.2,0
2018-06-28 02:05:00,3,47,24.0,84,14.4,1018.3,0,0,14,958.2,0
2018-06-28 02:08:00,3,47,24.0,84,14.2,1018.2,0,0.3,0,958.2,0
2018-06-28 02:11:00,3,47,24.0,84,14.2,1018.1,0,0,0,958.2,0
2018-06-28 02:14:00,3,47,24.0,84,14.2,1018.1,0,0.3,0,958.2,0
2018-06-28 02:17:00,3,47,24.0,84,14.2,1018.1,0,0.3,0,958.2,0
2018-06-28 02:20:00,3,47,24.0,85,14.1,1018.2,0.3,0.7,0,958.2,0
2018-06-28 02:23:00,3,47,24.0,85,14.1,1018.1,0,0.3,14,958.2,0
2018-06-28 02:26:00,3,48,23.9,85,14.1,1018.1,0.3,0.7,0,958.2,0
2018-06-28 02:29:00,3,48,23.9,85,14.1,1018.2,0,0.3,15,958.2,0
2018-06-28 02:32:00,3,48,23.9,85,14.0,1018.1,0,0.3,0,958.2,0
2018-06-28 02:35:00,3,48,23.9,85,14.0,1018.1,0,0,14,958.2,0
2018-06-28 02:38:00,3,48,23.9,86,14.0,1018.1,0,0.3,0,958.2,0
2018-06-28 02:41:00,3,48,23.8,86,13.9,1018.0,0,0.3,0,958.2,0
2018-06-28 02:44:00,3,48,23.8,86,13.9,1018.1,0,0.3,0,958.2,0
2018-06-28 02:47:00,3,48,23.8,86,13.9,1018.1,0,0.3,0,958.2,0
2018-06-28 02:50:00,3,48,23.8,86,13.8,1017.9,0,0,14,958.2,0
2018-06-28 02:53:00,3,48,23.8,87,13.8,1017.9,0,0.3,0,958.2,0
2018-06-28 02:56:00,3,48,23.8,87,13.8,1017.9,0.7,1.0,0,958.2,0
2018-06-28 02:59:00,3,48,23.8,87,13.8,1018.0,0.3,1.0,2,958.2,0
2018-06-28 03:02:00,3,48,23.8,88,13.8,1017.9,0.7,1.4,0,958.2,0
2018-06-28 03:05:00,3,48,23.8,88,13.9,1017.8,0,0.3,10,958.2,0
2018-06-28 03:08:00,3,48,23.8,88,13.9,1017.9,0.3,0.3,10,958.2,0
2018-06-28 03:11:00,3,48,23.8,88,13.8,1017.8,0,0,14,958.2,0
2018-06-28 03:14:00,3,48,23.8,88,13.8,1017.8,0.3,0.7,0,958.2,0
2018-06-28 03:17:00,3,48,23.8,88,13.8,1017.7,0.3,0.7,0,958.2,0
2018-06-28 03:19:59,3,48,23.8,88,13.8,1017.7,0.7,0.7,0,958.2,0
2018-06-28 03:22:59,3,48,23.8,89,13.8,1017.8,0.7,1.0,0,958.2,0
2018-06-28 03:25:59,3,48,23.8,89,13.8,1017.8,0.3,0.7,0,958.2,0
2018-06-28 03:28:59,3,48,23.8,89,13.8,1017.8,1.0,1.4,0,958.2,0
2018-06-28 03:31:59,3,48,23.7,89,13.8,1017.7,0,0.3,0,958.2,0
2018-06-28 03:34:59,3,48,23.7,89,13.8,1017.8,1.0,1.4,0,958.2,0
2018-06-28 03:37:59,3,48,23.7,90,13.9,1017.8,0.7,0.7,0,958.2,0
2018-06-28 03:40:59,3,48,23.7,90,13.9,1017.8,0.7,0.7,2,958.2,0
2018-06-28 03:43:59,3,48,23.7,90,13.9,1017.8,0.3,0.7,0,958.2,0
2018-06-28 03:46:59,3,48,23.7,90,13.9,1017.8,0.7,1.0,0,958.2,0
2018-06-28 03:49:59,3,48,23.7,90,13.9,1017.7,0.3,0.7,14,958.2,0
2018-06-28 03:52:59,3,48,23.7,90,14.0,1017.7,0.3,1.0,0,958.2,0
2018-06-28 03:55:59,3,48,23.7,90,14.0,1017.8,0.3,0.7,0,958.2,0
2018-06-28 03:58:59,3,48,23.7,90,14.0,1017.7,0.3,0.7,14,958.2,0
2018-06-28 04:01:59,3,48,23.7,90,14.1,1017.8,0.7,1.0,0,958.2,0
2018-06-28 04:04:59,3,48,23.7,90,14.1,1017.7,0.7,1.0,0,958.2,0
2018-06-28 04:07:59,3,48,23.7,90,14.2,1017.7,0.7,1.0,0,958.2,0
2018-06-28 04:10:59,3,48,23.7,90,14.2,1017.7,0.7,1.0,0,958.2,0
2018-06-28 04:13:59,3,48,23.6,90,14.3,1017.8,1.0,1.7,2,958.2,0
2018-06-28 04:16:59,3,48,23.6,90,14.4,1017.7,1.7,2.4,14,958.2,0
2018-06-28 04:19:59,3,48,23.6,90,14.4,1017.7,1.0,1.4,1,958.2,0
2018-06-28 04:22:59,3,48,23.6,90,14.5,1017.7,1.0,1.4,0,958.2,0
2018-06-28 04:25:59,3,48,23.6,90,14.6,1017.8,1.0,1.4,14,958.2,0
2018-06-28 04:28:59,3,48,23.6,90,14.7,1017.8,0,0.3,0,958.2,0
2018-06-28 04:31:59,3,48,23.6,90,14.8,1017.8,0.7,1.0,0,958.2,0
2018-06-28 04:34:59,3,48,23.6,90,15.0,1017.7,1.4,1.7,0,958.2,0
2018-06-28 04:37:59,3,48,23.6,89,15.2,1017.8,1.4,1.7,2,958.2,0
2018-06-28 04:40:59,3,48,23.6,88,15.5,1017.7,0.3,0.7,2,958.2,0
2018-06-28 04:43:59,3,48,23.6,87,15.7,1017.7,1.0,1.4,2,958.2,0
2018-06-28 04:46:59,3,48,23.6,86,15.8,1017.7,1.0,1.4,0,958.2,0
2018-06-28 04:49:59,3,48,23.6,85,15.9,1017.6,0.7,1.0,2,958.2,0
2018-06-28 04:52:59,3,48,23.6,84,16.1,1017.6,0.3,0.7,0,958.2,0
2018-06-28 04:55:59,3,48,23.6,83,16.2,1017.6,1.4,2.0,0,958.2,0
2018-06-28 04:58:59,3,48,23.6,82,16.2,1017.6,0.7,1.0,0,958.2,0
2018-06-28 05:01:59,3,48,23.6,82,16.2,1017.6,1.7,2.4,14,958.2,0
2018-06-28 05:04:59,3,48,23.6,82,16.2,1017.6,0.7,1.0,0,958.2,0
2018-06-28 05:07:59,3,48,23.5,82,16.3,1017.7,0.7,1.4,0,958.2,0
2018-06-28 05:10:59,3,48,23.5,82,16.3,1017.6,1.0,1.4,0,958.2,0
2018-06-28 05:13:59,3,48,23.5,82,16.3,1017.6,0.3,1.0,2,958.2,0
2018-06-28 05:16:59,3,48,23.5,82,16.4,1017.6,0.3,0.7,0,958.2,0
2018-06-28 05:19:59,3,48,23.5,82,16.5,1017.7,2.0,2.7,0,958.2,0
2018-06-28 05:22:59,3,48,23.5,81,16.5,1017.6,1.0,1.4,2,958.2,0
2018-06-28 05:25:59,3,48,23.5,81,16.6,1017.7,1.0,1.4,0,958.2,0
2018-06-28 05:28:59,3,48,23.5,81,16.8,1017.7,0.3,0.7,15,958.2,0
2018-06-28 05:31:59,3,48,23.5,81,17.0,1017.8,1.7,2.0,0,958.2,0
2018-06-28 05:34:59,3,48,23.5,80,17.0,1017.7,1.7,2.0,14,958.2,0
2018-06-28 05:37:59,3,48,23.5,80,17.1,1017.6,1.7,2.4,2,958.2,0
2018-06-28 05:40:59,3,48,23.5,79,17.2,1017.6,1.4,2.0,2,958.2,0
2018-06-28 05:43:59,3,48,23.5,79,17.3,1017.6,1.4,2.0,2,958.2,0
2018-06-28 05:46:59,3,48,23.5,78,17.4,1017.6,0.3,0.7,12,958.2,0
2018-06-28 05:49:59,3,48,23.5,74,17.6,1017.6,1.0,2.0,2,958.2,0
2018-06-28 05:52:59,3,48,23.5,74,17.7,1017.6,1.4,1.7,0,958.2,0
2018-06-28 05:55:59,3,48,23.4,73,17.9,1017.5,1.4,2.0,15,958.2,0
2018-06-28 05:58:59,3,48,23.4,73,18.1,1017.5,0.7,1.0,14,958.2,0
2018-06-28 06:01:59,3,48,23.4,73,18.2,1017.6,0.7,1.4,0,958.2,0
2018-06-28 06:04:59,3,48,23.5,73,18.2,1017.5,0.7,1.4,0,958.2,0
2018-06-28 06:07:59,3,48,23.4,71,18.9,1017.6,1.4,1.7,15,958.2,0
2018-06-28 06:10:59,3,49,23.5,71,19.2,1017.6,1.4,1.7,0,958.2,0
2018-06-28 06:13:59,3,49,23.5,70,19.4,1017.5,1.7,2.0,0,958.2,0
2018-06-28 06:16:59,3,50,23.6,70,19.6,1017.6,1.0,1.4,14,958.2,0
2018-06-28 06:19:59,3,50,23.7,68,19.8,1017.5,2.0,2.7,0,958.2,0
2018-06-28 06:22:59,3,50,23.8,68,19.8,1017.5,1.0,1.7,4,958.2,0
2018-06-28 06:25:59,3,48,24.0,68,19.8,1017.5,0.3,0.7,12,958.2,0
2018-06-28 06:28:59,3,48,24.1,67,20.0,1017.6,2.0,2.4,2,958.2,0
2018-06-28 06:31:59,3,48,24.2,67,20.1,1017.5,1.0,1.7,2,958.2,0
2018-06-28 06:34:59,3,48,24.4,67,20.3,1017.6,1.0,1.7,14,958.2,0
2018-06-28 06:37:59,3,47,24.3,66,20.4,1017.4,1.0,1.7,4,958.2,0
2018-06-28 06:40:59,3,47,24.4,65,20.4,1017.5,1.0,1.7,14,958.2,0
2018-06-28 06:43:59,3,47,24.5,66,20.6,1017.4,1.4,1.7,0,958.2,0
2018-06-28 06:46:59,3,47,24.7,66,20.8,1017.3,1.0,1.4,0,958.2,0
2018-06-28 06:49:59,3,47,24.7,65,21.1,1017.3,1.4,2.7,14,958.2,0
2018-06-28 06:52:59,3,47,24.8,63,21.1,1017.3,3.1,4.1,0,958.2,0
2018-06-28 06:55:59,3,46,24.8,63,21.2,1017.3,1.4,2.0,0,958.2,0
2018-06-28 06:58:59,3,45,25.0,63,21.3,1017.3,1.4,2.0,15,958.2,0
2018-06-28 07:01:59,3,45,25.0,63,21.5,1017.2,2.0,2.4,0,958.2,0
2018-06-28 07:04:59,3,45,25.1,63,21.9,1017.3,1.0,1.4,0,958.2,0
2018-06-28 07:07:59,3,45,25.1,62,22.1,1017.2,0.3,0.7,0,958.2,0
2018-06-28 07:10:59,3,45,25.2,62,22.4,1017.2,1.7,2.4,2,958.2,0
2018-06-28 07:13:59,3,45,25.3,58,22.7,1017.1,1.7,2.4,14,958.2,0
2018-06-28 07:16:59,3,44,25.3,58,22.9,1017.2,1.0,1.4,14,958.2,0
2018-06-28 07:19:59,3,44,25.3,55,23.1,1017.2,1.0,1.4,2,958.2,0
2018-06-28 07:22:59,3,44,25.4,55,23.3,1017.1,1.4,2.0,0,958.2,0
2018-06-28 07:25:59,3,44,25.3,53,23.2,1017.1,2.4,3.1,12,958.2,0
2018-06-28 07:28:59,3,44,25.1,54,23.2,1017.0,0.7,1.4,0,958.2,0
2018-06-28 07:31:59,3,45,25.1,54,23.4,1016.9,1.4,2.0,2,958.2,0
2018-06-28 07:34:59,3,45,25.1,53,23.5,1017.0,1.7,2.4,0,958.2,0
2018-06-28 07:37:59,3,45,25.0,52,23.6,1016.9,1.7,2.4,0,958.2,0
2018-06-28 07:40:59,3,45,25.0,54,23.7,1016.9,1.0,1.4,0,958.2,0
2018-06-28 07:43:59,3,45,25.0,53,24.1,1016.7,1.4,1.4,0,958.2,0
2018-06-28 07:46:59,3,45,25.0,53,24.3,1016.8,1.0,1.7,14,958.2,0
2018-06-28 07:49:59,3,46,24.8,52,24.2,1016.8,0.7,1.0,15,958.2,0
2018-06-28 07:52:59,3,46,24.8,51,24.1,1016.7,2.0,2.7,0,958.2,0
2018-06-28 07:55:59,3,46,24.8,51,24.1,1016.7,3.4,4.8,14,958.2,0
2018-06-28 07:58:59,3,46,24.8,51,24.1,1016.7,1.7,3.1,0,958.2,0
2018-06-28 08:01:59,3,46,24.8,51,24.1,1016.8,2.7,3.7,12,958.2,0
2018-06-28 08:04:59,3,46,24.7,51,24.1,1016.7,2.7,3.7,12,958.2,0
2018-06-28 08:07:59,3,46,24.7,50,24.0,1016.7,2.4,3.1,0,958.2,0
2018-06-28 08:10:59,3,46,24.7,51,24.2,1016.6,2.0,2.4,14,958.2,0
2018-06-28 08:13:59,3,46,24.7,51,24.3,1016.6,1.0,1.4,6,958.2,0
2018-06-28 08:16:59,3,46,24.6,51,24.6,1016.7,1.7,2.7,14,958.2,0
2018-06-28 08:19:59,3,46,24.6,50,24.6,1016.5,1.0,1.4,0,958.2,0
2018-06-28 08:22:59,3,46,24.5,50,24.6,1016.6,3.4,4.8,0,958.2,0
2018-06-28 08:25:59,3,46,24.4,50,24.7,1016.5,1.7,2.4,2,958.2,0
2018-06-28 08:28:59,3,47,24.4,51,24.7,1016.6,1.7,3.1,12,958.2,0
2018-06-28 08:31:59,3,47,24.4,50,24.9,1016.6,3.1,3.4,4,958.2,0
2018-06-28 08:34:59,3,47,24.4,50,25.0,1016.5,1.4,1.7,0,958.2,0
2018-06-28 08:37:59,3,47,24.4,50,25.1,1016.4,1.4,1.7,2,958.2,0
2018-06-28 08:40:59,3,47,24.4,50,25.2,1016.4,1.7,2.4,0,958.2,0
2018-06-28 08:43:59,3,47,24.4,49,25.3,1016.3,1.7,2.7,14,958.2,0
2018-06-28 08:46:59,3,47,24.4,47,25.1,1016.2,3.4,4.8,0,958.2,0
2018-06-28 08:49:59,3,47,24.3,50,25.1,1016.2,1.0,1.4,0,958.2,0
2018-06-28 08:52:59,3,47,24.3,50,25.4,1016.2,1.0,1.4,0,958.2,0
2018-06-28 08:55:59,3,47,24.3,50,25.5,1016.1,2.4,4.1,2,958.2,0
2018-06-28 08:58:59,3,47,24.3,48,25.6,1016.1,1.4,2.0,0,958.2,0
2018-06-28 09:01:59,3,47,24.3,47,25.8,1016.1,0.7,1.4,14,958.2,0
2018-06-28 09:04:59,3,47,24.3,46,25.8,1016.1,2.0,3.1,14,958.2,0
2018-06-28 09:07:59,3,47,24.2,45,25.5,1016.1,2.7,3.4,0,958.2,0
2018-06-28 09:10:59,3,47,24.3,46,25.4,1016.2,2.7,4.1,2,958.2,0
2018-06-28 09:13:59,3,47,24.3,47,25.5,1016.1,2.4,3.7,0,958.2,0
2018-06-28 09:16:59,3,47,24.2,47,25.4,1016.1,1.7,2.4,14,958.2,0
2018-06-28 09:19:59,3,47,24.2,47,25.4,1016.1,2.0,2.4,4,958.2,0
2018-06-28 09:22:59,3,47,24.1,46,25.5,1016.1,3.1,5.8,2,958.2,0
2018-06-28 09:25:59,3,47,24.1,44,25.4,1016.0,3.4,5.1,15,958.2,0
2018-06-28 09:28:59,3,47,24.1,45,25.6,1016.0,2.0,3.1,2,958.2,0
2018-06-28 09:31:59,3,47,24.1,45,25.9,1016.0,2.0,2.4,2,958.2,0
2018-06-28 09:34:59,3,47,24.1,45,26.1,1015.9,1.7,2.4,4,958.2,0
2018-06-28 09:37:59,3,47,24.1,45,26.5,1015.9,0.7,1.0,14,958.2,0
2018-06-28 09:40:59,3,47,24.1,44,26.8,1015.8,1.0,1.4,4,958.2,0
2018-06-28 09:43:59,3,47,24.1,42,26.9,1015.9,2.0,3.1,0,958.2,0
2018-06-28 09:46:59,3,47,24.1,42,26.6,1015.9,2.7,3.4,10,958.2,0
2018-06-28 09:49:59,3,47,24.1,42,26.4,1016.0,1.7,2.0,0,958.2,0
2018-06-28 09:52:59,3,47,24.1,42,26.3,1015.9,3.1,3.7,2,958.2,0
2018-06-28 09:55:59,3,47,24.1,43,26.3,1015.9,1.4,1.7,6,958.2,0
2018-06-28 09:58:59,3,47,24.1,42,26.3,1015.8,3.4,4.8,6,958.2,0
2018-06-28 10:01:59,3,47,24.1,42,26.3,1015.7,3.1,4.8,2,958.2,0
2018-06-28 10:04:59,3,47,24.1,42,26.3,1015.7,3.1,4.8,2,958.2,0
2018-06-28 10:07:59,3,47,24.1,42,26.8,1015.8,2.0,3.7,0,958.2,0
2018-06-28 10:10:59,3,47,24.1,42,26.8,1015.6,1.7,3.1,4,958.2,0
2018-06-28 10:13:59,3,48,24.2,42,26.8,1015.6,2.0,2.7,0,958.2,0
2018-06-28 10:16:59,3,48,24.2,42,26.6,1015.4,1.7,3.1,4,958.2,0
2018-06-28 10:19:59,3,48,24.2,42,26.7,1015.6,2.4,3.4,0,958.2,0
2018-06-28 10:22:59,3,48,24.1,42,26.6,1015.5,1.4,1.7,2,958.2,0
2018-06-28 10:25:59,3,48,24.2,42,26.5,1015.4,2.0,3.4,2,958.2,0
2018-06-28 10:28:59,3,48,24.2,42,26.4,1015.4,0.7,1.0,2,958.2,0
2018-06-28 10:31:59,3,48,24.3,42,26.4,1015.4,2.7,3.7,6,958.2,0
2018-06-28 10:34:59,3,48,24.3,43,26.5,1015.4,1.0,2.0,0,958.2,0
2018-06-28 10:37:59,3,48,24.3,43,27.0,1015.3,1.4,2.0,2,958.2,0
2018-06-28 10:40:59,3,48,24.3,41,27.2,1015.3,2.0,2.7,0,958.2,0
2018-06-28 10:43:59,3,48,24.4,42,27.3,1015.3,1.0,1.7,0,958.2,0
2018-06-28 10:46:59,3,48,24.4,41,27.4,1015.2,2.0,2.4,0,958.2,0
2018-06-28 10:49:59,3,48,24.4,40,27.7,1015.2,1.0,1.4,0,958.2,0
2018-06-28 10:52:59,3,49,24.4,37,27.8,1015.1,2.7,3.7,2,958.2,0
2018-06-28 10:55:59,3,49,24.4,40,27.3,1015.2,3.4,4.1,14,958.2,0
2018-06-28 10:58:59,3,48,24.3,41,27.2,1015.2,1.0,1.4,10,958.2,0
2018-06-28 11:01:59,3,48,24.3,40,27.5,1015.1,1.4,1.7,0,958.2,0
2018-06-28 11:04:59,3,48,24.3,39,27.9,1015.2,1.7,2.7,12,958.2,0
2018-06-28 11:07:59,3,48,24.4,38,27.6,1015.1,2.0,3.4,0,958.2,0
2018-06-28 11:10:59,3,49,24.5,42,27.1,1015.1,1.7,2.7,0,958.2,0
2018-06-28 11:13:59,3,49,24.5,42,26.9,1015.0,2.4,3.7,0,958.2,0
2018-06-28 11:16:59,3,49,24.5,42,27.0,1015.0,1.4,2.4,15,958.2,0
2018-06-28 11:19:59,3,49,24.5,41,27.1,1014.9,3.4,4.8,0,958.2,0
2018-06-28 11:22:59,3,49,24.5,42,26.9,1015.0,1.7,4.8,2,958.2,0
2018-06-28 11:25:59,3,49,24.5,42,26.8,1014.8,2.7,4.1,0,958.2,0
2018-06-28 11:28:59,3,49,24.5,42,27.1,1014.8,2.0,2.4,15,958.2,0
2018-06-28 11:31:59,3,49,24.5,42,27.3,1014.8,1.0,2.0,14,958.2,0
2018-06-28 11:34:59,3,49,24.5,40,27.6,1014.7,1.4,2.0,0,958.2,0
2018-06-28 11:37:59,3,49,24.5,38,27.6,1014.7,1.4,2.0,14,958.2,0
2018-06-28 11:40:59,3,49,24.5,40,27.1,1014.8,5.1,7.8,2,958.2,0
2018-06-28 11:43:59,3,49,24.5,41,27.2,1014.7,2.0,2.7,0,958.2,0
2018-06-28 11:46:59,3,49,24.6,41,27.3,1014.8,1.7,3.4,0,958.2,0
2018-06-28 11:49:59,3,49,24.6,40,27.3,1014.7,2.4,3.4,0,958.2,0
2018-06-28 11:52:59,3,49,24.7,40,27.4,1014.6,2.7,3.4,2,958.2,0
2018-06-28 11:55:59,3,49,24.7,35,27.6,1014.5,1.0,1.4,0,958.2,0
2018-06-28 11:58:59,3,49,24.7,36,27.6,1014.5,2.7,3.7,14,958.2,0
2018-06-28 12:01:59,3,49,24.7,35,27.5,1014.5,1.7,2.0,14,958.2,0
2018-06-28 12:04:59,3,49,24.7,35,27.5,1014.5,1.7,2.0,14,958.2,0
2018-06-28 12:07:59,3,49,24.7,40,27.4,1014.5,2.4,3.1,14,958.2,0
2018-06-28 12:10:59,3,49,24.7,40,27.4,1014.5,1.0,1.7,13,958.2,0
2018-06-28 12:13:59,3,49,24.7,39,27.2,1014.4,1.4,2.0,2,958.2,0
2018-06-28 12:16:59,3,49,24.8,40,27.0,1014.4,3.1,4.1,14,958.2,0
2018-06-28 12:19:59,3,49,24.8,41,26.8,1014.4,2.4,3.7,2,958.2,0
2018-06-28 12:22:59,3,49,24.8,41,26.9,1014.5,2.0,3.1,14,958.2,0
2018-06-28 12:25:59,3,49,24.8,40,26.9,1014.4,2.0,2.7,4,958.2,0
2018-06-28 12:28:59,3,49,24.8,40,26.7,1014.4,2.0,3.1,14,958.2,0
2018-06-28 12:31:59,3,49,24.8,40,26.4,1014.3,3.1,4.4,0,958.2,0
2018-06-28 12:34:59,3,49,24.8,40,26.3,1014.3,2.7,3.7,2,958.2,0
2018-06-28 12:37:59,3,49,24.8,41,26.4,1014.4,2.0,2.7,0,958.2,0
2018-06-28 12:40:59,3,49,24.8,41,26.8,1014.3,2.0,2.7,14,958.2,0
2018-06-28 12:43:59,3,49,24.8,41,26.8,1014.2,2.4,3.7,0,958.2,0
2018-06-28 12:46:59,3,49,24.8,41,26.7,1014.1,1.7,2.0,12,958.2,0
2018-06-28 12:49:59,3,49,24.8,41,26.7,1014.2,0.7,1.7,0,958.2,0
2018-06-28 12:52:59,3,48,25.0,41,26.7,1014.3,3.7,5.4,0,958.2,0
2018-06-28 12:55:59,3,48,25.0,41,26.4,1014.3,2.4,2.7,0,958.2,0
2018-06-28 12:58:59,3,48,25.0,41,26.3,1014.3,1.0,1.4,0,958.2,0
2018-06-28 13:01:59,3,48,25.0,41,26.4,1014.2,1.4,2.0,14,958.2,0
2018-06-28 13:04:59,3,48,25.0,42,27.0,1014.2,1.7,2.4,0,958.2,0
2018-06-28 13:07:59,3,48,25.0,41,27.3,1014.0,2.7,3.4,14,958.2,0
2018-06-28 13:10:59,3,48,25.0,41,27.4,1014.1,1.7,2.4,14,958.2,0
2018-06-28 13:13:59,3,48,25.0,40,27.4,1014.0,2.4,3.1,0,958.2,0
2018-06-28 13:16:59,3,48,25.0,40,27.4,1014.1,3.1,4.4,12,958.2,0
2018-06-28 13:19:59,3,48,25.0,40,27.1,1014.1,3.1,4.8,0,958.2,0
2018-06-28 13:22:59,3,47,25.0,39,26.9,1014.1,2.4,2.7,14,958.2,0
2018-06-28 13:25:59,3,47,25.0,40,27.1,1014.0,2.4,3.4,12,958.2,0
2018-06-28 13:28:59,3,47,25.1,34,27.6,1013.9,2.7,3.4,0,958.2,0
2018-06-28 13:31:59,3,47,25.1,33,27.7,1013.9,2.4,3.4,10,958.2,0
2018-06-28 13:34:59,3,47,25.1,34,27.7,1013.9,1.7,2.0,14,958.2,0
2018-06-28 13:37:59,3,48,25.1,35,27.5,1013.9,2.0,2.7,0,958.2,0
2018-06-28 13:40:59,3,48,25.2,40,27.0,1014.0,2.7,3.7,2,958.2,0
2018-06-28 13:43:59,3,47,25.2,41,26.7,1013.9,2.0,2.7,5,958.2,0
2018-06-28 13:46:59,3,47,25.1,41,26.5,1014.0,3.7,4.4,0,958.2,0
2018-06-28 13:49:59,3,47,25.1,41,26.2,1013.9,2.7,3.4,0,958.2,0
2018-06-28 13:52:59,3,47,25.2,41,26.1,1013.8,1.4,2.7,14,958.2,0
2018-06-28 13:55:59,3,46,25.3,42,26.0,1013.8,3.4,5.4,4,958.2,0
2018-06-28 13:58:59,3,46,25.2,42,26.0,1013.8,2.7,5.4,6,958.2,0
2018-06-28 14:01:59,3,46,25.2,42,25.9,1013.8,1.4,1.7,14,958.2,0
2018-06-28 14:04:59,3,46,25.2,42,25.9,1013.9,1.4,1.7,14,958.2,0
2018-06-28 14:07:59,3,46,25.2,43,25.6,1013.8,1.0,1.4,2,958.2,0
2018-06-28 14:10:59,3,45,25.2,42,25.6,1013.8,1.0,1.7,0,958.2,0
2018-06-28 14:13:59,3,45,25.2,43,25.6,1013.9,1.4,1.7,0,958.2,0
2018-06-28 14:16:59,3,45,25.3,43,25.5,1013.7,1.7,2.0,12,958.2,0
2018-06-28 14:19:59,3,45,25.3,43,25.5,1013.8,2.7,4.4,2,958.2,0
2018-06-28 14:22:59,3,45,25.3,43,25.5,1013.8,2.0,3.4,12,958.2,0
2018-06-28 14:25:59,3,45,25.3,43,25.5,1013.8,2.0,2.7,0,958.2,0
2018-06-28 14:28:59,3,45,25.3,43,25.5,1013.7,2.7,4.4,2,958.2,0
2018-06-28 14:31:59,3,45,25.3,44,25.5,1013.7,1.0,1.4,12,958.2,0
2018-06-28 14:34:59,3,45,25.3,43,25.5,1013.6,2.4,3.1,4,958.2,0
2018-06-28 14:37:59,3,44,25.3,43,25.5,1013.6,2.0,3.1,0,958.2,0
2018-06-28 14:40:59,3,44,25.3,43,25.6,1013.6,1.4,2.0,14,958.2,0
2018-06-28 14:43:59,3,44,25.3,43,25.9,1013.6,1.0,1.7,2,958.2,0
2018-06-28 14:46:59,3,44,25.4,42,26.2,1013.6,1.7,2.0,0,958.2,0
2018-06-28 14:49:59,3,44,25.4,42,26.6,1013.4,2.0,2.7,0,958.2,0
2018-06-28 14:52:59,3,44,25.4,42,26.9,1013.4,0.7,1.0,0,958.2,0
2018-06-28 14:55:59,3,44,25.4,42,26.8,1013.4,1.4,2.0,0,958.2,0
2018-06-28 14:58:59,3,44,25.3,41,26.6,1013.4,3.4,4.1,0,958.2,0
2018-06-28 15:01:59,3,44,25.3,42,26.7,1013.4,1.4,1.7,0,958.2,0
2018-06-28 15:04:59,3,44,25.3,41,26.8,1013.4,3.1,4.8,14,958.2,0
2018-06-28 15:07:59,3,44,25.3,41,27.0,1013.4,2.4,3.7,2,958.2,0
2018-06-28 15:10:59,3,44,25.4,41,27.1,1013.5,3.7,5.1,0,958.2,0
2018-06-28 15:13:59,3,44,25.4,41,27.0,1013.6,0.7,1.4,2,958.2,0
2018-06-28 15:16:59,3,44,25.3,41,26.8,1013.4,3.1,3.7,14,958.2,0
2018-06-28 15:19:59,3,44,25.4,41,26.7,1013.4,3.1,3.7,0,958.2,0
2018-06-28 15:22:59,3,44,25.4,42,26.8,1013.4,1.7,2.4,2,958.2,0
2018-06-28 15:25:59,3,44,25.4,41,26.8,1013.3,2.4,3.1,0,958.2,0
2018-06-28 15:28:59,3,44,25.4,42,26.8,1013.4,1.7,2.4,0,958.2,0
2018-06-28 15:31:59,3,44,25.4,42,26.7,1013.4,1.4,2.4,2,958.2,0
2018-06-28 15:34:59,3,44,25.4,41,26.7,1013.4,2.0,3.7,0,958.2,0
2018-06-28 15:37:59,3,44,25.4,41,26.8,1013.5,3.1,4.4,4,958.2,0
2018-06-28 15:40:59,3,44,25.4,41,26.8,1013.5,1.0,1.4,0,958.2,0
2018-06-28 15:43:59,3,44,25.4,40,26.8,1013.4,2.4,3.7,13,958.2,0
2018-06-28 15:46:59,3,44,25.4,40,26.7,1013.5,4.1,5.8,2,958.2,0
2018-06-28 15:49:59,3,44,25.4,41,26.8,1013.4,1.7,2.4,2,958.2,0
2018-06-28 15:52:59,3,44,25.4,40,27.1,1013.4,2.7,3.4,2,958.2,0
2018-06-28 15:55:59,3,44,25.4,40,27.0,1013.3,2.4,2.7,4,958.2,0
2018-06-28 15:58:59,3,44,25.4,40,27.3,1013.4,1.4,2.0,0,958.2,0
2018-06-28 16:01:59,3,44,25.4,40,27.4,1013.3,2.4,3.1,2,958.2,0
2018-06-28 16:04:59,3,43,25.4,40,27.4,1013.2,2.4,3.1,2,958.2,0
2018-06-28 16:07:59,3,43,25.4,40,26.8,1013.2,2.4,3.1,0,958.2,0
2018-06-28 16:10:59,3,43,25.4,40,26.4,1013.1,2.0,3.4,0,958.2,0
2018-06-28 16:13:59,3,43,25.4,41,26.2,1013.1,0.7,1.4,2,958.2,0
2018-06-28 16:16:59,3,43,25.4,41,26.0,1013.1,1.4,1.7,2,958.2,0
2018-06-28 16:19:59,3,43,25.4,41,25.9,1013.1,2.0,2.4,0,958.2,0
2018-06-28 16:22:59,3,43,25.4,41,26.1,1013.1,1.4,3.4,2,958.2,0
2018-06-28 16:25:59,3,43,25.4,41,26.5,1013.0,1.4,2.0,0,958.2,0
2018-06-28 16:28:59,3,43,25.4,40,26.9,1012.9,1.4,1.7,13,958.2,0
2018-06-28 16:31:59,3,43,25.4,40,27.2,1012.9,1.7,2.4,0,958.2,0
2018-06-28 16:34:59,3,41,26.2,40,27.4,1012.9,1.7,2.4,1,958.2,0
2018-06-28 16:37:59,3,41,26.2,39,27.2,1012.9,2.7,4.4,2,958.2,0
2018-06-28 16:40:59,3,41,26.2,40,27.1,1012.9,1.4,2.0,0,958.2,0
2018-06-28 16:43:59,3,41,26.2,40,27.1,1012.8,2.0,2.4,14,958.2,0
2018-06-28 16:46:59,3,41,26.2,40,27.0,1012.9,1.7,2.4,14,958.2,0
2018-06-28 16:49:59,3,41,26.2,40,26.6,1012.9,1.4,2.0,14,958.2,0
2018-06-28 16:52:59,3,41,26.2,40,26.4,1012.9,2.4,3.4,0,958.2,0
2018-06-28 16:55:59,3,41,26.2,40,26.5,1012.9,2.0,2.7,14,958.2,0
2018-06-28 16:58:59,3,41,26.2,40,26.7,1013.0,3.1,4.1,14,958.2,0
2018-06-28 17:01:59,3,41,26.2,40,26.8,1012.9,1.4,2.0,0,958.2,0
2018-06-28 17:04:59,3,41,26.2,40,26.7,1012.9,0.3,1.0,0,958.2,0
2018-06-28 17:07:59,3,41,26.2,40,26.4,1012.9,2.0,3.4,14,958.2,0
2018-06-28 17:10:59,3,41,26.2,40,26.2,1012.9,1.7,2.0,0,958.2,0
2018-06-28 17:13:59,3,40,26.2,40,25.9,1012.9,1.4,2.0,14,958.2,0
2018-06-28 17:16:59,3,40,26.2,41,25.7,1012.9,0.3,0.7,0,958.2,0
2018-06-28 17:19:59,3,40,26.2,41,25.6,1012.9,1.7,2.4,0,958.2,0
2018-06-28 17:22:59,3,40,26.2,41,25.5,1012.8,0.7,1.0,1,958.2,0
2018-06-28 17:25:59,3,40,26.2,40,25.4,1012.9,1.0,1.7,0,958.2,0
2018-06-28 17:28:59,3,39,26.2,41,25.3,1012.9,1.4,2.0,15,958.2,0
2018-06-28 17:31:59,3,39,26.2,41,25.3,1013.0,1.4,2.0,2,958.2,0
2018-06-28 17:34:59,3,39,26.2,41,25.5,1012.9,0.7,1.4,2,958.2,0
2018-06-28 17:37:59,3,39,26.2,40,25.9,1012.9,2.0,3.1,0,958.2,0
2018-06-28 17:40:59,3,39,26.2,40,26.2,1012.8,1.4,2.0,1,958.2,0
2018-06-28 17:43:59,3,39,26.2,40,26.4,1012.8,0.7,1.0,1,958.2,0
2018-06-28 17:46:59,3,39,26.2,40,26.6,1012.9,1.7,2.4,0,958.2,0
2018-06-28 17:49:59,3,39,26.2,38,26.6,1012.8,1.4,2.4,0,958.2,0
2018-06-28 17:52:59,3,39,26.2,38,26.4,1013.0,1.7,2.0,2,958.2,0
2018-06-28 17:55:59,3,39,26.2,39,26.3,1012.9,1.0,1.4,0,958.2,0
2018-06-28 17:58:59,3,39,26.2,38,26.2,1012.9,1.7,3.1,2,958.2,0
2018-06-28 18:01:59,3,39,26.2,38,26.0,1012.9,2.0,3.7,0,958.2,0
2018-06-28 18:04:59,3,38,26.2,38,26.0,1012.9,2.0,3.7,0,958.2,0
2018-06-28 18:07:59,3,38,26.2,40,25.3,1012.9,1.4,2.4,2,958.2,0
2018-06-28 18:10:59,3,38,26.2,40,25.2,1012.9,2.0,3.1,0,958.2,0
2018-06-28 18:13:59,3,38,26.2,40,25.1,1013.0,0.7,1.0,14,958.2,0
2018-06-28 18:16:59,3,38,26.2,41,25.1,1013.0,1.7,2.7,4,958.2,0
2018-06-28 18:19:59,3,38,26.2,41,25.0,1013.1,1.7,2.7,2,958.2,0
2018-06-28 18:22:59,3,38,26.2,41,24.9,1013.1,2.7,4.4,0,958.2,0
2018-06-28 18:25:59,3,38,26.2,41,24.7,1013.1,1.7,3.4,14,958.2,0
2018-06-28 18:28:59,3,38,26.2,41,24.6,1013.0,0.7,1.4,14,958.2,0
2018-06-28 18:31:59,3,37,26.2,41,24.5,1012.9,2.0,2.7,14,958.2,0
2018-06-28 18:34:59,3,37,26.2,41,24.4,1013.0,1.7,2.0,14,958.2,0
2018-06-28 18:37:59,3,37,26.2,41,24.2,1013.0,2.7,3.7,14,958.2,0
2018-06-28 18:40:59,3,37,26.2,41,24.1,1013.0,1.0,1.7,0,958.2,0
2018-06-28 18:43:59,3,37,26.2,42,24.0,1013.2,0.7,1.0,14,958.2,0
2018-06-28 18:46:59,3,37,26.2,42,24.0,1013.1,1.0,1.4,0,958.2,0
2018-06-28 18:49:59,3,37,26.2,42,23.9,1013.0,2.0,2.7,14,958.2,0
2018-06-28 18:52:59,3,37,26.2,42,23.7,1013.1,1.7,2.4,2,958.2,0
2018-06-28 18:55:59,3,37,26.2,43,23.6,1013.0,1.4,1.7,8,958.2,0
2018-06-28 18:58:59,3,37,26.2,43,23.6,1013.0,0.7,1.0,0,958.2,0
2018-06-28 19:01:59,3,37,26.2,43,23.5,1013.1,0.7,1.0,14,958.2,0
2018-06-28 19:04:59,3,37,26.2,44,23.3,1013.1,1.0,1.4,0,958.2,0
2018-06-28 19:07:59,3,37,26.2,44,23.2,1013.1,2.4,3.1,0,958.2,0
2018-06-28 19:10:59,3,37,26.2,44,23.2,1013.1,0.7,1.4,0,958.2,0
2018-06-28 19:13:59,3,37,26.2,43,23.1,1013.1,1.7,2.4,2,958.2,0
2018-06-28 19:16:59,3,37,26.2,43,23.1,1013.1,1.4,2.0,6,958.2,0
2018-06-28 19:19:59,3,37,26.2,43,23.0,1013.1,1.4,2.0,2,958.2,0
2018-06-28 19:22:59,3,37,25.4,43,23.0,1013.1,1.0,1.4,15,958.2,0
2018-06-28 19:25:59,3,37,25.4,44,22.9,1013.1,1.0,1.4,2,958.2,0
2018-06-28 19:28:59,3,37,25.4,44,22.8,1013.2,0.7,1.0,14,958.2,0
2018-06-28 19:31:59,3,37,25.4,44,22.7,1013.2,0.3,0.7,2,958.2,0
2018-06-28 19:34:59,3,37,25.4,44,22.7,1013.2,0,0.3,0,958.2,0
2018-06-28 19:37:59,3,37,25.4,45,22.6,1013.2,0.3,0.7,0,958.2,0
2018-06-28 19:40:59,3,38,25.4,45,22.5,1013.2,1.0,1.4,0,958.2,0
2018-06-28 19:43:59,3,37,25.4,50,22.4,1013.2,0.7,1.0,0,958.2,0
2018-06-28 19:46:59,3,38,25.4,50,22.3,1013.3,1.0,1.7,0,958.2,0
2018-06-28 19:49:59,3,38,25.4,50,22.2,1013.2,0.7,1.0,0,958.2,0
2018-06-28 19:52:59,3,38,25.4,50,22.2,1013.2,0.3,0.3,0,958.2,0
2018-06-28 19:55:59,3,38,25.4,50,22.1,1013.3,0.3,0.7,0,958.2,0
2018-06-28 19:58:59,3,38,25.4,50,22.0,1013.2,0.7,1.4,0,958.2,0
2018-06-28 20:01:59,3,38,25.4,50,22.0,1013.2,0.3,0.7,14,958.2,0
2018-06-28 20:04:59,3,38,25.4,50,22.0,1013.3,0.3,0.7,14,958.2,0
2018-06-28 20:07:59,3,38,25.4,51,21.7,1013.2,0.3,0.7,0,958.2,0
2018-06-28 20:10:59,3,38,25.4,51,21.6,1013.1,0.7,1.0,14,958.2,0
2018-06-28 20:13:59,3,38,25.4,51,21.5,1013.2,0.3,0.7,0,958.2,0
2018-06-28 20:16:59,3,38,25.4,51,21.4,1013.2,1.0,1.4,0,958.2,0
2018-06-28 20:19:59,3,38,25.4,51,21.4,1013.2,0.7,1.0,0,958.2,0
2018-06-28 20:22:59,3,38,25.4,51,21.3,1013.1,0,0.3,0,958.2,0
2018-06-28 20:25:59,3,38,25.4,52,21.2,1013.1,0,0,14,958.2,0
2018-06-28 20:28:59,3,38,25.4,52,21.0,1013.1,0,0,2,958.2,0
2018-06-28 20:31:59,3,39,25.4,52,20.9,1013.2,0.3,0.7,0,958.2,0
2018-06-28 20:34:59,3,38,25.4,52,20.8,1013.1,0.7,1.0,0,958.2,0
2018-06-28 20:37:59,3,38,25.4,53,20.7,1013.1,0.3,0.7,0,958.2,0
2018-06-28 20:40:59,3,38,25.4,53,20.6,1013.1,0.7,1.0,0,958.2,0
2018-06-28 20:43:59,3,39,25.4,53,20.6,1013.2,0.7,1.0,0,958.2,0
2018-06-28 20:46:59,3,39,25.4,53,20.6,1013.1,0,0.7,2,958.2,0
2018-06-28 20:49:59,3,39,25.4,54,20.5,1013.1,0.3,0.7,0,958.2,0
2018-06-28 20:52:59,3,39,25.4,53,20.4,1013.2,0,0.3,14,958.2,0
2018-06-28 20:55:59,3,39,25.4,54,20.3,1013.2,0.7,1.0,2,958.2,0
2018-06-28 20:58:59,3,39,25.4,54,20.3,1013.2,0.3,0.7,2,958.2,0
2018-06-28 21:01:59,3,39,25.4,54,20.2,1013.1,0.3,0.7,0,958.2,0
2018-06-28 21:04:59,3,39,25.4,55,20.1,1013.2,0.3,0.7,2,958.2,0
2018-06-28 21:07:59,3,39,25.4,55,20.0,1013.2,0,0.3,0,958.2,0
2018-06-28 21:10:59,3,39,25.4,55,19.9,1013.1,0,0.3,0,958.2,0
2018-06-28 21:13:59,3,39,25.4,56,19.8,1013.1,0,0,2,958.2,0
2018-06-28 21:16:59,3,39,25.4,56,19.7,1013.2,0.3,0.7,0,958.2,0
2018-06-28 21:19:59,3,39,25.3,56,19.6,1013.1,0,0.3,14,958.2,0
2018-06-28 21:22:59,3,39,25.3,57,19.6,1013.2,0.3,0.7,0,958.2,0
2018-06-28 21:25:59,3,39,25.3,57,19.5,1013.2,0,0,0,958.2,0
2018-06-28 21:28:59,3,39,25.3,58,19.4,1013.2,0,0.3,14,958.2,0
2018-06-28 21:31:59,3,39,25.3,58,19.3,1013.2,0,0,0,958.2,0
2018-06-28 21:34:59,3,39,25.3,58,19.3,1013.2,0,0,14,958.2,0
2018-06-28 21:37:59,3,40,25.3,59,19.2,1013.3,0,0.3,0,958.2,0
2018-06-28 21:40:59,3,40,25.3,59,19.1,1013.2,0,0.3,0,958.2,0
2018-06-28 21:43:59,3,40,25.3,60,19.0,1013.3,0,0.3,14,958.2,0
2018-06-28 21:46:59,3,40,25.3,60,19.0,1013.3,0,0.3,0,958.2,0
2018-06-28 21:49:59,3,40,25.3,60,18.9,1013.3,0,0,0,958.2,0
2018-06-28 21:52:59,3,40,25.3,60,18.9,1013.3,0,0,14,958.2,0
2018-06-28 21:55:59,3,40,25.3,60,18.8,1013.3,0,0,14,958.2,0
2018-06-28 21:58:59,3,40,25.3,60,18.7,1013.4,0,0,14,958.2,0
2018-06-28 22:01:59,3,40,25.3,60,18.7,1013.4,0,0,14,958.2,0
2018-06-28 22:04:59,3,40,25.3,60,18.7,1013.2,0,0,14,958.2,0
2018-06-28 22:07:59,3,40,25.3,61,18.5,1013.3,0,0.3,14,958.2,0
2018-06-28 22:10:59,3,40,25.3,61,18.4,1013.3,0,0,14,958.2,0
2018-06-28 22:13:59,3,40,25.3,62,18.4,1013.2,0,0,14,958.2,0
2018-06-28 22:16:59,3,41,25.4,62,18.3,1013.2,0,0,14,958.2,0
2018-06-28 22:19:59,3,41,25.4,62,18.2,1013.3,0,0.7,14,958.2,0
2018-06-28 22:22:59,3,41,25.3,62,18.2,1013.3,0.3,0.7,10,958.2,0
2018-06-28 22:25:59,3,41,25.3,63,18.1,1013.3,0,0.3,12,958.2,0
2018-06-28 22:28:59,3,41,25.3,63,18.1,1013.3,0,0,14,958.2,0
2018-06-28 22:31:59,3,41,25.4,63,18.0,1013.2,0,0,14,958.2,0
2018-06-28 22:34:59,3,41,25.3,63,18.0,1013.5,0,0,14,958.2,0
2018-06-28 22:37:59,3,41,25.4,63,17.8,1013.2,0,0,14,958.2,0
2018-06-28 22:40:59,3,41,25.4,63,17.7,1013.2,0,0,14,958.2,0
2018-06-28 22:43:59,3,41,25.4,64,17.6,1013.1,0,0,14,958.2,0
2018-06-28 22:46:59,3,41,25.3,64,17.6,1013.2,0,0,14,958.2,0
2018-06-28 22:49:59,3,41,25.4,65,17.5,1013.1,0,0,14,958.2,0
2018-06-28 22:52:59,3,41,25.4,69,17.4,1013.1,0,0.3,12,958.2,0
2018-06-28 22:55:59,3,41,25.3,70,17.4,1013.1,0,0.3,14,958.2,0
2018-06-28 22:58:59,3,41,25.4,70,17.4,1013.1,0,0,14,958.2,0
2018-06-28 23:01:59,3,41,25.3,70,17.3,1013.1,0,0.3,12,958.2,0
2018-06-28 23:04:59,3,41,25.3,70,17.2,1013.2,0,0,12,958.2,0
2018-06-28 23:07:59,3,41,25.3,70,17.1,1013.0,0,0,12,958.2,0
2018-06-28 23:10:59,3,41,25.4,70,17.1,1013.1,0,0,12,958.2,0
2018-06-28 23:13:59,3,41,25.3,70,17.0,1013.1,0,0.3,12,958.2,0
2018-06-28 23:16:59,3,41,25.3,70,17.0,1013.1,0,0,12,958.2,0
2018-06-28 23:19:59,3,41,25.3,70,16.9,1013.2,0,0,12,958.2,0
2018-06-28 23:22:59,3,41,25.3,70,16.9,1013.1,0,0.3,14,958.2,0
2018-06-28 23:25:59,3,41,25.3,70,16.9,1013.1,0,0,14,958.2,0
2018-06-28 23:28:59,3,41,25.3,70,16.8,1013.2,0,0,14,958.2,0
2018-06-28 23:31:59,3,41,25.3,70,16.7,1013.2,0,0,14,958.2,0
2018-06-28 23:34:59,3,41,25.3,70,16.6,1013.2,0,0,14,958.2,0
2018-06-28 23:37:59,3,41,25.3,71,16.5,1013.0,0,0,14,958.2,0
2018-06-28 23:40:59,3,41,25.3,71,16.4,1013.0,0,0,14,958.2,0
2018-06-28 23:43:59,3,41,25.3,71,16.4,1013.0,0.3,0.7,14,958.2,0
2018-06-28 23:46:59,3,41,25.3,71,16.4,1013.0,0,0.3,14,958.2,0
2018-06-28 23:49:59,3,41,25.3,71,16.3,1012.9,0,0,14,958.2,0
2018-06-28 23:52:59,3,41,25.3,72,16.2,1012.9,0,0,14,958.2,0
2018-06-28 23:55:59,3,41,25.3,72,16.1,1013.0,0,0,14,958.2,0
2018-06-28 23:58:59,3,41,25.3,72,16.0,1012.9,0,0,14,958.2,0
