2018-06-19 00:01:59,3,49,23.6,70,18.3,1013.4,0,0,14,944.1,0
2018-06-19 00:04:59,3,49,23.6,70,18.3,1013.5,0,0,14,944.1,0
2018-06-19 00:07:59,3,49,23.6,69,18.5,1013.4,0,0,14,944.1,0
2018-06-19 00:10:59,3,49,23.6,69,18.5,1013.5,0,0,14,944.1,0
2018-06-19 00:13:59,3,49,23.6,68,18.6,1013.5,0,0,12,944.1,0
2018-06-19 00:16:59,3,49,23.6,68,18.6,1013.5,0,0,12,944.1,0
2018-06-19 00:19:59,3,49,23.6,68,18.6,1013.5,0,0.3,10,944.1,0
2018-06-19 00:22:59,3,49,23.6,68,18.6,1013.5,0,0.3,12,944.1,0
2018-06-19 00:25:59,3,49,23.6,68,18.6,1013.5,0,0.3,12,944.1,0
2018-06-19 00:28:59,3,49,23.6,68,18.6,1013.5,0,0.3,14,944.1,0
2018-06-19 00:31:59,3,49,23.6,68,18.6,1013.5,0,0,12,944.1,0
2018-06-19 00:34:59,3,49,23.6,68,18.6,1013.4,0,0,14,944.1,0
2018-06-19 00:37:59,3,49,23.6,68,18.6,1013.4,0.3,0.7,12,944.1,0
2018-06-19 00:40:59,3,49,23.6,68,18.6,1013.4,0.3,0.7,12,944.1,0
2018-06-19 00:43:59,3,49,23.6,68,18.6,1013.4,0,0,12,944.1,0
2018-06-19 00:46:59,3,49,23.6,68,18.6,1013.4,0,0.3,10,944.1,0
2018-06-19 00:49:59,3,49,23.6,68,18.6,1013.3,0,0.3,12,944.1,0
2018-06-19 00:52:59,3,49,23.6,68,18.6,1013.3,0.7,1.0,10,944.1,0
2018-06-19 00:55:59,3,49,23.6,68,18.6,1013.3,0,0.3,12,944.1,0
2018-06-19 00:58:59,3,49,23.5,68,18.5,1013.3,0,0.3,14,944.1,0
2018-06-19 01:01:59,3,49,23.5,69,18.5,1013.3,0.7,1.0,12,944.1,0
2018-06-19 01:04:59,3,49,23.5,69,18.5,1013.4,0.3,0.7,12,944.1,0
2018-06-19 01:07:59,3,49,23.5,69,18.5,1013.2,0.7,1.0,10,944.1,0
2018-06-19 01:10:59,3,49,23.5,70,18.5,1013.4,0.3,0.7,10,944.1,0
2018-06-19 01:13:59,3,49,23.5,70,18.5,1013.3,0,0,10,944.1,0
2018-06-19 01:16:59,3,49,23.5,70,18.5,1013.4,0.3,0.7,10,944.1,0
2018-06-19 01:19:59,3,49,23.4,70,18.4,1013.3,0,0,12,944.1,0
2018-06-19 01:22:59,3,49,23.4,70,18.3,1013.3,0.3,0.7,12,944.1,0
2018-06-19 01:25:59,3,49,23.4,70,18.3,1013.3,0,0.3,12,944.1,0
2018-06-19 01:28:59,3,50,23.4,70,18.2,1013.3,0,0,10,944.1,0
2018-06-19 01:31:59,3,50,23.4,70,18.2,1013.3,0,0,10,944.1,0
2018-06-19 01:34:59,3,50,23.4,70,18.1,1013.3,0,0,10,944.1,0
2018-06-19 01:37:59,3,50,23.4,71,18.0,1013.3,0,0,10,944.1,0
2018-06-19 01:40:59,3,50,23.4,71,17.8,1013.3,0,0,10,944.1,0
2018-06-19 01:43:59,3,50,23.4,71,17.7,1013.2,0,0,12,944.1,0
2018-06-19 01:46:59,3,50,23.4,71,17.6,1013.1,0,0,12,944.1,0
2018-06-19 01:49:59,3,50,23.4,71,17.5,1013.2,0,0,12,944.1,0
2018-06-19 01:52:59,3,50,23.4,74,17.3,1013.3,0,0,12,944.1,0
2018-06-19 01:55:59,3,50,23.4,75,17.2,1013.2,0,0,12,944.1,0
2018-06-19 01:58:59,3,50,23.4,76,17.1,1013.2,0,0,12,944.1,0
2018-06-19 02:01:59,3,50,23.4,76,17.1,1013.1,0,0,12,944.1,0
2018-06-19 02:04:59,3,50,23.4,76,17.1,1013.2,0,0,12,944.1,0
2018-06-19 02:07:59,3,51,23.4,76,16.8,1013.2,0,0,0,944.1,0
2018-06-19 02:10:59,3,51,23.4,77,16.7,1013.1,0,0,0,944.1,0
2018-06-19 02:13:59,3,51,23.4,77,16.6,1013.2,0,0,14,944.1,0
2018-06-19 02:16:59,3,51,23.4,78,16.6,1013.2,0,0,14,944.1,0
2018-06-19 02:19:59,3,51,23.4,79,16.5,1013.2,0,0,14,944.1,0
2018-06-19 02:22:59,3,51,23.3,79,16.5,1013.2,0,0,14,944.1,0
2018-06-19 02:25:59,3,51,23.3,79,16.4,1013.1,0,0,14,944.1,0
2018-06-19 02:28:59,3,51,23.4,80,16.4,1013.1,0,0,14,944.1,0
2018-06-19 02:31:59,3,51,23.3,80,16.5,1013.1,0,0,6,944.1,0
2018-06-19 02:34:59,3,51,23.3,80,16.5,1013.1,0,0,8,944.1,0
2018-06-19 02:37:59,3,51,23.3,80,16.6,1013.2,0,0.3,8,944.1,0
2018-06-19 02:40:59,3,51,23.3,80,16.7,1013.1,0,0.3,14,944.1,0
2018-06-19 02:43:59,3,51,23.3,80,16.7,1013.2,0,0,14,944.1,0
2018-06-19 02:46:59,3,52,23.3,80,16.8,1013.2,0,0,14,944.1,0
2018-06-19 02:49:59,3,52,23.3,80,16.8,1013.2,0,0.3,12,944.1,0
2018-06-19 02:52:59,3,52,23.3,80,16.9,1013.2,0,0.3,12,944.1,0
2018-06-19 02:55:59,3,52,23.3,80,17.0,1013.3,0,0.3,14,944.1,0
2018-06-19 02:58:59,3,52,23.3,80,17.1,1013.4,0.7,1.0,10,944.1,0
2018-06-19 03:01:59,3,52,23.3,80,17.2,1013.6,1.0,1.4,10,944.1,0
2018-06-19 03:04:59,3,52,23.3,81,17.2,1013.7,1.0,1.7,10,944.4,0
2018-06-19 03:07:59,3,52,23.2,82,17.1,1013.8,0.7,1.4,14,944.7,0
2018-06-19 03:10:59,3,52,23.2,83,16.9,1013.7,1.0,1.4,10,944.7,0
2018-06-19 03:13:59,3,52,23.2,85,16.7,1013.8,1.0,1.4,10,944.7,0
2018-06-19 03:16:59,3,52,23.2,87,16.6,1013.9,0.3,1.0,12,944.7,0
2018-06-19 03:19:59,3,52,23.2,88,16.5,1013.8,1.0,1.4,14,944.7,0
2018-06-19 03:22:59,3,52,23.2,89,16.5,1013.8,0,0.3,10,944.7,0
2018-06-19 03:25:59,3,52,23.2,90,16.4,1013.7,0.3,0.7,14,944.7,0
2018-06-19 03:28:59,3,52,23.2,91,16.4,1013.7,1.0,1.4,14,944.7,0
2018-06-19 03:31:59,3,51,23.2,91,16.4,1013.7,0,0,14,944.7,0
2018-06-19 03:34:59,3,52,23.3,91,16.4,1013.7,0.7,0.7,12,944.7,0
2018-06-19 03:37:59,3,52,23.3,91,16.3,1013.6,0,0,14,944.7,0
2018-06-19 03:40:59,3,52,23.3,92,16.3,1013.6,0,0,10,944.7,0
2018-06-19 03:43:59,3,51,23.3,92,16.3,1013.7,0,0.3,12,944.7,0
2018-06-19 03:46:59,3,51,23.3,92,16.3,1013.6,0,0,6,944.7,0
2018-06-19 03:49:59,3,51,23.3,92,16.3,1013.7,0.3,1.0,12,944.7,0
2018-06-19 03:52:59,3,51,23.3,93,16.3,1013.7,0,0.3,12,944.7,0
2018-06-19 03:55:59,3,51,23.3,93,16.3,1013.6,0,0.3,14,944.7,0
2018-06-19 03:58:59,3,51,23.3,93,16.3,1013.6,0,0.3,10,944.7,0
2018-06-19 04:01:59,3,51,23.3,93,16.3,1013.7,0,0.3,12,944.7,0
2018-06-19 04:04:59,3,51,23.3,93,16.3,1013.7,0,0.3,12,944.7,0
2018-06-19 04:07:59,3,51,23.3,94,16.4,1013.7,0,0,14,944.7,0
2018-06-19 04:10:59,3,51,23.3,94,16.4,1013.8,0,0.3,8,944.7,0
2018-06-19 04:13:59,3,51,23.2,94,16.4,1013.8,0,0.3,12,944.7,0
2018-06-19 04:16:59,3,51,23.3,94,16.4,1013.8,0,0.3,14,944.7,0
2018-06-19 04:19:59,3,51,23.2,94,16.4,1013.8,0.3,0.3,12,944.7,0
2018-06-19 04:22:59,3,51,23.3,94,16.4,1013.9,0.3,0.7,12,944.7,0
2018-06-19 04:25:59,3,51,23.2,95,16.5,1014.0,0,0.3,10,944.7,0
2018-06-19 04:28:59,3,51,23.2,95,16.5,1013.9,0,0,12,944.7,0
2018-06-19 04:31:59,3,51,23.2,95,16.5,1013.9,0,0,12,944.7,0
2018-06-19 04:34:59,3,51,23.2,95,16.6,1013.9,0,0.3,12,944.7,0
2018-06-19 04:37:59,3,51,23.2,95,16.6,1014.0,0,0,12,944.7,0
2018-06-19 04:40:59,3,51,23.2,95,16.6,1014.0,0.7,1.0,10,944.7,0
2018-06-19 04:43:59,3,52,23.2,95,16.7,1013.9,0,0.3,12,944.7,0
2018-06-19 04:46:59,3,51,23.2,95,16.7,1014.0,0.3,0.7,12,944.7,0
2018-06-19 04:49:59,3,52,23.2,95,16.8,1014.0,0,0.3,12,944.7,0
2018-06-19 04:52:59,3,52,23.2,96,16.9,1014.0,0.3,1.0,12,944.7,0
2018-06-19 04:55:59,3,52,23.2,95,16.9,1014.1,0.7,1.0,14,944.7,0
2018-06-19 04:58:59,3,52,23.2,95,16.9,1014.1,0.3,0.7,0,944.7,0
2018-06-19 05:01:59,3,52,23.2,95,17.0,1014.2,0.3,1.0,14,944.7,0
2018-06-19 05:04:59,3,52,23.2,95,17.1,1014.1,0,0.7,10,944.7,0
2018-06-19 05:07:59,3,53,23.2,95,17.1,1014.2,0.7,1.0,10,944.7,0
2018-06-19 05:10:59,3,53,23.1,95,17.2,1014.3,1.0,1.4,12,944.7,0
2018-06-19 05:13:59,3,54,23.1,94,17.3,1014.2,0.3,0.7,9,944.7,0
2018-06-19 05:16:59,3,55,23.1,94,17.3,1014.2,0.7,1.0,11,944.7,0
2018-06-19 05:19:59,3,55,23.1,93,17.4,1014.2,0.7,1.4,12,944.7,0
2018-06-19 05:22:59,3,55,23.1,92,17.4,1014.3,0.7,1.0,10,944.7,0
2018-06-19 05:25:59,3,55,23.1,88,17.5,1014.3,0.7,1.7,12,945.0,0
2018-06-19 05:28:59,3,56,23.1,87,17.6,1014.2,1.4,2.0,12,945.0,0
2018-06-19 05:31:59,3,56,23.0,86,17.7,1014.3,1.0,1.7,13,945.0,0
2018-06-19 05:34:59,3,56,23.0,85,17.8,1014.3,1.4,2.0,14,945.0,0
2018-06-19 05:37:59,3,57,23.0,84,17.9,1014.2,0.7,1.4,10,945.0,0
2018-06-19 05:40:59,3,57,23.0,84,18.0,1014.2,1.0,2.0,8,945.0,0
2018-06-19 05:43:59,3,57,23.0,83,18.1,1014.3,1.4,1.7,12,945.0,0
2018-06-19 05:46:59,3,57,22.9,83,18.2,1014.4,1.0,1.7,12,945.0,0
2018-06-19 05:49:59,3,57,22.9,82,18.2,1014.4,1.7,2.0,12,945.0,0
2018-06-19 05:52:59,3,57,22.9,81,18.2,1014.5,1.4,2.0,10,945.0,0
2018-06-19 05:55:59,3,57,22.9,80,18.2,1014.6,1.4,1.7,13,945.0,0
2018-06-19 05:58:59,3,57,22.8,80,18.5,1014.4,1.0,1.7,0,945.0,0
2018-06-19 06:01:59,3,57,22.8,80,18.6,1014.5,0.7,1.0,10,945.0,0
2018-06-19 06:04:59,3,57,22.8,80,18.6,1014.5,0.7,1.0,10,945.0,0
2018-06-19 06:07:59,3,57,22.8,76,19.0,1014.5,2.7,3.7,14,945.0,0
2018-06-19 06:10:59,3,57,22.9,75,19.1,1014.5,1.0,1.7,10,945.0,0
2018-06-19 06:13:59,3,57,22.9,75,19.4,1014.5,1.7,3.1,12,945.0,0
2018-06-19 06:16:59,3,57,23.0,73,19.5,1014.5,1.0,1.4,14,945.0,0
2018-06-19 06:19:59,3,57,23.0,72,19.3,1014.5,1.4,1.7,10,945.0,0
2018-06-19 06:22:59,3,57,23.0,73,19.4,1014.4,0.7,2.0,12,945.0,0
2018-06-19 06:25:59,3,57,23.1,72,19.5,1014.5,1.4,2.0,14,945.0,0
2018-06-19 06:28:59,3,56,23.1,72,19.7,1014.6,1.0,1.7,14,945.0,0
2018-06-19 06:31:59,3,56,23.1,70,19.8,1014.6,2.4,3.4,0,945.0,0
2018-06-19 06:34:59,3,56,23.1,71,19.9,1014.6,1.0,1.7,11,945.0,0
2018-06-19 06:37:59,3,56,23.3,70,20.1,1014.6,1.4,2.0,8,945.0,0
2018-06-19 06:40:59,3,56,23.3,70,20.2,1014.5,1.4,1.7,12,945.0,0
2018-06-19 06:43:59,3,55,23.4,69,20.2,1014.6,1.0,2.0,14,945.0,0
2018-06-19 06:46:59,3,55,23.4,68,20.3,1014.5,2.0,2.7,14,945.0,0
2018-06-19 06:49:59,3,55,23.4,67,20.2,1014.6,0.7,1.4,6,945.0,0
2018-06-19 06:52:59,3,55,23.5,66,20.3,1014.6,2.4,2.7,12,945.0,0
2018-06-19 06:55:59,3,54,23.6,67,20.2,1014.5,1.0,1.7,10,945.0,0
2018-06-19 06:58:59,3,54,23.6,68,20.4,1014.6,1.0,1.4,14,945.0,0
2018-06-19 07:01:59,3,54,23.6,67,20.4,1014.5,0.7,1.0,14,945.0,0
2018-06-19 07:04:59,3,54,23.6,67,20.6,1014.5,2.0,3.1,12,945.0,0
2018-06-19 07:07:59,3,54,23.6,66,20.5,1014.5,1.4,2.0,10,945.0,0
2018-06-19 07:10:59,3,54,23.6,66,20.6,1014.5,2.7,4.1,10,945.0,0
2018-06-19 07:13:59,3,54,23.6,64,20.6,1014.6,1.7,3.1,12,945.0,0
2018-06-19 07:16:59,3,54,23.6,63,20.5,1014.6,1.7,3.1,12,945.0,0
2018-06-19 07:19:59,3,53,23.5,64,20.7,1014.6,2.0,3.1,12,945.0,0
2018-06-19 07:22:59,3,53,23.6,64,20.8,1014.4,1.0,1.7,14,945.0,0
2018-06-19 07:25:59,3,53,23.5,63,20.8,1014.7,2.4,3.4,10,945.0,0
2018-06-19 07:28:59,3,53,23.4,63,20.7,1014.8,1.4,2.0,12,945.0,0
2018-06-19 07:31:59,3,53,23.4,63,20.7,1014.8,1.4,1.7,14,945.0,0
2018-06-19 07:34:59,3,53,23.4,63,20.8,1014.7,1.4,2.0,13,945.0,0
2018-06-19 07:37:59,3,53,23.4,63,20.8,1014.7,2.4,3.4,12,945.0,0
2018-06-19 07:40:59,3,53,23.4,62,20.7,1014.7,2.7,3.1,12,945.0,0
2018-06-19 07:43:59,3,53,23.4,63,21.0,1014.7,2.0,2.4,12,945.0,0
2018-06-19 07:46:59,3,53,23.4,62,21.1,1014.7,1.7,2.4,12,945.0,0
2018-06-19 07:49:59,3,53,23.3,63,21.2,1014.7,1.0,1.7,14,945.0,0
2018-06-19 07:52:59,3,53,23.3,62,21.5,1014.7,2.7,3.7,12,945.0,0
2018-06-19 07:55:59,3,53,23.3,61,21.4,1014.7,1.0,1.7,14,945.0,0
2018-06-19 07:58:59,3,53,23.3,61,21.6,1014.7,1.0,1.4,15,945.0,0
2018-06-19 08:01:59,3,53,23.3,61,21.7,1014.7,1.7,2.4,0,945.0,0
2018-06-19 08:04:59,3,53,23.3,61,21.7,1014.7,1.7,2.4,0,945.0,0
2018-06-19 08:07:59,3,52,23.3,60,21.7,1014.7,0.7,1.4,12,945.0,0
2018-06-19 08:10:59,3,52,23.3,60,21.8,1014.8,2.4,3.1,14,945.0,0
2018-06-19 08:13:59,3,52,23.3,60,22.1,1014.7,2.7,3.4,10,945.0,0
2018-06-19 08:16:59,3,52,23.3,59,22.3,1014.8,1.7,2.7,14,945.0,0
2018-06-19 08:19:59,3,52,23.2,58,22.1,1014.7,2.4,3.1,2,945.0,0
2018-06-19 08:22:59,3,52,23.2,58,22.1,1014.7,2.4,3.4,12,945.0,0
2018-06-19 08:25:59,3,52,23.2,58,22.1,1014.7,1.0,1.4,8,945.0,0
2018-06-19 08:28:59,3,52,23.1,53,22.5,1014.8,1.4,1.7,10,945.0,0
2018-06-19 08:31:59,3,52,23.1,52,22.7,1014.7,1.4,2.0,14,945.0,0
2018-06-19 08:34:59,3,52,23.1,53,22.7,1014.7,1.0,1.4,13,945.0,0
2018-06-19 08:37:59,3,52,23.1,51,22.6,1014.8,2.0,3.4,14,945.0,0
2018-06-19 08:40:59,3,52,23.1,53,22.9,1014.9,0.7,1.4,10,945.0,0
2018-06-19 08:43:59,3,52,23.1,52,23.2,1014.7,1.0,1.4,0,945.0,0
2018-06-19 08:46:59,3,52,23.1,52,23.4,1014.7,2.0,3.1,9,945.0,0
2018-06-19 08:49:59,3,52,23.1,51,23.6,1014.6,1.7,2.0,8,945.0,0
2018-06-19 08:52:59,3,52,23.1,51,23.9,1014.8,1.0,2.0,12,945.0,0
2018-06-19 08:55:59,3,52,23.1,50,23.8,1014.7,2.0,3.1,14,945.0,0
2018-06-19 08:58:59,3,52,23.1,50,23.5,1014.7,1.4,2.4,11,945.0,0
2018-06-19 09:01:59,3,52,23.1,49,23.3,1014.7,1.7,2.4,10,945.0,0
2018-06-19 09:04:59,3,52,23.1,49,23.1,1014.8,1.7,2.0,12,945.0,0
2018-06-19 09:07:59,3,52,23.1,50,23.2,1014.8,1.4,1.7,10,945.0,0
2018-06-19 09:10:59,3,51,23.1,49,23.4,1014.8,1.4,2.0,14,945.0,0
2018-06-19 09:13:59,3,51,23.1,48,23.2,1014.7,1.4,2.0,12,945.0,0
2018-06-19 09:16:59,3,51,23.1,50,23.2,1014.7,2.0,4.4,12,945.0,0
2018-06-19 09:19:59,3,51,23.1,48,23.2,1014.7,2.0,3.1,10,945.0,0
2018-06-19 09:22:59,3,51,23.1,50,23.4,1014.7,0.7,1.0,10,945.0,0
2018-06-19 09:25:59,3,51,23.2,48,23.6,1014.7,1.7,2.4,12,945.0,0
2018-06-19 09:28:59,3,50,23.2,49,23.4,1014.7,1.4,2.0,14,945.0,0
2018-06-19 09:31:59,3,50,23.2,48,23.3,1014.7,1.0,1.4,10,945.0,0
2018-06-19 09:34:59,3,50,23.2,49,23.3,1014.7,2.7,3.7,14,945.0,0
2018-06-19 09:38:00,3,50,23.2,50,23.1,1014.7,1.4,2.0,7,945.0,0
2018-06-19 09:41:00,3,50,23.2,50,23.2,1014.7,1.4,1.7,12,945.0,0
2018-06-19 09:44:00,3,50,23.2,50,23.4,1014.7,1.0,1.7,14,945.0,0
2018-06-19 09:47:00,3,50,23.3,49,23.5,1014.7,2.4,2.4,12,945.0,0
2018-06-19 09:50:00,3,50,23.3,49,23.4,1014.9,1.7,2.4,10,945.0,0
2018-06-19 09:53:00,3,50,23.3,49,23.3,1014.8,1.0,1.4,8,945.0,0
2018-06-19 09:56:00,3,50,23.3,49,23.3,1014.8,1.4,1.4,10,945.0,0
2018-06-19 09:59:00,3,50,23.3,49,23.3,1014.8,1.7,2.7,12,945.0,0
2018-06-19 10:02:00,3,50,23.3,50,23.3,1014.7,1.0,1.4,14,945.0,0
2018-06-19 10:05:00,3,50,23.3,50,23.3,1014.8,1.0,1.4,14,945.0,0
2018-06-19 10:08:00,3,50,23.3,50,23.4,1014.8,2.0,2.7,10,945.0,0
2018-06-19 10:11:00,3,50,23.4,50,23.4,1014.8,2.0,2.7,14,945.0,0
2018-06-19 10:14:00,3,50,23.4,50,23.3,1015.0,1.4,2.0,14,945.0,0
2018-06-19 10:17:00,3,50,23.4,49,23.1,1015.0,2.0,2.7,12,945.0,0
2018-06-19 10:20:00,3,49,23.4,50,22.9,1015.0,1.0,1.4,12,945.0,0
2018-06-19 10:23:00,3,49,23.4,50,22.8,1014.8,1.7,2.4,12,945.0,0
2018-06-19 10:26:00,3,49,23.4,50,22.9,1014.8,1.7,2.7,10,945.0,0
2018-06-19 10:29:00,3,49,23.4,50,23.0,1014.8,1.4,2.0,12,945.0,0
2018-06-19 10:32:00,3,49,23.4,50,23.1,1014.8,1.4,1.7,10,945.0,0
2018-06-19 10:35:00,3,49,23.4,50,23.1,1014.9,1.0,2.0,14,945.0,0
2018-06-19 10:38:00,3,49,23.4,50,23.3,1015.0,2.4,3.4,12,945.0,0
2018-06-19 10:41:00,3,49,23.4,49,23.3,1014.8,1.4,2.0,10,945.0,0
2018-06-19 10:44:00,3,49,23.4,49,23.4,1014.9,2.0,3.1,12,945.0,0
2018-06-19 10:47:00,3,49,23.4,49,23.6,1014.9,2.0,2.4,14,945.0,0
2018-06-19 10:50:00,3,49,23.4,49,23.6,1014.9,1.7,3.1,10,945.0,0
2018-06-19 10:53:00,3,49,23.5,48,23.6,1014.9,1.7,2.4,12,945.0,0
2018-06-19 10:56:00,3,49,23.5,50,23.8,1015.0,0.3,0.7,14,945.0,0
2018-06-19 10:59:00,3,49,23.5,50,23.9,1014.9,1.7,2.4,14,945.0,0
2018-06-19 11:02:00,3,49,23.6,50,24.0,1015.0,1.0,1.7,4,945.0,0
2018-06-19 11:05:00,3,49,23.6,49,23.9,1015.0,1.7,2.0,12,945.0,0
2018-06-19 11:08:00,3,49,23.6,50,23.7,1015.0,1.4,2.0,10,945.0,0
2018-06-19 11:11:00,3,49,23.6,50,23.6,1015.0,1.4,1.7,14,945.0,0
2018-06-19 11:14:00,3,49,23.6,50,23.4,1015.0,0.3,0.7,0,945.0,0
2018-06-19 11:17:00,3,49,23.6,51,23.4,1015.1,1.0,1.4,15,945.0,0
2018-06-19 11:20:00,3,49,23.6,50,23.4,1015.0,1.4,2.0,12,945.0,0
2018-06-19 11:23:00,3,49,23.6,51,23.4,1015.0,0.7,1.0,12,945.0,0
2018-06-19 11:26:00,3,50,23.6,52,23.5,1015.1,0.7,1.4,2,945.0,0
2018-06-19 11:29:00,3,50,23.6,51,23.5,1015.0,2.0,2.7,12,945.0,0
2018-06-19 11:32:00,3,50,23.7,51,23.5,1015.1,0.7,1.4,12,945.0,0
2018-06-19 11:35:00,3,50,23.7,51,23.6,1015.1,0.7,1.0,10,945.0,0
2018-06-19 11:38:00,3,50,23.7,51,23.6,1015.1,2.4,3.4,12,945.0,0
2018-06-19 11:41:00,3,50,23.7,50,23.8,1015.0,2.4,3.4,12,945.0,0
2018-06-19 11:44:00,3,50,23.7,51,24.1,1015.0,0.7,1.0,12,945.0,0
2018-06-19 11:47:00,3,50,23.7,50,24.2,1015.0,2.0,3.1,12,945.0,0
2018-06-19 11:50:00,3,50,23.7,50,24.2,1015.0,1.4,2.0,12,945.0,0
2018-06-19 11:53:00,3,50,23.8,50,24.4,1015.0,2.0,2.7,10,945.0,0
2018-06-19 11:56:00,3,50,23.8,50,24.6,1014.9,0.7,1.0,0,945.0,0
2018-06-19 11:59:00,3,50,23.8,49,24.7,1014.9,1.7,2.4,12,945.0,0
2018-06-19 12:02:00,3,50,23.8,50,24.7,1014.8,0.7,1.4,14,945.0,0
2018-06-19 12:05:00,3,50,23.8,50,24.7,1014.9,0.7,1.4,14,945.0,0
2018-06-19 12:08:00,3,50,23.8,48,24.7,1014.9,2.0,2.7,12,945.0,0
2018-06-19 12:11:00,3,50,23.8,48,24.6,1014.9,2.0,2.7,0,945.0,0
2018-06-19 12:14:00,3,50,23.8,50,24.6,1014.9,1.4,2.0,14,945.0,0
2018-06-19 12:17:00,3,50,23.8,48,24.6,1014.9,1.0,2.0,14,945.0,0
2018-06-19 12:20:00,3,50,23.9,49,24.5,1015.0,1.0,1.7,14,945.0,0
2018-06-19 12:23:00,3,50,23.9,49,24.2,1014.9,2.4,3.4,10,945.0,0
2018-06-19 12:26:00,3,50,23.9,50,24.1,1015.0,0.7,1.0,12,945.0,0
2018-06-19 12:29:00,3,49,24.0,50,24.3,1015.1,1.0,1.7,10,945.0,0
2018-06-19 12:32:00,3,49,24.0,50,24.3,1014.9,1.7,2.4,12,945.0,0
2018-06-19 12:35:00,3,49,24.0,50,24.3,1014.9,1.0,1.7,9,945.0,0
2018-06-19 12:38:00,3,49,24.0,50,24.4,1015.1,0.3,1.0,9,945.0,0
2018-06-19 12:41:00,3,49,24.0,51,24.5,1014.9,0.7,1.0,12,945.0,0
2018-06-19 12:44:00,3,49,24.1,51,24.8,1015.0,0.7,1.0,10,945.0,0
2018-06-19 12:47:00,3,49,24.1,50,25.2,1014.8,1.0,1.7,12,945.0,0
2018-06-19 12:50:00,3,50,24.1,48,25.3,1014.9,2.4,3.4,14,945.0,0
2018-06-19 12:53:00,3,50,24.1,49,25.2,1014.9,0.7,1.0,8,945.0,0
2018-06-19 12:56:00,3,50,24.1,48,25.0,1014.9,1.7,2.4,12,945.0,0
2018-06-19 12:59:00,3,50,24.2,49,24.9,1015.0,1.0,1.4,14,945.0,0
2018-06-19 13:02:00,3,50,24.2,50,24.8,1014.9,0.7,1.0,9,945.0,0
2018-06-19 13:05:00,3,50,24.2,50,24.9,1014.9,0.7,1.0,12,945.0,0
2018-06-19 13:08:00,3,50,24.3,48,25.0,1015.1,2.0,3.1,10,945.0,0
2018-06-19 13:11:00,3,50,24.2,49,24.9,1014.9,1.0,1.4,4,945.0,0
2018-06-19 13:14:00,3,50,24.3,49,24.7,1015.0,0.7,1.0,12,945.0,0
2018-06-19 13:17:00,3,49,24.2,49,24.6,1014.9,0.7,0.7,12,945.0,0
2018-06-19 13:20:00,3,49,24.3,50,24.5,1015.0,1.0,1.7,12,945.0,0
2018-06-19 13:23:00,3,49,24.3,50,24.4,1015.0,1.0,1.7,14,945.0,0
2018-06-19 13:26:00,3,49,24.3,50,24.3,1015.0,2.0,2.4,12,945.0,0
2018-06-19 13:29:00,3,49,24.3,51,24.2,1015.2,2.0,3.4,14,945.0,0
2018-06-19 13:32:00,3,49,24.3,51,24.3,1015.2,1.0,1.4,10,945.0,0
2018-06-19 13:35:00,3,49,24.4,51,24.3,1015.2,1.0,1.7,10,945.0,0
2018-06-19 13:38:00,3,49,24.4,51,24.4,1015.2,0.7,1.0,14,945.0,0
2018-06-19 13:41:00,3,49,24.3,51,24.3,1015.2,1.0,1.7,14,945.0,0
2018-06-19 13:44:00,3,49,24.4,51,24.3,1015.3,1.7,2.0,8,945.0,0
2018-06-19 13:47:00,3,49,24.4,51,24.2,1015.1,2.0,2.7,14,945.0,0
2018-06-19 13:50:00,3,49,24.4,51,24.2,1015.2,1.7,2.0,8,945.0,0
2018-06-19 13:53:00,3,49,24.4,51,24.1,1015.2,1.4,1.7,6,945.0,0
2018-06-19 13:56:00,3,49,24.4,52,24.0,1015.2,1.7,2.7,10,945.0,0
2018-06-19 13:59:00,3,49,24.4,52,23.9,1015.1,1.7,2.0,12,945.0,0
2018-06-19 14:02:00,3,49,24.4,53,23.8,1015.2,1.0,2.0,14,945.0,0
2018-06-19 14:05:00,3,50,24.5,53,23.8,1015.3,1.0,2.0,14,945.0,0
2018-06-19 14:08:00,3,50,24.5,54,23.5,1015.4,1.0,1.7,14,945.0,0
2018-06-19 14:11:00,3,50,24.4,54,23.5,1015.3,1.0,1.7,14,945.0,0
2018-06-19 14:14:00,3,50,24.4,54,23.4,1015.5,1.4,2.0,14,945.0,0
2018-06-19 14:17:00,3,50,24.4,54,23.4,1015.3,0.7,1.0,14,945.0,0
2018-06-19 14:20:00,3,50,24.4,54,23.4,1015.3,1.4,1.7,14,945.0,0
2018-06-19 14:23:00,3,50,24.5,55,23.4,1015.4,0.3,0.7,14,945.0,0
2018-06-19 14:26:00,3,51,24.5,55,23.5,1015.5,1.4,1.7,0,945.0,0
2018-06-19 14:29:00,3,51,24.5,55,23.5,1015.5,0.3,1.0,12,945.0,0
2018-06-19 14:32:00,3,51,24.5,55,23.5,1015.5,0.7,1.4,8,945.0,0
2018-06-19 14:35:00,3,51,24.4,55,23.5,1015.5,0.7,1.0,12,945.0,0
2018-06-19 14:38:00,3,51,24.4,55,23.5,1015.6,0.3,1.0,2,945.0,0
2018-06-19 14:41:00,3,51,24.4,54,23.5,1015.5,1.7,3.1,14,945.0,0
2018-06-19 14:44:00,3,51,24.4,55,23.5,1015.6,1.0,1.4,13,945.0,0
2018-06-19 14:47:00,3,51,24.5,55,23.4,1015.5,1.0,1.7,14,945.0,0
2018-06-19 14:50:00,3,51,24.5,55,23.3,1015.6,0.7,1.4,14,945.0,0
2018-06-19 14:53:00,3,51,24.5,55,23.2,1015.6,0.7,1.0,12,945.0,0
2018-06-19 14:56:00,3,51,24.5,56,23.2,1015.5,0.7,1.0,14,945.0,0
2018-06-19 14:59:00,3,51,24.4,56,23.1,1015.6,0.7,1.0,12,945.0,0
2018-06-19 15:02:00,3,51,24.4,56,23.1,1015.6,1.0,1.4,14,945.0,0
2018-06-19 15:05:00,3,51,24.4,56,23.0,1015.6,1.0,1.4,0,945.0,0
2018-06-19 15:08:00,3,51,24.4,57,22.9,1015.6,0.7,1.4,14,945.0,0
2018-06-19 15:11:00,3,51,24.5,57,22.8,1015.7,1.0,1.4,12,945.0,0
2018-06-19 15:14:00,3,51,24.5,57,22.7,1015.6,1.7,2.7,0,945.0,0
2018-06-19 15:17:00,3,51,24.5,57,22.7,1015.6,2.4,3.1,12,945.0,0
2018-06-19 15:20:00,3,51,24.5,58,22.7,1015.6,0.7,1.4,2,945.0,0
2018-06-19 15:23:00,3,51,24.4,57,22.8,1015.7,2.4,3.1,10,945.0,0
2018-06-19 15:26:00,3,51,24.4,57,22.9,1015.7,1.7,2.7,12,945.0,0
2018-06-19 15:29:00,3,51,24.4,56,23.0,1015.6,0.7,1.0,10,945.0,0
2018-06-19 15:32:00,3,51,24.4,57,23.2,1015.7,0.3,0.7,12,945.0,0
2018-06-19 15:35:00,3,51,24.5,57,23.3,1015.7,1.0,1.4,14,945.0,0
2018-06-19 15:38:00,3,51,24.5,57,23.5,1015.7,0.3,0.7,14,945.0,0
2018-06-19 15:41:00,3,51,24.5,56,23.6,1015.7,1.0,1.7,14,945.0,0
2018-06-19 15:44:00,3,51,24.5,55,23.6,1015.6,1.0,1.7,14,945.0,0
2018-06-19 15:47:00,3,51,24.4,55,23.5,1015.7,1.4,1.7,2,945.0,0
2018-06-19 15:50:00,3,51,24.4,55,23.4,1015.6,0.3,0.7,14,945.0,0
2018-06-19 15:53:00,3,51,24.4,56,23.4,1015.7,0.3,1.0,10,945.0,0
2018-06-19 15:56:00,3,51,24.4,56,23.4,1015.7,0.3,0.7,15,945.0,0
2018-06-19 15:59:00,3,51,24.5,56,23.4,1015.6,0.7,1.4,12,945.0,0
2018-06-19 16:02:00,3,51,24.5,55,23.4,1015.6,1.0,1.7,12,945.0,0
2018-06-19 16:05:00,3,51,24.5,55,23.4,1015.7,1.0,1.7,12,945.0,0
2018-06-19 16:08:00,3,51,24.5,55,23.4,1015.8,1.7,2.7,12,945.0,0
2018-06-19 16:11:00,3,51,24.5,55,23.4,1015.7,0.7,1.0,14,945.0,0
2018-06-19 16:14:00,3,51,24.5,56,23.4,1015.7,0.7,1.4,0,945.0,0
2018-06-19 16:17:00,3,51,24.5,55,23.4,1015.7,0.7,1.0,14,945.0,0
2018-06-19 16:20:00,3,51,24.5,56,23.4,1015.6,0,0.3,14,945.0,0
2018-06-19 16:23:00,3,51,24.5,56,23.4,1015.6,0.3,0.7,12,945.0,0
2018-06-19 16:26:00,3,51,24.5,55,23.5,1015.7,1.0,1.4,14,945.0,0
2018-06-19 16:29:00,3,51,24.5,55,23.5,1015.6,0.3,0.7,14,945.0,0
2018-06-19 16:32:00,3,51,24.5,54,23.5,1015.6,0.7,1.0,14,945.0,0
2018-06-19 16:35:00,3,51,24.5,54,23.4,1015.7,1.4,2.0,12,945.0,0
2018-06-19 16:38:00,3,51,24.5,53,23.3,1015.6,0.7,1.4,14,945.0,0
2018-06-19 16:41:00,3,51,24.5,53,23.3,1015.7,3.4,4.1,12,945.0,0
2018-06-19 16:44:00,3,51,24.5,53,23.2,1015.7,0.7,1.0,12,945.0,0
2018-06-19 16:47:00,3,51,24.5,53,23.2,1015.8,0.7,1.4,14,945.0,0
2018-06-19 16:50:00,3,51,24.6,53,23.0,1015.7,1.4,1.7,12,945.0,0
2018-06-19 16:53:00,3,51,24.5,53,23.0,1015.6,1.4,1.7,14,945.0,0
2018-06-19 16:56:00,3,50,24.4,55,23.0,1015.7,0.7,1.0,0,945.0,0
2018-06-19 16:59:00,3,50,24.5,55,23.0,1015.7,0.7,1.0,12,945.0,0
2018-06-19 17:02:00,3,50,24.5,54,23.0,1015.6,0.7,1.0,14,945.0,0
2018-06-19 17:05:00,3,50,24.5,54,23.0,1015.6,1.0,1.4,12,945.0,0
2018-06-19 17:08:00,3,50,24.5,54,23.1,1015.6,1.0,1.4,14,945.0,0
2018-06-19 17:11:00,3,50,24.4,53,23.1,1015.6,0.7,1.0,12,945.0,0
2018-06-19 17:14:00,3,50,24.4,54,23.2,1015.6,0,0.3,12,945.0,0
2018-06-19 17:17:00,3,50,24.4,54,23.3,1015.6,0.3,1.0,14,945.0,0
2018-06-19 17:20:00,3,50,24.4,53,23.5,1015.6,1.4,2.0,12,945.0,0
2018-06-19 17:23:00,3,50,24.4,53,23.7,1015.7,1.7,2.4,14,945.0,0
2018-06-19 17:26:00,3,50,24.5,52,23.9,1015.6,1.4,1.7,12,945.0,0
2018-06-19 17:29:00,3,50,24.6,52,24.1,1015.7,0.7,1.4,12,945.0,0
2018-06-19 17:32:00,3,50,24.6,52,24.2,1015.6,2.0,3.1,0,945.0,0
2018-06-19 17:35:00,3,50,24.7,52,24.3,1015.7,0.3,0.7,10,945.0,0
2018-06-19 17:38:00,3,50,24.7,51,24.4,1015.5,1.0,2.0,0,945.0,0
2018-06-19 17:41:00,3,50,24.7,52,24.4,1015.7,1.0,1.7,14,945.0,0
2018-06-19 17:44:00,3,50,24.7,52,24.5,1015.7,1.0,2.0,14,945.0,0
2018-06-19 17:47:00,3,50,24.7,52,24.7,1015.7,0,0.3,10,945.0,0
2018-06-19 17:50:00,3,51,24.7,52,24.8,1015.7,0.7,1.0,12,945.0,0
2018-06-19 17:53:00,3,51,24.7,51,24.7,1015.8,0.3,1.0,12,945.0,0
2018-06-19 17:56:00,3,51,24.8,51,24.5,1015.8,2.0,2.7,12,945.0,0
2018-06-19 17:59:00,3,51,24.8,51,24.2,1015.8,0.3,0.7,14,945.0,0
2018-06-19 18:02:00,3,51,24.8,52,24.0,1015.8,1.4,2.0,14,945.0,0
2018-06-19 18:05:00,3,51,24.8,52,24.0,1015.7,1.4,2.0,14,945.0,0
2018-06-19 18:08:00,3,51,24.8,53,23.2,1015.6,0.7,1.4,14,945.0,0
2018-06-19 18:11:00,3,51,24.8,54,23.1,1015.7,0.7,1.0,14,945.0,0
2018-06-19 18:14:00,3,51,24.8,55,23.0,1015.7,0,0.3,12,945.0,0
2018-06-19 18:17:00,3,51,24.8,55,23.0,1015.7,1.0,1.4,12,945.0,0
2018-06-19 18:20:00,3,51,24.8,55,22.9,1015.7,1.0,1.7,14,945.0,0
2018-06-19 18:23:00,3,51,24.8,55,22.8,1015.7,0,0,14,945.0,0
2018-06-19 18:26:00,3,51,24.8,56,22.7,1015.7,0,0.3,11,945.0,0
2018-06-19 18:29:00,3,51,24.8,57,22.6,1015.8,0.3,0.7,12,945.0,0
2018-06-19 18:32:00,3,51,24.8,57,22.6,1015.7,0.7,1.0,14,945.0,0
2018-06-19 18:35:00,3,51,24.8,57,22.5,1015.8,0.7,1.0,12,945.0,0
2018-06-19 18:38:00,3,51,24.8,61,22.4,1015.7,0,0.3,14,945.0,0
2018-06-19 18:41:00,3,51,24.8,61,22.3,1015.8,0,0.3,12,945.0,0
2018-06-19 18:44:00,3,51,24.8,62,22.2,1015.8,0.3,0.7,14,945.0,0
2018-06-19 18:47:00,3,51,24.8,62,22.1,1015.8,0.3,0.7,14,945.0,0
2018-06-19 18:50:00,3,51,24.8,62,22.0,1015.7,0,0.3,0,945.0,0
2018-06-19 18:53:00,3,51,24.8,61,21.9,1015.8,0.7,1.0,14,945.0,0
2018-06-19 18:56:00,3,51,24.8,61,21.8,1015.7,0.7,1.0,0,945.0,0
2018-06-19 18:59:00,3,51,24.8,62,21.8,1015.8,0.3,0.7,0,945.0,0
2018-06-19 19:02:00,3,51,24.8,62,21.6,1015.8,0,0.3,4,945.0,0
2018-06-19 19:05:00,3,51,24.7,62,21.5,1015.8,0,0,14,945.0,0
2018-06-19 19:08:00,3,51,24.7,63,21.4,1015.9,0,0,14,945.0,0
2018-06-19 19:11:00,3,51,24.7,63,21.3,1015.8,0,0.3,14,945.0,0
2018-06-19 19:14:00,3,51,24.7,63,21.2,1015.8,0,0,0,945.0,0
2018-06-19 19:17:00,3,51,24.7,63,21.1,1015.9,0,0.3,0,945.0,0
2018-06-19 19:20:00,3,51,24.7,64,20.9,1015.9,0,0,0,945.0,0
2018-06-19 19:23:00,3,51,24.7,64,20.8,1015.9,0,0,0,945.0,0
2018-06-19 19:26:00,3,52,24.6,65,20.7,1015.9,0,0,0,945.0,0
2018-06-19 19:29:00,3,52,24.7,65,20.5,1016.0,0,0.3,14,945.0,0
2018-06-19 19:32:00,3,52,24.6,66,20.4,1016.0,0,0,14,945.0,0
2018-06-19 19:35:00,3,52,24.5,66,20.3,1016.1,0,0,14,945.0,0
2018-06-19 19:38:00,3,52,24.5,67,20.1,1016.2,0,0,14,945.0,0
2018-06-19 19:41:00,3,52,24.5,67,20.0,1016.1,0,0,14,945.0,0
2018-06-19 19:44:00,3,52,24.5,67,19.8,1016.2,0,0,14,945.0,0
2018-06-19 19:47:00,3,52,24.5,68,19.8,1016.1,0,0.3,14,945.0,0
2018-06-19 19:50:00,3,52,24.5,69,19.6,1016.1,0,0,14,945.0,0
2018-06-19 19:53:00,3,52,24.5,70,19.5,1016.2,0,0.3,14,945.0,0
2018-06-19 19:56:00,3,52,24.5,70,19.4,1016.3,0,0,14,945.0,0
2018-06-19 19:59:00,3,52,24.5,70,19.4,1016.4,0,0,14,945.0,0
2018-06-19 20:02:00,3,52,24.5,70,19.3,1016.3,0,0,14,945.0,0
2018-06-19 20:05:00,3,52,24.4,70,19.3,1016.4,0,0,14,945.0,0
2018-06-19 20:08:00,3,52,24.3,71,19.1,1016.4,0,0,14,945.0,0
2018-06-19 20:11:00,3,52,24.3,71,19.0,1016.5,0,0,14,945.0,0
2018-06-19 20:14:00,3,52,24.3,71,18.9,1016.5,0,0,14,945.0,0
2018-06-19 20:17:00,3,53,24.3,71,18.8,1016.4,0,0,14,945.0,0
2018-06-19 20:20:00,3,53,24.2,72,18.6,1016.4,0,0,14,945.0,0
2018-06-19 20:23:00,3,53,24.2,72,18.5,1016.4,0,0,14,945.0,0
2018-06-19 20:26:00,3,53,24.1,72,18.4,1016.5,0,0,14,945.0,0
2018-06-19 20:29:00,3,53,24.1,72,18.3,1016.5,0,0,14,945.0,0
2018-06-19 20:32:00,3,53,24.1,73,18.2,1016.5,0,0,14,945.0,0
2018-06-19 20:35:00,3,53,24.1,73,18.1,1016.5,0,0,14,945.0,0
2018-06-19 20:38:00,3,53,24.1,73,18.0,1016.7,0,0,14,945.0,0
2018-06-19 20:41:00,3,53,24.1,74,18.0,1016.6,0,0,14,945.0,0
2018-06-19 20:44:00,3,53,24.1,74,17.9,1016.6,0,0,14,945.0,0
2018-06-19 20:47:00,3,53,24.1,75,17.8,1016.5,0,0,14,945.0,0
2018-06-19 20:50:00,3,53,24.1,75,17.8,1016.5,0,0,14,945.0,0
2018-06-19 20:53:00,3,53,24.1,75,17.7,1016.6,0,0,14,945.0,0
2018-06-19 20:56:00,3,53,24.1,76,17.7,1016.6,0,0,14,945.0,0
2018-06-19 20:59:00,3,53,24.1,76,17.6,1016.6,0,0,14,945.0,0
2018-06-19 21:02:00,3,53,24.1,76,17.6,1016.7,0,0,14,945.0,0
2018-06-19 21:05:00,3,53,24.1,77,17.5,1016.6,0,0,14,945.0,0
2018-06-19 21:08:00,3,53,24.1,77,17.5,1016.6,0,0,14,945.0,0
2018-06-19 21:11:00,3,53,24.1,81,17.4,1016.6,0,0,14,945.0,0
2018-06-19 21:14:00,3,53,24.1,81,17.3,1016.6,0,0,14,945.0,0
2018-06-19 21:17:00,3,53,24.1,81,17.3,1016.6,0,0,14,945.0,0
2018-06-19 21:20:00,3,53,24.1,81,17.2,1016.7,0,0,14,945.0,0
2018-06-19 21:23:00,3,53,24.0,81,17.1,1016.7,0,0,14,945.0,0
2018-06-19 21:26:00,3,53,24.0,81,17.1,1016.7,0,0,14,945.0,0
2018-06-19 21:29:00,3,53,24.0,82,17.0,1016.7,0,0,14,945.0,0
2018-06-19 21:32:00,3,53,24.0,82,16.9,1016.7,0,0,14,945.0,0
2018-06-19 21:35:00,3,53,24.0,82,16.9,1016.7,0,0,14,945.0,0
2018-06-19 21:38:00,3,53,24.0,82,16.8,1016.8,0,0,14,945.0,0
2018-06-19 21:41:00,3,53,24.0,82,16.8,1016.8,0,0,14,945.0,0
2018-06-19 21:44:00,3,53,24.0,82,16.7,1016.8,0,0,14,945.0,0
2018-06-19 21:47:00,3,53,24.0,83,16.7,1016.9,0,0,14,945.0,0
2018-06-19 21:50:00,3,53,24.0,83,16.6,1016.9,0,0,14,945.0,0
2018-06-19 21:53:00,3,54,23.9,83,16.6,1016.9,0,0,14,945.0,0
2018-06-19 21:56:00,3,54,23.8,83,16.6,1016.8,0,0,14,945.0,0
2018-06-19 21:59:00,3,54,23.9,83,16.5,1016.9,0,0,14,945.0,0
