2013-01-13 00:13:00,20,43,16.5,90,-1.4000000000000001,1011.3000000000001,0,0,2,564.6,0
2013-01-13 00:33:00,20,43,16.3,90,-1.4000000000000001,1011.4000000000001,0,0,1,564.6,0
2013-01-13 00:53:00,20,43,16.2,90,-1.5,1011.3000000000001,0,0,1,564.6,0
2013-01-13 01:13:00,20,43,16.0,90,-1.6,1011.4000000000001,0.30000000000000004,0.7000000000000001,1,564.6,0
2013-01-13 01:33:00,20,43,15.9,89,-1.7000000000000002,1011.5,0,0,1,564.6,0
2013-01-13 01:53:00,20,43,15.700000000000001,89,-1.8,1011.5,0,0,1,564.6,0
2013-01-13 02:13:00,20,43,15.600000000000001,89,-1.9000000000000001,1011.6,0.30000000000000004,1.0,0,564.6,0
2013-01-13 02:33:00,20,43,15.5,87,-1.9000000000000001,1011.6,0,0.7000000000000001,0,564.6,0
2013-01-13 02:53:00,20,43,15.4,86,-2.0,1011.6,0.30000000000000004,1.0,4,564.6,0
2013-01-13 03:13:00,20,43,15.4,85,-2.2,1011.6,0,0.30000000000000004,0,564.6,0
2013-01-13 03:33:00,20,43,15.3,84,-2.5,1011.4000000000001,0,0.7000000000000001,2,564.6,0
2013-01-13 03:53:00,20,43,15.200000000000001,83,-2.6,1011.5,0.30000000000000004,1.4000000000000001,4,564.6,0
2013-01-13 04:13:00,20,43,15.200000000000001,83,-2.8000000000000003,1011.3000000000001,0,0,4,564.6,0
2013-01-13 04:33:00,20,43,15.100000000000001,83,-2.9000000000000004,1011.4000000000001,0,0.30000000000000004,4,564.6,0
2013-01-13 04:53:00,20,43,15.0,83,-3.0,1011.4000000000001,0,0.7000000000000001,4,564.6,0
2013-01-13 05:13:00,20,43,15.0,83,-3.1,1011.4000000000001,0,0,4,564.6,0
2013-01-13 05:33:00,20,43,15.0,84,-3.2,1011.5,0.30000000000000004,0.7000000000000001,4,564.6,0
2013-01-13 05:53:00,20,43,15.3,84,-3.3000000000000003,1011.7,0,0,4,564.6,0
2013-01-13 06:13:00,20,43,15.5,84,-3.5,1011.9000000000001,0,0,4,564.6,0
2013-01-13 06:33:00,20,42,15.8,84,-3.6,1012.1,0,0,4,564.6,0
2013-01-13 06:53:00,20,42,15.9,84,-3.7,1012.1,0,0,4,564.6,0
2013-01-13 07:13:00,20,42,16.0,85,-3.8000000000000003,1012.2,0,0,6,564.6,0
2013-01-13 07:33:00,20,42,16.1,85,-3.8000000000000003,1012.4000000000001,0,0,6,564.6,0
2013-01-13 07:53:00,20,42,16.2,85,-3.6,1012.5,0.30000000000000004,1.4000000000000001,0,564.6,0
2013-01-13 08:13:00,20,42,16.3,85,-3.3000000000000003,1012.7,0,0.7000000000000001,4,564.6,0
2013-01-13 08:33:00,20,42,16.3,85,-3.1,1012.9000000000001,0,0,4,564.6,0
2013-01-13 08:53:00,20,42,16.400000000000002,84,-3.0,1012.9000000000001,0,0.7000000000000001,3,564.6,0
2013-01-13 09:13:00,20,42,16.5,84,-2.9000000000000004,1013.0,0,0,4,564.6,0
2013-01-13 09:33:00,20,44,16.6,84,-2.7,1012.8000000000001,0,0.7000000000000001,4,564.6,0
2013-01-13 09:53:00,20,43,16.900000000000002,83,-2.3000000000000003,1012.9000000000001,0,0.30000000000000004,4,564.6,0
2013-01-13 10:13:00,20,42,17.6,82,-2.0,1012.6,0.7000000000000001,1.4000000000000001,4,564.6,0
2013-01-13 10:33:00,20,40,18.3,81,-1.7000000000000002,1012.7,0.30000000000000004,1.0,4,564.6,0
2013-01-13 10:53:00,20,38,19.0,80,-1.6,1012.5,1.0,2.0,2,564.6,0
2013-01-13 11:13:00,20,37,19.5,80,-1.4000000000000001,1012.5,0.30000000000000004,1.0,4,564.6,0
2013-01-13 11:33:00,20,37,19.8,79,-1.2000000000000002,1012.3000000000001,0,0.7000000000000001,4,564.6,0
2013-01-13 11:53:00,20,38,19.5,78,-1.1,1012.1,0.30000000000000004,0.7000000000000001,4,564.6,0
2013-01-13 12:13:00,20,39,19.1,77,-1.2000000000000002,1012.0,0.7000000000000001,1.7000000000000002,0,564.6,0
2013-01-13 12:33:00,20,40,18.6,77,-1.4000000000000001,1012.0,0.7000000000000001,1.4000000000000001,6,564.6,0
2013-01-13 12:53:00,20,40,18.400000000000002,77,-1.5,1011.9000000000001,0.30000000000000004,1.0,4,564.6,0
2013-01-13 13:13:00,20,41,18.2,76,-2.0,1012.0,0.30000000000000004,1.0,6,564.6,0
2013-01-13 13:33:00,20,41,18.0,76,-1.3,1012.0,0,0.7000000000000001,10,564.6,0
2013-01-13 13:53:00,20,41,17.8,75,-1.0,1012.1,0,0.7000000000000001,2,564.6,0
2013-01-13 14:13:00,20,41,17.6,75,-1.1,1011.9000000000001,0.30000000000000004,0.7000000000000001,4,564.6,0
2013-01-13 14:33:00,20,41,17.5,74,-1.2000000000000002,1011.8000000000001,0,0.7000000000000001,4,564.6,0
2013-01-13 14:53:00,20,41,17.400000000000002,74,-1.4000000000000001,1011.8000000000001,0,0,4,564.6,0
2013-01-13 15:13:00,20,41,17.3,75,-2.0,1011.7,0,0,4,564.6,0
2013-01-13 15:33:00,20,41,17.3,77,-2.3000000000000003,1011.7,0,0,0,564.6,0
2013-01-13 15:53:00,20,41,17.3,78,-2.4000000000000004,1011.8000000000001,1.0,2.4000000000000004,0,564.6,0
2013-01-13 16:13:00,20,43,17.3,78,-2.6,1011.9000000000001,1.0,2.0,4,564.6,0
2013-01-13 16:33:00,20,41,17.6,79,-2.8000000000000003,1012.0,0,0.7000000000000001,10,564.6,0
2013-01-13 16:53:00,20,39,18.400000000000002,79,-2.9000000000000004,1012.1,0,0.7000000000000001,4,564.6,0
2013-01-13 17:13:00,20,37,19.0,79,-2.8000000000000003,1011.9000000000001,0.7000000000000001,1.4000000000000001,6,564.6,0
2013-01-13 17:33:00,20,36,19.5,79,-2.8000000000000003,1011.9000000000001,1.0,1.7000000000000002,4,564.6,0
2013-01-13 17:53:00,20,36,19.5,80,-2.9000000000000004,1012.0,0.7000000000000001,1.7000000000000002,5,564.6,0
2013-01-13 18:13:00,20,38,18.900000000000002,80,-3.0,1011.9000000000001,1.0,2.0,0,564.6,0
2013-01-13 18:33:00,20,38,18.400000000000002,80,-3.1,1012.0,0,0.7000000000000001,0,564.6,0
2013-01-13 18:53:00,20,39,18.0,81,-3.1,1011.9000000000001,0,0.7000000000000001,0,564.6,0
2013-01-13 19:13:00,20,40,17.900000000000002,81,-3.1,1012.0,0,0.7000000000000001,1,564.6,0
2013-01-13 19:33:00,20,40,17.8,81,-3.2,1012.0,0.7000000000000001,1.0,0,564.6,0
2013-01-13 19:53:00,20,41,17.7,82,-3.2,1011.8000000000001,0,0.7000000000000001,4,564.6,0
2013-01-13 20:13:00,20,41,17.6,82,-3.2,1011.7,0.30000000000000004,1.0,3,564.6,0
2013-01-13 20:33:00,20,41,17.5,83,-3.2,1011.6,0.7000000000000001,1.0,4,564.6,0
2013-01-13 20:53:00,20,41,17.400000000000002,83,-3.2,1011.6,0,0.30000000000000004,2,564.6,0
2013-01-13 21:13:00,20,41,17.3,83,-3.2,1011.6,0,0.7000000000000001,6,564.6,0
2013-01-13 21:33:00,20,41,17.3,84,-3.3000000000000003,1011.6,0,0.30000000000000004,0,564.6,0
2013-01-13 21:53:00,20,41,17.1,85,-3.2,1011.6,0,0.30000000000000004,6,564.6,0
2013-01-13 22:13:00,20,41,17.0,85,-3.3000000000000003,1011.5,0,0.30000000000000004,9,564.6,0
2013-01-13 22:33:00,20,41,16.900000000000002,85,-3.3000000000000003,1011.6,0,0.7000000000000001,14,564.6,0
2013-01-13 22:53:00,20,41,16.6,85,-3.5,1011.5,0,0,14,564.6,0
2013-01-13 23:13:00,20,41,16.400000000000002,86,-3.6,1011.5,0.30000000000000004,1.0,4,564.6,0
2013-01-13 23:33:00,20,41,16.2,86,-3.6,1011.5,0,0.30000000000000004,4,564.6,0
2013-01-13 23:53:00,20,41,16.0,86,-3.7,1011.5,0,0.7000000000000001,0,564.6,0
