2020-01-13 00:01:00,3,33,19.8,73,6.6,1012.4,1.4,2.0,10,1610.1,0
2020-01-13 00:04:00,3,33,19.9,73,6.5,1012.4,2.4,3.1,8,1610.1,0
2020-01-13 00:07:00,3,33,19.8,73,6.6,1012.4,2.7,3.7,10,1610.1,0
2020-01-13 00:10:00,3,33,19.8,73,6.6,1012.4,1.4,2.4,12,1610.1,0
2020-01-13 00:13:00,3,33,19.8,73,6.6,1012.4,3.1,3.7,10,1610.1,0
2020-01-13 00:16:00,3,33,19.8,73,6.6,1012.4,3.1,4.1,10,1610.1,0
2020-01-13 00:19:00,3,33,19.8,73,6.6,1012.5,4.4,5.4,10,1610.1,0
2020-01-13 00:22:00,3,33,19.8,73,6.7,1012.4,2.7,3.7,10,1610.1,0
2020-01-13 00:25:00,3,33,19.7,73,6.7,1012.4,3.4,4.4,10,1610.1,0
2020-01-13 00:28:00,3,33,19.7,73,6.7,1012.4,2.4,3.4,10,1610.1,0
2020-01-13 00:31:00,3,33,19.7,73,6.8,1012.6,3.1,4.1,10,1610.1,0
2020-01-13 00:34:00,3,33,19.7,73,6.8,1012.5,2.7,4.4,10,1610.1,0
2020-01-13 00:37:00,3,33,19.7,73,6.8,1012.5,2.7,4.1,10,1610.1,0
2020-01-13 00:40:00,3,33,19.7,73,6.8,1012.4,1.4,2.0,10,1610.1,0
2020-01-13 00:43:00,3,33,19.6,73,6.8,1012.5,2.4,3.7,12,1610.1,0
2020-01-13 00:46:00,3,33,19.6,73,6.7,1012.5,1.7,3.1,10,1610.1,0
2020-01-13 00:49:00,3,33,19.6,73,6.7,1012.5,2.0,2.7,10,1610.1,0
2020-01-13 00:52:00,3,33,19.6,73,6.7,1012.5,2.4,3.4,12,1610.1,0
2020-01-13 00:55:00,3,33,19.6,73,6.7,1012.5,2.0,2.7,10,1610.1,0
2020-01-13 00:58:00,3,33,19.6,73,6.7,1012.5,2.0,2.4,12,1610.1,0
2020-01-13 01:01:00,3,33,19.5,73,6.7,1012.4,1.7,2.4,1,1610.1,0
2020-01-13 01:04:00,3,33,19.5,73,6.7,1012.6,1.7,2.4,1,1610.1,0
2020-01-13 01:07:00,3,33,19.5,73,6.6,1012.6,1.7,2.0,10,1610.1,0
2020-01-13 01:10:00,3,33,19.5,74,6.6,1012.6,1.7,2.4,10,1610.1,0
2020-01-13 01:13:00,3,33,19.5,74,6.5,1012.6,1.4,2.0,12,1610.1,0
2020-01-13 01:16:00,3,33,19.4,74,6.5,1012.6,2.0,2.7,9,1610.1,0
2020-01-13 01:19:00,3,33,19.3,74,6.5,1012.7,2.0,3.1,9,1610.1,0
2020-01-13 01:22:00,3,33,19.3,74,6.5,1012.7,2.0,3.1,10,1610.1,0
2020-01-13 01:25:00,3,33,19.3,75,6.5,1012.7,3.1,4.1,10,1610.1,0
2020-01-13 01:28:00,3,33,19.3,75,6.5,1012.6,1.7,2.0,10,1610.1,0
2020-01-13 01:31:00,3,33,19.3,75,6.5,1012.6,3.1,3.7,10,1610.1,0
2020-01-13 01:34:00,3,33,19.3,75,6.5,1012.8,2.4,3.1,10,1610.1,0
2020-01-13 01:37:00,3,33,19.3,75,6.5,1012.8,3.1,4.4,8,1610.1,0
2020-01-13 01:40:00,3,33,19.2,75,6.5,1012.7,1.4,2.0,8,1610.1,0
2020-01-13 01:43:00,3,33,19.2,75,6.5,1012.9,1.4,2.7,10,1610.1,0
2020-01-13 01:46:00,3,33,19.2,75,6.5,1012.9,1.4,1.7,9,1610.1,0
2020-01-13 01:49:00,3,33,19.2,75,6.5,1013.0,1.4,1.7,10,1610.1,0
2020-01-13 01:52:00,3,33,19.2,75,6.5,1012.9,1.7,2.7,10,1610.1,0
2020-01-13 01:55:00,3,33,19.2,75,6.5,1012.9,1.4,2.0,0,1610.1,0
2020-01-13 01:58:00,3,33,19.2,76,6.5,1013.0,2.0,2.7,8,1610.1,0
2020-01-13 02:01:00,3,33,19.1,76,6.6,1012.9,2.4,3.1,8,1610.1,0
2020-01-13 02:04:00,3,33,19.1,76,6.6,1013.0,0.7,1.0,10,1610.1,0
2020-01-13 02:07:00,3,33,19.1,76,6.6,1013.0,2.7,3.7,12,1610.1,0
2020-01-13 02:10:00,3,34,19.1,76,6.7,1013.1,1.7,2.4,10,1610.1,0
2020-01-13 02:13:00,3,34,19.1,76,6.7,1013.2,1.0,1.7,11,1610.1,0
2020-01-13 02:16:00,3,34,19.1,76,6.7,1013.2,1.7,2.4,10,1610.1,0
2020-01-13 02:19:00,3,34,19.1,75,6.7,1013.2,1.0,1.4,9,1610.1,0
2020-01-13 02:22:00,3,34,19.0,75,6.7,1013.3,3.1,3.4,12,1610.1,0
2020-01-13 02:25:00,3,34,19.0,75,6.7,1013.3,2.0,2.4,12,1610.1,0
2020-01-13 02:28:00,3,34,19.0,75,6.7,1013.2,1.0,1.7,12,1610.1,0
2020-01-13 02:31:00,3,34,19.0,75,6.7,1013.2,2.0,2.4,10,1610.1,0
2020-01-13 02:34:00,3,34,19.0,76,6.8,1013.1,1.4,2.0,8,1610.1,0
2020-01-13 02:37:00,3,34,19.0,76,6.8,1013.1,1.7,2.4,12,1610.1,0
2020-01-13 02:40:00,3,34,19.0,76,6.8,1013.1,1.0,1.7,8,1610.1,0
2020-01-13 02:43:00,3,35,18.9,76,6.8,1013.2,1.0,1.4,10,1610.1,0
2020-01-13 02:46:00,3,35,18.9,76,6.8,1013.2,1.7,2.7,10,1610.1,0
2020-01-13 02:49:00,3,35,18.9,76,6.8,1013.1,1.0,1.7,12,1610.1,0
2020-01-13 02:52:00,3,35,18.9,76,6.8,1013.1,1.4,2.0,8,1610.1,0
2020-01-13 02:55:00,3,35,18.9,76,6.8,1013.1,2.7,3.1,10,1610.1,0
2020-01-13 02:58:00,3,35,18.9,76,6.9,1013.2,1.4,2.0,14,1610.1,0
2020-01-13 03:01:00,3,35,18.9,76,6.9,1013.2,2.7,3.4,10,1610.1,0
2020-01-13 03:04:00,3,35,18.8,76,6.9,1013.2,2.7,3.4,10,1610.1,0
2020-01-13 03:07:00,3,35,18.8,76,7.0,1013.2,2.7,3.7,10,1610.1,0
2020-01-13 03:10:00,3,35,18.8,76,7.0,1013.2,2.7,3.7,8,1610.1,0
2020-01-13 03:13:00,3,35,18.8,75,7.1,1013.2,1.7,2.0,10,1610.1,0
2020-01-13 03:16:00,3,35,18.8,75,7.1,1013.1,2.0,2.4,12,1610.1,0
2020-01-13 03:19:00,3,35,18.8,75,7.1,1013.2,2.0,2.7,10,1610.1,0
2020-01-13 03:22:00,3,35,18.8,75,7.1,1013.2,3.4,4.8,14,1610.1,0
2020-01-13 03:25:00,3,35,18.8,75,7.1,1013.1,2.4,3.1,12,1610.1,0
2020-01-13 03:28:00,3,35,18.8,75,7.2,1013.2,2.7,3.4,12,1610.1,0
2020-01-13 03:31:00,3,35,18.7,75,7.2,1013.2,2.4,3.4,10,1610.1,0
2020-01-13 03:34:00,3,35,18.7,75,7.2,1013.2,1.7,2.4,12,1610.1,0
2020-01-13 03:37:00,3,35,18.7,74,7.2,1013.2,1.7,2.4,10,1610.1,0
2020-01-13 03:40:00,3,35,18.7,74,7.2,1013.2,2.0,3.1,10,1610.1,0
2020-01-13 03:43:00,3,35,18.7,74,7.1,1013.2,1.7,2.4,10,1610.1,0
2020-01-13 03:46:00,3,35,18.6,74,7.1,1013.2,1.4,2.4,9,1610.1,0
2020-01-13 03:49:00,3,35,18.6,74,7.0,1013.3,1.7,2.4,10,1610.1,0
2020-01-13 03:52:00,3,35,18.6,74,7.0,1013.3,2.0,2.7,9,1610.1,0
2020-01-13 03:55:00,3,35,18.6,74,7.0,1013.3,1.7,2.4,12,1610.1,0
2020-01-13 03:58:00,3,35,18.6,74,7.0,1013.3,2.4,3.1,13,1610.1,0
2020-01-13 04:01:00,3,35,18.6,74,7.0,1013.3,1.7,2.4,11,1610.1,0
2020-01-13 04:04:00,3,35,18.6,74,7.0,1013.3,1.7,3.1,8,1610.1,0
2020-01-13 04:07:00,3,35,18.6,74,7.0,1013.2,2.4,3.1,10,1610.1,0
2020-01-13 04:10:00,3,35,18.6,74,7.1,1013.3,2.4,3.1,8,1610.1,0
2020-01-13 04:13:00,3,35,18.6,74,7.1,1013.3,2.4,3.1,10,1610.1,0
2020-01-13 04:16:00,3,35,18.6,74,7.1,1013.4,2.0,2.7,12,1610.1,0
2020-01-13 04:19:00,3,35,18.6,74,7.1,1013.5,1.7,2.7,12,1610.1,0
2020-01-13 04:22:00,3,35,18.5,74,7.1,1013.4,2.4,2.7,8,1610.1,0
2020-01-13 04:25:00,3,35,18.5,74,7.1,1013.4,1.7,2.7,14,1610.1,0
2020-01-13 04:28:00,3,35,18.5,74,7.1,1013.4,2.0,2.7,8,1610.1,0
2020-01-13 04:31:00,3,35,18.5,74,7.0,1013.4,2.0,3.1,10,1610.1,0
2020-01-13 04:34:00,3,35,18.5,74,7.0,1013.5,1.4,1.7,14,1610.1,0
2020-01-13 04:37:00,3,35,18.5,74,7.0,1013.5,1.0,1.7,8,1610.1,0
2020-01-13 04:40:00,3,35,18.5,74,6.9,1013.5,1.4,1.7,8,1610.1,0
2020-01-13 04:43:00,3,35,18.5,74,6.9,1013.3,1.4,1.7,9,1610.1,0
2020-01-13 04:46:00,3,35,18.5,74,6.9,1013.4,1.7,2.0,11,1610.1,0
2020-01-13 04:49:00,3,35,18.5,74,6.9,1013.4,2.7,3.7,12,1610.1,0
2020-01-13 04:52:00,3,35,18.5,74,6.8,1013.4,1.4,2.0,11,1610.1,0
2020-01-13 04:55:00,3,35,18.5,75,6.8,1013.5,2.0,2.7,10,1610.1,0
2020-01-13 04:58:00,3,35,18.5,75,6.8,1013.4,1.7,2.0,11,1610.1,0
2020-01-13 05:01:00,3,35,18.5,75,6.7,1013.4,2.4,3.1,12,1610.1,0
2020-01-13 05:04:00,3,35,18.5,75,6.7,1013.5,2.4,3.1,12,1610.1,0
2020-01-13 05:07:00,3,35,18.5,76,6.6,1013.5,2.0,2.7,10,1610.1,0
2020-01-13 05:10:00,3,35,18.5,77,6.5,1013.4,2.4,3.7,8,1610.1,0
2020-01-13 05:13:00,3,35,18.5,77,6.5,1013.6,1.4,1.7,10,1610.1,0
2020-01-13 05:16:00,3,35,18.5,78,6.4,1013.5,0.7,1.0,8,1610.1,0
2020-01-13 05:19:00,3,35,18.6,78,6.4,1013.5,1.0,1.4,10,1610.1,0
2020-01-13 05:22:00,3,35,18.6,78,6.3,1013.6,0.7,1.0,10,1610.1,0
2020-01-13 05:25:00,3,35,18.7,79,6.2,1013.6,1.0,1.7,10,1610.1,0
2020-01-13 05:28:00,3,35,18.8,79,6.2,1013.6,1.4,1.7,8,1610.1,0
2020-01-13 05:31:00,3,35,18.8,79,6.1,1013.7,1.0,1.4,10,1610.1,0
2020-01-13 05:34:00,3,35,18.8,79,6.0,1013.7,0.7,1.0,10,1610.1,0
2020-01-13 05:37:00,3,35,18.9,80,5.9,1013.6,0.7,1.0,10,1610.1,0
2020-01-13 05:40:00,3,34,19.0,80,5.8,1013.7,0.7,0.7,10,1610.1,0
2020-01-13 05:43:00,3,34,19.0,80,5.8,1013.7,0.7,1.0,8,1610.1,0
2020-01-13 05:46:00,3,34,19.0,80,5.8,1013.8,0.7,1.0,10,1610.1,0
2020-01-13 05:49:00,3,34,19.1,80,5.7,1013.9,1.4,1.7,9,1610.1,0
2020-01-13 05:52:00,3,34,19.1,80,5.7,1013.8,1.0,1.4,8,1610.1,0
2020-01-13 05:55:00,3,34,19.1,80,5.7,1013.8,1.0,1.0,10,1610.1,0
2020-01-13 05:58:00,3,34,19.2,80,5.7,1013.9,0.7,1.4,10,1610.1,0
2020-01-13 06:01:00,3,35,19.2,80,5.7,1013.9,1.0,1.7,10,1610.1,0
2020-01-13 06:04:00,3,35,19.2,81,5.6,1013.8,1.0,1.4,10,1610.1,0
2020-01-13 06:07:00,3,35,19.3,81,5.6,1013.9,0.7,1.0,10,1610.1,0
2020-01-13 06:10:00,3,35,19.3,81,5.5,1013.8,1.0,1.4,10,1610.1,0
2020-01-13 06:13:00,3,35,19.3,81,5.5,1013.9,1.0,1.7,10,1610.1,0
2020-01-13 06:16:00,3,35,19.3,81,5.4,1013.9,0.7,1.0,8,1610.1,0
2020-01-13 06:19:00,3,35,19.3,81,5.4,1014.0,0.7,1.0,10,1610.1,0
2020-01-13 06:22:00,3,35,19.4,81,5.4,1014.0,1.4,2.4,10,1610.1,0
2020-01-13 06:25:00,3,35,19.5,81,5.3,1013.9,1.0,1.7,10,1610.1,0
2020-01-13 06:28:00,3,35,19.5,81,5.3,1013.8,0.7,1.0,6,1610.1,0
2020-01-13 06:31:00,3,35,19.5,82,5.2,1013.8,0.7,1.4,10,1610.1,0
2020-01-13 06:34:00,3,35,19.5,82,5.1,1013.9,0.7,1.4,10,1610.1,0
2020-01-13 06:37:00,3,35,19.6,82,5.1,1013.8,1.0,1.4,12,1610.1,0
2020-01-13 06:40:00,3,35,19.5,82,5.0,1014.0,0.7,1.0,10,1610.1,0
2020-01-13 06:43:00,3,35,19.6,82,4.9,1014.0,0.7,1.0,10,1610.1,0
2020-01-13 06:46:00,3,35,19.6,82,4.8,1013.9,0.7,1.0,10,1610.1,0
2020-01-13 06:49:00,3,35,19.6,82,4.8,1014.0,1.0,1.7,9,1610.1,0
2020-01-13 06:52:00,3,35,19.6,82,4.7,1014.1,1.0,1.4,10,1610.1,0
2020-01-13 06:55:00,3,35,19.6,82,4.7,1014.1,0.7,0.7,10,1610.1,0
2020-01-13 06:58:00,3,35,19.7,83,4.6,1014.1,0.3,0.7,14,1610.1,0
2020-01-13 07:01:00,3,35,19.7,83,4.6,1014.1,0.3,0.3,10,1610.1,0
2020-01-13 07:04:00,3,35,19.7,83,4.6,1014.1,0.3,0.3,10,1610.1,0
2020-01-13 07:07:00,3,35,19.7,83,4.5,1014.1,0,0,10,1610.1,0
2020-01-13 07:10:00,3,35,19.7,83,4.4,1014.1,0,0,10,1610.1,0
2020-01-13 07:13:00,3,35,19.7,83,4.2,1014.1,0,0,10,1610.1,0
2020-01-13 07:16:00,3,35,19.7,83,4.2,1014.0,0,0,12,1610.1,0
2020-01-13 07:19:00,3,35,19.8,83,4.1,1014.1,0,0,12,1610.1,0
2020-01-13 07:22:00,3,35,19.8,83,4.0,1014.2,0,0,12,1610.1,0
2020-01-13 07:25:00,3,35,19.8,83,3.9,1014.2,0,0,12,1610.1,0
2020-01-13 07:28:00,3,35,19.8,83,3.8,1014.2,0,0,12,1610.1,0
2020-01-13 07:31:00,3,35,19.8,83,3.7,1014.1,0,0,12,1610.1,0
2020-01-13 07:34:00,3,35,19.8,83,3.7,1014.2,0,0,10,1610.1,0
2020-01-13 07:37:00,3,35,19.9,83,3.6,1014.2,0,0,12,1610.1,0
2020-01-13 07:40:00,3,34,20.0,83,3.6,1014.3,0,0,12,1610.1,0
2020-01-13 07:43:00,3,34,20.0,83,3.5,1014.2,0,0,12,1610.1,0
2020-01-13 07:46:00,3,34,20.1,83,3.5,1014.2,0,0,8,1610.1,0
2020-01-13 07:49:00,3,34,20.3,83,3.5,1014.3,0,0.3,4,1610.1,0
2020-01-13 07:52:00,3,34,20.5,83,3.5,1014.3,0,0,4,1610.1,0
2020-01-13 07:55:00,3,34,20.6,83,3.5,1014.5,0,0,4,1610.1,0
2020-01-13 07:58:00,3,33,20.9,83,3.4,1014.4,0,0,4,1610.1,0
2020-01-13 08:01:00,3,32,21.0,83,3.4,1014.4,0,0,4,1610.1,0
2020-01-13 08:04:00,3,32,21.2,83,3.4,1014.5,0,0,4,1610.1,0
2020-01-13 08:07:00,3,32,21.3,83,3.5,1014.5,0,0,2,1610.1,0
2020-01-13 08:10:00,3,32,21.4,83,3.5,1014.5,0.3,1.0,8,1610.1,0
2020-01-13 08:13:00,3,32,21.5,83,3.5,1014.4,0,0.3,6,1610.1,0
2020-01-13 08:16:00,3,32,21.6,83,3.6,1014.5,0.3,0.7,10,1610.1,0
2020-01-13 08:19:00,3,31,21.7,84,3.6,1014.5,0,0,10,1610.1,0
2020-01-13 08:22:00,3,31,21.7,84,3.7,1014.6,0,0.3,10,1610.1,0
2020-01-13 08:25:00,3,31,21.8,84,3.8,1014.6,0,0,10,1610.1,0
2020-01-13 08:28:00,3,31,21.9,84,3.9,1014.6,0,0.3,10,1610.1,0
2020-01-13 08:31:00,3,31,21.9,84,3.9,1014.6,0.3,0.7,8,1610.1,0
2020-01-13 08:34:00,3,30,22.1,84,4.0,1014.6,0.3,0.7,6,1610.1,0
2020-01-13 08:37:00,3,30,22.1,85,4.1,1014.7,1.0,1.4,4,1610.1,0
2020-01-13 08:40:00,3,30,22.2,85,4.2,1014.6,0,0.3,6,1610.1,0
2020-01-13 08:43:00,3,30,22.2,85,4.2,1014.7,0.3,0.7,8,1610.1,0
2020-01-13 08:46:00,3,30,22.3,85,4.3,1014.7,0.7,1.0,10,1610.1,0
2020-01-13 08:49:00,3,30,22.3,85,4.4,1014.8,0.7,1.0,9,1610.1,0
2020-01-13 08:52:00,3,29,22.3,86,4.5,1014.8,0.3,0.7,8,1610.1,0
2020-01-13 08:55:00,3,29,22.4,86,4.6,1014.7,1.0,1.4,8,1610.1,0
2020-01-13 08:58:00,3,30,22.5,86,4.7,1014.7,1.0,1.4,9,1610.1,0
2020-01-13 09:01:00,3,30,22.5,86,4.8,1014.7,1.7,2.4,8,1610.1,0
2020-01-13 09:04:00,3,29,22.6,86,4.8,1014.7,1.7,2.4,8,1610.1,0
2020-01-13 09:07:00,3,29,22.6,86,5.0,1014.7,0.3,0.7,6,1610.1,0
2020-01-13 09:10:00,3,29,22.6,86,5.1,1014.8,0.7,1.0,8,1610.1,0
2020-01-13 09:13:00,3,29,22.6,86,5.1,1014.9,0.7,1.0,8,1610.1,0
2020-01-13 09:16:00,3,29,22.7,86,5.2,1014.8,0.7,1.0,12,1610.1,0
2020-01-13 09:19:00,3,29,22.7,86,5.3,1014.8,0,0.3,10,1610.1,0
2020-01-13 09:22:00,3,29,22.7,86,5.4,1014.8,0.7,1.0,10,1610.1,0
2020-01-13 09:25:00,3,29,22.7,86,5.5,1014.8,0.3,0.7,10,1610.1,0
2020-01-13 09:28:00,3,29,22.7,86,5.7,1014.8,0.3,0.7,10,1610.1,0
2020-01-13 09:31:00,3,29,22.7,86,5.8,1014.7,0.7,1.0,10,1610.1,0
2020-01-13 09:34:00,3,29,22.8,86,6.0,1014.8,0.7,1.0,2,1610.1,0
2020-01-13 09:37:00,3,29,22.9,86,6.2,1014.8,1.0,1.4,12,1610.1,0
2020-01-13 09:40:00,3,29,22.9,86,6.4,1014.9,0.7,1.0,6,1610.1,0
2020-01-13 09:43:00,3,29,22.9,85,6.6,1014.9,0.7,1.0,8,1610.1,0
2020-01-13 09:46:00,3,29,22.9,84,6.7,1014.9,0.7,1.4,8,1610.1,0
2020-01-13 09:49:00,3,29,22.9,84,6.8,1014.7,0.3,0.7,8,1610.1,0
2020-01-13 09:52:00,3,29,22.7,83,6.9,1014.8,0.7,1.0,10,1610.1,0
2020-01-13 09:55:00,3,29,22.6,82,6.9,1014.8,1.4,2.0,10,1610.1,0
2020-01-13 09:58:00,3,29,22.6,82,6.9,1014.7,0.7,1.0,10,1610.1,0
2020-01-13 10:01:00,3,29,22.5,81,6.8,1014.8,0.3,0.7,12,1610.1,0
2020-01-13 10:04:00,3,29,22.4,81,6.8,1014.6,0.7,1.0,14,1610.1,0
2020-01-13 10:07:00,3,29,22.3,80,6.8,1014.7,1.0,1.4,10,1610.1,0
2020-01-13 10:10:00,3,29,22.2,80,6.7,1014.7,1.0,1.4,12,1610.1,0
2020-01-13 10:13:00,3,30,22.2,80,6.6,1014.5,1.7,2.4,10,1610.1,0
2020-01-13 10:16:00,3,30,22.2,80,6.6,1014.6,0.7,1.0,10,1610.1,0
2020-01-13 10:19:00,3,30,22.1,80,6.6,1014.5,0,0,10,1610.1,0
2020-01-13 10:22:00,3,30,22.1,80,6.5,1014.5,1.0,1.4,10,1610.1,0
2020-01-13 10:25:00,3,30,22.0,80,6.5,1014.4,0.7,1.0,8,1610.1,0
2020-01-13 10:28:00,3,31,21.9,80,6.5,1014.3,0.3,1.0,10,1610.1,0
2020-01-13 10:31:00,3,31,21.9,80,6.4,1014.4,0.3,0.7,10,1610.1,0
2020-01-13 10:34:00,3,31,21.9,80,6.5,1014.4,1.0,1.4,10,1610.1,0
2020-01-13 10:37:00,3,31,21.8,80,6.4,1014.3,0.7,1.0,10,1610.1,0
2020-01-13 10:40:00,3,31,21.8,80,6.4,1014.4,0.7,1.0,8,1610.1,0
2020-01-13 10:43:00,3,31,21.8,80,6.5,1014.3,0,0,12,1610.1,0
2020-01-13 10:46:00,3,31,21.7,80,6.4,1014.1,0,0,12,1610.1,0
2020-01-13 10:49:00,3,31,21.7,81,6.3,1014.2,0.3,0.7,10,1610.1,0
2020-01-13 10:52:00,3,31,21.6,81,6.3,1014.0,0.7,1.0,10,1610.1,0
2020-01-13 10:55:00,3,32,21.6,81,6.3,1014.1,0.7,1.0,10,1610.1,0
2020-01-13 10:58:00,3,32,21.5,81,6.3,1014.0,0.7,1.0,14,1610.1,0
2020-01-13 11:01:00,3,32,21.5,81,6.3,1014.0,1.0,1.4,10,1610.1,0
2020-01-13 11:04:00,3,32,21.5,81,6.3,1014.1,1.0,1.4,10,1610.1,0
2020-01-13 11:07:00,3,32,21.4,82,6.4,1014.1,1.0,1.7,10,1610.1,0
2020-01-13 11:10:00,3,32,21.3,82,6.4,1014.1,1.0,1.7,14,1610.1,0
2020-01-13 11:13:00,3,32,21.3,82,6.4,1014.0,0.7,1.4,9,1610.1,0
2020-01-13 11:16:00,3,33,21.3,82,6.5,1014.0,0.7,1.0,8,1610.1,0
2020-01-13 11:19:00,3,33,21.3,82,6.5,1014.0,0.3,0.7,10,1610.1,0
2020-01-13 11:22:00,3,33,21.2,82,6.6,1014.0,0.7,1.0,9,1610.1,0
2020-01-13 11:25:00,3,33,21.2,82,6.6,1013.9,1.4,2.0,15,1610.1,0
2020-01-13 11:28:00,3,33,21.2,82,6.6,1013.8,0.3,0.7,8,1610.1,0
2020-01-13 11:31:00,3,33,21.2,81,6.7,1013.8,1.0,1.4,8,1610.1,0
2020-01-13 11:34:00,3,33,21.2,81,6.8,1013.7,0.3,0.7,12,1610.1,0
2020-01-13 11:37:00,3,33,21.2,81,7.0,1013.7,1.0,1.4,6,1610.1,0
2020-01-13 11:40:00,3,33,21.2,81,7.0,1013.7,0.7,1.4,6,1610.1,0
2020-01-13 11:43:00,3,33,21.2,81,7.0,1013.6,0.7,1.0,10,1610.1,0
2020-01-13 11:46:00,3,33,21.2,81,7.1,1013.6,1.4,1.7,10,1610.1,0
2020-01-13 11:49:00,3,33,21.1,80,7.1,1013.5,0.7,0.7,10,1610.1,0
2020-01-13 11:52:00,3,33,21.1,80,7.1,1013.4,1.0,1.4,8,1610.1,0
2020-01-13 11:55:00,3,34,21.1,80,7.1,1013.5,0.7,1.0,11,1610.1,0
2020-01-13 11:58:00,3,34,21.1,80,7.1,1013.4,0.7,1.0,5,1610.1,0
2020-01-13 12:01:00,3,34,21.1,80,7.2,1013.4,0.7,1.0,10,1610.1,0
2020-01-13 12:04:00,3,34,21.1,80,7.2,1013.3,0.7,1.0,8,1610.1,0
2020-01-13 12:07:00,3,34,21.1,80,7.2,1013.3,1.0,1.7,8,1610.1,0
2020-01-13 12:10:00,3,34,21.1,80,7.2,1013.3,1.0,1.4,12,1610.1,0
2020-01-13 12:13:00,3,34,21.1,80,7.2,1013.2,1.0,1.4,8,1610.1,0
2020-01-13 12:16:00,3,34,21.1,80,7.2,1013.2,0.7,1.0,12,1610.1,0
2020-01-13 12:19:00,3,34,21.1,80,7.3,1013.2,0.3,0.7,8,1610.1,0
2020-01-13 12:22:00,3,34,21.1,73,7.5,1013.2,0.7,1.0,10,1610.1,0
2020-01-13 12:25:00,3,34,21.1,73,7.8,1013.1,2.0,2.4,10,1610.1,0
2020-01-13 12:28:00,3,34,21.1,72,8.0,1013.1,1.0,1.7,10,1610.1,0
2020-01-13 12:31:00,3,34,21.1,72,8.2,1013.0,1.0,1.4,10,1610.1,0
2020-01-13 12:34:00,3,34,21.1,71,8.3,1013.0,1.0,1.4,10,1610.1,0
2020-01-13 12:37:00,3,34,21.1,71,8.3,1012.9,1.7,2.4,8,1610.1,0
2020-01-13 12:40:00,3,34,21.1,71,8.5,1013.0,1.4,1.4,14,1610.1,0
2020-01-13 12:43:00,3,34,21.1,70,8.6,1013.0,0.7,1.0,12,1610.1,0
2020-01-13 12:46:00,3,34,21.1,70,8.5,1012.9,2.0,3.1,10,1610.1,0
2020-01-13 12:49:00,3,34,21.1,70,8.3,1012.8,1.7,2.0,14,1610.1,0
2020-01-13 12:52:00,3,35,21.1,70,8.2,1012.8,1.4,1.7,12,1610.1,0
2020-01-13 12:55:00,3,35,21.1,70,8.2,1012.8,1.0,1.7,10,1610.1,0
2020-01-13 12:58:00,3,35,21.1,70,8.2,1012.9,0.7,1.4,9,1610.1,0
2020-01-13 13:01:00,3,35,21.1,70,8.2,1012.7,0.3,1.0,12,1610.1,0
2020-01-13 13:04:00,3,35,21.1,70,8.2,1012.7,0.3,1.0,12,1610.1,0
2020-01-13 13:07:00,3,35,21.1,70,8.2,1012.6,1.0,1.7,7,1610.1,0
2020-01-13 13:10:00,3,35,21.1,70,8.2,1012.6,0.3,0.7,12,1610.1,0
2020-01-13 13:13:00,3,35,21.1,70,8.2,1012.7,1.4,1.7,6,1610.1,0
2020-01-13 13:16:00,3,35,21.1,70,8.1,1012.6,1.4,2.0,10,1610.1,0
2020-01-13 13:19:00,3,35,21.1,70,8.0,1012.6,0.7,1.4,8,1610.1,0
2020-01-13 13:22:00,3,35,21.1,70,7.9,1012.5,0.7,1.4,6,1610.1,0
2020-01-13 13:25:00,3,35,21.1,70,7.8,1012.5,0.3,0.7,14,1610.1,0
2020-01-13 13:28:00,3,35,21.1,70,7.8,1012.5,0.7,1.4,8,1610.1,0
2020-01-13 13:31:00,3,35,21.1,70,7.7,1012.4,0.7,1.4,8,1610.1,0
2020-01-13 13:34:00,3,35,21.1,70,7.7,1012.4,0.3,0.7,8,1610.1,0
2020-01-13 13:37:00,3,35,21.1,70,7.8,1012.4,1.0,1.4,8,1610.1,0
2020-01-13 13:40:00,3,35,21.0,70,7.8,1012.4,1.7,2.4,8,1610.1,0
2020-01-13 13:43:00,3,35,21.0,70,8.0,1012.3,0,0.7,10,1610.1,0
2020-01-13 13:46:00,3,35,21.0,70,8.1,1012.2,1.7,2.0,7,1610.1,0
2020-01-13 13:49:00,3,35,21.0,70,8.0,1012.1,1.0,1.4,8,1610.1,0
2020-01-13 13:52:00,3,35,21.0,70,8.0,1012.2,1.0,1.4,8,1610.1,0
2020-01-13 13:55:00,3,35,21.0,70,7.9,1012.3,1.4,1.7,8,1610.1,0
2020-01-13 13:58:00,3,35,21.0,70,7.9,1012.2,0,0.3,10,1610.1,0
2020-01-13 14:01:00,3,35,21.0,70,7.9,1012.1,0.3,0.7,10,1610.1,0
2020-01-13 14:04:00,3,35,21.0,70,7.9,1012.2,0.7,1.0,10,1610.1,0
2020-01-13 14:07:00,3,35,21.0,70,7.9,1012.1,0.7,1.0,10,1610.1,0
2020-01-13 14:10:00,3,35,21.0,70,7.9,1012.1,0,0.3,6,1610.1,0
2020-01-13 14:13:00,3,35,21.0,70,7.9,1012.0,1.0,1.7,8,1610.1,0
2020-01-13 14:16:00,3,35,21.0,70,7.9,1012.1,1.0,1.4,10,1610.1,0
2020-01-13 14:19:00,3,35,21.0,69,7.8,1012.1,0.3,0.7,10,1610.1,0
2020-01-13 14:22:00,3,35,21.0,69,7.8,1012.1,0,0,10,1610.1,0
2020-01-13 14:25:00,3,35,21.0,69,7.7,1012.0,0.7,1.0,10,1610.1,0
2020-01-13 14:28:00,3,35,21.0,69,7.6,1012.0,1.4,1.7,8,1610.1,0
2020-01-13 14:31:00,3,35,21.0,69,7.6,1012.2,0,0.3,12,1610.1,0
2020-01-13 14:34:00,3,35,21.0,70,7.5,1012.1,0,0,14,1610.1,0
2020-01-13 14:37:00,3,35,21.0,70,7.5,1012.0,0,0,0,1610.1,0
2020-01-13 14:40:00,3,35,21.0,73,7.4,1012.1,0,0.3,14,1610.1,0
2020-01-13 14:43:00,3,35,21.0,73,7.4,1012.0,0,0,4,1610.1,0
2020-01-13 14:46:00,3,35,21.0,73,7.4,1012.0,0.3,0.7,8,1610.1,0
2020-01-13 14:49:00,3,35,21.0,73,7.4,1011.9,0,0.3,0,1610.1,0
2020-01-13 14:52:00,3,35,21.0,74,7.4,1011.9,0,0.3,14,1610.1,0
2020-01-13 14:55:00,3,35,21.0,74,7.4,1011.9,0.7,1.4,8,1610.1,0
2020-01-13 14:58:00,3,35,21.0,74,7.4,1011.9,0.3,0.7,12,1610.1,0
2020-01-13 15:02:00,4,35,21.0,74,7.4,1011.9,0.7,1.0,0,1610.1,0
2020-01-13 15:05:00,3,35,21.0,74,7.4,1011.9,0.7,1.0,0,1610.1,0
2020-01-13 15:08:00,3,35,21.0,73,7.4,1011.8,0.3,0.7,10,1610.1,0
2020-01-13 15:11:00,3,35,21.0,73,7.3,1011.9,0.7,1.0,6,1610.1,0
2020-01-13 15:14:00,3,35,21.0,73,7.4,1011.8,1.0,1.4,8,1610.1,0
2020-01-13 15:17:00,3,35,21.0,73,7.3,1011.8,1.0,1.7,6,1610.1,0
2020-01-13 15:20:00,3,35,21.0,73,7.4,1011.7,1.0,1.4,8,1610.1,0
2020-01-13 15:23:00,3,35,21.0,73,7.3,1011.7,2.4,3.1,14,1610.1,0
2020-01-13 15:26:00,3,35,21.0,73,7.3,1011.8,0.7,1.0,10,1610.1,0
2020-01-13 15:29:00,3,35,21.0,73,7.3,1011.7,1.4,1.7,8,1610.1,0
2020-01-13 15:32:00,3,35,21.0,73,7.3,1011.8,1.0,1.4,10,1610.1,0
2020-01-13 15:35:00,3,35,21.0,73,7.2,1011.7,0,0.3,10,1610.1,0
2020-01-13 15:38:00,3,35,21.0,73,7.2,1011.8,0.7,1.0,10,1610.1,0
2020-01-13 15:41:00,3,35,21.1,73,7.1,1011.7,0.3,0.7,12,1610.1,0
2020-01-13 15:44:00,3,35,21.1,73,7.1,1011.6,0.3,0.7,10,1610.1,0
2020-01-13 15:47:00,3,35,21.1,73,7.1,1011.7,0.3,1.0,8,1610.1,0
2020-01-13 15:50:00,3,35,21.1,73,7.1,1011.7,0.7,1.0,8,1610.1,0
2020-01-13 15:53:00,3,35,21.1,73,7.0,1011.7,0.3,0.7,0,1610.1,0
2020-01-13 15:56:00,3,35,21.1,73,7.0,1011.5,0.7,1.0,8,1610.1,0
2020-01-13 15:59:00,3,35,21.1,73,7.0,1011.6,0.3,0.7,10,1610.1,0
2020-01-13 16:02:00,3,35,21.1,73,7.0,1011.5,0,0.3,8,1610.1,0
2020-01-13 16:05:00,3,35,21.1,73,7.0,1011.4,1.0,1.4,8,1610.1,0
2020-01-13 16:08:00,3,35,21.1,73,7.0,1011.6,1.4,1.7,10,1610.1,0
2020-01-13 16:11:00,3,35,21.1,73,7.0,1011.6,0.7,1.0,10,1610.1,0
2020-01-13 16:14:00,3,35,21.1,74,7.0,1011.6,1.0,1.4,10,1610.1,0
2020-01-13 16:17:00,3,35,21.1,74,6.9,1011.6,1.0,1.4,8,1610.1,0
2020-01-13 16:20:00,3,35,21.1,74,6.9,1011.7,0,0,8,1610.1,0
2020-01-13 16:23:00,3,35,21.1,74,6.9,1011.6,0.3,1.0,8,1610.1,0
2020-01-13 16:26:00,3,35,21.1,74,6.8,1011.6,1.4,1.7,8,1610.1,0
2020-01-13 16:29:00,3,35,21.1,74,6.8,1011.6,1.4,1.7,8,1610.1,0
2020-01-13 16:32:00,3,35,21.1,74,6.8,1011.5,1.4,1.7,8,1610.1,0
2020-01-13 16:35:00,3,35,21.1,74,6.8,1011.6,0.7,1.0,8,1610.1,0
2020-01-13 16:38:00,3,35,21.1,75,6.7,1011.5,1.4,1.7,8,1610.1,0
2020-01-13 16:41:00,3,35,21.1,75,6.7,1011.5,1.0,1.4,4,1610.1,0
2020-01-13 16:44:00,3,35,21.1,75,6.7,1011.4,0.3,1.0,9,1610.1,0
2020-01-13 16:47:00,3,35,21.1,75,6.6,1011.5,1.7,2.4,6,1610.1,0
2020-01-13 16:50:00,3,35,21.1,75,6.6,1011.6,1.0,1.4,8,1610.1,0
2020-01-13 16:53:00,3,35,21.1,75,6.6,1011.5,1.4,2.0,8,1610.1,0
2020-01-13 16:56:00,3,35,21.1,75,6.6,1011.6,1.0,1.4,8,1610.1,0
2020-01-13 16:59:00,3,35,21.1,75,6.6,1011.6,1.0,1.4,8,1610.1,0
2020-01-13 17:02:00,3,35,21.1,75,6.6,1011.5,1.4,1.7,8,1610.1,0
2020-01-13 17:05:00,3,35,21.1,75,6.6,1011.6,1.4,1.7,8,1610.1,0
2020-01-13 17:08:00,3,35,21.1,76,6.5,1011.7,0.3,0.7,4,1610.1,0
2020-01-13 17:11:00,3,35,21.1,76,6.4,1011.7,0.3,0.7,15,1610.1,0
2020-01-13 17:14:00,3,35,21.1,76,6.3,1011.7,0.3,0.7,8,1610.1,0
2020-01-13 17:17:00,3,35,21.1,76,6.2,1011.7,1.4,1.7,6,1610.1,0
2020-01-13 17:20:00,3,35,21.1,76,6.2,1011.8,1.0,1.4,9,1610.1,0
2020-01-13 17:23:00,3,35,21.1,76,6.1,1011.8,0.3,0.3,10,1610.1,0
2020-01-13 17:26:00,3,35,21.1,77,6.0,1011.8,1.0,1.4,10,1610.1,0
2020-01-13 17:29:00,3,35,21.1,77,6.0,1011.7,1.7,2.0,6,1610.1,0
2020-01-13 17:32:00,3,36,21.1,77,5.9,1011.8,0.3,1.0,12,1610.1,0
2020-01-13 17:35:00,3,36,21.1,77,5.8,1011.7,1.0,1.4,10,1610.1,0
2020-01-13 17:38:00,3,36,21.1,78,5.7,1011.7,0,0.3,10,1610.1,0
2020-01-13 17:41:00,3,36,21.1,78,5.6,1011.6,1.0,1.4,8,1610.1,0
2020-01-13 17:44:00,3,36,21.1,78,5.6,1011.6,0.7,1.4,8,1610.1,0
2020-01-13 17:47:00,3,36,21.1,78,5.5,1011.6,0.3,0.7,5,1610.1,0
2020-01-13 17:50:00,3,36,21.1,79,5.4,1011.6,0.7,1.4,12,1610.1,0
2020-01-13 17:53:00,3,36,21.1,79,5.4,1011.5,1.4,2.0,4,1610.1,0
2020-01-13 17:56:00,3,36,21.1,80,5.3,1011.6,0.3,0.7,8,1610.1,0
2020-01-13 17:59:00,3,36,21.1,80,5.2,1011.5,0.7,1.0,3,1610.1,0
2020-01-13 18:02:00,3,36,21.1,80,5.1,1011.5,0,0.3,8,1610.1,0
2020-01-13 18:05:00,3,36,21.1,80,5.1,1011.5,0.7,1.0,10,1610.1,0
2020-01-13 18:08:00,3,36,21.1,80,5.0,1011.5,1.4,1.7,10,1610.1,0
2020-01-13 18:11:00,3,36,21.1,80,4.9,1011.5,0.3,0.3,4,1610.1,0
2020-01-13 18:14:00,3,36,21.1,80,4.8,1011.4,1.0,1.4,6,1610.1,0
2020-01-13 18:17:00,3,36,21.1,80,4.8,1011.5,0.7,1.0,2,1610.1,0
2020-01-13 18:20:00,3,36,21.1,80,4.7,1011.5,0.7,1.0,4,1610.1,0
2020-01-13 18:23:00,3,36,21.1,80,4.6,1011.4,0,0,8,1610.1,0
2020-01-13 18:26:00,3,36,21.1,80,4.5,1011.4,0,0.7,2,1610.1,0
2020-01-13 18:29:00,3,36,21.1,80,4.4,1011.5,0.3,0.7,4,1610.1,0
2020-01-13 18:32:00,3,36,21.1,80,4.4,1011.5,0.3,0.7,4,1610.1,0
2020-01-13 18:35:00,3,36,21.1,80,4.3,1011.5,0.7,1.0,8,1610.1,0
2020-01-13 18:38:00,3,36,21.1,80,4.2,1011.4,0,0,10,1610.1,0
2020-01-13 18:41:00,3,36,21.1,80,4.2,1011.3,0.3,0.3,2,1610.1,0
2020-01-13 18:44:00,3,36,21.1,80,4.1,1011.4,0,0,4,1610.1,0
2020-01-13 18:47:00,3,36,21.1,80,4.0,1011.5,0,0,15,1610.1,0
2020-01-13 18:50:00,3,36,21.1,81,4.0,1011.4,0,0,8,1610.1,0
2020-01-13 18:53:00,3,36,21.1,81,3.8,1011.4,0,0,0,1610.1,0
2020-01-13 18:56:00,3,36,21.1,81,3.8,1011.4,0,0,10,1610.1,0
2020-01-13 18:59:00,3,36,21.1,81,3.7,1011.3,0,0,1,1610.1,0
2020-01-13 19:02:00,3,36,21.1,81,3.7,1011.4,0,0,2,1610.1,0
2020-01-13 19:05:00,3,36,21.1,81,3.7,1011.3,0,0,2,1610.1,0
2020-01-13 19:08:00,3,36,21.1,81,3.6,1011.2,0,0,4,1610.1,0
2020-01-13 19:11:00,3,36,21.1,81,3.5,1011.3,0,0.3,0,1610.1,0
2020-01-13 19:14:00,3,36,21.1,81,3.5,1011.1,0,0,0,1610.1,0
2020-01-13 19:17:00,3,36,21.1,81,3.5,1011.1,0,0.3,2,1610.1,0
2020-01-13 19:20:00,3,36,21.1,81,3.5,1011.1,0,0,4,1610.1,0
2020-01-13 19:23:00,3,36,21.1,81,3.4,1011.0,0,0,2,1610.1,0
2020-01-13 19:26:00,3,36,21.1,81,3.4,1010.9,0.3,0.7,10,1610.1,0
2020-01-13 19:29:00,3,36,21.1,81,3.4,1010.9,0.3,0.7,4,1610.1,0
2020-01-13 19:32:00,3,36,21.1,81,3.4,1010.8,0,0,4,1610.1,0
2020-01-13 19:35:00,3,36,21.1,82,3.4,1010.9,0.3,0.7,4,1610.1,0
2020-01-13 19:38:00,3,36,21.1,82,3.3,1010.7,0.7,0.7,0,1610.1,0
2020-01-13 19:41:00,3,36,21.1,82,3.3,1010.7,0,0,8,1610.1,0
2020-01-13 19:44:00,3,36,21.1,82,3.2,1010.7,0,0,2,1610.1,0
2020-01-13 19:47:00,3,36,21.1,82,3.2,1010.6,0,0,4,1610.1,0
2020-01-13 19:50:00,3,36,21.1,82,3.2,1010.7,0.3,0.7,8,1610.1,0
2020-01-13 19:53:00,3,35,21.1,82,3.2,1010.5,0.7,1.0,4,1610.1,0
2020-01-13 19:56:00,3,35,21.1,82,3.1,1010.4,0.3,0.7,0,1610.1,0
2020-01-13 19:59:00,3,35,21.1,82,3.1,1010.4,0.7,1.0,0,1610.1,0
2020-01-13 20:02:00,3,35,21.1,82,3.1,1010.4,0,0,4,1610.1,0
2020-01-13 20:05:00,3,35,21.1,82,3.0,1010.4,0.3,0.7,10,1610.1,0
2020-01-13 20:08:00,3,35,21.1,82,3.0,1010.3,0,0.3,4,1610.1,0
2020-01-13 20:11:00,3,35,21.1,82,3.0,1010.3,0.3,0.7,8,1610.1,0
2020-01-13 20:14:00,3,35,21.1,83,3.0,1010.3,0,0,4,1610.1,0
2020-01-13 20:17:00,3,35,21.1,83,2.9,1010.3,0.7,1.0,2,1610.1,0
2020-01-13 20:20:00,3,35,21.1,83,3.0,1010.2,0.7,1.4,6,1610.1,0
2020-01-13 20:23:00,3,35,21.1,83,3.0,1010.1,0.7,1.0,14,1610.1,0
2020-01-13 20:26:00,3,35,21.1,83,2.9,1010.1,0,0,2,1610.1,0
2020-01-13 20:29:00,3,35,21.1,83,2.9,1010.1,0.7,1.0,0,1610.1,0
2020-01-13 20:32:00,3,35,21.1,83,2.9,1010.1,0.3,0.7,4,1610.1,0
2020-01-13 20:35:00,3,35,21.1,83,2.9,1009.9,0.7,1.0,10,1610.1,0
2020-01-13 20:38:00,3,35,21.1,83,2.8,1009.9,1.0,1.4,10,1610.1,0
2020-01-13 20:41:00,3,35,21.1,83,2.8,1009.7,0.3,0.7,4,1610.1,0
2020-01-13 20:44:00,3,35,21.1,83,2.8,1009.8,0.7,1.0,10,1610.1,0
2020-01-13 20:47:00,3,35,21.1,83,2.8,1009.8,1.0,1.7,10,1610.1,0
2020-01-13 20:50:00,3,35,21.1,83,2.8,1009.7,0,0.3,12,1610.1,0
2020-01-13 20:53:00,3,35,21.1,83,2.8,1009.8,0,0.3,4,1610.1,0
2020-01-13 20:56:00,3,35,21.1,83,2.8,1009.8,0.7,1.0,10,1610.1,0
2020-01-13 20:59:00,3,35,21.1,84,2.8,1009.8,1.0,1.4,10,1610.1,0
2020-01-13 21:02:00,3,35,21.1,84,2.8,1009.8,0.7,1.0,8,1610.1,0
2020-01-13 21:05:00,3,35,21.1,84,2.8,1009.9,0.7,1.0,8,1610.1,0
2020-01-13 21:08:00,3,35,21.1,84,2.8,1009.9,0,0,10,1610.1,0
2020-01-13 21:11:00,3,35,21.1,84,2.8,1010.0,0.3,0.3,10,1610.1,0
2020-01-13 21:14:00,3,35,21.1,84,2.7,1009.9,0,0.3,8,1610.1,0
2020-01-13 21:17:00,3,35,21.1,84,2.6,1009.7,0,0,2,1610.1,0
2020-01-13 21:20:00,3,35,21.1,84,2.6,1009.7,0,0.3,12,1610.1,0
2020-01-13 21:23:00,3,35,21.1,84,2.6,1009.8,0,0.3,6,1610.1,0
2020-01-13 21:26:00,3,35,21.1,84,2.6,1009.7,0.3,0.7,4,1610.1,0
2020-01-13 21:29:00,3,35,21.1,84,2.5,1009.6,0.3,0.7,12,1610.1,0
2020-01-13 21:32:00,3,35,21.1,84,2.5,1009.6,0,0,0,1610.1,0
2020-01-13 21:35:00,3,35,21.1,84,2.4,1009.7,0.7,1.0,8,1610.1,0
2020-01-13 21:38:00,3,35,21.1,84,2.4,1009.7,1.0,1.4,6,1610.1,0
2020-01-13 21:41:00,3,35,21.1,84,2.5,1009.5,0.3,0.7,2,1610.1,0
2020-01-13 21:44:00,3,35,21.1,84,2.5,1009.6,0.3,0.7,4,1610.1,0
2020-01-13 21:47:00,3,35,21.0,84,2.5,1009.5,0.7,1.0,6,1610.1,0
2020-01-13 21:50:00,3,35,21.0,84,2.5,1009.5,1.7,2.0,3,1610.1,0
2020-01-13 21:53:00,3,35,21.0,85,2.6,1009.5,1.0,1.4,8,1610.1,0
2020-01-13 21:56:00,3,35,21.0,85,2.6,1009.3,0.7,0.7,5,1610.1,0
2020-01-13 21:59:00,3,35,21.0,85,2.6,1009.3,0.3,0.7,4,1610.1,0
2020-01-13 22:02:00,3,35,21.0,85,2.5,1009.3,0,0.3,0,1610.1,0
2020-01-13 22:05:00,3,36,20.9,85,2.5,1009.2,0.3,0.7,8,1610.1,0
2020-01-13 22:08:00,3,36,20.9,85,2.5,1009.2,0.3,0.7,4,1610.1,0
2020-01-13 22:11:00,3,36,20.9,85,2.5,1009.2,0.7,1.0,5,1610.1,0
2020-01-13 22:14:00,3,36,20.9,85,2.5,1009.2,1.0,1.4,8,1610.1,0
2020-01-13 22:17:00,3,35,20.9,85,2.6,1009.2,0.3,0.7,4,1610.1,0
2020-01-13 22:20:00,3,35,20.9,85,2.6,1009.3,1.0,1.4,8,1610.1,0
2020-01-13 22:23:00,3,35,20.9,85,2.7,1009.3,0.7,1.7,8,1610.1,0
2020-01-13 22:26:00,3,35,20.8,85,2.7,1009.2,0.7,1.0,6,1610.1,0
2020-01-13 22:29:00,3,35,20.8,85,2.6,1009.3,0,0,4,1610.1,0
2020-01-13 22:32:00,3,35,20.7,85,2.6,1009.3,1.4,2.0,6,1610.1,0
2020-01-13 22:35:00,3,35,20.7,85,2.6,1009.2,0.3,0.7,6,1610.1,0
2020-01-13 22:38:00,3,35,20.7,85,2.6,1009.3,0.7,1.0,2,1610.1,0
2020-01-13 22:41:00,3,35,20.7,85,2.6,1009.2,0.3,0.7,6,1610.1,0
2020-01-13 22:44:00,3,35,20.7,85,2.6,1009.2,0.7,1.0,6,1610.1,0
2020-01-13 22:47:00,3,35,20.6,85,2.5,1009.3,0.3,0.7,10,1610.1,0
2020-01-13 22:50:00,3,35,20.6,85,2.5,1009.1,0.3,0.7,9,1610.1,0
2020-01-13 22:53:00,3,35,20.6,85,2.5,1009.2,0,0.3,4,1610.1,0
2020-01-13 22:56:00,3,35,20.6,85,2.5,1009.1,0.3,1.0,4,1610.1,0
2020-01-13 22:59:00,3,35,20.6,85,2.5,1009.0,1.0,1.7,13,1610.1,0
2020-01-13 23:02:00,3,35,20.5,85,2.5,1009.1,0.3,1.0,8,1610.1,0
2020-01-13 23:05:00,3,35,20.5,85,2.5,1009.1,0.3,1.0,8,1610.1,0
2020-01-13 23:08:00,3,35,20.5,85,2.6,1009.2,1.0,1.7,4,1610.1,0
2020-01-13 23:11:00,3,35,20.5,85,2.6,1009.1,0.3,0.7,0,1610.1,0
2020-01-13 23:14:00,3,35,20.5,85,2.6,1009.0,0.7,1.4,0,1610.1,0
2020-01-13 23:17:00,3,35,20.5,85,2.6,1008.9,0.7,1.0,2,1610.1,0
2020-01-13 23:20:00,3,35,20.4,85,2.6,1008.9,0.3,0.7,6,1610.1,0
2020-01-13 23:23:00,3,35,20.4,85,2.6,1008.7,0.7,1.4,2,1610.1,0
2020-01-13 23:26:00,3,35,20.4,85,2.5,1008.6,0,0,2,1610.1,0
2020-01-13 23:29:00,3,35,20.4,85,2.5,1008.7,0,0.7,4,1610.1,0
2020-01-13 23:32:00,3,35,20.4,85,2.5,1008.6,0.7,1.0,8,1610.1,0
2020-01-13 23:35:00,3,35,20.3,85,2.5,1008.6,0.3,1.0,10,1610.1,0
2020-01-13 23:38:00,3,35,20.3,85,2.6,1008.6,0.3,0.7,8,1610.1,0
2020-01-13 23:41:00,3,35,20.3,86,2.6,1008.6,1.7,2.4,8,1610.1,0
2020-01-13 23:44:00,3,35,20.3,86,2.6,1008.5,1.7,2.0,8,1610.1,0
2020-01-13 23:47:00,3,35,20.3,86,2.6,1008.4,1.7,2.0,8,1610.1,0
2020-01-13 23:50:00,3,35,20.2,86,2.6,1008.4,0.7,1.4,4,1610.1,0
2020-01-13 23:53:00,3,35,20.2,86,2.6,1008.3,1.0,1.7,6,1610.1,0
2020-01-13 23:56:00,3,35,20.2,86,2.6,1008.3,1.0,1.4,4,1610.1,0
2020-01-13 23:59:00,3,35,20.2,86,2.6,1008.3,0.3,0.7,4,1610.1,0
