2020-01-27 00:02:59,3,33,19.5,86,1.3,1008.3,0.3,0.7,12,1611.3,0
2020-01-27 00:05:59,3,33,19.5,86,1.3,1008.3,0,0.3,0,1611.3,0
2020-01-27 00:08:59,3,33,19.4,86,1.3,1008.3,0.7,1.0,4,1611.3,0
2020-01-27 00:11:59,3,33,19.4,86,1.2,1008.2,0.3,0.7,14,1611.3,0
2020-01-27 00:14:59,3,33,19.3,86,1.2,1008.2,0,0.3,2,1611.3,0
2020-01-27 00:17:59,3,33,19.3,86,1.2,1008.3,0,0,8,1611.3,0
2020-01-27 00:20:59,3,33,19.3,86,1.2,1008.3,0.3,0.7,8,1611.3,0
2020-01-27 00:23:59,3,33,19.3,86,1.2,1008.4,0.7,1.0,10,1611.3,0
2020-01-27 00:26:59,3,33,19.3,86,1.2,1008.2,0,0.3,0,1611.3,0
2020-01-27 00:29:59,3,33,19.2,86,1.2,1008.2,0,0.3,2,1611.3,0
2020-01-27 00:32:59,3,33,19.2,86,1.1,1008.2,0,0.3,2,1611.3,0
2020-01-27 00:35:59,3,33,19.2,86,1.1,1008.2,0,0,2,1611.3,0
2020-01-27 00:38:59,3,33,19.2,86,1.1,1008.1,0,0,4,1611.3,0
2020-01-27 00:41:59,3,33,19.2,86,1.0,1008.2,0,0.3,4,1611.3,0
2020-01-27 00:44:59,3,33,19.2,86,1.0,1008.2,0,0,14,1611.3,0
2020-01-27 00:47:59,3,33,19.1,86,1.0,1008.0,0,0.3,0,1611.3,0
2020-01-27 00:50:59,3,33,19.1,86,1.0,1008.0,0.7,1.0,8,1611.3,0
2020-01-27 00:53:59,3,33,19.1,86,1.0,1008.1,0,0.3,0,1611.3,0
2020-01-27 00:56:59,3,33,19.1,86,1.0,1008.1,0,0,0,1611.3,0
2020-01-27 00:59:59,3,33,19.1,86,0.9,1008.0,0,0.3,8,1611.3,0
2020-01-27 01:02:59,3,33,19.1,86,0.9,1008.1,0,0.3,8,1611.3,0
2020-01-27 01:05:59,3,33,19.1,86,0.9,1008.0,0,0.3,8,1611.3,0
2020-01-27 01:08:59,3,33,19.0,86,0.9,1008.0,0,0,2,1611.3,0
2020-01-27 01:11:59,3,33,19.0,85,0.8,1007.9,0,0,14,1611.3,0
2020-01-27 01:14:59,3,33,19.0,85,0.8,1007.8,0,0,8,1611.3,0
2020-01-27 01:17:59,3,33,19.0,85,0.7,1007.8,0,0,0,1611.3,0
2020-01-27 01:20:59,3,33,19.0,85,0.7,1007.8,0,0,2,1611.3,0
2020-01-27 01:23:59,3,33,19.0,85,0.7,1007.9,0,0,12,1611.3,0
2020-01-27 01:26:59,3,33,19.0,85,0.6,1007.8,0.3,0.7,10,1611.3,0
2020-01-27 01:29:59,3,33,19.0,85,0.6,1007.9,0,0,10,1611.3,0
2020-01-27 01:32:59,3,33,19.0,85,0.5,1007.8,0,0,0,1611.3,0
2020-01-27 01:35:59,3,33,19.0,85,0.5,1007.8,0,0,2,1611.3,0
2020-01-27 01:38:59,3,33,19.0,85,0.5,1007.8,0,0,2,1611.3,0
2020-01-27 01:41:59,3,34,18.9,85,0.5,1007.8,0,0,6,1611.3,0
2020-01-27 01:44:59,3,34,18.9,85,0.5,1007.8,0,0,6,1611.3,0
2020-01-27 01:47:59,3,34,18.9,85,0.4,1007.7,0,0,2,1611.3,0
2020-01-27 01:50:59,3,34,18.9,85,0.4,1007.6,0,0,2,1611.3,0
2020-01-27 01:53:59,3,34,18.9,85,0.3,1007.6,0,0,6,1611.3,0
2020-01-27 01:56:59,3,34,18.9,85,0.2,1007.6,0,0,6,1611.3,0
2020-01-27 01:59:59,3,34,18.8,85,0.2,1007.5,0,0,0,1611.3,0
2020-01-27 02:02:59,3,34,18.8,85,0.1,1007.6,0,0,12,1611.3,0
2020-01-27 02:05:59,3,34,18.8,85,0.1,1007.5,0,0,12,1611.3,0
2020-01-27 02:08:59,3,34,18.8,85,0,1007.6,0,0,12,1611.3,0
2020-01-27 02:11:59,3,34,18.8,85,0,1007.5,0,0,12,1611.3,0
2020-01-27 02:14:59,3,34,18.8,85,0,1007.5,0,0,8,1611.3,0
2020-01-27 02:17:59,3,34,18.8,85,0,1007.4,0,0,2,1611.3,0
2020-01-27 02:20:59,3,34,18.8,85,0,1007.5,0,0,12,1611.3,0
2020-01-27 02:23:59,3,34,18.8,85,0.1,1007.5,0.3,0.7,8,1611.3,0
2020-01-27 02:26:59,3,34,18.8,85,0.3,1007.4,0.3,0.3,8,1611.3,0
2020-01-27 02:29:59,3,34,18.8,85,0.3,1007.4,0,0.3,12,1611.3,0
2020-01-27 02:32:59,3,34,18.8,85,0.3,1007.4,0,0.3,14,1611.3,0
2020-01-27 02:35:59,3,34,18.7,85,0.3,1007.4,0,0,2,1611.3,0
2020-01-27 02:38:59,3,34,18.7,85,0.3,1007.3,0,0,2,1611.3,0
2020-01-27 02:41:59,3,34,18.7,85,0.3,1007.2,0,0,2,1611.3,0
2020-01-27 02:44:59,3,34,18.7,85,0.3,1007.2,0,0,12,1611.3,0
2020-01-27 02:47:59,3,34,18.7,85,0.2,1007.1,0,0,2,1611.3,0
2020-01-27 02:50:59,3,34,18.6,85,0.2,1007.2,0,0,10,1611.3,0
2020-01-27 02:53:59,3,33,18.6,85,0.2,1007.2,0,0,2,1611.3,0
2020-01-27 02:56:59,3,33,18.6,85,0.1,1007.3,0,0,6,1611.3,0
2020-01-27 02:59:59,3,33,18.6,85,0.1,1007.2,0,0,8,1611.3,0
2020-01-27 03:02:59,3,33,18.6,85,0.1,1007.1,0,0,8,1611.3,0
2020-01-27 03:05:59,3,33,18.6,85,0.1,1007.1,0,0,8,1611.3,0
2020-01-27 03:08:59,3,33,18.6,85,0,1007.0,0,0,4,1611.3,0
2020-01-27 03:11:59,3,33,18.6,85,0,1007.0,0,0,2,1611.3,0
2020-01-27 03:14:59,3,33,18.6,85,0,1007.0,0,0,8,1611.3,0
2020-01-27 03:17:59,3,33,18.6,85,0.1,1007.0,0,0,8,1611.3,0
2020-01-27 03:20:59,3,33,18.6,85,0.1,1007.1,0,0,8,1611.3,0
2020-01-27 03:23:59,3,33,18.6,85,0,1007.0,0,0,6,1611.3,0
2020-01-27 03:26:59,3,33,18.6,85,0,1006.7,0,0,0,1611.3,0
2020-01-27 03:29:59,3,33,18.6,85,0,1006.7,0,0,2,1611.3,0
2020-01-27 03:32:59,3,33,18.6,85,0,1006.7,0,0,2,1611.3,0
2020-01-27 03:35:59,3,33,18.6,85,0,1007.1,1.0,1.4,10,1611.3,0
2020-01-27 03:38:59,3,33,18.5,85,0.1,1007.0,0,0,10,1611.3,0
2020-01-27 03:41:59,3,33,18.5,85,0.2,1006.9,0,0,4,1611.3,0
2020-01-27 03:44:59,3,33,18.5,86,0.2,1006.8,0,0,8,1611.3,0
2020-01-27 03:47:59,3,33,18.5,86,0.2,1007.0,0,0,10,1611.3,0
2020-01-27 03:50:59,3,33,18.5,86,0.2,1007.0,0,0,10,1611.3,0
2020-01-27 03:53:59,3,33,18.5,86,0.3,1007.0,0,0,12,1611.3,0
2020-01-27 03:56:59,3,33,18.5,86,0.3,1006.9,0,0,4,1611.3,0
2020-01-27 03:59:59,3,33,18.5,86,0.3,1006.9,0.3,0.7,8,1611.3,0
2020-01-27 04:02:59,3,33,18.5,86,0.4,1007.0,0,0,2,1611.3,0
2020-01-27 04:05:59,3,33,18.5,86,0.5,1006.9,0,0,0,1611.3,0
2020-01-27 04:08:59,3,33,18.5,86,0.5,1006.9,0,0,4,1611.3,0
2020-01-27 04:11:59,3,33,18.5,86,0.6,1006.8,0.3,1.0,4,1611.3,0
2020-01-27 04:14:59,3,33,18.5,86,0.6,1006.7,0,0,4,1611.3,0
2020-01-27 04:17:59,3,33,18.5,86,0.6,1006.7,0,0,10,1611.3,0
2020-01-27 04:20:59,3,33,18.5,86,0.6,1006.8,0,0,8,1611.3,0
2020-01-27 04:23:59,3,33,18.5,86,0.7,1006.7,0,0,2,1611.3,0
2020-01-27 04:26:59,3,33,18.4,86,0.7,1006.7,0,0,2,1611.3,0
2020-01-27 04:29:59,3,33,18.4,86,0.7,1006.8,0.3,1.0,8,1611.3,0
2020-01-27 04:32:59,3,33,18.4,86,0.6,1006.8,0,0,8,1611.3,0
2020-01-27 04:35:59,3,33,18.4,86,0.7,1006.7,0,0,2,1611.3,0
2020-01-27 04:38:59,3,33,18.4,86,0.6,1006.6,0,0,4,1611.3,0
2020-01-27 04:41:59,3,33,18.4,86,0.7,1006.5,0,0,2,1611.3,0
2020-01-27 04:44:59,3,33,18.4,86,0.7,1006.6,0,0,10,1611.3,0
2020-01-27 04:47:59,3,33,18.4,86,0.7,1006.4,0,0.3,2,1611.3,0
2020-01-27 04:50:59,3,33,18.4,86,0.8,1006.5,0,0,10,1611.3,0
2020-01-27 04:53:59,3,33,18.4,86,0.8,1006.5,0,0,8,1611.3,0
2020-01-27 04:56:59,3,33,18.4,86,0.8,1006.4,0,0,0,1611.3,0
2020-01-27 04:59:59,3,33,18.4,86,0.8,1006.5,0,0,0,1611.3,0
2020-01-27 05:02:59,3,33,18.4,86,0.8,1006.4,0,0,0,1611.3,0
2020-01-27 05:05:59,3,33,18.4,86,0.8,1006.5,0,0,0,1611.3,0
2020-01-27 05:08:59,3,33,18.5,86,1.0,1006.5,0,0,2,1611.3,0
2020-01-27 05:11:59,3,33,18.5,86,1.0,1006.4,0,0,2,1611.3,0
2020-01-27 05:14:59,3,33,18.5,86,1.0,1006.3,0,0,4,1611.3,0
2020-01-27 05:17:59,3,33,18.6,86,1.0,1006.3,0,0,3,1611.3,0
2020-01-27 05:20:59,3,33,18.6,87,1.0,1006.2,0,0,4,1611.3,0
2020-01-27 05:23:59,3,33,18.7,87,1.0,1006.2,0,0,10,1611.3,0
2020-01-27 05:26:59,3,33,18.8,87,1.0,1006.3,0,0,8,1611.3,0
2020-01-27 05:29:59,3,34,18.9,87,1.0,1006.2,0,0,2,1611.3,0
2020-01-27 05:32:59,3,34,18.9,87,1.0,1006.3,0,0,2,1611.3,0
2020-01-27 05:35:59,3,33,19.0,87,1.0,1006.2,0,0,10,1611.3,0
2020-01-27 05:38:59,3,33,19.0,87,1.1,1006.2,0,0,1,1611.3,0
2020-01-27 05:41:59,3,33,19.1,87,1.0,1006.2,0,0,0,1611.3,0
2020-01-27 05:44:59,3,33,19.1,87,1.0,1006.2,0,0,4,1611.3,0
2020-01-27 05:47:59,3,33,19.1,87,1.0,1006.2,0,0,10,1611.3,0
2020-01-27 05:50:59,3,33,19.2,87,1.0,1006.3,0,0,10,1611.3,0
2020-01-27 05:53:59,3,33,19.3,87,0.9,1006.2,0,0,6,1611.3,0
2020-01-27 05:56:59,3,33,19.3,87,0.9,1006.2,0,0,2,1611.3,0
2020-01-27 05:59:59,3,33,19.4,87,0.9,1006.1,0,0,4,1611.3,0
2020-01-27 06:02:59,3,33,19.6,87,0.9,1006.1,0,0,10,1611.3,0
2020-01-27 06:05:59,3,32,19.9,87,0.9,1006.2,0,0,8,1611.3,0
2020-01-27 06:08:59,3,31,20.1,87,0.9,1006.2,0,0,4,1611.3,0
2020-01-27 06:11:59,3,31,20.4,87,0.9,1006.3,0,0,12,1611.3,0
2020-01-27 06:14:59,3,30,20.5,87,0.9,1006.3,0,0,4,1611.3,0
2020-01-27 06:17:59,3,30,20.7,87,0.9,1006.3,0,0,4,1611.3,0
2020-01-27 06:20:59,3,30,20.9,87,0.9,1006.3,0,0,4,1611.3,0
2020-01-27 06:23:59,3,29,21.0,87,0.8,1006.4,0,0,6,1611.3,0
2020-01-27 06:26:59,3,30,21.1,87,0.9,1006.2,0,0,6,1611.3,0
2020-01-27 06:29:59,3,29,21.3,87,0.9,1006.3,0,0,6,1611.3,0
2020-01-27 06:32:59,3,29,21.4,87,0.9,1006.2,0,0,2,1611.3,0
2020-01-27 06:35:59,3,29,21.5,87,0.9,1006.1,0,0,6,1611.3,0
2020-01-27 06:38:59,3,29,21.6,87,0.9,1006.1,0,0,4,1611.3,0
2020-01-27 06:41:59,3,29,21.7,87,0.9,1006.0,0,0,8,1611.3,0
2020-01-27 06:44:59,3,29,21.8,87,0.9,1006.2,0,0,8,1611.3,0
2020-01-27 06:47:59,3,29,21.8,87,0.9,1006.1,0,0,4,1611.3,0
2020-01-27 06:50:59,3,29,21.9,87,0.9,1006.2,0,0,4,1611.3,0
2020-01-27 06:53:59,3,29,21.9,87,0.9,1006.2,0,0,2,1611.3,0
2020-01-27 06:56:59,3,29,21.9,87,0.9,1006.4,0,0.3,10,1611.3,0
2020-01-27 06:59:59,3,28,22.0,87,1.0,1006.3,0,0,4,1611.3,0
2020-01-27 07:02:59,3,28,22.1,87,1.0,1006.3,0,0,4,1611.3,0
2020-01-27 07:05:59,3,28,22.1,87,1.0,1006.3,0,0,4,1611.3,0
2020-01-27 07:08:59,3,29,21.9,87,1.1,1006.3,0,0.3,4,1611.3,0
2020-01-27 07:11:59,3,29,21.8,87,1.1,1006.2,0,0,4,1611.3,0
2020-01-27 07:14:59,3,29,21.7,87,1.1,1006.2,0,0,4,1611.3,0
2020-01-27 07:17:59,3,30,21.7,87,1.1,1006.2,0,0.3,4,1611.3,0
2020-01-27 07:20:59,3,31,21.6,87,1.1,1006.3,0,0,4,1611.3,0
2020-01-27 07:23:59,3,31,21.5,87,1.1,1006.2,0,0,4,1611.3,0
2020-01-27 07:26:59,3,31,21.5,87,1.2,1006.3,0,0.3,8,1611.3,0
2020-01-27 07:29:59,3,31,21.3,87,1.2,1006.1,0,0,4,1611.3,0
2020-01-27 07:32:59,3,31,21.3,87,1.3,1006.1,0,0,4,1611.3,0
2020-01-27 07:35:59,3,31,21.2,87,1.3,1006.1,0,0,4,1611.3,0
2020-01-27 07:38:59,3,31,21.1,88,1.4,1005.9,0.3,0.7,2,1611.3,0
2020-01-27 07:41:59,3,32,21.1,88,1.5,1005.9,0,0,14,1611.3,0
2020-01-27 07:44:59,3,32,21.0,88,1.6,1005.8,0,0,10,1611.3,0
2020-01-27 07:47:59,3,33,20.9,88,1.7,1005.8,0.3,0.7,7,1611.3,0
2020-01-27 07:50:59,3,33,20.9,88,1.8,1005.9,1.0,1.4,6,1611.3,0
2020-01-27 07:53:59,3,33,20.7,88,2.0,1005.8,0,0.3,8,1611.3,0
2020-01-27 07:56:59,3,33,20.7,88,2.0,1005.8,0.7,1.0,8,1611.3,0
2020-01-27 07:59:59,3,33,20.6,89,2.1,1005.8,0.3,0.7,8,1611.3,0
2020-01-27 08:02:59,3,33,20.6,89,2.2,1005.8,0,0.3,2,1611.6,0
2020-01-27 08:05:59,3,33,20.6,89,2.3,1005.9,1.0,1.7,4,1611.6,0
2020-01-27 08:08:59,3,33,20.5,89,2.4,1005.8,0.7,1.0,8,1611.6,0
2020-01-27 08:11:59,3,33,20.5,89,2.5,1005.8,0.3,0.7,10,1611.6,0
2020-01-27 08:14:59,3,33,20.5,89,2.6,1005.8,0.3,0.7,8,1611.6,0
2020-01-27 08:17:59,3,33,20.5,89,2.6,1005.6,0.3,0.7,6,1611.6,0
2020-01-27 08:20:59,3,33,20.5,90,2.7,1005.8,0.3,0.7,8,1611.6,0
2020-01-27 08:23:59,3,33,20.4,90,2.8,1005.8,0.3,0.7,9,1611.6,0
2020-01-27 08:26:59,3,33,20.4,90,2.9,1005.7,0,0.3,8,1611.6,0
2020-01-27 08:29:59,3,33,20.4,90,2.9,1005.6,0.7,1.4,8,1611.6,0
2020-01-27 08:32:59,3,34,20.4,90,3.0,1005.5,1.0,1.7,8,1611.6,0
2020-01-27 08:35:59,3,34,20.4,90,3.1,1005.5,0,0.3,6,1611.6,0
2020-01-27 08:38:59,3,34,20.4,90,3.2,1005.7,1.0,1.4,8,1611.6,0
2020-01-27 08:41:59,3,34,20.4,90,3.3,1005.5,0.7,1.0,10,1611.6,0
2020-01-27 08:44:59,3,34,20.4,90,3.3,1005.4,1.7,2.4,10,1611.6,0
2020-01-27 08:47:59,3,34,20.3,90,3.5,1005.4,0,0.3,8,1611.6,0
2020-01-27 08:50:59,3,34,20.3,90,3.5,1005.4,0.3,0.7,8,1611.6,0
2020-01-27 08:53:59,3,34,20.3,90,3.7,1005.3,1.0,1.7,8,1611.6,0
2020-01-27 08:56:59,3,34,20.3,90,3.7,1005.3,0.7,1.4,8,1611.6,0
2020-01-27 08:59:59,3,34,20.3,90,3.8,1005.4,1.4,1.7,8,1611.6,0
2020-01-27 09:02:59,3,34,20.3,90,3.8,1005.3,1.4,1.7,8,1611.6,0
2020-01-27 09:05:59,3,34,20.3,90,3.8,1005.4,1.4,1.7,8,1611.6,0
2020-01-27 09:08:59,3,34,20.3,91,4.2,1005.3,1.4,2.0,6,1611.6,0
2020-01-27 09:11:59,3,34,20.3,91,4.3,1005.4,1.0,1.4,8,1611.6,0
2020-01-27 09:14:59,3,34,20.3,91,4.4,1005.3,1.4,1.7,8,1611.6,0
2020-01-27 09:17:59,3,34,20.3,91,4.6,1005.3,1.0,1.7,8,1611.6,0
2020-01-27 09:20:59,3,34,20.3,91,4.7,1005.4,0.7,1.0,8,1611.6,0
2020-01-27 09:23:59,3,34,20.3,90,4.8,1005.2,0.7,1.4,6,1611.6,0
2020-01-27 09:26:59,3,34,20.3,90,4.9,1005.3,2.0,2.7,10,1611.6,0
2020-01-27 09:29:59,3,34,20.3,90,5.1,1005.3,1.4,2.0,9,1611.6,0
2020-01-27 09:32:59,3,34,20.3,90,5.2,1005.0,1.4,1.7,8,1611.6,0
2020-01-27 09:35:59,3,34,20.3,89,5.3,1005.1,0.7,1.4,10,1611.6,0
2020-01-27 09:38:59,3,34,20.3,89,5.4,1005.1,1.0,1.0,10,1611.6,0
2020-01-27 09:41:59,3,34,20.3,88,5.7,1005.0,0.3,0.7,0,1611.6,0
2020-01-27 09:44:59,3,34,20.3,88,5.8,1005.1,1.4,2.0,8,1611.6,0
2020-01-27 09:47:59,3,34,20.3,87,6.1,1005.0,0.7,1.4,8,1611.6,0
2020-01-27 09:50:59,3,34,20.3,86,6.5,1005.0,2.4,3.1,5,1611.6,0
2020-01-27 09:53:59,3,34,20.3,85,6.8,1005.0,2.7,3.7,8,1611.6,0
2020-01-27 09:56:59,3,34,20.3,83,6.9,1005.0,2.7,3.4,8,1611.6,0
2020-01-27 09:59:59,3,34,20.3,82,7.1,1005.0,2.0,2.7,11,1611.6,0
2020-01-27 10:02:59,3,34,20.3,80,7.4,1005.0,1.0,1.4,10,1611.6,0
2020-01-27 10:05:59,3,34,20.3,73,7.6,1005.0,1.7,2.4,8,1611.6,0
2020-01-27 10:08:59,3,34,20.3,73,7.7,1004.9,0.7,1.0,8,1611.6,0
2020-01-27 10:11:59,3,34,20.3,71,7.9,1004.9,2.7,3.1,10,1611.6,0
2020-01-27 10:14:59,3,34,20.3,71,8.0,1004.8,0.7,1.4,8,1611.6,0
2020-01-27 10:17:59,3,34,20.3,70,8.0,1004.9,2.4,3.4,10,1611.6,0
2020-01-27 10:20:59,3,34,20.3,70,8.1,1004.8,1.0,1.7,8,1611.6,0
2020-01-27 10:23:59,3,34,20.3,70,8.2,1004.7,2.0,2.7,12,1611.6,0
2020-01-27 10:26:59,3,34,20.3,69,8.2,1004.6,3.7,4.8,9,1611.6,0
2020-01-27 10:29:59,3,34,20.3,69,8.2,1004.6,2.0,2.7,8,1611.6,0
2020-01-27 10:32:59,3,35,20.3,69,8.3,1004.5,0.7,1.0,10,1611.6,0
2020-01-27 10:35:59,3,35,20.3,68,8.4,1004.6,3.7,4.4,8,1611.6,0
2020-01-27 10:38:59,3,35,20.4,68,8.5,1004.4,0.7,1.0,12,1611.6,0
2020-01-27 10:41:59,3,35,20.3,68,8.5,1004.4,1.7,2.4,10,1611.6,0
2020-01-27 10:44:59,3,35,20.3,68,8.5,1004.3,1.0,1.4,8,1611.6,0
2020-01-27 10:47:59,3,35,20.3,68,8.4,1004.4,2.0,3.1,10,1611.6,0
2020-01-27 10:50:59,3,35,20.3,68,8.2,1004.4,2.0,3.4,8,1611.6,0
2020-01-27 10:53:59,3,35,20.4,68,8.1,1004.3,1.7,2.7,12,1611.6,0
2020-01-27 10:56:59,3,35,20.4,68,8.0,1004.3,1.7,2.4,10,1611.6,0
2020-01-27 10:59:59,3,35,20.4,69,8.0,1004.3,1.4,1.7,8,1611.6,0
2020-01-27 11:02:59,3,35,20.4,69,8.0,1004.2,1.4,1.7,8,1611.6,0
2020-01-27 11:05:59,3,35,20.4,69,8.0,1004.2,1.4,1.7,8,1611.6,0
2020-01-27 11:08:59,3,35,20.4,70,8.0,1004.1,2.4,3.4,13,1611.6,0
2020-01-27 11:11:59,3,35,20.4,70,8.0,1004.1,1.4,1.7,10,1611.6,0
2020-01-27 11:14:59,3,35,20.4,70,8.1,1004.1,1.0,1.4,8,1611.6,0
2020-01-27 11:17:59,3,35,20.4,70,8.2,1004.0,0.7,1.0,12,1611.6,0
2020-01-27 11:20:59,3,36,20.4,70,8.2,1004.0,2.4,3.1,10,1611.6,0
2020-01-27 11:23:59,3,36,20.4,69,8.3,1004.1,1.7,2.0,12,1611.6,0
2020-01-27 11:26:59,3,36,20.4,69,8.3,1004.2,1.7,2.4,10,1611.6,0
2020-01-27 11:29:59,3,36,20.4,68,8.4,1004.1,2.7,4.4,12,1611.6,0
2020-01-27 11:32:59,3,36,20.4,68,8.4,1004.0,2.0,2.4,10,1611.6,0
2020-01-27 11:35:59,3,36,20.4,68,8.4,1004.0,0.7,1.0,10,1611.6,0
2020-01-27 11:38:59,3,36,20.4,68,8.5,1004.0,0.7,1.4,10,1611.6,0
2020-01-27 11:41:59,3,36,20.4,69,8.6,1004.0,2.0,2.7,9,1611.6,0
2020-01-27 11:44:59,3,36,20.4,68,8.7,1004.0,1.4,2.0,8,1611.6,0
2020-01-27 11:47:59,3,36,20.4,68,8.7,1003.9,1.7,2.4,8,1611.6,0
2020-01-27 11:50:59,3,36,20.4,67,8.7,1003.9,1.0,1.4,12,1611.6,0
2020-01-27 11:53:59,3,36,20.4,68,8.8,1003.9,1.0,1.4,10,1611.6,0
2020-01-27 11:56:59,3,36,20.4,67,8.9,1003.9,1.4,1.7,12,1611.6,0
2020-01-27 11:59:59,3,36,20.4,66,9.0,1003.8,1.4,1.7,10,1611.6,0
2020-01-27 12:02:59,3,36,20.4,66,9.0,1003.7,0.7,1.4,12,1611.6,0
2020-01-27 12:05:59,3,36,20.4,66,9.0,1003.7,1.0,2.0,10,1611.6,0
2020-01-27 12:08:59,3,36,20.4,66,9.1,1003.7,1.7,2.7,10,1611.6,0
2020-01-27 12:11:59,3,37,20.5,66,9.3,1003.6,2.0,2.7,8,1611.6,0
2020-01-27 12:14:59,3,37,20.5,65,9.2,1003.5,1.0,1.7,10,1611.6,0
2020-01-27 12:17:59,3,37,20.5,65,9.3,1003.5,1.7,2.0,8,1611.6,0
2020-01-27 12:20:59,3,37,20.5,65,9.2,1003.5,0.3,1.0,10,1611.6,0
2020-01-27 12:23:59,3,37,20.5,65,9.3,1003.5,1.4,2.0,10,1611.6,0
2020-01-27 12:26:59,3,37,20.5,65,9.3,1003.5,0.7,1.0,9,1611.6,0
2020-01-27 12:29:59,3,37,20.5,65,9.2,1003.4,0.7,1.4,12,1611.6,0
2020-01-27 12:32:59,3,37,20.5,65,9.3,1003.3,2.0,2.4,10,1611.6,0
2020-01-27 12:35:59,3,37,20.5,65,9.4,1003.4,2.7,3.4,8,1611.6,0
2020-01-27 12:38:59,3,37,20.5,65,9.5,1003.3,0.7,1.4,6,1611.6,0
2020-01-27 12:41:59,3,37,20.5,64,9.6,1003.3,1.7,2.4,9,1611.6,0
2020-01-27 12:44:59,3,37,20.5,64,9.6,1003.3,1.0,1.7,10,1611.6,0
2020-01-27 12:47:59,3,37,20.5,63,9.6,1003.0,3.4,4.4,8,1611.6,0
2020-01-27 12:50:59,3,37,20.5,63,9.5,1003.1,1.7,2.4,10,1611.6,0
2020-01-27 12:53:59,3,37,20.5,64,9.5,1003.0,2.7,3.4,8,1611.6,0
2020-01-27 12:56:59,3,37,20.5,63,9.4,1003.1,3.1,4.1,10,1611.6,0
2020-01-27 12:59:59,3,37,20.5,64,9.4,1002.9,1.4,2.0,14,1611.6,0
2020-01-27 13:02:59,3,37,20.5,64,9.4,1002.9,1.4,2.0,14,1611.6,0
2020-01-27 13:05:59,3,37,20.6,64,9.4,1002.9,1.4,2.0,14,1611.6,0
2020-01-27 13:08:59,3,37,20.6,63,9.5,1002.9,3.1,3.7,8,1611.6,0
2020-01-27 13:11:59,3,37,20.6,63,9.4,1002.8,1.0,2.0,4,1611.6,0
2020-01-27 13:14:59,3,37,20.6,63,9.4,1002.9,0.3,0.7,12,1611.6,0
2020-01-27 13:17:59,3,37,20.6,64,9.4,1002.9,1.7,2.0,3,1611.6,0
2020-01-27 13:20:59,3,37,20.6,64,9.3,1002.9,1.0,1.7,10,1611.6,0
2020-01-27 13:23:59,3,37,20.6,64,9.3,1002.8,2.0,2.4,14,1611.6,0
2020-01-27 13:26:59,3,37,20.6,64,9.3,1002.8,1.0,1.4,14,1611.6,0
2020-01-27 13:29:59,3,37,20.6,64,9.3,1002.8,1.0,2.0,12,1611.6,0
2020-01-27 13:32:59,3,37,20.6,64,9.2,1002.8,1.4,2.4,10,1611.6,0
2020-01-27 13:35:59,3,37,20.6,64,9.2,1002.7,1.4,2.0,10,1611.6,0
2020-01-27 13:38:59,3,37,20.6,64,9.2,1002.7,1.0,1.4,10,1611.6,0
2020-01-27 13:41:59,3,37,20.6,64,9.1,1002.7,1.7,2.0,12,1611.6,0
2020-01-27 13:44:59,3,37,20.6,64,9.1,1002.8,2.0,2.4,10,1611.6,0
2020-01-27 13:47:59,3,37,20.6,64,9.1,1002.7,1.7,2.4,8,1611.6,0
2020-01-27 13:50:59,3,37,20.6,64,9.0,1002.6,1.0,1.7,9,1611.6,0
2020-01-27 13:53:59,3,37,20.6,64,9.0,1002.6,2.0,3.1,8,1611.6,0
2020-01-27 13:56:59,3,37,20.6,64,9.0,1002.6,1.4,1.7,10,1611.6,0
2020-01-27 13:59:59,3,37,20.6,64,9.0,1002.5,1.0,1.4,14,1611.6,0
2020-01-27 14:02:59,3,37,20.6,65,9.0,1002.4,0.7,1.0,10,1611.6,0
2020-01-27 14:05:59,3,37,20.6,65,9.0,1002.4,1.4,1.7,8,1611.6,0
2020-01-27 14:08:59,3,37,20.6,65,9.0,1002.4,1.4,1.7,12,1611.6,0
2020-01-27 14:11:59,3,37,20.6,65,9.0,1002.5,1.4,1.7,10,1611.6,0
2020-01-27 14:14:59,3,37,20.6,65,9.0,1002.5,1.0,1.4,12,1611.6,0
2020-01-27 14:17:59,3,37,20.6,65,8.9,1002.5,1.7,2.4,6,1611.6,0
2020-01-27 14:20:59,3,37,20.6,65,8.9,1002.5,1.4,2.0,12,1611.6,0
2020-01-27 14:23:59,3,37,20.6,65,8.9,1002.4,1.4,2.0,8,1611.6,0
2020-01-27 14:26:59,3,37,20.6,65,8.8,1002.4,2.0,2.7,8,1611.6,0
2020-01-27 14:29:59,3,37,20.6,65,8.8,1002.3,1.0,1.4,0,1611.6,0
2020-01-27 14:32:59,3,37,20.6,65,8.7,1002.3,1.4,1.7,10,1611.6,0
2020-01-27 14:35:59,3,37,20.6,65,8.7,1002.2,2.0,2.7,6,1611.6,0
2020-01-27 14:38:59,3,37,20.6,65,8.7,1002.2,0.7,1.7,8,1611.6,0
2020-01-27 14:41:59,3,37,20.6,65,8.7,1002.1,2.0,2.7,10,1611.6,0
2020-01-27 14:44:59,3,37,20.6,65,8.7,1002.1,1.4,1.7,10,1611.6,0
2020-01-27 14:47:59,3,37,20.6,66,8.7,1002.2,1.7,2.4,10,1611.6,0
2020-01-27 14:50:59,3,37,20.6,66,8.6,1002.2,0.7,1.0,8,1611.6,0
2020-01-27 14:53:59,3,37,20.6,66,8.6,1002.2,1.4,2.0,8,1611.6,0
2020-01-27 14:56:59,3,37,20.7,66,8.6,1002.1,0.7,1.7,6,1611.6,0
2020-01-27 14:59:59,3,37,20.7,66,8.6,1002.1,1.0,1.4,14,1611.6,0
2020-01-27 15:02:59,3,37,20.7,66,8.6,1002.1,1.0,1.4,14,1611.6,0
2020-01-27 15:05:59,3,37,20.7,66,8.6,1002.1,1.0,1.4,14,1611.6,0
2020-01-27 15:08:59,3,37,20.7,66,8.6,1002.0,1.4,2.0,12,1611.6,0
2020-01-27 15:11:59,3,37,20.7,66,8.6,1001.9,0.7,1.0,11,1611.6,0
2020-01-27 15:14:59,3,37,20.7,66,8.6,1001.9,1.4,2.4,8,1611.6,0
2020-01-27 15:17:59,3,37,20.7,66,8.6,1001.9,1.0,1.7,10,1611.6,0
2020-01-27 15:20:59,3,37,20.7,66,8.6,1001.8,1.4,2.0,9,1611.6,0
2020-01-27 15:23:59,3,37,20.7,67,8.5,1001.9,1.4,1.7,12,1611.6,0
2020-01-27 15:26:59,3,37,20.7,67,8.5,1001.8,1.4,1.7,8,1611.6,0
2020-01-27 15:29:59,3,37,20.7,67,8.5,1001.8,0.7,1.0,6,1611.6,0
2020-01-27 15:32:59,3,37,20.7,67,8.5,1001.8,2.7,3.4,8,1611.6,0
2020-01-27 15:35:59,3,37,20.7,67,8.5,1001.8,1.0,2.0,8,1611.6,0
2020-01-27 15:38:59,3,37,20.7,67,8.5,1001.7,2.7,3.7,10,1611.6,0
2020-01-27 15:41:59,3,37,20.7,67,8.5,1001.6,1.7,2.7,6,1611.6,0
2020-01-27 15:44:59,3,37,20.7,67,8.5,1001.6,1.4,1.7,12,1611.6,0
2020-01-27 15:47:59,3,37,20.7,67,8.4,1001.5,1.7,2.0,8,1611.6,0
2020-01-27 15:50:59,3,37,20.7,67,8.4,1001.4,0.3,1.0,6,1611.6,0
2020-01-27 15:53:59,3,37,20.7,67,8.4,1001.5,0.7,1.0,9,1611.6,0
2020-01-27 15:56:59,3,37,20.7,68,8.4,1001.4,1.4,2.0,6,1611.6,0
2020-01-27 15:59:59,3,37,20.7,68,8.4,1001.4,1.4,2.0,10,1611.6,0
2020-01-27 16:02:59,3,37,20.7,68,8.4,1001.3,1.0,2.0,8,1611.6,0
2020-01-27 16:05:59,3,37,20.7,68,8.4,1001.4,1.4,1.7,9,1611.6,0
2020-01-27 16:08:59,3,37,20.7,68,8.4,1001.4,0.7,1.4,8,1611.6,0
2020-01-27 16:11:59,3,37,20.7,68,8.4,1001.4,2.4,3.1,8,1611.6,0
2020-01-27 16:14:59,3,37,20.7,68,8.4,1001.3,1.0,1.4,8,1611.6,0
2020-01-27 16:17:59,3,37,20.7,68,8.4,1001.2,1.7,2.4,8,1611.6,0
2020-01-27 16:20:59,3,37,20.7,68,8.3,1001.1,1.4,1.7,10,1611.6,0
2020-01-27 16:23:59,3,37,20.7,68,8.3,1001.2,1.7,2.4,8,1611.6,0
2020-01-27 16:26:59,3,37,20.7,68,8.3,1001.0,1.4,2.0,10,1611.6,0
2020-01-27 16:29:59,3,37,20.7,68,8.3,1001.1,1.0,1.4,8,1611.6,0
2020-01-27 16:32:59,3,37,20.7,68,8.3,1001.1,1.4,2.0,6,1611.6,0
2020-01-27 16:35:59,3,37,20.7,68,8.3,1001.1,0.7,1.0,8,1611.6,0
2020-01-27 16:38:59,3,37,20.7,68,8.2,1001.1,0,0,8,1611.6,0
2020-01-27 16:41:59,3,37,20.7,69,8.2,1001.1,0.7,1.0,6,1611.6,0
2020-01-27 16:44:59,3,37,20.7,69,8.2,1001.0,0.7,1.0,10,1611.6,0
2020-01-27 16:47:59,3,37,20.7,69,8.2,1001.0,1.7,2.0,8,1611.6,0
2020-01-27 16:50:59,3,37,20.8,69,8.2,1001.0,1.0,1.7,12,1611.6,0
2020-01-27 16:53:59,3,37,20.8,69,8.2,1001.0,1.4,2.0,10,1611.6,0
2020-01-27 16:56:59,3,37,20.8,69,8.2,1001.0,0.3,0.7,4,1611.6,0
2020-01-27 16:59:59,3,37,20.8,69,8.2,1000.8,0.7,1.0,8,1611.6,0
2020-01-27 17:02:59,3,37,20.8,69,8.2,1000.9,0.7,1.0,8,1611.6,0
2020-01-27 17:05:59,3,37,20.8,69,8.2,1000.7,0.7,1.0,8,1611.6,0
2020-01-27 17:08:59,3,37,20.8,69,8.2,1000.7,1.0,1.7,8,1611.6,0
2020-01-27 17:11:59,3,37,20.9,69,8.2,1000.7,1.7,2.4,10,1611.6,0
2020-01-27 17:14:59,3,37,20.9,69,8.2,1000.6,0.7,1.0,0,1611.6,0
2020-01-27 17:17:59,3,38,20.9,69,8.2,1000.6,1.7,3.1,6,1611.6,0
2020-01-27 17:20:59,3,40,20.9,69,8.2,1000.7,0.7,1.0,12,1611.6,0
2020-01-27 17:23:59,3,41,20.9,69,8.2,1000.6,1.4,2.0,5,1611.6,0
2020-01-27 17:26:59,3,41,20.9,69,8.2,1000.6,1.0,1.4,8,1611.6,0
2020-01-27 17:29:59,3,39,21.0,69,8.2,1000.4,0.7,1.0,6,1611.6,0
2020-01-27 17:32:59,3,38,21.1,69,8.2,1000.4,0.7,1.0,12,1611.6,0
2020-01-27 17:35:59,3,37,21.2,69,8.1,1000.4,1.4,1.7,10,1611.6,0
2020-01-27 17:38:59,3,37,21.3,69,8.1,1000.4,0.7,1.4,10,1611.6,0
2020-01-27 17:41:59,3,36,21.3,69,8.2,1000.3,1.7,2.0,8,1611.6,0
2020-01-27 17:44:59,3,36,21.3,69,8.2,1000.4,0,0.3,10,1611.6,0
2020-01-27 17:47:59,3,36,21.3,69,8.2,1000.2,0.7,1.0,8,1611.6,0
2020-01-27 17:50:59,3,36,21.2,69,8.2,1000.1,0.7,0.7,10,1611.6,0
2020-01-27 17:53:59,3,36,21.2,69,8.2,1000.1,0.7,1.4,8,1611.6,0
2020-01-27 17:56:59,3,36,21.2,69,8.1,1000.1,0,0,12,1611.6,0
2020-01-27 17:59:59,3,36,21.2,69,8.1,1000.0,1.0,1.7,8,1611.6,0
2020-01-27 18:02:59,3,36,21.2,69,8.1,1000.0,0.3,0.7,8,1611.6,0
2020-01-27 18:05:59,3,36,21.1,69,8.1,1000.1,1.4,2.0,9,1611.6,0
2020-01-27 18:08:59,3,36,21.1,69,8.1,999.9,0.7,1.0,8,1611.6,0
2020-01-27 18:11:59,3,36,21.1,69,8.1,999.9,0.3,0.7,2,1611.6,0
2020-01-27 18:14:59,3,36,21.1,69,8.1,999.9,0.7,1.0,2,1611.6,0
2020-01-27 18:17:59,3,36,21.1,69,8.1,999.9,0.3,0.7,10,1611.6,0
2020-01-27 18:20:59,3,36,21.1,69,8.1,999.8,0.7,1.4,2,1611.6,0
2020-01-27 18:23:59,3,36,21.1,70,8.1,999.8,0.3,0.7,2,1611.6,0
2020-01-27 18:26:59,3,36,21.1,70,8.1,999.6,0.7,1.7,8,1611.6,0
2020-01-27 18:29:59,3,36,21.1,70,8.1,999.5,1.0,2.0,8,1611.6,0
2020-01-27 18:32:59,3,36,21.1,70,8.1,999.6,0.3,0.7,9,1611.6,0
2020-01-27 18:35:59,3,36,21.1,70,8.1,999.4,0.3,0.7,10,1611.6,0
2020-01-27 18:38:59,3,36,21.1,70,8.1,999.4,0.7,1.0,6,1611.6,0
2020-01-27 18:41:59,3,36,21.1,70,8.1,999.4,0.7,1.0,2,1611.6,0
2020-01-27 18:44:59,3,36,21.1,70,8.1,999.4,1.0,1.4,8,1611.6,0
2020-01-27 18:47:59,3,36,21.1,70,8.1,999.4,0,0,6,1611.6,0
2020-01-27 18:50:59,3,36,21.1,70,8.1,999.3,2.0,2.4,8,1611.6,0
2020-01-27 18:53:59,3,36,21.1,70,8.1,999.3,1.7,2.4,8,1611.6,0
2020-01-27 18:56:59,3,36,21.1,70,8.1,999.4,0.7,1.0,8,1611.6,0
2020-01-27 18:59:59,3,36,21.1,70,8.1,999.3,1.7,2.7,8,1611.6,0
2020-01-27 19:02:59,3,36,21.1,70,8.1,999.2,1.7,2.7,8,1611.6,0
2020-01-27 19:05:59,3,36,21.1,70,8.1,999.2,1.7,2.7,8,1611.6,0
2020-01-27 19:08:59,3,36,21.1,69,8.2,999.1,1.7,2.4,10,1611.6,0
2020-01-27 19:11:59,3,35,21.1,69,8.2,999.0,0.3,1.0,8,1611.6,0
2020-01-27 19:14:59,3,35,21.1,69,8.2,999.0,1.7,2.4,6,1611.6,0
2020-01-27 19:17:59,3,35,21.1,69,8.2,999.0,0.3,0.7,6,1611.6,0
2020-01-27 19:20:59,3,35,21.1,69,8.2,999.0,1.4,2.0,6,1611.6,0
2020-01-27 19:23:59,3,35,21.1,69,8.1,998.9,1.0,1.7,8,1611.6,0
2020-01-27 19:26:59,3,35,21.1,69,8.1,998.9,2.0,3.4,10,1611.6,0
2020-01-27 19:29:59,3,35,21.0,69,8.1,998.9,0.3,0.7,0,1611.6,0
2020-01-27 19:32:59,3,35,21.0,70,8.1,998.8,1.7,2.0,10,1611.6,0
2020-01-27 19:35:59,3,35,21.0,70,8.1,998.7,1.7,2.4,13,1611.6,0
2020-01-27 19:38:59,3,35,21.0,70,8.1,998.8,1.4,2.0,8,1611.6,0
2020-01-27 19:41:59,3,35,21.0,70,8.1,998.8,1.4,2.4,14,1611.6,0
2020-01-27 19:44:59,3,35,21.0,70,8.1,998.7,1.0,1.4,12,1611.6,0
2020-01-27 19:47:59,3,35,21.0,70,8.0,998.7,3.4,4.4,8,1611.6,0
2020-01-27 19:50:59,3,35,21.0,70,8.0,998.6,2.4,4.1,9,1611.6,0
2020-01-27 19:53:59,3,35,21.0,71,7.9,998.5,0.7,1.4,12,1611.6,0
2020-01-27 19:56:59,3,35,21.0,71,7.8,998.6,2.0,2.4,4,1611.6,0
2020-01-27 19:59:59,3,35,21.0,72,7.7,998.5,1.4,2.4,10,1611.6,0
2020-01-27 20:02:59,3,35,21.0,72,7.6,998.5,1.4,1.7,11,1611.6,0
2020-01-27 20:05:59,3,35,21.0,73,7.5,998.5,2.0,3.1,10,1611.6,0
2020-01-27 20:08:59,3,35,21.0,80,7.4,998.4,1.7,2.0,8,1611.6,0
2020-01-27 20:11:59,3,35,21.0,80,7.3,998.4,1.0,1.4,12,1611.6,0
2020-01-27 20:14:59,3,35,21.0,81,7.3,998.3,0.7,1.4,8,1611.9,0
2020-01-27 20:17:59,3,35,21.0,81,7.2,998.3,1.4,2.0,8,1611.9,0
2020-01-27 20:20:59,3,35,21.0,81,7.2,998.4,2.0,2.7,8,1611.9,0
2020-01-27 20:23:59,3,35,21.0,82,7.1,998.3,1.4,2.7,6,1611.9,0
2020-01-27 20:26:59,3,35,21.0,82,7.0,998.2,0.7,1.4,12,1611.9,0
2020-01-27 20:29:59,3,35,21.1,82,7.0,998.1,0.7,1.4,6,1611.9,0
2020-01-27 20:32:59,3,35,21.1,82,7.0,998.1,1.4,2.0,8,1611.9,0
2020-01-27 20:35:59,3,35,21.1,83,6.9,998.0,1.0,1.7,6,1611.9,0
2020-01-27 20:38:59,3,35,21.1,83,6.9,998.0,1.4,2.0,8,1611.9,0
2020-01-27 20:41:59,3,35,21.0,83,6.8,998.0,0.3,0.7,8,1612.2,0
2020-01-27 20:44:59,3,35,21.0,83,6.8,998.0,2.0,3.1,9,1612.2,0
2020-01-27 20:47:59,3,35,21.0,84,6.8,997.9,1.7,2.7,8,1612.2,0
2020-01-27 20:50:59,3,35,21.0,84,6.7,997.9,2.0,2.7,8,1612.2,0
2020-01-27 20:53:59,3,35,21.0,84,6.7,997.8,0.3,0.7,8,1612.2,0
2020-01-27 20:56:59,3,35,21.0,84,6.7,997.7,2.0,2.4,10,1612.2,0
2020-01-27 20:59:59,3,35,21.0,84,6.6,997.7,1.7,2.4,4,1612.2,0
2020-01-27 21:02:59,3,35,21.0,84,6.6,997.7,1.7,2.4,4,1612.2,0
2020-01-27 21:05:59,3,35,21.0,84,6.6,997.7,1.7,2.4,4,1612.2,0
2020-01-27 21:08:59,3,35,21.0,85,6.6,997.6,0.3,1.0,10,1612.5,0
2020-01-27 21:11:59,3,35,21.0,85,6.5,997.5,2.0,3.1,6,1612.5,0
2020-01-27 21:14:59,3,35,21.0,85,6.5,997.5,1.0,1.4,8,1612.5,0
2020-01-27 21:17:59,3,35,21.0,85,6.5,997.5,1.7,2.0,8,1612.5,0
2020-01-27 21:20:59,3,35,21.0,85,6.5,997.3,1.0,1.7,8,1612.8,0
2020-01-27 21:23:59,3,35,21.0,86,6.4,997.4,1.7,2.4,10,1612.8,0
2020-01-27 21:26:59,3,35,21.0,86,6.4,997.3,1.7,2.0,3,1612.8,0
2020-01-27 21:29:59,3,35,21.0,86,6.4,997.2,0.7,1.0,2,1612.8,0
2020-01-27 21:32:59,3,35,21.0,86,6.4,997.2,1.0,1.4,8,1612.8,0
2020-01-27 21:35:59,3,35,21.0,86,6.4,997.0,1.4,2.0,4,1612.8,0
2020-01-27 21:38:59,3,35,21.0,86,6.4,997.0,0.3,0.7,6,1612.8,0
2020-01-27 21:41:59,3,35,21.0,86,6.3,996.9,1.4,2.0,6,1612.8,0
2020-01-27 21:44:59,3,35,21.0,86,6.3,997.0,0.3,0.7,6,1612.8,0
2020-01-27 21:47:59,3,35,21.0,86,6.3,996.9,1.0,1.4,2,1612.8,0
2020-01-27 21:50:59,3,35,21.0,86,6.3,996.9,1.7,2.4,8,1612.8,0
2020-01-27 21:53:59,3,35,21.0,86,6.3,996.9,1.0,1.4,6,1612.8,0
2020-01-27 21:56:59,3,35,21.0,86,6.2,996.7,1.4,1.7,8,1612.8,0
2020-01-27 21:59:59,3,35,21.0,86,6.2,996.7,0.7,1.0,6,1612.8,0
2020-01-27 22:02:59,3,36,20.9,86,6.2,996.7,1.7,2.4,8,1613.1,0
2020-01-27 22:05:59,3,36,20.9,86,6.2,996.6,0.7,1.0,8,1613.1,0
2020-01-27 22:08:59,3,36,20.9,87,6.2,996.5,2.0,2.7,4,1613.1,0
2020-01-27 22:11:59,3,36,20.9,87,6.2,996.5,0.7,1.0,6,1613.1,0
2020-01-27 22:14:59,3,36,20.9,87,6.1,996.4,0.7,1.0,8,1613.1,0
2020-01-27 22:17:59,3,36,20.9,87,6.1,996.4,0.7,1.4,8,1613.1,0
2020-01-27 22:20:59,3,36,20.9,87,6.1,996.4,1.7,2.0,10,1613.1,0
2020-01-27 22:23:59,3,36,20.9,87,6.1,996.3,2.7,3.7,2,1613.1,0
2020-01-27 22:26:59,3,36,20.9,87,6.1,996.2,2.7,3.7,12,1613.1,0
2020-01-27 22:29:59,3,36,20.8,87,6.1,996.1,1.4,1.7,6,1613.1,0
2020-01-27 22:32:59,3,36,20.8,87,6.1,996.1,1.4,2.0,8,1613.1,0
2020-01-27 22:35:59,3,36,20.8,87,6.1,996.1,1.4,2.0,0,1613.1,0
2020-01-27 22:38:59,3,36,20.7,87,6.0,996.1,1.4,2.0,8,1613.1,0
2020-01-27 22:41:59,3,36,20.7,87,6.0,995.9,0.7,1.4,10,1613.1,0
2020-01-27 22:44:59,3,36,20.7,87,6.0,995.9,0.7,1.0,4,1613.1,0
2020-01-27 22:47:59,3,36,20.7,87,6.0,995.8,1.7,2.4,10,1613.1,0
2020-01-27 22:50:59,3,36,20.7,87,6.0,995.8,1.7,2.0,12,1613.1,0
2020-01-27 22:53:59,3,36,20.7,87,6.0,995.7,1.4,2.0,10,1613.1,0
2020-01-27 22:56:59,3,36,20.7,87,5.9,995.7,2.4,3.4,12,1613.1,0
2020-01-27 22:59:59,3,36,20.6,87,5.9,995.6,1.7,2.4,8,1613.1,0
