2011-01-28 00:12:00,20,33,18.0,86,-6.7,1019.1,0.0,0.0,2,1208.7,0
2011-01-28 00:32:00,20,33,17.8,88,-6.4,1019.2,0.0,0.0,0,1208.7,0
2011-01-28 00:52:00,20,33,17.6,87,-6.5,1019.4,0.0,0.0,0,1208.7,0
2011-01-28 01:12:00,20,33,17.5,87,-6.9,1019.6,0.0,0.0,2,1208.7,0
2011-01-28 01:32:00,20,33,17.3,87,-7.2,1019.6,0.0,0.0,2,1208.7,0
2011-01-28 01:52:00,20,33,17.2,87,-7.4,1019.6,0.0,0.0,2,1208.7,0
2011-01-28 02:12:00,20,33,17.0,87,-7.5,1019.7,0.0,0.0,2,1208.7,0
2011-01-28 02:32:00,20,33,16.9,87,-7.6,1019.6,0.0,0.0,2,1208.7,0
2011-01-28 02:52:00,20,33,16.9,87,-7.7,1019.8,0.0,0.0,2,1208.7,0
2011-01-28 03:12:00,20,33,16.8,87,-7.5,1019.9,0.0,0.0,2,1208.7,0
2011-01-28 03:32:00,20,33,16.7,88,-7.6,1019.8,0.0,0.0,0,1208.7,0
2011-01-28 03:52:00,20,33,16.6,88,-7.3,1020.0,0.0,0.0,8,1208.7,0
2011-01-28 04:12:00,20,33,16.5,88,-7.7,1019.9,0.0,0.0,0,1208.7,0
2011-01-28 04:32:00,20,33,16.4,88,-7.8,1020.0,0.0,0.0,0,1208.7,0
2011-01-28 04:52:00,20,33,16.4,88,-7.6,1020.1,0.0,0.0,0,1208.7,0
2011-01-28 05:12:00,20,33,16.3,88,-7.1,1020.0,0.0,0.0,0,1208.7,0
2011-01-28 05:32:00,20,33,16.3,88,-6.8,1020.2,0.0,0.0,0,1208.7,0
2011-01-28 05:52:00,20,34,16.5,88,-6.6,1020.3,0.0,0.0,2,1208.7,0
2011-01-28 06:12:00,20,34,16.8,88,-6.7,1020.3,0.0,0.0,10,1208.7,0
2011-01-28 06:32:00,20,33,17.0,88,-6.9,1020.5,0.0,0.0,0,1208.7,0
2011-01-28 06:52:00,20,33,17.2,88,-6.9,1020.4,0.0,0.0,0,1208.7,0
2011-01-28 07:12:00,20,33,17.4,88,-6.9,1020.6,0.0,0.0,0,1208.7,0
2011-01-28 07:32:00,20,33,17.6,88,-6.8,1020.6,0.0,0.0,0,1208.7,0
2011-01-28 07:52:00,20,32,17.8,88,-6.3,1020.8,0.0,0.0,2,1208.7,0
2011-01-28 08:12:00,20,32,18.1,88,-5.9,1021.0,0,0,0,1208.7,0
2011-01-28 08:32:00,20,33,18.6,87,-5.8,1021.0,0,0,0,1208.7,0
2011-01-28 08:52:00,20,33,19.1,87,-5.4,1021.1,0,0,0,1208.7,0
2011-01-28 09:12:00,20,32,19.5,86,-4.7,1021.3,0,0,0,1208.7,0
2011-01-28 09:32:00,20,33,19.8,85,-3.6,1021.1,0,0,4,1208.7,0
2011-01-28 09:52:00,20,32,20.1,84,-3.0,1021.2,0,0,0,1208.7,0
2011-01-28 10:12:00,20,31,20.4,83,-2.5,1021.3,0,0,0,1208.7,0
2011-01-28 10:32:00,20,31,20.6,80,-0.9,1021.2,0,0,0,1208.7,0
2011-01-28 10:52:00,20,31,20.7,73,1.9,1021.1,0,0,1,1208.7,0
2011-01-28 11:12:00,20,31,20.9,71,3.1,1020.9,0,0,0,1208.7,0
2011-01-28 11:32:00,20,31,20.8,66,3.8,1020.7,0,0,4,1209.0,0
2011-01-28 11:52:00,20,31,20.4,65,4.8,1020.6,0,0.3,2,1209.0,0
2011-01-28 12:12:00,20,31,20.1,61,5.0,1020.5,0.3,1.0,10,1209.0,0
2011-01-28 12:32:00,20,32,19.8,61,4.8,1020.3,0.3,1.0,8,1209.0,0
2011-01-28 12:52:00,20,32,19.6,60,4.7,1020.3,1.4,2.4,4,1209.0,0
2011-01-28 13:12:00,20,32,19.4,64,3.4,1020.3,0.3,1.4,12,1209.0,0
2011-01-28 13:32:00,20,32,19.2,63,3.1,1020.2,1.4,2.4,2,1209.0,0
2011-01-28 13:52:00,20,33,19.1,64,3.3,1020.2,0,0.7,0,1209.0,0
2011-01-28 14:12:00,20,33,19.0,66,2.5,1020.1,0,0,0,1209.0,0
2011-01-28 14:32:00,20,33,18.9,69,1.8,1020.1,0,0.7,1,1209.0,0
2011-01-28 14:52:00,20,33,18.9,71,1.2,1020.1,0.3,1.0,0,1209.0,0
2011-01-28 15:12:00,20,34,19.3,72,0.9,1020.0,0,0.7,0,1209.0,0
2011-01-28 15:32:00,20,33,19.8,73,0.7,1019.9,0,0,2,1209.0,0
2011-01-28 15:52:00,20,33,20.2,74,0.4,1019.8,0,0,0,1209.0,0
2011-01-28 16:12:00,20,32,20.5,75,0.2,1019.8,0,0,2,1209.0,0
2011-01-28 16:32:00,20,32,20.8,76,0,1020.0,0,0,2,1209.0,0
2011-01-28 16:52:00,20,31,21.0,77,-0.1,1020.0,0,0.3,6,1209.0,0
2011-01-28 17:12:00,20,31,21.2,77,-0.2,1020.1,0,0,2,1209.0,0
2011-01-28 17:32:00,20,31,21.4,78,-0.9,1020.1,0,0,2,1209.0,0
2011-01-28 17:52:00,20,30,21.5,79,-1.5,1019.9,0,0,2,1209.0,0
2011-01-28 18:12:00,20,30,21.5,80,-1.9,1019.9,0,0,4,1209.0,0
2011-01-28 18:32:00,20,30,21.3,81,-2.4,1020.0,0,0,2,1209.0,0
2011-01-28 18:52:00,20,30,21.0,81,-2.8,1019.9,0,0,2,1209.0,0
2011-01-28 19:12:00,20,30,20.7,82,-3.1,1019.8,0,0,2,1209.0,0
2011-01-28 19:32:00,20,30,20.4,83,-3.3,1019.9,0,0,2,1209.0,0
2011-01-28 19:52:00,20,31,20.2,83,-3.5,1019.9,0,0,2,1209.0,0
2011-01-28 20:12:00,20,31,20.0,84,-3.6,1019.9,0,0,2,1209.0,0
2011-01-28 20:32:00,20,31,19.8,85,-3.8,1019.8,0,0,2,1209.0,0
2011-01-28 20:52:00,20,31,19.7,85,-4.0,1019.6,0,0,2,1209.0,0
2011-01-28 21:12:00,20,32,19.6,85,-4.4,1019.5,0,0,2,1209.0,0
2011-01-28 21:32:00,20,32,19.5,86,-4.5,1019.4,0,0,2,1209.0,0
2011-01-28 21:52:00,20,32,19.4,86,-4.8,1019.2,0,0,2,1209.0,0
2011-01-28 22:12:00,20,32,19.2,86,-5.2,1019.2,0,0,2,1209.0,0
2011-01-28 22:32:00,20,32,19.1,86,-5.3,1019.2,0,0,2,1209.0,0
2011-01-28 22:52:00,20,32,18.9,86,-5.5,1019.0,0,0,2,1209.0,0
2011-01-28 23:12:00,20,32,18.8,86,-5.6,1018.9,0,0,2,1209.0,0
2011-01-28 23:32:00,20,33,18.6,86,-5.7,1018.9,0,0,2,1209.0,0
2011-01-28 23:52:00,20,33,18.3,86,-6.0,1018.8,0,0,2,1209.0,0
