2019-06-11 00:01:00,3,52,26.3,99,19.8,1004.7,0,0.3,10,1272.9,0
2019-06-11 00:04:00,3,52,26.3,99,19.8,1004.9,0,0.3,10,1272.9,0
2019-06-11 00:07:00,3,52,26.3,99,19.8,1005.0,0.3,0.7,8,1272.9,0
2019-06-11 00:10:00,3,52,26.3,99,19.9,1005.0,0,0,6,1272.9,0
2019-06-11 00:13:00,3,52,26.3,99,19.9,1005.0,1.4,1.7,6,1272.9,0
2019-06-11 00:16:00,3,52,26.3,99,20.0,1004.9,0.7,1.0,4,1272.9,0
2019-06-11 00:19:00,3,52,26.3,99,20.0,1004.8,0,0,4,1272.9,0
2019-06-11 00:22:00,3,52,26.3,99,20.0,1004.8,0,0.3,8,1273.2,0
2019-06-11 00:25:00,3,52,26.3,99,20.0,1004.8,0,0,12,1273.2,0
2019-06-11 00:28:00,3,52,26.3,99,20.1,1004.6,0,0.3,14,1273.2,0
2019-06-11 00:31:00,3,52,26.3,99,20.1,1004.7,0,0.7,14,1273.2,0
2019-06-11 00:34:00,3,53,26.3,99,20.1,1004.7,0,0,8,1273.2,0
2019-06-11 00:37:00,3,53,26.3,99,20.1,1004.5,0,0,0,1273.2,0
2019-06-11 00:40:00,3,53,26.3,99,20.1,1004.5,0,0,0,1273.2,0
2019-06-11 00:43:00,3,53,26.3,99,20.0,1004.5,0,0,8,1273.2,0
2019-06-11 00:46:00,3,53,26.3,99,20.0,1004.3,0,0,0,1273.2,0
2019-06-11 00:49:00,3,53,26.3,99,20.0,1004.2,0,0,2,1273.2,0
2019-06-11 00:52:00,3,53,26.3,99,20.0,1004.4,0,0,2,1273.2,0
2019-06-11 00:55:00,3,53,26.3,99,20.0,1004.3,0,0,0,1273.2,0
2019-06-11 00:58:00,3,53,26.3,99,20.0,1004.1,0,0,0,1273.2,0
2019-06-11 01:01:00,3,53,26.2,99,19.9,1004.2,0,0,0,1273.2,0
2019-06-11 01:04:00,3,53,26.3,99,19.9,1004.2,0,0,0,1273.2,0
2019-06-11 01:07:00,3,53,26.3,99,19.8,1004.2,0,0,0,1273.2,0
2019-06-11 01:10:00,3,53,26.3,99,19.8,1004.2,0,0,12,1273.2,0
2019-06-11 01:13:00,3,53,26.2,99,19.7,1004.2,0,0,12,1273.2,0
2019-06-11 01:16:00,3,53,26.2,99,19.7,1004.2,0,0,14,1273.2,0
2019-06-11 01:19:00,3,53,26.2,99,19.7,1004.3,0,0,0,1273.2,0
2019-06-11 01:22:00,3,53,26.2,99,19.7,1004.2,0,0,8,1273.2,0
2019-06-11 01:25:00,3,53,26.2,99,19.7,1004.2,0,0,0,1273.2,0
2019-06-11 01:28:00,3,53,26.2,99,19.6,1004.1,0,0,0,1273.2,0
2019-06-11 01:31:00,3,53,26.2,99,19.6,1004.0,0,0,0,1273.2,0
2019-06-11 01:34:00,3,53,26.2,99,19.6,1003.9,0,0,0,1273.2,0
2019-06-11 01:37:00,3,53,26.2,99,19.5,1004.0,0,0,10,1273.2,0
2019-06-11 01:40:00,3,53,26.2,99,19.5,1004.0,0,0,0,1273.2,0
2019-06-11 01:43:00,3,53,26.2,99,19.5,1004.1,0,0,0,1273.2,0
2019-06-11 01:46:00,3,53,26.2,99,19.5,1004.0,0,0,10,1273.2,0
2019-06-11 01:49:00,3,53,26.2,99,19.5,1004.0,0,0,8,1273.2,0
2019-06-11 01:52:00,3,53,26.2,99,19.5,1004.0,0,0,6,1273.2,0
2019-06-11 01:55:00,3,54,26.2,99,19.5,1004.0,0.7,1.0,6,1273.2,0
2019-06-11 01:58:00,3,54,26.2,99,19.5,1003.9,0.3,0.7,8,1273.2,0
2019-06-11 02:01:00,3,54,26.2,99,19.5,1004.0,0.3,0.7,8,1273.2,0
2019-06-11 02:04:00,3,54,26.2,99,19.5,1003.9,0.3,0.7,8,1273.2,0
2019-06-11 02:07:00,3,54,26.2,99,19.4,1003.9,0.3,1.0,8,1273.2,0
2019-06-11 02:10:00,3,54,26.2,99,19.4,1003.8,0.3,0.7,4,1273.2,0
2019-06-11 02:13:00,3,54,26.2,99,19.3,1003.8,0.3,0.7,8,1273.2,0
2019-06-11 02:16:00,3,54,26.2,99,19.2,1003.7,0,0,0,1273.2,0
2019-06-11 02:19:00,3,54,26.2,99,19.1,1003.7,1.0,1.4,2,1273.2,0
2019-06-11 02:22:00,3,54,26.2,99,19.1,1003.6,0,0,0,1273.2,0
2019-06-11 02:25:00,3,54,26.2,99,19.0,1003.5,0.3,0.7,0,1273.2,0
2019-06-11 02:28:00,3,54,26.2,99,19.0,1003.5,0,0,0,1273.2,0
2019-06-11 02:31:00,3,54,26.2,99,18.9,1003.4,0.3,0.7,10,1273.2,0
2019-06-11 02:34:00,3,54,26.2,99,18.8,1003.6,0,0.3,6,1273.2,0
2019-06-11 02:37:00,3,54,26.2,99,18.8,1003.5,0,0,0,1273.2,0
2019-06-11 02:40:00,3,54,26.2,99,18.7,1003.5,0,0,4,1273.2,0
2019-06-11 02:43:00,3,54,26.2,99,18.7,1003.6,0,0,2,1273.2,0
2019-06-11 02:46:00,3,54,26.2,99,18.6,1003.7,0,0,4,1273.2,0
2019-06-11 02:49:00,3,54,26.2,99,18.5,1003.6,0,0.3,14,1273.2,0
2019-06-11 02:52:00,3,54,26.2,99,18.5,1003.7,0,0.3,10,1273.2,0
2019-06-11 02:55:00,3,54,26.2,99,18.4,1003.7,0,0,2,1273.2,0
2019-06-11 02:58:00,3,54,26.2,99,18.4,1003.7,0,0,2,1273.2,0
2019-06-11 03:01:00,3,54,26.2,99,18.3,1003.8,0,0,8,1273.2,0
2019-06-11 03:04:00,3,54,26.2,99,18.2,1003.9,0,0,0,1273.2,0
2019-06-11 03:07:00,3,54,26.2,99,18.2,1003.9,0,0,0,1273.2,0
2019-06-11 03:10:00,3,54,26.2,99,18.2,1004.0,0,0,12,1273.2,0
2019-06-11 03:13:00,3,54,26.2,99,18.1,1004.0,0,0,14,1273.2,0
2019-06-11 03:16:00,3,54,26.2,99,18.1,1004.0,0,0,0,1273.2,0
2019-06-11 03:19:00,3,54,26.2,99,18.1,1004.0,0,0,0,1273.2,0
2019-06-11 03:22:00,3,54,26.2,99,18.0,1004.1,0,0,10,1273.2,0
2019-06-11 03:25:00,3,54,26.2,99,18.0,1004.1,0,0,8,1273.2,0
2019-06-11 03:28:00,3,54,26.2,99,18.0,1004.1,0,0,2,1273.2,0
2019-06-11 03:31:00,3,54,26.2,99,18.0,1004.0,0,0,0,1273.2,0
2019-06-11 03:34:00,3,54,26.2,99,18.0,1004.1,0,0,4,1273.2,0
2019-06-11 03:37:00,3,54,26.2,99,18.0,1004.1,0,0,14,1273.2,0
2019-06-11 03:40:00,3,54,26.2,99,18.0,1004.1,0,0,4,1273.2,0
2019-06-11 03:43:00,3,54,26.2,99,18.0,1004.1,0,0,4,1273.2,0
2019-06-11 03:46:00,3,54,26.2,99,17.9,1004.1,0,0,2,1273.2,0
2019-06-11 03:49:00,3,54,26.2,99,17.9,1004.2,0,0,4,1273.2,0
2019-06-11 03:52:00,3,54,26.2,99,17.9,1004.3,0,0.3,4,1273.2,0
2019-06-11 03:55:00,3,54,26.2,99,17.9,1004.3,0,0,2,1273.2,0
2019-06-11 03:58:00,3,54,26.2,99,17.9,1004.4,0,0,6,1273.2,0
2019-06-11 04:01:00,3,53,26.2,99,17.9,1004.4,0,0.3,7,1273.2,0
2019-06-11 04:04:00,3,53,26.2,99,17.9,1004.4,0,0.3,7,1273.2,0
2019-06-11 04:07:00,3,54,26.2,99,18.0,1004.3,0,0,0,1273.2,0
2019-06-11 04:10:00,3,53,26.2,99,18.0,1004.1,0.3,0.7,2,1273.2,0
2019-06-11 04:13:00,3,53,26.2,99,18.0,1004.2,0,0.3,2,1273.2,0
2019-06-11 04:16:00,3,53,26.2,99,18.1,1004.4,0.3,0.7,10,1273.2,0
2019-06-11 04:19:00,3,53,26.2,99,18.1,1004.4,0.3,0.7,9,1273.2,0
2019-06-11 04:22:00,3,53,26.2,99,18.2,1004.3,0,0.7,2,1273.2,0
2019-06-11 04:25:00,3,53,26.2,99,18.3,1004.2,0,0.3,14,1273.2,0
2019-06-11 04:28:00,3,53,26.2,99,18.3,1004.2,0.3,0.7,2,1273.2,0
2019-06-11 04:31:00,3,53,26.2,99,18.4,1004.2,0,0.3,10,1273.2,0
2019-06-11 04:34:00,3,53,26.2,99,18.6,1004.5,0,0,4,1273.2,0
2019-06-11 04:37:00,3,53,26.2,99,18.8,1004.4,0,0,6,1273.2,0
2019-06-11 04:40:00,3,53,26.2,99,19.1,1004.4,0,0.3,2,1273.2,0
2019-06-11 04:43:00,3,53,26.2,99,19.2,1004.4,0.3,0.7,2,1273.2,0
2019-06-11 04:46:00,3,53,26.2,99,19.3,1004.6,0.3,0.7,4,1273.2,0
2019-06-11 04:49:00,3,53,26.2,99,19.3,1004.4,1.4,1.7,4,1273.2,0
2019-06-11 04:52:00,3,53,26.2,99,19.2,1004.3,0.7,1.0,4,1273.2,0
2019-06-11 04:55:00,3,53,26.2,99,19.2,1004.4,0.3,0.7,10,1273.2,0
2019-06-11 04:58:00,3,53,26.2,99,19.1,1004.3,1.7,2.4,2,1273.2,0
2019-06-11 05:01:00,3,53,26.2,98,19.1,1004.3,0.7,1.0,2,1273.2,0
2019-06-11 05:04:00,3,53,26.2,97,19.2,1004.2,0,0.3,0,1273.2,0
2019-06-11 05:07:00,3,53,26.2,96,19.3,1004.3,0,0.3,8,1273.2,0
2019-06-11 05:10:00,3,53,26.2,96,19.3,1004.2,0.3,0.7,0,1273.2,0
2019-06-11 05:13:00,3,53,26.2,94,19.3,1004.3,1.4,1.7,2,1273.2,0
2019-06-11 05:16:00,3,53,26.2,93,19.4,1004.3,0.7,1.0,14,1273.2,0
2019-06-11 05:19:00,3,53,26.2,92,19.4,1004.3,1.0,1.7,4,1273.2,0
2019-06-11 05:22:00,3,53,26.2,90,19.3,1004.3,0.7,1.0,2,1273.2,0
2019-06-11 05:25:00,3,53,26.2,89,19.4,1004.3,1.0,1.7,4,1273.2,0
2019-06-11 05:28:00,3,53,26.2,88,19.5,1004.3,1.0,1.4,6,1273.2,0
2019-06-11 05:31:00,3,53,26.2,87,19.5,1004.3,0,0.3,0,1273.2,0
2019-06-11 05:34:00,3,53,26.2,87,19.7,1004.2,0.3,0.7,2,1273.2,0
2019-06-11 05:37:00,3,54,26.2,87,19.8,1004.0,0.7,1.4,0,1273.2,0
2019-06-11 05:40:00,3,54,26.2,86,20.0,1003.9,0.3,0.7,2,1273.2,0
2019-06-11 05:43:00,3,54,26.2,86,20.1,1004.0,0,0.7,0,1273.2,0
2019-06-11 05:46:00,3,53,26.2,86,20.2,1004.1,0.3,0.7,0,1273.2,0
2019-06-11 05:49:00,3,53,26.3,85,20.4,1004.3,0.7,1.0,4,1273.2,0
2019-06-11 05:52:00,3,53,26.5,85,20.6,1004.4,0.7,1.0,2,1273.2,0
2019-06-11 05:55:00,3,53,26.6,83,20.8,1004.4,1.4,1.7,4,1273.2,0
2019-06-11 05:58:00,3,52,26.7,82,21.0,1004.5,0.7,1.0,0,1273.2,0
2019-06-11 06:01:00,3,52,26.8,81,21.3,1004.6,0,0.3,0,1273.2,0
2019-06-11 06:04:00,3,52,26.8,81,21.3,1004.6,0,0.3,0,1273.2,0
2019-06-11 06:07:00,3,51,27.3,80,21.9,1004.7,1.0,1.4,4,1273.2,0
2019-06-11 06:10:00,3,51,27.3,77,22.1,1004.7,0,0.3,14,1273.2,0
2019-06-11 06:13:00,3,50,27.5,73,22.5,1004.8,0.7,0.7,2,1273.2,0
2019-06-11 06:16:00,3,50,27.6,72,22.7,1004.8,0.7,1.4,2,1273.2,0
2019-06-11 06:19:00,3,50,27.7,71,22.7,1004.8,0.3,0.7,7,1273.2,0
2019-06-11 06:22:00,3,50,27.8,70,22.9,1004.8,0.7,1.4,8,1273.2,0
2019-06-11 06:25:00,3,51,28.0,70,23.0,1004.9,1.0,1.7,8,1273.2,0
2019-06-11 06:28:00,3,51,28.1,69,23.0,1005.0,0.7,1.4,8,1273.2,0
2019-06-11 06:31:00,3,50,28.1,70,23.1,1005.1,0.7,1.0,10,1273.2,0
2019-06-11 06:34:00,3,50,28.2,69,23.5,1004.9,0.3,0.7,6,1273.2,0
2019-06-11 06:37:00,3,50,28.3,66,23.4,1004.9,0.7,1.0,2,1273.2,0
2019-06-11 06:40:00,3,50,28.4,67,23.4,1004.8,0.3,0.7,8,1273.2,0
2019-06-11 06:43:00,3,49,28.5,67,23.7,1004.8,0.3,0.7,10,1273.2,0
2019-06-11 06:46:00,3,50,28.5,67,24.1,1004.8,0,0.3,10,1273.2,0
2019-06-11 06:49:00,3,49,28.6,65,24.3,1004.7,1.0,1.4,10,1273.2,0
2019-06-11 06:52:00,3,48,28.6,65,24.3,1004.7,1.0,1.7,8,1273.2,0
2019-06-11 06:55:00,3,48,28.7,65,24.3,1004.6,1.4,2.0,8,1273.2,0
2019-06-11 06:58:00,3,48,28.7,64,24.2,1004.6,1.4,2.0,8,1273.2,0
2019-06-11 07:01:00,3,48,28.8,64,24.1,1004.7,0.7,1.0,8,1273.2,0
2019-06-11 07:04:00,3,48,28.9,64,24.1,1004.7,1.0,1.4,5,1273.2,0
2019-06-11 07:07:00,3,47,28.9,65,24.0,1004.5,0.3,0.7,0,1273.2,0
2019-06-11 07:10:00,3,46,29.0,66,24.2,1004.5,1.4,1.7,14,1273.2,0
2019-06-11 07:13:00,3,46,29.0,65,24.3,1004.6,0.3,0.7,0,1273.2,0
2019-06-11 07:16:00,3,47,28.7,64,24.5,1004.6,1.0,1.4,8,1273.2,0
2019-06-11 07:19:00,3,47,28.5,64,24.5,1004.5,1.4,1.7,7,1273.2,0
2019-06-11 07:22:00,3,48,28.3,64,24.5,1004.5,1.0,1.4,4,1273.2,0
2019-06-11 07:25:00,3,48,28.2,64,24.6,1004.6,1.4,1.7,4,1273.2,0
2019-06-11 07:28:00,3,49,28.1,63,24.6,1004.6,1.7,2.4,2,1273.2,0
2019-06-11 07:31:00,3,49,28.1,63,24.5,1004.5,0.3,1.0,0,1273.2,0
2019-06-11 07:34:00,3,50,28.0,65,24.7,1004.5,0,0.3,4,1273.2,0
2019-06-11 07:37:00,3,50,28.0,63,25.0,1004.4,2.4,2.7,2,1273.2,0
2019-06-11 07:40:00,3,49,27.8,63,24.9,1004.4,1.0,1.7,10,1273.2,0
2019-06-11 07:43:00,3,49,27.7,62,25.0,1004.6,1.7,2.4,4,1273.2,0
2019-06-11 07:46:00,3,49,27.7,63,25.0,1004.6,0,0.3,12,1273.2,0
2019-06-11 07:49:00,3,49,27.7,63,25.4,1004.5,0.3,1.0,4,1273.2,0
2019-06-11 07:52:00,3,49,27.6,61,25.6,1004.5,0.7,1.7,8,1273.2,0
2019-06-11 07:55:00,3,49,27.5,61,25.6,1004.4,1.4,2.0,8,1273.2,0
2019-06-11 07:58:00,3,49,27.5,60,25.6,1004.6,1.7,2.7,10,1273.2,0
2019-06-11 08:01:00,3,49,27.5,61,25.6,1004.7,1.7,2.7,10,1273.2,0
2019-06-11 08:04:00,3,49,27.4,61,25.6,1004.7,1.7,2.7,10,1273.2,0
2019-06-11 08:07:00,3,49,27.4,61,25.7,1004.7,0.7,1.4,6,1273.2,0
2019-06-11 08:10:00,3,49,27.3,60,25.6,1004.8,1.4,1.7,5,1273.2,0
2019-06-11 08:13:00,3,49,27.3,60,25.6,1004.8,0,0.3,2,1273.2,0
2019-06-11 08:16:00,3,49,27.3,60,25.9,1004.8,1.0,1.7,8,1273.2,0
2019-06-11 08:19:00,3,49,27.3,60,25.8,1004.8,1.0,1.7,8,1273.2,0
2019-06-11 08:22:00,3,49,27.3,60,25.6,1004.7,1.4,2.0,8,1273.2,0
2019-06-11 08:25:00,3,50,26.9,60,25.3,1004.8,2.4,2.7,8,1273.2,0
2019-06-11 08:28:00,3,50,26.9,62,25.1,1004.8,1.7,2.0,8,1273.2,0
2019-06-11 08:31:00,3,50,26.9,62,25.0,1004.7,2.0,2.4,8,1273.2,0
2019-06-11 08:34:00,3,50,26.9,62,25.1,1004.7,0.7,1.0,10,1273.2,0
2019-06-11 08:37:00,3,50,26.9,62,25.3,1004.8,1.0,1.7,7,1273.2,0
2019-06-11 08:40:00,3,50,26.9,61,25.5,1004.7,2.0,2.4,8,1273.2,0
2019-06-11 08:43:00,3,50,26.9,61,25.5,1004.7,1.4,2.4,8,1273.2,0
2019-06-11 08:46:00,3,50,26.8,62,25.7,1004.7,0.7,2.0,4,1273.2,0
2019-06-11 08:49:00,3,50,26.8,61,25.9,1004.8,1.7,2.4,10,1273.2,0
2019-06-11 08:52:00,3,50,26.8,61,26.0,1004.6,0.7,1.0,10,1273.2,0
2019-06-11 08:55:00,3,50,26.8,61,26.3,1004.7,0.7,1.4,14,1273.2,0
2019-06-11 08:58:00,3,50,26.8,61,26.5,1004.8,0.3,0.7,10,1273.2,0
2019-06-11 09:01:00,3,51,26.8,60,26.7,1004.6,0.7,1.0,8,1273.2,0
2019-06-11 09:04:00,3,50,26.7,61,26.7,1004.8,0.3,0.7,14,1273.2,0
2019-06-11 09:07:00,3,51,26.7,60,26.6,1004.8,0.7,1.4,6,1273.2,0
2019-06-11 09:10:00,3,51,26.7,60,26.1,1004.8,2.7,3.1,12,1273.2,0
2019-06-11 09:13:00,3,50,26.7,61,25.7,1004.7,1.7,3.1,10,1273.2,0
2019-06-11 09:16:00,3,51,26.6,62,25.6,1004.7,0.3,0.7,10,1273.2,0
2019-06-11 09:19:00,3,51,26.6,62,25.7,1004.7,0.7,1.0,4,1273.2,0
2019-06-11 09:22:00,3,51,26.6,62,25.7,1004.6,0.7,1.7,4,1273.2,0
2019-06-11 09:25:00,3,51,26.6,61,25.6,1004.6,1.4,1.7,7,1273.2,0
2019-06-11 09:28:00,3,51,26.6,61,25.8,1004.6,1.0,1.4,8,1273.2,0
2019-06-11 09:31:00,3,51,26.6,61,25.9,1004.5,1.0,1.4,12,1273.2,0
2019-06-11 09:34:00,3,51,26.6,61,26.1,1004.3,1.7,2.0,8,1273.2,0
2019-06-11 09:37:00,3,51,26.6,62,26.5,1004.4,1.0,1.7,8,1273.2,0
2019-06-11 09:40:00,3,51,26.5,60,26.8,1004.4,1.7,2.4,6,1273.2,0
2019-06-11 09:43:00,3,51,26.5,60,26.6,1004.5,1.7,2.0,14,1273.2,0
2019-06-11 09:46:00,3,51,26.6,60,26.6,1004.5,1.4,1.7,4,1273.2,0
2019-06-11 09:49:00,3,51,26.6,61,26.6,1004.4,1.7,2.0,12,1273.2,0
2019-06-11 09:52:00,3,51,26.5,60,26.9,1004.4,1.0,1.4,14,1273.2,0
2019-06-11 09:55:00,3,51,26.5,60,27.1,1004.4,0,0,14,1273.2,0
2019-06-11 09:58:00,3,51,26.5,60,27.4,1004.6,0.7,1.0,8,1273.2,0
2019-06-11 10:01:00,3,51,26.6,55,27.6,1004.6,1.0,1.4,12,1273.2,0
2019-06-11 10:04:00,3,51,26.5,55,27.6,1004.5,1.0,1.4,12,1273.2,0
2019-06-11 10:07:00,3,51,26.5,55,27.8,1004.4,0.3,1.0,10,1273.2,0
2019-06-11 10:10:00,3,51,26.5,54,28.0,1004.3,0.7,1.4,8,1273.2,0
2019-06-11 10:13:00,3,51,26.5,54,28.2,1004.3,1.0,1.7,8,1273.2,0
2019-06-11 10:16:00,3,51,26.5,52,28.4,1004.2,1.4,1.7,6,1273.2,0
2019-06-11 10:19:00,3,51,26.5,51,28.3,1004.2,1.0,1.7,6,1273.2,0
2019-06-11 10:22:00,3,51,26.5,53,28.4,1004.2,1.0,1.7,8,1273.2,0
2019-06-11 10:25:00,3,51,26.5,52,28.4,1004.2,1.7,2.0,8,1273.2,0
2019-06-11 10:28:00,3,51,26.5,54,28.4,1004.2,0.7,1.0,14,1273.2,0
2019-06-11 10:31:00,3,51,26.5,53,28.5,1004.3,0.7,1.4,8,1273.2,0
2019-06-11 10:34:00,3,51,26.5,52,28.6,1004.4,1.4,2.4,10,1273.2,0
2019-06-11 10:37:00,3,51,26.5,53,28.4,1004.4,0.3,0.7,4,1273.2,0
2019-06-11 10:40:00,3,51,26.5,53,28.4,1004.3,1.7,2.4,6,1273.2,0
2019-06-11 10:43:00,3,51,26.5,53,28.3,1004.5,1.4,2.4,2,1273.2,0
2019-06-11 10:46:00,3,51,26.5,53,28.2,1004.5,2.4,3.7,10,1273.2,0
2019-06-11 10:49:00,3,51,26.5,54,28.0,1004.5,1.4,1.7,2,1273.2,0
2019-06-11 10:52:00,3,51,26.5,53,28.1,1004.3,1.7,2.7,2,1273.2,0
2019-06-11 10:55:00,3,51,26.7,53,27.8,1004.4,1.7,2.7,10,1273.2,0
2019-06-11 10:58:00,3,51,26.7,54,27.6,1004.4,1.0,1.7,12,1273.2,0
2019-06-11 11:01:00,3,51,26.6,55,27.9,1004.4,1.7,3.4,10,1273.2,0
2019-06-11 11:04:00,3,51,26.8,53,27.7,1004.5,2.0,2.7,12,1273.2,0
2019-06-11 11:07:00,3,51,26.8,54,27.5,1004.5,0.7,1.4,0,1273.2,0
2019-06-11 11:10:00,3,51,26.8,59,27.3,1004.4,1.4,1.7,8,1273.2,0
2019-06-11 11:13:00,3,51,26.8,55,27.6,1004.4,2.4,3.4,8,1273.2,0
2019-06-11 11:16:00,3,51,26.9,54,27.8,1004.4,2.0,2.4,12,1273.2,0
2019-06-11 11:19:00,3,51,26.9,53,27.7,1004.5,3.1,4.8,8,1273.2,0
2019-06-11 11:22:00,3,51,26.9,53,27.5,1004.4,2.7,4.1,8,1273.2,0
2019-06-11 11:25:00,3,51,26.9,59,27.4,1004.3,2.0,2.7,14,1273.2,0
2019-06-11 11:28:00,3,51,26.9,55,27.5,1004.4,1.4,1.7,12,1273.2,0
2019-06-11 11:31:00,3,51,26.9,55,27.6,1004.5,2.0,2.4,9,1273.2,0
2019-06-11 11:34:00,3,51,26.9,55,28.0,1004.5,1.4,2.4,2,1273.2,0
2019-06-11 11:37:00,3,51,26.9,55,28.1,1004.5,1.0,1.4,8,1273.2,0
2019-06-11 11:40:00,3,50,27.3,54,28.2,1004.5,1.0,1.4,10,1273.2,0
2019-06-11 11:43:00,3,50,27.3,54,28.1,1004.6,1.0,1.7,8,1273.2,0
2019-06-11 11:46:00,3,50,27.3,53,28.0,1004.7,1.0,1.7,5,1273.2,0
2019-06-11 11:49:00,3,50,27.3,55,28.0,1004.7,0.3,0.7,2,1273.2,0
2019-06-11 11:52:00,3,50,27.3,54,28.0,1004.8,3.1,3.7,8,1273.2,0
2019-06-11 11:55:00,3,50,27.3,54,27.8,1004.8,2.0,3.1,10,1273.2,0
2019-06-11 11:58:00,3,50,27.4,54,27.8,1004.7,1.0,1.4,12,1273.2,0
2019-06-11 12:01:00,3,50,27.4,54,28.0,1004.7,0,0.3,0,1273.2,0
2019-06-11 12:04:00,3,50,27.4,54,28.0,1004.7,0,0.3,0,1273.2,0
2019-06-11 12:07:00,3,50,27.5,52,28.9,1004.8,1.0,1.7,14,1273.2,0
2019-06-11 12:10:00,3,50,27.5,50,29.3,1004.7,2.0,3.1,10,1273.2,0
2019-06-11 12:13:00,3,50,27.5,51,29.5,1004.7,1.0,3.4,8,1273.2,0
2019-06-11 12:16:00,3,50,27.5,50,29.2,1004.7,1.7,2.4,6,1273.2,0
2019-06-11 12:19:00,3,50,27.5,50,28.9,1004.8,1.4,2.0,10,1273.2,0
2019-06-11 12:22:00,3,50,27.5,51,28.7,1004.8,0.7,1.0,11,1273.2,0
2019-06-11 12:25:00,3,50,27.5,51,28.6,1004.8,0.3,1.0,14,1273.2,0
2019-06-11 12:28:00,3,50,27.6,52,28.6,1004.8,1.4,2.0,10,1273.2,0
2019-06-11 12:31:00,3,50,27.6,52,28.6,1004.9,1.4,2.4,8,1273.2,0
2019-06-11 12:34:00,3,50,27.6,51,28.4,1004.9,1.0,1.7,7,1273.2,0
2019-06-11 12:37:00,3,50,27.6,51,28.2,1004.9,0.7,1.4,12,1273.2,0
2019-06-11 12:40:00,3,50,27.7,53,28.1,1004.8,1.0,1.7,10,1273.2,0
2019-06-11 12:43:00,3,50,27.7,53,28.0,1004.8,0.3,1.0,2,1273.2,0
2019-06-11 12:46:00,3,50,27.7,53,28.0,1004.9,0.7,1.4,12,1273.2,0
2019-06-11 12:49:00,3,50,27.7,53,28.1,1004.9,1.0,1.4,10,1273.2,0
2019-06-11 12:52:00,3,50,27.7,52,28.2,1005.0,0.3,0.7,10,1273.2,0
2019-06-11 12:55:00,3,50,27.7,52,28.2,1004.9,1.0,1.7,10,1273.2,0
2019-06-11 12:58:00,3,50,27.8,51,28.2,1004.9,1.4,2.0,8,1273.2,0
2019-06-11 13:01:00,3,50,27.8,52,28.2,1004.9,0.7,1.7,10,1273.2,0
2019-06-11 13:04:00,3,50,27.9,52,28.3,1004.8,1.0,1.7,12,1273.2,0
2019-06-11 13:07:00,3,50,27.9,52,28.3,1004.9,0.3,0.7,12,1273.2,0
2019-06-11 13:10:00,3,50,27.9,52,28.4,1004.7,1.0,1.7,14,1273.2,0
2019-06-11 13:13:00,3,50,27.9,53,28.4,1004.8,0.3,1.0,8,1273.2,0
2019-06-11 13:16:00,3,50,27.9,51,28.5,1004.8,1.0,1.4,6,1273.2,0
2019-06-11 13:19:00,3,50,27.9,52,28.7,1004.7,1.0,1.4,9,1273.2,0
2019-06-11 13:22:00,3,50,27.9,51,29.0,1004.7,1.0,1.4,4,1273.2,0
2019-06-11 13:25:00,3,50,27.9,50,29.0,1004.8,2.0,2.7,6,1273.2,0
2019-06-11 13:28:00,3,50,27.9,50,28.8,1004.7,1.0,1.4,14,1273.2,0
2019-06-11 13:31:00,3,50,27.9,50,29.1,1004.7,1.0,1.7,14,1273.2,0
2019-06-11 13:34:00,3,50,27.9,50,29.3,1004.9,1.0,1.7,10,1273.2,0
2019-06-11 13:37:00,3,51,28.1,49,29.7,1004.8,0.7,1.0,8,1273.2,0
2019-06-11 13:40:00,3,51,28.1,47,30.1,1004.7,2.0,2.4,4,1273.2,0
2019-06-11 13:43:00,3,51,28.0,47,30.2,1004.8,1.0,1.7,10,1273.2,0
2019-06-11 13:46:00,3,51,28.0,46,30.1,1004.6,1.0,1.7,8,1273.2,0
2019-06-11 13:49:00,3,51,28.1,46,30.1,1004.7,1.0,1.4,12,1273.2,0
2019-06-11 13:52:00,3,51,28.0,47,30.2,1004.8,0.7,1.0,10,1273.2,0
2019-06-11 13:55:00,3,51,28.1,45,30.2,1004.8,2.4,2.7,8,1273.2,0
2019-06-11 13:58:00,3,51,28.1,45,30.1,1004.8,1.7,2.0,8,1273.2,0
2019-06-11 14:01:00,3,51,28.1,45,29.9,1004.9,1.4,1.7,12,1273.2,0
2019-06-11 14:04:00,3,51,28.1,45,29.9,1004.8,1.4,1.7,12,1273.2,0
2019-06-11 14:07:00,3,51,28.1,45,29.9,1004.8,1.4,1.7,12,1273.2,0
2019-06-11 14:10:00,3,51,28.1,46,30.2,1004.8,1.0,1.7,4,1273.2,0
2019-06-11 14:13:00,3,51,28.1,44,30.2,1004.9,0.7,1.4,10,1273.2,0
2019-06-11 14:16:00,3,51,28.2,44,30.4,1004.9,1.4,2.0,8,1273.2,0
2019-06-11 14:19:00,3,51,28.2,44,30.3,1004.8,1.4,1.7,10,1273.2,0
2019-06-11 14:22:00,3,51,28.2,45,30.0,1004.8,1.4,2.0,8,1273.2,0
2019-06-11 14:25:00,3,51,28.2,46,29.5,1004.8,1.0,1.7,8,1273.2,0
2019-06-11 14:28:00,3,51,28.3,46,29.4,1004.8,0.3,0.7,6,1273.2,0
2019-06-11 14:31:00,3,51,28.3,48,29.5,1004.8,0.3,0.7,14,1273.2,0
2019-06-11 14:34:00,3,51,28.3,46,29.4,1004.8,0.7,1.0,12,1273.2,0
2019-06-11 14:37:00,3,51,28.3,48,29.3,1004.8,0.7,1.0,0,1273.2,0
2019-06-11 14:40:00,3,51,28.3,49,29.5,1004.8,0.7,1.0,14,1273.2,0
2019-06-11 14:43:00,3,51,28.3,48,29.8,1004.7,1.0,1.7,12,1273.2,0
2019-06-11 14:46:00,3,51,28.3,47,30.1,1004.7,0.3,0.7,14,1273.2,0
2019-06-11 14:49:00,3,51,28.4,46,30.3,1004.7,0.7,1.0,14,1273.2,0
2019-06-11 14:52:00,3,51,28.4,44,30.5,1004.8,1.0,1.4,12,1273.2,0
2019-06-11 14:55:00,3,51,28.4,46,30.5,1004.8,0.3,0.7,10,1273.2,0
2019-06-11 14:58:00,3,51,28.4,44,30.6,1004.8,1.0,1.7,12,1273.2,0
2019-06-11 15:01:00,3,51,28.5,45,30.4,1004.8,0.3,1.0,12,1273.2,0
2019-06-11 15:04:00,3,51,28.5,45,30.6,1004.8,0.3,1.0,6,1273.2,0
2019-06-11 15:07:00,3,51,28.5,44,30.8,1004.8,0.7,1.4,10,1273.2,0
2019-06-11 15:10:00,3,51,28.5,42,30.9,1004.7,1.0,1.4,12,1273.2,0
2019-06-11 15:13:00,3,51,28.5,43,30.8,1004.8,1.4,1.7,8,1273.2,0
2019-06-11 15:16:00,3,50,28.5,44,30.7,1004.8,0.7,1.0,8,1273.2,0
2019-06-11 15:19:00,3,50,28.5,44,30.8,1004.8,0.7,1.4,8,1273.2,0
2019-06-11 15:22:00,3,50,28.5,43,31.0,1004.9,1.0,1.4,10,1273.2,0
2019-06-11 15:25:00,3,50,28.6,44,31.2,1004.8,0.3,0.7,10,1273.2,0
2019-06-11 15:28:00,3,50,28.6,43,31.6,1004.7,0.7,1.0,8,1273.2,0
2019-06-11 15:31:00,3,50,28.6,43,31.9,1004.8,0.3,0.7,6,1273.2,0
2019-06-11 15:34:00,3,50,28.6,41,31.9,1004.8,1.0,1.4,6,1273.2,0
2019-06-11 15:37:00,3,50,28.6,41,31.6,1004.7,0.3,0.7,0,1273.2,0
2019-06-11 15:40:00,3,50,28.7,41,31.5,1004.7,0.3,0.7,5,1273.2,0
2019-06-11 15:43:00,3,50,28.7,42,31.5,1004.7,0.7,1.0,4,1273.2,0
2019-06-11 15:46:00,3,50,28.7,41,31.7,1004.7,1.7,2.4,8,1273.2,0
2019-06-11 15:49:00,3,50,28.7,41,31.7,1004.7,1.0,1.4,12,1273.2,0
2019-06-11 15:52:00,3,50,28.7,42,31.7,1004.7,0.7,1.0,10,1273.2,0
2019-06-11 15:55:00,3,50,28.7,42,31.6,1004.7,0.3,0.7,4,1273.2,0
2019-06-11 15:58:00,3,50,28.8,42,31.5,1004.6,0.7,1.0,12,1273.2,0
2019-06-11 16:01:00,3,50,28.8,42,31.3,1004.5,0.3,0.7,0,1273.2,0
2019-06-11 16:04:00,3,50,28.9,42,31.3,1004.7,0.3,0.7,0,1273.2,0
2019-06-11 16:07:00,3,50,28.9,42,31.3,1004.7,1.4,1.7,0,1273.2,0
2019-06-11 16:10:00,3,50,28.9,42,31.1,1004.7,0.7,1.0,4,1273.2,0
2019-06-11 16:13:00,3,50,28.9,42,31.0,1004.8,1.0,1.7,2,1273.2,0
2019-06-11 16:16:00,3,50,28.9,42,30.8,1004.8,1.0,1.4,2,1273.2,0
2019-06-11 16:19:00,3,50,28.9,43,30.6,1004.8,0.7,1.0,2,1273.2,0
2019-06-11 16:22:00,3,50,28.9,44,30.4,1004.8,1.0,1.4,0,1273.2,0
2019-06-11 16:25:00,3,50,28.9,46,29.8,1004.7,0.7,1.0,0,1273.2,0
2019-06-11 16:28:00,3,50,28.9,46,29.5,1004.8,1.4,1.7,0,1273.2,0
2019-06-11 16:31:00,3,49,29.0,47,29.4,1004.8,0.3,0.7,14,1273.2,0
2019-06-11 16:34:00,3,49,29.1,47,29.4,1004.8,1.0,1.4,0,1273.2,0
2019-06-11 16:37:00,3,49,29.1,46,29.6,1004.8,1.0,1.4,14,1273.2,0
2019-06-11 16:40:00,3,49,29.1,45,29.8,1004.7,1.0,1.4,14,1273.2,0
2019-06-11 16:43:00,3,49,29.1,46,29.8,1004.7,0.7,1.4,12,1273.2,0
2019-06-11 16:46:00,3,49,29.1,49,29.9,1004.7,1.4,2.0,13,1273.2,0
2019-06-11 16:49:00,3,49,29.1,50,29.4,1004.6,1.0,2.0,12,1273.2,0
2019-06-11 16:52:00,3,49,29.1,51,29.1,1004.6,0.7,1.4,1,1273.2,0
2019-06-11 16:55:00,3,49,29.1,51,28.9,1004.7,0.3,0.7,0,1273.2,0
2019-06-11 16:58:00,3,49,29.1,52,28.9,1004.6,1.4,2.0,12,1273.2,0
2019-06-11 17:01:00,3,49,29.1,52,28.7,1004.6,1.4,2.0,14,1273.2,0
2019-06-11 17:04:00,3,49,29.1,52,28.7,1004.7,1.7,2.0,14,1273.2,0
2019-06-11 17:07:00,3,49,29.1,52,28.6,1004.6,1.0,1.4,0,1273.2,0
2019-06-11 17:10:00,3,49,29.1,52,28.7,1004.7,1.4,1.7,0,1273.2,0
2019-06-11 17:13:00,3,49,29.1,52,28.9,1004.7,0.3,0.7,14,1273.2,0
2019-06-11 17:16:00,3,49,29.1,52,29.0,1004.6,1.4,1.7,15,1273.2,0
2019-06-11 17:19:00,3,49,29.1,51,29.0,1004.7,1.0,1.7,0,1273.2,0
2019-06-11 17:22:00,3,49,29.1,51,29.0,1004.6,0.3,0.7,14,1273.2,0
2019-06-11 17:25:00,3,49,29.1,51,29.0,1004.6,0.7,1.0,1,1273.2,0
2019-06-11 17:28:00,3,49,29.3,51,28.9,1004.8,1.7,2.0,0,1273.2,0
2019-06-11 17:31:00,3,49,29.3,51,28.9,1004.7,1.0,1.4,0,1273.2,0
2019-06-11 17:34:00,3,49,29.3,51,28.8,1004.6,1.0,1.7,12,1273.2,0
2019-06-11 17:37:00,3,49,29.3,51,28.7,1004.7,1.4,1.7,0,1273.2,0
2019-06-11 17:40:00,3,49,29.3,51,28.6,1004.7,1.0,1.4,15,1273.2,0
2019-06-11 17:43:00,3,49,29.3,51,28.7,1004.7,1.0,1.4,14,1273.2,0
2019-06-11 17:46:00,3,49,29.3,52,28.8,1004.7,0.3,0.7,0,1273.2,0
2019-06-11 17:49:00,3,49,29.3,52,29.0,1004.8,0,0.7,14,1273.2,0
2019-06-11 17:52:00,3,49,29.3,51,28.9,1004.8,1.0,1.7,0,1273.2,0
2019-06-11 17:55:00,3,49,29.3,51,28.7,1004.8,0.7,1.0,0,1273.2,0
2019-06-11 17:58:00,3,49,29.3,52,28.4,1004.9,1.7,2.7,13,1273.2,0
2019-06-11 18:01:00,3,49,29.3,52,28.2,1004.8,1.4,1.7,14,1273.2,0
2019-06-11 18:04:00,3,49,29.3,52,28.2,1004.7,1.4,1.7,14,1273.2,0
2019-06-11 18:07:00,3,49,29.3,54,27.6,1004.7,0.7,1.0,0,1273.2,0
2019-06-11 18:10:00,3,49,29.3,54,27.5,1004.6,0.7,1.0,14,1273.2,0
2019-06-11 18:13:00,3,49,29.3,59,27.3,1004.5,1.7,2.4,0,1273.2,0
2019-06-11 18:16:00,3,49,29.3,60,27.1,1004.5,0.7,1.4,12,1273.2,0
2019-06-11 18:19:00,3,49,29.3,60,27.1,1004.5,0.3,0.7,14,1273.2,0
2019-06-11 18:22:00,3,49,29.3,60,27.0,1004.5,1.7,2.7,14,1273.2,0
2019-06-11 18:25:00,3,49,29.3,60,26.9,1004.6,0.7,1.0,14,1273.2,0
2019-06-11 18:28:00,3,49,29.3,61,26.8,1004.7,0.7,1.0,14,1273.2,0
2019-06-11 18:31:00,3,49,29.3,61,26.8,1004.6,1.0,1.4,2,1273.2,0
2019-06-11 18:34:00,3,49,29.3,61,26.7,1004.6,1.4,2.0,0,1273.2,0
2019-06-11 18:37:00,3,49,29.3,61,26.6,1004.5,0.7,1.0,14,1273.2,0
2019-06-11 18:40:00,3,49,29.3,61,26.6,1004.5,0.7,1.4,14,1273.2,0
2019-06-11 18:43:00,3,49,29.3,61,26.6,1004.3,1.4,2.0,0,1273.2,0
2019-06-11 18:46:00,3,49,29.3,62,26.6,1004.2,1.4,2.0,2,1273.2,0
2019-06-11 18:49:00,3,49,29.3,62,26.5,1004.2,1.0,1.7,0,1273.2,0
2019-06-11 18:52:00,3,49,29.3,62,26.4,1004.3,1.0,1.7,0,1273.2,0
2019-06-11 18:55:00,3,50,29.3,63,26.4,1004.2,0.7,1.4,2,1273.2,0
2019-06-11 18:58:00,3,50,29.3,62,26.3,1004.4,1.7,3.7,0,1273.2,0
2019-06-11 19:01:00,3,50,29.3,63,26.2,1004.3,1.4,1.7,0,1273.2,0
2019-06-11 19:04:00,3,50,29.3,63,26.2,1004.5,1.0,1.4,0,1273.2,0
2019-06-11 19:07:00,3,50,29.3,63,26.1,1004.4,1.7,2.0,0,1273.2,0
2019-06-11 19:10:00,3,50,29.1,63,26.0,1004.3,0.7,1.4,0,1273.2,0
2019-06-11 19:13:00,3,51,29.1,64,26.0,1004.3,1.0,1.4,0,1273.2,0
2019-06-11 19:16:00,3,51,29.1,64,25.9,1004.3,1.0,1.7,0,1273.2,0
2019-06-11 19:19:00,3,51,29.1,64,25.8,1004.3,1.0,1.7,2,1273.2,0
2019-06-11 19:22:00,3,51,29.1,65,25.7,1004.4,1.0,1.4,0,1273.2,0
2019-06-11 19:25:00,3,51,29.1,65,25.7,1004.4,0.7,1.0,14,1273.2,0
2019-06-11 19:28:00,3,51,29.0,65,25.6,1004.4,0.7,1.0,2,1273.2,0
2019-06-11 19:31:00,3,51,29.0,65,25.5,1004.5,1.4,2.0,2,1273.2,0
2019-06-11 19:34:00,3,51,29.0,65,25.5,1004.8,2.0,3.1,2,1273.2,0
2019-06-11 19:37:00,3,51,29.0,66,25.4,1004.4,2.0,2.7,0,1273.2,0
2019-06-11 19:40:00,3,51,29.0,70,25.0,1004.3,2.0,3.1,2,1273.8,0
2019-06-11 19:43:00,3,51,29.0,73,24.1,1004.1,2.7,3.7,0,1274.4,0
2019-06-11 19:46:00,3,52,29.0,77,23.2,1003.9,2.4,3.7,0,1275.0,0
2019-06-11 19:49:00,3,53,28.9,80,22.7,1004.2,1.7,2.4,14,1275.6,0
2019-06-11 19:52:00,3,53,28.9,84,22.4,1004.3,1.4,1.7,14,1276.5,0
2019-06-11 19:55:00,3,53,28.9,84,22.2,1004.7,1.0,1.4,12,1277.4,0
2019-06-11 19:58:00,3,54,28.9,87,22.1,1005.1,0.7,1.4,8,1277.7,0
2019-06-11 20:01:00,3,55,28.9,88,22.0,1005.5,0.3,0.7,10,1277.7,0
2019-06-11 20:04:00,3,55,28.8,88,22.0,1005.4,0.3,0.7,10,1277.7,0
2019-06-11 20:07:00,3,55,28.7,88,22.0,1005.0,0.3,0.7,10,1277.7,0
2019-06-11 20:10:00,3,55,28.7,92,21.6,1004.8,1.0,1.7,15,1279.5,0
2019-06-11 20:13:00,3,55,28.7,93,21.5,1004.3,1.0,1.7,12,1279.5,0
2019-06-11 20:16:00,3,55,28.7,93,21.5,1003.9,1.4,1.7,14,1279.8,0
2019-06-11 20:19:00,3,55,28.7,93,21.4,1003.5,1.7,2.0,12,1279.8,0
2019-06-11 20:22:00,3,55,28.6,94,21.3,1003.3,1.7,2.4,14,1280.1,0
2019-06-11 20:25:00,3,56,28.6,94,21.3,1003.7,0.7,1.0,0,1280.1,0
2019-06-11 20:28:00,3,56,28.6,95,21.2,1004.1,1.4,2.0,0,1280.1,0
2019-06-11 20:31:00,3,56,28.6,95,21.2,1004.0,0.7,1.0,0,1280.1,0
2019-06-11 20:34:00,3,56,28.6,96,21.2,1003.6,1.0,1.4,14,1280.1,0
2019-06-11 20:37:00,3,56,28.6,97,21.2,1003.7,1.4,2.0,14,1280.1,0
2019-06-11 20:40:00,3,56,28.6,97,21.2,1004.4,1.0,1.4,1,1280.4,0
2019-06-11 20:43:00,3,56,28.6,98,21.1,1005.2,1.7,2.0,10,1281.3,0
2019-06-11 20:46:00,3,56,28.5,98,21.2,1005.4,2.4,3.1,12,1281.9,0
2019-06-11 20:49:00,3,57,28.5,99,21.2,1005.2,2.0,2.4,12,1282.5,0
2019-06-11 20:52:00,3,57,28.5,99,21.2,1005.1,2.4,3.1,12,1283.1,0
2019-06-11 20:55:00,3,57,28.4,99,21.2,1005.6,1.4,1.7,10,1283.7,0
2019-06-11 20:58:00,3,58,28.4,99,21.1,1006.2,1.7,2.7,9,1285.2,0
2019-06-11 21:01:00,3,58,28.4,99,21.1,1006.6,2.4,4.8,6,1286.4,0
2019-06-11 21:04:00,3,57,28.3,99,20.9,1007.1,2.0,3.4,14,1289.7,0
2019-06-11 21:07:00,3,57,28.3,99,20.4,1007.6,3.4,5.4,10,1293.6,0
2019-06-11 21:10:00,3,57,28.3,97,19.4,1007.5,3.4,7.1,12,1298.1,0
2019-06-11 21:13:00,3,56,28.3,94,18.5,1007.1,2.0,2.7,13,1300.5,0
2019-06-11 21:16:00,3,55,28.3,93,18.0,1006.7,2.4,3.1,15,1301.4,0
2019-06-11 21:19:00,3,55,28.3,92,17.8,1006.4,5.1,7.5,0,1301.7,0
2019-06-11 21:22:00,3,56,28.3,92,17.6,1007.0,2.4,2.7,0,1303.8,0
2019-06-11 21:25:00,3,55,28.3,94,17.4,1006.3,0.7,1.4,2,1306.5,0
2019-06-11 21:28:00,3,55,28.3,95,17.4,1005.5,1.7,2.4,12,1308.6,0
2019-06-11 21:31:00,3,54,28.3,96,17.3,1004.8,2.4,3.4,14,1309.8,0
2019-06-11 21:34:00,3,54,28.3,97,17.3,1004.1,2.7,4.4,14,1310.1,0
2019-06-11 21:37:00,3,54,28.3,98,17.3,1003.7,2.0,3.1,14,1310.1,0
2019-06-11 21:40:00,3,54,28.3,99,17.4,1003.7,2.7,3.7,0,1310.4,0
2019-06-11 21:43:00,3,54,28.3,97,17.5,1003.6,2.4,4.1,0,1310.4,0
2019-06-11 21:46:00,3,54,28.3,98,17.5,1003.9,1.4,2.0,2,1310.4,0
2019-06-11 21:49:00,3,54,28.3,99,17.4,1003.9,0,0.3,0,1310.4,0
2019-06-11 21:52:00,3,53,28.3,99,17.4,1003.8,1.0,1.4,12,1310.4,0
2019-06-11 21:55:00,3,53,28.3,99,17.4,1003.7,0.7,1.0,12,1310.7,0
2019-06-11 21:58:00,3,53,28.3,99,17.5,1005.7,2.7,3.1,10,1310.7,0
