2018-04-23 00:01:59,3,37,23.6,67,17.3,1005.0,0,0,0,910.5,0
2018-04-23 00:04:59,3,37,23.6,67,17.3,1005.2,0,0,0,910.5,0
2018-04-23 00:07:59,3,37,23.6,69,16.9,1005.1,0,0,2,910.5,0
2018-04-23 00:10:59,3,37,23.6,70,16.8,1005.0,0,0,2,910.5,0
2018-04-23 00:13:59,3,37,23.5,70,16.7,1005.0,0,0,2,910.5,0
2018-04-23 00:16:59,3,37,23.5,70,16.6,1005.0,0,0,2,910.5,0
2018-04-23 00:19:59,3,37,23.5,70,16.5,1004.8,0,0,2,910.5,0
2018-04-23 00:22:59,3,37,23.5,70,16.4,1004.8,0,0,2,910.5,0
2018-04-23 00:25:59,3,37,23.5,71,16.2,1004.6,0,0,2,910.5,0
2018-04-23 00:28:59,3,37,23.5,71,16.2,1004.7,0,0,2,910.5,0
2018-04-23 00:31:59,3,37,23.4,71,16.1,1004.6,0,0,2,910.5,0
2018-04-23 00:34:59,3,37,23.4,72,16.0,1004.7,0,0,2,910.5,0
2018-04-23 00:37:59,3,37,23.4,72,16.0,1004.6,0,0,2,910.5,0
2018-04-23 00:40:59,3,37,23.4,72,15.9,1004.5,0,0,2,910.5,0
2018-04-23 00:43:59,3,37,23.4,72,15.8,1004.3,0,0,2,910.5,0
2018-04-23 00:46:59,3,37,23.4,72,15.8,1004.3,0,0,2,910.5,0
2018-04-23 00:49:59,3,37,23.4,73,15.8,1004.2,0,0,2,910.5,0
2018-04-23 00:52:59,3,37,23.4,73,15.7,1004.2,0,0,2,910.5,0
2018-04-23 00:55:59,3,37,23.4,73,15.6,1004.1,0,0,2,910.5,0
2018-04-23 00:58:59,3,37,23.4,73,15.6,1004.0,0,0,2,910.5,0
2018-04-23 01:01:59,3,37,23.4,73,15.6,1004.0,0,0,2,910.5,0
2018-04-23 01:04:59,3,37,23.4,74,15.5,1004.0,0,0,10,910.5,0
2018-04-23 01:07:59,3,37,23.4,74,15.5,1004.1,0,0,10,910.5,0
2018-04-23 01:10:59,3,37,23.4,74,15.5,1004.1,0,0,4,910.5,0
2018-04-23 01:13:59,3,37,23.4,74,15.5,1004.1,0,0,4,910.5,0
2018-04-23 01:16:59,3,37,23.4,74,15.5,1004.1,0,0,4,910.5,0
2018-04-23 01:19:59,3,37,23.4,75,15.5,1004.1,0,0,8,910.5,0
2018-04-23 01:22:59,3,37,23.4,75,15.5,1004.1,0,0,4,910.5,0
2018-04-23 01:25:59,3,37,23.4,75,15.6,1004.1,0,0,4,910.5,0
2018-04-23 01:28:59,3,37,23.3,75,15.5,1004.3,0,0,4,910.5,0
2018-04-23 01:31:59,3,37,23.3,75,15.5,1004.2,0,0,4,910.5,0
2018-04-23 01:34:59,3,37,23.4,75,15.5,1004.2,0,0,4,910.5,0
2018-04-23 01:37:59,3,37,23.3,76,15.4,1004.2,0.7,1.0,8,910.5,0
2018-04-23 01:40:59,3,37,23.3,76,15.5,1004.1,0,0,8,910.5,0
2018-04-23 01:43:59,3,38,23.3,77,15.5,1004.1,0,0,2,910.5,0
2018-04-23 01:46:59,3,38,23.3,76,15.5,1004.1,0,0,10,910.5,0
2018-04-23 01:49:59,3,38,23.3,76,15.5,1004.3,0,0,12,910.5,0
2018-04-23 01:52:59,3,38,23.3,76,15.5,1004.2,0,0,12,910.5,0
2018-04-23 01:55:59,3,38,23.3,77,15.5,1004.2,0,0,8,910.5,0
2018-04-23 01:58:59,3,38,23.3,77,15.5,1004.1,0.3,0.7,6,910.5,0
2018-04-23 02:01:59,3,38,23.3,77,15.6,1004.2,0,0,6,910.5,0
2018-04-23 02:04:59,3,38,23.3,77,15.6,1004.1,0,0,6,910.5,0
2018-04-23 02:07:59,3,38,23.3,77,15.7,1004.1,0,0.3,10,910.5,0
2018-04-23 02:10:59,3,38,23.3,78,15.7,1004.2,0,0.3,8,910.5,0
2018-04-23 02:13:59,3,38,23.3,77,15.7,1004.2,0,0.3,6,910.5,0
2018-04-23 02:16:59,3,38,23.3,77,15.7,1004.3,0,0,12,910.5,0
2018-04-23 02:19:59,3,38,23.3,77,15.7,1004.3,0,0,6,910.5,0
2018-04-23 02:22:59,3,38,23.3,77,15.7,1004.3,0,0,6,910.5,0
2018-04-23 02:25:59,3,38,23.2,77,15.6,1004.2,0,0,4,910.5,0
2018-04-23 02:28:59,3,38,23.2,78,15.6,1004.4,0,0,10,910.5,0
2018-04-23 02:31:59,3,38,23.2,78,15.5,1004.4,0,0,8,910.5,0
2018-04-23 02:34:59,3,38,23.2,78,15.5,1004.4,0,0,6,910.5,0
2018-04-23 02:37:59,3,38,23.2,78,15.4,1004.4,0,0,6,910.5,0
2018-04-23 02:40:59,3,38,23.2,78,15.3,1004.3,0,0,6,910.5,0
2018-04-23 02:43:59,3,38,23.1,79,15.2,1004.5,0,0,6,910.5,0
2018-04-23 02:46:59,3,38,23.1,79,15.2,1004.3,0,0,6,910.5,0
2018-04-23 02:49:59,3,38,23.1,80,15.0,1004.3,0,0,6,910.5,0
2018-04-23 02:52:59,3,38,23.1,80,14.9,1004.3,0,0,6,910.5,0
2018-04-23 02:55:59,3,38,23.1,80,14.8,1004.3,0,0,6,910.5,0
2018-04-23 02:58:59,3,38,23.1,80,14.7,1004.4,0,0,6,910.5,0
2018-04-23 03:01:59,3,38,23.1,80,14.6,1004.3,0,0,6,910.5,0
2018-04-23 03:04:59,3,38,23.1,80,14.6,1004.3,0,0,6,910.5,0
2018-04-23 03:07:59,3,38,23.1,81,14.4,1004.4,0,0,6,910.5,0
2018-04-23 03:10:59,3,38,23.1,81,14.3,1004.4,0,0,6,910.5,0
2018-04-23 03:13:59,3,38,23.1,81,14.2,1004.4,0,0,6,910.5,0
2018-04-23 03:16:59,3,38,23.1,81,14.1,1004.4,0,0,6,910.5,0
2018-04-23 03:19:59,3,38,23.1,81,14.0,1004.3,0,0,6,910.5,0
2018-04-23 03:22:59,3,38,23.1,81,13.9,1004.3,0,0,6,910.5,0
2018-04-23 03:25:59,3,38,23.1,82,13.8,1004.3,0,0,6,910.5,0
2018-04-23 03:28:59,3,38,23.1,82,13.7,1004.3,0,0,6,910.5,0
2018-04-23 03:31:59,3,38,23.1,82,13.6,1004.4,0,0,6,910.5,0
2018-04-23 03:34:59,3,38,23.1,82,13.5,1004.3,0,0,6,910.5,0
2018-04-23 03:37:59,3,38,23.1,82,13.4,1004.3,0,0,6,910.5,0
2018-04-23 03:40:59,3,38,23.1,83,13.3,1004.4,0,0,6,910.5,0
2018-04-23 03:43:59,3,38,23.0,83,13.2,1004.4,0,0,6,910.5,0
2018-04-23 03:46:59,3,38,23.0,83,13.2,1004.5,0,0,6,910.5,0
2018-04-23 03:49:59,3,38,23.0,83,13.1,1004.4,0,0,6,910.5,0
2018-04-23 03:52:59,3,38,23.0,83,13.0,1004.5,0,0,6,910.5,0
2018-04-23 03:55:59,3,38,23.0,84,13.0,1004.4,0,0,6,910.5,0
2018-04-23 03:58:59,3,38,23.0,84,12.9,1004.4,0,0,6,910.5,0
2018-04-23 04:01:59,3,38,23.0,84,12.9,1004.4,0,0,6,910.5,0
2018-04-23 04:04:59,3,38,23.0,84,12.9,1004.5,0,0,6,910.5,0
2018-04-23 04:07:59,3,38,23.0,85,12.8,1004.6,0,0,6,910.5,0
2018-04-23 04:10:59,3,38,23.0,85,12.8,1004.6,0,0,6,910.5,0
2018-04-23 04:13:59,3,38,23.0,85,12.7,1004.7,0,0,6,910.5,0
2018-04-23 04:16:59,3,38,23.0,85,12.7,1004.6,0,0,6,910.5,0
2018-04-23 04:19:59,3,38,23.0,85,12.7,1004.7,0,0,6,910.5,0
2018-04-23 04:22:59,3,38,23.0,85,12.7,1004.7,0,0,6,910.5,0
2018-04-23 04:25:59,3,38,23.0,86,12.7,1004.8,0,0,6,910.5,0
2018-04-23 04:28:59,3,38,23.0,86,12.7,1004.7,0,0,6,910.5,0
2018-04-23 04:31:59,3,38,23.0,86,12.8,1004.8,0,0,6,910.5,0
2018-04-23 04:34:59,3,38,22.9,86,12.8,1004.8,0,0,6,910.5,0
2018-04-23 04:37:59,3,38,22.9,86,12.8,1005.0,0,0,6,910.5,0
2018-04-23 04:40:59,3,38,22.9,86,12.9,1004.9,0,0,6,910.5,0
2018-04-23 04:43:59,3,38,22.9,86,13.0,1004.9,0,0,6,910.5,0
2018-04-23 04:46:59,3,38,22.9,86,13.0,1005.0,0,0,6,910.5,0
2018-04-23 04:49:59,3,38,22.9,86,13.1,1005.0,0,0,6,910.5,0
2018-04-23 04:52:59,3,39,22.9,86,13.3,1005.0,0,0,6,910.5,0
2018-04-23 04:55:59,3,39,22.9,87,13.5,1005.0,0,0,6,910.5,0
2018-04-23 04:58:59,3,39,22.9,87,13.6,1004.9,0,0,6,910.5,0
2018-04-23 05:01:59,3,39,22.9,87,13.8,1004.9,0,0,6,910.5,0
2018-04-23 05:04:59,3,39,22.9,86,14.0,1004.9,0,0,6,910.5,0
2018-04-23 05:07:59,3,39,22.9,86,14.2,1005.0,0,0,6,910.5,0
2018-04-23 05:10:59,3,39,22.9,86,14.3,1005.0,0,0,6,910.5,0
2018-04-23 05:13:59,3,40,22.9,85,14.5,1005.1,0.3,0.7,8,910.5,0
2018-04-23 05:16:59,3,40,23.0,84,14.8,1005.0,0.3,1.0,8,910.5,0
2018-04-23 05:19:59,3,41,23.0,83,15.0,1005.2,0.7,1.0,8,910.5,0
2018-04-23 05:22:59,3,41,23.1,82,15.1,1005.2,0.7,1.0,10,910.5,0
2018-04-23 05:25:59,3,42,23.1,81,15.3,1005.2,0,0,8,910.5,0
2018-04-23 05:28:59,3,42,23.2,80,15.4,1005.2,0.3,0.7,10,910.5,0
2018-04-23 05:31:59,3,42,23.3,80,15.5,1005.1,0,0.3,8,910.5,0
2018-04-23 05:34:59,3,42,23.3,79,15.7,1005.1,0.3,0.7,6,910.5,0
2018-04-23 05:37:59,3,42,23.4,79,15.8,1005.1,0.7,1.0,14,910.5,0
2018-04-23 05:40:59,3,42,23.4,78,15.9,1005.2,0.3,1.0,8,910.5,0
2018-04-23 05:43:59,3,42,23.4,78,15.9,1005.3,0.7,1.0,8,910.5,0
2018-04-23 05:46:59,3,42,23.4,78,16.0,1005.3,0,0,10,910.5,0
2018-04-23 05:49:59,3,42,23.5,78,16.1,1005.2,0,0,10,910.5,0
2018-04-23 05:52:59,3,42,23.6,78,16.3,1005.2,0,0.3,8,910.5,0
2018-04-23 05:55:59,3,42,23.6,77,16.5,1005.3,0.3,0.7,10,910.5,0
2018-04-23 05:58:59,3,42,23.6,77,16.7,1005.4,0,0,10,910.5,0
2018-04-23 06:01:59,3,42,23.7,77,16.9,1005.5,0.3,1.0,8,910.5,0
2018-04-23 06:04:59,3,42,23.8,77,16.9,1005.4,0.3,1.0,8,910.5,0
2018-04-23 06:07:59,3,42,23.8,74,17.2,1005.5,0.3,0.7,10,910.5,0
2018-04-23 06:10:59,3,42,23.8,73,17.2,1005.5,0.7,1.0,10,910.5,0
2018-04-23 06:13:59,3,42,23.9,73,17.2,1005.5,0.7,1.4,10,910.5,0
2018-04-23 06:16:59,3,41,24.1,73,17.1,1005.7,0.7,1.0,10,910.5,0
2018-04-23 06:19:59,3,41,24.1,73,17.0,1005.6,0,0,10,910.5,0
2018-04-23 06:22:59,3,41,24.1,73,16.9,1005.7,1.0,1.7,10,910.5,0
2018-04-23 06:25:59,3,41,24.1,73,16.8,1005.6,0.7,1.0,10,910.5,0
2018-04-23 06:28:59,3,41,24.1,73,16.7,1005.6,0.7,1.4,8,910.5,0
2018-04-23 06:31:59,3,41,24.1,73,16.7,1005.6,0.7,1.0,10,910.5,0
2018-04-23 06:34:59,3,41,24.2,74,16.7,1005.5,0.7,1.0,10,910.5,0
2018-04-23 06:37:59,3,41,24.4,74,16.7,1005.5,0,0.3,10,910.5,0
2018-04-23 06:40:59,3,41,24.4,74,16.7,1005.5,0.7,1.4,10,910.5,0
2018-04-23 06:43:59,3,41,24.4,74,16.7,1005.6,0.3,0.7,12,910.5,0
2018-04-23 06:46:59,3,41,24.4,74,16.7,1005.5,1.4,2.0,10,910.5,0
2018-04-23 06:49:59,3,41,24.4,74,16.8,1005.5,0.7,1.0,12,910.5,0
2018-04-23 06:52:59,3,41,24.4,74,16.8,1005.4,1.4,2.0,10,910.5,0
2018-04-23 06:55:59,3,41,24.4,74,16.8,1005.6,1.0,1.4,8,910.5,0
2018-04-23 06:58:59,3,41,24.4,74,16.9,1005.4,1.0,1.7,14,910.5,0
2018-04-23 07:01:59,3,41,24.4,73,16.9,1005.3,1.4,1.7,12,910.5,0
2018-04-23 07:04:59,3,41,24.4,74,16.9,1005.3,0.3,0.7,2,910.5,0
2018-04-23 07:07:59,3,41,24.4,74,17.0,1005.2,0,0.7,10,910.5,0
2018-04-23 07:10:59,3,41,24.4,74,17.1,1005.1,0.7,1.0,15,910.5,0
2018-04-23 07:13:59,3,41,24.5,73,17.2,1005.0,0,0.3,8,910.5,0
2018-04-23 07:16:59,3,41,24.5,73,17.4,1005.0,0.3,0.3,10,910.5,0
2018-04-23 07:19:59,3,41,24.4,70,17.5,1004.8,0.3,1.0,0,910.5,0
2018-04-23 07:22:59,3,41,24.2,70,17.6,1004.8,0.3,0.3,0,910.5,0
2018-04-23 07:25:59,3,41,24.1,71,18.0,1005.0,0,0.3,12,910.5,0
2018-04-23 07:28:59,3,41,24.1,70,18.6,1005.1,0.3,0.7,14,910.5,0
2018-04-23 07:31:59,3,41,24.1,68,19.0,1005.1,1.4,2.0,10,910.5,0
2018-04-23 07:34:59,3,42,24.0,66,19.3,1005.0,1.7,2.4,8,910.5,0
2018-04-23 07:37:59,3,42,24.0,65,19.7,1005.1,0.7,1.4,12,910.5,0
2018-04-23 07:40:59,3,43,23.9,63,20.0,1005.2,1.4,1.7,8,910.5,0
2018-04-23 07:43:59,3,43,23.8,63,20.2,1005.0,0.7,1.4,10,910.5,0
2018-04-23 07:46:59,3,43,23.8,62,20.4,1005.1,1.0,1.4,10,910.5,0
2018-04-23 07:49:59,3,43,23.8,62,20.7,1005.2,0.3,1.0,10,910.5,0
2018-04-23 07:52:59,3,43,23.8,61,21.0,1005.0,1.4,2.0,1,910.5,0
2018-04-23 07:55:59,3,43,23.7,60,21.0,1005.0,1.0,1.7,10,910.5,0
2018-04-23 07:58:59,3,43,23.7,60,21.1,1005.1,0.3,0.7,14,910.5,0
2018-04-23 08:01:59,3,43,23.7,60,21.2,1005.0,0.7,1.4,14,910.5,0
2018-04-23 08:04:59,3,43,23.7,60,21.2,1005.0,0.7,1.4,14,910.5,0
2018-04-23 08:07:59,3,43,23.6,60,21.3,1005.1,0.7,1.4,10,910.5,0
2018-04-23 08:10:59,3,43,23.6,59,21.5,1005.2,1.0,1.7,9,910.5,0
2018-04-23 08:13:59,3,43,23.6,58,21.6,1005.2,1.4,2.0,0,910.5,0
2018-04-23 08:16:59,3,43,23.6,58,21.6,1005.3,0.7,1.4,10,910.5,0
2018-04-23 08:19:59,3,44,23.6,58,21.6,1005.3,2.0,3.4,8,910.5,0
2018-04-23 08:22:59,3,44,23.6,58,21.4,1005.4,1.7,3.4,8,910.5,0
2018-04-23 08:25:59,3,44,23.6,58,21.0,1005.3,1.4,2.0,8,910.5,0
2018-04-23 08:28:59,3,44,23.5,60,20.8,1005.4,2.0,2.4,8,910.5,0
2018-04-23 08:31:59,3,44,23.4,60,20.6,1005.3,1.4,2.0,10,910.5,0
2018-04-23 08:34:59,3,44,23.4,61,20.5,1005.4,1.0,1.4,8,910.5,0
2018-04-23 08:37:59,3,44,23.4,62,20.5,1005.5,1.7,2.4,10,910.5,0
2018-04-23 08:40:59,3,44,23.4,61,20.4,1005.5,2.0,3.1,12,910.5,0
2018-04-23 08:43:59,3,44,23.4,62,20.2,1005.5,1.0,1.4,10,910.5,0
2018-04-23 08:46:59,3,44,23.4,62,20.1,1005.6,2.7,3.4,12,910.5,0
2018-04-23 08:49:59,3,45,23.3,62,20.2,1005.7,1.7,2.4,8,910.5,0
2018-04-23 08:52:59,3,45,23.3,61,20.3,1005.6,2.4,3.4,10,910.5,0
2018-04-23 08:55:59,3,45,23.3,61,20.7,1005.6,2.4,3.1,12,910.5,0
2018-04-23 08:58:59,3,45,23.3,60,20.9,1005.7,2.0,2.7,10,910.5,0
2018-04-23 09:01:59,3,45,23.3,57,21.0,1005.6,2.7,3.7,12,910.5,0
2018-04-23 09:04:59,3,45,23.2,57,20.7,1005.7,3.7,6.1,14,910.5,0
2018-04-23 09:07:59,3,45,23.2,58,20.5,1005.7,2.4,4.1,12,910.5,0
2018-04-23 09:10:59,3,45,23.2,59,20.3,1005.7,2.0,3.4,10,910.5,0
2018-04-23 09:13:59,3,45,23.2,60,20.4,1005.7,2.0,3.1,6,910.5,0
2018-04-23 09:16:59,3,45,23.1,60,20.5,1005.7,1.0,1.7,10,910.5,0
2018-04-23 09:19:59,3,45,23.1,60,20.6,1005.8,1.7,2.0,12,910.5,0
2018-04-23 09:22:59,3,45,23.1,60,20.5,1005.9,3.4,6.5,11,910.5,0
2018-04-23 09:25:59,3,45,23.1,60,20.3,1005.8,3.4,4.4,10,910.5,0
2018-04-23 09:28:59,3,45,23.1,60,20.0,1006.0,2.0,3.1,10,910.5,0
2018-04-23 09:31:59,3,45,23.1,62,19.9,1005.9,2.0,3.1,8,910.5,0
2018-04-23 09:34:59,3,45,23.1,62,19.8,1005.9,2.0,3.1,8,910.5,0
2018-04-23 09:37:59,3,46,23.1,62,19.7,1005.8,1.4,2.0,14,910.5,0
2018-04-23 09:40:59,3,46,23.1,63,19.5,1005.9,1.7,2.7,10,910.5,0
2018-04-23 09:43:59,3,46,23.0,64,19.5,1005.9,1.0,2.0,10,910.5,0
2018-04-23 09:46:59,3,46,23.0,64,19.3,1006.0,3.4,4.8,12,910.5,0
2018-04-23 09:49:59,3,46,23.0,67,19.2,1006.0,0.7,1.0,8,910.5,0
2018-04-23 09:52:59,3,46,23.0,67,19.2,1005.9,1.4,2.0,8,910.5,0
2018-04-23 09:55:59,3,46,23.0,67,19.2,1006.0,1.7,2.0,12,910.5,0
2018-04-23 09:58:59,3,46,23.0,67,19.1,1006.0,0.7,1.4,10,910.5,0
2018-04-23 10:01:59,3,46,23.0,66,19.0,1006.2,1.4,2.4,9,910.5,0
2018-04-23 10:04:59,3,46,23.0,66,19.0,1006.0,1.4,2.4,9,910.5,0
2018-04-23 10:07:59,3,46,23.0,65,18.7,1005.9,2.7,3.7,14,910.5,0
2018-04-23 10:10:59,3,46,23.0,66,18.6,1006.0,3.1,4.8,12,910.5,0
2018-04-23 10:13:59,3,46,23.0,68,18.4,1005.9,1.4,1.7,10,910.5,0
2018-04-23 10:16:59,3,46,23.0,70,18.2,1005.8,1.4,2.0,8,910.5,0
2018-04-23 10:19:59,3,46,23.0,70,18.2,1005.8,0.7,1.0,14,910.5,0
2018-04-23 10:22:59,3,46,23.0,70,18.2,1005.8,1.0,1.4,8,910.5,0
2018-04-23 10:25:59,3,46,23.0,70,18.3,1005.8,1.7,2.4,10,910.5,0
2018-04-23 10:28:59,3,46,23.0,70,18.4,1005.7,1.0,1.7,12,910.5,0
2018-04-23 10:31:59,3,46,23.0,70,18.5,1005.7,2.4,3.4,14,910.5,0
2018-04-23 10:34:59,3,46,23.0,70,18.5,1005.8,1.0,1.4,8,910.5,0
2018-04-23 10:37:59,3,46,23.0,70,18.7,1005.8,0.3,0.7,10,910.5,0
2018-04-23 10:40:59,3,46,23.0,70,18.9,1005.8,1.0,1.7,10,910.5,0
2018-04-23 10:43:59,3,46,23.0,70,19.1,1005.7,2.4,3.4,8,910.5,0
2018-04-23 10:46:59,3,46,23.0,69,19.2,1005.6,2.4,3.7,10,910.5,0
2018-04-23 10:49:59,3,46,23.0,67,19.1,1005.7,1.4,2.4,8,910.5,0
2018-04-23 10:52:59,3,46,23.0,68,18.9,1005.7,1.0,1.4,8,910.5,0
2018-04-23 10:55:59,3,46,23.0,68,18.7,1005.7,1.0,1.7,10,910.5,0
2018-04-23 10:58:59,3,45,23.0,68,18.7,1005.7,1.4,2.0,12,910.5,0
2018-04-23 11:01:59,3,45,23.0,68,18.7,1005.7,1.7,2.4,8,910.5,0
2018-04-23 11:04:59,3,45,23.0,67,18.8,1005.6,1.7,2.4,0,910.5,0
2018-04-23 11:07:59,3,45,23.0,67,19.1,1005.7,1.4,1.7,12,910.5,0
2018-04-23 11:10:59,3,45,23.0,66,19.6,1005.5,2.0,3.4,7,910.5,0
2018-04-23 11:13:59,3,45,23.0,65,20.0,1005.8,1.4,2.0,12,910.5,0
2018-04-23 11:16:59,3,45,23.0,64,20.4,1005.7,1.4,1.7,11,910.5,0
2018-04-23 11:19:59,3,45,23.0,63,20.9,1005.8,1.4,2.0,10,910.5,0
2018-04-23 11:22:59,3,45,23.0,62,21.0,1005.7,1.4,2.4,12,910.5,0
2018-04-23 11:25:59,3,45,23.0,61,21.2,1005.7,2.0,3.1,10,910.5,0
2018-04-23 11:28:59,3,45,23.0,61,21.3,1005.7,2.4,3.1,10,910.5,0
2018-04-23 11:31:59,3,45,23.0,61,21.2,1005.7,2.4,3.1,8,910.5,0
2018-04-23 11:34:59,3,45,23.0,61,21.2,1005.7,2.0,2.4,8,910.5,0
2018-04-23 11:37:59,3,44,23.0,60,21.1,1005.7,2.7,4.8,10,910.5,0
2018-04-23 11:40:59,3,44,23.1,61,21.0,1005.8,1.4,2.0,14,910.5,0
2018-04-23 11:43:59,3,44,23.1,61,21.1,1005.7,3.4,5.8,15,910.5,0
2018-04-23 11:46:59,3,45,23.1,61,21.2,1005.6,2.7,4.1,12,910.5,0
2018-04-23 11:49:59,3,45,23.1,61,21.5,1005.5,2.4,2.7,14,910.5,0
2018-04-23 11:52:59,3,45,23.1,61,21.6,1005.6,2.0,2.4,10,910.5,0
2018-04-23 11:55:59,3,45,23.1,60,21.8,1005.6,1.7,3.1,12,910.5,0
2018-04-23 11:58:59,3,45,23.1,60,21.9,1005.7,1.4,2.0,12,910.5,0
2018-04-23 12:01:59,3,45,23.1,60,22.0,1005.6,2.0,2.7,10,910.5,0
2018-04-23 12:04:59,3,45,23.1,60,22.0,1005.6,2.0,2.7,10,910.5,0
2018-04-23 12:07:59,3,45,23.1,57,22.2,1005.6,3.1,5.1,10,910.5,0
2018-04-23 12:10:59,3,45,23.1,58,22.0,1005.5,3.1,5.8,12,910.5,0
2018-04-23 12:13:59,3,45,23.2,58,21.9,1005.7,2.0,2.4,12,910.5,0
2018-04-23 12:16:59,3,45,23.2,59,21.8,1005.7,2.7,3.7,10,910.5,0
2018-04-23 12:19:59,3,45,23.3,59,21.6,1005.6,1.7,2.4,8,910.5,0
2018-04-23 12:22:59,3,45,23.3,60,21.7,1005.6,1.7,2.4,12,910.5,0
2018-04-23 12:25:59,3,45,23.3,59,21.8,1005.6,2.4,4.1,10,910.5,0
2018-04-23 12:28:59,3,45,23.3,59,21.6,1005.5,1.0,1.7,12,910.5,0
2018-04-23 12:31:59,3,45,23.3,60,21.8,1005.6,1.0,1.7,10,910.5,0
2018-04-23 12:34:59,3,45,23.3,59,22.0,1005.5,2.0,3.1,6,910.5,0
2018-04-23 12:37:59,3,45,23.4,57,21.9,1005.6,2.7,3.7,10,910.5,0
2018-04-23 12:40:59,3,45,23.4,57,21.7,1005.3,1.4,2.4,10,910.5,0
2018-04-23 12:43:59,3,45,23.4,60,21.6,1005.4,0,0.7,10,910.5,0
2018-04-23 12:46:59,3,45,23.4,60,21.8,1005.3,1.7,2.4,8,910.5,0
2018-04-23 12:49:59,3,45,23.4,59,21.9,1005.4,1.4,2.4,10,910.5,0
2018-04-23 12:52:59,3,45,23.4,58,22.0,1005.4,3.1,3.7,10,910.5,0
2018-04-23 12:55:59,3,45,23.4,58,21.8,1005.5,1.0,1.7,4,910.5,0
2018-04-23 12:58:59,3,44,23.4,58,21.6,1005.4,1.7,2.4,10,910.5,0
2018-04-23 13:01:59,3,44,23.5,58,21.4,1005.4,3.1,3.7,10,910.5,0
2018-04-23 13:04:59,3,44,23.5,60,21.2,1005.5,2.0,3.4,14,910.5,0
2018-04-23 13:07:59,3,44,23.5,57,21.0,1005.4,1.7,3.1,10,910.5,0
2018-04-23 13:10:59,3,44,23.6,55,20.9,1005.5,1.0,1.7,12,910.5,0
2018-04-23 13:13:59,3,44,23.6,55,20.9,1005.4,2.0,2.4,10,910.5,0
2018-04-23 13:16:59,3,44,23.6,54,21.0,1005.5,2.0,4.1,10,910.5,0
2018-04-23 13:19:59,3,44,23.6,53,21.3,1005.4,2.0,3.1,10,910.5,0
2018-04-23 13:22:59,3,44,23.6,52,21.5,1005.4,2.0,3.1,0,910.5,0
2018-04-23 13:25:59,3,44,23.6,53,21.5,1005.5,1.0,1.7,0,910.5,0
2018-04-23 13:28:59,3,44,23.6,52,21.5,1005.4,1.0,1.4,10,910.5,0
2018-04-23 13:31:59,3,44,23.6,51,21.7,1005.6,2.0,2.7,10,910.5,0
2018-04-23 13:34:59,3,44,23.6,51,21.8,1005.6,3.4,4.8,0,910.5,0
2018-04-23 13:37:59,3,44,23.6,51,21.7,1005.5,1.7,2.7,10,910.5,0
2018-04-23 13:40:59,3,44,23.6,51,21.6,1005.4,2.4,4.1,7,910.5,0
2018-04-23 13:43:59,3,44,23.7,51,21.5,1005.5,3.1,4.4,10,910.5,0
2018-04-23 13:46:59,3,44,23.7,51,21.5,1005.4,1.0,2.7,8,910.5,0
2018-04-23 13:49:59,3,44,23.7,51,21.6,1005.5,2.0,2.7,14,910.5,0
2018-04-23 13:52:59,3,44,23.7,51,21.8,1005.5,1.0,2.0,12,910.5,0
2018-04-23 13:55:59,3,44,23.7,51,22.0,1005.5,1.4,2.7,12,910.5,0
2018-04-23 13:58:59,3,44,23.7,50,22.1,1005.5,1.0,1.4,11,910.5,0
2018-04-23 14:01:59,3,44,23.7,50,22.1,1005.5,1.7,2.7,14,910.5,0
2018-04-23 14:04:59,3,44,23.7,50,22.1,1005.4,1.7,2.7,14,910.5,0
2018-04-23 14:07:59,3,44,23.7,50,22.0,1005.4,1.7,2.7,12,910.5,0
2018-04-23 14:10:59,3,44,23.7,49,22.0,1005.4,1.7,2.7,10,910.5,0
2018-04-23 14:13:59,3,44,23.8,50,22.1,1005.4,0.7,1.4,10,910.5,0
2018-04-23 14:16:59,3,44,23.8,50,22.3,1005.4,1.0,1.4,10,910.5,0
2018-04-23 14:19:59,3,44,23.8,49,22.3,1005.4,2.0,3.1,13,910.5,0
2018-04-23 14:22:59,3,44,23.8,49,22.2,1005.4,1.7,2.0,8,910.5,0
2018-04-23 14:25:59,3,44,23.8,50,22.0,1005.5,0.7,1.4,10,910.5,0
2018-04-23 14:28:59,3,44,23.8,50,21.8,1005.4,0.7,1.0,14,910.5,0
2018-04-23 14:31:59,3,44,23.8,48,21.7,1005.4,1.7,2.4,14,910.5,0
2018-04-23 14:34:59,3,44,23.8,48,21.6,1005.3,1.0,2.0,12,910.5,0
2018-04-23 14:37:59,3,44,23.8,47,21.4,1005.4,1.0,1.4,6,910.5,0
2018-04-23 14:40:59,3,44,23.8,47,21.4,1005.4,1.7,2.7,9,910.5,0
2018-04-23 14:43:59,3,44,23.8,46,21.3,1005.6,3.4,6.8,10,910.5,0
2018-04-23 14:46:59,3,44,23.8,47,21.1,1005.6,2.4,3.4,8,910.5,0
2018-04-23 14:49:59,3,44,23.8,47,21.0,1005.6,2.7,3.4,10,910.5,0
2018-04-23 14:52:59,3,43,23.8,47,20.9,1005.6,1.0,2.4,0,910.5,0
2018-04-23 14:55:59,3,43,23.8,48,21.0,1005.7,1.0,1.4,14,910.5,0
2018-04-23 14:58:59,3,43,23.8,49,21.3,1005.6,1.7,3.4,11,910.5,0
2018-04-23 15:01:59,3,43,23.9,46,21.4,1005.7,2.4,3.7,8,910.5,0
2018-04-23 15:04:59,3,42,24.0,45,21.1,1005.7,2.0,2.7,12,910.5,0
2018-04-23 15:07:59,3,43,23.9,46,21.1,1005.7,2.4,3.1,10,910.5,0
2018-04-23 15:10:59,3,42,24.0,47,21.0,1005.7,0.7,1.4,12,910.5,0
2018-04-23 15:13:59,3,42,24.0,45,21.1,1005.6,2.0,3.1,4,910.5,0
2018-04-23 15:16:59,3,42,24.0,45,21.5,1005.6,1.4,2.4,8,910.5,0
2018-04-23 15:19:59,3,42,24.0,42,21.9,1005.7,2.7,4.8,12,910.5,0
2018-04-23 15:22:59,3,42,24.0,40,21.9,1005.6,2.4,3.4,2,910.5,0
2018-04-23 15:25:59,3,42,24.0,41,22.0,1005.7,1.4,2.0,8,910.5,0
2018-04-23 15:28:59,3,42,24.0,40,22.1,1005.7,2.0,3.1,14,910.5,0
2018-04-23 15:31:59,3,42,24.1,37,22.0,1005.9,2.0,3.1,12,910.5,0
2018-04-23 15:34:59,3,42,24.1,36,21.9,1005.8,4.4,7.1,12,910.5,0
2018-04-23 15:37:59,3,42,24.1,39,21.8,1005.8,2.0,3.1,10,910.5,0
2018-04-23 15:40:59,3,42,24.1,39,21.7,1005.8,2.4,3.1,13,910.5,0
2018-04-23 15:43:59,3,42,24.1,40,21.5,1005.9,1.7,3.1,14,910.5,0
2018-04-23 15:46:59,3,42,24.1,40,21.5,1005.9,2.4,3.7,14,910.5,0
2018-04-23 15:49:59,3,42,24.1,40,21.7,1005.8,1.4,2.0,12,910.5,0
2018-04-23 15:52:59,3,42,24.1,37,21.8,1005.9,1.7,2.4,12,910.5,0
2018-04-23 15:55:59,3,42,24.1,35,21.7,1005.8,1.4,2.0,12,910.5,0
2018-04-23 15:58:59,3,42,24.1,35,21.8,1005.9,2.4,3.4,10,910.5,0
2018-04-23 16:01:59,3,42,24.1,35,21.8,1005.9,2.7,4.8,14,910.5,0
2018-04-23 16:04:59,3,42,24.2,35,21.8,1005.9,2.7,4.8,14,910.5,0
2018-04-23 16:07:59,3,42,24.2,38,21.7,1006.0,1.7,2.4,2,910.5,0
2018-04-23 16:10:59,3,42,24.2,39,21.7,1006.0,0.3,1.0,14,910.5,0
2018-04-23 16:13:59,3,42,24.4,38,21.7,1005.9,1.7,3.4,10,910.5,0
2018-04-23 16:16:59,3,42,24.4,40,21.4,1006.1,1.0,1.4,0,910.5,0
2018-04-23 16:19:59,3,42,24.4,40,21.5,1006.2,1.0,1.4,12,910.5,0
2018-04-23 16:22:59,3,42,24.4,38,21.5,1006.2,3.4,6.5,0,910.5,0
2018-04-23 16:25:59,3,42,24.4,38,21.3,1006.1,2.4,3.4,12,910.5,0
2018-04-23 16:28:59,3,42,24.4,38,21.2,1006.0,1.7,2.4,8,910.5,0
2018-04-23 16:31:59,3,42,24.4,38,21.2,1006.2,2.0,3.1,10,910.5,0
2018-04-23 16:34:59,3,42,24.5,38,21.2,1006.3,1.7,2.7,12,910.5,0
2018-04-23 16:37:59,3,42,24.4,37,21.0,1006.3,1.0,1.4,12,910.5,0
2018-04-23 16:40:59,3,42,24.5,37,20.9,1006.3,2.0,3.1,14,910.5,0
2018-04-23 16:43:59,3,42,24.5,37,20.7,1006.3,1.7,3.1,10,910.5,0
2018-04-23 16:46:59,3,42,24.5,38,20.8,1006.4,1.0,1.7,12,910.5,0
2018-04-23 16:49:59,3,42,24.5,38,20.8,1006.3,0.7,1.0,14,910.5,0
2018-04-23 16:52:59,3,42,24.5,37,20.8,1006.4,2.0,3.7,12,910.5,0
2018-04-23 16:55:59,3,42,24.5,38,20.7,1006.4,1.0,1.7,14,910.5,0
2018-04-23 16:58:59,3,42,24.5,39,20.6,1006.4,1.4,2.7,9,910.5,0
2018-04-23 17:01:59,3,42,24.5,40,20.6,1006.4,0.7,1.0,2,910.5,0
2018-04-23 17:04:59,3,42,24.5,37,20.5,1006.5,3.1,4.4,14,910.5,0
2018-04-23 17:07:59,3,42,24.5,36,20.2,1006.5,2.0,3.1,14,910.5,0
2018-04-23 17:10:59,3,42,24.5,38,20.1,1006.5,1.7,2.4,14,910.5,0
2018-04-23 17:13:59,3,42,24.5,38,19.9,1006.6,1.4,2.4,6,910.5,0
2018-04-23 17:16:59,3,42,24.5,39,19.6,1006.5,2.7,4.1,14,910.5,0
2018-04-23 17:19:59,3,42,24.5,40,19.4,1006.6,0.7,1.4,14,910.5,0
2018-04-23 17:22:59,3,42,24.5,40,19.2,1006.8,0.7,1.0,10,910.5,0
2018-04-23 17:25:59,3,42,24.5,40,19.1,1006.7,0.7,1.0,8,910.5,0
2018-04-23 17:28:59,3,42,24.5,41,18.9,1006.8,1.4,2.0,14,910.5,0
2018-04-23 17:31:59,3,42,24.5,41,18.7,1006.8,0.3,0.7,10,910.5,0
2018-04-23 17:34:59,3,42,24.5,41,18.6,1006.9,0.7,1.0,8,910.5,0
2018-04-23 17:37:59,3,42,24.5,41,18.3,1006.9,0.3,0.7,14,910.5,0
2018-04-23 17:40:59,3,42,24.5,42,18.2,1007.0,0.3,1.0,12,910.5,0
2018-04-23 17:43:59,3,42,24.5,43,17.9,1007.1,1.4,1.7,14,910.5,0
2018-04-23 17:46:59,3,42,24.5,45,17.8,1007.1,0.7,1.0,10,910.5,0
2018-04-23 17:49:59,3,42,24.5,46,17.6,1007.2,0.7,1.0,4,910.5,0
2018-04-23 17:52:59,3,42,24.5,48,17.5,1007.2,1.0,1.4,12,910.5,0
2018-04-23 17:55:59,3,42,24.5,51,17.4,1007.2,0.3,0.7,14,910.5,0
2018-04-23 17:58:59,3,42,24.5,52,17.3,1007.2,0,0,12,910.5,0
2018-04-23 18:01:59,3,42,24.5,53,17.2,1007.3,0,0.3,14,910.5,0
2018-04-23 18:04:59,3,42,24.5,53,17.2,1007.4,0,0.3,14,910.5,0
2018-04-23 18:07:59,3,42,24.5,54,16.9,1007.4,1.0,1.7,14,910.5,0
2018-04-23 18:10:59,3,42,24.5,55,16.8,1007.3,0.3,0.7,8,910.5,0
2018-04-23 18:13:59,3,42,24.5,55,16.7,1007.4,0.7,1.0,12,910.5,0
2018-04-23 18:16:59,3,42,24.5,55,16.6,1007.4,0.7,1.0,0,910.5,0
2018-04-23 18:19:59,3,42,24.5,56,16.5,1007.5,0,0,14,910.5,0
2018-04-23 18:22:59,3,42,24.5,56,16.4,1007.4,0.3,0.7,10,910.5,0
2018-04-23 18:25:59,3,42,24.5,56,16.3,1007.6,0,0,14,910.5,0
2018-04-23 18:28:59,3,42,24.4,57,16.1,1007.6,0,0,14,910.5,0
2018-04-23 18:31:59,3,42,24.4,57,16.0,1007.6,0.3,0.3,14,910.5,0
2018-04-23 18:34:59,3,42,24.4,58,15.9,1007.7,0,0,10,910.5,0
2018-04-23 18:37:59,3,42,24.4,58,15.7,1007.7,0,0,10,910.5,0
2018-04-23 18:40:59,3,42,24.4,60,15.5,1007.6,0,0,10,910.5,0
2018-04-23 18:43:59,3,42,24.4,60,15.4,1007.7,0,0,10,910.5,0
2018-04-23 18:46:59,3,42,24.4,60,15.2,1007.8,0,0,10,910.5,0
2018-04-23 18:49:59,3,42,24.4,60,15.0,1007.8,0,0,10,910.5,0
2018-04-23 18:52:59,3,42,24.4,61,14.9,1007.9,0,0,10,910.5,0
2018-04-23 18:55:59,3,42,24.3,61,14.7,1007.9,0,0,10,910.5,0
2018-04-23 18:58:59,3,42,24.3,62,14.7,1007.9,0,0,14,910.5,0
2018-04-23 19:01:59,3,42,24.3,63,14.5,1007.8,0,0,14,910.5,0
2018-04-23 19:04:59,3,42,24.2,63,14.4,1008.0,0,0,14,910.5,0
2018-04-23 19:07:59,3,42,24.2,64,14.3,1008.0,0,0,14,910.5,0
2018-04-23 19:10:59,3,42,24.1,64,14.2,1008.1,0,0,14,910.5,0
2018-04-23 19:13:59,3,41,24.1,65,14.1,1008.1,0,0,14,910.5,0
2018-04-23 19:16:59,3,41,24.1,65,14.0,1008.1,0,0,14,910.5,0
2018-04-23 19:19:59,3,41,24.1,65,14.0,1008.1,0,0,14,910.5,0
2018-04-23 19:22:59,3,41,24.1,65,13.9,1008.1,0,0,14,910.5,0
2018-04-23 19:25:59,3,41,24.1,65,13.8,1008.2,0,0,14,910.5,0
2018-04-23 19:28:59,3,41,24.1,66,13.7,1008.2,0,0,14,910.5,0
2018-04-23 19:31:59,3,41,24.1,66,13.6,1008.3,0,0,14,910.5,0
2018-04-23 19:34:59,3,41,24.1,67,13.5,1008.3,0,0,14,910.5,0
2018-04-23 19:37:59,3,41,24.1,67,13.4,1008.2,0,0,14,910.5,0
2018-04-23 19:40:59,3,41,24.1,67,13.4,1008.3,0,0,14,910.5,0
2018-04-23 19:43:59,3,41,24.1,67,13.3,1008.2,0,0,14,910.5,0
2018-04-23 19:46:59,3,41,24.1,68,13.2,1008.3,0,0,14,910.5,0
2018-04-23 19:49:59,3,41,24.1,68,13.1,1008.3,0,0,14,910.5,0
2018-04-23 19:52:59,3,41,24.1,70,13.0,1008.2,0,0,14,910.5,0
2018-04-23 19:55:59,3,41,24.1,70,12.9,1008.2,0,0,14,910.5,0
2018-04-23 19:58:59,3,41,24.0,70,12.8,1008.2,0,0,14,910.5,0
2018-04-23 20:01:59,3,41,24.0,70,12.8,1008.3,0,0,14,910.5,0
2018-04-23 20:04:59,3,41,24.0,70,12.8,1008.2,0,0,14,910.5,0
2018-04-23 20:07:59,3,41,24.0,71,12.7,1008.3,0,0,14,910.5,0
2018-04-23 20:10:59,3,41,24.0,71,12.6,1008.3,0,0,14,910.5,0
2018-04-23 20:13:59,3,41,24.0,71,12.6,1008.3,0,0,14,910.5,0
2018-04-23 20:16:59,3,41,24.0,71,12.6,1008.3,0,0,14,910.5,0
2018-04-23 20:19:59,3,41,24.0,72,12.6,1008.3,0,0,14,910.5,0
2018-04-23 20:22:59,3,41,24.0,72,12.6,1008.4,0,0,14,910.5,0
2018-04-23 20:25:59,3,42,23.9,72,12.6,1008.3,0,0,14,910.5,0
2018-04-23 20:28:59,3,42,23.9,72,12.7,1008.4,0,0,14,910.5,0
2018-04-23 20:31:59,3,42,23.9,72,12.6,1008.3,0,0,14,910.5,0
2018-04-23 20:34:59,3,42,23.8,72,12.6,1008.4,0,0,12,910.5,0
2018-04-23 20:37:59,3,42,23.8,72,12.6,1008.4,0,0,12,910.5,0
2018-04-23 20:40:59,3,42,23.8,72,12.6,1008.3,0,0,12,910.5,0
2018-04-23 20:43:59,3,42,23.8,72,12.5,1008.4,0,0,12,910.5,0
2018-04-23 20:46:59,3,42,23.8,72,12.5,1008.3,0,0,12,910.5,0
2018-04-23 20:49:59,3,42,23.8,72,12.6,1008.3,0,0,12,910.5,0
2018-04-23 20:52:59,3,42,23.8,71,12.6,1008.3,0,0,12,910.5,0
2018-04-23 20:55:59,3,42,23.8,71,12.6,1008.3,0,0,12,910.5,0
2018-04-23 20:58:59,3,42,23.8,71,12.6,1008.3,0,0,12,910.5,0
2018-04-23 21:01:59,3,42,23.8,71,12.6,1008.3,0,0,12,910.5,0
2018-04-23 21:04:59,3,42,23.8,71,12.5,1008.4,0,0,12,910.5,0
2018-04-23 21:07:59,3,42,23.8,71,12.5,1008.4,0,0,12,910.5,0
2018-04-23 21:10:59,3,42,23.8,73,12.4,1008.4,0,0,12,910.5,0
2018-04-23 21:13:59,3,42,23.8,74,12.4,1008.4,0,0,12,910.5,0
2018-04-23 21:16:59,3,42,23.8,74,12.3,1008.5,0,0,12,910.5,0
2018-04-23 21:19:59,3,42,23.8,75,12.3,1008.4,0,0,10,910.5,0
2018-04-23 21:22:59,3,42,23.7,75,12.3,1008.4,0,0,10,910.5,0
2018-04-23 21:25:59,3,42,23.7,74,12.3,1008.5,0,0,10,910.5,0
2018-04-23 21:28:59,3,42,23.7,74,12.2,1008.4,0,0,10,910.5,0
2018-04-23 21:31:59,3,42,23.7,73,12.2,1008.4,0,0,10,910.5,0
2018-04-23 21:34:59,3,42,23.7,73,12.3,1008.5,0,0,10,910.5,0
2018-04-23 21:37:59,3,42,23.7,73,12.3,1008.5,0,0,10,910.5,0
2018-04-23 21:40:59,3,42,23.7,73,12.2,1008.5,0,0,10,910.5,0
2018-04-23 21:43:59,3,42,23.7,73,12.2,1008.5,0,0,12,910.5,0
2018-04-23 21:46:59,3,42,23.7,73,12.2,1008.5,0,0,12,910.5,0
2018-04-23 21:49:59,3,42,23.6,73,12.1,1008.5,0,0,12,910.5,0
2018-04-23 21:52:59,3,42,23.6,73,12.0,1008.5,0,0,12,910.5,0
2018-04-23 21:55:59,3,42,23.6,73,11.9,1008.5,0,0,12,910.5,0
2018-04-23 21:58:59,3,42,23.6,73,11.9,1008.6,0,0,12,910.5,0
