2018-04-21 00:01:59,3,39,25.3,85,13.1,1013.1,0,0,14,910.5,0
2018-04-21 00:04:59,3,39,25.3,85,13.1,1013.2,0,0,14,910.5,0
2018-04-21 00:07:59,3,39,25.3,85,13.0,1013.2,0,0,14,910.5,0
2018-04-21 00:10:59,3,39,25.3,85,13.0,1013.2,0,0,13,910.5,0
2018-04-21 00:13:59,3,39,25.3,86,12.9,1013.2,0,0,10,910.5,0
2018-04-21 00:16:59,3,39,25.3,86,12.9,1013.3,0,0,10,910.5,0
2018-04-21 00:19:59,3,39,25.3,86,12.9,1013.1,0,0,10,910.5,0
2018-04-21 00:22:59,3,39,25.3,86,12.8,1013.1,0,0,10,910.5,0
2018-04-21 00:25:59,3,39,25.3,86,12.8,1013.1,0,0,10,910.5,0
2018-04-21 00:28:59,3,39,25.3,87,12.7,1013.0,0,0,10,910.5,0
2018-04-21 00:31:59,3,39,25.2,87,12.7,1013.0,0,0,10,910.5,0
2018-04-21 00:34:59,3,39,25.2,87,12.7,1012.9,0,0,10,910.5,0
2018-04-21 00:37:59,3,39,25.2,87,12.7,1012.9,0,0,10,910.5,0
2018-04-21 00:40:59,3,39,25.2,87,12.6,1012.9,0,0,10,910.5,0
2018-04-21 00:43:59,3,39,25.1,87,12.6,1013.0,0,0,10,910.5,0
2018-04-21 00:46:59,3,39,25.1,87,12.6,1012.9,0,0,10,910.5,0
2018-04-21 00:49:59,3,39,25.1,88,12.6,1012.9,0,0,10,910.5,0
2018-04-21 00:52:59,3,40,25.1,88,12.5,1012.9,0,0,10,910.5,0
2018-04-21 00:55:59,3,40,25.1,91,12.4,1012.9,0,0,10,910.5,0
2018-04-21 00:58:59,3,39,25.1,91,12.4,1012.9,0,0,10,910.5,0
2018-04-21 01:01:59,3,39,25.1,91,12.4,1012.8,0,0,10,910.5,0
2018-04-21 01:04:59,3,39,25.1,91,12.4,1013.0,0,0,10,910.5,0
2018-04-21 01:07:59,3,39,25.1,92,12.3,1012.9,0,0,10,910.5,0
2018-04-21 01:10:59,3,40,25.1,92,12.3,1012.8,0,0,10,910.5,0
2018-04-21 01:13:59,3,40,25.1,92,12.3,1012.9,0,0,10,910.5,0
2018-04-21 01:16:59,3,39,25.1,92,12.2,1012.9,0,0,10,910.5,0
2018-04-21 01:19:59,3,39,25.1,92,12.2,1012.9,0,0,10,910.5,0
2018-04-21 01:22:59,3,39,25.0,92,12.2,1012.8,0,0,10,910.5,0
2018-04-21 01:25:59,3,39,25.0,92,12.2,1012.9,0,0,10,910.5,0
2018-04-21 01:28:59,3,39,25.0,92,12.2,1012.8,0,0,10,910.5,0
2018-04-21 01:31:59,3,39,25.0,92,12.1,1012.8,0,0,10,910.5,0
2018-04-21 01:34:59,3,39,25.0,92,12.1,1012.8,0,0,10,910.5,0
2018-04-21 01:37:59,3,39,25.0,92,12.0,1012.8,0,0,10,910.5,0
2018-04-21 01:40:59,3,39,25.0,93,12.0,1012.8,0,0,10,910.5,0
2018-04-21 01:43:59,3,39,25.0,93,12.0,1012.8,0,0,10,910.5,0
2018-04-21 01:46:59,3,39,25.0,93,12.0,1012.9,0,0,10,910.5,0
2018-04-21 01:49:59,3,39,25.0,93,11.9,1012.8,0,0,10,910.5,0
2018-04-21 01:52:59,3,40,24.9,93,11.9,1012.7,0,0,10,910.5,0
2018-04-21 01:55:59,3,40,24.9,93,11.9,1012.7,0,0,10,910.5,0
2018-04-21 01:58:59,3,40,24.9,93,11.9,1012.8,0,0,10,910.5,0
2018-04-21 02:01:59,3,39,25.0,93,11.8,1012.8,0,0,10,910.5,0
2018-04-21 02:04:59,3,40,24.7,93,11.8,1012.8,0,0,10,910.5,0
2018-04-21 02:07:59,3,40,24.7,93,11.7,1012.8,0,0,0,910.5,0
2018-04-21 02:10:59,3,40,24.7,93,11.7,1012.8,0,0,0,910.5,0
2018-04-21 02:13:59,3,40,24.7,93,11.6,1012.8,0,0,0,910.5,0
2018-04-21 02:16:59,3,40,24.7,93,11.5,1012.8,0,0,0,910.5,0
2018-04-21 02:19:59,3,40,24.7,93,11.5,1012.8,0,0,0,910.5,0
2018-04-21 02:22:59,3,40,24.7,93,11.5,1012.8,0,0,0,910.5,0
2018-04-21 02:25:59,3,40,24.7,93,11.5,1012.8,0,0,0,910.5,0
2018-04-21 02:28:59,3,40,24.7,94,11.4,1012.7,0,0,0,910.5,0
2018-04-21 02:31:59,3,40,24.7,94,11.4,1012.7,0,0,0,910.5,0
2018-04-21 02:34:59,3,40,24.7,94,11.4,1012.7,0,0,0,910.5,0
2018-04-21 02:37:59,3,40,24.7,94,11.3,1012.8,0,0,0,910.5,0
2018-04-21 02:40:59,3,40,24.6,94,11.2,1012.7,0,0,0,910.5,0
2018-04-21 02:43:59,3,40,24.7,94,11.2,1012.7,0,0,0,910.5,0
2018-04-21 02:46:59,3,40,24.6,94,11.2,1012.7,0,0,0,910.5,0
2018-04-21 02:49:59,3,40,24.6,94,11.1,1012.7,0,0,0,910.5,0
2018-04-21 02:52:59,3,40,24.6,94,11.1,1012.8,0,0,0,910.5,0
2018-04-21 02:55:59,3,40,24.6,94,11.0,1012.6,0,0,0,910.5,0
2018-04-21 02:58:59,3,40,24.6,94,11.0,1012.7,0,0,0,910.5,0
2018-04-21 03:01:59,3,40,24.5,93,11.0,1012.7,0,0,0,910.5,0
2018-04-21 03:04:59,3,40,24.5,93,11.0,1012.7,0,0,0,910.5,0
2018-04-21 03:07:59,3,40,24.5,93,11.0,1012.7,0,0,0,910.5,0
2018-04-21 03:10:59,3,40,24.5,93,10.9,1012.7,0,0,0,910.5,0
2018-04-21 03:13:59,3,40,24.4,93,10.9,1012.8,0,0,0,910.5,0
2018-04-21 03:16:59,3,40,24.4,93,10.9,1012.7,0,0,0,910.5,0
2018-04-21 03:19:59,3,40,24.4,93,10.8,1012.7,0,0,0,910.5,0
2018-04-21 03:22:59,3,40,24.4,93,10.8,1012.8,0,0,0,910.5,0
2018-04-21 03:25:59,3,40,24.4,93,10.8,1012.7,0,0,0,910.5,0
2018-04-21 03:28:59,3,40,24.4,93,10.7,1012.7,0,0,0,910.5,0
2018-04-21 03:31:59,3,40,24.4,93,10.7,1012.7,0,0,0,910.5,0
2018-04-21 03:34:59,3,40,24.4,93,10.7,1012.7,0,0,0,910.5,0
2018-04-21 03:37:59,3,40,24.4,93,10.7,1012.7,0,0,0,910.5,0
2018-04-21 03:40:59,3,40,24.4,93,10.7,1012.7,0,0,0,910.5,0
2018-04-21 03:43:59,3,40,24.4,93,10.7,1012.7,0,0,0,910.5,0
2018-04-21 03:46:59,3,40,24.3,93,10.6,1012.7,0,0,0,910.5,0
2018-04-21 03:49:59,3,39,24.2,93,10.6,1012.7,0,0,0,910.5,0
2018-04-21 03:52:59,3,39,24.2,93,10.6,1012.8,0,0,0,910.5,0
2018-04-21 03:55:59,3,39,24.2,93,10.6,1012.7,0,0,0,910.5,0
2018-04-21 03:58:59,3,39,24.2,93,10.6,1012.8,0,0,0,910.5,0
2018-04-21 04:01:59,3,39,24.2,93,10.6,1012.8,0,0,0,910.5,0
2018-04-21 04:04:59,3,39,24.2,93,10.6,1012.6,0,0,0,910.5,0
2018-04-21 04:07:59,3,39,24.2,93,10.6,1012.8,0,0,0,910.5,0
2018-04-21 04:10:59,3,39,24.2,93,10.6,1012.9,0,0,0,910.5,0
2018-04-21 04:13:59,3,39,24.2,93,10.6,1012.8,0,0,0,910.5,0
2018-04-21 04:16:59,3,39,24.2,94,10.6,1012.9,0,0,0,910.5,0
2018-04-21 04:19:59,3,39,24.2,94,10.6,1012.8,0,0,0,910.5,0
2018-04-21 04:22:59,3,39,24.1,94,10.6,1012.9,0,0,0,910.5,0
2018-04-21 04:25:59,3,39,24.1,94,10.7,1012.9,0,0,0,910.5,0
2018-04-21 04:28:59,3,39,24.1,94,10.7,1013.0,0,0,0,910.5,0
2018-04-21 04:31:59,3,39,24.1,94,10.7,1013.0,0,0,0,910.5,0
2018-04-21 04:34:59,3,40,24.1,94,10.8,1013.0,0,0,0,910.5,0
2018-04-21 04:37:59,3,40,24.1,94,10.8,1013.0,0,0,0,910.5,0
2018-04-21 04:40:59,3,40,24.1,94,10.8,1013.2,0,0,0,910.5,0
2018-04-21 04:43:59,3,40,24.1,94,10.8,1013.1,0,0,0,910.5,0
2018-04-21 04:46:59,3,39,24.0,94,10.9,1013.3,0,0,0,910.5,0
2018-04-21 04:49:59,3,40,24.0,94,10.9,1013.4,0,0,0,910.5,0
2018-04-21 04:52:59,3,40,24.0,94,11.0,1013.4,0,0,0,910.5,0
2018-04-21 04:55:59,3,41,23.9,94,11.1,1013.4,0,0,0,910.5,0
2018-04-21 04:58:59,3,41,23.9,94,11.2,1013.5,0,0,0,910.5,0
2018-04-21 05:01:59,3,41,23.9,95,11.3,1013.4,0,0,0,910.5,0
2018-04-21 05:04:59,3,41,23.9,95,11.5,1013.4,0,0,0,910.5,0
2018-04-21 05:07:59,3,41,23.9,95,11.6,1013.4,0,0,0,910.5,0
2018-04-21 05:10:59,3,41,23.9,95,11.7,1013.5,0,0,0,910.5,0
2018-04-21 05:13:59,3,41,23.9,95,11.8,1013.5,0,0,0,910.5,0
2018-04-21 05:16:59,3,41,23.9,94,12.0,1013.5,0,0,0,910.5,0
2018-04-21 05:19:59,3,41,23.9,94,12.1,1013.5,0,0,0,910.5,0
2018-04-21 05:22:59,3,41,23.9,94,12.3,1013.6,0,0,12,910.5,0
2018-04-21 05:25:59,3,41,23.9,91,12.5,1013.5,0,0,14,910.5,0
2018-04-21 05:28:59,3,41,23.9,91,12.7,1013.6,0,0,10,910.5,0
2018-04-21 05:31:59,3,41,23.9,90,12.9,1013.7,0,0,14,910.5,0
2018-04-21 05:34:59,3,41,23.9,90,13.1,1013.6,0,0,10,910.5,0
2018-04-21 05:37:59,3,41,23.9,88,13.4,1013.6,0,0,14,910.5,0
2018-04-21 05:40:59,3,41,23.9,86,13.7,1013.8,0,0,10,910.5,0
2018-04-21 05:43:59,3,40,23.9,84,14.0,1013.8,0.3,0.7,12,910.5,0
2018-04-21 05:46:59,3,40,23.9,83,14.1,1013.8,0,0,14,910.5,0
2018-04-21 05:49:59,3,40,23.9,80,14.3,1013.8,0.3,0.7,14,910.5,0
2018-04-21 05:52:59,3,40,23.9,79,14.5,1013.7,0,0,14,910.5,0
2018-04-21 05:55:59,3,40,23.9,76,14.7,1013.9,0.3,0.7,10,910.5,0
2018-04-21 05:58:59,3,39,24.0,74,14.8,1013.9,1.0,1.4,15,910.5,0
2018-04-21 06:01:59,3,38,24.0,73,14.9,1013.8,0.7,1.0,8,910.5,0
2018-04-21 06:04:59,3,38,24.0,73,14.9,1013.9,0.7,1.0,8,910.5,0
2018-04-21 06:07:59,3,39,23.9,70,15.3,1013.8,0.7,1.0,10,910.5,0
2018-04-21 06:10:59,3,39,23.9,70,15.4,1013.9,1.4,1.7,0,910.5,0
2018-04-21 06:13:59,3,38,24.0,69,15.6,1013.8,1.0,1.4,12,910.5,0
2018-04-21 06:16:59,3,37,24.0,68,15.8,1013.9,1.4,2.0,10,910.5,0
2018-04-21 06:19:59,3,37,24.0,68,15.9,1013.9,0.7,1.4,14,910.5,0
2018-04-21 06:22:59,3,37,24.1,66,15.9,1013.9,1.7,2.0,12,910.5,0
2018-04-21 06:25:59,3,37,24.1,66,16.0,1014.0,0,0.3,14,910.5,0
2018-04-21 06:28:59,3,37,24.1,67,16.3,1014.0,0.7,1.0,14,910.5,0
2018-04-21 06:31:59,3,37,24.1,65,16.4,1013.9,1.4,2.0,11,910.5,0
2018-04-21 06:34:59,3,37,24.1,64,16.6,1013.9,0.7,1.0,12,910.5,0
2018-04-21 06:37:59,3,36,24.1,63,16.7,1014.0,1.0,1.4,12,910.5,0
2018-04-21 06:40:59,3,36,24.1,63,16.6,1013.9,1.7,2.0,12,910.5,0
2018-04-21 06:43:59,3,37,23.9,63,16.7,1014.0,2.4,3.1,14,910.5,0
2018-04-21 06:46:59,3,38,23.9,63,16.7,1013.9,1.0,1.4,14,910.5,0
2018-04-21 06:49:59,3,38,23.9,64,16.8,1013.9,0.7,1.4,12,910.5,0
2018-04-21 06:52:59,3,38,23.8,63,17.1,1013.8,1.7,2.0,14,910.5,0
2018-04-21 06:55:59,3,38,23.8,63,17.2,1013.8,1.0,1.7,12,910.5,0
2018-04-21 06:58:59,3,38,23.8,63,17.4,1013.9,1.0,1.7,2,910.5,0
2018-04-21 07:01:59,3,38,23.8,60,17.7,1013.9,0.7,1.4,12,910.5,0
2018-04-21 07:04:59,3,38,23.7,59,17.9,1013.9,1.7,2.4,12,910.5,0
2018-04-21 07:07:59,3,38,23.7,58,17.7,1013.9,1.0,1.7,14,910.5,0
2018-04-21 07:10:59,3,38,23.7,58,17.7,1013.8,1.0,1.4,15,910.5,0
2018-04-21 07:13:59,3,38,23.6,58,17.7,1014.0,0.7,1.0,12,910.5,0
2018-04-21 07:16:59,3,38,23.5,58,17.7,1013.9,1.4,1.7,14,910.5,0
2018-04-21 07:19:59,3,38,23.5,59,17.8,1013.9,0.7,1.0,12,910.5,0
2018-04-21 07:22:59,3,38,23.5,58,18.0,1013.9,1.0,1.7,10,910.5,0
2018-04-21 07:25:59,3,39,23.4,58,18.2,1014.0,1.0,1.4,10,910.5,0
2018-04-21 07:28:59,3,39,23.4,57,18.3,1014.1,1.0,1.4,10,910.5,0
2018-04-21 07:31:59,3,39,23.4,57,18.4,1014.1,1.4,2.0,14,910.5,0
2018-04-21 07:34:59,3,39,23.3,57,18.4,1014.0,1.0,1.4,14,910.5,0
2018-04-21 07:37:59,3,39,23.2,57,18.4,1014.1,1.0,1.4,10,910.5,0
2018-04-21 07:40:59,3,39,23.2,57,18.3,1014.1,1.4,2.0,10,910.5,0
2018-04-21 07:43:59,3,39,23.1,58,18.5,1014.0,1.0,2.0,11,910.5,0
2018-04-21 07:46:59,3,39,23.1,58,18.6,1014.1,1.0,2.0,12,910.5,0
2018-04-21 07:49:59,3,39,23.1,57,18.8,1014.1,1.4,2.0,10,910.5,0
2018-04-21 07:52:59,3,39,23.1,56,19.0,1014.2,1.0,1.7,10,910.5,0
2018-04-21 07:55:59,3,40,23.1,58,18.8,1014.2,0.7,1.0,14,910.5,0
2018-04-21 07:58:59,3,40,23.0,58,18.9,1014.2,1.0,1.4,12,910.5,0
2018-04-21 08:01:59,3,40,23.0,58,18.9,1014.2,1.4,2.0,12,910.5,0
2018-04-21 08:04:59,3,40,23.0,58,18.9,1014.2,1.4,2.0,12,910.5,0
2018-04-21 08:07:59,3,41,23.0,57,19.6,1014.2,0.3,1.0,14,910.5,0
2018-04-21 08:10:59,3,41,23.0,56,19.6,1014.3,1.0,2.0,12,910.5,0
2018-04-21 08:13:59,3,41,23.0,55,19.5,1014.3,1.0,2.0,14,910.5,0
2018-04-21 08:16:59,3,41,23.0,55,19.6,1014.3,0.7,1.0,10,910.5,0
2018-04-21 08:19:59,3,41,22.9,55,19.6,1014.4,1.4,2.0,8,910.5,0
2018-04-21 08:22:59,3,41,22.9,55,19.8,1014.2,1.4,1.7,14,910.5,0
2018-04-21 08:25:59,3,41,22.9,54,19.7,1014.4,1.0,2.0,12,910.5,0
2018-04-21 08:28:59,3,41,22.9,54,19.7,1014.3,1.4,1.7,14,910.5,0
2018-04-21 08:31:59,3,41,22.9,54,19.7,1014.3,0.7,1.0,14,910.5,0
2018-04-21 08:34:59,3,41,22.9,54,19.8,1014.4,1.7,2.7,12,910.5,0
2018-04-21 08:37:59,3,41,22.9,54,19.9,1014.3,1.0,1.7,14,910.5,0
2018-04-21 08:40:59,3,41,22.9,55,20.0,1014.5,1.0,1.4,0,910.5,0
2018-04-21 08:43:59,3,41,22.8,54,20.3,1014.4,0.7,1.0,8,910.5,0
2018-04-21 08:46:59,3,41,22.9,53,20.4,1014.4,1.4,2.0,8,910.5,0
2018-04-21 08:49:59,3,41,22.8,52,20.4,1014.4,1.4,2.0,14,910.5,0
2018-04-21 08:52:59,3,41,22.8,52,20.2,1014.5,1.4,2.0,12,910.5,0
2018-04-21 08:55:59,3,41,22.8,52,20.3,1014.5,1.4,2.0,12,910.5,0
2018-04-21 08:58:59,3,41,22.7,52,20.3,1014.5,1.0,1.7,14,910.5,0
2018-04-21 09:01:59,3,41,22.7,53,20.5,1014.4,1.4,2.0,4,910.5,0
2018-04-21 09:04:59,3,41,22.7,53,20.7,1014.4,0.7,1.4,8,910.5,0
2018-04-21 09:07:59,3,41,22.7,53,20.9,1014.6,1.4,2.4,14,910.5,0
2018-04-21 09:10:59,3,41,22.7,52,20.9,1014.6,2.0,3.1,14,910.5,0
2018-04-21 09:13:59,3,41,22.7,52,20.5,1014.6,0.7,1.0,10,910.5,0
2018-04-21 09:16:59,3,41,22.7,54,20.7,1014.6,1.4,2.0,2,910.5,0
2018-04-21 09:19:59,3,41,22.7,52,20.8,1014.6,1.0,1.7,8,910.5,0
2018-04-21 09:22:59,3,41,22.7,53,21.0,1014.5,1.0,1.7,14,910.5,0
2018-04-21 09:25:59,3,42,22.7,52,21.1,1014.7,1.4,2.4,14,910.5,0
2018-04-21 09:28:59,3,42,22.7,52,20.8,1014.7,1.7,2.4,12,910.5,0
2018-04-21 09:31:59,3,42,22.7,52,20.8,1014.7,1.4,2.7,12,910.5,0
2018-04-21 09:34:59,3,42,22.7,52,20.7,1014.6,2.4,3.4,12,910.5,0
2018-04-21 09:37:59,3,42,22.7,53,20.7,1014.6,1.7,2.7,4,910.5,0
2018-04-21 09:40:59,3,42,22.7,53,20.8,1014.6,1.7,2.7,10,910.5,0
2018-04-21 09:43:59,3,42,22.7,53,21.0,1014.6,0.7,1.0,0,910.5,0
2018-04-21 09:46:59,3,42,22.7,53,21.2,1014.5,1.0,1.4,12,910.5,0
2018-04-21 09:49:59,3,42,22.7,51,21.2,1014.5,1.4,1.7,14,910.5,0
2018-04-21 09:52:59,3,42,22.7,52,21.3,1014.5,1.4,2.0,13,910.5,0
2018-04-21 09:55:59,3,42,22.7,51,21.3,1014.5,1.0,1.4,12,910.5,0
2018-04-21 09:58:59,3,42,22.7,51,21.4,1014.4,1.7,2.4,1,910.5,0
2018-04-21 10:01:59,3,42,22.7,51,21.4,1014.5,1.4,1.7,5,910.5,0
2018-04-21 10:04:59,3,42,22.7,51,21.4,1014.5,1.4,1.7,5,910.5,0
2018-04-21 10:07:59,3,42,22.7,51,21.1,1014.5,1.4,1.7,12,910.5,0
2018-04-21 10:10:59,3,42,22.7,51,21.2,1014.5,1.0,1.4,14,910.5,0
2018-04-21 10:13:59,3,42,22.7,51,21.5,1014.5,1.4,2.0,12,910.5,0
2018-04-21 10:16:59,3,42,22.7,50,21.3,1014.3,2.0,3.1,0,910.5,0
2018-04-21 10:19:59,3,42,22.7,50,21.3,1014.4,1.4,2.0,10,910.5,0
2018-04-21 10:22:59,3,42,22.7,49,21.3,1014.4,1.4,2.0,14,910.5,0
2018-04-21 10:25:59,3,42,22.7,50,21.3,1014.4,1.0,1.4,0,910.5,0
2018-04-21 10:28:59,3,42,22.7,49,21.6,1014.4,1.0,1.4,8,910.5,0
2018-04-21 10:31:59,3,42,22.7,46,22.1,1014.3,2.0,2.4,12,910.5,0
2018-04-21 10:34:59,3,42,22.8,45,22.3,1014.3,2.0,3.1,14,910.5,0
2018-04-21 10:37:59,3,42,22.8,41,22.0,1014.4,2.0,2.7,14,910.5,0
2018-04-21 10:40:59,3,42,22.9,43,22.0,1014.3,2.4,3.4,10,910.5,0
2018-04-21 10:43:59,3,42,22.9,41,22.0,1014.3,1.4,2.0,12,910.5,0
2018-04-21 10:46:59,3,42,22.9,41,22.1,1014.3,1.4,2.0,6,910.5,0
2018-04-21 10:49:59,3,42,22.9,40,22.0,1014.3,1.4,2.0,2,910.5,0
2018-04-21 10:52:59,3,42,23.0,40,22.0,1014.3,1.0,1.7,12,910.5,0
2018-04-21 10:55:59,3,42,23.0,40,22.1,1014.3,1.4,2.4,10,910.5,0
2018-04-21 10:58:59,3,42,23.0,40,22.4,1014.4,2.0,2.7,12,910.5,0
2018-04-21 11:01:59,3,42,23.0,35,22.5,1014.3,0.7,1.0,14,910.5,0
2018-04-21 11:04:59,3,42,23.0,34,22.6,1014.3,2.0,3.4,12,910.5,0
2018-04-21 11:07:59,3,42,23.0,38,22.4,1014.3,2.0,2.7,12,910.5,0
2018-04-21 11:10:59,3,42,23.0,37,22.3,1014.2,1.4,2.0,12,910.5,0
2018-04-21 11:13:59,3,42,23.0,38,22.3,1014.3,1.0,1.4,12,910.5,0
2018-04-21 11:16:59,3,42,23.1,37,22.3,1014.2,1.7,3.1,12,910.5,0
2018-04-21 11:19:59,3,42,23.1,37,22.3,1014.2,1.7,2.7,14,910.5,0
2018-04-21 11:22:59,3,42,23.1,33,22.5,1014.2,1.4,1.7,12,910.5,0
2018-04-21 11:25:59,3,42,23.1,32,22.5,1014.2,1.7,2.4,14,910.5,0
2018-04-21 11:28:59,3,42,23.1,34,22.5,1014.3,1.7,2.4,14,910.5,0
2018-04-21 11:31:59,3,42,23.1,39,22.4,1014.2,1.4,2.4,14,910.5,0
2018-04-21 11:34:59,3,42,23.1,39,22.3,1014.1,1.0,1.7,2,910.5,0
2018-04-21 11:37:59,3,42,23.2,40,22.4,1014.1,1.7,2.0,12,910.5,0
2018-04-21 11:40:59,3,42,23.3,33,22.5,1014.1,2.4,3.4,15,910.5,0
2018-04-21 11:43:59,3,42,23.3,38,22.4,1014.2,3.1,4.4,12,910.5,0
2018-04-21 11:46:59,3,42,23.3,40,22.4,1014.1,1.4,2.0,14,910.5,0
2018-04-21 11:49:59,3,42,23.3,38,22.4,1014.1,1.0,1.7,14,910.5,0
2018-04-21 11:52:59,3,42,23.3,33,22.5,1014.1,1.7,2.7,10,910.5,0
2018-04-21 11:55:59,3,42,23.3,32,22.6,1014.1,1.7,2.7,10,910.5,0
2018-04-21 11:58:59,3,42,23.4,32,22.7,1014.1,2.4,3.1,0,910.5,0
2018-04-21 12:01:59,3,42,23.4,32,22.7,1014.2,1.4,1.7,14,910.5,0
2018-04-21 12:04:59,3,42,23.4,32,22.7,1014.1,1.4,1.7,14,910.5,0
2018-04-21 12:07:59,3,42,23.4,31,22.7,1014.0,1.4,1.7,2,910.5,0
2018-04-21 12:10:59,3,42,23.4,32,22.9,1014.1,0.7,1.4,14,910.5,0
2018-04-21 12:13:59,3,42,23.4,30,22.9,1014.1,2.0,3.1,0,910.5,0
2018-04-21 12:16:59,3,42,23.4,32,22.8,1014.1,2.7,3.4,12,910.5,0
2018-04-21 12:19:59,3,42,23.5,31,23.0,1014.0,1.4,1.7,14,910.5,0
2018-04-21 12:22:59,3,42,23.5,31,23.2,1014.1,1.0,1.7,14,910.5,0
2018-04-21 12:25:59,3,42,23.6,30,23.3,1014.0,2.0,2.7,10,910.5,0
2018-04-21 12:28:59,3,42,23.6,31,22.9,1014.0,3.1,4.4,2,910.5,0
2018-04-21 12:31:59,3,42,23.6,30,22.6,1014.0,2.0,3.1,9,910.5,0
2018-04-21 12:34:59,3,42,23.6,31,22.6,1014.0,1.7,2.4,6,910.5,0
2018-04-21 12:37:59,3,42,23.6,31,22.8,1013.9,2.7,3.1,12,910.5,0
2018-04-21 12:40:59,3,42,23.6,29,22.9,1013.9,2.0,2.7,8,910.5,0
2018-04-21 12:43:59,3,41,23.7,30,23.0,1014.1,2.0,3.1,10,910.5,0
2018-04-21 12:46:59,3,41,23.7,28,23.0,1014.0,1.4,2.0,10,910.5,0
2018-04-21 12:49:59,3,41,23.7,26,23.1,1013.9,1.0,1.7,10,910.5,0
2018-04-21 12:52:59,3,41,23.7,26,22.9,1014.0,1.4,2.0,14,910.5,0
2018-04-21 12:55:59,3,40,23.8,29,22.9,1014.0,2.4,3.7,10,910.5,0
2018-04-21 12:58:59,3,40,23.8,29,22.9,1014.0,1.0,1.4,12,910.5,0
2018-04-21 13:01:59,3,39,23.9,26,22.9,1013.9,1.0,1.4,0,910.5,0
2018-04-21 13:04:59,3,39,23.9,30,23.0,1013.9,2.0,3.1,14,910.5,0
2018-04-21 13:07:59,3,39,23.9,29,22.9,1013.9,1.4,1.7,10,910.5,0
2018-04-21 13:10:59,3,39,23.9,30,22.9,1014.0,1.0,1.7,10,910.5,0
2018-04-21 13:13:59,3,39,23.9,30,22.9,1014.0,1.0,1.4,4,910.5,0
2018-04-21 13:16:59,3,38,23.9,26,23.0,1014.0,1.4,2.0,10,910.5,0
2018-04-21 13:19:59,3,37,24.0,26,23.0,1014.0,2.4,3.4,10,910.5,0
2018-04-21 13:22:59,3,36,24.0,30,23.0,1013.9,0.7,1.0,8,910.5,0
2018-04-21 13:25:59,3,36,24.1,28,23.1,1013.9,1.4,1.7,10,910.5,0
2018-04-21 13:28:59,3,36,24.1,29,23.2,1013.9,1.7,2.4,0,910.5,0
2018-04-21 13:31:59,3,36,24.1,30,23.2,1013.8,1.0,1.4,10,910.5,0
2018-04-21 13:34:59,3,36,24.1,27,23.1,1013.8,1.4,2.4,14,910.5,0
2018-04-21 13:37:59,3,35,24.1,26,23.1,1013.9,1.0,2.0,14,910.5,0
2018-04-21 13:40:59,3,35,24.2,28,23.1,1013.8,2.0,2.7,14,910.5,0
2018-04-21 13:43:59,3,35,24.2,30,23.1,1013.8,2.0,2.4,12,910.5,0
2018-04-21 13:46:59,3,34,24.2,30,23.1,1013.9,1.0,1.7,4,910.5,0
2018-04-21 13:49:59,3,34,24.2,30,23.1,1013.7,0.7,1.0,14,910.5,0
2018-04-21 13:52:59,3,34,24.2,29,23.1,1013.7,0.7,1.0,14,910.5,0
2018-04-21 13:55:59,3,34,24.2,28,23.3,1013.7,1.4,1.7,2,910.5,0
2018-04-21 13:58:59,3,34,24.3,28,23.4,1013.8,1.0,1.4,10,910.5,0
2018-04-21 14:01:59,3,34,24.3,28,23.4,1013.7,2.0,2.7,6,910.5,0
2018-04-21 14:04:59,3,34,24.4,28,23.4,1013.7,2.0,2.7,6,910.5,0
2018-04-21 14:07:59,3,34,24.4,28,22.8,1013.6,2.0,2.7,10,910.5,0
2018-04-21 14:10:59,3,34,24.4,29,22.8,1013.5,2.4,3.4,12,910.5,0
2018-04-21 14:13:59,3,34,24.4,30,22.9,1013.7,1.7,2.0,14,910.5,0
2018-04-21 14:16:59,3,34,24.4,31,23.1,1013.6,1.7,2.4,6,910.5,0
2018-04-21 14:19:59,3,33,24.5,30,23.1,1013.6,2.0,4.4,14,910.5,0
2018-04-21 14:22:59,3,33,24.5,30,23.1,1013.6,2.0,3.4,14,910.5,0
2018-04-21 14:25:59,3,33,24.5,30,23.1,1013.6,1.0,1.7,12,910.5,0
2018-04-21 14:28:59,3,33,24.5,30,23.1,1013.7,1.0,1.7,6,910.5,0
2018-04-21 14:31:59,3,33,24.6,31,23.0,1013.8,1.7,2.4,10,910.5,0
2018-04-21 14:34:59,3,33,24.6,30,23.0,1013.6,0.7,1.0,14,910.5,0
2018-04-21 14:37:59,3,33,24.6,30,23.1,1013.7,1.0,1.7,12,910.5,0
2018-04-21 14:40:59,3,33,24.7,30,23.2,1013.6,1.4,2.0,12,910.5,0
2018-04-21 14:43:59,3,33,24.7,30,23.2,1013.7,1.4,2.0,8,910.5,0
2018-04-21 14:46:59,3,33,24.7,30,23.2,1013.5,1.0,1.4,10,910.5,0
2018-04-21 14:49:59,3,33,24.7,30,23.3,1013.6,2.0,2.7,15,910.5,0
2018-04-21 14:52:59,3,33,24.8,30,23.0,1013.6,1.7,2.0,6,910.5,0
2018-04-21 14:55:59,3,33,24.8,30,22.9,1013.6,0.3,0.7,14,910.5,0
2018-04-21 14:58:59,3,33,24.9,30,23.2,1013.6,1.0,2.0,12,910.5,0
2018-04-21 15:01:59,3,33,24.9,30,23.1,1013.5,1.0,1.7,0,910.5,0
2018-04-21 15:04:59,3,33,24.9,28,23.3,1013.6,2.4,3.1,12,910.5,0
2018-04-21 15:07:59,3,33,24.9,28,23.3,1013.7,1.7,2.7,12,910.5,0
2018-04-21 15:10:59,3,33,24.9,28,23.3,1013.6,1.4,1.7,14,910.5,0
2018-04-21 15:13:59,3,33,24.9,29,23.2,1013.6,0.7,1.4,12,910.5,0
2018-04-21 15:16:59,3,32,25.0,30,23.4,1013.5,1.0,1.7,11,910.5,0
2018-04-21 15:19:59,3,32,25.1,29,23.3,1013.5,0.7,1.0,14,910.5,0
2018-04-21 15:22:59,3,32,25.1,29,23.3,1013.5,2.7,3.4,12,910.5,0
2018-04-21 15:25:59,3,32,25.1,29,23.1,1013.5,0.7,1.4,12,910.5,0
2018-04-21 15:28:59,3,32,25.1,26,23.0,1013.5,1.7,2.4,14,910.5,0
2018-04-21 15:31:59,3,31,25.1,26,22.9,1013.4,2.0,2.4,14,910.5,0
2018-04-21 15:34:59,3,31,25.1,26,22.8,1013.3,1.4,1.7,10,910.5,0
2018-04-21 15:37:59,3,30,25.1,26,22.7,1013.4,1.4,1.7,12,910.5,0
2018-04-21 15:40:59,3,30,25.1,26,22.7,1013.4,1.4,2.0,14,910.5,0
2018-04-21 15:43:59,3,30,25.1,26,22.6,1013.4,1.4,2.0,14,910.5,0
2018-04-21 15:46:59,3,30,25.0,27,22.7,1013.4,1.4,2.0,8,910.5,0
2018-04-21 15:49:59,3,30,25.0,26,22.7,1013.3,1.4,2.4,11,910.5,0
2018-04-21 15:52:59,3,30,25.0,26,22.7,1013.3,1.0,1.4,14,910.5,0
2018-04-21 15:55:59,3,30,25.1,30,22.9,1013.4,0.7,1.0,8,910.5,0
2018-04-21 15:58:59,3,30,25.1,29,22.9,1013.4,1.4,2.4,0,910.5,0
2018-04-21 16:01:59,3,30,25.2,30,22.9,1013.4,0.7,1.0,14,910.5,0
2018-04-21 16:04:59,3,30,25.2,30,22.9,1013.4,0.7,1.0,14,910.5,0
2018-04-21 16:07:59,3,30,25.3,30,22.6,1013.2,0.7,1.0,11,910.5,0
2018-04-21 16:10:59,3,30,25.3,30,22.6,1013.4,2.0,3.4,0,910.5,0
2018-04-21 16:13:59,3,30,25.3,28,22.5,1013.4,1.4,2.0,14,910.5,0
2018-04-21 16:16:59,3,30,25.3,31,22.3,1013.2,1.4,2.0,15,910.5,0
2018-04-21 16:19:59,3,30,25.3,31,22.2,1013.4,1.4,1.7,14,910.5,0
2018-04-21 16:22:59,3,29,25.3,32,22.2,1013.4,1.4,2.0,12,910.5,0
2018-04-21 16:25:59,3,29,25.3,33,22.0,1013.4,2.0,2.7,14,910.5,0
2018-04-21 16:28:59,3,29,25.3,33,21.9,1013.4,0,0.3,14,910.5,0
2018-04-21 16:31:59,3,30,25.3,33,21.9,1013.4,2.7,3.4,12,910.5,0
2018-04-21 16:34:59,3,30,25.3,33,21.8,1013.3,2.0,2.4,12,910.5,0
2018-04-21 16:37:59,3,30,25.3,34,21.7,1013.3,0.3,0.7,10,910.5,0
2018-04-21 16:40:59,3,30,25.3,34,21.7,1013.3,1.7,2.4,2,910.5,0
2018-04-21 16:43:59,3,30,25.3,35,21.6,1013.3,0.7,1.4,0,910.5,0
2018-04-21 16:46:59,3,30,25.3,35,21.6,1013.2,0.7,1.0,10,910.5,0
2018-04-21 16:49:59,3,30,25.3,35,21.7,1013.3,0.7,1.0,14,910.5,0
2018-04-21 16:52:59,3,30,25.3,35,21.8,1013.3,0.7,1.0,0,910.5,0
2018-04-21 16:55:59,3,30,25.3,35,21.8,1013.2,0.7,1.0,14,910.5,0
2018-04-21 16:58:59,3,29,25.3,34,21.8,1013.3,1.4,2.0,0,910.5,0
2018-04-21 17:01:59,3,29,25.3,34,21.5,1013.3,0.3,0.7,12,910.5,0
2018-04-21 17:04:59,3,29,25.3,35,21.4,1013.4,1.0,1.4,14,910.5,0
2018-04-21 17:07:59,3,29,25.3,35,21.3,1013.3,0.3,0.7,14,910.5,0
2018-04-21 17:10:59,3,30,25.3,36,21.2,1013.4,0.7,1.0,12,910.5,0
2018-04-21 17:13:59,3,30,25.3,36,21.1,1013.3,1.4,2.0,0,910.5,0
2018-04-21 17:16:59,3,30,25.3,38,20.7,1013.3,0,0.3,0,910.5,0
2018-04-21 17:19:59,3,30,25.3,39,20.3,1013.4,1.4,2.0,14,910.5,0
2018-04-21 17:22:59,3,30,25.3,40,20.0,1013.3,0.3,0.7,14,910.5,0
2018-04-21 17:25:59,3,30,25.3,40,19.8,1013.3,0.7,1.4,14,910.5,0
2018-04-21 17:28:59,3,30,25.3,40,19.6,1013.4,0.3,0.7,14,910.5,0
2018-04-21 17:31:59,3,30,25.2,41,19.4,1013.2,0.3,0.7,12,910.5,0
2018-04-21 17:34:59,3,30,25.3,41,19.3,1013.2,0,0,14,910.5,0
2018-04-21 17:37:59,3,30,25.3,41,19.1,1013.3,0,0,0,910.5,0
2018-04-21 17:40:59,3,30,25.3,41,19.0,1013.3,0.3,0.7,12,910.5,0
2018-04-21 17:43:59,3,30,25.3,41,18.8,1013.3,0,0.3,14,910.5,0
2018-04-21 17:46:59,3,30,25.2,41,18.8,1013.4,0,0.3,12,910.5,0
2018-04-21 17:49:59,3,30,25.2,42,18.6,1013.4,0.3,0.3,14,910.5,0
2018-04-21 17:52:59,3,30,25.2,42,18.5,1013.4,0,0,14,910.5,0
2018-04-21 17:55:59,3,30,25.2,42,18.3,1013.4,0,0,14,910.5,0
2018-04-21 17:58:59,3,30,25.1,43,18.1,1013.4,0,0,14,910.5,0
2018-04-21 18:01:59,3,31,25.1,44,18.0,1013.4,0,0,14,910.5,0
2018-04-21 18:04:59,3,31,25.1,44,18.0,1013.5,0,0,14,910.5,0
2018-04-21 18:07:59,3,31,25.1,50,17.4,1013.4,0,0,2,910.5,0
2018-04-21 18:10:59,3,31,25.1,50,17.2,1013.5,0,0,14,910.5,0
2018-04-21 18:13:59,3,31,25.1,52,16.9,1013.5,0,0,14,910.5,0
2018-04-21 18:16:59,3,31,25.0,52,16.7,1013.5,0,0,14,910.5,0
2018-04-21 18:19:59,3,31,25.0,53,16.5,1013.6,0,0,14,910.5,0
2018-04-21 18:22:59,3,31,25.0,54,16.3,1013.7,0,0,14,910.5,0
2018-04-21 18:25:59,3,31,25.0,56,16.1,1013.5,0,0,14,910.5,0
2018-04-21 18:28:59,3,31,25.0,56,15.9,1013.6,0,0,14,910.5,0
2018-04-21 18:31:59,3,31,25.0,57,15.7,1013.6,0,0,14,910.5,0
2018-04-21 18:34:59,3,31,25.0,58,15.5,1013.7,0,0,14,910.5,0
2018-04-21 18:37:59,3,31,25.0,58,15.3,1013.7,0,0,0,910.5,0
2018-04-21 18:40:59,3,31,25.0,59,15.2,1013.7,0,0,0,910.5,0
2018-04-21 18:43:59,3,31,25.0,60,15.0,1013.7,0,0,2,910.5,0
2018-04-21 18:46:59,3,31,25.0,60,14.9,1013.8,0,0,2,910.5,0
2018-04-21 18:49:59,3,31,25.0,60,14.7,1013.7,0,0,0,910.5,0
2018-04-21 18:52:59,3,32,24.9,60,14.6,1013.8,0,0,0,910.5,0
2018-04-21 18:55:59,3,32,24.9,60,14.5,1013.8,0,0,0,910.5,0
2018-04-21 18:58:59,3,32,24.9,60,14.4,1013.7,0,0,0,910.5,0
2018-04-21 19:01:59,3,32,24.9,61,14.2,1013.7,0,0,12,910.5,0
2018-04-21 19:04:59,3,32,24.9,61,14.2,1013.8,0,0,2,910.5,0
2018-04-21 19:07:59,3,32,24.9,61,14.1,1013.7,0.3,0.7,2,910.5,0
2018-04-21 19:10:59,3,32,24.9,62,14.0,1013.8,0.3,0.7,2,910.5,0
2018-04-21 19:13:59,3,32,24.9,62,13.9,1013.7,0,0,2,910.5,0
2018-04-21 19:16:59,3,32,24.9,62,13.7,1013.8,0.3,0.3,0,910.5,0
2018-04-21 19:19:59,3,32,24.9,62,13.6,1013.8,0,0,0,910.5,0
2018-04-21 19:22:59,3,32,24.7,63,13.6,1013.9,0,0,0,910.5,0
2018-04-21 19:25:59,3,32,24.7,63,13.4,1013.8,0,0,0,910.5,0
2018-04-21 19:28:59,3,32,24.7,64,13.3,1013.9,0,0,0,910.5,0
2018-04-21 19:31:59,3,32,24.7,65,13.2,1013.8,0,0,0,910.5,0
2018-04-21 19:34:59,3,32,24.7,65,13.1,1013.8,0,0,0,910.5,0
2018-04-21 19:37:59,3,32,24.7,65,13.0,1013.8,0,0,2,910.5,0
2018-04-21 19:40:59,3,32,24.7,65,12.9,1013.8,0,0.3,0,910.5,0
2018-04-21 19:43:59,3,32,24.7,65,12.9,1013.9,0,0,0,910.5,0
2018-04-21 19:46:59,3,32,24.7,65,12.8,1013.7,0,0,0,910.5,0
2018-04-21 19:49:59,3,32,24.6,65,12.7,1013.8,0,0,0,910.5,0
2018-04-21 19:52:59,3,32,24.5,65,12.6,1013.8,0,0,0,910.5,0
2018-04-21 19:55:59,3,32,24.5,66,12.5,1013.7,0,0,0,910.5,0
2018-04-21 19:58:59,3,32,24.5,66,12.5,1013.7,0,0,0,910.5,0
2018-04-21 20:01:59,3,32,24.5,70,12.4,1013.8,0,0,0,910.5,0
2018-04-21 20:04:59,3,32,24.5,70,12.4,1013.8,0,0,0,910.5,0
2018-04-21 20:07:59,3,32,24.5,71,12.2,1013.7,0,0,4,910.5,0
2018-04-21 20:10:59,3,32,24.5,71,12.1,1013.8,0,0,4,910.5,0
2018-04-21 20:13:59,3,32,24.5,71,12.0,1013.8,0,0,0,910.5,0
2018-04-21 20:16:59,3,32,24.5,71,12.0,1013.8,0,0,0,910.5,0
2018-04-21 20:19:59,3,32,24.4,71,11.8,1013.8,0,0,0,910.5,0
2018-04-21 20:22:59,3,32,24.4,72,11.8,1013.8,0,0,0,910.5,0
2018-04-21 20:25:59,3,32,24.4,72,11.7,1013.8,0,0,0,910.5,0
2018-04-21 20:28:59,3,32,24.4,72,11.6,1013.8,0,0,0,910.5,0
2018-04-21 20:31:59,3,32,24.4,72,11.6,1013.8,0,0,0,910.5,0
2018-04-21 20:34:59,3,32,24.4,72,11.5,1013.8,0,0,0,910.5,0
2018-04-21 20:37:59,3,32,24.3,72,11.4,1013.8,0,0,0,910.5,0
2018-04-21 20:40:59,3,32,24.3,72,11.4,1013.8,0,0,0,910.5,0
2018-04-21 20:43:59,3,32,24.3,72,11.3,1013.7,0,0,0,910.5,0
2018-04-21 20:46:59,3,32,24.2,72,11.3,1013.8,0,0,0,910.5,0
2018-04-21 20:49:59,3,32,24.2,73,11.2,1013.7,0,0,0,910.5,0
2018-04-21 20:52:59,3,32,24.2,73,11.2,1013.7,0,0,0,910.5,0
2018-04-21 20:55:59,3,32,24.2,73,11.2,1013.7,0,0,0,910.5,0
2018-04-21 20:58:59,3,32,24.2,73,11.1,1013.7,0,0,6,910.5,0
2018-04-21 21:01:59,3,32,24.2,73,11.0,1013.7,0,0,2,910.5,0
2018-04-21 21:04:59,3,32,24.2,73,11.0,1013.8,0,0,2,910.5,0
2018-04-21 21:07:59,3,32,24.2,73,10.9,1013.6,0,0,2,910.5,0
2018-04-21 21:10:59,3,32,24.1,73,10.9,1013.6,0,0,2,910.5,0
2018-04-21 21:13:59,3,32,24.1,73,10.8,1013.7,0,0,2,910.5,0
2018-04-21 21:16:59,3,32,24.1,74,10.7,1013.7,0,0,2,910.5,0
2018-04-21 21:19:59,3,32,24.1,74,10.6,1013.7,0,0,2,910.5,0
2018-04-21 21:22:59,3,32,24.1,74,10.6,1013.7,0,0,2,910.5,0
2018-04-21 21:25:59,3,32,24.0,74,10.5,1013.6,0,0,2,910.5,0
2018-04-21 21:28:59,3,32,24.0,74,10.4,1013.8,0,0,2,910.5,0
2018-04-21 21:31:59,3,33,23.9,74,10.3,1013.7,0,0,2,910.5,0
2018-04-21 21:34:59,3,33,23.9,74,10.3,1013.8,0,0,0,910.5,0
2018-04-21 21:37:59,3,33,23.9,75,10.2,1013.7,0,0,2,910.5,0
2018-04-21 21:40:59,3,33,23.9,75,10.2,1013.7,0,0,0,910.5,0
2018-04-21 21:43:59,3,33,23.9,75,10.2,1013.8,0,0,0,910.5,0
2018-04-21 21:46:59,3,33,23.9,75,10.1,1013.9,0,0,0,910.5,0
2018-04-21 21:49:59,3,33,23.9,75,10.1,1013.6,0,0,0,910.5,0
2018-04-21 21:52:59,3,33,23.9,75,10.0,1013.6,0,0,0,910.5,0
2018-04-21 21:55:59,3,33,23.8,75,9.9,1013.7,0,0,0,910.5,0
2018-04-21 21:58:59,3,33,23.7,75,9.9,1013.6,0,0,0,910.5,0
2018-04-21 22:01:59,3,33,23.7,75,9.8,1013.6,0,0,0,910.5,0
2018-04-21 22:04:59,3,33,23.7,75,9.8,1013.7,0,0,0,910.5,0
2018-04-21 22:07:59,3,33,23.7,75,9.6,1013.7,0,0,2,910.5,0
2018-04-21 22:10:59,3,33,23.7,76,9.5,1013.7,0,0,2,910.5,0
2018-04-21 22:13:59,3,33,23.6,76,9.5,1013.7,0,0,2,910.5,0
2018-04-21 22:16:59,3,33,23.6,76,9.4,1013.7,0,0,2,910.5,0
2018-04-21 22:19:59,3,33,23.6,77,9.3,1013.6,0,0,2,910.5,0
2018-04-21 22:22:59,3,33,23.6,77,9.3,1013.7,0,0.3,2,910.5,0
2018-04-21 22:25:59,3,33,23.6,78,9.2,1013.6,0,0,2,910.5,0
2018-04-21 22:28:59,3,33,23.6,78,9.2,1013.6,0,0,2,910.5,0
2018-04-21 22:31:59,3,33,23.5,78,9.1,1013.6,0,0,2,910.5,0
2018-04-21 22:34:59,3,33,23.5,78,9.0,1013.7,0,0,2,910.5,0
2018-04-21 22:37:59,3,33,23.4,78,9.0,1013.6,0,0,2,910.5,0
2018-04-21 22:40:59,3,33,23.4,78,8.9,1013.6,0,0,2,910.5,0
2018-04-21 22:43:59,3,33,23.4,79,8.8,1013.6,0,0,2,910.5,0
2018-04-21 22:46:59,3,33,23.4,79,8.8,1013.6,0,0,2,910.5,0
2018-04-21 22:49:59,3,33,23.4,80,8.8,1013.6,0,0,2,910.5,0
2018-04-21 22:52:59,3,33,23.4,80,8.7,1013.6,0,0,2,910.5,0
2018-04-21 22:55:59,3,33,23.4,80,8.6,1013.7,0,0,14,910.5,0
2018-04-21 22:58:59,3,33,23.3,80,8.6,1013.6,0,0,14,910.5,0
2018-04-21 23:01:59,3,33,23.3,81,8.5,1013.6,0,0,14,910.5,0
2018-04-21 23:04:59,3,33,23.3,81,8.5,1013.6,0,0,2,910.5,0
2018-04-21 23:07:59,3,33,23.3,81,8.4,1013.6,0,0,2,910.5,0
2018-04-21 23:10:59,3,33,23.3,81,8.4,1013.6,0,0,2,910.5,0
2018-04-21 23:13:59,3,33,23.2,82,8.3,1013.5,0,0,2,910.5,0
2018-04-21 23:16:59,3,33,23.2,82,8.3,1013.5,0,0,2,910.5,0
2018-04-21 23:19:59,3,33,23.1,82,8.2,1013.6,0,0,2,910.5,0
2018-04-21 23:22:59,3,33,23.1,82,8.2,1013.6,0,0,6,910.5,0
2018-04-21 23:25:59,3,33,23.1,82,8.1,1013.4,0,0,6,910.5,0
2018-04-21 23:28:59,3,33,23.1,82,8.1,1013.6,0,0,6,910.5,0
2018-04-21 23:31:59,3,33,23.1,82,8.0,1013.6,0,0,6,910.5,0
2018-04-21 23:34:59,3,33,23.0,83,8.0,1013.5,0,0,2,910.5,0
2018-04-21 23:37:59,3,33,23.0,83,8.0,1013.5,0,0,2,910.5,0
2018-04-21 23:40:59,3,33,23.0,84,7.9,1013.5,0,0,2,910.5,0
2018-04-21 23:43:59,3,33,23.0,84,7.9,1013.5,0,0,2,910.5,0
2018-04-21 23:46:59,3,33,23.0,84,7.9,1013.5,0,0,2,910.5,0
2018-04-21 23:49:59,3,33,23.0,84,7.8,1013.4,0,0,2,910.5,0
2018-04-21 23:52:59,3,33,23.0,85,7.7,1013.3,0,0,2,910.5,0
2018-04-21 23:55:59,3,33,23.0,85,7.7,1013.4,0,0,2,910.5,0
2018-04-21 23:58:59,3,31,22.9,85,7.7,1013.3,0,0,2,910.5,0
