2018-04-14 00:01:59,3,43,22.5,92,11.3,1004.9,0.3,0.7,1,896.7,0
2018-04-14 00:04:59,3,43,22.5,92,11.3,1004.9,0.3,0.7,1,896.7,0
2018-04-14 00:07:59,3,43,22.5,92,11.3,1004.9,0.0,0.0,4,897.0,0
2018-04-14 00:10:59,3,43,22.5,92,11.3,1004.9,0.0,0.7,2,897.0,0
2018-04-14 00:13:59,3,43,22.5,92,11.2,1004.9,0.7,1.0,12,897.0,0
2018-04-14 00:16:59,3,43,22.5,92,11.2,1004.9,0.0,0.7,5,897.0,0
2018-04-14 00:19:59,3,43,22.5,93,11.2,1004.8,0.3,1.0,4,897.0,0
2018-04-14 00:22:59,3,43,22.5,93,11.2,1004.9,0.0,0.3,0,897.3,0
2018-04-14 00:25:59,3,43,22.5,93,11.2,1004.9,0.7,1.0,2,897.3,0
2018-04-14 00:28:59,3,43,22.4,93,11.2,1004.9,0.0,0.0,6,897.3,0
2018-04-14 00:31:59,3,43,22.4,93,11.2,1004.9,0.3,0.7,4,897.3,0
2018-04-14 00:34:59,3,43,22.4,93,11.2,1004.9,0.0,0.0,2,897.3,0
2018-04-14 00:37:59,3,43,22.3,93,11.2,1004.8,0.3,0.7,8,897.3,0
2018-04-14 00:40:59,3,43,22.3,94,11.1,1004.9,0.0,0.0,10,897.3,0
2018-04-14 00:43:59,3,43,22.3,94,11.1,1004.9,0.0,0.7,8,897.3,0
2018-04-14 00:46:59,3,43,22.3,94,11.1,1005.0,0.0,0.0,6,897.3,0
2018-04-14 00:49:59,3,43,22.3,94,11.1,1004.9,0.0,0.3,6,897.3,0
2018-04-14 00:52:59,3,43,22.3,94,11.1,1004.9,0.0,0.0,4,897.3,0
2018-04-14 00:55:59,3,43,22.3,94,11.1,1004.8,0.0,0.0,4,897.3,0
2018-04-14 00:58:59,3,43,22.3,94,11.1,1004.8,0.0,0.3,4,897.3,0
2018-04-14 01:01:59,3,43,22.3,95,11.1,1004.8,0.3,0.7,10,897.6,0
2018-04-14 01:04:59,3,43,22.3,95,11.1,1004.8,0.0,0.0,8,897.6,0
2018-04-14 01:07:59,3,43,22.3,95,11.1,1004.8,0.7,1.0,8,897.6,0
2018-04-14 01:10:59,3,43,22.3,95,11.1,1004.8,0.0,0.0,6,897.6,0
2018-04-14 01:13:59,3,42,22.3,95,11.1,1004.9,0.3,0.7,8,897.6,0
2018-04-14 01:16:59,3,42,22.3,95,11.1,1004.9,0.3,0.7,10,897.6,0
2018-04-14 01:19:59,3,42,22.3,95,11.1,1004.9,0.0,0.3,2,897.9,0
2018-04-14 01:22:59,3,42,22.3,95,11.1,1004.9,0.0,0.3,6,897.9,0
2018-04-14 01:25:59,3,42,22.2,96,11.1,1004.9,0.7,1.0,8,898.2,0
2018-04-14 01:28:59,3,42,22.2,96,11.1,1004.9,0.7,1.0,4,898.2,0
2018-04-14 01:31:59,3,42,22.2,96,11.1,1005.0,0.7,1.0,8,898.5,0
2018-04-14 01:34:59,3,42,22.2,96,11.1,1005.1,1.0,1.4,4,898.8,0
2018-04-14 01:37:59,3,42,22.2,96,11.1,1005.0,0.7,1.0,8,899.1,0
2018-04-14 01:40:59,3,42,22.2,96,11.0,1005.1,0.0,0.3,8,899.1,0
2018-04-14 01:43:59,3,42,22.2,96,11.0,1005.0,0.0,0.3,5,899.1,0
2018-04-14 01:46:59,3,42,22.2,96,11.0,1005.0,0.3,0.7,8,899.1,0
2018-04-14 01:49:59,3,42,22.2,96,11.0,1005.1,0.3,0.3,10,899.4,0
2018-04-14 01:52:59,3,42,22.2,97,11.0,1005.0,0.3,0.7,0,899.4,0
2018-04-14 01:55:59,3,42,22.2,97,11.0,1005.0,0.3,0.7,15,899.4,0
2018-04-14 01:58:59,3,42,22.2,97,11.0,1005.0,0.7,1.0,8,899.4,0
2018-04-14 02:01:59,3,42,22.2,97,11.0,1005.1,0.7,1.0,2,899.4,0
2018-04-14 02:04:59,3,42,22.2,97,11.0,1005.1,0.7,1.0,2,899.4,0
2018-04-14 02:07:59,3,42,22.1,97,11.1,1005.1,0.3,1.0,10,899.4,0
2018-04-14 02:10:59,3,42,22.1,97,11.0,1005.2,0.3,1.0,2,899.4,0
2018-04-14 02:13:59,3,42,22.1,98,11.0,1005.1,0.0,0.3,6,899.4,0
2018-04-14 02:16:59,3,42,22.1,98,11.0,1005.0,0.7,1.4,6,899.4,0
2018-04-14 02:19:59,3,42,22.1,98,11.1,1005.2,0.3,0.7,2,899.4,0
2018-04-14 02:22:59,3,42,22.1,98,11.0,1005.1,0.7,2.0,8,899.4,0
2018-04-14 02:25:59,3,42,22.1,98,11.0,1005.0,0.0,1.0,6,899.4,0
2018-04-14 02:28:59,3,42,22.1,98,11.0,1005.1,0.3,1.0,6,899.4,0
2018-04-14 02:31:59,3,42,22.1,98,11.0,1005.1,0.7,1.0,2,899.4,0
2018-04-14 02:34:59,3,42,22.1,98,11.1,1005.1,0.3,0.3,2,899.4,0
2018-04-14 02:37:59,3,42,22.0,98,11.1,1005.1,1.0,1.4,8,899.4,0
2018-04-14 02:40:59,3,42,22.0,98,11.1,1005.0,0.7,1.0,6,899.4,0
2018-04-14 02:43:59,3,42,22.0,98,11.0,1005.1,0.7,1.0,4,899.4,0
2018-04-14 02:46:59,3,43,21.9,98,11.0,1005.2,0.7,1.0,6,899.4,0
2018-04-14 02:49:59,3,43,21.9,98,11.0,1005.2,1.4,1.7,15,899.4,0
2018-04-14 02:52:59,3,43,21.9,98,11.0,1005.4,0.3,0.7,10,899.4,0
2018-04-14 02:55:59,3,43,21.9,99,11.0,1005.3,0.3,0.7,10,899.4,0
2018-04-14 02:58:59,3,43,21.9,99,11.0,1005.3,0.3,0.7,8,899.4,0
2018-04-14 03:01:59,3,43,21.9,99,11.1,1005.3,0.7,1.0,8,899.4,0
2018-04-14 03:04:59,3,43,21.9,99,11.1,1005.4,0.3,0.7,0,899.4,0
2018-04-14 03:07:59,3,43,21.9,99,11.1,1005.4,1.0,1.4,8,899.4,0
2018-04-14 03:10:59,3,43,21.9,99,11.1,1005.5,1.4,2.0,4,899.4,0
2018-04-14 03:13:59,3,43,21.9,99,11.1,1005.4,1.0,1.7,10,899.4,0
2018-04-14 03:16:59,3,43,21.9,99,11.1,1005.5,0.7,1.4,7,899.4,0
2018-04-14 03:19:59,3,43,21.9,99,11.1,1005.6,1.0,1.4,6,899.4,0
2018-04-14 03:22:59,3,43,21.9,99,11.1,1005.6,0.3,0.7,4,899.4,0
2018-04-14 03:25:59,3,43,21.9,99,11.1,1005.5,0.7,1.0,8,899.4,0
2018-04-14 03:28:59,3,43,21.9,99,11.1,1005.5,0.7,1.0,8,899.4,0
2018-04-14 03:31:59,3,43,21.9,99,11.1,1005.6,0.3,0.7,7,899.4,0
2018-04-14 03:34:59,3,43,21.8,99,11.1,1005.7,1.0,1.4,10,899.7,0
2018-04-14 03:37:59,3,43,21.8,99,11.1,1005.7,1.0,1.4,8,900.0,0
2018-04-14 03:40:59,3,43,21.8,99,11.2,1005.7,1.0,1.4,8,900.0,0
2018-04-14 03:43:59,3,43,21.8,99,11.2,1005.8,1.4,2.4,12,900.3,0
2018-04-14 03:46:59,3,43,21.8,99,11.2,1005.8,1.4,1.7,8,900.6,0
2018-04-14 03:49:59,3,43,21.8,99,11.2,1005.9,2.4,3.4,12,900.6,0
2018-04-14 03:52:59,3,43,21.8,99,11.2,1005.9,1.7,4.1,10,900.6,0
2018-04-14 03:55:59,3,43,21.8,99,11.2,1006.1,2.0,2.7,10,900.9,0
2018-04-14 03:58:59,3,43,21.8,99,11.2,1006.0,2.4,3.7,9,900.9,0
2018-04-14 04:01:59,3,43,21.8,99,11.1,1006.2,2.4,3.1,12,900.9,0
2018-04-14 04:04:59,3,43,21.8,99,11.1,1006.1,2.4,3.1,12,900.9,0
2018-04-14 04:07:59,3,43,21.8,99,11.1,1006.3,2.7,3.4,11,900.9,0
2018-04-14 04:10:59,3,43,21.8,99,11.1,1006.3,2.7,4.1,12,900.9,0
2018-04-14 04:13:59,3,43,21.8,99,11.0,1006.5,1.0,1.4,10,900.9,0
2018-04-14 04:16:59,3,43,21.9,99,11.0,1006.5,2.4,5.1,10,900.9,0
2018-04-14 04:19:59,3,43,21.9,99,11.0,1006.7,1.4,2.0,10,900.9,0
2018-04-14 04:22:59,3,43,21.9,99,11.0,1006.6,2.7,3.4,10,901.2,0
2018-04-14 04:25:59,3,43,21.9,99,10.9,1006.7,2.7,3.7,10,901.2,0
2018-04-14 04:28:59,3,43,21.9,99,10.9,1006.6,2.0,2.7,0,901.2,0
2018-04-14 04:31:59,3,43,21.9,99,10.8,1006.8,1.7,2.7,8,901.2,0
2018-04-14 04:34:59,3,43,21.9,99,10.8,1006.8,2.4,3.4,10,901.5,0
2018-04-14 04:37:59,3,43,21.9,98,10.8,1006.9,3.1,4.1,10,901.8,0
2018-04-14 04:40:59,3,43,21.9,98,10.7,1006.9,2.7,3.4,10,902.1,0
2018-04-14 04:43:59,3,42,22.0,98,10.6,1007.0,3.1,3.7,10,902.4,0
2018-04-14 04:46:59,3,42,22.0,97,10.6,1006.9,2.4,3.7,10,902.7,0
2018-04-14 04:49:59,3,42,22.1,97,10.6,1007.1,2.4,3.4,14,902.7,0
2018-04-14 04:52:59,3,42,22.1,97,10.6,1007.2,3.7,4.8,10,903.3,0
2018-04-14 04:55:59,3,42,22.1,97,10.5,1007.3,2.0,3.7,10,903.9,0
2018-04-14 04:58:59,3,42,22.1,97,10.5,1007.3,2.4,3.1,12,904.2,0
2018-04-14 05:01:59,3,42,22.1,97,10.5,1007.3,1.4,2.0,10,904.8,0
2018-04-14 05:04:59,3,42,22.1,97,10.5,1007.4,1.4,2.0,10,905.1,0
2018-04-14 05:07:59,3,42,22.1,98,10.5,1007.4,3.1,4.1,10,905.1,0
2018-04-14 05:10:59,3,42,22.2,98,10.5,1007.6,1.7,2.0,8,905.4,0
2018-04-14 05:13:59,3,42,22.2,98,10.5,1007.7,1.0,1.4,10,905.4,0
2018-04-14 05:16:59,3,42,22.2,98,10.5,1007.6,3.1,4.8,8,905.7,0
2018-04-14 05:19:59,3,42,22.2,98,10.5,1007.7,3.1,3.7,10,905.7,0
2018-04-14 05:22:59,3,42,22.2,99,10.6,1007.7,2.7,3.4,8,905.7,0
2018-04-14 05:25:59,3,42,22.2,99,10.6,1007.7,3.1,4.1,10,906.3,0
2018-04-14 05:28:59,3,42,22.2,99,10.6,1007.8,2.0,2.7,12,906.3,0
2018-04-14 05:31:59,3,42,22.2,99,10.6,1007.9,1.7,2.4,10,906.3,0
2018-04-14 05:34:59,3,42,22.2,99,10.6,1007.9,2.0,3.1,8,906.6,0
2018-04-14 05:37:59,3,42,22.2,99,10.7,1008.0,0.7,1.0,9,906.6,0
2018-04-14 05:40:59,3,42,22.2,99,10.7,1008.1,1.0,1.7,10,906.6,0
2018-04-14 05:43:59,3,42,22.2,99,10.7,1008.1,1.7,2.4,10,906.6,0
2018-04-14 05:46:59,3,42,22.2,99,10.7,1008.1,2.0,2.7,10,906.6,0
2018-04-14 05:49:59,3,42,22.2,99,10.7,1008.2,1.4,2.0,8,906.6,0
2018-04-14 05:52:59,3,42,22.2,99,10.7,1008.2,2.7,3.4,8,906.6,0
2018-04-14 05:55:59,3,42,22.2,99,10.7,1008.3,2.7,3.7,10,906.6,0
2018-04-14 05:58:59,3,42,22.2,99,10.7,1008.3,2.4,3.4,10,906.6,0
2018-04-14 06:01:59,3,42,22.2,99,10.7,1008.3,1.7,2.7,12,906.6,0
2018-04-14 06:04:59,3,42,22.2,99,10.7,1008.4,1.7,2.7,12,906.6,0
2018-04-14 06:07:59,3,42,22.2,99,10.7,1008.5,1.4,2.0,10,906.9,0
2018-04-14 06:10:59,3,43,22.2,99,10.7,1008.4,2.4,3.1,13,906.9,0
2018-04-14 06:13:59,3,44,22.2,99,10.7,1008.6,2.4,3.1,10,907.2,0
2018-04-14 06:16:59,3,44,22.3,99,10.7,1008.6,2.7,3.7,8,907.5,0
2018-04-14 06:19:59,3,43,22.6,99,10.6,1008.8,2.7,4.1,10,907.8,0
2018-04-14 06:22:59,3,43,22.7,99,10.6,1008.8,1.0,1.4,10,908.1,0
2018-04-14 06:25:59,3,42,22.9,99,10.6,1008.9,2.0,3.1,0,908.4,0
2018-04-14 06:28:59,3,42,23.0,99,10.5,1009.0,2.0,2.7,12,908.4,0
2018-04-14 06:31:59,3,42,23.1,98,10.5,1009.2,1.7,2.4,9,908.7,0
2018-04-14 06:34:59,3,42,23.1,98,10.5,1009.1,1.4,1.7,10,908.7,0
2018-04-14 06:37:59,3,42,23.3,98,10.5,1009.3,2.7,3.4,10,908.7,0
2018-04-14 06:40:59,3,41,23.4,98,10.5,1009.2,2.0,2.7,8,909.0,0
2018-04-14 06:43:59,3,41,23.5,98,10.6,1009.4,1.7,2.4,8,909.0,0
2018-04-14 06:46:59,3,41,23.6,99,10.6,1009.4,1.4,1.7,12,909.0,0
2018-04-14 06:49:59,3,40,23.6,99,10.6,1009.5,1.0,1.7,10,909.0,0
2018-04-14 06:52:59,3,40,23.8,99,10.7,1009.5,2.0,2.7,8,909.3,0
2018-04-14 06:55:59,3,40,23.8,99,10.8,1009.5,1.4,2.0,10,909.3,0
2018-04-14 06:58:59,3,40,23.9,99,10.8,1009.5,3.7,4.8,9,909.3,0
2018-04-14 07:01:59,3,39,24.1,99,10.8,1009.7,2.7,3.7,12,909.3,0
2018-04-14 07:04:59,3,38,24.2,99,10.9,1009.8,2.0,2.7,10,909.3,0
2018-04-14 07:07:59,3,38,24.2,99,11.0,1009.8,2.0,3.1,8,909.3,0
2018-04-14 07:10:59,3,38,24.3,99,11.1,1009.8,1.4,3.1,8,909.3,0
2018-04-14 07:13:59,3,37,24.4,99,11.3,1009.7,1.7,2.4,10,909.6,0
2018-04-14 07:16:59,3,37,24.4,99,11.4,1009.9,1.7,2.4,8,909.6,0
2018-04-14 07:19:59,3,37,24.5,99,11.5,1009.9,3.7,4.8,8,909.6,0
2018-04-14 07:22:59,3,37,24.6,99,11.5,1010.1,3.1,3.7,11,909.6,0
2018-04-14 07:25:59,3,37,24.7,98,11.4,1010.1,3.7,4.8,9,909.6,0
2018-04-14 07:28:59,3,37,24.7,97,11.5,1010.1,2.4,2.7,8,909.6,0
2018-04-14 07:31:59,3,37,24.7,96,11.5,1010.1,3.1,4.4,10,909.6,0
2018-04-14 07:34:59,3,36,24.9,96,11.6,1010.2,1.7,2.4,10,909.6,0
2018-04-14 07:37:59,3,35,25.0,95,11.8,1010.2,2.7,3.7,6,909.6,0
2018-04-14 07:40:59,3,35,25.1,94,11.7,1010.4,3.1,4.1,12,909.6,0
2018-04-14 07:43:59,3,35,25.1,93,11.7,1010.3,1.7,2.0,8,909.6,0
2018-04-14 07:46:59,3,35,25.1,92,11.7,1010.4,3.1,4.1,8,909.6,0
2018-04-14 07:49:59,3,34,25.2,91,11.7,1010.5,1.4,2.4,8,909.6,0
2018-04-14 07:52:59,3,34,25.3,91,11.7,1010.6,3.4,4.8,10,909.6,0
2018-04-14 07:55:59,3,34,25.3,90,11.8,1010.5,2.7,4.4,10,909.6,0
2018-04-14 07:58:59,3,34,25.3,90,11.9,1010.6,1.7,2.0,10,909.6,0
2018-04-14 08:01:59,3,34,25.3,90,11.9,1010.7,1.4,2.4,10,909.6,0
2018-04-14 08:04:59,3,34,25.3,90,11.9,1010.7,1.4,2.4,10,909.6,0
2018-04-14 08:07:59,3,34,25.1,87,12.0,1010.7,3.1,4.8,10,909.6,0
2018-04-14 08:10:59,3,34,25.1,87,12.0,1010.7,3.7,5.4,10,909.6,0
2018-04-14 08:13:59,3,36,24.9,86,12.2,1010.8,2.4,3.1,8,909.6,0
2018-04-14 08:16:59,3,36,24.7,86,12.3,1010.7,2.4,3.4,8,909.6,0
2018-04-14 08:19:59,3,37,24.5,83,12.5,1010.9,2.4,3.1,10,909.6,0
2018-04-14 08:22:59,3,37,24.4,82,12.6,1010.8,2.0,2.7,10,909.6,0
2018-04-14 08:25:59,3,37,24.2,82,12.8,1010.9,1.4,2.0,12,909.6,0
2018-04-14 08:28:59,3,37,24.2,81,12.9,1010.9,2.4,3.1,10,909.6,0
2018-04-14 08:31:59,3,37,24.1,80,13.0,1010.7,3.4,5.1,10,909.6,0
2018-04-14 08:34:59,3,37,24.1,80,13.0,1010.9,1.4,1.7,10,909.6,0
2018-04-14 08:37:59,3,38,24.0,80,13.0,1010.8,2.4,3.4,8,909.6,0
2018-04-14 08:40:59,3,39,23.9,79,13.0,1010.8,1.4,2.0,10,909.6,0
2018-04-14 08:43:59,3,39,23.8,80,13.1,1010.8,3.1,3.7,8,909.6,0
2018-04-14 08:46:59,3,39,23.8,79,13.1,1010.7,2.4,2.7,10,909.6,0
2018-04-14 08:49:59,3,39,23.7,78,13.2,1010.6,1.0,1.7,10,909.6,0
2018-04-14 08:52:59,3,39,23.7,79,13.3,1010.8,1.7,2.0,9,909.6,0
2018-04-14 08:55:59,3,39,23.6,79,13.4,1010.8,1.7,2.4,10,909.6,0
2018-04-14 08:58:59,3,40,23.6,79,13.4,1010.9,1.0,1.7,6,909.6,0
2018-04-14 09:01:59,3,40,23.6,79,13.5,1010.9,2.0,3.1,10,909.6,0
2018-04-14 09:04:59,3,40,23.6,78,13.6,1010.8,1.7,2.7,8,909.6,0
2018-04-14 09:07:59,3,40,23.4,77,13.6,1010.9,2.0,2.4,8,909.6,0
2018-04-14 09:10:59,3,40,23.4,77,13.5,1010.9,2.4,3.7,10,909.6,0
2018-04-14 09:13:59,3,40,23.4,76,13.5,1010.9,1.4,1.7,10,909.6,0
2018-04-14 09:16:59,3,40,23.4,75,13.6,1010.9,3.4,5.1,10,909.6,0
2018-04-14 09:19:59,3,40,23.4,75,13.7,1010.9,2.4,3.1,8,909.6,0
2018-04-14 09:22:59,3,41,23.4,75,13.8,1011.0,3.1,4.1,8,909.6,0
2018-04-14 09:25:59,3,41,23.3,74,13.9,1010.9,1.4,1.7,10,909.6,0
2018-04-14 09:28:59,3,41,23.3,74,14.0,1010.9,3.1,4.4,12,909.6,0
2018-04-14 09:31:59,3,41,23.3,73,14.2,1010.9,1.4,2.4,8,909.6,0
2018-04-14 09:34:59,3,40,23.3,74,14.3,1010.9,1.7,2.4,8,909.6,0
2018-04-14 09:37:59,3,41,23.2,74,14.5,1011.0,2.0,2.7,4,909.6,0
2018-04-14 09:40:59,3,41,23.2,73,14.6,1011.1,1.7,2.4,8,909.6,0
2018-04-14 09:43:59,3,41,23.1,73,14.6,1010.9,2.7,4.1,10,909.6,0
2018-04-14 09:46:59,3,42,23.1,73,14.6,1011.1,2.7,3.7,2,909.6,0
2018-04-14 09:49:59,3,42,23.1,72,14.6,1011.1,1.7,2.0,10,909.6,0
2018-04-14 09:52:59,3,42,23.1,72,14.6,1011.1,1.7,2.4,9,909.6,0
2018-04-14 09:55:59,3,42,23.1,72,14.6,1011.2,3.1,4.8,10,909.6,0
2018-04-14 09:58:59,3,42,23.0,71,14.5,1011.3,2.7,3.7,10,909.6,0
2018-04-14 10:01:59,3,42,23.0,71,14.5,1011.4,3.1,4.8,10,909.6,0
2018-04-14 10:04:59,3,42,23.0,71,14.5,1011.4,3.1,4.8,10,909.6,0
2018-04-14 10:07:59,3,42,23.0,71,14.3,1011.4,2.4,3.1,6,909.6,0
2018-04-14 10:10:59,3,42,23.0,71,14.4,1011.3,2.4,3.7,12,909.6,0
2018-04-14 10:13:59,3,42,23.0,71,14.4,1011.3,3.7,6.5,10,909.6,0
2018-04-14 10:16:59,3,42,23.0,70,14.5,1011.4,1.7,2.7,10,909.6,0
2018-04-14 10:19:59,3,42,22.9,70,14.5,1011.4,3.1,4.1,12,909.6,0
2018-04-14 10:22:59,3,42,22.9,70,14.7,1011.3,1.7,2.4,10,909.6,0
2018-04-14 10:25:59,3,42,22.9,70,14.8,1011.3,1.4,2.4,10,909.6,0
2018-04-14 10:28:59,3,42,22.9,70,14.8,1011.2,2.0,3.1,10,909.6,0
2018-04-14 10:31:59,3,42,22.9,70,14.8,1011.4,2.7,3.4,10,909.6,0
2018-04-14 10:34:59,3,42,22.9,70,14.8,1011.4,1.4,2.0,8,909.6,0
2018-04-14 10:37:59,3,42,22.9,70,15.0,1011.4,3.4,4.1,10,909.6,0
2018-04-14 10:40:59,3,42,22.9,69,15.1,1011.3,2.0,3.1,14,909.6,0
2018-04-14 10:43:59,3,42,22.8,68,15.2,1011.4,1.4,2.7,10,909.6,0
2018-04-14 10:46:59,3,42,22.8,68,15.3,1011.4,2.0,3.1,12,909.6,0
2018-04-14 10:49:59,3,43,22.8,67,15.3,1011.5,2.7,4.8,10,909.6,0
2018-04-14 10:52:59,3,43,22.7,66,15.3,1011.5,3.1,4.4,10,909.6,0
2018-04-14 10:55:59,3,43,22.7,66,15.4,1011.4,4.4,5.4,8,909.6,0
2018-04-14 10:58:59,3,43,22.7,66,15.5,1011.5,2.0,3.4,12,909.6,0
2018-04-14 11:01:59,3,43,22.7,67,15.8,1011.4,1.7,2.4,10,909.6,0
2018-04-14 11:04:59,3,43,22.7,65,15.9,1011.4,2.0,2.4,10,909.6,0
2018-04-14 11:07:59,3,43,22.7,65,15.8,1011.4,1.7,2.7,7,909.6,0
2018-04-14 11:10:59,3,43,22.7,65,15.7,1011.5,2.0,3.1,10,909.6,0
2018-04-14 11:13:59,3,43,22.7,66,15.7,1011.5,2.4,2.7,13,909.6,0
2018-04-14 11:16:59,3,43,22.7,67,15.6,1011.5,2.4,4.4,8,909.6,0
2018-04-14 11:19:59,3,43,22.7,66,15.6,1011.5,2.7,3.7,10,909.6,0
2018-04-14 11:22:59,3,43,22.7,67,15.5,1011.4,1.0,1.7,10,909.6,0
2018-04-14 11:25:59,3,43,22.7,68,15.6,1011.5,0.7,0.7,8,909.6,0
2018-04-14 11:28:59,3,43,22.7,68,15.8,1011.5,1.4,2.0,6,909.6,0
2018-04-14 11:31:59,3,43,22.7,67,16.0,1011.4,1.7,2.7,14,909.6,0
2018-04-14 11:34:59,3,43,22.7,67,16.1,1011.5,2.4,2.7,8,909.6,0
2018-04-14 11:37:59,3,43,22.7,67,16.2,1011.4,1.0,1.4,8,909.6,0
2018-04-14 11:40:59,3,43,22.7,66,16.4,1011.3,1.4,2.0,12,909.6,0
2018-04-14 11:43:59,3,44,22.6,66,16.5,1011.5,1.7,2.0,8,909.6,0
2018-04-14 11:46:59,3,44,22.7,66,16.5,1011.4,1.0,1.7,8,909.6,0
2018-04-14 11:49:59,3,44,22.7,66,16.4,1011.5,1.4,2.4,12,909.6,0
2018-04-14 11:52:59,3,44,22.7,66,16.2,1011.4,0.7,1.7,6,909.6,0
2018-04-14 11:55:59,3,44,22.7,67,16.1,1011.5,1.7,2.0,8,909.6,0
2018-04-14 11:58:59,3,44,22.7,67,16.0,1011.6,1.4,1.7,10,909.6,0
2018-04-14 12:01:59,3,44,22.7,67,16.0,1011.6,1.4,2.0,10,909.6,0
2018-04-14 12:04:59,3,44,22.7,67,16.0,1011.7,1.4,2.0,10,909.6,0
2018-04-14 12:07:59,3,44,22.7,69,15.7,1011.7,1.0,2.7,8,909.6,0
2018-04-14 12:10:59,3,44,22.7,70,15.7,1011.8,1.0,1.7,10,909.6,0
2018-04-14 12:13:59,3,44,22.7,70,15.7,1011.7,1.4,1.7,8,909.6,0
2018-04-14 12:16:59,3,44,22.7,70,15.8,1011.6,1.0,1.7,8,909.6,0
2018-04-14 12:19:59,3,44,22.7,70,15.9,1011.7,2.0,3.4,10,909.6,0
2018-04-14 12:22:59,3,44,22.7,69,16.0,1011.7,1.4,2.4,10,909.6,0
2018-04-14 12:25:59,3,44,22.7,68,16.0,1011.8,2.0,2.7,8,909.6,0
2018-04-14 12:28:59,3,44,22.7,69,16.1,1011.8,1.4,1.7,10,909.6,0
2018-04-14 12:31:59,3,44,22.7,68,16.1,1011.6,2.0,2.4,8,909.6,0
2018-04-14 12:34:59,3,44,22.7,69,16.2,1011.7,1.0,1.4,8,909.6,0
2018-04-14 12:37:59,3,44,22.7,68,16.2,1011.8,2.7,3.7,7,909.6,0
2018-04-14 12:40:59,3,44,22.7,68,16.3,1011.8,1.0,1.7,6,909.6,0
2018-04-14 12:43:59,3,44,22.7,68,16.4,1011.7,1.7,2.0,14,909.6,0
2018-04-14 12:46:59,3,44,22.7,68,16.5,1011.8,1.4,2.0,8,909.6,0
2018-04-14 12:49:59,3,44,22.7,67,16.4,1011.7,1.4,2.4,14,909.6,0
2018-04-14 12:52:59,3,45,22.7,68,16.4,1011.8,1.7,2.0,8,909.6,0
2018-04-14 12:55:59,3,45,22.7,68,16.4,1011.9,1.4,1.7,10,909.6,0
2018-04-14 12:58:59,3,46,22.7,67,16.4,1011.9,1.7,2.4,8,909.6,0
2018-04-14 13:01:59,3,46,22.7,68,16.5,1011.9,0.7,1.4,8,909.6,0
2018-04-14 13:04:59,3,45,22.7,67,16.8,1011.8,1.7,2.0,10,909.6,0
2018-04-14 13:07:59,3,45,22.7,66,17.0,1011.9,1.4,2.0,10,909.6,0
2018-04-14 13:10:59,3,45,22.7,67,17.3,1011.9,1.7,3.4,6,909.6,0
2018-04-14 13:13:59,3,45,22.7,61,17.5,1011.8,2.0,2.7,10,909.6,0
2018-04-14 13:16:59,3,45,22.7,60,17.7,1011.7,2.0,3.7,8,909.6,0
2018-04-14 13:19:59,3,45,22.7,63,17.4,1011.7,2.4,2.7,8,909.6,0
2018-04-14 13:22:59,3,45,22.7,64,17.4,1011.7,1.0,1.4,2,909.6,0
2018-04-14 13:25:59,3,46,22.7,61,17.5,1011.6,2.0,3.1,10,909.6,0
2018-04-14 13:28:59,3,47,22.7,61,17.9,1011.7,1.0,1.7,14,909.6,0
2018-04-14 13:31:59,3,47,22.7,61,18.2,1011.7,1.7,2.4,8,909.6,0
2018-04-14 13:34:59,3,47,22.9,61,18.3,1011.7,1.0,1.7,10,909.6,0
2018-04-14 13:37:59,3,45,23.0,60,18.1,1011.8,2.0,2.7,12,909.6,0
2018-04-14 13:40:59,3,44,23.1,60,17.7,1011.8,1.4,1.7,12,909.6,0
2018-04-14 13:43:59,3,44,23.2,61,17.5,1011.9,0.7,1.4,8,909.6,0
2018-04-14 13:46:59,3,44,23.3,64,17.4,1011.8,1.0,1.4,10,909.6,0
2018-04-14 13:49:59,3,44,23.4,65,17.3,1011.9,2.7,3.1,10,909.6,0
2018-04-14 13:52:59,3,44,23.4,65,17.1,1012.1,1.4,2.4,8,909.6,0
2018-04-14 13:55:59,3,43,23.5,65,17.1,1012.0,2.0,2.7,12,909.6,0
2018-04-14 13:58:59,3,43,23.6,63,17.1,1012.1,1.7,2.4,12,909.6,0
2018-04-14 14:01:59,3,43,23.7,63,17.3,1011.9,2.7,3.4,11,909.6,0
2018-04-14 14:04:59,3,43,23.7,63,17.3,1012.0,2.7,3.4,11,909.6,0
2018-04-14 14:07:59,3,43,23.8,58,17.6,1012.1,3.1,4.4,12,909.6,0
2018-04-14 14:10:59,3,43,23.8,61,17.4,1012.2,1.7,3.4,14,909.6,0
2018-04-14 14:13:59,3,42,24.1,61,17.3,1012.2,1.4,2.4,12,909.6,0
2018-04-14 14:16:59,3,42,24.1,61,17.2,1012.2,2.7,3.4,9,909.6,0
2018-04-14 14:19:59,3,41,24.2,61,17.1,1012.3,2.4,3.1,14,909.6,0
2018-04-14 14:22:59,3,41,24.3,61,17.0,1012.3,1.4,1.7,10,909.6,0
2018-04-14 14:25:59,3,41,24.4,61,17.2,1012.3,1.4,2.7,10,909.6,0
2018-04-14 14:28:59,3,41,24.5,61,17.3,1012.3,2.0,3.1,10,909.6,0
2018-04-14 14:31:59,3,41,24.5,58,17.7,1012.3,3.1,4.1,10,909.6,0
2018-04-14 14:34:59,3,41,24.6,57,17.7,1012.3,1.0,2.0,9,909.6,0
2018-04-14 14:37:59,3,41,24.5,56,17.8,1012.2,3.1,3.7,10,909.6,0
2018-04-14 14:40:59,3,41,24.5,56,18.0,1012.3,1.4,2.0,10,909.6,0
2018-04-14 14:43:59,3,41,24.4,54,18.2,1012.2,2.0,2.7,12,909.6,0
2018-04-14 14:46:59,3,41,24.3,54,18.2,1012.2,3.1,4.4,10,909.6,0
2018-04-14 14:49:59,3,41,24.2,54,18.3,1012.3,2.0,2.4,8,909.6,0
2018-04-14 14:52:59,3,41,24.2,53,18.4,1012.2,2.7,3.7,8,909.6,0
2018-04-14 14:55:59,3,41,24.2,53,18.4,1012.2,1.4,1.7,6,909.6,0
2018-04-14 14:58:59,3,41,24.2,54,18.4,1012.2,1.0,1.4,14,909.6,0
2018-04-14 15:01:59,3,41,24.1,55,18.7,1012.2,2.0,3.1,14,909.6,0
2018-04-14 15:04:59,3,41,24.1,55,18.6,1012.2,1.7,2.7,14,909.6,0
2018-04-14 15:07:59,3,41,24.1,54,18.4,1012.2,2.4,3.1,8,909.6,0
2018-04-14 15:10:59,3,41,24.0,55,18.3,1012.2,1.7,2.0,14,909.6,0
2018-04-14 15:13:59,3,41,24.0,55,18.4,1012.2,1.0,1.4,12,909.6,0
2018-04-14 15:16:59,3,41,24.0,55,18.5,1012.3,0.7,1.0,9,909.6,0
2018-04-14 15:19:59,3,42,23.8,54,18.5,1012.3,1.0,1.4,12,909.6,0
2018-04-14 15:22:59,3,42,23.8,54,18.3,1012.4,1.0,2.0,14,909.6,0
2018-04-14 15:25:59,3,42,23.8,55,18.3,1012.3,1.4,1.7,12,909.6,0
2018-04-14 15:28:59,3,42,23.8,53,18.3,1012.4,0.7,1.4,12,909.6,0
2018-04-14 15:31:59,3,42,23.8,54,18.3,1012.3,0.7,1.0,12,909.6,0
2018-04-14 15:34:59,3,42,23.8,52,18.4,1012.3,1.4,1.7,10,909.6,0
2018-04-14 15:37:59,3,42,23.8,52,18.2,1012.3,2.4,3.1,9,909.6,0
2018-04-14 15:40:59,3,42,23.8,52,18.2,1012.3,1.0,1.7,8,909.6,0
2018-04-14 15:43:59,3,42,23.8,53,18.3,1012.3,2.0,3.7,8,909.6,0
2018-04-14 15:46:59,3,42,23.7,52,18.3,1012.3,1.0,1.4,10,909.6,0
2018-04-14 15:49:59,3,42,23.7,53,18.4,1012.3,0.7,1.0,2,909.6,0
2018-04-14 15:52:59,3,42,23.7,54,18.5,1012.5,1.4,1.7,10,909.6,0
2018-04-14 15:55:59,3,42,23.7,54,18.5,1012.5,1.4,1.7,0,909.6,0
2018-04-14 15:58:59,3,42,23.7,54,18.4,1012.5,1.0,1.7,10,909.6,0
2018-04-14 16:01:59,3,42,23.7,54,18.2,1012.6,1.0,1.7,12,909.6,0
2018-04-14 16:04:59,3,42,23.7,54,18.2,1012.5,1.0,1.7,12,909.6,0
2018-04-14 16:07:59,3,42,23.6,57,18.2,1012.4,1.0,1.4,0,909.6,0
2018-04-14 16:10:59,3,42,23.6,57,18.1,1012.5,0.7,1.0,0,909.6,0
2018-04-14 16:13:59,3,42,23.6,57,18.0,1012.6,0.7,1.0,0,909.6,0
2018-04-14 16:16:59,3,42,23.6,57,18.0,1012.6,0.7,1.0,12,909.6,0
2018-04-14 16:19:59,3,42,23.6,58,17.9,1012.6,0.7,1.0,0,909.6,0
2018-04-14 16:22:59,3,42,23.6,59,17.8,1012.5,0.7,1.0,14,909.6,0
2018-04-14 16:25:59,3,42,23.6,59,17.7,1012.6,0.3,1.0,14,909.6,0
2018-04-14 16:28:59,3,42,23.6,60,17.6,1012.6,1.0,1.4,12,909.6,0
2018-04-14 16:31:59,3,42,23.6,60,17.6,1012.6,0,0.3,0,909.6,0
2018-04-14 16:34:59,3,42,23.6,60,17.5,1012.7,0.7,1.0,14,909.6,0
2018-04-14 16:37:59,3,42,23.6,62,17.3,1012.7,1.7,2.4,12,909.6,0
2018-04-14 16:40:59,3,42,23.6,63,17.1,1012.7,0.7,1.0,2,909.6,0
2018-04-14 16:43:59,3,42,23.6,63,17.0,1012.6,1.4,1.7,2,909.6,0
2018-04-14 16:46:59,3,42,23.6,63,16.9,1012.6,1.4,2.0,0,909.6,0
2018-04-14 16:49:59,3,42,23.6,63,16.9,1012.6,0.7,1.4,0,909.6,0
2018-04-14 16:52:59,3,43,23.6,63,16.9,1012.6,0.3,0.7,0,909.6,0
2018-04-14 16:55:59,3,43,23.5,63,16.9,1012.6,0.7,1.0,0,909.6,0
2018-04-14 16:58:59,3,43,23.5,63,16.8,1012.6,1.4,1.7,14,909.6,0
2018-04-14 17:01:59,3,43,23.5,63,16.5,1012.6,0.7,0.7,12,909.6,0
2018-04-14 17:04:59,3,43,23.5,64,16.4,1012.7,0,0,14,909.6,0
2018-04-14 17:07:59,3,43,23.4,65,16.2,1012.6,0.3,0.7,2,909.6,0
2018-04-14 17:10:59,3,43,23.4,65,16.1,1012.6,0,0,0,909.6,0
2018-04-14 17:13:59,3,43,23.4,65,16.0,1012.7,0.3,0.7,14,909.6,0
2018-04-14 17:16:59,3,43,23.4,65,15.9,1012.6,0,0,14,909.6,0
2018-04-14 17:19:59,3,43,23.4,66,15.7,1012.6,0,0,14,909.6,0
2018-04-14 17:22:59,3,43,23.4,66,15.6,1012.5,1.0,1.4,0,909.6,0
2018-04-14 17:25:59,3,43,23.4,66,15.5,1012.5,0.3,0.7,0,909.6,0
2018-04-14 17:28:59,3,43,23.4,65,15.3,1012.6,0.7,1.0,2,909.6,0
2018-04-14 17:31:59,3,43,23.4,66,15.2,1012.6,0,0.3,1,909.6,0
2018-04-14 17:34:59,3,43,23.4,66,15.1,1012.7,0.3,0.7,0,909.6,0
2018-04-14 17:37:59,3,43,23.4,67,15.0,1012.6,0,0,0,909.6,0
2018-04-14 17:40:59,3,43,23.4,67,14.8,1012.6,0.3,0.7,0,909.6,0
2018-04-14 17:43:59,3,43,23.4,69,14.7,1012.7,0.3,0.7,4,909.6,0
2018-04-14 17:46:59,3,43,23.4,70,14.5,1012.6,0,0.3,4,909.6,0
2018-04-14 17:49:59,3,43,23.3,70,14.3,1012.7,0.3,0.7,4,909.6,0
2018-04-14 17:52:59,3,43,23.3,70,14.1,1012.6,0,0,0,909.6,0
2018-04-14 17:55:59,3,43,23.3,71,14.0,1012.6,0,0,0,909.6,0
2018-04-14 17:58:59,3,43,23.3,71,13.9,1012.7,0,0,14,909.6,0
2018-04-14 18:01:59,3,43,23.3,71,13.8,1012.7,0,0,12,909.6,0
2018-04-14 18:04:59,3,43,23.3,71,13.8,1012.8,0,0,12,909.6,0
2018-04-14 18:07:59,3,43,23.3,73,13.4,1012.8,0.3,0.7,4,909.6,0
2018-04-14 18:10:59,3,43,23.3,73,13.2,1012.8,0,0,4,909.6,0
2018-04-14 18:13:59,3,43,23.3,74,13.1,1012.7,0,0,4,909.6,0
2018-04-14 18:16:59,3,43,23.3,74,12.9,1012.7,0,0,4,909.6,0
2018-04-14 18:19:59,3,43,23.2,74,12.8,1012.8,0,0,14,909.6,0
2018-04-14 18:22:59,3,43,23.2,75,12.7,1012.9,0,0,0,909.6,0
2018-04-14 18:25:59,3,43,23.2,76,12.5,1012.9,0,0,0,909.6,0
2018-04-14 18:28:59,3,43,23.2,80,12.4,1012.9,0,0,0,909.6,0
2018-04-14 18:31:59,3,43,23.2,81,12.3,1012.9,0,0,2,909.6,0
2018-04-14 18:34:59,3,43,23.1,81,12.2,1012.9,0,0,2,909.6,0
2018-04-14 18:37:59,3,43,23.1,82,12.1,1013.0,0,0,2,909.6,0
2018-04-14 18:40:59,3,43,23.1,82,12.0,1013.1,0.3,0.7,14,909.6,0
2018-04-14 18:43:59,3,43,23.1,83,12.0,1013.2,0,0.3,12,909.6,0
2018-04-14 18:46:59,3,43,23.1,83,12.0,1013.1,0,0.3,2,909.6,0
2018-04-14 18:49:59,3,43,23.1,83,12.0,1013.2,0.3,1.0,4,909.6,0
2018-04-14 18:52:59,3,43,23.1,84,12.0,1013.2,0,0.3,14,909.6,0
2018-04-14 18:55:59,3,43,23.1,84,12.1,1013.2,0,0.3,14,909.6,0
2018-04-14 18:58:59,3,43,23.1,84,12.1,1013.3,0,0,14,909.6,0
2018-04-14 19:01:59,3,43,23.1,84,12.1,1013.2,0.7,1.0,0,909.6,0
2018-04-14 19:04:59,3,43,23.1,84,12.2,1013.1,0.3,0.7,4,909.6,0
2018-04-14 19:07:59,3,43,23.1,84,12.2,1013.3,0,0,10,909.6,0
2018-04-14 19:10:59,3,43,23.1,84,12.1,1013.4,0,0,0,909.6,0
2018-04-14 19:13:59,3,43,23.1,84,12.1,1013.3,0.3,0.7,0,909.6,0
2018-04-14 19:16:59,3,43,23.0,84,12.1,1013.3,0.3,0.7,0,909.6,0
2018-04-14 19:19:59,3,43,23.0,84,12.1,1013.3,0.3,0.7,4,909.6,0
2018-04-14 19:22:59,3,43,23.0,84,12.0,1013.3,0,0,4,909.6,0
2018-04-14 19:25:59,3,43,23.0,84,11.9,1013.3,0,0,4,909.6,0
2018-04-14 19:28:59,3,43,23.0,84,11.8,1013.5,0,0,6,909.6,0
2018-04-14 19:31:59,3,43,23.0,84,11.7,1013.3,0,0,4,909.6,0
2018-04-14 19:34:59,3,43,23.0,84,11.6,1013.3,0,0,0,909.6,0
2018-04-14 19:37:59,3,43,23.0,84,11.5,1013.3,0,0,0,909.6,0
2018-04-14 19:40:59,3,42,23.0,84,11.4,1013.3,0,0,0,909.6,0
2018-04-14 19:43:59,3,42,23.0,85,11.3,1013.4,0,0,0,909.6,0
2018-04-14 19:46:59,3,42,23.0,85,11.2,1013.4,0,0,0,909.6,0
2018-04-14 19:49:59,3,42,23.0,85,11.1,1013.3,0,0,0,909.6,0
2018-04-14 19:52:59,3,42,23.0,86,11.0,1013.3,0,0,0,909.6,0
2018-04-14 19:55:59,3,42,23.0,86,10.9,1013.3,0,0,0,909.6,0
2018-04-14 19:58:59,3,43,22.9,86,10.8,1013.3,0,0,0,909.6,0
2018-04-14 20:01:59,3,43,22.9,86,10.8,1013.3,0,0,0,909.6,0
2018-04-14 20:04:59,3,43,22.9,86,10.8,1013.3,0,0,0,909.6,0
2018-04-14 20:07:59,3,42,22.9,87,10.6,1013.3,0,0,0,909.6,0
2018-04-14 20:10:59,3,42,22.9,88,10.6,1013.3,0,0,0,909.6,0
2018-04-14 20:13:59,3,42,22.9,88,10.5,1013.3,0,0,0,909.6,0
2018-04-14 20:16:59,3,42,22.9,89,10.5,1013.3,0,0,0,909.6,0
2018-04-14 20:19:59,3,42,22.9,89,10.4,1013.2,0,0,0,909.6,0
2018-04-14 20:22:59,3,42,22.9,89,10.4,1013.2,0,0,0,909.6,0
2018-04-14 20:25:59,3,42,22.9,89,10.3,1013.2,0,0,0,909.6,0
2018-04-14 20:28:59,3,42,22.9,90,10.3,1013.2,0,0,0,909.6,0
2018-04-14 20:31:59,3,42,22.8,90,10.2,1013.2,0,0,0,909.6,0
2018-04-14 20:34:59,3,42,22.8,90,10.2,1013.3,0,0,0,909.6,0
2018-04-14 20:37:59,3,42,22.8,90,10.1,1013.1,0.3,0.7,0,909.6,0
2018-04-14 20:40:59,3,42,22.7,91,10.1,1013.1,0,0,0,909.6,0
2018-04-14 20:43:59,3,42,22.7,91,10.1,1013.3,0,0,0,909.6,0
2018-04-14 20:46:59,3,42,22.7,91,10.1,1013.2,0,0.3,0,909.6,0
2018-04-14 20:49:59,3,42,22.7,91,10.1,1013.2,0,0,0,909.6,0
2018-04-14 20:52:59,3,42,22.7,91,10.0,1013.3,0,0,0,909.6,0
2018-04-14 20:55:59,3,42,22.7,91,10.0,1013.3,1.0,1.4,0,909.6,0
2018-04-14 20:58:59,3,42,22.7,92,10.0,1013.2,0.3,0.7,0,909.6,0
2018-04-14 21:01:59,3,42,22.7,92,10.0,1013.2,0,0.3,0,909.6,0
2018-04-14 21:04:59,3,42,22.7,92,10.0,1013.3,0,0.3,14,909.6,0
2018-04-14 21:07:59,3,42,22.7,92,10.0,1013.4,0.7,1.0,0,909.6,0
2018-04-14 21:10:59,3,42,22.7,92,10.0,1013.3,0.3,0.7,2,909.6,0
2018-04-14 21:13:59,3,42,22.7,92,9.9,1013.4,0.3,0.7,0,909.6,0
2018-04-14 21:16:59,3,42,22.7,92,9.8,1013.2,0,0,0,909.6,0
2018-04-14 21:19:59,3,42,22.7,92,9.7,1013.2,0,0,0,909.6,0
2018-04-14 21:22:59,3,42,22.7,92,9.7,1013.3,0,0,0,909.6,0
2018-04-14 21:25:59,3,42,22.6,92,9.7,1013.0,0,0,0,909.6,0
2018-04-14 21:28:59,3,42,22.6,92,9.6,1013.1,0,0,0,909.6,0
2018-04-14 21:31:59,3,42,22.6,92,9.5,1013.2,0,0,0,909.6,0
2018-04-14 21:34:59,3,42,22.6,92,9.5,1013.1,0,0,0,909.6,0
2018-04-14 21:37:59,3,42,22.6,92,9.4,1013.1,0,0,0,909.6,0
2018-04-14 21:40:59,3,42,22.6,92,9.4,1013.1,0,0,0,909.6,0
2018-04-14 21:43:59,3,42,22.6,92,9.4,1013.2,0.7,1.4,14,909.6,0
2018-04-14 21:46:59,3,42,22.6,93,9.5,1013.2,0.7,1.0,0,909.6,0
2018-04-14 21:49:59,3,42,22.6,93,9.5,1013.1,0.3,0.7,0,909.6,0
2018-04-14 21:52:59,3,42,22.6,93,9.5,1013.1,0,0.3,2,909.6,0
2018-04-14 21:55:59,3,42,22.6,93,9.5,1013.1,0.3,0.7,0,909.6,0
2018-04-14 21:58:59,3,42,22.6,93,9.4,1013.0,0.3,0.3,0,909.6,0
2018-04-14 22:01:59,3,42,22.6,93,9.4,1013.1,0.3,0.7,0,909.6,0
2018-04-14 22:04:59,3,42,22.5,93,9.4,1013.1,0.3,0.7,0,909.6,0
2018-04-14 22:07:59,3,42,22.5,93,9.3,1013.1,0,0,0,909.6,0
2018-04-14 22:10:59,3,42,22.5,93,9.2,1013.0,0,0.3,4,909.6,0
2018-04-14 22:13:59,3,42,22.5,93,9.2,1013.3,0.3,0.7,2,909.6,0
2018-04-14 22:16:59,3,42,22.5,93,9.2,1013.2,0,0,0,909.6,0
2018-04-14 22:19:59,3,42,22.5,93,9.2,1013.3,0,0,0,909.6,0
2018-04-14 22:22:59,3,42,22.5,93,9.1,1013.3,0,0,0,909.6,0
2018-04-14 22:25:59,3,42,22.4,93,9.1,1013.3,0,0,0,909.6,0
2018-04-14 22:28:59,3,42,22.4,93,9.0,1013.2,0,0,0,909.6,0
2018-04-14 22:31:59,3,42,22.4,93,9.0,1013.2,0,0.3,0,909.6,0
2018-04-14 22:34:59,3,42,22.4,93,8.9,1013.3,0,0,0,909.6,0
2018-04-14 22:37:59,3,42,22.3,93,8.9,1013.2,0,0,0,909.6,0
2018-04-14 22:40:59,3,42,22.3,93,8.8,1013.3,0,0,0,909.6,0
2018-04-14 22:43:59,3,42,22.3,93,8.8,1013.1,0,0,0,909.6,0
2018-04-14 22:46:59,3,42,22.3,93,8.8,1013.1,0,0,0,909.6,0
2018-04-14 22:49:59,3,42,22.3,93,8.8,1013.1,0.3,0.7,0,909.6,0
2018-04-14 22:52:59,3,42,22.3,93,8.7,1013.0,0.7,0.7,0,909.6,0
2018-04-14 22:55:59,3,42,22.3,93,8.7,1013.0,0,0,2,909.6,0
2018-04-14 22:58:59,3,42,22.3,93,8.7,1013.1,0,0,2,909.6,0
2018-04-14 23:01:59,3,42,22.3,93,8.7,1013.0,0.3,0.7,2,909.6,0
2018-04-14 23:04:59,3,42,22.3,93,8.7,1013.0,0,0,0,909.6,0
2018-04-14 23:07:59,3,41,22.2,93,8.6,1013.0,0,0.7,0,909.6,0
2018-04-14 23:10:59,3,41,22.2,93,8.6,1013.0,0,0,0,909.6,0
2018-04-14 23:13:59,3,41,22.2,93,8.6,1013.0,0.7,1.0,2,909.6,0
2018-04-14 23:16:59,3,41,22.2,93,8.6,1013.2,0.3,0.7,4,909.6,0
2018-04-14 23:19:59,3,41,22.2,94,8.6,1013.1,0,0.3,0,909.6,0
2018-04-14 23:22:59,3,41,22.2,94,8.6,1013.0,0,0,14,909.6,0
2018-04-14 23:25:59,3,41,22.2,94,8.6,1013.0,0,0,0,909.6,0
2018-04-14 23:28:59,3,41,22.2,94,8.6,1013.0,0,0,2,909.6,0
2018-04-14 23:31:59,3,41,22.2,94,8.6,1013.0,0,0,2,909.6,0
2018-04-14 23:34:59,3,41,22.2,94,8.5,1013.0,0.7,1.0,0,909.6,0
2018-04-14 23:37:59,3,41,22.2,94,8.5,1012.9,1.0,1.4,0,909.6,0
2018-04-14 23:40:59,3,41,22.1,94,8.6,1012.9,0.7,1.0,0,909.6,0
2018-04-14 23:43:59,3,41,22.1,94,8.6,1012.8,0.7,1.0,2,909.6,0
2018-04-14 23:46:59,3,41,22.1,94,8.6,1012.8,0.7,1.0,0,909.6,0
2018-04-14 23:49:59,3,41,22.1,94,8.6,1012.7,0.7,1.0,0,909.6,0
2018-04-14 23:52:59,3,41,22.1,94,8.6,1012.7,0.7,1.0,0,909.6,0
2018-04-14 23:55:59,3,41,22.1,94,8.6,1012.7,0.7,1.0,0,909.6,0
2018-04-14 23:58:59,3,41,22.0,94,8.6,1012.6,0.7,1.0,0,909.6,0
