2018-04-12 00:01:59,3,36,22.6,84,10.5,1003.4,0.3,0.7,4,885.9,0
2018-04-12 00:04:59,3,36,22.6,84,10.5,1003.5,0.3,0.7,4,885.9,0
2018-04-12 00:07:59,3,36,22.6,85,10.6,1003.4,0.3,0.7,4,885.9,0
2018-04-12 00:10:59,3,36,22.6,85,10.5,1003.3,0.7,1.0,2,885.9,0
2018-04-12 00:13:59,3,36,22.6,85,10.5,1003.2,1.0,1.7,0,885.9,0
2018-04-12 00:16:59,3,36,22.5,85,10.5,1003.1,1.0,1.4,2,885.9,0
2018-04-12 00:19:59,3,36,22.5,85,10.5,1003.2,0.7,1.4,6,885.9,0
2018-04-12 00:22:59,3,36,22.5,85,10.5,1003.1,1.0,2.0,2,885.9,0
2018-04-12 00:25:59,3,36,22.5,85,10.5,1003.2,0.7,1.0,0,885.9,0
2018-04-12 00:28:59,3,36,22.5,85,10.5,1003.2,1.4,2.0,2,885.9,0
2018-04-12 00:31:59,3,36,22.5,85,10.5,1003.1,0.7,1.0,2,885.9,0
2018-04-12 00:34:59,3,36,22.4,85,10.5,1003.1,0.7,1.4,0,885.9,0
2018-04-12 00:37:59,3,36,22.4,85,10.5,1003.1,0.7,1.0,4,885.9,0
2018-04-12 00:40:59,3,36,22.4,85,10.5,1003.1,0.7,1.4,4,885.9,0
2018-04-12 00:43:59,3,36,22.3,85,10.4,1003.0,0.7,1.4,2,885.9,0
2018-04-12 00:46:59,3,36,22.3,85,10.5,1003.2,1.0,1.4,14,885.9,0
2018-04-12 00:49:59,3,36,22.3,85,10.5,1003.1,1.4,1.7,0,885.9,0
2018-04-12 00:52:59,3,36,22.3,85,10.5,1003.1,0.3,1.0,0,885.9,0
2018-04-12 00:55:59,3,36,22.3,85,10.4,1003.1,0.3,0.7,2,885.9,0
2018-04-12 00:58:59,3,36,22.3,85,10.4,1003.2,0.7,1.0,12,885.9,0
2018-04-12 01:01:59,3,36,22.3,85,10.4,1003.2,0.3,0.7,2,885.9,0
2018-04-12 01:04:59,3,36,22.3,85,10.3,1003.1,0.3,1.0,5,885.9,0
2018-04-12 01:07:59,3,36,22.3,85,10.2,1003.0,0,0,14,885.9,0
2018-04-12 01:10:59,3,36,22.3,85,10.2,1003.1,0.3,1.0,0,885.9,0
2018-04-12 01:13:59,3,36,22.3,86,10.2,1003.0,1.0,1.4,0,885.9,0
2018-04-12 01:16:59,3,36,22.2,86,10.1,1003.1,0.7,1.0,0,885.9,0
2018-04-12 01:19:59,3,36,22.2,86,10.1,1003.1,1.0,1.4,0,885.9,0
2018-04-12 01:22:59,3,36,22.2,86,10.1,1003.0,0.3,0.7,0,885.9,0
2018-04-12 01:25:59,3,36,22.2,87,10.1,1002.9,0.7,1.0,0,885.9,0
2018-04-12 01:28:59,3,36,22.2,87,10.1,1003.0,1.4,2.0,2,885.9,0
2018-04-12 01:31:59,3,36,22.2,87,10.1,1002.9,1.0,1.4,0,885.9,0
2018-04-12 01:34:59,3,36,22.2,87,10.1,1002.9,0.7,1.0,0,885.9,0
2018-04-12 01:37:59,3,36,22.2,87,10.1,1002.9,1.0,1.7,0,885.9,0
2018-04-12 01:40:59,3,36,22.2,87,10.0,1002.9,1.0,1.4,0,885.9,0
2018-04-12 01:43:59,3,36,22.2,87,10.0,1002.9,0,0,2,885.9,0
2018-04-12 01:46:59,3,36,22.2,87,10.0,1002.9,1.0,1.4,2,885.9,0
2018-04-12 01:49:59,3,36,22.1,87,10.0,1002.9,0.7,1.0,0,885.9,0
2018-04-12 01:52:59,3,36,22.1,88,10.0,1002.8,0.3,0.7,2,885.9,0
2018-04-12 01:55:59,3,36,22.1,88,10.0,1002.7,0.3,0.7,14,885.9,0
2018-04-12 01:58:59,3,36,22.1,88,10.0,1002.8,0,0,0,885.9,0
2018-04-12 02:01:59,3,36,22.1,88,10.0,1002.8,0.3,0.7,0,885.9,0
2018-04-12 02:04:59,3,36,22.1,88,10.0,1002.7,0.3,0.7,0,885.9,0
2018-04-12 02:07:59,3,36,22.1,88,10.1,1002.6,0.7,1.7,2,885.9,0
2018-04-12 02:10:59,3,36,22.1,88,10.1,1002.7,0,0,2,885.9,0
2018-04-12 02:13:59,3,36,22.0,88,10.1,1002.8,0.3,0.3,0,885.9,0
2018-04-12 02:16:59,3,36,22.0,88,10.0,1002.7,0.3,0.7,8,885.9,0
2018-04-12 02:19:59,3,36,22.0,88,10.0,1002.7,0.3,0.7,1,885.9,0
2018-04-12 02:22:59,3,36,22.0,88,10.0,1002.8,1.0,1.4,2,885.9,0
2018-04-12 02:25:59,3,36,22.0,88,10.1,1002.6,0.7,1.0,0,885.9,0
2018-04-12 02:28:59,3,37,21.9,88,10.0,1002.6,0.7,1.0,0,885.9,0
2018-04-12 02:31:59,3,37,21.9,88,10.0,1002.6,0.7,1.4,0,885.9,0
2018-04-12 02:34:59,3,37,21.9,88,10.0,1002.6,0,0.7,0,885.9,0
2018-04-12 02:37:59,3,37,21.9,88,9.9,1002.5,0.3,0.7,14,885.9,0
2018-04-12 02:40:59,3,37,21.9,88,9.9,1002.5,0.7,1.0,4,885.9,0
2018-04-12 02:43:59,3,37,21.9,88,9.8,1002.5,1.0,1.4,0,885.9,0
2018-04-12 02:46:59,3,37,21.9,88,9.8,1002.4,0.7,1.0,4,885.9,0
2018-04-12 02:49:59,3,37,21.9,88,9.8,1002.4,0.7,0.7,0,885.9,0
2018-04-12 02:52:59,3,37,21.9,88,9.8,1002.4,0.7,1.0,0,885.9,0
2018-04-12 02:55:59,3,37,21.9,88,9.8,1002.5,0,0.3,0,885.9,0
2018-04-12 02:58:59,3,37,21.9,88,9.7,1002.5,0.3,0.7,14,885.9,0
2018-04-12 03:01:59,3,37,21.8,88,9.7,1002.5,0,1.0,14,885.9,0
2018-04-12 03:04:59,3,37,21.8,89,9.6,1002.4,0.7,1.4,0,885.9,0
2018-04-12 03:07:59,3,37,21.8,89,9.6,1002.3,0,0.3,2,885.9,0
2018-04-12 03:10:59,3,37,21.8,89,9.5,1002.3,0.3,0.7,0,885.9,0
2018-04-12 03:13:59,3,37,21.8,89,9.5,1002.4,0.3,0.7,14,885.9,0
2018-04-12 03:16:59,3,37,21.8,89,9.4,1002.4,0.3,0.7,2,885.9,0
2018-04-12 03:19:59,3,37,21.8,89,9.4,1002.3,0.7,1.0,14,885.9,0
2018-04-12 03:22:59,3,37,21.8,89,9.4,1002.3,0.3,1.0,0,885.9,0
2018-04-12 03:25:59,3,37,21.8,90,9.4,1002.2,0.7,1.0,0,885.9,0
2018-04-12 03:28:59,3,37,21.8,90,9.4,1002.2,0.7,1.0,14,885.9,0
2018-04-12 03:31:59,3,37,21.8,90,9.3,1002.2,0.3,0.7,0,885.9,0
2018-04-12 03:34:59,3,37,21.7,90,9.3,1002.2,0.3,0.7,0,885.9,0
2018-04-12 03:37:59,3,37,21.7,90,9.2,1002.1,1.4,1.7,0,885.9,0
2018-04-12 03:40:59,3,37,21.7,90,9.2,1002.1,0.7,1.4,0,885.9,0
2018-04-12 03:43:59,3,37,21.7,90,9.3,1002.1,0.7,1.0,0,885.9,0
2018-04-12 03:46:59,3,37,21.7,90,9.3,1001.9,0.7,1.4,0,885.9,0
2018-04-12 03:49:59,3,37,21.7,91,9.3,1001.9,0.3,1.0,0,885.9,0
2018-04-12 03:52:59,3,37,21.7,91,9.3,1002.0,0.3,0.7,2,885.9,0
2018-04-12 03:55:59,3,37,21.7,91,9.3,1001.9,1.0,1.4,0,885.9,0
2018-04-12 03:58:59,3,37,21.7,91,9.3,1001.8,0.3,0.7,0,885.9,0
2018-04-12 04:01:59,3,37,21.7,91,9.3,1001.8,0.3,0.7,0,885.9,0
2018-04-12 04:04:59,3,36,21.6,91,9.3,1001.8,0.3,0.7,0,885.9,0
2018-04-12 04:07:59,3,37,21.6,91,9.3,1001.7,0.7,1.0,2,885.9,0
2018-04-12 04:10:59,3,37,21.6,91,9.3,1001.7,1.0,1.4,2,885.9,0
2018-04-12 04:13:59,3,37,21.6,91,9.4,1001.6,0.7,1.0,0,885.9,0
2018-04-12 04:16:59,3,37,21.6,91,9.4,1001.5,1.0,2.0,14,885.9,0
2018-04-12 04:19:59,3,37,21.6,91,9.5,1001.6,1.4,1.7,2,885.9,0
2018-04-12 04:22:59,3,37,21.6,91,9.5,1001.6,1.0,1.7,0,885.9,0
2018-04-12 04:25:59,3,37,21.5,91,9.5,1001.5,1.0,1.7,0,885.9,0
2018-04-12 04:28:59,3,36,21.5,91,9.5,1001.5,0.7,1.0,4,885.9,0
2018-04-12 04:31:59,3,36,21.5,91,9.6,1001.6,0.7,1.0,0,885.9,0
2018-04-12 04:34:59,3,36,21.5,91,9.6,1001.6,1.0,1.4,0,885.9,0
2018-04-12 04:37:59,3,36,21.5,91,9.6,1001.5,0.3,0.7,6,885.9,0
2018-04-12 04:40:59,3,36,21.5,90,9.6,1001.5,1.0,1.4,0,885.9,0
2018-04-12 04:43:59,3,36,21.5,90,9.7,1001.5,3.1,3.7,2,885.9,0
2018-04-12 04:46:59,3,36,21.5,90,9.7,1001.5,1.0,1.7,4,885.9,0
2018-04-12 04:49:59,3,36,21.5,90,9.8,1001.4,1.0,1.4,4,885.9,0
2018-04-12 04:52:59,3,36,21.5,90,9.8,1001.4,0.7,1.0,4,885.9,0
2018-04-12 04:55:59,3,36,21.5,90,9.9,1001.5,1.0,1.7,4,885.9,0
2018-04-12 04:58:59,3,36,21.5,90,9.9,1001.4,1.4,2.0,2,885.9,0
2018-04-12 05:01:59,3,36,21.4,90,10.0,1001.5,0.7,1.0,4,885.9,0
2018-04-12 05:04:59,3,36,21.4,90,10.0,1001.6,1.0,1.4,2,885.9,0
2018-04-12 05:07:59,3,36,21.4,89,10.1,1001.7,0.7,1.0,0,885.9,0
2018-04-12 05:10:59,3,36,21.4,89,10.1,1001.7,1.0,1.4,0,885.9,0
2018-04-12 05:13:59,3,37,21.4,88,10.2,1001.8,1.0,1.4,0,885.9,0
2018-04-12 05:16:59,3,37,21.5,88,10.2,1001.7,1.0,1.7,4,885.9,0
2018-04-12 05:19:59,3,37,21.5,88,10.4,1001.6,1.0,1.4,14,885.9,0
2018-04-12 05:22:59,3,37,21.6,87,10.5,1001.8,1.4,2.0,0,885.9,0
2018-04-12 05:25:59,3,37,21.7,86,10.6,1001.7,2.4,3.1,0,885.9,0
2018-04-12 05:28:59,3,37,21.7,85,10.6,1001.7,1.4,2.7,2,885.9,0
2018-04-12 05:31:59,3,37,21.8,84,10.7,1001.7,1.4,1.7,0,885.9,0
2018-04-12 05:34:59,3,37,21.9,84,10.8,1001.7,0.7,1.0,0,885.9,0
2018-04-12 05:37:59,3,36,21.9,83,10.9,1001.7,1.7,2.7,0,885.9,0
2018-04-12 05:40:59,3,35,22.1,83,11.0,1001.7,1.7,2.7,2,885.9,0
2018-04-12 05:43:59,3,35,22.1,82,11.0,1001.7,1.4,1.7,2,885.9,0
2018-04-12 05:46:59,3,35,22.2,82,11.1,1001.7,2.7,3.4,2,885.9,0
2018-04-12 05:49:59,3,35,22.2,82,11.2,1001.8,1.7,2.4,5,885.9,0
2018-04-12 05:52:59,3,35,22.3,81,11.3,1001.7,1.4,2.0,10,885.9,0
2018-04-12 05:55:59,3,35,22.3,81,11.4,1001.6,1.7,2.4,4,885.9,0
2018-04-12 05:58:59,3,35,22.3,81,11.6,1001.8,2.0,2.7,4,885.9,0
2018-04-12 06:01:59,3,35,22.3,80,11.7,1001.8,1.7,2.0,3,885.9,0
2018-04-12 06:04:59,3,35,22.5,80,11.7,1001.8,1.7,2.0,3,885.9,0
2018-04-12 06:07:59,3,35,22.5,78,12.1,1001.8,0.7,1.0,2,885.9,0
2018-04-12 06:10:59,3,35,22.6,77,12.2,1001.7,2.4,3.7,0,885.9,0
2018-04-12 06:13:59,3,35,22.6,76,12.2,1001.7,1.0,1.7,0,885.9,0
2018-04-12 06:16:59,3,35,22.7,76,12.2,1001.8,1.4,2.4,2,885.9,0
2018-04-12 06:19:59,3,35,22.7,76,12.1,1001.9,1.7,2.0,6,885.9,0
2018-04-12 06:22:59,3,35,22.8,76,12.2,1001.9,0.7,1.7,6,885.9,0
2018-04-12 06:25:59,3,35,22.9,76,12.3,1001.8,3.1,4.1,6,885.9,0
2018-04-12 06:28:59,3,35,23.0,73,12.5,1001.9,1.0,1.7,12,885.9,0
2018-04-12 06:31:59,3,35,23.0,73,12.9,1001.8,1.0,2.4,0,885.9,0
2018-04-12 06:34:59,3,35,23.0,72,13.0,1001.8,2.7,4.1,1,885.9,0
2018-04-12 06:37:59,3,35,23.1,71,13.0,1001.9,2.0,3.4,3,885.9,0
2018-04-12 06:40:59,3,35,23.1,71,13.0,1001.8,1.7,2.7,12,885.9,0
2018-04-12 06:43:59,3,35,23.1,71,13.1,1001.8,1.4,2.0,4,885.9,0
2018-04-12 06:46:59,3,35,23.1,71,13.2,1001.8,1.7,2.4,4,885.9,0
2018-04-12 06:49:59,3,35,23.0,70,13.3,1001.7,1.0,1.7,0,885.9,0
2018-04-12 06:52:59,3,35,23.0,70,13.5,1001.7,3.4,4.8,4,885.9,0
2018-04-12 06:55:59,3,34,22.9,70,13.7,1001.7,1.0,1.7,0,885.9,0
2018-04-12 06:58:59,3,35,22.7,70,13.8,1001.6,2.0,3.1,2,885.9,0
2018-04-12 07:01:59,3,35,22.7,69,13.9,1001.5,1.0,1.7,4,885.9,0
2018-04-12 07:04:59,3,35,22.7,68,13.8,1001.4,1.0,1.7,2,885.9,0
2018-04-12 07:07:59,3,35,22.6,68,13.7,1001.2,1.7,2.4,15,885.9,0
2018-04-12 07:10:59,3,35,22.6,68,13.7,1001.2,4.1,5.1,2,885.9,0
2018-04-12 07:13:59,3,35,22.6,68,13.5,1001.1,4.1,5.4,0,885.9,0
2018-04-12 07:16:59,3,35,22.6,69,13.4,1001.1,1.0,1.4,6,885.9,0
2018-04-12 07:19:59,3,35,22.5,69,13.4,1001.3,1.0,2.4,2,885.9,0
2018-04-12 07:22:59,3,35,22.5,69,13.4,1001.4,1.4,2.4,2,885.9,0
2018-04-12 07:25:59,3,35,22.5,70,13.4,1001.4,1.4,2.0,2,885.9,0
2018-04-12 07:28:59,3,35,22.4,69,13.3,1001.4,1.7,3.1,0,885.9,0
2018-04-12 07:31:59,3,35,22.3,70,13.2,1001.3,1.7,2.0,2,885.9,0
2018-04-12 07:34:59,3,35,22.3,70,13.2,1001.4,1.7,2.4,4,885.9,0
2018-04-12 07:37:59,3,35,22.3,70,13.2,1001.2,1.4,1.7,0,885.9,0
2018-04-12 07:40:59,3,36,22.3,70,13.2,1001.3,1.7,2.7,4,885.9,0
2018-04-12 07:43:59,3,36,22.3,70,13.3,1001.3,1.0,1.4,4,885.9,0
2018-04-12 07:46:59,3,37,22.4,70,13.4,1001.3,1.0,1.7,12,885.9,0
2018-04-12 07:49:59,3,37,22.5,70,13.5,1001.2,2.0,2.4,15,885.9,0
2018-04-12 07:52:59,3,37,22.6,70,13.6,1001.2,1.7,3.1,0,885.9,0
2018-04-12 07:55:59,3,36,22.7,69,13.8,1001.2,1.0,1.7,2,885.9,0
2018-04-12 07:58:59,3,36,22.7,69,14.0,1001.2,1.7,2.4,0,885.9,0
2018-04-12 08:01:59,3,36,22.7,68,14.0,1001.3,1.0,1.7,4,885.9,0
2018-04-12 08:04:59,3,36,22.9,68,14.0,1001.3,1.0,1.7,4,885.9,0
2018-04-12 08:07:59,3,36,22.9,67,14.7,1001.2,1.4,2.7,0,885.9,0
2018-04-12 08:10:59,3,36,22.9,65,14.8,1001.2,1.7,2.0,12,885.9,0
2018-04-12 08:13:59,3,35,23.0,65,15.2,1001.3,1.7,2.4,4,885.9,0
2018-04-12 08:16:59,3,36,23.0,64,15.3,1001.2,1.4,1.7,6,885.9,0
2018-04-12 08:19:59,3,36,23.1,64,15.4,1001.2,0.7,1.4,6,885.9,0
2018-04-12 08:22:59,3,35,23.1,63,15.4,1001.2,2.4,3.1,0,885.9,0
2018-04-12 08:25:59,3,35,23.1,63,15.5,1001.1,1.4,2.0,6,885.9,0
2018-04-12 08:28:59,3,35,23.2,63,15.7,1001.2,0.7,1.0,12,885.9,0
2018-04-12 08:31:59,3,35,23.3,62,15.9,1001.1,2.0,2.4,4,885.9,0
2018-04-12 08:34:59,3,35,23.3,62,16.1,1001.2,1.7,2.4,4,885.9,0
2018-04-12 08:37:59,3,35,23.3,62,16.3,1001.2,1.0,2.0,0,885.9,0
2018-04-12 08:40:59,3,35,23.4,61,16.5,1001.3,2.0,2.7,4,885.9,0
2018-04-12 08:43:59,3,35,23.4,61,16.5,1001.2,2.0,3.7,4,885.9,0
2018-04-12 08:46:59,3,35,23.4,61,16.4,1001.3,1.4,1.7,5,885.9,0
2018-04-12 08:49:59,3,35,23.4,61,16.4,1001.4,1.7,2.4,0,885.9,0
2018-04-12 08:52:59,3,35,23.4,61,16.4,1001.4,1.4,1.7,6,885.9,0
2018-04-12 08:55:59,3,35,23.4,61,16.6,1001.4,1.7,2.4,6,885.9,0
2018-04-12 08:58:59,3,35,23.4,60,16.6,1001.5,1.4,2.7,2,885.9,0
2018-04-12 09:01:59,3,35,23.5,60,16.7,1001.4,1.7,2.0,0,885.9,0
2018-04-12 09:04:59,3,35,23.4,60,16.7,1001.4,2.4,3.7,10,885.9,0
2018-04-12 09:07:59,3,35,23.4,60,16.8,1001.4,2.4,3.1,2,885.9,0
2018-04-12 09:10:59,3,35,23.3,60,16.8,1001.5,1.7,2.0,0,885.9,0
2018-04-12 09:13:59,3,35,23.1,60,16.8,1001.3,2.0,3.1,2,885.9,0
2018-04-12 09:16:59,3,35,23.1,60,16.8,1001.2,1.4,2.4,8,885.9,0
2018-04-12 09:19:59,3,35,23.0,60,16.8,1001.2,2.0,3.1,5,885.9,0
2018-04-12 09:22:59,3,35,23.0,60,16.9,1001.2,2.4,3.1,5,885.9,0
2018-04-12 09:25:59,3,36,23.0,60,17.0,1001.1,2.7,3.4,2,885.9,0
2018-04-12 09:28:59,3,36,22.9,60,17.1,1001.0,2.0,2.7,6,885.9,0
2018-04-12 09:31:59,3,36,22.9,60,17.0,1000.8,3.4,4.4,6,885.9,0
2018-04-12 09:34:59,3,36,22.9,60,17.0,1000.8,1.7,2.0,4,885.9,0
2018-04-12 09:37:59,3,36,22.7,60,17.2,1000.6,1.7,2.4,6,885.9,0
2018-04-12 09:40:59,3,36,22.7,55,17.6,1000.6,2.4,3.1,4,885.9,0
2018-04-12 09:43:59,3,36,22.7,54,17.7,1000.5,3.7,5.4,4,885.9,0
2018-04-12 09:46:59,3,36,22.7,54,17.9,1000.6,2.0,3.4,0,885.9,0
2018-04-12 09:49:59,3,36,22.7,54,18.1,1000.6,1.4,2.0,0,885.9,0
2018-04-12 09:52:59,3,37,22.6,54,18.3,1000.6,1.4,2.0,8,885.9,0
2018-04-12 09:55:59,3,37,22.6,53,18.5,1000.6,2.0,3.1,0,885.9,0
2018-04-12 09:58:59,3,37,22.6,53,18.4,1000.5,1.7,2.7,6,885.9,0
2018-04-12 10:01:59,3,38,22.6,53,18.4,1000.5,3.1,4.4,6,885.9,0
2018-04-12 10:04:59,3,38,22.6,53,18.4,1000.5,3.1,4.4,6,885.9,0
2018-04-12 10:07:59,3,38,22.5,53,18.5,1000.5,2.0,2.4,4,885.9,0
2018-04-12 10:10:59,3,38,22.5,53,18.6,1000.5,2.7,3.4,4,885.9,0
2018-04-12 10:13:59,3,38,22.5,53,18.6,1000.4,3.1,4.1,0,885.9,0
2018-04-12 10:16:59,3,38,22.5,53,18.6,1000.3,3.1,4.8,2,885.9,0
2018-04-12 10:19:59,3,38,22.4,53,18.6,1000.4,3.1,3.7,4,885.9,0
2018-04-12 10:22:59,3,38,22.4,53,18.7,1000.2,2.0,2.7,4,885.9,0
2018-04-12 10:25:59,3,38,22.4,53,18.7,1000.2,2.7,3.4,4,885.9,0
2018-04-12 10:28:59,3,38,22.3,53,18.7,1000.2,1.4,1.7,8,885.9,0
2018-04-12 10:31:59,3,38,22.3,53,18.8,1000.2,2.0,2.4,0,885.9,0
2018-04-12 10:34:59,3,38,22.3,53,18.9,1000.3,2.0,3.4,6,885.9,0
2018-04-12 10:37:59,3,38,22.3,53,19.0,1000.4,2.0,2.7,4,885.9,0
2018-04-12 10:40:59,3,38,22.3,53,18.9,1000.5,2.4,4.8,4,885.9,0
2018-04-12 10:43:59,3,38,22.3,53,18.8,1000.3,1.7,2.4,14,885.9,0
2018-04-12 10:46:59,3,38,22.3,53,18.8,1000.3,0.3,1.0,4,885.9,0
2018-04-12 10:49:59,3,38,22.2,53,18.9,1000.2,2.4,3.4,0,885.9,0
2018-04-12 10:52:59,3,38,22.2,53,19.0,1000.2,1.7,2.7,8,885.9,0
2018-04-12 10:55:59,3,38,22.2,52,19.1,1000.0,2.0,3.1,0,885.9,0
2018-04-12 10:58:59,3,38,22.2,52,19.2,1000.2,1.4,2.0,2,885.9,0
2018-04-12 11:01:59,3,38,22.2,53,19.5,1000.2,1.4,1.7,4,885.9,0
2018-04-12 11:04:59,3,38,22.2,51,19.9,1000.1,4.1,5.8,2,885.9,0
2018-04-12 11:07:59,3,38,22.2,51,20.0,1000.1,2.4,3.4,4,885.9,0
2018-04-12 11:10:59,3,38,22.2,51,20.2,1000.1,1.7,3.1,4,885.9,0
2018-04-12 11:13:59,3,38,22.2,50,20.6,1000.2,2.0,3.1,12,885.9,0
2018-04-12 11:16:59,3,38,22.2,50,20.9,1000.2,2.4,3.4,4,885.9,0
2018-04-12 11:19:59,3,38,22.2,49,21.0,1000.3,2.0,2.7,15,885.9,0
2018-04-12 11:22:59,3,38,22.2,50,21.2,1000.3,1.7,2.7,2,885.9,0
2018-04-12 11:25:59,3,38,22.2,48,21.5,1000.1,2.7,4.1,6,885.9,0
2018-04-12 11:28:59,3,38,22.1,48,21.7,1000.3,2.0,2.7,2,885.9,0
2018-04-12 11:31:59,3,38,22.1,47,21.9,1000.2,2.7,4.4,4,885.9,0
2018-04-12 11:34:59,3,38,22.1,47,22.0,1000.2,1.4,2.4,4,885.9,0
2018-04-12 11:37:59,3,38,22.1,47,22.1,1000.1,2.4,4.1,14,885.9,0
2018-04-12 11:40:59,3,38,22.1,46,22.2,1000.2,4.4,5.4,4,885.9,0
2018-04-12 11:43:59,3,38,22.1,46,22.2,1000.1,4.1,5.4,4,885.9,0
2018-04-12 11:46:59,3,38,22.1,45,22.1,1000.0,4.1,5.1,4,885.9,0
2018-04-12 11:49:59,3,38,22.1,45,22.1,999.9,2.0,2.7,6,885.9,0
2018-04-12 11:52:59,3,38,22.1,46,22.2,1000.0,1.7,2.7,8,885.9,0
2018-04-12 11:55:59,3,38,22.1,46,22.3,999.9,2.4,3.4,6,885.9,0
2018-04-12 11:58:59,3,38,22.1,42,22.6,999.9,3.4,5.1,0,885.9,0
2018-04-12 12:01:59,3,38,22.1,42,22.6,999.9,3.7,5.1,4,885.9,0
2018-04-12 12:04:59,3,38,22.1,42,22.6,999.7,3.7,5.1,4,885.9,0
2018-04-12 12:07:59,3,39,22.1,40,22.5,999.8,3.1,5.8,2,885.9,0
2018-04-12 12:10:59,3,39,22.1,41,22.7,999.6,1.4,1.7,6,885.9,0
2018-04-12 12:13:59,3,39,22.1,41,23.2,999.6,2.4,5.1,4,885.9,0
2018-04-12 12:16:59,3,39,22.1,39,23.2,999.5,2.7,5.1,1,885.9,0
2018-04-12 12:19:59,3,39,22.1,40,23.2,999.6,1.7,2.4,4,885.9,0
2018-04-12 12:22:59,3,39,22.1,39,23.5,999.6,3.1,4.4,2,885.9,0
2018-04-12 12:25:59,3,39,22.1,38,23.3,999.7,2.4,3.1,6,885.9,0
2018-04-12 12:28:59,3,39,22.1,38,23.3,999.6,2.7,3.4,5,885.9,0
2018-04-12 12:31:59,3,39,22.2,38,23.2,999.5,5.4,7.1,4,885.9,0
2018-04-12 12:34:59,3,39,22.2,38,23.1,999.4,2.0,3.1,4,885.9,0
2018-04-12 12:37:59,3,39,22.2,38,23.1,999.2,4.1,5.8,4,885.9,0
2018-04-12 12:40:59,3,39,22.2,38,23.0,999.1,2.4,3.1,6,885.9,0
2018-04-12 12:43:59,3,39,22.2,38,23.0,999.1,2.0,2.4,4,885.9,0
2018-04-12 12:46:59,3,39,22.2,38,22.8,999.0,2.4,3.4,6,885.9,0
2018-04-12 12:49:59,3,39,22.2,38,22.7,999.1,1.4,1.7,9,885.9,0
2018-04-12 12:52:59,3,39,22.3,38,22.7,999.2,3.1,3.7,4,885.9,0
2018-04-12 12:55:59,3,39,22.5,40,22.8,999.3,2.0,3.4,8,885.9,0
2018-04-12 12:58:59,3,39,22.6,41,22.7,999.3,2.0,2.4,0,885.9,0
2018-04-12 13:01:59,3,39,22.6,42,22.5,999.3,2.7,3.4,12,885.9,0
2018-04-12 13:04:59,3,39,22.7,43,22.5,999.2,2.4,3.1,4,885.9,0
2018-04-12 13:07:59,3,39,22.8,40,22.6,999.2,3.4,4.8,4,885.9,0
2018-04-12 13:10:59,3,39,22.9,40,22.8,999.2,2.0,3.1,8,885.9,0
2018-04-12 13:13:59,3,39,22.9,39,23.0,999.2,2.4,3.7,4,885.9,0
2018-04-12 13:16:59,3,39,22.9,37,23.1,999.2,2.0,3.7,2,885.9,0
2018-04-12 13:19:59,3,39,22.9,36,23.2,999.1,2.7,3.4,2,885.9,0
2018-04-12 13:22:59,3,39,22.9,37,23.3,999.0,1.7,2.7,4,885.9,0
2018-04-12 13:25:59,3,39,22.9,36,23.2,999.2,2.7,3.7,2,885.9,0
2018-04-12 13:28:59,3,39,22.9,36,23.1,999.2,2.7,3.7,0,885.9,0
2018-04-12 13:31:59,3,39,22.9,36,23.1,999.2,3.4,4.8,0,885.9,0
2018-04-12 13:34:59,3,39,22.9,36,23.3,999.1,2.4,2.7,5,885.9,0
2018-04-12 13:37:59,3,39,22.9,36,23.6,999.1,1.7,2.7,6,885.9,0
2018-04-12 13:40:59,3,39,22.9,36,23.6,999.1,2.0,3.1,14,885.9,0
2018-04-12 13:43:59,3,38,22.9,35,23.4,999.1,3.7,4.4,8,885.9,0
2018-04-12 13:46:59,3,38,22.9,36,23.5,999.1,1.4,1.7,6,885.9,0
2018-04-12 13:49:59,3,38,22.9,36,23.8,999.1,2.0,2.7,4,885.9,0
2018-04-12 13:52:59,3,38,22.9,34,24.1,998.9,3.4,4.4,12,885.9,0
2018-04-12 13:55:59,3,38,22.9,33,24.3,999.0,5.4,7.8,4,885.9,0
2018-04-12 13:58:59,3,38,23.0,33,24.4,999.1,3.7,5.4,8,885.9,0
2018-04-12 14:01:59,3,38,23.0,33,24.5,999.1,1.4,2.0,4,885.9,0
2018-04-12 14:04:59,3,37,23.0,33,24.5,998.9,1.4,2.0,4,885.9,0
2018-04-12 14:07:59,3,37,23.0,36,24.6,999.0,4.1,5.1,4,885.9,0
2018-04-12 14:10:59,3,37,23.0,35,24.6,998.8,1.4,2.0,0,885.9,0
2018-04-12 14:13:59,3,37,23.0,35,24.7,998.7,2.4,3.7,2,885.9,0
2018-04-12 14:16:59,3,37,23.0,34,24.7,998.9,2.0,2.7,4,885.9,0
2018-04-12 14:19:59,3,37,23.0,36,24.6,998.9,3.1,3.7,4,885.9,0
2018-04-12 14:22:59,3,37,23.0,37,24.6,998.9,1.4,2.0,4,885.9,0
2018-04-12 14:25:59,3,37,23.0,37,24.7,998.9,2.4,3.4,10,885.9,0
2018-04-12 14:28:59,3,37,23.0,36,24.8,999.0,1.4,2.0,4,885.9,0
2018-04-12 14:31:59,3,37,23.0,36,24.5,999.0,1.0,1.7,2,885.9,0
2018-04-12 14:34:59,3,37,23.1,36,24.5,998.8,2.0,4.4,0,885.9,0
2018-04-12 14:37:59,3,37,23.1,37,24.5,998.8,4.1,5.1,2,885.9,0
2018-04-12 14:40:59,3,37,23.1,36,24.5,998.9,3.1,5.4,4,885.9,0
2018-04-12 14:43:59,3,37,23.1,36,24.1,998.8,3.4,4.8,5,885.9,0
2018-04-12 14:46:59,3,37,23.1,37,23.8,999.0,1.7,3.4,6,885.9,0
2018-04-12 14:49:59,3,37,23.1,39,23.6,998.9,2.0,3.4,4,885.9,0
2018-04-12 14:52:59,3,37,23.1,40,23.4,998.9,3.4,4.1,2,885.9,0
2018-04-12 14:55:59,3,37,23.1,40,23.2,998.9,3.4,4.1,4,885.9,0
2018-04-12 14:58:59,3,37,23.1,40,23.1,999.0,2.7,4.1,0,885.9,0
2018-04-12 15:01:59,3,37,23.1,41,22.9,999.0,2.7,3.7,4,885.9,0
2018-04-12 15:04:59,3,37,23.1,41,22.7,999.0,3.4,4.4,4,885.9,0
2018-04-12 15:07:59,3,37,23.1,42,22.7,998.9,2.0,2.4,2,885.9,0
2018-04-12 15:10:59,3,37,23.1,42,22.9,999.0,2.4,4.1,4,885.9,0
2018-04-12 15:13:59,3,38,23.1,41,23.1,998.9,3.4,4.4,4,885.9,0
2018-04-12 15:16:59,3,38,23.1,41,23.1,998.8,2.4,2.7,6,885.9,0
2018-04-12 15:19:59,3,38,23.1,41,23.3,999.0,1.7,2.4,2,885.9,0
2018-04-12 15:22:59,3,38,23.1,41,23.4,998.9,1.4,2.0,0,885.9,0
2018-04-12 15:25:59,3,38,23.1,41,23.2,998.8,2.0,2.7,8,885.9,0
2018-04-12 15:28:59,3,38,23.1,41,22.7,998.9,5.4,6.8,8,885.9,0
2018-04-12 15:31:59,3,38,23.2,45,22.4,999.1,1.7,2.0,4,885.9,0
2018-04-12 15:34:59,3,38,23.2,46,22.2,999.0,2.4,3.4,8,885.9,0
2018-04-12 15:37:59,3,38,23.2,47,22.1,999.0,2.4,3.7,4,885.9,0
2018-04-12 15:40:59,3,39,23.2,47,21.9,999.1,3.4,4.8,6,885.9,0
2018-04-12 15:43:59,3,39,23.2,47,21.8,999.0,2.7,3.4,6,885.9,0
2018-04-12 15:46:59,3,39,23.2,48,21.8,999.0,1.7,2.4,4,885.9,0
2018-04-12 15:49:59,3,39,23.2,47,21.8,999.0,3.7,5.8,2,885.9,0
2018-04-12 15:52:59,3,39,23.2,48,21.8,999.0,1.7,2.4,14,885.9,0
2018-04-12 15:55:59,3,39,23.2,48,21.8,999.1,2.7,3.1,0,885.9,0
2018-04-12 15:58:59,3,39,23.2,48,21.8,999.1,1.7,2.7,4,885.9,0
2018-04-12 16:01:59,3,39,23.2,48,21.8,999.1,2.4,4.8,4,885.9,0
2018-04-12 16:04:59,3,39,23.2,48,21.8,999.1,2.4,4.8,4,885.9,0
2018-04-12 16:07:59,3,39,23.2,49,21.6,999.2,1.4,2.4,2,885.9,0
2018-04-12 16:10:59,3,39,23.2,50,21.6,999.2,2.0,3.4,2,885.9,0
2018-04-12 16:13:59,3,39,23.2,50,21.5,999.1,2.4,3.1,0,885.9,0
2018-04-12 16:16:59,3,39,23.2,50,21.3,999.2,1.7,2.0,0,885.9,0
2018-04-12 16:19:59,3,39,23.2,51,21.2,999.3,2.0,2.7,6,885.9,0
2018-04-12 16:22:59,3,39,23.2,51,21.2,999.3,0.7,1.0,4,885.9,0
2018-04-12 16:25:59,3,39,23.2,51,21.1,999.2,1.7,2.4,0,885.9,0
2018-04-12 16:28:59,3,39,23.2,51,21.1,999.2,1.0,1.4,6,885.9,0
2018-04-12 16:31:59,3,39,23.2,51,21.1,999.3,1.0,1.7,12,885.9,0
2018-04-12 16:34:59,3,39,23.2,51,21.1,999.3,1.4,2.0,6,885.9,0
2018-04-12 16:37:59,3,39,23.2,51,21.0,999.3,1.7,2.7,0,885.9,0
2018-04-12 16:40:59,3,39,23.2,51,21.0,999.3,2.0,2.7,14,885.9,0
2018-04-12 16:43:59,3,39,23.1,51,21.0,999.3,1.0,1.7,2,885.9,0
2018-04-12 16:46:59,3,39,23.1,51,21.0,999.2,0.7,1.4,12,885.9,0
2018-04-12 16:49:59,3,39,23.1,51,20.9,999.3,2.0,2.7,6,885.9,0
2018-04-12 16:52:59,3,39,23.1,52,20.8,999.3,1.0,1.7,2,885.9,0
2018-04-12 16:55:59,3,39,23.1,52,20.7,999.3,1.4,1.7,4,885.9,0
2018-04-12 16:58:59,3,39,23.1,52,20.6,999.4,1.0,1.7,4,885.9,0
2018-04-12 17:01:59,3,39,23.1,53,20.5,999.4,1.4,2.0,2,885.9,0
2018-04-12 17:04:59,3,39,23.1,53,20.5,999.4,1.4,2.0,2,885.9,0
2018-04-12 17:07:59,3,39,23.1,53,20.4,999.3,2.7,3.4,8,885.9,0
2018-04-12 17:10:59,3,39,23.1,53,20.4,999.4,2.7,4.1,2,885.9,0
2018-04-12 17:13:59,3,40,23.1,53,20.3,999.4,2.0,3.1,2,885.9,0
2018-04-12 17:16:59,3,40,23.1,54,20.3,999.3,2.0,2.7,0,885.9,0
2018-04-12 17:19:59,3,40,23.1,54,20.2,999.4,2.7,4.1,5,885.9,0
2018-04-12 17:22:59,3,39,23.1,54,20.2,999.4,2.7,3.4,2,885.9,0
2018-04-12 17:25:59,3,40,23.1,54,20.2,999.4,3.4,4.8,4,885.9,0
2018-04-12 17:28:59,3,40,23.1,54,20.1,999.5,1.4,1.7,4,885.9,0
2018-04-12 17:31:59,3,40,23.1,54,20.1,999.4,0.7,1.0,2,885.9,0
2018-04-12 17:34:59,3,39,23.1,54,20.0,999.4,2.4,3.4,4,885.9,0
2018-04-12 17:37:59,3,39,23.1,55,20.0,999.6,1.7,2.4,1,885.9,0
2018-04-12 17:40:59,3,39,23.1,55,19.9,999.6,1.7,2.0,2,885.9,0
2018-04-12 17:43:59,3,39,23.1,55,19.9,999.6,2.4,3.1,8,885.9,0
2018-04-12 17:46:59,3,39,23.1,55,19.9,999.6,1.4,2.4,4,885.9,0
2018-04-12 17:49:59,3,39,23.1,55,19.8,999.6,1.4,2.4,4,885.9,0
2018-04-12 17:52:59,3,39,23.1,55,19.8,999.6,2.4,2.7,0,885.9,0
2018-04-12 17:55:59,3,39,23.1,55,19.7,999.6,1.7,2.7,2,885.9,0
2018-04-12 17:58:59,3,39,23.1,55,19.7,999.8,2.7,4.8,4,885.9,0
2018-04-12 18:01:59,3,39,23.1,55,19.7,999.7,1.7,2.4,8,885.9,0
2018-04-12 18:04:59,3,39,23.1,55,19.7,999.7,1.7,2.4,8,885.9,0
2018-04-12 18:07:59,3,39,23.1,56,19.6,999.8,1.0,1.7,4,885.9,0
2018-04-12 18:10:59,3,39,23.1,56,19.5,999.7,1.0,1.7,0,885.9,0
2018-04-12 18:13:59,3,40,23.1,56,19.5,999.8,1.0,1.7,3,885.9,0
2018-04-12 18:16:59,3,40,23.0,56,19.4,999.8,1.0,1.7,2,885.9,0
2018-04-12 18:19:59,3,40,23.0,57,19.3,999.7,1.7,2.0,1,885.9,0
2018-04-12 18:22:59,3,40,23.1,57,19.3,999.7,2.4,2.7,10,885.9,0
2018-04-12 18:25:59,3,40,23.1,57,19.3,999.8,2.4,3.1,6,885.9,0
2018-04-12 18:28:59,3,40,23.1,57,19.3,999.9,3.1,4.1,4,885.9,0
2018-04-12 18:31:59,3,39,23.0,57,19.3,999.9,2.0,2.7,6,885.9,0
2018-04-12 18:34:59,3,39,23.0,57,19.3,999.9,1.0,2.0,3,885.9,0
2018-04-12 18:37:59,3,39,23.0,57,19.2,999.8,2.0,2.7,4,885.9,0
2018-04-12 18:40:59,3,39,23.0,57,19.2,999.9,3.4,4.1,2,885.9,0
2018-04-12 18:43:59,3,39,23.0,57,19.2,999.9,1.4,2.0,4,885.9,0
2018-04-12 18:46:59,3,39,23.0,57,19.2,999.8,1.7,2.4,8,885.9,0
2018-04-12 18:49:59,3,39,23.0,57,19.1,1000.0,1.7,2.0,2,885.9,0
2018-04-12 18:52:59,3,39,23.0,58,19.1,999.9,1.4,2.0,4,885.9,0
2018-04-12 18:55:59,3,39,23.0,58,19.0,999.8,1.7,2.4,14,885.9,0
2018-04-12 18:58:59,3,39,23.0,58,19.0,999.8,2.4,3.7,4,885.9,0
2018-04-12 19:01:59,3,39,23.0,58,19.0,999.9,1.0,1.7,4,885.9,0
2018-04-12 19:04:59,3,39,23.0,58,18.9,999.8,2.4,2.7,4,885.9,0
2018-04-12 19:07:59,3,39,23.0,58,18.9,999.9,1.7,2.0,2,885.9,0
2018-04-12 19:10:59,3,39,23.0,58,18.9,999.7,1.4,1.7,8,885.9,0
2018-04-12 19:13:59,3,39,23.0,59,18.9,999.8,1.4,2.0,1,885.9,0
2018-04-12 19:16:59,3,39,23.0,59,18.8,999.8,2.0,3.7,2,885.9,0
2018-04-12 19:19:59,3,39,23.0,59,18.8,999.7,2.0,3.4,9,885.9,0
2018-04-12 19:22:59,3,39,23.0,59,18.8,999.8,2.7,4.1,6,885.9,0
2018-04-12 19:25:59,3,39,23.0,59,18.8,999.9,1.0,1.7,2,885.9,0
2018-04-12 19:28:59,3,39,23.0,59,18.8,999.7,3.4,5.4,4,885.9,0
2018-04-12 19:31:59,3,39,23.0,59,18.8,999.7,1.0,1.7,0,885.9,0
2018-04-12 19:34:59,3,39,23.0,59,18.8,999.7,1.4,2.0,14,885.9,0
2018-04-12 19:37:59,3,39,23.0,59,18.8,999.7,3.1,3.7,4,885.9,0
2018-04-12 19:40:59,3,39,23.0,59,18.8,999.8,3.4,4.8,0,885.9,0
2018-04-12 19:43:59,3,39,23.0,60,18.7,999.8,1.7,2.7,4,885.9,0
2018-04-12 19:46:59,3,39,23.0,60,18.7,999.8,2.0,2.4,3,885.9,0
2018-04-12 19:49:59,3,40,22.9,60,18.7,999.7,1.4,2.4,2,885.9,0
2018-04-12 19:52:59,3,40,22.9,60,18.7,999.7,2.0,2.7,0,885.9,0
2018-04-12 19:55:59,3,40,22.9,60,18.6,999.7,1.4,2.0,4,885.9,0
2018-04-12 19:58:59,3,40,22.9,60,18.5,999.6,2.4,3.4,0,885.9,0
2018-04-12 20:01:59,3,40,22.9,60,18.5,999.7,1.0,1.4,0,885.9,0
2018-04-12 20:04:59,3,40,22.9,60,18.5,999.7,1.0,1.4,0,885.9,0
2018-04-12 20:07:59,3,40,22.9,60,18.5,999.6,2.4,4.1,3,885.9,0
2018-04-12 20:10:59,3,40,22.9,60,18.5,999.6,1.4,2.0,12,885.9,0
2018-04-12 20:13:59,3,40,22.9,60,18.4,999.6,2.7,4.1,4,885.9,0
2018-04-12 20:16:59,3,40,22.9,60,18.4,999.7,1.7,2.0,3,885.9,0
2018-04-12 20:19:59,3,40,22.9,60,18.3,999.8,2.4,2.7,4,885.9,0
2018-04-12 20:22:59,3,40,22.9,60,18.3,999.6,2.4,3.1,0,885.9,0
2018-04-12 20:25:59,3,40,22.9,61,18.2,999.8,1.4,1.7,4,885.9,0
2018-04-12 20:28:59,3,40,22.9,61,18.2,999.7,3.7,4.8,4,885.9,0
2018-04-12 20:31:59,3,40,22.9,61,18.2,999.6,1.4,2.0,4,885.9,0
2018-04-12 20:34:59,3,40,22.8,61,18.1,999.5,2.0,3.1,4,885.9,0
2018-04-12 20:37:59,3,40,22.8,61,18.1,999.6,2.0,2.4,2,885.9,0
2018-04-12 20:40:59,3,40,22.8,61,18.1,999.6,1.0,1.4,2,885.9,0
2018-04-12 20:43:59,3,40,22.8,61,18.0,999.5,1.4,2.0,2,885.9,0
2018-04-12 20:46:59,3,39,22.8,61,18.0,999.5,2.7,3.7,0,885.9,0
2018-04-12 20:49:59,3,39,22.8,62,18.0,999.6,2.4,3.1,4,885.9,0
2018-04-12 20:52:59,3,40,22.8,62,18.0,999.6,2.0,2.4,4,885.9,0
2018-04-12 20:55:59,3,39,22.7,62,18.0,999.5,1.0,1.4,0,885.9,0
2018-04-12 20:58:59,3,39,22.7,62,17.9,999.6,2.7,4.4,0,885.9,0
2018-04-12 21:01:59,3,39,22.7,62,17.8,999.7,1.4,1.7,4,885.9,0
2018-04-12 21:04:59,3,39,22.7,62,17.8,999.6,3.4,4.4,4,885.9,0
2018-04-12 21:07:59,3,39,22.7,62,17.8,999.6,2.0,2.4,4,885.9,0
2018-04-12 21:10:59,3,39,22.7,62,17.8,999.6,4.1,4.8,0,885.9,0
2018-04-12 21:13:59,3,39,22.7,62,17.8,999.7,1.7,3.1,4,885.9,0
2018-04-12 21:16:59,3,39,22.7,62,17.7,999.6,1.0,1.7,4,885.9,0
2018-04-12 21:19:59,3,39,22.7,62,17.7,999.6,1.7,2.4,2,885.9,0
2018-04-12 21:22:59,3,39,22.7,62,17.6,999.6,1.7,2.0,4,885.9,0
2018-04-12 21:25:59,3,39,22.7,63,17.6,999.5,1.0,1.4,5,885.9,0
2018-04-12 21:28:59,3,39,22.7,63,17.6,999.5,1.7,2.0,6,885.9,0
2018-04-12 21:31:59,3,39,22.7,63,17.5,999.6,3.1,3.7,6,885.9,0
2018-04-12 21:34:59,3,39,22.7,63,17.5,999.6,1.0,1.4,3,885.9,0
2018-04-12 21:37:59,3,39,22.7,63,17.5,999.6,1.4,1.7,4,885.9,0
2018-04-12 21:40:59,3,39,22.7,67,17.4,999.6,1.7,2.4,2,885.9,0
2018-04-12 21:43:59,3,39,22.7,67,17.3,999.6,1.7,3.4,4,885.9,0
2018-04-12 21:46:59,3,39,22.7,68,17.3,999.5,2.0,2.4,5,885.9,0
2018-04-12 21:49:59,3,39,22.7,68,17.3,999.4,2.0,2.7,14,885.9,0
2018-04-12 21:52:59,3,39,22.7,68,17.3,999.4,2.4,3.1,3,885.9,0
2018-04-12 21:55:59,3,39,22.7,68,17.2,999.5,1.4,2.4,6,885.9,0
2018-04-12 21:58:59,3,39,22.7,68,17.2,999.5,1.0,1.7,4,885.9,0
