2019-02-21 00:01:00,3,32,20.9,80,4.8,1016.8,0,0,8,1155.0,0
2019-02-21 00:04:00,3,32,20.9,80,4.8,1016.9,0,0,8,1155.0,0
2019-02-21 00:07:00,3,32,20.9,80,4.8,1016.9,0,0,8,1155.0,0
2019-02-21 00:10:00,3,32,20.9,80,4.8,1016.9,0,0,8,1155.0,0
2019-02-21 00:13:00,3,32,20.9,80,4.8,1017.0,0,0,8,1155.0,0
2019-02-21 00:16:00,3,32,20.8,80,4.8,1016.8,0,0,8,1155.0,0
2019-02-21 00:19:00,3,32,20.8,80,4.9,1016.8,0,0,8,1155.0,0
2019-02-21 00:22:00,3,32,20.7,80,5.0,1016.8,0,0,8,1155.0,0
2019-02-21 00:25:00,3,32,20.7,80,5.0,1016.9,0,0,8,1155.0,0
2019-02-21 00:28:00,3,32,20.7,80,5.0,1016.8,0,0,8,1155.0,0
2019-02-21 00:31:00,3,32,20.7,80,5.1,1016.9,0,0,8,1155.0,0
2019-02-21 00:34:00,3,32,20.7,80,5.1,1016.8,0,0,8,1155.0,0
2019-02-21 00:37:00,3,32,20.7,80,5.1,1016.9,0,0,8,1155.0,0
2019-02-21 00:40:00,3,32,20.7,80,5.1,1016.8,0,0,8,1155.0,0
2019-02-21 00:43:00,3,32,20.7,81,5.1,1016.9,0,0,12,1155.0,0
2019-02-21 00:46:00,3,32,20.6,81,5.2,1016.9,0,0,8,1155.0,0
2019-02-21 00:49:00,3,32,20.6,81,5.3,1016.8,0,0,8,1155.0,0
2019-02-21 00:52:00,3,32,20.6,81,5.3,1016.9,0,0,8,1155.0,0
2019-02-21 00:55:00,3,32,20.6,80,5.4,1016.9,0,0,8,1155.0,0
2019-02-21 00:58:00,3,32,20.6,80,5.4,1016.8,0,0,8,1155.0,0
2019-02-21 01:01:00,3,32,20.6,80,5.4,1016.9,0,0,8,1155.0,0
2019-02-21 01:04:00,3,32,20.6,80,5.4,1016.8,0,0,8,1155.0,0
2019-02-21 01:07:00,3,32,20.6,80,5.5,1016.8,0,0,10,1155.0,0
2019-02-21 01:10:00,3,32,20.5,80,5.5,1016.8,0,0.3,8,1155.0,0
2019-02-21 01:13:00,3,32,20.5,80,5.6,1016.7,0,0,8,1155.0,0
2019-02-21 01:16:00,3,32,20.5,80,5.6,1016.8,0,0,10,1155.0,0
2019-02-21 01:19:00,3,32,20.5,80,5.7,1016.7,0,0,12,1155.0,0
2019-02-21 01:22:00,3,32,20.5,80,5.7,1016.8,0.7,1.0,12,1155.0,0
2019-02-21 01:25:00,3,32,20.5,80,5.8,1016.8,0,0,12,1155.0,0
2019-02-21 01:28:00,3,32,20.5,79,5.8,1016.7,0,0,12,1155.0,0
2019-02-21 01:31:00,3,32,20.5,79,5.9,1016.8,0.3,0.7,10,1155.0,0
2019-02-21 01:34:00,3,32,20.4,78,6.0,1016.7,0.3,0.7,10,1155.0,0
2019-02-21 01:37:00,3,32,20.4,78,6.0,1016.6,0.7,1.0,10,1155.0,0
2019-02-21 01:40:00,3,32,20.4,77,6.1,1016.7,0.3,0.7,10,1155.0,0
2019-02-21 01:43:00,3,32,20.4,77,6.2,1016.6,0.3,0.7,10,1155.0,0
2019-02-21 01:46:00,3,32,20.4,76,6.3,1016.7,0.7,1.0,12,1155.0,0
2019-02-21 01:49:00,3,32,20.4,75,6.4,1016.6,1.0,1.4,10,1155.0,0
2019-02-21 01:52:00,3,32,20.4,75,6.5,1016.7,0.7,1.4,10,1155.0,0
2019-02-21 01:55:00,3,32,20.4,74,6.5,1016.6,0.7,1.0,10,1155.0,0
2019-02-21 01:58:00,3,32,20.3,74,6.6,1016.6,0.7,1.0,12,1155.0,0
2019-02-21 02:01:00,3,32,20.3,73,6.7,1016.6,0.7,1.4,10,1155.0,0
2019-02-21 02:04:00,3,32,20.3,73,6.7,1016.6,0.3,1.0,10,1155.0,0
2019-02-21 02:07:00,3,32,20.3,73,6.8,1016.5,1.0,1.4,10,1155.0,0
2019-02-21 02:10:00,3,32,20.3,73,6.8,1016.4,1.0,1.4,10,1155.0,0
2019-02-21 02:13:00,3,32,20.3,72,6.8,1016.5,0.7,1.0,10,1155.0,0
2019-02-21 02:16:00,3,32,20.3,72,6.8,1016.4,0.3,0.7,10,1155.0,0
2019-02-21 02:19:00,3,32,20.3,72,6.8,1016.3,0.3,0.7,8,1155.0,0
2019-02-21 02:22:00,3,32,20.3,72,6.8,1016.4,1.0,1.0,10,1155.0,0
2019-02-21 02:25:00,3,32,20.3,72,6.8,1016.5,0.3,0.7,10,1155.0,0
2019-02-21 02:28:00,3,32,20.2,73,6.7,1016.4,1.0,1.4,8,1155.0,0
2019-02-21 02:31:00,3,32,20.2,73,6.7,1016.3,0.7,1.0,10,1155.0,0
2019-02-21 02:34:00,3,32,20.2,73,6.7,1016.4,0.7,1.4,10,1155.0,0
2019-02-21 02:37:00,3,32,20.2,73,6.7,1016.3,0.7,1.0,8,1155.0,0
2019-02-21 02:40:00,3,32,20.2,73,6.7,1016.4,0.3,0.7,10,1155.0,0
2019-02-21 02:43:00,3,32,20.1,73,6.7,1016.3,0.7,1.0,10,1155.0,0
2019-02-21 02:46:00,3,32,20.1,73,6.7,1016.3,0.7,1.0,10,1155.0,0
2019-02-21 02:49:00,3,32,20.1,73,6.7,1016.3,0.7,1.0,8,1155.0,0
2019-02-21 02:52:00,3,32,20.1,73,6.7,1016.3,0.7,1.0,8,1155.0,0
2019-02-21 02:55:00,3,32,20.1,73,6.7,1016.3,1.0,1.7,8,1155.0,0
2019-02-21 02:58:00,3,32,20.1,73,6.7,1016.3,0.7,1.0,10,1155.0,0
2019-02-21 03:01:00,3,32,20.1,73,6.7,1016.4,0.3,0.7,12,1155.0,0
2019-02-21 03:04:00,3,32,20.1,73,6.7,1016.3,0.3,0.7,12,1155.0,0
2019-02-21 03:07:00,3,32,20.1,73,6.7,1016.3,1.0,1.4,10,1155.0,0
2019-02-21 03:10:00,3,32,20.1,73,6.7,1016.4,1.0,1.4,10,1155.0,0
2019-02-21 03:13:00,3,32,20.0,73,6.8,1016.4,0.3,0.7,10,1155.0,0
2019-02-21 03:16:00,3,32,20.0,73,6.8,1016.4,0.7,1.0,8,1155.0,0
2019-02-21 03:19:00,3,32,20.0,73,6.8,1016.4,1.0,1.4,10,1155.0,0
2019-02-21 03:22:00,3,32,20.0,73,6.8,1016.4,0.7,1.0,9,1155.0,0
2019-02-21 03:25:00,3,32,20.0,73,6.9,1016.4,1.0,1.4,10,1155.0,0
2019-02-21 03:28:00,3,32,20.0,73,6.9,1016.5,0.7,1.4,9,1155.0,0
2019-02-21 03:31:00,3,32,20.0,73,6.8,1016.4,0.7,1.0,10,1155.0,0
2019-02-21 03:34:00,3,32,20.0,73,6.9,1016.4,0.7,1.0,10,1155.0,0
2019-02-21 03:37:00,3,33,19.9,73,6.8,1016.5,1.0,1.4,10,1155.0,0
2019-02-21 03:40:00,3,33,19.9,73,6.8,1016.4,1.0,1.4,10,1155.0,0
2019-02-21 03:43:00,3,33,19.9,74,6.8,1016.5,1.4,2.0,10,1155.0,0
2019-02-21 03:46:00,3,33,19.9,74,6.8,1016.5,1.7,2.0,8,1155.0,0
2019-02-21 03:49:00,3,33,19.8,74,6.8,1016.4,1.4,1.7,10,1155.0,0
2019-02-21 03:52:00,3,33,19.8,74,6.8,1016.5,1.4,1.7,10,1155.0,0
2019-02-21 03:55:00,3,33,19.8,74,6.8,1016.5,0.7,1.0,10,1155.0,0
2019-02-21 03:58:00,3,33,19.8,75,6.8,1016.5,1.0,1.4,10,1155.0,0
2019-02-21 04:01:00,3,33,19.8,75,6.7,1016.5,0.7,1.0,8,1155.0,0
2019-02-21 04:04:00,3,33,19.8,75,6.7,1016.6,0.7,1.4,10,1155.0,0
2019-02-21 04:07:00,3,33,19.8,76,6.7,1016.4,1.0,1.4,8,1155.0,0
2019-02-21 04:10:00,3,33,19.8,76,6.7,1016.4,0.7,1.0,10,1155.0,0
2019-02-21 04:13:00,3,33,19.8,77,6.6,1016.5,0.7,1.0,10,1155.0,0
2019-02-21 04:16:00,3,33,19.7,78,6.6,1016.6,1.0,1.4,8,1155.0,0
2019-02-21 04:19:00,3,33,19.7,78,6.6,1016.5,0.7,1.0,10,1155.0,0
2019-02-21 04:22:00,3,33,19.7,79,6.6,1016.4,0.7,1.0,8,1155.0,0
2019-02-21 04:25:00,3,33,19.7,79,6.5,1016.5,1.4,1.7,8,1155.0,0
2019-02-21 04:28:00,3,33,19.7,80,6.5,1016.4,1.0,1.4,10,1155.0,0
2019-02-21 04:31:00,3,33,19.7,80,6.5,1016.5,0.7,1.0,10,1155.0,0
2019-02-21 04:34:00,3,33,19.7,80,6.5,1016.5,0.7,1.0,8,1155.0,0
2019-02-21 04:37:00,3,33,19.7,80,6.5,1016.4,1.0,1.7,10,1155.0,0
2019-02-21 04:40:00,3,33,19.7,80,6.5,1016.4,0.7,1.0,10,1155.0,0
2019-02-21 04:43:00,3,33,19.6,80,6.5,1016.4,0.7,1.0,11,1155.0,0
2019-02-21 04:46:00,3,33,19.6,80,6.5,1016.5,0.7,1.0,10,1155.0,0
2019-02-21 04:49:00,3,33,19.6,80,6.5,1016.4,0.7,1.0,8,1155.0,0
2019-02-21 04:52:00,3,33,19.6,80,6.5,1016.3,1.0,1.4,10,1155.0,0
2019-02-21 04:55:00,3,33,19.6,80,6.5,1016.3,0.7,1.0,11,1155.0,0
2019-02-21 04:58:00,3,33,19.6,80,6.5,1016.3,1.0,1.7,10,1155.0,0
2019-02-21 05:01:00,3,33,19.6,80,6.5,1016.3,1.0,1.4,10,1155.0,0
2019-02-21 05:04:00,3,33,19.6,80,6.5,1016.2,1.0,1.4,10,1155.0,0
2019-02-21 05:07:00,3,33,19.6,81,6.4,1016.4,0.7,1.4,10,1155.0,0
2019-02-21 05:10:00,3,33,19.6,81,6.4,1016.3,0.3,1.0,10,1155.0,0
2019-02-21 05:13:00,3,33,19.7,81,6.4,1016.3,0.7,1.0,10,1155.0,0
2019-02-21 05:16:00,3,33,19.7,81,6.3,1016.4,0.7,1.0,12,1155.0,0
2019-02-21 05:19:00,3,33,19.7,82,6.3,1016.3,0.3,1.0,10,1155.0,0
2019-02-21 05:22:00,3,33,19.7,82,6.2,1016.3,0,0.3,10,1155.0,0
2019-02-21 05:25:00,3,33,19.7,82,6.2,1016.2,0,0.3,8,1155.0,0
2019-02-21 05:28:00,3,33,19.8,83,6.2,1016.3,0.3,0.7,10,1155.3,0
2019-02-21 05:31:00,3,33,19.8,83,6.1,1016.3,0,0.3,8,1155.3,0
2019-02-21 05:34:00,3,33,19.8,83,6.1,1016.2,0.3,0.7,12,1155.3,0
2019-02-21 05:37:00,3,33,19.8,83,6.0,1016.2,0.3,0.7,10,1155.3,0
2019-02-21 05:40:00,3,33,19.9,84,6.0,1016.2,0.3,0.7,10,1155.3,0
2019-02-21 05:43:00,3,32,20.0,84,6.0,1016.2,0.3,0.7,8,1155.3,0
2019-02-21 05:46:00,3,32,20.0,84,6.0,1016.2,0.3,0.7,10,1155.3,0
2019-02-21 05:49:00,3,32,20.0,85,5.9,1016.3,0,0.7,10,1155.3,0
2019-02-21 05:52:00,3,32,20.1,85,5.9,1016.3,0.3,0.7,10,1155.3,0
2019-02-21 05:55:00,3,32,20.1,85,5.9,1016.2,0.3,0.7,10,1155.3,0
2019-02-21 05:58:00,3,32,20.1,85,5.9,1016.2,0.7,1.0,10,1155.3,0
2019-02-21 06:01:00,3,32,20.2,85,5.9,1016.2,0.7,1.0,10,1155.3,0
2019-02-21 06:04:00,3,32,20.2,86,5.9,1016.2,0,0.3,10,1155.3,0
2019-02-21 06:07:00,3,32,20.2,86,5.9,1016.2,0.7,1.0,14,1155.3,0
2019-02-21 06:10:00,3,32,20.3,86,6.0,1016.3,0.3,0.7,10,1155.3,0
2019-02-21 06:13:00,3,32,20.3,86,6.0,1016.2,0.3,0.7,10,1155.3,0
2019-02-21 06:16:00,3,32,20.3,86,6.0,1016.2,0,0.3,10,1155.3,0
2019-02-21 06:19:00,3,32,20.3,86,6.0,1016.3,0,0.3,8,1155.3,0
2019-02-21 06:22:00,3,32,20.4,85,6.0,1016.3,0,0,10,1155.3,0
2019-02-21 06:25:00,3,32,20.4,85,6.0,1016.2,0,0.3,10,1155.3,0
2019-02-21 06:28:00,3,32,20.4,85,6.0,1016.2,0.3,0.7,10,1155.3,0
2019-02-21 06:31:00,3,33,20.5,85,6.0,1016.4,0.3,0.7,10,1155.3,0
2019-02-21 06:34:00,3,33,20.5,85,6.1,1016.3,0.3,0.7,10,1155.3,0
2019-02-21 06:37:00,3,33,20.7,85,6.1,1016.4,0.3,0.7,10,1155.3,0
2019-02-21 06:40:00,3,32,20.9,85,6.1,1016.3,0.7,1.0,10,1155.3,0
2019-02-21 06:43:00,3,31,21.1,85,6.2,1016.5,0.7,1.0,10,1155.3,0
2019-02-21 06:46:00,3,31,21.3,85,6.3,1016.5,0.7,1.0,10,1155.3,0
2019-02-21 06:49:00,3,31,21.3,85,6.4,1016.4,0.7,1.0,10,1155.3,0
2019-02-21 06:52:00,3,30,21.5,84,6.4,1016.4,0.7,1.0,8,1155.3,0
2019-02-21 06:55:00,3,30,21.6,84,6.5,1016.4,1.0,1.0,8,1155.3,0
2019-02-21 06:58:00,3,30,21.7,83,6.6,1016.4,0.7,1.0,10,1155.3,0
2019-02-21 07:01:00,3,30,21.7,83,6.7,1016.4,1.0,1.4,10,1155.3,0
2019-02-21 07:04:00,3,30,21.8,83,6.7,1016.4,1.0,1.4,10,1155.3,0
2019-02-21 07:07:00,3,30,21.9,82,6.8,1016.4,0.7,1.4,10,1155.3,0
2019-02-21 07:10:00,3,30,21.9,82,6.9,1016.4,0.7,1.4,10,1155.3,0
2019-02-21 07:13:00,3,30,21.9,82,6.9,1016.6,1.0,1.4,10,1155.3,0
2019-02-21 07:16:00,3,29,22.1,81,7.0,1016.5,1.0,1.4,10,1155.3,0
2019-02-21 07:19:00,3,29,22.2,81,7.0,1016.6,1.4,1.4,10,1155.3,0
2019-02-21 07:22:00,3,29,22.3,81,7.0,1016.8,0.7,1.4,12,1155.3,0
2019-02-21 07:25:00,3,29,22.4,81,7.1,1016.7,1.0,1.4,10,1155.3,0
2019-02-21 07:28:00,3,29,22.6,81,7.1,1016.8,0.7,1.0,10,1155.3,0
2019-02-21 07:31:00,3,29,22.7,81,7.1,1016.8,0.7,1.0,10,1155.3,0
2019-02-21 07:34:00,3,28,22.7,81,7.1,1017.0,0.7,1.4,10,1155.3,0
2019-02-21 07:37:00,3,28,22.9,81,7.1,1017.0,1.4,1.7,10,1155.3,0
2019-02-21 07:40:00,3,29,23.0,81,7.1,1017.1,0.7,1.0,8,1155.3,0
2019-02-21 07:43:00,3,29,23.0,81,7.1,1017.1,1.0,1.7,4,1155.3,0
2019-02-21 07:46:00,3,29,23.1,81,7.2,1017.2,1.4,1.7,8,1155.3,0
2019-02-21 07:49:00,3,29,23.1,81,7.2,1017.2,1.4,1.7,10,1155.3,0
2019-02-21 07:52:00,3,28,23.1,81,7.2,1017.2,1.0,1.4,10,1155.3,0
2019-02-21 07:55:00,3,29,23.3,81,7.2,1017.3,1.4,1.7,12,1155.3,0
2019-02-21 07:58:00,3,28,23.4,81,7.2,1017.3,0.7,1.0,10,1155.3,0
2019-02-21 08:01:00,3,28,23.4,81,7.2,1017.3,0.7,1.4,10,1155.3,0
2019-02-21 08:04:00,3,28,23.4,81,7.2,1017.3,1.4,2.0,10,1155.3,0
2019-02-21 08:07:00,3,28,23.5,81,7.2,1017.3,1.4,1.7,8,1155.3,0
2019-02-21 08:10:00,3,28,23.6,81,7.2,1017.4,1.0,1.4,10,1155.3,0
2019-02-21 08:13:00,3,28,23.6,82,7.2,1017.3,1.4,2.0,8,1155.3,0
2019-02-21 08:16:00,3,28,23.6,82,7.1,1017.5,1.4,1.7,10,1155.3,0
2019-02-21 08:19:00,3,27,23.6,83,7.1,1017.5,1.4,1.7,10,1155.3,0
2019-02-21 08:22:00,3,27,23.7,83,7.1,1017.4,1.0,1.7,11,1155.3,0
2019-02-21 08:25:00,3,27,23.7,83,7.1,1017.5,1.4,2.0,10,1155.3,0
2019-02-21 08:28:00,3,27,23.9,84,7.1,1017.3,1.4,2.0,10,1155.3,0
2019-02-21 08:31:00,3,27,23.9,84,7.1,1017.3,1.0,1.4,10,1155.6,0
2019-02-21 08:34:00,3,27,23.9,84,7.1,1017.3,1.0,1.4,10,1155.6,0
2019-02-21 08:37:00,3,27,23.9,84,7.1,1017.3,1.0,1.4,9,1155.6,0
2019-02-21 08:40:00,3,27,23.9,85,7.1,1017.3,1.0,1.4,10,1155.6,0
2019-02-21 08:43:00,3,26,24.0,85,7.1,1017.3,1.0,1.4,10,1155.6,0
2019-02-21 08:46:00,3,26,24.0,85,7.2,1017.4,1.4,1.7,12,1155.6,0
2019-02-21 08:49:00,3,26,24.0,85,7.2,1017.4,1.7,2.7,12,1155.6,0
2019-02-21 08:52:00,3,26,24.1,85,7.2,1017.4,1.4,2.0,8,1155.6,0
2019-02-21 08:55:00,3,26,24.1,85,7.3,1017.5,1.4,1.7,8,1155.6,0
2019-02-21 08:58:00,3,26,24.1,85,7.3,1017.6,1.4,1.7,10,1155.6,0
2019-02-21 09:01:00,3,26,24.1,85,7.3,1017.5,1.0,1.4,14,1155.6,0
2019-02-21 09:04:00,3,26,24.1,85,7.3,1017.6,1.0,1.4,14,1155.6,0
2019-02-21 09:07:00,3,26,24.1,85,7.3,1017.6,1.0,1.4,14,1155.6,0
2019-02-21 09:10:00,3,27,24.1,85,7.4,1017.6,2.4,4.1,10,1155.6,0
2019-02-21 09:13:00,3,26,24.1,85,7.4,1017.6,2.0,2.4,10,1155.6,0
2019-02-21 09:16:00,3,27,23.9,80,7.5,1017.5,1.7,2.4,10,1155.6,0
2019-02-21 09:19:00,3,28,23.7,80,7.5,1017.4,2.7,3.1,10,1155.6,0
2019-02-21 09:22:00,3,28,23.6,80,7.6,1017.5,1.7,2.4,10,1155.6,0
2019-02-21 09:25:00,3,28,23.4,80,7.7,1017.4,1.4,1.7,10,1155.6,0
2019-02-21 09:28:00,3,28,23.3,80,7.8,1017.3,1.7,2.4,12,1155.6,0
2019-02-21 09:31:00,3,29,23.1,79,7.9,1017.2,1.4,2.4,11,1155.6,0
2019-02-21 09:34:00,3,29,23.0,78,8.0,1017.2,1.7,2.4,12,1155.6,0
2019-02-21 09:37:00,3,29,23.0,78,8.1,1017.1,2.0,2.4,12,1155.6,0
2019-02-21 09:40:00,3,28,22.9,77,8.1,1017.2,2.4,3.1,10,1155.6,0
2019-02-21 09:43:00,3,28,22.9,77,8.2,1017.2,1.4,1.7,10,1155.6,0
2019-02-21 09:46:00,3,29,22.7,76,8.3,1017.1,3.7,4.8,12,1155.6,0
2019-02-21 09:49:00,3,29,22.7,76,8.3,1017.1,2.4,3.1,10,1155.6,0
2019-02-21 09:52:00,3,29,22.6,75,8.4,1017.1,3.1,4.4,14,1155.6,0
2019-02-21 09:55:00,3,29,22.6,75,8.5,1017.1,1.7,2.4,10,1155.6,0
2019-02-21 09:58:00,3,29,22.6,75,8.6,1017.0,2.7,4.1,8,1155.6,0
2019-02-21 10:01:00,3,28,22.5,74,8.7,1017.0,1.4,2.0,10,1155.6,0
2019-02-21 10:04:00,3,29,22.5,74,8.7,1017.0,2.0,2.7,10,1155.6,0
2019-02-21 10:07:00,3,29,22.5,74,8.7,1017.0,1.7,2.7,10,1155.6,0
2019-02-21 10:10:00,3,29,22.5,74,8.8,1017.0,2.4,3.4,10,1155.6,0
2019-02-21 10:13:00,3,28,22.4,74,9.1,1017.0,1.4,1.7,9,1155.6,0
2019-02-21 10:16:00,3,28,22.3,73,9.2,1016.8,2.7,4.1,8,1155.6,0
2019-02-21 10:19:00,3,29,22.3,73,9.3,1016.8,2.0,2.7,10,1155.6,0
2019-02-21 10:22:00,3,29,22.3,72,9.3,1016.9,2.0,3.1,10,1155.6,0
2019-02-21 10:25:00,3,29,22.2,72,9.3,1016.8,2.4,3.7,9,1155.6,0
2019-02-21 10:28:00,3,29,22.2,72,9.3,1016.9,1.7,2.4,14,1155.6,0
2019-02-21 10:31:00,3,29,22.2,72,9.6,1016.9,2.7,3.4,10,1155.6,0
2019-02-21 10:34:00,3,29,22.1,72,9.9,1016.7,2.0,2.7,10,1155.6,0
2019-02-21 10:37:00,3,29,22.1,71,10.1,1016.7,3.7,5.1,10,1155.6,0
2019-02-21 10:40:00,3,29,22.1,70,10.1,1016.7,2.0,3.4,14,1155.6,0
2019-02-21 10:43:00,3,29,22.0,70,10.2,1016.6,2.0,2.7,12,1155.6,0
2019-02-21 10:46:00,3,30,21.9,70,10.3,1016.6,3.1,3.7,8,1155.6,0
2019-02-21 10:49:00,3,30,21.9,70,10.5,1016.5,3.1,4.1,11,1155.6,0
2019-02-21 10:52:00,3,30,21.9,70,10.7,1016.4,3.4,4.4,8,1155.6,0
2019-02-21 10:55:00,3,31,21.9,69,10.7,1016.4,2.4,3.4,8,1155.6,0
2019-02-21 10:58:00,3,31,21.8,69,10.9,1016.4,2.0,2.4,8,1155.6,0
2019-02-21 11:01:00,3,31,21.8,69,11.0,1016.5,4.1,5.1,8,1155.6,0
2019-02-21 11:04:00,3,31,21.8,69,11.0,1016.5,4.1,5.1,8,1155.6,0
2019-02-21 11:07:00,3,31,21.8,67,11.0,1016.4,3.1,3.7,8,1155.6,0
2019-02-21 11:10:00,3,31,21.8,67,11.0,1016.2,2.0,2.7,12,1155.6,0
2019-02-21 11:13:00,3,31,21.7,68,10.9,1016.2,2.4,3.1,0,1155.6,0
2019-02-21 11:16:00,3,31,21.7,68,10.8,1016.2,1.0,1.4,10,1155.6,0
2019-02-21 11:19:00,3,31,21.7,69,11.0,1016.1,2.7,3.4,10,1155.6,0
2019-02-21 11:22:00,3,32,21.7,68,11.0,1016.0,1.4,2.0,12,1155.6,0
2019-02-21 11:25:00,3,32,21.7,68,11.0,1016.0,2.0,3.1,12,1155.6,0
2019-02-21 11:28:00,3,32,21.7,68,11.1,1015.9,1.7,2.4,9,1155.6,0
2019-02-21 11:31:00,3,32,21.6,67,11.1,1015.9,1.7,2.7,4,1155.6,0
2019-02-21 11:34:00,3,32,21.6,67,11.1,1015.9,1.0,3.1,8,1155.6,0
2019-02-21 11:37:00,3,32,21.6,67,11.2,1015.8,1.7,2.0,10,1155.6,0
2019-02-21 11:40:00,3,32,21.6,67,11.2,1015.8,2.0,2.7,10,1155.6,0
2019-02-21 11:43:00,3,32,21.6,67,11.1,1015.8,2.0,3.4,10,1155.6,0
2019-02-21 11:46:00,3,32,21.5,66,11.1,1015.8,3.1,3.7,12,1155.6,0
2019-02-21 11:49:00,3,32,21.5,65,11.1,1015.8,3.7,4.8,10,1155.6,0
2019-02-21 11:52:00,3,32,21.5,65,11.0,1015.8,4.4,6.1,9,1155.6,0
2019-02-21 11:55:00,3,32,21.5,65,11.1,1015.7,2.7,4.1,10,1155.6,0
2019-02-21 11:58:00,3,32,21.5,66,11.3,1015.8,1.4,2.0,12,1155.6,0
2019-02-21 12:01:00,3,32,21.5,65,11.5,1015.8,2.4,3.4,9,1155.6,0
2019-02-21 12:04:00,3,32,21.5,64,11.6,1015.8,2.0,2.7,12,1155.6,0
2019-02-21 12:07:00,3,32,21.5,64,11.6,1015.7,1.4,2.0,10,1155.6,0
2019-02-21 12:10:00,3,32,21.4,64,11.6,1015.8,1.4,1.7,10,1155.6,0
2019-02-21 12:13:00,3,33,21.4,64,11.5,1015.8,2.4,4.1,10,1155.6,0
2019-02-21 12:16:00,3,33,21.4,64,11.4,1015.8,2.7,3.4,12,1155.6,0
2019-02-21 12:19:00,3,33,21.3,64,11.4,1015.6,2.0,2.7,10,1155.6,0
2019-02-21 12:22:00,3,33,21.3,64,11.3,1015.6,1.7,2.4,7,1155.6,0
2019-02-21 12:25:00,3,33,21.3,64,11.3,1015.8,2.0,2.7,8,1155.6,0
2019-02-21 12:28:00,3,33,21.3,63,11.2,1015.9,3.4,4.8,8,1155.6,0
2019-02-21 12:31:00,3,33,21.3,63,11.2,1015.8,1.4,2.0,8,1155.6,0
2019-02-21 12:34:00,3,33,21.3,62,11.2,1015.9,1.7,2.7,10,1155.6,0
2019-02-21 12:37:00,3,33,21.3,61,11.2,1015.9,2.4,3.1,14,1155.6,0
2019-02-21 12:40:00,3,33,21.3,61,11.2,1015.9,1.4,1.7,8,1155.6,0
2019-02-21 12:43:00,3,33,21.3,61,11.1,1015.9,2.0,3.1,12,1155.6,0
2019-02-21 12:46:00,3,33,21.3,61,11.1,1016.0,1.4,2.0,14,1155.6,0
2019-02-21 12:49:00,3,33,21.3,61,11.1,1015.9,1.4,3.1,14,1155.6,0
2019-02-21 12:52:00,3,33,21.3,61,11.0,1015.9,2.0,2.7,8,1155.6,0
2019-02-21 12:55:00,3,33,21.3,61,11.0,1016.0,2.4,3.7,13,1155.6,0
2019-02-21 12:58:00,3,33,21.3,62,11.0,1016.0,1.0,1.7,12,1155.6,0
2019-02-21 13:01:00,3,33,21.4,62,11.0,1016.0,0.7,1.4,10,1155.6,0
2019-02-21 13:04:00,3,33,21.4,62,11.0,1016.0,0.7,1.4,10,1155.6,0
2019-02-21 13:07:00,3,33,21.5,62,11.0,1016.1,2.4,3.7,10,1155.6,0
2019-02-21 13:10:00,3,33,21.5,62,11.0,1016.0,2.0,3.1,13,1155.6,0
2019-02-21 13:13:00,3,33,21.5,62,11.0,1016.0,3.1,5.1,8,1155.6,0
2019-02-21 13:16:00,3,33,21.5,62,11.0,1015.9,1.4,2.4,10,1155.6,0
2019-02-21 13:19:00,3,34,21.5,62,11.0,1016.0,1.4,2.0,12,1155.6,0
2019-02-21 13:22:00,3,34,21.5,63,11.0,1015.8,1.4,2.0,12,1155.6,0
2019-02-21 13:25:00,3,34,21.5,63,11.0,1015.8,1.4,1.7,10,1155.6,0
2019-02-21 13:28:00,3,34,21.5,63,11.0,1015.8,1.7,2.4,10,1155.6,0
2019-02-21 13:31:00,3,34,21.5,63,11.0,1015.7,3.1,4.8,10,1155.6,0
2019-02-21 13:34:00,3,34,21.5,63,11.0,1015.7,2.0,2.7,12,1155.6,0
2019-02-21 13:37:00,3,34,21.5,63,11.0,1015.7,1.4,2.0,10,1155.6,0
2019-02-21 13:40:00,3,34,21.5,63,11.0,1015.7,1.7,2.4,10,1155.6,0
2019-02-21 13:43:00,3,34,21.5,63,11.0,1015.8,1.4,1.7,10,1155.6,0
2019-02-21 13:46:00,3,34,21.5,64,11.1,1015.9,1.0,1.4,10,1155.6,0
2019-02-21 13:49:00,3,34,21.5,64,11.1,1015.9,1.4,1.7,10,1155.6,0
2019-02-21 13:52:00,3,34,21.6,64,11.1,1015.9,1.4,2.7,14,1155.6,0
2019-02-21 13:55:00,3,34,21.6,64,11.0,1015.8,0.7,1.0,10,1155.6,0
2019-02-21 13:58:00,3,34,21.6,65,11.0,1016.0,1.0,1.7,12,1155.6,0
2019-02-21 14:01:00,3,34,21.6,65,11.0,1015.9,2.0,2.4,8,1155.6,0
2019-02-21 14:04:00,3,34,21.6,65,11.0,1016.0,1.7,2.4,10,1155.6,0
2019-02-21 14:07:00,3,34,21.6,65,10.9,1015.9,1.7,2.4,10,1155.6,0
2019-02-21 14:10:00,3,34,21.6,66,10.9,1015.9,0.7,1.0,12,1155.6,0
2019-02-21 14:13:00,3,34,21.6,67,10.8,1016.1,1.7,2.0,10,1155.6,0
2019-02-21 14:16:00,3,34,21.6,68,10.7,1016.0,3.1,3.7,8,1155.6,0
2019-02-21 14:19:00,3,34,21.6,70,10.6,1016.1,1.4,2.0,10,1155.6,0
2019-02-21 14:22:00,3,34,21.6,70,10.5,1016.1,1.7,3.1,6,1155.6,0
2019-02-21 14:25:00,3,34,21.6,71,10.3,1015.9,1.0,1.7,10,1155.6,0
2019-02-21 14:28:00,3,34,21.6,71,10.2,1016.1,1.0,1.4,12,1155.6,0
2019-02-21 14:31:00,3,34,21.6,72,10.2,1016.0,0.7,1.4,10,1155.6,0
2019-02-21 14:34:00,3,34,21.6,72,10.1,1016.0,0,0.7,12,1155.6,0
2019-02-21 14:37:00,3,34,21.6,72,10.1,1016.0,1.0,1.7,8,1155.6,0
2019-02-21 14:40:00,3,34,21.6,73,10.1,1015.9,1.0,1.0,10,1155.6,0
2019-02-21 14:43:00,3,34,21.6,73,10.2,1016.1,0.7,1.4,10,1155.6,0
2019-02-21 14:46:00,3,34,21.6,73,10.2,1016.0,0.3,0.7,12,1155.6,0
2019-02-21 14:49:00,3,34,21.6,73,10.2,1016.1,0.7,1.0,10,1155.6,0
2019-02-21 14:52:00,3,34,21.6,73,10.2,1016.1,1.4,1.7,10,1155.6,0
2019-02-21 14:55:00,3,34,21.6,72,10.2,1016.1,1.4,2.0,11,1155.6,0
2019-02-21 14:58:00,3,34,21.6,72,10.2,1016.0,0.3,1.0,10,1155.6,0
2019-02-21 15:01:00,3,34,21.6,72,10.2,1016.1,1.4,2.0,10,1155.6,0
2019-02-21 15:04:00,3,34,21.6,72,10.2,1016.0,1.4,2.0,10,1155.6,0
2019-02-21 15:07:00,3,34,21.6,72,10.3,1016.0,1.7,2.0,10,1155.6,0
2019-02-21 15:10:00,3,34,21.6,72,10.3,1015.9,1.4,1.7,6,1155.6,0
2019-02-21 15:13:00,3,34,21.6,72,10.3,1015.9,2.7,3.4,10,1155.6,0
2019-02-21 15:16:00,3,34,21.6,72,10.4,1015.8,1.7,2.4,12,1155.6,0
2019-02-21 15:19:00,3,34,21.6,72,10.4,1015.9,1.7,2.4,10,1155.6,0
2019-02-21 15:22:00,3,34,21.6,72,10.3,1015.8,2.4,3.1,12,1155.6,0
2019-02-21 15:25:00,3,34,21.6,72,10.3,1015.9,1.4,2.4,12,1155.6,0
2019-02-21 15:28:00,3,34,21.6,72,10.3,1015.8,2.0,2.7,10,1155.6,0
2019-02-21 15:31:00,3,34,21.6,72,10.3,1015.9,1.0,1.4,8,1155.6,0
2019-02-21 15:34:00,3,34,21.6,73,10.3,1016.0,0.7,1.0,10,1155.6,0
2019-02-21 15:37:00,3,34,21.6,73,10.3,1016.1,0.7,1.0,10,1155.6,0
2019-02-21 15:40:00,3,34,21.6,73,10.3,1016.0,0.7,1.0,10,1155.6,0
2019-02-21 15:43:00,3,34,21.6,73,10.3,1016.1,1.0,1.4,10,1155.6,0
2019-02-21 15:46:00,3,34,21.6,73,10.3,1016.0,1.0,1.7,12,1155.6,0
2019-02-21 15:49:00,3,34,21.6,73,10.2,1015.9,1.4,2.0,10,1155.6,0
2019-02-21 15:52:00,3,34,21.6,73,10.2,1015.9,1.4,1.7,10,1155.6,0
2019-02-21 15:55:00,3,34,21.6,73,10.3,1015.9,0.7,1.4,10,1155.6,0
2019-02-21 15:58:00,3,34,21.6,73,10.3,1016.0,1.7,2.0,9,1155.6,0
2019-02-21 16:01:00,3,34,21.6,73,10.3,1015.7,1.4,1.7,10,1155.6,0
2019-02-21 16:04:00,3,34,21.6,73,10.3,1015.9,0.7,1.0,9,1155.6,0
2019-02-21 16:07:00,3,34,21.6,73,10.3,1015.9,0.7,1.0,12,1155.6,0
2019-02-21 16:10:00,3,34,21.6,73,10.3,1015.9,0.7,1.0,10,1155.6,0
2019-02-21 16:13:00,3,34,21.6,73,10.2,1016.0,1.0,1.4,12,1155.6,0
2019-02-21 16:16:00,3,34,21.6,73,10.2,1015.9,0.7,1.0,10,1155.6,0
2019-02-21 16:19:00,3,34,21.6,73,10.2,1015.9,1.0,1.4,10,1155.6,0
2019-02-21 16:22:00,3,34,21.6,73,10.2,1015.9,0.7,1.0,10,1155.6,0
2019-02-21 16:25:00,3,34,21.6,73,10.2,1015.9,1.0,1.7,12,1155.6,0
2019-02-21 16:28:00,3,34,21.6,73,10.2,1015.9,0.7,1.0,12,1155.6,0
2019-02-21 16:31:00,3,34,21.6,73,10.2,1015.9,1.0,1.4,12,1155.6,0
2019-02-21 16:34:00,3,34,21.6,73,10.2,1015.9,1.4,1.7,10,1155.6,0
2019-02-21 16:37:00,3,34,21.6,73,10.2,1016.0,1.0,1.4,10,1155.6,0
2019-02-21 16:40:00,3,34,21.6,73,10.2,1016.0,0.3,0.7,10,1155.6,0
2019-02-21 16:43:00,3,34,21.6,73,10.1,1016.1,0.7,1.0,10,1155.6,0
2019-02-21 16:46:00,3,34,21.6,74,10.1,1015.9,0.7,1.0,10,1155.6,0
2019-02-21 16:49:00,3,34,21.6,74,10.1,1015.9,1.0,1.4,10,1155.6,0
2019-02-21 16:52:00,3,34,21.7,74,10.1,1015.9,0.7,1.4,8,1155.6,0
2019-02-21 16:55:00,3,34,21.7,74,10.1,1016.0,2.4,3.1,10,1155.6,0
2019-02-21 16:58:00,3,34,21.7,74,10.2,1016.1,1.0,1.4,9,1155.6,0
2019-02-21 17:01:00,3,34,21.7,74,10.2,1016.0,1.0,1.4,10,1155.6,0
2019-02-21 17:04:00,3,34,21.7,74,10.2,1016.0,1.0,1.4,10,1155.6,0
2019-02-21 17:07:00,3,34,21.7,73,10.2,1016.0,1.0,1.4,10,1155.6,0
2019-02-21 17:10:00,3,34,21.7,73,10.2,1016.2,0.3,0.7,10,1155.6,0
2019-02-21 17:13:00,3,34,21.7,73,10.2,1016.2,0.3,0.7,10,1155.6,0
2019-02-21 17:16:00,3,34,21.7,73,10.2,1016.2,1.0,1.4,8,1155.6,0
2019-02-21 17:19:00,3,34,21.7,73,10.2,1016.2,0.3,0.7,12,1155.6,0
2019-02-21 17:22:00,3,34,21.7,73,10.2,1016.2,0.3,0.7,12,1155.6,0
2019-02-21 17:25:00,3,34,21.7,73,10.2,1016.2,1.7,2.7,0,1155.6,0
2019-02-21 17:28:00,3,34,21.7,73,10.3,1016.2,0.7,1.4,12,1155.6,0
2019-02-21 17:31:00,3,34,21.7,73,10.3,1016.1,1.4,1.7,12,1155.6,0
2019-02-21 17:34:00,3,34,21.7,73,10.3,1016.2,1.7,2.7,14,1155.6,0
2019-02-21 17:37:00,3,34,21.7,73,10.3,1016.2,0.3,0.7,10,1155.6,0
2019-02-21 17:40:00,3,34,21.7,74,10.3,1016.3,0.3,0.7,14,1155.6,0
2019-02-21 17:43:00,3,34,21.7,74,10.2,1016.3,0.7,1.4,12,1155.9,0
2019-02-21 17:46:00,3,35,21.7,75,10.0,1016.6,1.4,2.4,10,1155.9,0
2019-02-21 17:49:00,3,35,21.7,76,9.9,1016.6,1.0,2.0,12,1155.9,0
2019-02-21 17:52:00,3,35,21.7,78,9.8,1016.6,2.4,3.1,11,1155.9,0
2019-02-21 17:55:00,3,35,21.7,79,9.6,1016.7,1.4,2.0,10,1155.9,0
2019-02-21 17:58:00,3,35,21.7,80,9.6,1016.7,1.4,2.0,0,1155.9,0
2019-02-21 18:01:00,3,35,21.7,81,9.5,1016.7,1.7,2.7,14,1155.9,0
2019-02-21 18:04:00,3,35,21.7,81,9.4,1016.7,0.7,1.0,0,1155.9,0
2019-02-21 18:07:00,3,35,21.7,81,9.3,1016.7,1.0,1.4,12,1155.9,0
2019-02-21 18:10:00,3,35,21.7,82,9.3,1016.6,1.4,2.0,10,1155.9,0
2019-02-21 18:13:00,3,35,21.7,82,9.2,1016.6,0.7,1.0,12,1155.9,0
2019-02-21 18:16:00,3,35,21.7,83,9.2,1016.6,0.7,1.0,10,1155.9,0
2019-02-21 18:19:00,3,35,21.7,83,9.1,1016.6,0.3,0.7,8,1155.9,0
2019-02-21 18:22:00,3,35,21.7,84,9.1,1016.7,0.7,1.4,10,1155.9,0
2019-02-21 18:25:00,3,35,21.7,84,9.0,1016.7,0.7,1.0,12,1156.2,0
2019-02-21 18:28:00,3,35,21.7,85,9.0,1016.7,0.3,0.7,12,1156.2,0
2019-02-21 18:31:00,3,35,21.7,85,9.0,1016.7,0.3,0.7,13,1156.2,0
2019-02-21 18:34:00,3,35,21.7,85,9.0,1016.7,1.7,2.4,12,1156.2,0
2019-02-21 18:37:00,3,35,21.7,86,9.0,1016.7,0.3,0.7,12,1156.2,0
2019-02-21 18:40:00,3,35,21.7,86,9.0,1016.7,0.3,1.4,14,1156.2,0
2019-02-21 18:43:00,3,35,21.7,87,8.9,1016.6,0,0.7,10,1156.2,0
2019-02-21 18:46:00,3,35,21.7,87,8.9,1016.6,0.7,1.0,10,1156.2,0
2019-02-21 18:49:00,3,35,21.7,87,8.9,1016.6,1.4,2.7,8,1156.2,0
2019-02-21 18:52:00,3,35,21.7,87,8.9,1016.6,1.7,2.0,10,1156.2,0
2019-02-21 18:55:00,3,35,21.7,88,8.8,1016.7,0.3,1.0,0,1156.2,0
2019-02-21 18:58:00,3,35,21.7,88,8.8,1016.6,0,0.3,14,1156.2,0
2019-02-21 19:01:00,3,35,21.7,88,8.8,1016.6,0,0.3,14,1156.2,0
2019-02-21 19:04:00,3,35,21.7,88,8.8,1016.4,0,0.3,14,1156.2,0
2019-02-21 19:07:00,3,35,21.7,89,8.8,1016.6,0.7,1.0,13,1156.5,0
2019-02-21 19:10:00,3,35,21.7,89,8.8,1016.6,0.3,1.0,12,1156.5,0
2019-02-21 19:13:00,3,35,21.7,90,8.8,1016.6,1.4,2.4,14,1156.5,0
2019-02-21 19:16:00,3,35,21.7,90,8.8,1016.6,1.0,1.4,14,1156.5,0
2019-02-21 19:19:00,3,35,21.7,90,8.8,1016.6,0.3,0.7,12,1156.5,0
2019-02-21 19:22:00,3,35,21.7,90,8.8,1016.7,0.3,1.0,12,1156.5,0
2019-02-21 19:25:00,3,35,21.7,90,8.7,1016.6,0.7,1.4,8,1156.5,0
2019-02-21 19:28:00,3,35,21.7,90,8.7,1016.7,0.3,0.7,14,1156.5,0
2019-02-21 19:31:00,3,35,21.7,90,8.7,1016.6,0.7,1.0,14,1156.5,0
2019-02-21 19:34:00,3,35,21.7,90,8.7,1016.6,2.0,2.4,10,1156.5,0
2019-02-21 19:37:00,3,35,21.7,90,8.7,1016.5,0.7,1.0,11,1156.5,0
2019-02-21 19:40:00,3,35,21.7,90,8.7,1016.6,1.0,2.0,10,1156.5,0
2019-02-21 19:43:00,3,35,21.7,90,8.7,1016.6,1.0,1.4,12,1156.5,0
2019-02-21 19:46:00,3,35,21.7,91,8.7,1016.6,0.3,0.7,10,1156.5,0
2019-02-21 19:49:00,3,35,21.7,91,8.7,1016.6,1.4,2.0,10,1156.5,0
2019-02-21 19:52:00,3,35,21.7,91,8.7,1016.7,0.7,1.4,14,1156.5,0
2019-02-21 19:55:00,3,35,21.7,91,8.7,1016.6,1.0,1.7,12,1156.5,0
2019-02-21 19:58:00,3,35,21.7,91,8.7,1016.5,0.7,1.4,8,1156.5,0
2019-02-21 20:01:00,3,35,21.7,91,8.7,1016.6,1.0,1.4,14,1156.5,0
2019-02-21 20:04:00,3,35,21.7,91,8.7,1016.6,2.7,3.7,14,1156.5,0
2019-02-21 20:07:00,3,35,21.7,91,8.8,1016.6,0,0.3,14,1156.5,0
2019-02-21 20:10:00,3,34,21.7,91,8.8,1016.5,2.4,3.4,12,1156.5,0
2019-02-21 20:13:00,3,35,21.7,91,8.8,1016.6,1.0,1.7,12,1156.5,0
2019-02-21 20:16:00,3,35,21.7,91,8.8,1016.6,0.7,1.0,14,1156.5,0
2019-02-21 20:19:00,3,35,21.7,91,8.8,1016.6,0.3,1.0,10,1156.5,0
2019-02-21 20:22:00,3,35,21.7,91,8.8,1016.7,1.0,1.7,14,1156.5,0
2019-02-21 20:25:00,3,35,21.7,91,8.8,1016.7,1.4,1.7,10,1156.5,0
2019-02-21 20:28:00,3,35,21.7,91,8.8,1016.7,1.4,2.0,14,1156.5,0
2019-02-21 20:31:00,3,35,21.7,92,8.8,1016.7,1.4,2.4,14,1156.5,0
2019-02-21 20:34:00,3,35,21.7,92,8.8,1016.6,1.0,1.7,10,1156.5,0
2019-02-21 20:37:00,3,35,21.7,92,8.8,1016.8,1.0,1.4,12,1156.5,0
2019-02-21 20:40:00,3,35,21.7,92,8.8,1016.6,1.7,2.7,12,1156.5,0
2019-02-21 20:43:00,3,35,21.7,92,8.8,1016.8,1.7,2.4,14,1156.5,0
2019-02-21 20:46:00,3,35,21.7,92,8.8,1016.7,1.7,2.7,13,1156.5,0
2019-02-21 20:49:00,3,35,21.7,92,8.8,1016.8,1.4,1.7,10,1156.5,0
2019-02-21 20:52:00,3,35,21.7,92,8.8,1016.7,2.0,2.4,12,1156.5,0
2019-02-21 20:55:00,3,35,21.7,92,8.8,1016.7,1.0,1.4,8,1156.5,0
2019-02-21 20:58:00,3,35,21.7,92,8.8,1016.8,1.7,2.7,12,1156.8,0
2019-02-21 21:01:00,3,35,21.7,92,8.8,1016.7,1.4,2.0,12,1156.8,0
2019-02-21 21:04:00,3,35,21.7,92,8.8,1016.8,1.4,2.0,12,1156.8,0
2019-02-21 21:07:00,3,35,21.7,92,8.8,1016.7,1.0,1.7,12,1156.8,0
2019-02-21 21:10:00,3,35,21.7,92,8.8,1016.8,2.0,3.7,8,1156.8,0
2019-02-21 21:13:00,3,35,21.7,92,8.8,1016.9,1.4,2.4,14,1156.8,0
2019-02-21 21:16:00,3,35,21.7,92,8.9,1016.9,2.4,3.4,14,1156.8,0
2019-02-21 21:19:00,3,35,21.7,92,8.9,1016.8,2.0,3.1,14,1156.8,0
2019-02-21 21:22:00,3,35,21.7,92,8.9,1017.0,1.4,2.0,11,1156.8,0
2019-02-21 21:25:00,3,35,21.7,92,8.9,1017.1,1.7,2.4,10,1156.8,0
2019-02-21 21:28:00,3,35,21.7,92,8.9,1017.1,2.0,3.4,14,1156.8,0
2019-02-21 21:31:00,3,35,21.6,92,8.9,1017.1,1.4,2.7,13,1156.8,0
2019-02-21 21:34:00,3,35,21.6,92,8.9,1017.1,2.4,3.1,12,1156.8,0
2019-02-21 21:37:00,3,35,21.6,92,8.9,1017.1,2.0,3.1,14,1156.8,0
2019-02-21 21:40:00,3,35,21.6,92,9.0,1017.2,2.7,4.4,14,1156.8,0
2019-02-21 21:43:00,3,35,21.6,92,8.9,1017.2,2.0,2.7,12,1156.8,0
2019-02-21 21:46:00,3,35,21.6,92,9.0,1017.2,2.7,3.7,14,1156.8,0
2019-02-21 21:49:00,3,35,21.6,92,9.0,1017.2,2.0,2.7,14,1156.8,0
2019-02-21 21:52:00,3,35,21.6,92,9.0,1017.3,2.0,3.1,8,1156.8,0
2019-02-21 21:55:00,3,35,21.6,92,9.0,1017.2,1.0,1.4,10,1156.8,0
2019-02-21 21:58:00,3,35,21.6,92,9.0,1017.2,2.0,2.7,0,1156.8,0
2019-02-21 22:01:00,3,35,21.6,93,9.0,1017.3,1.7,2.4,14,1156.8,0
2019-02-21 22:04:00,3,35,21.6,92,9.0,1017.3,1.4,1.7,14,1156.8,0
2019-02-21 22:07:00,3,35,21.6,92,9.0,1017.4,1.7,3.1,14,1156.8,0
2019-02-21 22:10:00,3,35,21.5,92,9.0,1017.4,0.7,1.4,14,1156.8,0
2019-02-21 22:13:00,3,35,21.5,92,9.0,1017.4,1.4,2.7,12,1156.8,0
2019-02-21 22:16:00,3,35,21.5,92,9.0,1017.4,1.7,2.4,15,1156.8,0
2019-02-21 22:19:00,3,35,21.5,92,9.0,1017.5,1.0,1.4,8,1156.8,0
2019-02-21 22:22:00,3,35,21.5,92,9.0,1017.5,0.7,1.4,14,1156.8,0
2019-02-21 22:25:00,3,35,21.5,92,8.9,1017.5,1.4,2.0,14,1156.8,0
2019-02-21 22:28:00,3,35,21.5,92,8.9,1017.5,0.7,1.7,0,1156.8,0
2019-02-21 22:31:00,3,35,21.5,92,8.9,1017.5,1.0,1.4,0,1156.8,0
2019-02-21 22:34:00,3,35,21.5,92,8.9,1017.6,1.4,1.7,12,1156.8,0
2019-02-21 22:37:00,3,35,21.5,92,8.9,1017.5,2.0,4.1,0,1156.8,0
2019-02-21 22:40:00,3,35,21.5,92,8.9,1017.6,0.7,1.0,2,1156.8,0
2019-02-21 22:43:00,3,35,21.4,93,8.9,1017.7,0.7,1.7,14,1156.8,0
2019-02-21 22:46:00,3,35,21.4,93,8.9,1017.6,1.0,2.0,12,1156.8,0
2019-02-21 22:49:00,3,35,21.4,93,8.9,1017.6,1.7,2.4,14,1156.8,0
2019-02-21 22:52:00,3,35,21.4,93,8.9,1017.7,1.4,2.0,12,1156.8,0
2019-02-21 22:55:00,3,35,21.4,93,8.9,1017.8,1.0,1.7,2,1156.8,0
2019-02-21 22:58:00,3,35,21.3,93,8.9,1017.7,1.4,2.0,14,1156.8,0
2019-02-21 23:01:00,3,35,21.3,93,8.9,1017.8,1.0,1.7,12,1156.8,0
2019-02-21 23:04:00,3,35,21.3,93,8.9,1017.8,1.0,1.7,12,1156.8,0
2019-02-21 23:07:00,3,35,21.3,93,8.9,1017.9,1.0,1.7,0,1156.8,0
2019-02-21 23:10:00,3,35,21.3,93,8.9,1017.9,1.0,1.7,12,1156.8,0
2019-02-21 23:13:00,3,35,21.3,93,8.9,1017.9,1.0,2.0,14,1156.8,0
2019-02-21 23:16:00,3,35,21.3,93,8.9,1017.9,0,0.7,14,1156.8,0
2019-02-21 23:19:00,3,35,21.3,93,8.9,1017.9,1.0,2.0,2,1157.1,0
2019-02-21 23:22:00,3,35,21.3,93,8.9,1017.9,0.7,1.0,12,1157.1,0
2019-02-21 23:25:00,3,35,21.3,93,8.9,1018.0,1.4,2.0,8,1157.1,0
2019-02-21 23:28:00,3,35,21.3,93,8.9,1018.0,2.4,3.4,14,1157.1,0
2019-02-21 23:31:00,3,35,21.2,93,8.9,1018.0,1.0,2.4,12,1157.1,0
2019-02-21 23:34:00,3,35,21.2,93,8.9,1018.1,1.4,2.0,0,1157.1,0
2019-02-21 23:37:00,3,35,21.2,93,8.9,1018.0,2.4,3.1,12,1157.1,0
2019-02-21 23:40:00,3,35,21.2,93,8.9,1018.0,3.1,4.1,14,1157.1,0
2019-02-21 23:43:00,3,35,21.2,93,8.8,1018.0,2.0,2.7,0,1157.1,0
2019-02-21 23:46:00,3,35,21.2,93,8.8,1018.0,0.7,1.0,14,1157.1,0
2019-02-21 23:49:00,3,35,21.2,93,8.8,1018.0,1.0,1.7,14,1157.1,0
2019-02-21 23:52:00,3,35,21.2,93,8.8,1018.1,0.7,1.4,0,1157.1,0
2019-02-21 23:55:00,3,35,21.2,93,8.8,1018.2,2.0,2.4,0,1157.1,0
2019-02-21 23:58:00,3,35,21.2,93,8.8,1018.2,0.7,1.4,14,1157.1,0
