2019-02-15 00:00:59,4,32,20.9,81,-0.7,1027.5,0,0,0,1154.4,0
2019-02-15 00:04:59,4,32,20.8,81,-0.7,1027.5,0,0,0,1154.4,0
2019-02-15 00:08:59,4,32,20.7,81,-0.7,1027.4,0,0,0,1154.4,0
2019-02-15 00:12:59,4,32,20.7,81,-0.8,1027.3,0,0,0,1154.4,0
2019-02-15 00:16:59,4,32,20.7,81,-0.8,1027.5,0,0,10,1154.4,0
2019-02-15 00:20:59,4,32,20.7,81,-0.8,1027.5,0,0,10,1154.4,0
2019-02-15 00:24:59,4,32,20.6,81,-0.8,1027.4,0,0,10,1154.4,0
2019-02-15 00:28:59,4,32,20.6,81,-0.8,1027.5,0,0,10,1154.4,0
2019-02-15 00:32:59,4,32,20.6,81,-0.8,1027.5,0,0,10,1154.4,0
2019-02-15 00:36:59,4,32,20.6,81,-0.9,1027.5,0,0,10,1154.4,0
2019-02-15 00:40:59,4,32,20.5,81,-0.9,1027.5,0,0,10,1154.4,0
2019-02-15 00:44:59,4,32,20.5,82,-0.8,1027.5,0,0,10,1154.4,0
2019-02-15 00:48:59,4,32,20.5,82,-0.9,1027.5,0,0,10,1154.4,0
2019-02-15 00:52:59,4,32,20.5,82,-0.9,1027.5,0,0,10,1154.4,0
2019-02-15 00:56:59,4,32,20.4,82,-0.9,1027.5,0,0,10,1154.4,0
2019-02-15 01:00:59,4,32,20.4,82,-0.8,1027.4,0,0,10,1154.4,0
2019-02-15 01:03:59,3,32,20.4,82,-0.8,1027.5,0,0,10,1154.4,0
2019-02-15 01:06:59,3,32,20.4,82,-0.8,1027.5,0,0,10,1154.4,0
2019-02-15 01:09:59,3,32,20.4,82,-0.8,1027.5,0,0,10,1154.4,0
2019-02-15 01:12:59,3,32,20.3,82,-0.8,1027.4,0,0,10,1154.4,0
2019-02-15 01:15:59,3,32,20.3,82,-0.8,1027.3,0,0,10,1154.4,0
2019-02-15 01:18:59,3,32,20.3,82,-0.9,1027.3,0,0,10,1154.4,0
2019-02-15 01:21:59,3,32,20.3,82,-0.9,1027.2,0,0,10,1154.4,0
2019-02-15 01:24:59,3,32,20.3,82,-0.9,1027.2,0,0,10,1154.4,0
2019-02-15 01:27:59,3,32,20.2,82,-1.0,1027.2,0,0,10,1154.4,0
2019-02-15 01:30:59,3,32,20.2,82,-0.9,1027.1,0,0,2,1154.4,0
2019-02-15 01:33:59,3,32,20.2,82,-0.9,1027.1,0,0,2,1154.4,0
2019-02-15 01:36:59,3,32,20.2,82,-0.9,1027.1,0,0,2,1154.4,0
2019-02-15 01:39:59,3,32,20.1,82,-0.9,1027.1,0,0,2,1154.4,0
2019-02-15 01:42:59,3,32,20.1,82,-0.9,1027.1,0,0,2,1154.4,0
2019-02-15 01:45:59,3,32,20.1,82,-1.0,1027.0,0,0,2,1154.4,0
2019-02-15 01:48:59,3,32,20.1,82,-1.1,1027.0,0,0,2,1154.4,0
2019-02-15 01:51:59,3,32,20.1,82,-1.1,1027.0,0,0,2,1154.4,0
2019-02-15 01:54:59,3,32,20.0,82,-1.2,1026.9,0,0,2,1154.4,0
2019-02-15 01:57:59,3,32,20.0,82,-1.2,1027.0,0,0,2,1154.4,0
2019-02-15 02:00:59,3,32,20.0,82,-1.2,1026.9,0,0,2,1154.4,0
2019-02-15 02:03:59,3,32,20.0,82,-1.2,1027.0,0,0,2,1154.4,0
2019-02-15 02:06:59,3,32,20.0,82,-1.2,1026.9,0,0,2,1154.4,0
2019-02-15 02:09:59,3,33,19.9,82,-1.3,1027.0,0,0,10,1154.4,0
2019-02-15 02:12:59,3,33,19.9,82,-1.2,1026.9,0,0,10,1154.4,0
2019-02-15 02:15:59,3,33,19.8,82,-1.2,1026.9,0,0,10,1154.4,0
2019-02-15 02:18:59,3,33,19.8,82,-1.2,1026.8,0,0,10,1154.4,0
2019-02-15 02:21:59,3,33,19.8,82,-1.2,1026.9,0,0,10,1154.4,0
2019-02-15 02:24:59,3,33,19.8,82,-1.1,1026.8,0,0,10,1154.4,0
2019-02-15 02:27:59,3,33,19.8,82,-1.1,1026.8,0,0,10,1154.4,0
2019-02-15 02:30:59,3,33,19.7,82,-1.1,1026.8,0,0,10,1154.4,0
2019-02-15 02:33:59,3,33,19.7,82,-1.1,1026.7,0,0,10,1154.4,0
2019-02-15 02:36:59,3,33,19.7,82,-1.2,1026.7,0,0,10,1154.4,0
2019-02-15 02:39:59,3,33,19.7,82,-1.2,1026.8,0,0,10,1154.4,0
2019-02-15 02:42:59,3,33,19.7,82,-1.2,1026.7,0,0,10,1154.4,0
2019-02-15 02:45:59,3,33,19.7,82,-1.2,1026.7,0,0,10,1154.4,0
2019-02-15 02:48:59,3,33,19.7,82,-1.2,1026.6,0,0,10,1154.4,0
2019-02-15 02:51:59,3,33,19.6,82,-1.2,1026.6,0,0,10,1154.4,0
2019-02-15 02:54:59,3,33,19.6,82,-1.2,1026.6,0,0,10,1154.4,0
2019-02-15 02:57:59,3,33,19.6,82,-1.3,1026.6,0,0,10,1154.4,0
2019-02-15 03:00:59,3,33,19.6,82,-1.3,1026.5,0,0,10,1154.4,0
2019-02-15 03:03:59,3,33,19.6,82,-1.3,1026.5,0,0,10,1154.4,0
2019-02-15 03:06:59,3,33,19.6,82,-1.3,1026.6,0,0,10,1154.4,0
2019-02-15 03:09:59,3,33,19.6,82,-1.3,1026.6,0,0,10,1154.4,0
2019-02-15 03:12:59,3,33,19.6,82,-1.3,1026.6,0,0,10,1154.4,0
2019-02-15 03:15:59,3,33,19.5,82,-1.3,1026.6,0,0,10,1154.4,0
2019-02-15 03:18:59,3,33,19.5,82,-1.3,1026.6,0,0,10,1154.4,0
2019-02-15 03:21:59,3,33,19.5,82,-1.4,1026.6,0,0,10,1154.4,0
2019-02-15 03:24:59,3,33,19.5,82,-1.4,1026.7,0,0,10,1154.4,0
2019-02-15 03:27:59,3,33,19.5,82,-1.4,1026.6,0,0,10,1154.4,0
2019-02-15 03:30:59,3,33,19.5,82,-1.4,1026.6,0,0,10,1154.4,0
2019-02-15 03:33:59,3,33,19.4,82,-1.5,1026.5,0,0,10,1154.4,0
2019-02-15 03:36:59,3,33,19.4,82,-1.5,1026.6,0,0,10,1154.4,0
2019-02-15 03:39:59,3,33,19.4,82,-1.4,1026.6,0,0,6,1154.4,0
2019-02-15 03:42:59,3,33,19.3,82,-1.4,1026.6,0,0,6,1154.4,0
2019-02-15 03:45:59,3,33,19.3,82,-1.4,1026.7,0,0,6,1154.4,0
2019-02-15 03:48:59,3,33,19.3,82,-1.4,1026.7,0,0,6,1154.4,0
2019-02-15 03:51:59,3,33,19.3,82,-1.4,1026.7,0,0,6,1154.4,0
2019-02-15 03:54:59,3,33,19.3,82,-1.4,1026.7,0,0,6,1154.4,0
2019-02-15 03:57:59,3,33,19.3,82,-1.5,1026.7,0,0,6,1154.4,0
2019-02-15 04:00:59,3,33,19.3,82,-1.5,1026.7,0,0,6,1154.4,0
2019-02-15 04:03:59,3,33,19.3,82,-1.5,1026.6,0,0,6,1154.4,0
2019-02-15 04:06:59,3,33,19.3,82,-1.6,1026.6,0,0,6,1154.4,0
2019-02-15 04:09:59,3,33,19.2,82,-1.6,1026.6,0,0,6,1154.4,0
2019-02-15 04:12:59,3,33,19.2,82,-1.5,1026.6,0,0,6,1154.4,0
2019-02-15 04:15:59,3,33,19.2,82,-1.5,1026.6,0,0,6,1154.4,0
2019-02-15 04:18:59,3,33,19.2,82,-1.5,1026.7,0,0,2,1154.4,0
2019-02-15 04:21:59,3,33,19.2,82,-1.5,1026.7,0,0,2,1154.4,0
2019-02-15 04:24:59,3,33,19.2,82,-1.5,1026.7,0,0,2,1154.4,0
2019-02-15 04:27:59,3,33,19.2,82,-1.5,1026.7,0,0,2,1154.4,0
2019-02-15 04:30:59,3,33,19.2,82,-1.5,1026.6,0,0,2,1154.4,0
2019-02-15 04:33:59,3,33,19.1,82,-1.6,1026.8,0,0,2,1154.4,0
2019-02-15 04:36:59,3,33,19.1,82,-1.6,1026.6,0,0,2,1154.4,0
2019-02-15 04:39:59,3,33,19.1,82,-1.6,1026.7,0,0,2,1154.4,0
2019-02-15 04:42:59,3,33,19.1,82,-1.7,1026.7,0,0,2,1154.4,0
2019-02-15 04:45:59,3,33,19.1,82,-1.8,1026.8,0,0,6,1154.4,0
2019-02-15 04:48:59,3,33,19.1,82,-1.8,1026.7,0,0,6,1154.4,0
2019-02-15 04:51:59,3,33,19.1,82,-1.8,1026.7,0,0,6,1154.4,0
2019-02-15 04:54:59,3,33,19.0,82,-1.8,1026.8,0,0,6,1154.4,0
2019-02-15 04:57:59,3,33,19.0,82,-1.9,1026.7,0,0,6,1154.4,0
2019-02-15 05:00:59,3,33,19.0,82,-1.9,1026.8,0,0,6,1154.4,0
2019-02-15 05:03:59,3,33,19.1,82,-1.9,1026.7,0,0,6,1154.4,0
2019-02-15 05:06:59,3,33,19.1,82,-1.9,1026.7,0,0,6,1154.4,0
2019-02-15 05:09:59,3,33,19.1,82,-1.9,1026.7,0,0,6,1154.4,0
2019-02-15 05:12:59,3,33,19.1,82,-1.9,1026.8,0,0,0,1154.4,0
2019-02-15 05:15:59,3,33,19.1,82,-1.9,1026.7,0,0,0,1154.4,0
2019-02-15 05:18:59,3,33,19.1,82,-1.9,1026.7,0,0,0,1154.4,0
2019-02-15 05:21:59,3,33,19.2,82,-2.0,1026.7,0,0,0,1154.4,0
2019-02-15 05:24:59,3,33,19.2,82,-2.1,1026.7,0,0,0,1154.4,0
2019-02-15 05:27:59,3,33,19.2,82,-2.1,1026.7,0,0,0,1154.4,0
2019-02-15 05:30:59,3,33,19.3,82,-2.1,1026.7,0,0,0,1154.4,0
2019-02-15 05:33:59,3,33,19.3,82,-2.1,1026.7,0,0,0,1154.4,0
2019-02-15 05:36:59,3,33,19.3,82,-2.1,1026.7,0,0,0,1154.4,0
2019-02-15 05:39:59,3,33,19.4,82,-2.1,1026.7,0,0,0,1154.4,0
2019-02-15 05:42:59,3,33,19.5,82,-2.2,1026.7,0,0,0,1154.4,0
2019-02-15 05:45:59,3,33,19.5,82,-2.2,1026.7,0,0,0,1154.4,0
2019-02-15 05:48:59,3,33,19.6,82,-2.2,1026.6,0,0,0,1154.4,0
2019-02-15 05:51:59,3,33,19.6,82,-2.1,1026.8,0,0,0,1154.4,0
2019-02-15 05:54:59,3,33,19.7,82,-2.1,1026.8,0,0,0,1154.4,0
2019-02-15 05:57:59,3,33,19.7,82,-2.1,1026.9,0,0,0,1154.4,0
2019-02-15 06:00:59,3,32,20.0,82,-2.1,1026.8,0,0,0,1154.4,0
2019-02-15 06:03:59,3,31,20.3,82,-2.1,1026.8,0,0,0,1154.4,0
2019-02-15 06:06:59,3,31,20.5,82,-2.1,1026.8,0,0,0,1154.4,0
2019-02-15 06:09:59,3,31,20.7,82,-2.2,1027.0,0,0,0,1154.4,0
2019-02-15 06:12:59,3,30,20.9,82,-2.2,1026.9,0,0,0,1154.4,0
2019-02-15 06:15:59,3,29,21.1,82,-2.1,1027.0,0,0,0,1154.4,0
2019-02-15 06:18:59,3,29,21.1,82,-2.1,1027.0,0,0,0,1154.4,0
2019-02-15 06:21:59,3,29,21.2,82,-2.2,1027.1,0,0,0,1154.4,0
2019-02-15 06:24:59,3,29,21.3,82,-2.2,1027.1,0,0,0,1154.4,0
2019-02-15 06:27:59,3,29,21.5,82,-2.2,1027.1,0,0,0,1154.4,0
2019-02-15 06:30:59,3,29,21.6,82,-2.3,1027.2,0,0,0,1154.4,0
2019-02-15 06:33:59,3,29,21.7,82,-2.3,1027.2,0,0,0,1154.4,0
2019-02-15 06:36:59,3,29,21.8,82,-2.3,1027.2,0,0,0,1154.4,0
2019-02-15 06:39:59,3,29,21.8,82,-2.3,1027.2,0,0,0,1154.4,0
2019-02-15 06:42:59,3,29,21.9,82,-2.3,1027.2,0,0,0,1154.4,0
2019-02-15 06:45:59,3,29,21.9,82,-2.3,1027.3,0,0,0,1154.4,0
2019-02-15 06:48:59,3,27,22.1,82,-2.3,1027.4,0,0,0,1154.4,0
2019-02-15 06:51:59,3,27,22.1,82,-2.2,1027.4,0,0,8,1154.4,0
2019-02-15 06:54:59,3,26,22.2,82,-1.8,1027.4,0,0,8,1154.4,0
2019-02-15 06:57:59,3,26,22.2,83,-1.4,1027.5,0,0,8,1154.4,0
2019-02-15 07:00:59,3,26,22.3,83,-1.3,1027.5,0,0,8,1154.4,0
2019-02-15 07:03:59,3,26,22.3,83,-1.3,1027.5,0,0,8,1154.4,0
2019-02-15 07:06:59,3,26,22.3,83,-0.6,1027.5,0,0,8,1154.4,0
2019-02-15 07:09:59,3,25,22.5,83,-0.4,1027.5,0,0,8,1154.4,0
2019-02-15 07:12:59,3,25,22.6,83,0.2,1027.5,0,0,8,1154.4,0
2019-02-15 07:15:59,3,25,22.6,83,0.6,1027.6,0,0,8,1154.4,0
2019-02-15 07:18:59,3,25,22.6,83,1.2,1027.6,0,0,8,1154.4,0
2019-02-15 07:21:59,3,25,22.7,84,1.8,1027.6,0,0,8,1154.4,0
2019-02-15 07:24:59,3,25,22.7,84,2.3,1027.8,0,0,8,1154.4,0
2019-02-15 07:27:59,3,25,22.7,84,2.5,1027.7,0,0,8,1154.4,0
2019-02-15 07:30:59,3,25,22.7,83,2.5,1027.7,0,0,8,1154.4,0
2019-02-15 07:33:59,3,26,22.6,83,2.1,1027.7,0,0,8,1154.4,0
2019-02-15 07:36:59,3,26,22.5,83,1.6,1027.7,0,0,8,1154.4,0
2019-02-15 07:39:59,3,26,22.3,83,1.4,1027.8,0,0,8,1154.4,0
2019-02-15 07:42:59,3,26,22.2,83,1.1,1027.7,0,0,8,1154.4,0
2019-02-15 07:45:59,3,26,22.2,83,0.9,1027.6,0,0,8,1154.4,0
2019-02-15 07:48:59,3,27,22.1,83,0.7,1027.6,0,0,8,1154.4,0
2019-02-15 07:51:59,3,27,22.0,83,0.6,1027.6,0,0,8,1154.4,0
2019-02-15 07:54:59,3,28,21.9,83,0.6,1027.6,0,0,8,1154.4,0
2019-02-15 07:57:59,3,28,21.9,83,0.6,1027.6,0,0,8,1154.4,0
2019-02-15 08:00:59,3,28,21.9,83,0.6,1027.6,0,0,8,1154.4,0
2019-02-15 08:03:59,3,28,21.9,83,0.7,1027.5,0,0,8,1154.4,0
2019-02-15 08:06:59,3,28,21.9,83,0.8,1027.6,0,0,8,1154.4,0
2019-02-15 08:09:59,3,28,21.8,84,0.9,1027.6,0,0,8,1154.4,0
2019-02-15 08:12:59,3,28,21.8,84,1.0,1027.5,0,0,8,1154.4,0
2019-02-15 08:15:59,3,29,21.8,84,1.1,1027.5,0,0,8,1154.4,0
2019-02-15 08:18:59,3,29,21.7,84,1.3,1027.5,0,0,8,1154.4,0
2019-02-15 08:21:59,3,29,21.7,84,1.4,1027.5,0,0,10,1154.4,0
2019-02-15 08:24:59,3,29,21.6,85,1.6,1027.5,0,0,14,1154.4,0
2019-02-15 08:27:59,3,29,21.6,85,1.8,1027.5,0,0,14,1154.4,0
2019-02-15 08:30:59,3,29,21.5,85,2.0,1027.5,0,0,14,1154.4,0
2019-02-15 08:33:59,3,29,21.5,85,2.2,1027.6,0,0,14,1154.4,0
2019-02-15 08:36:59,3,29,21.5,85,2.4,1027.5,0,0.7,14,1154.4,0
2019-02-15 08:39:59,3,29,21.3,86,2.5,1027.4,0,0,12,1154.4,0
2019-02-15 08:42:59,3,29,21.3,86,2.7,1027.6,0,0,10,1154.4,0
2019-02-15 08:45:59,3,29,21.3,86,2.9,1027.6,0,0,10,1154.4,0
2019-02-15 08:48:59,3,29,21.2,86,3.0,1027.6,0,0,8,1154.4,0
2019-02-15 08:51:59,3,29,21.2,86,3.1,1027.6,0,0,10,1154.4,0
2019-02-15 08:54:59,3,29,21.1,86,3.3,1027.6,0,0,9,1154.4,0
2019-02-15 08:57:59,3,29,21.1,87,3.5,1027.7,0,0,10,1154.4,0
2019-02-15 09:00:59,3,29,21.1,87,3.7,1027.6,0,0,10,1154.4,0
2019-02-15 09:03:59,3,30,21.1,87,3.7,1027.6,0,0,10,1154.4,0
2019-02-15 09:06:59,3,30,21.1,87,4.2,1027.6,1.0,1.4,10,1154.4,0
2019-02-15 09:09:59,3,30,21.0,86,4.5,1027.7,0,0.3,10,1154.4,0
2019-02-15 09:12:59,3,30,21.0,86,4.7,1027.6,0,0.3,10,1154.4,0
2019-02-15 09:15:59,3,30,21.0,85,4.9,1027.6,1.0,1.4,8,1154.4,0
2019-02-15 09:18:59,3,30,21.0,83,5.2,1027.6,0.3,0.7,14,1154.4,0
2019-02-15 09:21:59,3,30,21.0,82,5.4,1027.6,1.0,1.4,10,1154.4,0
2019-02-15 09:24:59,3,30,21.0,80,5.7,1027.7,0,0.3,10,1154.4,0
2019-02-15 09:27:59,3,30,21.0,79,5.9,1027.7,0,0,6,1154.4,0
2019-02-15 09:30:59,3,30,21.0,76,6.1,1027.7,0,0,10,1154.4,0
2019-02-15 09:33:59,3,30,21.0,74,6.3,1027.7,0,0,10,1154.4,0
2019-02-15 09:36:59,3,30,21.0,72,6.4,1027.7,0,0,10,1154.4,0
2019-02-15 09:39:59,3,30,21.0,70,6.6,1027.7,0,0,8,1154.4,0
2019-02-15 09:42:59,3,30,21.0,68,7.0,1027.8,0,0.3,10,1154.4,0
2019-02-15 09:45:59,3,30,21.0,61,7.8,1027.8,0.7,1.0,10,1154.4,0
2019-02-15 09:48:59,3,31,21.0,60,8.4,1027.7,0.7,1.0,10,1154.4,0
2019-02-15 09:51:59,3,31,21.0,57,9.0,1027.6,0,0.3,10,1154.4,0
2019-02-15 09:54:59,3,32,21.1,56,9.4,1027.5,0.3,0.7,12,1154.4,0
2019-02-15 09:57:59,3,32,21.1,54,9.7,1027.7,0.7,1.0,12,1154.4,0
2019-02-15 10:00:59,3,32,21.1,53,9.9,1027.7,0,0.3,10,1154.4,0
2019-02-15 10:03:59,3,32,21.3,51,10.2,1027.5,0.7,1.4,8,1154.4,0
2019-02-15 10:06:59,3,31,21.5,48,10.3,1027.6,0.7,1.0,8,1154.4,0
2019-02-15 10:09:59,3,31,21.7,47,10.2,1027.5,0.3,0.7,10,1154.4,0
2019-02-15 10:12:59,3,30,21.8,50,10.5,1027.6,0.3,0.7,12,1154.4,0
2019-02-15 10:15:59,3,30,21.9,47,10.7,1027.6,1.0,1.4,11,1154.4,0
2019-02-15 10:18:59,3,30,21.8,46,10.9,1027.6,0.7,0.7,10,1154.4,0
2019-02-15 10:21:59,3,30,21.8,46,11.1,1027.5,0.7,1.0,12,1154.4,0
2019-02-15 10:24:59,3,30,21.8,45,11.0,1027.5,0.7,1.0,10,1154.4,0
2019-02-15 10:27:59,3,30,21.8,46,11.3,1027.5,0.3,0.7,12,1154.4,0
2019-02-15 10:30:59,3,30,21.7,45,11.6,1027.5,0.7,1.0,10,1154.4,0
2019-02-15 10:33:59,3,30,21.7,44,11.8,1027.4,1.0,1.4,10,1154.4,0
2019-02-15 10:36:59,3,30,21.7,43,11.8,1027.4,0.7,1.0,12,1154.4,0
2019-02-15 10:39:59,3,30,21.6,43,11.7,1027.4,0.3,0.7,12,1154.4,0
2019-02-15 10:42:59,3,30,21.6,43,11.8,1027.4,0.3,0.7,12,1154.4,0
2019-02-15 10:45:59,3,30,21.6,43,11.9,1027.3,0.3,0.7,12,1154.4,0
2019-02-15 10:48:59,3,30,21.5,43,12.2,1027.3,0,0.7,10,1154.4,0
2019-02-15 10:51:59,3,30,21.5,41,12.6,1027.3,0.3,0.7,12,1154.4,0
2019-02-15 10:54:59,3,30,21.4,40,12.8,1027.2,0.7,1.0,6,1154.4,0
2019-02-15 10:57:59,3,31,21.3,38,12.9,1027.2,0.7,1.0,10,1154.4,0
2019-02-15 11:00:59,3,31,21.3,39,12.9,1027.1,0.7,1.0,12,1154.4,0
2019-02-15 11:03:59,3,31,21.3,39,12.9,1027.2,0.7,1.0,12,1154.4,0
2019-02-15 11:06:59,3,31,21.3,38,12.8,1027.1,0.3,0.7,10,1154.4,0
2019-02-15 11:09:59,3,31,21.3,37,13.0,1027.1,1.0,1.4,9,1154.4,0
2019-02-15 11:12:59,3,31,21.2,36,13.0,1027.1,1.7,2.0,10,1154.4,0
2019-02-15 11:15:59,3,31,21.2,34,13.0,1027.0,2.0,2.4,11,1154.4,0
2019-02-15 11:18:59,3,31,21.2,35,12.9,1027.0,1.0,1.4,14,1154.4,0
2019-02-15 11:21:59,3,31,21.2,35,13.0,1027.0,1.0,1.4,10,1154.4,0
2019-02-15 11:24:59,3,31,21.2,35,13.3,1026.9,0.7,0.7,12,1154.4,0
2019-02-15 11:27:59,3,31,21.2,34,13.5,1026.8,0.7,1.0,14,1154.4,0
2019-02-15 11:30:59,3,32,21.2,34,13.6,1026.9,0.7,1.4,12,1154.4,0
2019-02-15 11:33:59,3,32,21.1,34,13.5,1026.8,1.4,1.7,12,1154.4,0
2019-02-15 11:36:59,3,32,21.1,34,13.5,1026.9,1.0,1.4,12,1154.4,0
2019-02-15 11:39:59,3,32,21.1,34,13.5,1026.8,1.0,1.7,14,1154.4,0
2019-02-15 11:42:59,3,32,21.1,34,13.5,1026.8,0.7,1.0,9,1154.4,0
2019-02-15 11:45:59,3,32,21.1,33,13.8,1026.7,2.0,2.4,8,1154.4,0
2019-02-15 11:48:59,3,32,21.1,33,13.7,1026.7,0.7,1.4,10,1154.4,0
2019-02-15 11:51:59,3,32,21.1,32,13.8,1026.7,1.7,2.0,12,1154.4,0
2019-02-15 11:54:59,3,32,21.1,32,13.7,1026.7,0.7,1.4,12,1154.4,0
2019-02-15 11:57:59,3,32,21.1,33,13.7,1026.6,1.0,1.4,10,1154.4,0
2019-02-15 12:00:59,3,32,21.1,32,13.9,1026.7,2.4,2.7,12,1154.4,0
2019-02-15 12:03:59,3,32,21.1,32,13.8,1026.6,1.0,1.4,12,1154.4,0
2019-02-15 12:06:59,3,32,21.1,32,13.8,1026.7,1.0,1.4,12,1154.4,0
2019-02-15 12:09:59,3,32,21.0,31,14.0,1026.7,1.4,1.7,10,1154.4,0
2019-02-15 12:12:59,3,32,21.0,32,14.4,1026.7,0.3,0.7,0,1154.4,0
2019-02-15 12:15:59,3,33,21.0,31,14.6,1026.7,1.0,1.4,10,1154.4,0
2019-02-15 12:18:59,3,33,21.0,31,14.9,1026.7,1.0,1.4,10,1154.4,0
2019-02-15 12:21:59,3,33,21.0,31,14.9,1026.7,1.4,1.7,10,1154.4,0
2019-02-15 12:24:59,3,33,21.0,31,14.9,1026.6,1.0,1.4,9,1154.4,0
2019-02-15 12:27:59,3,33,21.0,30,14.9,1026.5,1.4,1.7,10,1154.4,0
2019-02-15 12:30:59,3,33,21.0,30,14.9,1026.5,1.4,2.0,8,1154.4,0
2019-02-15 12:33:59,3,33,21.0,31,14.8,1026.5,0.7,1.0,6,1154.4,0
2019-02-15 12:36:59,3,33,21.0,30,14.8,1026.5,0.7,1.0,10,1154.4,0
2019-02-15 12:39:59,3,33,21.1,30,15.0,1026.6,1.0,1.4,9,1154.4,0
2019-02-15 12:42:59,3,33,21.1,30,15.2,1026.5,0.7,1.0,12,1154.4,0
2019-02-15 12:45:59,3,33,21.1,30,15.3,1026.5,1.4,1.7,10,1154.4,0
2019-02-15 12:48:59,3,33,21.1,30,15.2,1026.4,1.0,1.4,8,1154.4,0
2019-02-15 12:51:59,3,33,21.1,30,15.1,1026.4,0.3,0.7,10,1154.4,0
2019-02-15 12:54:59,3,33,21.1,31,15.2,1026.3,0.3,0.7,12,1154.4,0
2019-02-15 12:57:59,3,33,21.2,31,15.2,1026.4,0.3,0.3,8,1154.4,0
2019-02-15 13:00:59,3,33,21.2,30,15.2,1026.3,1.0,1.4,10,1154.4,0
2019-02-15 13:03:59,3,33,21.2,30,15.2,1026.4,1.0,1.4,10,1154.4,0
2019-02-15 13:06:59,3,33,21.2,30,15.2,1026.3,1.0,1.4,10,1154.4,0
2019-02-15 13:09:59,3,33,21.2,31,14.4,1026.2,0.7,1.0,10,1154.4,0
2019-02-15 13:12:59,3,33,21.2,31,14.5,1026.2,1.4,1.7,8,1154.4,0
2019-02-15 13:15:59,3,33,21.2,31,14.3,1026.3,0.7,1.0,12,1154.4,0
2019-02-15 13:18:59,3,34,21.2,31,14.3,1026.2,1.4,1.7,8,1154.4,0
2019-02-15 13:21:59,3,34,21.3,31,14.2,1026.1,1.0,1.4,10,1154.4,0
2019-02-15 13:24:59,3,34,21.3,31,14.1,1026.1,1.0,1.4,9,1154.4,0
2019-02-15 13:27:59,3,34,21.3,31,14.1,1026.0,0.3,0.7,8,1154.4,0
2019-02-15 13:30:59,3,34,21.3,31,14.1,1026.1,1.0,1.7,6,1154.4,0
2019-02-15 13:33:59,3,34,21.3,31,14.2,1026.1,1.4,2.0,8,1154.4,0
2019-02-15 13:36:59,3,33,21.3,31,14.1,1026.0,1.4,1.7,8,1154.4,0
2019-02-15 13:39:59,3,33,21.4,31,14.0,1026.1,0.7,1.0,8,1154.4,0
2019-02-15 13:42:59,3,33,21.4,31,13.9,1026.0,1.4,2.0,9,1154.4,0
2019-02-15 13:45:59,3,33,21.5,31,13.9,1025.9,0.7,1.0,8,1154.4,0
2019-02-15 13:48:59,3,33,21.5,31,14.0,1026.0,0.3,0.7,10,1154.4,0
2019-02-15 13:51:59,3,33,21.5,30,14.1,1025.9,1.4,2.0,10,1154.4,0
2019-02-15 13:54:59,3,33,21.5,30,14.1,1025.9,1.0,1.7,12,1154.4,0
2019-02-15 13:57:59,3,33,21.5,30,14.1,1025.8,1.4,1.7,12,1154.4,0
2019-02-15 14:00:59,3,33,21.5,30,14.1,1025.8,1.0,1.4,12,1154.4,0
2019-02-15 14:03:59,3,33,21.5,30,14.1,1025.8,0,0,10,1154.4,0
2019-02-15 14:06:59,3,33,21.5,30,14.3,1025.8,0.7,1.0,12,1154.4,0
2019-02-15 14:09:59,3,33,21.5,30,14.3,1025.7,1.0,1.4,10,1154.4,0
2019-02-15 14:12:59,3,33,21.5,30,14.1,1025.8,0.7,1.0,9,1154.4,0
2019-02-15 14:15:59,3,33,21.5,30,14.0,1025.7,1.0,1.4,6,1154.4,0
2019-02-15 14:18:59,3,33,21.5,30,13.9,1025.7,0.3,0.7,12,1154.4,0
2019-02-15 14:21:59,3,33,21.5,31,13.9,1025.7,0,0,8,1154.4,0
2019-02-15 14:24:59,3,33,21.6,30,13.8,1025.8,0.7,1.0,6,1154.4,0
2019-02-15 14:27:59,3,33,21.6,31,13.8,1025.7,0,0,6,1154.4,0
2019-02-15 14:30:59,3,33,21.6,31,13.8,1025.6,0,0.7,9,1154.4,0
2019-02-15 14:33:59,3,33,21.6,31,13.8,1025.6,0.3,0.7,10,1154.4,0
2019-02-15 14:36:59,3,33,21.6,31,13.9,1025.5,0.7,1.0,10,1154.4,0
2019-02-15 14:39:59,3,33,21.6,31,13.9,1025.6,0,0,8,1154.4,0
2019-02-15 14:42:59,3,33,21.6,31,14.0,1025.6,1.0,1.4,6,1154.4,0
2019-02-15 14:45:59,3,33,21.6,31,14.0,1025.5,0.7,1.0,8,1154.4,0
2019-02-15 14:48:59,3,33,21.6,31,14.1,1025.6,0,0,12,1154.4,0
2019-02-15 14:51:59,3,33,21.6,31,14.2,1025.5,0.3,0.7,6,1154.4,0
2019-02-15 14:54:59,3,33,21.6,30,14.2,1025.5,1.4,1.7,8,1154.4,0
2019-02-15 14:57:59,3,33,21.7,30,14.1,1025.3,0.7,1.0,8,1154.4,0
2019-02-15 15:00:59,3,33,21.7,30,14.1,1025.3,0.3,0.7,8,1154.4,0
2019-02-15 15:03:59,3,33,21.7,30,14.1,1025.3,0.3,0.7,8,1154.4,0
2019-02-15 15:06:59,3,33,21.7,30,14.1,1025.3,0.3,0.7,8,1154.4,0
2019-02-15 15:09:59,3,33,21.7,30,14.1,1025.3,0.3,0.7,8,1154.4,0
2019-02-15 15:12:59,3,33,21.7,31,14.0,1025.3,0,0,8,1154.4,0
2019-02-15 15:15:59,3,33,21.7,31,13.8,1025.2,0,0.3,12,1154.4,0
2019-02-15 15:18:59,3,33,21.7,31,13.7,1025.2,0,0.3,12,1154.4,0
2019-02-15 15:21:59,3,33,21.7,31,13.6,1025.2,0,0.3,8,1154.4,0
2019-02-15 15:24:59,3,33,21.7,30,13.4,1025.2,0,0.3,10,1154.4,0
2019-02-15 15:27:59,3,33,21.7,31,13.3,1025.1,0,0.3,10,1154.4,0
2019-02-15 15:30:59,3,33,21.7,31,13.1,1025.1,0,0,10,1154.4,0
2019-02-15 15:33:59,3,33,21.7,31,12.9,1025.1,0,0,10,1154.4,0
2019-02-15 15:36:59,3,33,21.7,31,12.8,1025.1,0,0,10,1154.4,0
2019-02-15 15:39:59,3,33,21.7,32,12.6,1025.1,0,0.3,10,1154.4,0
2019-02-15 15:42:59,3,33,21.8,35,12.4,1025.1,0,0,6,1154.4,0
2019-02-15 15:45:59,3,32,21.8,35,12.2,1025.1,0,0,6,1154.4,0
2019-02-15 15:48:59,3,32,21.8,37,12.0,1025.1,0,0,6,1154.4,0
2019-02-15 15:51:59,3,32,21.8,39,11.7,1025.1,0,0,6,1154.4,0
2019-02-15 15:54:59,3,32,21.8,40,11.4,1025.1,0,0,2,1154.4,0
2019-02-15 15:57:59,3,32,21.8,41,11.1,1025.1,0,0,2,1154.4,0
2019-02-15 16:00:59,3,32,21.8,41,10.8,1025.1,0,0,2,1154.4,0
2019-02-15 16:03:59,3,32,21.8,42,10.6,1025.2,0,0,2,1154.4,0
2019-02-15 16:06:59,3,32,21.8,43,10.3,1025.2,0,0,2,1154.4,0
2019-02-15 16:09:59,3,32,21.8,43,10.0,1025.1,0,0,2,1154.4,0
2019-02-15 16:12:59,3,32,21.8,43,9.7,1025.1,0,0,2,1154.4,0
2019-02-15 16:15:59,3,32,21.8,44,9.5,1025.0,0,0,2,1154.4,0
2019-02-15 16:18:59,3,32,21.8,44,9.3,1025.1,0,0,2,1154.4,0
2019-02-15 16:21:59,3,32,21.8,45,9.0,1025.2,0,0,4,1154.4,0
2019-02-15 16:24:59,3,32,21.8,46,8.8,1025.0,0,0,4,1154.4,0
2019-02-15 16:27:59,3,32,21.8,46,8.6,1025.0,0,0,4,1154.4,0
2019-02-15 16:30:59,3,32,21.8,47,8.3,1025.0,0,0,0,1154.4,0
2019-02-15 16:33:59,3,32,21.8,49,8.1,1025.0,0,0,2,1154.4,0
2019-02-15 16:36:59,3,32,21.8,50,7.8,1024.9,0,0,2,1154.4,0
2019-02-15 16:39:59,3,32,21.8,50,7.8,1025.0,0,0,2,1154.4,0
2019-02-15 16:42:59,3,32,21.8,50,7.6,1025.1,0,0,2,1154.4,0
2019-02-15 16:45:59,3,32,21.8,50,7.5,1025.0,0,0,2,1154.4,0
2019-02-15 16:48:59,3,32,21.8,54,7.4,1025.0,0,0,2,1154.4,0
2019-02-15 16:51:59,3,32,21.8,53,7.2,1025.0,0,0,2,1154.4,0
2019-02-15 16:54:59,3,32,21.8,54,7.1,1025.0,0,0,2,1154.4,0
2019-02-15 16:57:59,3,32,21.8,54,6.9,1025.0,0,0,2,1154.4,0
2019-02-15 17:00:59,3,32,21.8,54,6.8,1025.2,0,0,2,1154.4,0
2019-02-15 17:03:59,3,32,21.8,54,6.8,1025.1,0,0,2,1154.4,0
2019-02-15 17:06:59,3,32,21.8,55,6.4,1025.1,0,0,2,1154.4,0
2019-02-15 17:09:59,3,32,21.9,55,6.2,1025.0,0,0,2,1154.4,0
2019-02-15 17:12:59,3,32,21.9,56,6.0,1025.1,0,0,2,1154.4,0
2019-02-15 17:15:59,3,32,21.9,56,5.9,1025.0,0,0,2,1154.4,0
2019-02-15 17:18:59,3,32,21.9,57,5.8,1025.1,0,0,2,1154.4,0
2019-02-15 17:21:59,3,32,21.9,57,5.7,1025.0,0,0,2,1154.4,0
2019-02-15 17:24:59,3,32,21.9,58,5.6,1025.0,0,0,2,1154.4,0
2019-02-15 17:27:59,3,32,21.9,59,5.6,1025.0,0,0,2,1154.4,0
2019-02-15 17:30:59,3,32,21.9,59,5.4,1025.0,0,0,2,1154.4,0
2019-02-15 17:33:59,3,32,21.9,60,5.3,1024.9,0,0,2,1154.4,0
2019-02-15 17:36:59,3,32,21.9,60,5.2,1025.0,0,0,2,1154.4,0
2019-02-15 17:39:59,3,32,21.9,60,5.1,1024.9,0,0,2,1154.4,0
2019-02-15 17:42:59,3,32,21.9,60,5.0,1024.9,0,0,2,1154.4,0
2019-02-15 17:45:59,3,32,21.9,60,4.9,1024.8,0,0,2,1154.4,0
2019-02-15 17:48:59,3,32,21.9,60,4.7,1024.8,0,0,2,1154.4,0
2019-02-15 17:51:59,3,32,21.9,60,4.7,1024.9,0,0.3,2,1154.4,0
2019-02-15 17:54:59,3,32,21.9,60,4.5,1024.9,0,0.3,2,1154.4,0
2019-02-15 17:57:59,3,32,21.9,60,4.3,1024.8,0,0,2,1154.4,0
2019-02-15 18:00:59,3,32,21.9,60,4.2,1024.7,0,0,2,1154.4,0
2019-02-15 18:03:59,3,32,21.9,60,4.2,1024.8,0,0,2,1154.4,0
2019-02-15 18:06:59,3,32,21.9,60,4.1,1024.7,0,0,2,1154.4,0
2019-02-15 18:09:59,3,32,21.9,60,4.0,1024.8,0,0,2,1154.4,0
2019-02-15 18:12:59,3,32,21.9,60,3.9,1024.8,0,0,2,1154.4,0
2019-02-15 18:15:59,3,32,21.9,60,3.8,1024.7,0,0,2,1154.4,0
2019-02-15 18:18:59,3,32,21.9,61,3.7,1024.6,0,0,2,1154.4,0
2019-02-15 18:21:59,3,32,21.9,61,3.7,1024.7,0,0,2,1154.4,0
2019-02-15 18:24:59,3,32,21.9,61,3.6,1024.6,0,0,0,1154.4,0
2019-02-15 18:27:59,3,32,21.9,61,3.5,1024.6,0,0,4,1154.4,0
2019-02-15 18:30:59,3,32,21.9,61,3.4,1024.6,0,0,4,1154.4,0
2019-02-15 18:33:59,3,32,21.9,61,3.4,1024.6,0,0,4,1154.4,0
2019-02-15 18:36:59,3,32,21.9,61,3.3,1024.6,0,0,4,1154.4,0
2019-02-15 18:39:59,3,32,21.9,61,3.2,1024.5,0,0,4,1154.4,0
2019-02-15 18:42:59,3,32,21.9,61,3.2,1024.6,0,0,4,1154.4,0
2019-02-15 18:45:59,3,32,21.9,62,3.1,1024.6,0,0,4,1154.4,0
2019-02-15 18:48:59,3,32,21.9,62,3.0,1024.6,0,0,4,1154.4,0
2019-02-15 18:51:59,3,32,21.9,62,3.0,1024.5,0,0,4,1154.4,0
2019-02-15 18:54:59,3,32,21.9,62,2.9,1024.5,0,0,2,1154.4,0
2019-02-15 18:57:59,3,31,21.9,62,2.8,1024.6,0,0,2,1154.4,0
2019-02-15 19:00:59,3,31,21.9,62,2.8,1024.6,0,0,2,1154.4,0
2019-02-15 19:03:59,3,31,21.9,62,2.8,1024.5,0,0,2,1154.4,0
2019-02-15 19:06:59,3,31,21.9,62,2.6,1024.6,0,0,2,1154.4,0
2019-02-15 19:09:59,3,31,21.9,62,2.5,1024.5,0,0,2,1154.4,0
2019-02-15 19:12:59,3,31,21.9,63,2.4,1024.5,0,0,2,1154.4,0
2019-02-15 19:15:59,3,31,21.9,63,2.4,1024.5,0,0,10,1154.4,0
2019-02-15 19:18:59,3,31,21.9,63,2.3,1024.5,0,0,14,1154.4,0
2019-02-15 19:21:59,3,31,21.9,63,2.3,1024.4,0,0,8,1154.4,0
2019-02-15 19:24:59,3,31,21.9,64,2.2,1024.3,0,0,8,1154.4,0
2019-02-15 19:27:59,3,31,21.9,64,2.2,1024.4,0,0,12,1154.4,0
2019-02-15 19:30:59,3,31,21.9,65,2.2,1024.4,0,0,8,1154.4,0
2019-02-15 19:33:59,3,31,21.9,65,2.2,1024.2,0,0,9,1154.4,0
2019-02-15 19:36:59,3,31,21.9,65,2.2,1024.3,0,0,12,1154.4,0
2019-02-15 19:39:59,3,31,21.9,66,2.2,1024.3,0,0,12,1154.4,0
2019-02-15 19:42:59,3,31,21.9,67,2.3,1024.2,0,0,8,1154.4,0
2019-02-15 19:45:59,3,31,21.9,68,2.3,1024.2,0,0,8,1154.4,0
2019-02-15 19:48:59,3,31,21.9,69,2.3,1024.3,0,0,8,1154.4,0
2019-02-15 19:51:59,3,31,21.9,69,2.2,1024.2,0,0,8,1154.4,0
2019-02-15 19:54:59,3,31,21.9,69,2.2,1024.2,0,0,8,1154.4,0
2019-02-15 19:57:59,3,31,21.9,69,2.1,1024.2,0,0,8,1154.4,0
2019-02-15 20:00:59,3,31,21.9,69,2.0,1024.2,0,0,8,1154.4,0
2019-02-15 20:03:59,3,31,21.9,69,2.0,1024.1,0,0,8,1154.4,0
2019-02-15 20:06:59,3,31,21.9,69,2.0,1024.1,0,0,8,1154.4,0
2019-02-15 20:09:59,3,31,21.9,70,1.9,1024.1,0,0,8,1154.4,0
2019-02-15 20:12:59,3,31,21.9,70,1.9,1024.0,0,0,8,1154.4,0
2019-02-15 20:15:59,3,31,21.9,70,1.8,1024.0,0,0,8,1154.4,0
2019-02-15 20:18:59,3,31,21.9,70,1.8,1024.0,0,0,8,1154.4,0
2019-02-15 20:21:59,3,31,21.9,70,1.7,1024.0,0,0,8,1154.4,0
2019-02-15 20:24:59,3,31,21.9,70,1.7,1024.0,0,0,8,1154.4,0
2019-02-15 20:27:59,3,31,21.9,70,1.6,1023.9,0,0,8,1154.4,0
2019-02-15 20:30:59,3,31,21.9,70,1.6,1023.9,0,0,8,1154.4,0
2019-02-15 20:33:59,3,31,21.9,70,1.6,1023.9,0,0.3,8,1154.4,0
2019-02-15 20:36:59,3,31,21.9,71,1.6,1023.9,0,0,8,1154.4,0
2019-02-15 20:39:59,3,31,21.8,71,1.5,1023.8,0,0,8,1154.4,0
2019-02-15 20:42:59,3,31,21.8,71,1.5,1023.9,0,0,8,1154.4,0
2019-02-15 20:45:59,3,31,21.8,71,1.5,1023.9,0,0,8,1154.4,0
2019-02-15 20:48:59,3,31,21.8,71,1.4,1023.9,0,0,8,1154.4,0
2019-02-15 20:51:59,3,31,21.8,71,1.4,1023.9,0,0,8,1154.4,0
2019-02-15 20:54:59,3,31,21.8,71,1.4,1023.9,0,0.3,8,1154.4,0
2019-02-15 20:57:59,3,31,21.8,71,1.4,1023.9,0,0,8,1154.4,0
2019-02-15 21:00:59,3,31,21.8,71,1.4,1023.9,0,0,8,1154.4,0
2019-02-15 21:03:59,3,31,21.8,71,1.4,1023.7,0,0,8,1154.4,0
2019-02-15 21:06:59,3,31,21.8,72,1.4,1023.7,0,0,8,1154.4,0
2019-02-15 21:09:59,3,31,21.8,72,1.4,1023.9,0,0,8,1154.4,0
2019-02-15 21:12:59,3,31,21.8,72,1.3,1023.7,0,0,8,1154.4,0
2019-02-15 21:15:59,3,31,21.8,72,1.3,1023.7,0,0,8,1154.4,0
2019-02-15 21:18:59,3,31,21.8,72,1.3,1023.7,0,0,8,1154.4,0
2019-02-15 21:21:59,3,31,21.8,72,1.3,1023.7,0,0,8,1154.4,0
2019-02-15 21:24:59,3,31,21.8,72,1.3,1023.7,0,0,8,1154.4,0
2019-02-15 21:27:59,3,31,21.8,72,1.3,1023.7,0,0,8,1154.4,0
2019-02-15 21:30:59,3,31,21.8,72,1.3,1023.7,0,0,8,1154.4,0
2019-02-15 21:33:59,3,31,21.8,72,1.3,1023.7,0,0,8,1154.4,0
2019-02-15 21:36:59,3,31,21.8,72,1.2,1023.6,0,0,8,1154.4,0
2019-02-15 21:39:59,3,31,21.8,72,1.2,1023.5,0,0,8,1154.4,0
2019-02-15 21:42:59,3,31,21.8,72,1.2,1023.5,0,0,8,1154.4,0
2019-02-15 21:45:59,3,31,21.7,72,1.1,1023.5,0,0,8,1154.4,0
2019-02-15 21:48:59,3,31,21.7,72,1.1,1023.3,0,0,8,1154.4,0
2019-02-15 21:51:59,3,31,21.7,72,1.1,1023.4,0,0,8,1154.4,0
2019-02-15 21:54:59,3,31,21.7,72,1.1,1023.4,0,0,8,1154.4,0
2019-02-15 21:57:59,3,31,21.7,72,1.0,1023.3,0,0,8,1154.4,0
2019-02-15 22:00:59,3,30,21.6,73,1.0,1023.3,0,0,8,1154.4,0
2019-02-15 22:03:59,3,30,21.6,73,1.0,1023.3,0,0,8,1154.4,0
2019-02-15 22:06:59,3,30,21.6,73,1.0,1023.3,0,0,8,1154.4,0
2019-02-15 22:09:59,3,30,21.6,73,1.1,1023.2,0,0,8,1154.4,0
2019-02-15 22:12:59,3,30,21.6,73,1.1,1023.1,0,0,8,1154.4,0
2019-02-15 22:15:59,3,30,21.5,73,1.1,1023.2,0,0,8,1154.4,0
2019-02-15 22:18:59,3,30,21.5,73,1.1,1023.1,0,0,8,1154.4,0
2019-02-15 22:21:59,3,30,21.5,73,1.1,1023.2,0,0,2,1154.4,0
2019-02-15 22:24:59,3,30,21.5,73,1.1,1023.1,0,0,2,1154.4,0
2019-02-15 22:27:59,3,30,21.4,73,1.0,1023.1,0,0,0,1154.4,0
2019-02-15 22:30:59,3,30,21.5,73,1.0,1023.1,0,0,0,1154.4,0
2019-02-15 22:33:59,3,30,21.4,73,0.9,1023.0,0,0,0,1154.4,0
2019-02-15 22:36:59,3,30,21.3,73,0.9,1023.1,0,0,4,1154.4,0
2019-02-15 22:39:59,3,30,21.3,73,0.9,1023.1,0,0,4,1154.4,0
2019-02-15 22:42:59,3,30,21.3,73,0.9,1023.0,0,0,4,1154.4,0
2019-02-15 22:45:59,3,30,21.3,73,0.8,1023.0,0,0,4,1154.4,0
2019-02-15 22:48:59,3,30,21.3,73,0.7,1023.0,0,0,4,1154.4,0
2019-02-15 22:51:59,3,30,21.3,73,0.7,1023.0,0,0,2,1154.4,0
2019-02-15 22:54:59,3,30,21.2,73,0.7,1022.9,0,0,2,1154.4,0
2019-02-15 22:57:59,3,30,21.2,73,0.7,1023.0,0,0,2,1154.4,0
2019-02-15 23:00:59,3,30,21.2,73,0.7,1023.0,0,0,2,1154.4,0
2019-02-15 23:03:59,3,30,21.2,73,0.7,1022.9,0,0,2,1154.4,0
2019-02-15 23:06:59,3,30,21.2,73,0.6,1022.9,0,0,2,1154.4,0
2019-02-15 23:09:59,3,30,21.2,73,0.6,1022.7,0,0,2,1154.4,0
2019-02-15 23:12:59,3,30,21.1,73,0.6,1022.8,0,0,4,1154.4,0
2019-02-15 23:15:59,3,30,21.1,73,0.6,1022.7,0,0,4,1154.4,0
2019-02-15 23:18:59,3,30,21.1,73,0.5,1022.7,0,0,14,1154.4,0
2019-02-15 23:21:59,3,30,21.1,73,0.4,1022.7,0,0,14,1154.4,0
2019-02-15 23:24:59,3,30,21.1,73,0.4,1022.6,0,0,2,1154.4,0
2019-02-15 23:27:59,3,30,21.1,73,0.4,1022.8,0,0,2,1154.4,0
2019-02-15 23:30:59,3,30,21.0,73,0.4,1022.7,0,0,4,1154.4,0
2019-02-15 23:33:59,3,30,21.0,73,0.3,1022.6,0,0.3,4,1154.4,0
2019-02-15 23:36:59,3,30,21.0,73,0.3,1022.6,0,0,4,1154.4,0
2019-02-15 23:39:59,3,30,21.0,73,0.3,1022.5,0,0,4,1154.4,0
2019-02-15 23:42:59,3,31,20.9,73,0.3,1022.5,0,0,4,1154.4,0
2019-02-15 23:45:59,3,31,20.9,73,0.2,1022.5,0,0,4,1154.4,0
2019-02-15 23:48:59,3,31,20.9,73,0.2,1022.4,0,0,4,1154.4,0
2019-02-15 23:51:59,3,31,20.9,73,0.1,1022.4,0,0,4,1154.4,0
2019-02-15 23:54:59,3,31,20.9,73,0.1,1022.4,0,0,0,1154.4,0
2019-02-15 23:57:59,3,31,20.8,73,0,1022.3,0,0,0,1154.4,0
