2011-05-15 00:09:00,20,42,22.6,91,9.7,1007.1,0.0,0.0,14,1290.3,0
2011-05-15 00:29:00,20,42,22.5,91,9.5,1007.0,0.3,1.0,14,1290.3,0
2011-05-15 00:49:00,20,42,22.4,90,9.2,1007.2,0.0,0.0,14,1290.3,0
2011-05-15 01:09:00,20,42,22.2,89,8.5,1007.4,0.0,0.0,12,1290.3,0
2011-05-15 01:29:00,20,42,22.1,89,7.9,1007.2,0.0,0.0,0,1290.3,0
2011-05-15 01:49:00,20,42,22.0,90,7.5,1007.6,0.0,0.0,12,1290.3,0
2011-05-15 02:09:00,20,42,21.9,90,7.2,1007.4,0.0,0.0,12,1290.3,0
2011-05-15 02:29:00,20,42,21.8,90,7.2,1007.4,0.0,0.0,12,1290.3,0
2011-05-15 02:49:00,20,42,21.7,91,7.4,1007.4,0.0,0.0,14,1290.3,0
2011-05-15 03:09:00,20,42,21.5,91,7.6,1007.5,0.3,0.7,12,1290.3,0
2011-05-15 03:29:00,20,42,21.4,91,7.5,1007.7,0.0,0.7,10,1290.3,0
2011-05-15 03:49:00,20,42,21.3,91,7.5,1007.9,0.0,0.7,10,1290.3,0
2011-05-15 04:09:00,20,42,21.2,92,7.5,1007.9,0.3,1.0,12,1290.3,0
2011-05-15 04:29:00,20,42,21.1,92,7.6,1007.8,0.0,1.4,14,1290.3,0
2011-05-15 04:49:00,20,43,21.1,91,7.7,1008.2,0.3,0.7,10,1290.3,0
2011-05-15 05:09:00,20,43,21.1,91,8.1,1008.5,0.0,0.7,10,1290.3,0
2011-05-15 05:29:00,20,44,21.2,90,8.9,1008.7,0.0,0.3,10,1290.3,0
2011-05-15 05:49:00,20,43,21.3,85,10.4,1008.7,1.0,2.4,12,1290.3,0
2011-05-15 06:09:00,20,43,21.3,75,13.1,1008.6,0.3,1.7,14,1290.3,0
2011-05-15 06:29:00,20,43,21.3,70,13.9,1008.9,1.4,2.7,10,1290.3,0
2011-05-15 06:49:00,20,43,21.3,66,14.9,1008.9,0.7,2.0,14,1290.3,0
2011-05-15 07:09:00,20,43,21.3,65,15.0,1009.0,1.0,2.0,14,1290.3,0
2011-05-15 07:29:00,20,43,21.5,63,15.1,1008.8,0.7,1.7,14,1290.3,0
2011-05-15 07:49:00,20,43,22.1,62,15.3,1008.6,1.4,2.4,10,1290.6,0
2011-05-15 08:09:00,20,42,22.6,62,15.3,1008.5,0.3,1.4,12,1290.6,0
2011-05-15 08:29:00,20,41,23.1,58,15.9,1008.6,1.7,3.7,14,1290.6,0
2011-05-15 08:49:00,20,40,23.4,57,15.7,1008.6,1.4,2.7,14,1290.6,0
2011-05-15 09:09:00,20,40,23.5,54,16.2,1008.6,1.0,2.0,14,1290.6,0
2011-05-15 09:29:00,20,40,23.3,58,14.3,1008.9,2.0,3.4,10,1290.6,0
2011-05-15 09:49:00,20,40,23.0,55,16.4,1008.6,1.0,1.7,8,1290.6,0
2011-05-15 10:09:00,20,41,22.8,55,15.6,1008.7,1.0,1.7,14,1290.6,0
2011-05-15 10:29:00,20,41,22.6,53,16.2,1008.8,1.7,3.1,0,1290.6,0
2011-05-15 10:49:00,20,41,22.4,54,15.8,1009.2,1.4,3.1,12,1290.6,0
2011-05-15 11:09:00,20,41,22.3,54,15.3,1009.0,2.4,3.7,14,1290.6,0
2011-05-15 11:29:00,20,41,22.1,51,16.5,1008.7,1.0,2.0,12,1290.6,0
2011-05-15 11:49:00,20,41,22.0,51,16.4,1008.7,1.0,2.4,14,1290.6,0
2011-05-15 12:09:00,20,42,22.0,49,16.4,1009.0,1.4,3.1,14,1290.6,0
2011-05-15 12:29:00,20,42,21.9,51,16.1,1009.0,0.7,1.7,14,1290.6,0
2011-05-15 12:49:00,20,43,22.2,46,19.1,1008.9,1.0,2.7,12,1290.6,0
2011-05-15 13:09:00,20,42,22.7,48,17.9,1008.9,1.0,2.0,10,1290.6,0
2011-05-15 13:29:00,20,41,23.2,45,19.4,1008.6,1.4,3.1,10,1290.6,0
2011-05-15 13:49:00,20,41,23.6,45,18.4,1008.8,1.4,3.4,1,1290.6,0
2011-05-15 14:09:00,20,40,23.8,61,14.8,1009.5,1.7,3.7,0,1290.6,0
2011-05-15 14:29:00,20,40,24.0,65,14.2,1009.3,0.3,1.0,14,1290.6,0
2011-05-15 14:49:00,20,39,24.3,59,15.2,1009.3,0.7,1.7,14,1290.6,0
2011-05-15 15:09:00,20,39,24.5,59,15.9,1009.3,1.0,3.1,14,1290.6,0
2011-05-15 15:29:00,20,38,24.6,57,14.5,1009.3,1.7,3.7,10,1290.6,0
2011-05-15 15:49:00,20,38,24.6,60,13.8,1009.2,0.3,1.4,14,1290.6,0
2011-05-15 16:09:00,20,38,24.8,57,15.1,1009.3,0.3,1.4,12,1290.6,0
2011-05-15 16:29:00,20,38,25.0,50,17.7,1009.1,0.7,2.0,11,1290.6,0
2011-05-15 16:49:00,20,38,25.1,55,16.4,1009.2,1.0,2.7,0,1290.6,0
2011-05-15 17:09:00,20,38,25.1,58,15.3,1009.2,0.3,1.0,14,1290.6,0
2011-05-15 17:29:00,20,38,25.2,57,15.0,1009.8,1.0,2.0,0,1290.6,0
2011-05-15 17:49:00,20,37,25.2,66,12.8,1009.7,0.7,1.4,0,1290.6,0
2011-05-15 18:09:00,20,37,25.2,64,12.9,1009.7,0,0,10,1290.6,0
2011-05-15 18:29:00,20,37,25.1,69,11.1,1010.0,0,0,10,1290.6,0
2011-05-15 18:49:00,20,37,25.0,72,10.2,1009.9,0,0,10,1290.6,0
2011-05-15 19:09:00,20,37,25.0,74,9.3,1010.0,0,0,6,1290.6,0
2011-05-15 19:29:00,20,37,25.0,76,8.5,1010.2,0,0,6,1290.6,0
2011-05-15 19:49:00,20,37,25.0,78,7.9,1010.5,0,0,6,1290.6,0
2011-05-15 20:09:00,20,37,25.0,80,7.5,1010.7,0,0,6,1290.6,0
2011-05-15 20:29:00,20,37,25.0,81,7.3,1011.0,0,0,6,1290.6,0
2011-05-15 20:49:00,20,37,25.0,82,7.0,1011.0,0,0,6,1290.6,0
2011-05-15 21:09:00,20,37,24.7,83,6.8,1011.1,0,0,6,1290.6,0
2011-05-15 21:29:00,20,37,24.2,83,6.4,1011.4,0,0.7,12,1290.6,0
2011-05-15 21:49:00,20,38,23.8,84,6.4,1011.5,0,0,12,1290.6,0
2011-05-15 22:09:00,20,38,23.4,85,6.2,1011.6,0,0,12,1290.6,0
2011-05-15 22:29:00,20,38,23.1,86,6.4,1011.4,0,0.3,12,1290.6,0
2011-05-15 22:49:00,20,39,22.8,86,6.3,1011.5,0,0,12,1290.6,0
2011-05-15 23:09:00,20,39,22.6,86,6.1,1011.6,0,0,0,1290.6,0
2011-05-15 23:29:00,20,39,22.4,87,6.2,1011.8,0,0,12,1290.6,0
2011-05-15 23:49:00,20,39,22.2,87,5.9,1012.0,0,0,0,1290.6,0
