2019-08-03 00:01:00,3,58,24.1,99,15.0,1008.2,0,0,0,1414.8,0
2019-08-03 00:04:00,3,57,24.1,99,15.0,1008.2,0,0,0,1414.8,0
2019-08-03 00:07:00,3,57,24.1,99,14.9,1008.1,0,0,0,1414.8,0
2019-08-03 00:10:00,3,57,24.1,99,14.9,1008.2,0,0,0,1414.8,0
2019-08-03 00:13:00,3,57,24.1,99,14.9,1008.1,0,0,0,1414.8,0
2019-08-03 00:16:00,3,57,24.1,99,15.0,1008.2,0,0,0,1414.8,0
2019-08-03 00:19:00,3,57,24.1,99,15.0,1008.1,0,0,0,1414.8,0
2019-08-03 00:22:00,3,57,24.1,99,15.0,1008.0,0,0,0,1414.8,0
2019-08-03 00:25:00,3,57,24.1,99,15.0,1008.1,0,0,0,1414.8,0
2019-08-03 00:28:00,3,57,24.1,99,15.0,1008.1,0,0,0,1414.8,0
2019-08-03 00:31:00,3,57,24.1,99,15.0,1008.1,0,0,0,1414.8,0
2019-08-03 00:34:00,3,57,24.1,99,15.0,1008.0,0,0,0,1414.8,0
2019-08-03 00:37:00,3,57,24.1,99,15.1,1008.0,0,0,0,1414.8,0
2019-08-03 00:40:00,3,57,24.1,99,15.1,1008.0,0,0,0,1414.8,0
2019-08-03 00:43:00,3,57,24.0,99,15.1,1008.0,0,0,0,1414.8,0
2019-08-03 00:46:00,3,57,24.0,99,15.1,1008.1,0,0,0,1414.8,0
2019-08-03 00:49:00,3,57,24.0,99,15.1,1008.0,0,0,0,1414.8,0
2019-08-03 00:52:00,3,57,24.0,99,15.1,1008.1,0,0,0,1414.8,0
2019-08-03 00:55:00,3,57,24.0,99,15.1,1008.0,0,0,0,1414.8,0
2019-08-03 00:58:00,3,57,24.0,99,15.1,1008.1,0,0,0,1414.8,0
2019-08-03 01:01:00,3,57,24.0,99,15.0,1008.0,0,0,0,1414.8,0
2019-08-03 01:04:00,3,57,24.0,99,15.0,1008.0,0,0,0,1414.8,0
2019-08-03 01:07:00,3,57,24.0,99,15.0,1007.9,0,0,0,1414.8,0
2019-08-03 01:10:00,3,57,24.0,99,15.0,1008.0,0,0,0,1414.8,0
2019-08-03 01:13:00,3,57,24.0,99,15.0,1008.0,0,0,0,1414.8,0
2019-08-03 01:16:00,3,58,23.9,99,15.0,1008.1,0,0,0,1414.8,0
2019-08-03 01:19:00,3,58,23.9,99,15.0,1008.0,0,0,0,1414.8,0
2019-08-03 01:22:00,3,58,23.9,99,15.0,1008.1,0,0,0,1414.8,0
2019-08-03 01:25:00,3,58,23.9,99,15.0,1008.0,0,0,2,1414.8,0
2019-08-03 01:28:00,3,58,23.9,99,15.0,1008.1,0,0,0,1414.8,0
2019-08-03 01:31:00,3,58,23.9,99,15.0,1008.0,0,0,0,1414.8,0
2019-08-03 01:34:00,3,58,23.9,99,15.0,1008.0,0,0,0,1414.8,0
2019-08-03 01:37:00,3,58,23.9,99,15.0,1007.9,0,0,0,1414.8,0
2019-08-03 01:40:00,3,58,23.8,99,15.0,1008.0,0,0,0,1414.8,0
2019-08-03 01:43:00,3,58,23.8,99,15.0,1008.0,0,0,0,1414.8,0
2019-08-03 01:46:00,3,58,23.8,99,15.0,1008.0,0,0,0,1414.8,0
2019-08-03 01:49:00,3,58,23.8,99,15.0,1008.0,0,0,0,1414.8,0
2019-08-03 01:52:00,3,58,23.8,99,14.9,1007.9,0,0,0,1414.8,0
2019-08-03 01:55:00,3,58,23.8,99,14.9,1007.8,0,0,0,1414.8,0
2019-08-03 01:58:00,3,58,23.8,99,14.9,1007.9,0,0,2,1414.8,0
2019-08-03 02:01:00,3,58,23.8,99,15.0,1007.9,0.3,0.7,0,1414.8,0
2019-08-03 02:04:00,3,58,23.8,99,15.0,1007.9,0.3,0.7,0,1414.8,0
2019-08-03 02:07:00,3,58,23.8,99,15.0,1007.9,0,0,0,1414.8,0
2019-08-03 02:10:00,3,58,23.8,99,15.0,1007.9,0,0,0,1414.8,0
2019-08-03 02:13:00,3,58,23.8,99,15.0,1007.9,0,0,0,1414.8,0
2019-08-03 02:16:00,3,58,23.8,99,15.0,1007.8,0,0.3,0,1414.8,0
2019-08-03 02:19:00,3,58,23.8,99,15.0,1007.8,0,0,0,1414.8,0
2019-08-03 02:22:00,3,58,23.8,99,14.9,1007.7,0,0,0,1414.8,0
2019-08-03 02:25:00,3,58,23.8,99,14.9,1007.9,0,0,0,1414.8,0
2019-08-03 02:28:00,3,58,23.8,99,14.9,1007.8,0,0,0,1414.8,0
2019-08-03 02:31:00,3,58,23.8,99,14.9,1007.8,0,0,0,1414.8,0
2019-08-03 02:34:00,3,58,23.8,99,14.8,1007.9,0,0.3,0,1414.8,0
2019-08-03 02:37:00,3,58,23.7,99,14.8,1008.0,0.3,0.7,0,1414.8,0
2019-08-03 02:40:00,3,58,23.7,99,14.8,1008.0,0.3,0.7,2,1414.8,0
2019-08-03 02:43:00,3,58,23.7,99,14.8,1007.9,0.7,1.0,0,1414.8,0
2019-08-03 02:46:00,3,58,23.7,99,14.8,1007.9,0,0,0,1414.8,0
2019-08-03 02:49:00,3,58,23.7,99,14.9,1007.9,0,0.3,4,1414.8,0
2019-08-03 02:52:00,3,58,23.7,99,14.8,1008.0,0.3,0.7,0,1414.8,0
2019-08-03 02:55:00,3,58,23.7,99,14.8,1007.9,0,0.3,0,1414.8,0
2019-08-03 02:58:00,3,58,23.7,99,14.8,1007.9,0.3,0.7,0,1414.8,0
2019-08-03 03:01:00,3,58,23.7,99,14.8,1008.0,0,0.7,0,1414.8,0
2019-08-03 03:04:00,3,58,23.7,99,14.7,1008.0,0.3,0.7,0,1414.8,0
2019-08-03 03:07:00,3,58,23.7,99,14.7,1008.0,0.3,0.7,0,1414.8,0
2019-08-03 03:10:00,3,58,23.6,99,14.7,1008.0,0.3,0.7,0,1414.8,0
2019-08-03 03:13:00,3,58,23.6,99,14.7,1007.8,0,0.3,0,1414.8,0
2019-08-03 03:16:00,3,58,23.6,99,14.7,1008.0,0.3,0.7,0,1414.8,0
2019-08-03 03:19:00,3,58,23.6,99,14.6,1007.9,0,0,0,1414.8,0
2019-08-03 03:22:00,3,58,23.6,99,14.6,1007.9,0,0,0,1414.8,0
2019-08-03 03:25:00,3,58,23.6,99,14.5,1007.9,0,0,0,1414.8,0
2019-08-03 03:28:00,3,58,23.6,99,14.5,1007.9,0.3,0.7,0,1414.8,0
2019-08-03 03:31:00,3,58,23.6,99,14.5,1007.9,0,0.3,4,1414.8,0
2019-08-03 03:34:00,3,58,23.6,99,14.4,1007.9,0,0,4,1414.8,0
2019-08-03 03:37:00,3,58,23.6,99,14.4,1007.9,0,0,4,1414.8,0
2019-08-03 03:40:00,3,58,23.6,99,14.3,1007.8,0,0,0,1414.8,0
2019-08-03 03:43:00,3,58,23.6,99,14.3,1007.9,0,0,0,1414.8,0
2019-08-03 03:46:00,3,58,23.6,99,14.3,1007.8,0,0,0,1414.8,0
2019-08-03 03:49:00,3,58,23.6,99,14.3,1007.9,0,0,0,1414.8,0
2019-08-03 03:52:00,3,58,23.6,99,14.2,1007.9,0,0,0,1414.8,0
2019-08-03 03:55:00,3,58,23.6,99,14.2,1007.9,0,0,0,1414.8,0
2019-08-03 03:58:00,3,58,23.6,99,14.2,1008.0,0,0,0,1414.8,0
2019-08-03 04:01:00,3,58,23.6,99,14.2,1008.0,0,0,0,1414.8,0
2019-08-03 04:04:00,3,58,23.6,99,14.2,1008.0,0,0,0,1414.8,0
2019-08-03 04:07:00,3,58,23.5,99,14.2,1008.0,0,0,0,1414.8,0
2019-08-03 04:10:00,3,58,23.5,99,14.1,1008.0,0,0,0,1414.8,0
2019-08-03 04:13:00,3,58,23.5,99,14.1,1008.0,0,0,0,1414.8,0
2019-08-03 04:16:00,3,58,23.4,99,14.2,1008.2,0,0,0,1414.8,0
2019-08-03 04:19:00,3,58,23.5,99,14.2,1008.1,0,0,0,1414.8,0
2019-08-03 04:22:00,3,58,23.5,99,14.2,1008.1,0,0,0,1414.8,0
2019-08-03 04:25:00,3,58,23.4,99,14.3,1008.1,0,0,0,1414.8,0
2019-08-03 04:28:00,3,58,23.4,99,14.4,1008.2,0,0,0,1414.8,0
2019-08-03 04:31:00,3,58,23.4,99,14.4,1008.1,0,0,0,1414.8,0
2019-08-03 04:34:00,3,58,23.4,99,14.5,1008.1,0,0,0,1414.8,0
2019-08-03 04:37:00,3,58,23.4,99,14.6,1008.2,0,0,0,1414.8,0
2019-08-03 04:40:00,3,58,23.4,99,14.7,1008.1,0,0,0,1414.8,0
2019-08-03 04:43:00,3,58,23.4,99,14.8,1008.1,0,0,0,1414.8,0
2019-08-03 04:46:00,3,58,23.4,99,14.9,1008.1,0,0,0,1414.8,0
2019-08-03 04:49:00,3,58,23.4,99,14.9,1008.1,0,0,0,1414.8,0
2019-08-03 04:52:00,3,58,23.4,99,15.0,1008.1,0,0,0,1414.8,0
2019-08-03 04:55:00,3,58,23.4,99,15.0,1008.2,0,0,2,1414.8,0
2019-08-03 04:58:00,3,58,23.4,99,15.0,1008.1,0,0,0,1414.8,0
2019-08-03 05:01:00,3,58,23.4,99,15.1,1008.2,0,0,0,1414.8,0
2019-08-03 05:04:00,3,58,23.4,99,15.2,1008.1,0,0,0,1414.8,0
2019-08-03 05:07:00,3,58,23.4,99,15.2,1008.0,0,0,0,1414.8,0
2019-08-03 05:10:00,3,58,23.4,99,15.3,1008.1,0,0,0,1414.8,0
2019-08-03 05:13:00,3,59,23.4,99,15.3,1008.1,0,0,0,1414.8,0
2019-08-03 05:16:00,3,59,23.4,99,15.4,1008.2,0,0.3,0,1414.8,0
2019-08-03 05:19:00,3,59,23.4,99,15.5,1008.2,0.3,0.7,14,1414.8,0
2019-08-03 05:22:00,3,59,23.6,99,15.7,1008.1,0.3,0.7,14,1414.8,0
2019-08-03 05:25:00,3,59,23.8,99,15.8,1008.1,0.3,0.7,0,1414.8,0
2019-08-03 05:28:00,3,58,23.9,99,15.9,1008.1,0,0,12,1414.8,0
2019-08-03 05:31:00,3,57,24.0,99,16.0,1008.2,0,0,0,1414.8,0
2019-08-03 05:34:00,3,57,24.1,99,16.1,1008.3,0.3,0.7,2,1414.8,0
2019-08-03 05:37:00,3,57,24.2,99,16.1,1008.2,0.7,0.7,0,1414.8,0
2019-08-03 05:40:00,3,56,24.3,99,16.3,1008.2,0.3,0.7,0,1414.8,0
2019-08-03 05:43:00,3,56,24.4,99,16.3,1008.3,0,0.3,1,1414.8,0
2019-08-03 05:46:00,3,56,24.5,99,16.3,1008.3,0.7,1.0,2,1414.8,0
2019-08-03 05:49:00,3,56,24.6,99,16.4,1008.4,0.3,0.7,0,1414.8,0
2019-08-03 05:52:00,3,56,24.7,99,16.4,1008.4,0,0.3,0,1414.8,0
2019-08-03 05:55:00,3,55,24.7,99,16.4,1008.5,0.7,1.0,0,1414.8,0
2019-08-03 05:58:00,3,55,24.9,99,16.5,1008.4,0.7,1.0,0,1414.8,0
2019-08-03 06:01:00,3,54,25.1,99,16.5,1008.5,0.3,0.7,2,1414.8,0
2019-08-03 06:04:00,3,53,25.2,99,16.5,1008.5,0.3,0.7,2,1414.8,0
2019-08-03 06:07:00,3,53,25.2,99,16.5,1008.5,0.3,0.7,2,1414.8,0
2019-08-03 06:10:00,3,53,25.2,99,16.8,1008.5,0.3,0.7,0,1414.8,0
2019-08-03 06:13:00,3,52,25.2,99,16.9,1008.6,0.3,0.7,0,1414.8,0
2019-08-03 06:16:00,3,52,25.2,99,17.2,1008.6,0.7,1.0,2,1414.8,0
2019-08-03 06:19:00,3,52,25.2,99,17.6,1008.6,0.3,0.7,1,1414.8,0
2019-08-03 06:22:00,3,52,25.2,99,17.8,1008.6,0.3,1.0,0,1414.8,0
2019-08-03 06:25:00,3,52,25.2,99,17.9,1008.6,0.3,1.0,0,1414.8,0
2019-08-03 06:28:00,3,52,25.2,99,18.0,1008.6,1.0,1.4,0,1414.8,0
2019-08-03 06:31:00,3,52,25.2,99,18.1,1008.8,0.3,0.7,4,1414.8,0
2019-08-03 06:34:00,3,51,26.0,97,18.4,1008.7,0.7,1.0,2,1414.8,0
2019-08-03 06:37:00,3,51,26.0,93,18.5,1008.7,0.7,1.0,4,1414.8,0
2019-08-03 06:40:00,3,52,25.2,90,18.7,1008.7,0,0,4,1414.8,0
2019-08-03 06:43:00,3,52,25.2,88,18.7,1008.7,0,0.3,2,1414.8,0
2019-08-03 06:46:00,3,52,25.2,85,18.9,1008.8,0,0.3,2,1414.8,0
2019-08-03 06:49:00,3,53,25.2,84,19.0,1008.8,0.3,0.7,0,1414.8,0
2019-08-03 06:52:00,3,53,25.2,82,19.1,1008.8,0.3,0.7,14,1414.8,0
2019-08-03 06:55:00,3,53,25.2,82,19.1,1008.8,0.7,1.0,0,1414.8,0
2019-08-03 06:58:00,3,53,25.2,81,19.1,1008.8,0,0.3,0,1414.8,0
2019-08-03 07:01:00,3,53,25.1,81,19.2,1008.8,0,0,14,1414.8,0
2019-08-03 07:04:00,3,53,25.1,81,19.3,1008.8,0,0,2,1414.8,0
2019-08-03 07:07:00,3,53,25.0,82,19.6,1008.8,0,0.3,8,1414.8,0
2019-08-03 07:10:00,3,53,25.0,81,19.8,1008.8,0,0,10,1414.8,0
2019-08-03 07:13:00,3,53,25.0,80,20.1,1008.9,0,0,2,1414.8,0
2019-08-03 07:16:00,3,54,24.9,79,20.2,1008.8,0,0,4,1414.8,0
2019-08-03 07:19:00,3,54,24.9,77,20.2,1008.8,0,0,0,1414.8,0
2019-08-03 07:22:00,3,54,24.9,75,20.2,1008.8,0,0,0,1414.8,0
2019-08-03 07:25:00,3,54,24.9,74,20.1,1008.9,0.7,1.0,0,1414.8,0
2019-08-03 07:28:00,3,55,24.8,74,20.2,1008.9,0.7,1.0,0,1414.8,0
2019-08-03 07:31:00,3,55,24.7,74,20.2,1009.0,0.3,0.7,2,1414.8,0
2019-08-03 07:34:00,3,55,24.7,75,20.6,1008.9,0,0,0,1414.8,0
2019-08-03 07:37:00,3,55,24.7,74,20.8,1008.9,0,0,5,1414.8,0
2019-08-03 07:40:00,3,55,24.7,74,21.3,1008.9,0,0.3,4,1414.8,0
2019-08-03 07:43:00,3,55,24.6,73,21.6,1008.9,0.7,0.7,14,1414.8,0
2019-08-03 07:46:00,3,55,24.6,72,22.0,1009.0,0,0.3,14,1414.8,0
2019-08-03 07:49:00,3,55,24.6,71,22.1,1008.9,0,0.7,4,1414.8,0
2019-08-03 07:52:00,3,55,24.6,70,22.2,1009.0,0,0.3,4,1414.8,0
2019-08-03 07:55:00,3,55,24.5,68,22.6,1009.0,0.7,1.0,2,1414.8,0
2019-08-03 07:58:00,3,55,24.5,65,22.8,1008.9,0,0.3,12,1414.8,0
2019-08-03 08:01:00,3,55,24.5,65,22.9,1009.0,0.7,1.0,2,1414.8,0
2019-08-03 08:04:00,3,55,24.4,65,22.9,1009.0,0.7,1.0,2,1414.8,0
2019-08-03 08:07:00,3,55,24.4,65,22.9,1009.0,0.7,1.0,2,1414.8,0
2019-08-03 08:10:00,3,55,24.4,68,22.1,1009.0,1.4,2.0,2,1414.8,0
2019-08-03 08:13:00,3,55,24.4,67,21.9,1009.0,1.0,1.4,10,1414.8,0
2019-08-03 08:16:00,3,55,24.4,67,21.9,1009.0,0,0.3,14,1414.8,0
2019-08-03 08:19:00,3,55,24.4,68,22.0,1009.0,0.7,1.0,3,1414.8,0
2019-08-03 08:22:00,3,55,24.4,65,22.1,1009.0,0.7,1.0,0,1414.8,0
2019-08-03 08:25:00,3,56,24.3,65,22.0,1009.0,0.3,0.7,0,1414.8,0
2019-08-03 08:28:00,3,56,24.3,66,22.2,1009.0,0.7,1.0,0,1414.8,0
2019-08-03 08:31:00,3,56,24.3,65,22.3,1009.0,0.3,0.7,2,1414.8,0
2019-08-03 08:34:00,3,56,24.3,61,22.5,1009.0,0.3,0.7,10,1414.8,0
2019-08-03 08:37:00,3,56,24.3,62,23.1,1009.0,0,0.3,12,1414.8,0
2019-08-03 08:40:00,3,56,24.3,60,23.6,1009.0,1.0,1.7,0,1414.8,0
2019-08-03 08:43:00,3,56,24.3,60,23.6,1009.1,0,0,0,1414.8,0
2019-08-03 08:46:00,3,56,24.3,60,23.5,1008.9,1.0,1.4,14,1414.8,0
2019-08-03 08:49:00,3,56,24.2,56,23.5,1009.0,1.0,1.7,8,1414.8,0
2019-08-03 08:52:00,3,56,24.2,57,23.2,1009.0,1.0,1.4,0,1414.8,0
2019-08-03 08:55:00,3,56,24.2,55,22.8,1009.0,0.7,1.4,0,1414.8,0
2019-08-03 08:58:00,3,56,24.2,59,23.0,1009.1,0.3,1.0,0,1414.8,0
2019-08-03 09:01:00,3,56,24.2,55,22.9,1009.2,0.7,1.0,0,1414.8,0
2019-08-03 09:04:00,3,56,24.2,55,22.6,1009.1,0,0,0,1414.8,0
2019-08-03 09:07:00,3,56,24.2,55,22.6,1009.1,0.7,1.4,0,1414.8,0
2019-08-03 09:10:00,3,56,24.1,54,22.5,1009.2,0.3,0.7,8,1414.8,0
2019-08-03 09:13:00,3,56,24.1,54,22.8,1009.1,0.7,1.0,4,1414.8,0
2019-08-03 09:16:00,3,56,24.1,52,23.2,1009.1,1.0,1.4,2,1414.8,0
2019-08-03 09:19:00,3,56,24.1,52,23.4,1009.0,0,0.7,0,1414.8,0
2019-08-03 09:22:00,3,56,24.1,55,24.1,1009.0,0.7,1.0,15,1414.8,0
2019-08-03 09:25:00,3,56,24.1,52,24.2,1009.1,1.0,1.4,10,1414.8,0
2019-08-03 09:28:00,3,56,24.1,51,24.0,1009.1,0.7,1.0,0,1414.8,0
2019-08-03 09:31:00,3,56,24.1,51,23.8,1009.2,1.0,1.4,4,1414.8,0
2019-08-03 09:34:00,3,56,24.1,51,23.5,1009.1,0,0,4,1414.8,0
2019-08-03 09:37:00,3,56,24.1,51,23.6,1009.1,0.3,0.7,14,1414.8,0
2019-08-03 09:40:00,3,56,24.1,53,23.8,1009.1,1.0,1.4,12,1414.8,0
2019-08-03 09:43:00,3,57,24.1,51,23.6,1009.1,0.7,1.0,0,1414.8,0
2019-08-03 09:46:00,3,57,24.1,53,23.7,1009.1,0,0.3,14,1414.8,0
2019-08-03 09:49:00,3,57,24.1,53,24.2,1009.0,1.0,1.4,0,1414.8,0
2019-08-03 09:52:00,3,57,24.1,50,24.2,1009.0,1.7,2.0,2,1414.8,0
2019-08-03 09:55:00,3,57,24.1,51,24.2,1009.0,0.7,1.0,4,1414.8,0
2019-08-03 09:58:00,3,57,24.1,49,24.5,1009.1,0.7,1.0,0,1414.8,0
2019-08-03 10:01:00,3,57,24.1,48,24.7,1009.1,0.7,1.0,8,1414.8,0
2019-08-03 10:04:00,3,57,24.1,48,24.7,1009.0,0.7,1.0,8,1414.8,0
2019-08-03 10:07:00,3,57,24.1,46,24.9,1009.1,1.0,1.4,14,1414.8,0
2019-08-03 10:10:00,3,57,24.1,44,24.9,1009.1,0.7,1.0,0,1414.8,0
2019-08-03 10:13:00,3,57,24.1,44,24.8,1009.1,1.7,2.0,0,1414.8,0
2019-08-03 10:16:00,3,57,24.1,45,24.7,1009.1,0.3,0.7,14,1414.8,0
2019-08-03 10:19:00,3,57,24.1,45,25.0,1009.1,1.4,1.7,15,1414.8,0
2019-08-03 10:22:00,3,57,24.1,45,25.0,1009.1,1.0,1.4,14,1414.8,0
2019-08-03 10:25:00,3,57,24.1,46,25.0,1009.0,1.7,2.0,2,1414.8,0
2019-08-03 10:28:00,3,57,24.1,46,25.0,1009.1,1.0,1.4,14,1414.8,0
2019-08-03 10:31:00,3,57,24.1,45,24.7,1009.1,0.7,1.7,14,1414.8,0
2019-08-03 10:34:00,3,57,24.1,47,24.7,1009.1,0,0.3,9,1414.8,0
2019-08-03 10:37:00,3,57,24.1,45,24.7,1009.0,1.0,1.7,0,1414.8,0
2019-08-03 10:40:00,3,57,24.1,47,24.6,1009.0,0,0.3,14,1414.8,0
2019-08-03 10:43:00,3,57,24.1,48,24.7,1009.0,1.0,1.4,14,1414.8,0
2019-08-03 10:46:00,3,57,24.1,46,24.7,1009.0,1.4,2.0,10,1414.8,0
2019-08-03 10:49:00,3,57,24.1,46,24.8,1009.1,0.7,1.4,14,1414.8,0
2019-08-03 10:52:00,3,58,24.1,43,24.6,1009.0,1.4,1.7,4,1414.8,0
2019-08-03 10:55:00,3,58,24.1,44,24.5,1009.1,0.7,1.4,0,1414.8,0
2019-08-03 10:58:00,3,58,24.1,46,24.9,1009.1,0.7,1.0,2,1414.8,0
2019-08-03 11:01:00,3,58,24.2,43,24.9,1009.1,1.0,1.4,0,1414.8,0
2019-08-03 11:04:00,3,58,24.2,43,24.4,1009.1,1.4,1.7,0,1414.8,0
2019-08-03 11:07:00,3,58,24.2,45,24.1,1009.0,0.3,0.7,12,1414.8,0
2019-08-03 11:10:00,3,58,24.2,48,24.1,1009.0,1.0,1.4,2,1414.8,0
2019-08-03 11:13:00,3,58,24.3,46,24.0,1009.0,1.4,1.7,12,1414.8,0
2019-08-03 11:16:00,3,58,24.3,46,23.8,1009.0,0.7,1.0,12,1414.8,0
2019-08-03 11:19:00,3,58,24.3,46,23.8,1009.1,1.7,2.0,0,1414.8,0
2019-08-03 11:22:00,3,58,24.3,47,23.7,1009.0,0,0,14,1414.8,0
2019-08-03 11:25:00,3,58,24.3,48,24.3,1009.0,1.0,1.4,8,1414.8,0
2019-08-03 11:28:00,3,58,24.3,47,24.9,1008.9,0.3,0.7,2,1414.8,0
2019-08-03 11:31:00,3,58,24.3,43,25.2,1009.0,1.0,1.7,14,1414.8,0
2019-08-03 11:34:00,3,58,24.4,43,25.6,1009.0,0.3,0.7,14,1414.8,0
2019-08-03 11:37:00,3,58,24.4,40,26.1,1009.0,1.0,1.4,8,1414.8,0
2019-08-03 11:40:00,3,58,24.4,41,26.1,1009.0,1.0,1.4,4,1414.8,0
2019-08-03 11:43:00,3,58,24.4,41,26.3,1008.9,2.4,2.7,8,1414.8,0
2019-08-03 11:46:00,3,58,24.4,41,26.2,1009.0,0.7,1.0,14,1414.8,0
2019-08-03 11:49:00,3,58,24.4,41,26.1,1008.9,1.4,2.0,8,1414.8,0
2019-08-03 11:52:00,3,58,24.4,41,26.1,1009.0,0.3,0.7,8,1414.8,0
2019-08-03 11:55:00,3,58,24.4,41,26.2,1008.9,1.0,1.4,6,1414.8,0
2019-08-03 11:58:00,3,58,24.4,42,26.3,1008.9,0,0.3,14,1414.8,0
2019-08-03 12:01:00,3,59,24.5,40,26.1,1008.9,0.7,1.0,2,1414.8,0
2019-08-03 12:04:00,3,59,24.5,40,26.1,1008.9,0.7,1.0,2,1414.8,0
2019-08-03 12:07:00,3,59,24.6,40,25.7,1008.9,0.3,1.0,8,1414.8,0
2019-08-03 12:10:00,3,59,24.6,40,25.7,1008.8,1.7,2.0,6,1414.8,0
2019-08-03 12:13:00,3,59,24.6,41,25.9,1008.8,1.4,1.7,6,1414.8,0
2019-08-03 12:16:00,3,59,24.6,41,26.0,1008.9,1.7,2.4,12,1414.8,0
2019-08-03 12:19:00,3,59,24.7,41,25.8,1008.7,1.4,1.7,12,1414.8,0
2019-08-03 12:22:00,3,59,24.7,41,25.8,1008.7,1.0,1.4,14,1414.8,0
2019-08-03 12:25:00,3,59,24.7,40,25.6,1008.8,1.0,1.4,12,1414.8,0
2019-08-03 12:28:00,3,59,24.7,40,25.5,1008.7,1.0,1.4,12,1414.8,0
2019-08-03 12:31:00,3,59,24.7,41,25.5,1008.7,0.3,0.7,0,1414.8,0
2019-08-03 12:34:00,3,59,24.7,41,25.6,1008.8,2.0,2.7,14,1414.8,0
2019-08-03 12:37:00,3,59,24.7,40,25.8,1008.6,0.7,1.0,2,1414.8,0
2019-08-03 12:40:00,3,58,24.7,40,25.8,1008.6,1.7,2.0,6,1414.8,0
2019-08-03 12:43:00,3,58,24.8,40,25.8,1008.6,0.3,0.7,12,1414.8,0
2019-08-03 12:46:00,3,58,24.8,41,26.0,1008.6,1.0,1.4,15,1414.8,0
2019-08-03 12:49:00,3,58,24.9,40,26.2,1008.6,1.4,1.7,9,1414.8,0
2019-08-03 12:52:00,3,58,24.9,40,26.3,1008.4,1.0,1.7,10,1414.8,0
2019-08-03 12:55:00,3,57,24.9,39,26.4,1008.5,1.0,1.4,12,1414.8,0
2019-08-03 12:58:00,3,57,24.9,39,26.5,1008.6,1.0,1.4,12,1414.8,0
2019-08-03 13:01:00,3,57,24.9,39,26.4,1008.5,0.7,1.0,6,1414.8,0
2019-08-03 13:04:00,3,57,24.9,40,26.5,1008.4,0.7,1.0,4,1414.8,0
2019-08-03 13:07:00,3,56,25.0,40,26.6,1008.4,0,0,0,1414.8,0
2019-08-03 13:10:00,3,56,25.0,36,26.5,1008.5,1.4,1.7,0,1414.8,0
2019-08-03 13:13:00,3,55,25.0,36,26.1,1008.4,1.7,2.4,1,1414.8,0
2019-08-03 13:16:00,3,55,25.0,37,26.2,1008.4,0.7,1.4,12,1414.8,0
2019-08-03 13:19:00,3,55,25.0,36,26.3,1008.4,1.0,1.4,0,1414.8,0
2019-08-03 13:22:00,3,54,25.0,38,26.3,1008.3,1.0,1.7,14,1414.8,0
2019-08-03 13:25:00,3,54,25.0,37,26.3,1008.4,1.4,1.7,14,1414.8,0
2019-08-03 13:28:00,3,54,25.1,35,26.2,1008.3,1.4,1.7,2,1414.8,0
2019-08-03 13:31:00,3,54,25.1,37,26.2,1008.3,1.0,1.4,0,1414.8,0
2019-08-03 13:34:00,3,54,25.1,38,26.4,1008.4,1.0,1.4,14,1414.8,0
2019-08-03 13:37:00,3,54,25.1,38,26.5,1008.5,0.3,0.7,0,1414.8,0
2019-08-03 13:40:00,3,54,25.1,36,26.5,1008.4,1.4,1.7,0,1414.8,0
2019-08-03 13:43:00,3,54,25.1,35,26.3,1008.4,0.7,1.0,4,1414.8,0
2019-08-03 13:46:00,3,54,25.1,37,26.2,1008.4,0.7,1.0,14,1414.8,0
2019-08-03 13:49:00,3,54,25.1,35,26.1,1008.3,1.0,1.4,0,1414.8,0
2019-08-03 13:52:00,3,54,25.1,35,26.1,1008.3,0.3,0.7,10,1414.8,0
2019-08-03 13:55:00,3,54,25.1,36,26.4,1008.4,0.3,0.7,12,1414.8,0
2019-08-03 13:58:00,3,54,25.2,33,26.7,1008.3,1.0,1.4,11,1414.8,0
2019-08-03 14:01:00,3,54,25.2,35,26.8,1008.2,0.7,1.4,2,1414.8,0
2019-08-03 14:04:00,3,54,25.2,35,26.8,1008.3,0.7,1.4,2,1414.8,0
2019-08-03 14:07:00,3,54,25.2,35,26.8,1008.3,0.7,1.4,2,1414.8,0
2019-08-03 14:10:00,3,54,25.2,33,26.8,1008.3,1.4,1.7,4,1414.8,0
2019-08-03 14:13:00,3,54,25.2,33,26.9,1008.3,1.0,1.4,14,1414.8,0
2019-08-03 14:16:00,3,54,25.2,33,27.1,1008.4,0.3,1.0,2,1414.8,0
2019-08-03 14:19:00,3,54,25.2,32,27.3,1008.4,0.7,1.4,4,1414.8,0
2019-08-03 14:22:00,3,55,25.2,33,27.1,1008.4,1.4,1.7,0,1414.8,0
2019-08-03 14:25:00,3,55,25.2,35,27.1,1008.5,1.0,1.4,2,1414.8,0
2019-08-03 14:28:00,3,55,25.2,34,27.0,1008.4,1.4,1.7,14,1414.8,0
2019-08-03 14:31:00,3,55,25.2,34,26.8,1008.5,1.4,2.0,10,1414.8,0
2019-08-03 14:34:00,3,55,25.2,34,26.3,1008.5,1.4,1.7,0,1414.8,0
2019-08-03 14:37:00,3,55,25.2,36,26.0,1008.6,0,0.7,0,1414.8,0
2019-08-03 14:40:00,3,55,25.2,35,25.9,1008.5,0.3,0.3,0,1414.8,0
2019-08-03 14:43:00,3,55,25.2,38,25.9,1008.6,1.0,1.7,2,1414.8,0
2019-08-03 14:46:00,3,55,25.2,40,25.4,1008.7,3.4,4.1,1,1414.8,0
2019-08-03 14:49:00,3,55,25.2,41,24.6,1008.7,2.0,3.4,2,1414.8,0
2019-08-03 14:52:00,3,55,25.2,43,24.2,1008.8,1.7,2.4,6,1414.8,0
2019-08-03 14:55:00,3,55,25.2,43,24.0,1008.6,2.0,2.7,2,1414.8,0
2019-08-03 14:58:00,3,55,25.2,44,23.6,1008.6,0.7,1.0,0,1414.8,0
2019-08-03 15:01:00,3,55,25.3,45,23.3,1008.8,1.4,2.0,2,1414.8,0
2019-08-03 15:04:00,3,54,25.2,47,23.0,1008.7,1.4,1.7,4,1414.8,0
2019-08-03 15:07:00,3,54,25.2,47,22.9,1008.7,0,0.3,2,1414.8,0
2019-08-03 15:10:00,3,53,26.0,48,22.8,1008.8,0.3,0.7,2,1414.8,0
2019-08-03 15:13:00,3,53,26.0,49,22.6,1008.7,1.7,2.0,0,1414.8,0
2019-08-03 15:16:00,3,52,26.1,49,22.5,1008.9,1.7,2.4,1,1414.8,0
2019-08-03 15:19:00,3,51,26.1,52,22.4,1008.8,1.4,2.0,2,1414.8,0
2019-08-03 15:22:00,3,50,26.1,52,22.3,1008.8,1.4,2.0,2,1414.8,0
2019-08-03 15:25:00,3,49,26.1,53,22.3,1008.8,0.7,1.4,0,1414.8,0
2019-08-03 15:28:00,3,49,26.1,53,22.3,1008.9,1.4,1.7,14,1414.8,0
2019-08-03 15:31:00,3,49,26.2,52,22.3,1009.0,1.0,1.7,15,1414.8,0
2019-08-03 15:34:00,3,46,26.2,53,22.4,1009.0,0.7,1.0,0,1414.8,0
2019-08-03 15:37:00,3,46,26.3,50,22.7,1009.0,1.0,1.7,2,1414.8,0
2019-08-03 15:40:00,3,46,26.3,49,23.3,1008.9,1.0,1.4,0,1414.8,0
2019-08-03 15:43:00,3,45,26.3,46,23.5,1009.0,0.7,1.0,0,1414.8,0
2019-08-03 15:46:00,3,44,26.5,44,23.3,1009.1,2.7,4.1,0,1414.8,0
2019-08-03 15:49:00,3,43,26.5,44,22.9,1009.0,2.4,4.4,2,1414.8,0
2019-08-03 15:52:00,3,42,26.6,44,23.1,1009.1,2.0,3.1,0,1414.8,0
2019-08-03 15:55:00,3,41,26.6,44,23.3,1009.0,1.0,1.7,4,1414.8,0
2019-08-03 15:58:00,3,41,26.6,44,23.5,1009.2,2.0,3.1,0,1414.8,0
2019-08-03 16:01:00,3,41,26.7,43,23.6,1009.1,2.0,3.1,0,1414.8,0
2019-08-03 16:04:00,3,41,26.6,43,23.6,1009.0,2.0,3.1,0,1414.8,0
2019-08-03 16:07:00,3,41,26.5,45,23.1,1009.0,1.4,2.4,0,1414.8,0
2019-08-03 16:10:00,3,41,26.5,47,22.8,1009.1,1.0,1.7,2,1414.8,0
2019-08-03 16:13:00,3,41,26.3,49,22.7,1009.1,0.3,1.0,0,1414.8,0
2019-08-03 16:16:00,3,41,26.3,47,22.8,1009.0,3.1,3.7,0,1414.8,0
2019-08-03 16:19:00,3,41,26.3,46,22.9,1009.0,2.4,3.4,0,1414.8,0
2019-08-03 16:22:00,3,41,26.3,46,23.1,1009.0,1.0,2.0,0,1414.8,0
2019-08-03 16:25:00,3,41,26.3,46,23.2,1008.9,1.0,1.4,4,1414.8,0
2019-08-03 16:28:00,3,41,26.2,46,23.3,1008.8,1.7,2.0,0,1414.8,0
2019-08-03 16:31:00,3,41,26.3,46,23.3,1008.9,1.7,2.7,0,1414.8,0
2019-08-03 16:34:00,3,41,26.2,47,23.4,1008.9,1.7,2.0,0,1414.8,0
2019-08-03 16:37:00,3,41,26.1,46,23.4,1008.9,2.0,3.1,4,1414.8,0
2019-08-03 16:40:00,3,42,26.2,46,23.4,1008.9,0.7,1.4,0,1414.8,0
2019-08-03 16:43:00,3,42,26.2,46,23.5,1008.9,1.7,2.0,12,1414.8,0
2019-08-03 16:46:00,3,42,26.2,46,23.5,1008.9,0.3,0.7,0,1414.8,0
2019-08-03 16:49:00,3,42,26.2,47,23.8,1008.8,1.4,1.7,4,1414.8,0
2019-08-03 16:52:00,3,42,26.2,47,24.0,1008.9,0.7,1.4,2,1414.8,0
2019-08-03 16:55:00,3,42,26.2,47,24.0,1008.8,0.7,1.4,0,1414.8,0
2019-08-03 16:58:00,3,42,26.2,46,23.8,1009.0,1.4,2.0,0,1414.8,0
2019-08-03 17:01:00,3,42,26.1,47,23.8,1009.0,1.0,1.4,14,1414.8,0
2019-08-03 17:04:00,3,42,26.2,46,23.7,1009.1,0.7,1.0,0,1414.8,0
2019-08-03 17:07:00,3,42,26.2,47,23.6,1009.0,0.3,0.7,0,1414.8,0
2019-08-03 17:10:00,3,42,26.2,47,23.4,1009.1,1.7,2.0,2,1414.8,0
2019-08-03 17:13:00,3,42,26.2,48,22.8,1009.0,1.0,1.7,0,1414.8,0
2019-08-03 17:16:00,3,42,26.2,52,22.3,1009.0,0.3,0.7,14,1414.8,0
2019-08-03 17:19:00,3,42,26.1,53,22.1,1009.0,0.3,0.7,0,1414.8,0
2019-08-03 17:22:00,3,42,26.1,54,21.8,1008.9,0.3,0.7,0,1414.8,0
2019-08-03 17:25:00,3,42,26.1,55,21.6,1009.0,0.3,0.7,0,1414.8,0
2019-08-03 17:28:00,3,42,26.1,56,21.4,1009.0,0,0,0,1414.8,0
2019-08-03 17:31:00,3,42,26.1,56,21.3,1009.0,0,0,0,1414.8,0
2019-08-03 17:34:00,3,43,26.0,57,21.1,1009.1,0,0,0,1414.8,0
2019-08-03 17:37:00,3,43,26.0,58,20.9,1009.1,0,0,14,1414.8,0
2019-08-03 17:40:00,3,43,26.0,60,20.8,1009.2,0,0,12,1414.8,0
2019-08-03 17:43:00,3,43,26.0,60,20.7,1009.2,0,0,12,1414.8,0
2019-08-03 17:46:00,3,43,26.0,61,20.6,1009.2,0,0,12,1414.8,0
2019-08-03 17:49:00,3,42,26.0,61,20.6,1009.2,0,0.7,12,1414.8,0
2019-08-03 17:52:00,3,43,26.0,61,20.6,1009.2,0.7,1.4,12,1414.8,0
2019-08-03 17:55:00,3,43,26.0,60,20.6,1009.1,0.7,1.0,14,1414.8,0
2019-08-03 17:58:00,3,43,26.0,60,20.7,1009.2,0.7,1.0,14,1414.8,0
2019-08-03 18:01:00,3,43,26.0,60,20.8,1009.1,0,0.3,14,1414.8,0
2019-08-03 18:04:00,3,44,26.0,60,20.8,1009.1,0,0.3,14,1414.8,0
2019-08-03 18:07:00,3,44,26.1,59,21.3,1009.1,0,0,0,1414.8,0
2019-08-03 18:10:00,3,44,26.1,58,21.5,1009.2,0,0,0,1414.8,0
2019-08-03 18:13:00,3,44,26.0,57,21.6,1009.1,0,0.3,0,1414.8,0
2019-08-03 18:16:00,3,44,26.0,58,21.4,1009.2,0,0,0,1414.8,0
2019-08-03 18:19:00,3,44,26.1,59,21.2,1009.2,0,0,0,1414.8,0
2019-08-03 18:22:00,3,45,26.0,59,21.0,1009.2,0,0,0,1414.8,0
2019-08-03 18:25:00,3,45,26.0,60,20.8,1009.1,0,0,0,1414.8,0
2019-08-03 18:28:00,3,45,26.0,60,20.6,1009.1,0,0,0,1414.8,0
2019-08-03 18:31:00,3,45,26.0,61,20.4,1009.1,0,0,0,1414.8,0
2019-08-03 18:34:00,3,45,26.0,61,20.3,1009.1,0,0,0,1414.8,0
2019-08-03 18:37:00,3,45,26.0,63,20.1,1009.2,0,0,12,1414.8,0
2019-08-03 18:40:00,3,45,26.0,64,19.8,1009.2,0,0,10,1414.8,0
2019-08-03 18:43:00,3,45,26.0,64,19.7,1009.2,0,0.3,8,1414.8,0
2019-08-03 18:46:00,3,45,26.0,65,19.5,1009.2,0,0,8,1414.8,0
2019-08-03 18:49:00,3,46,26.0,65,19.3,1009.3,0,0,14,1414.8,0
2019-08-03 18:52:00,3,46,26.0,66,19.1,1009.3,0,0,14,1414.8,0
2019-08-03 18:55:00,3,46,26.0,67,19.0,1009.2,0,0,14,1414.8,0
2019-08-03 18:58:00,3,46,26.0,69,18.9,1009.2,0,0,0,1414.8,0
2019-08-03 19:01:00,3,46,26.0,70,18.8,1009.2,0,0,0,1414.8,0
2019-08-03 19:04:00,3,46,26.0,71,18.6,1009.2,0,0,4,1414.8,0
2019-08-03 19:07:00,3,47,26.1,71,18.5,1009.2,0,0,4,1414.8,0
2019-08-03 19:10:00,3,47,26.0,71,18.4,1009.4,0,0,4,1414.8,0
2019-08-03 19:13:00,3,47,26.0,71,18.3,1009.2,0,0,0,1414.8,0
2019-08-03 19:16:00,3,47,26.0,72,18.2,1009.3,0,0,0,1414.8,0
2019-08-03 19:19:00,3,47,26.1,72,18.1,1009.4,0,0,0,1414.8,0
2019-08-03 19:22:00,3,48,25.2,72,18.0,1009.4,0,0.3,0,1414.8,0
2019-08-03 19:25:00,3,48,25.3,73,18.0,1009.3,0,0,0,1414.8,0
2019-08-03 19:28:00,3,49,25.2,74,17.9,1009.4,0,0,0,1414.8,0
2019-08-03 19:31:00,3,49,25.2,74,17.9,1009.4,0,0,0,1414.8,0
2019-08-03 19:34:00,3,49,25.2,74,17.8,1009.4,0,0,0,1414.8,0
2019-08-03 19:37:00,3,49,25.2,74,17.7,1009.5,0,0,2,1414.8,0
2019-08-03 19:40:00,3,49,25.2,74,17.6,1009.4,0,0,2,1414.8,0
2019-08-03 19:43:00,3,49,25.2,74,17.5,1009.3,0,0,2,1414.8,0
2019-08-03 19:46:00,3,49,25.2,74,17.5,1009.5,0,0,2,1414.8,0
2019-08-03 19:49:00,3,49,25.2,78,17.4,1009.5,0,0,2,1414.8,0
2019-08-03 19:52:00,3,49,25.2,78,17.3,1009.4,0,0,2,1414.8,0
2019-08-03 19:55:00,3,49,25.2,78,17.3,1009.4,0,0,2,1414.8,0
2019-08-03 19:58:00,3,49,25.2,79,17.3,1009.6,0,0,14,1414.8,0
2019-08-03 20:01:00,3,50,25.2,79,17.2,1009.6,0,0,14,1414.8,0
2019-08-03 20:04:00,3,50,25.2,79,17.2,1009.6,0,0,14,1414.8,0
2019-08-03 20:07:00,3,50,25.2,80,17.2,1009.6,0,0,0,1414.8,0
2019-08-03 20:10:00,3,50,25.2,80,17.2,1009.6,0,0,0,1414.8,0
2019-08-03 20:13:00,3,50,25.2,80,17.2,1009.6,0,0,0,1414.8,0
2019-08-03 20:16:00,3,50,25.2,80,17.2,1009.6,0,0,12,1414.8,0
2019-08-03 20:19:00,3,50,25.2,80,17.2,1009.6,0,0,12,1414.8,0
2019-08-03 20:22:00,3,50,25.2,80,17.2,1009.7,0,0,0,1414.8,0
2019-08-03 20:25:00,3,50,25.2,80,17.2,1009.7,0,0,0,1414.8,0
2019-08-03 20:28:00,3,50,25.2,81,17.2,1009.7,0,0,0,1414.8,0
2019-08-03 20:31:00,3,50,25.2,81,17.2,1009.7,0,0,0,1414.8,0
2019-08-03 20:34:00,3,50,25.2,81,17.2,1009.7,0,0,0,1414.8,0
2019-08-03 20:37:00,3,50,25.2,81,17.2,1009.7,0,0,0,1414.8,0
2019-08-03 20:40:00,3,50,25.2,82,17.2,1009.7,0,0,14,1414.8,0
2019-08-03 20:43:00,3,50,25.2,82,17.2,1009.6,0,0,14,1414.8,0
2019-08-03 20:46:00,3,50,25.2,82,17.2,1009.8,0,0,14,1414.8,0
2019-08-03 20:49:00,3,50,25.2,83,17.3,1009.8,0.7,1.0,14,1414.8,0
2019-08-03 20:52:00,3,50,25.2,84,17.4,1009.8,0.7,1.0,12,1414.8,0
2019-08-03 20:55:00,3,50,25.2,81,17.5,1009.9,0,0.3,14,1414.8,0
2019-08-03 20:58:00,3,50,25.2,81,17.5,1009.8,0,0,14,1414.8,0
2019-08-03 21:01:00,3,50,25.2,80,17.5,1010.0,0,0,12,1414.8,0
2019-08-03 21:04:00,3,50,25.2,80,17.5,1009.9,0,0,14,1414.8,0
2019-08-03 21:07:00,3,51,25.2,79,17.5,1010.1,0,0,14,1414.8,0
2019-08-03 21:10:00,3,51,25.2,77,17.5,1010.0,0,0,14,1414.8,0
2019-08-03 21:13:00,3,51,25.2,76,17.5,1010.0,0,0,0,1414.8,0
2019-08-03 21:16:00,3,51,25.2,75,17.5,1010.0,0,0,0,1414.8,0
2019-08-03 21:19:00,3,51,25.2,79,17.4,1010.0,0,0,0,1414.8,0
2019-08-03 21:22:00,3,51,25.2,79,17.3,1010.1,0,0,14,1414.8,0
2019-08-03 21:25:00,3,51,25.2,79,17.2,1010.1,0,0,0,1414.8,0
2019-08-03 21:28:00,3,51,25.2,79,17.1,1010.0,0,0,0,1414.8,0
2019-08-03 21:31:00,3,50,25.2,78,17.0,1010.1,0,0,0,1414.8,0
2019-08-03 21:34:00,3,50,25.2,78,16.9,1010.0,0,0,0,1414.8,0
2019-08-03 21:37:00,3,50,25.2,79,16.8,1010.1,0,0,0,1414.8,0
2019-08-03 21:40:00,3,50,25.2,80,16.7,1010.1,0,0,0,1414.8,0
2019-08-03 21:43:00,3,50,25.2,80,16.6,1010.1,0,0,0,1414.8,0
2019-08-03 21:46:00,3,50,25.2,80,16.5,1010.0,0,0,0,1414.8,0
2019-08-03 21:49:00,3,50,25.2,80,16.4,1010.0,0,0,0,1414.8,0
2019-08-03 21:52:00,3,50,25.2,80,16.3,1010.0,0,0,0,1414.8,0
2019-08-03 21:55:00,3,50,25.2,80,16.2,1010.1,0,0,0,1414.8,0
2019-08-03 21:58:00,3,50,25.2,81,16.2,1010.0,0,0,0,1414.8,0
