2020-10-18 00:01:00,3,47,21.3,92,6.8,1010.8,0.3,0.7,12,1963.5,0
2020-10-18 00:04:00,3,47,21.3,92,6.8,1010.9,0.3,0.7,12,1963.5,0
2020-10-18 00:07:00,3,47,21.3,92,6.6,1010.8,0.3,0.3,12,1963.5,0
2020-10-18 00:10:00,3,47,21.3,92,6.6,1010.8,0,0,10,1963.5,0
2020-10-18 00:13:00,3,47,21.2,92,6.5,1010.7,0,0.3,10,1963.5,0
2020-10-18 00:16:00,3,47,21.2,92,6.5,1010.8,0,0,12,1963.5,0
2020-10-18 00:19:00,3,47,21.2,92,6.4,1010.8,0,0,12,1963.5,0
2020-10-18 00:22:00,3,46,21.2,93,6.4,1010.8,0,0,12,1963.5,0
2020-10-18 00:25:00,3,46,21.2,93,6.3,1010.7,0,0,10,1963.5,0
2020-10-18 00:28:00,3,46,21.2,93,6.3,1010.8,0,0.3,12,1963.5,0
2020-10-18 00:31:00,3,46,21.2,93,6.3,1010.8,0.3,0.7,12,1963.5,0
2020-10-18 00:34:00,3,46,21.2,93,6.3,1010.8,0.3,0.7,12,1963.5,0
2020-10-18 00:37:00,3,46,21.2,93,6.2,1010.8,0,0,12,1963.5,0
2020-10-18 00:40:00,3,46,21.2,93,6.2,1010.8,0.3,0.7,12,1963.5,0
2020-10-18 00:43:00,3,46,21.1,93,6.2,1010.8,0.3,0.7,12,1963.5,0
2020-10-18 00:46:00,3,46,21.1,93,6.2,1010.8,0.3,1.0,12,1963.5,0
2020-10-18 00:49:00,3,46,21.1,93,6.2,1010.8,0,0,10,1963.5,0
2020-10-18 00:52:00,3,46,21.1,93,6.2,1010.8,0.7,1.0,10,1963.5,0
2020-10-18 00:55:00,3,46,21.1,93,6.3,1010.7,0,0,12,1963.5,0
2020-10-18 00:58:00,3,46,21.1,93,6.3,1010.8,0,0.3,12,1963.5,0
2020-10-18 01:01:00,3,46,21.1,93,6.3,1010.8,0,0.3,12,1963.5,0
2020-10-18 01:04:00,3,46,21.1,93,6.3,1010.7,0,0.3,14,1963.5,0
2020-10-18 01:07:00,3,46,21.0,93,6.3,1010.7,0,0,14,1963.5,0
2020-10-18 01:10:00,3,46,21.0,93,6.3,1010.6,0,0,14,1963.5,0
2020-10-18 01:13:00,3,46,21.0,93,6.3,1010.6,0,0,10,1963.5,0
2020-10-18 01:16:00,3,46,21.0,93,6.3,1010.6,0,0,10,1963.5,0
2020-10-18 01:19:00,3,46,21.0,93,6.3,1010.6,0,0.3,12,1963.5,0
2020-10-18 01:22:00,3,46,21.0,94,6.3,1010.6,0,0,10,1963.5,0
2020-10-18 01:25:00,3,47,20.9,94,6.3,1010.6,0.3,0.7,10,1963.5,0
2020-10-18 01:28:00,3,47,20.9,94,6.3,1010.7,0.7,1.0,10,1963.5,0
2020-10-18 01:31:00,3,47,20.9,94,6.3,1010.6,0,0.3,10,1963.5,0
2020-10-18 01:34:00,3,47,20.9,94,6.3,1010.6,0,0,10,1963.5,0
2020-10-18 01:37:00,3,47,20.9,94,6.3,1010.7,0,0,12,1963.5,0
2020-10-18 01:40:00,3,47,20.9,94,6.3,1010.5,0.7,1.0,9,1963.5,0
2020-10-18 01:43:00,3,47,20.9,94,6.3,1010.4,0.3,1.4,14,1963.5,0
2020-10-18 01:46:00,3,47,20.8,94,6.3,1010.4,0.3,0.7,12,1963.5,0
2020-10-18 01:49:00,3,47,20.8,94,6.3,1010.4,1.0,1.4,10,1963.5,0
2020-10-18 01:52:00,3,47,20.8,94,6.3,1010.4,0.7,1.0,14,1963.5,0
2020-10-18 01:55:00,3,47,20.7,94,6.3,1010.4,0,0.7,12,1963.5,0
2020-10-18 01:58:00,3,47,20.7,94,6.3,1010.4,0.3,0.7,10,1963.5,0
2020-10-18 02:01:00,3,47,20.7,94,6.3,1010.4,0.3,0.7,12,1963.5,0
2020-10-18 02:04:00,3,47,20.7,94,6.3,1010.3,0.3,0.7,12,1963.5,0
2020-10-18 02:07:00,3,47,20.7,94,6.3,1010.4,1.4,1.7,12,1963.5,0
2020-10-18 02:10:00,3,47,20.7,94,6.3,1010.4,1.0,1.7,11,1963.5,0
2020-10-18 02:13:00,3,47,20.7,94,6.3,1010.4,1.0,1.4,14,1963.5,0
2020-10-18 02:16:00,3,47,20.6,94,6.3,1010.4,0.3,0.7,10,1963.5,0
2020-10-18 02:19:00,3,47,20.6,94,6.3,1010.3,1.0,1.7,10,1963.5,0
2020-10-18 02:22:00,3,47,20.6,95,6.4,1010.4,0,0.3,12,1963.5,0
2020-10-18 02:25:00,3,47,20.6,95,6.3,1010.3,0.7,1.0,12,1963.5,0
2020-10-18 02:28:00,3,47,20.6,95,6.3,1010.2,1.4,1.7,12,1963.5,0
2020-10-18 02:31:00,3,47,20.6,95,6.3,1010.2,0,0.3,10,1963.5,0
2020-10-18 02:34:00,3,47,20.6,95,6.3,1010.2,1.0,1.4,12,1963.5,0
2020-10-18 02:37:00,3,47,20.6,95,6.3,1010.1,0,0.3,12,1963.5,0
2020-10-18 02:40:00,3,47,20.6,95,6.3,1010.2,0.7,1.4,10,1963.5,0
2020-10-18 02:43:00,3,47,20.6,95,6.2,1010.1,0.3,0.7,12,1963.5,0
2020-10-18 02:46:00,3,47,20.6,95,6.2,1010.0,0.3,0.7,14,1963.5,0
2020-10-18 02:49:00,3,47,20.6,95,6.2,1010.2,1.0,2.0,14,1963.5,0
2020-10-18 02:52:00,3,47,20.5,95,6.1,1010.2,0.3,0.7,10,1963.5,0
2020-10-18 02:55:00,3,47,20.5,95,6.1,1010.2,1.0,1.4,12,1963.5,0
2020-10-18 02:58:00,3,47,20.5,95,6.0,1010.2,0.7,1.0,12,1963.5,0
2020-10-18 03:01:00,3,47,20.5,95,6.0,1010.2,0.7,1.0,6,1963.5,0
2020-10-18 03:04:00,3,47,20.5,95,6.0,1010.0,0.3,0.3,12,1963.5,0
2020-10-18 03:07:00,3,47,20.4,95,5.9,1010.0,1.4,2.0,12,1963.5,0
2020-10-18 03:10:00,3,47,20.4,95,5.9,1010.0,0.3,0.7,10,1963.5,0
2020-10-18 03:13:00,3,47,20.4,95,5.8,1010.1,0,0,12,1963.5,0
2020-10-18 03:16:00,3,47,20.4,95,5.8,1010.0,0,0,10,1963.5,0
2020-10-18 03:19:00,3,47,20.4,95,5.8,1010.0,0.3,0.7,10,1963.5,0
2020-10-18 03:22:00,3,47,20.4,95,5.7,1010.0,0.3,0.7,10,1963.5,0
2020-10-18 03:25:00,3,47,20.4,95,5.7,1010.0,0,0.3,10,1963.5,0
2020-10-18 03:28:00,3,47,20.4,95,5.6,1009.9,0.3,0.7,12,1963.5,0
2020-10-18 03:31:00,3,47,20.3,95,5.6,1009.9,0.3,0.7,10,1963.5,0
2020-10-18 03:34:00,3,47,20.3,95,5.6,1009.9,0,0,12,1963.5,0
2020-10-18 03:37:00,3,47,20.3,95,5.5,1009.8,0,0.3,10,1963.5,0
2020-10-18 03:40:00,3,47,20.3,95,5.5,1009.7,1.0,1.4,10,1963.5,0
2020-10-18 03:43:00,3,47,20.3,95,5.6,1009.8,0.3,0.7,10,1963.5,0
2020-10-18 03:46:00,3,47,20.3,95,5.6,1009.8,0.3,0.7,12,1963.5,0
2020-10-18 03:49:00,3,47,20.3,95,5.7,1009.8,0,0,10,1963.5,0
2020-10-18 03:52:00,3,47,20.3,95,5.7,1009.7,0.3,0.7,10,1963.5,0
2020-10-18 03:55:00,3,47,20.3,95,5.8,1009.7,0.7,1.0,10,1963.5,0
2020-10-18 03:58:00,3,47,20.2,95,5.9,1009.6,0.7,1.0,14,1963.5,0
2020-10-18 04:01:00,3,47,20.2,95,5.9,1009.6,0.7,1.0,8,1963.5,0
2020-10-18 04:04:00,3,47,20.2,95,5.9,1009.4,0.7,1.0,8,1963.5,0
2020-10-18 04:07:00,3,47,20.2,95,6.0,1009.5,1.4,1.7,10,1963.5,0
2020-10-18 04:10:00,3,47,20.2,95,6.1,1009.5,0.7,1.0,10,1963.5,0
2020-10-18 04:13:00,3,47,20.2,95,6.2,1009.7,0.7,1.0,14,1963.5,0
2020-10-18 04:16:00,3,47,20.2,96,6.2,1009.6,0.3,0.7,12,1963.5,0
2020-10-18 04:19:00,3,47,20.2,96,6.3,1009.6,0.7,1.0,12,1963.5,0
2020-10-18 04:22:00,3,47,20.3,96,6.3,1009.5,0,0.3,10,1963.5,0
2020-10-18 04:25:00,3,47,20.3,96,6.3,1009.6,0.3,0.7,8,1963.5,0
2020-10-18 04:28:00,3,47,20.3,96,6.3,1009.4,0,0.3,11,1963.5,0
2020-10-18 04:31:00,3,47,20.3,96,6.3,1009.5,0.3,0.7,12,1963.5,0
2020-10-18 04:34:00,3,47,20.3,96,6.4,1009.5,2.0,2.7,10,1963.5,0
2020-10-18 04:37:00,3,47,20.3,96,6.5,1009.6,0.7,1.0,10,1963.5,0
2020-10-18 04:40:00,3,47,20.4,96,6.5,1009.6,1.4,2.4,10,1963.5,0
2020-10-18 04:43:00,3,46,20.4,96,6.6,1009.6,1.0,2.0,12,1963.5,0
2020-10-18 04:46:00,3,46,20.4,96,6.6,1009.6,1.0,1.4,10,1963.5,0
2020-10-18 04:49:00,3,46,20.4,96,6.7,1009.5,2.0,2.4,11,1963.5,0
2020-10-18 04:52:00,3,46,20.5,96,6.8,1009.5,1.7,2.4,15,1963.5,0
2020-10-18 04:55:00,3,46,20.5,96,6.9,1009.6,1.0,1.4,10,1963.5,0
2020-10-18 04:58:00,3,46,20.5,96,6.9,1009.4,2.4,3.4,12,1963.5,0
2020-10-18 05:01:00,3,46,20.5,96,7.0,1009.5,1.7,2.4,10,1963.5,0
2020-10-18 05:04:00,3,46,20.6,96,7.0,1009.5,1.4,2.4,10,1963.5,0
2020-10-18 05:07:00,3,46,20.6,96,7.0,1009.4,2.0,2.4,0,1963.5,0
2020-10-18 05:10:00,3,46,20.6,96,7.1,1009.4,1.7,2.7,10,1963.5,0
2020-10-18 05:13:00,3,46,20.6,96,7.1,1009.3,1.4,2.0,8,1963.5,0
2020-10-18 05:16:00,3,46,20.6,96,7.1,1009.4,1.4,2.0,10,1963.5,0
2020-10-18 05:19:00,3,46,20.7,95,7.2,1009.4,1.7,2.0,10,1963.5,0
2020-10-18 05:22:00,3,46,20.7,95,7.2,1009.4,2.0,2.7,12,1963.5,0
2020-10-18 05:25:00,3,46,20.7,95,7.3,1009.5,1.4,2.0,10,1963.5,0
2020-10-18 05:28:00,3,46,20.7,95,7.3,1009.4,1.0,1.7,12,1963.5,0
2020-10-18 05:31:00,3,46,20.7,95,7.3,1009.5,1.7,2.0,10,1963.5,0
2020-10-18 05:34:00,3,46,20.7,94,7.3,1009.4,1.0,1.7,10,1963.5,0
2020-10-18 05:37:00,3,45,20.7,94,7.4,1009.5,1.0,1.7,12,1963.5,0
2020-10-18 05:40:00,3,45,20.7,94,7.4,1009.5,1.4,2.0,12,1963.5,0
2020-10-18 05:43:00,3,45,20.8,90,7.5,1009.4,1.4,1.7,10,1963.5,0
2020-10-18 05:46:00,3,45,20.8,90,7.5,1009.5,1.4,1.7,10,1963.5,0
2020-10-18 05:49:00,3,45,20.8,90,7.5,1009.4,1.4,2.0,11,1963.5,0
2020-10-18 05:52:00,3,45,20.9,90,7.6,1009.5,2.4,3.4,11,1963.5,0
2020-10-18 05:55:00,3,45,20.9,89,7.6,1009.5,1.4,1.7,12,1963.5,0
2020-10-18 05:58:00,3,45,20.9,89,7.6,1009.6,1.0,1.7,10,1963.5,0
2020-10-18 06:01:00,3,45,20.9,89,7.6,1009.6,1.0,2.0,9,1963.5,0
2020-10-18 06:04:00,3,45,20.9,89,7.6,1009.6,1.0,2.0,9,1963.5,0
2020-10-18 06:07:00,3,45,20.9,88,7.7,1009.6,2.0,3.1,10,1963.5,0
2020-10-18 06:10:00,3,45,20.9,88,7.7,1009.5,2.0,2.7,10,1963.5,0
2020-10-18 06:13:00,3,45,20.9,88,7.8,1009.5,1.7,2.7,12,1963.5,0
2020-10-18 06:16:00,3,45,20.9,87,7.8,1009.5,1.4,2.0,4,1963.5,0
2020-10-18 06:19:00,3,46,20.9,87,7.8,1009.6,1.7,2.0,12,1963.5,0
2020-10-18 06:22:00,3,46,20.9,87,7.9,1009.7,2.0,3.4,10,1963.5,0
2020-10-18 06:25:00,3,45,21.0,87,7.9,1009.6,1.0,1.4,10,1963.5,0
2020-10-18 06:28:00,3,45,21.0,87,7.9,1009.6,1.0,1.7,10,1963.5,0
2020-10-18 06:31:00,3,45,21.1,86,8.0,1009.9,0.7,1.0,11,1963.5,0
2020-10-18 06:34:00,3,45,21.2,86,8.0,1009.7,2.4,3.4,10,1963.5,0
2020-10-18 06:37:00,3,44,21.4,86,8.0,1009.8,1.7,2.4,12,1963.5,0
2020-10-18 06:40:00,3,44,21.6,86,8.0,1009.8,1.4,2.0,10,1963.5,0
2020-10-18 06:43:00,3,43,21.7,86,8.1,1009.8,2.0,3.1,10,1963.5,0
2020-10-18 06:46:00,3,43,21.8,85,8.1,1009.8,0.7,1.4,10,1963.5,0
2020-10-18 06:49:00,3,43,21.9,85,8.1,1009.8,1.0,1.7,12,1963.5,0
2020-10-18 06:52:00,3,41,22.1,85,8.2,1009.9,1.0,1.7,12,1963.5,0
2020-10-18 06:55:00,3,41,22.2,85,8.2,1010.0,1.7,2.0,12,1963.5,0
2020-10-18 06:58:00,3,41,22.2,85,8.2,1010.0,1.7,2.4,10,1963.5,0
2020-10-18 07:01:00,3,41,22.3,84,8.3,1010.1,1.4,2.0,12,1963.5,0
2020-10-18 07:04:00,3,40,22.3,84,8.3,1010.2,3.7,4.4,8,1963.5,0
2020-10-18 07:07:00,3,40,22.5,84,8.4,1010.1,2.0,2.4,14,1963.5,0
2020-10-18 07:10:00,3,40,22.6,84,8.4,1010.2,2.4,3.1,12,1963.5,0
2020-10-18 07:13:00,3,40,22.6,83,8.5,1010.3,3.1,4.1,12,1963.5,0
2020-10-18 07:16:00,3,40,22.7,83,8.5,1010.3,2.0,2.7,10,1963.5,0
2020-10-18 07:19:00,3,40,22.8,82,8.5,1010.3,1.7,2.4,10,1963.5,0
2020-10-18 07:22:00,3,40,22.9,82,8.6,1010.3,1.0,1.7,10,1963.5,0
2020-10-18 07:25:00,3,40,23.0,82,8.6,1010.2,1.4,1.7,12,1963.5,0
2020-10-18 07:28:00,3,39,23.1,81,8.7,1010.4,2.0,3.1,12,1963.5,0
2020-10-18 07:31:00,3,39,23.2,81,8.7,1010.4,1.7,2.7,8,1963.5,0
2020-10-18 07:34:00,3,39,23.3,81,8.8,1010.4,2.7,3.7,8,1963.5,0
2020-10-18 07:37:00,3,39,23.4,80,8.8,1010.4,3.1,4.1,0,1963.5,0
2020-10-18 07:40:00,3,39,23.5,80,8.8,1010.6,2.0,2.7,12,1963.5,0
2020-10-18 07:43:00,3,38,23.6,80,8.9,1010.6,1.4,2.0,8,1963.5,0
2020-10-18 07:46:00,3,38,23.6,80,8.9,1010.7,1.0,1.4,12,1963.5,0
2020-10-18 07:49:00,3,38,23.7,80,9.0,1010.7,1.4,2.0,10,1963.5,0
2020-10-18 07:52:00,3,38,23.7,79,9.0,1010.7,3.4,4.4,12,1963.5,0
2020-10-18 07:55:00,3,38,23.8,78,9.0,1010.8,1.4,1.7,12,1963.5,0
2020-10-18 07:58:00,3,38,23.8,78,9.0,1010.6,2.7,3.4,14,1963.5,0
2020-10-18 08:01:00,3,38,23.8,78,9.1,1010.8,1.7,2.4,10,1963.5,0
2020-10-18 08:04:00,3,38,23.8,78,9.1,1010.7,1.7,2.4,10,1963.5,0
2020-10-18 08:07:00,3,38,23.9,77,9.1,1010.8,2.4,3.1,10,1963.5,0
2020-10-18 08:10:00,3,37,23.9,77,9.2,1010.6,2.4,3.4,11,1963.5,0
2020-10-18 08:13:00,3,37,23.9,76,9.3,1010.6,2.0,3.1,12,1963.5,0
2020-10-18 08:16:00,3,36,24.0,76,9.2,1010.7,1.7,2.4,12,1963.5,0
2020-10-18 08:19:00,3,36,24.0,75,9.2,1010.7,2.0,2.7,10,1963.5,0
2020-10-18 08:22:00,3,37,23.9,75,9.2,1010.7,1.4,1.7,10,1963.5,0
2020-10-18 08:25:00,3,37,23.8,75,9.2,1010.8,2.4,3.1,10,1963.5,0
2020-10-18 08:28:00,3,38,23.7,75,9.2,1010.7,2.4,3.1,11,1963.5,0
2020-10-18 08:31:00,3,38,23.6,75,9.3,1010.8,1.4,1.7,8,1963.5,0
2020-10-18 08:34:00,3,38,23.5,75,9.3,1010.8,1.4,2.0,10,1963.5,0
2020-10-18 08:37:00,3,38,23.4,75,9.2,1010.8,2.4,4.4,12,1963.5,0
2020-10-18 08:40:00,3,38,23.4,75,9.2,1010.6,3.1,4.4,10,1963.5,0
2020-10-18 08:43:00,3,38,23.3,75,9.2,1010.6,2.4,3.4,14,1963.5,0
2020-10-18 08:46:00,3,39,23.2,75,9.1,1010.6,2.4,3.1,13,1963.5,0
2020-10-18 08:49:00,3,38,23.1,75,9.1,1010.6,1.4,2.0,12,1963.5,0
2020-10-18 08:52:00,3,39,23.1,75,9.0,1010.6,3.4,4.1,10,1963.5,0
2020-10-18 08:55:00,3,39,23.0,75,9.1,1010.6,3.4,5.1,12,1963.5,0
2020-10-18 08:58:00,3,39,23.0,75,9.1,1010.6,2.7,4.1,10,1963.5,0
2020-10-18 09:01:00,3,39,23.0,75,9.1,1010.6,1.4,1.7,10,1963.5,0
2020-10-18 09:04:00,3,39,22.9,76,9.1,1010.5,1.7,2.7,12,1963.5,0
2020-10-18 09:07:00,3,39,22.8,77,9.0,1010.6,3.1,4.4,6,1963.5,0
2020-10-18 09:10:00,3,39,22.7,78,9.0,1010.6,1.7,2.7,12,1963.5,0
2020-10-18 09:13:00,3,39,22.7,79,8.9,1010.4,1.7,2.7,11,1963.5,0
2020-10-18 09:16:00,3,39,22.6,80,8.9,1010.6,1.4,1.7,12,1963.5,0
2020-10-18 09:19:00,3,40,22.6,80,8.9,1010.7,1.7,2.4,8,1963.5,0
2020-10-18 09:22:00,3,40,22.6,81,8.8,1010.6,2.7,3.1,14,1963.5,0
2020-10-18 09:25:00,3,40,22.5,81,8.8,1010.6,2.0,3.1,8,1963.5,0
2020-10-18 09:28:00,3,40,22.5,82,8.8,1010.5,2.4,3.1,11,1963.5,0
2020-10-18 09:31:00,3,40,22.4,82,8.7,1010.5,1.0,1.4,10,1963.5,0
2020-10-18 09:34:00,3,40,22.3,82,8.8,1010.6,2.4,3.1,10,1963.5,0
2020-10-18 09:37:00,3,41,22.3,83,8.8,1010.5,3.1,4.4,12,1963.5,0
2020-10-18 09:40:00,3,41,22.3,84,8.8,1010.5,1.7,2.4,12,1963.5,0
2020-10-18 09:43:00,3,41,22.3,84,8.8,1010.5,2.7,3.4,11,1963.5,0
2020-10-18 09:46:00,3,42,22.2,84,8.8,1010.6,1.0,1.4,10,1963.5,0
2020-10-18 09:49:00,3,42,22.2,85,8.8,1010.6,3.7,4.8,10,1963.5,0
2020-10-18 09:52:00,3,42,22.2,85,8.9,1010.5,1.7,2.4,12,1963.5,0
2020-10-18 09:55:00,3,42,22.2,85,8.9,1010.6,2.0,3.1,12,1963.5,0
2020-10-18 09:58:00,3,42,22.1,85,8.9,1010.6,1.7,2.7,10,1963.5,0
2020-10-18 10:01:00,3,42,22.1,85,8.9,1010.7,1.0,1.4,11,1963.5,0
2020-10-18 10:04:00,3,42,22.1,85,8.9,1010.6,1.0,1.4,11,1963.5,0
2020-10-18 10:07:00,3,43,22.0,85,9.0,1010.7,1.4,2.0,12,1963.5,0
2020-10-18 10:10:00,3,43,22.0,85,9.0,1010.7,1.7,2.4,11,1963.5,0
2020-10-18 10:13:00,3,44,21.9,86,8.9,1010.6,1.7,2.4,10,1963.5,0
2020-10-18 10:16:00,3,44,21.9,86,8.9,1010.7,2.7,3.4,12,1963.5,0
2020-10-18 10:19:00,3,44,21.9,86,8.9,1010.7,2.0,3.4,12,1963.5,0
2020-10-18 10:22:00,3,44,21.9,86,8.9,1010.6,1.7,2.4,0,1963.5,0
2020-10-18 10:25:00,3,44,21.9,86,8.9,1010.6,2.7,3.7,10,1963.8,0
2020-10-18 10:28:00,3,44,21.9,86,8.8,1010.7,1.0,1.7,12,1963.8,0
2020-10-18 10:31:00,3,44,21.9,87,8.8,1010.6,2.0,3.1,10,1963.8,0
2020-10-18 10:34:00,3,44,21.8,87,8.8,1010.8,2.0,3.1,10,1963.8,0
2020-10-18 10:37:00,3,44,21.8,87,8.7,1010.7,2.4,3.1,12,1963.8,0
2020-10-18 10:40:00,3,44,21.8,87,8.7,1010.7,1.0,1.7,10,1963.8,0
2020-10-18 10:43:00,3,44,21.8,87,8.8,1010.7,2.7,3.4,10,1963.8,0
2020-10-18 10:46:00,3,44,21.8,88,8.8,1010.7,2.0,2.4,12,1963.8,0
2020-10-18 10:49:00,3,44,21.8,88,8.8,1010.7,2.7,3.4,10,1963.8,0
2020-10-18 10:52:00,3,44,21.8,88,8.8,1010.5,1.4,1.7,8,1963.8,0
2020-10-18 10:55:00,3,44,21.8,88,8.8,1010.5,1.7,2.0,0,1963.8,0
2020-10-18 10:58:00,3,45,21.8,88,8.8,1010.5,1.0,1.7,10,1963.8,0
2020-10-18 11:01:00,3,45,21.7,88,8.8,1010.5,1.7,2.7,12,1963.8,0
2020-10-18 11:04:00,3,45,21.7,89,8.8,1010.6,1.0,1.7,10,1963.8,0
2020-10-18 11:07:00,3,45,21.7,89,8.8,1010.6,1.7,2.0,10,1963.8,0
2020-10-18 11:10:00,3,45,21.7,89,8.8,1010.6,3.1,4.8,12,1963.8,0
2020-10-18 11:13:00,3,45,21.7,89,8.8,1010.5,2.4,3.1,10,1963.8,0
2020-10-18 11:16:00,3,45,21.7,89,8.8,1010.6,1.4,2.0,10,1963.8,0
2020-10-18 11:19:00,3,45,21.7,89,8.8,1010.4,1.4,1.7,12,1963.8,0
2020-10-18 11:22:00,3,45,21.7,89,8.9,1010.4,2.0,3.1,0,1963.8,0
2020-10-18 11:25:00,3,45,21.7,89,8.9,1010.5,1.4,1.7,10,1963.8,0
2020-10-18 11:28:00,3,45,21.7,89,9.0,1010.5,2.4,3.4,10,1963.8,0
2020-10-18 11:31:00,3,45,21.7,89,9.0,1010.4,1.7,2.4,11,1963.8,0
2020-10-18 11:34:00,3,45,21.7,89,9.0,1010.5,2.4,3.1,11,1963.8,0
2020-10-18 11:37:00,3,45,21.7,89,9.0,1010.5,2.4,3.1,12,1963.8,0
2020-10-18 11:40:00,3,45,21.7,89,9.0,1010.5,1.0,1.4,12,1963.8,0
2020-10-18 11:43:00,3,46,21.7,89,9.0,1010.4,1.4,1.7,12,1963.8,0
2020-10-18 11:46:00,3,46,21.7,89,9.1,1010.5,1.4,2.4,11,1963.8,0
2020-10-18 11:49:00,3,46,21.7,89,9.0,1010.5,0.7,1.0,10,1963.8,0
2020-10-18 11:52:00,3,46,21.7,89,9.0,1010.5,3.1,4.4,14,1963.8,0
2020-10-18 11:55:00,3,46,21.7,89,9.0,1010.4,1.7,2.4,10,1963.8,0
2020-10-18 11:58:00,3,46,21.7,89,9.1,1010.4,2.0,2.4,14,1963.8,0
2020-10-18 12:01:00,3,46,21.7,89,9.1,1010.3,1.7,2.0,12,1963.8,0
2020-10-18 12:04:00,3,46,21.7,89,9.1,1010.4,1.7,2.0,12,1963.8,0
2020-10-18 12:07:00,3,46,21.7,89,9.3,1010.4,1.7,2.4,12,1963.8,0
2020-10-18 12:10:00,3,46,21.7,89,9.3,1010.4,1.4,2.0,14,1963.8,0
2020-10-18 12:13:00,3,46,21.7,89,9.2,1010.4,2.4,3.7,12,1963.8,0
2020-10-18 12:16:00,3,46,21.7,89,9.2,1010.3,1.7,2.4,14,1963.8,0
2020-10-18 12:19:00,3,46,21.7,89,9.3,1010.3,1.4,1.7,8,1963.8,0
2020-10-18 12:22:00,3,46,21.7,89,9.2,1010.3,1.7,2.4,12,1963.8,0
2020-10-18 12:25:00,3,46,21.7,89,9.2,1010.4,2.0,3.4,12,1963.8,0
2020-10-18 12:28:00,3,46,21.7,88,9.3,1010.4,2.0,2.7,10,1963.8,0
2020-10-18 12:31:00,3,46,21.7,88,9.3,1010.4,0.7,1.4,10,1963.8,0
2020-10-18 12:34:00,3,46,21.7,88,9.3,1010.4,1.4,1.7,11,1963.8,0
2020-10-18 12:37:00,3,46,21.7,88,9.3,1010.5,1.0,1.7,12,1963.8,0
2020-10-18 12:40:00,3,46,21.7,88,9.3,1010.4,1.7,2.7,14,1963.8,0
2020-10-18 12:43:00,3,46,21.7,88,9.3,1010.4,3.1,5.1,12,1963.8,0
2020-10-18 12:46:00,3,46,21.7,88,9.3,1010.4,1.7,2.4,12,1963.8,0
2020-10-18 12:49:00,3,46,21.7,88,9.3,1010.5,1.4,2.0,12,1963.8,0
2020-10-18 12:52:00,3,46,21.7,88,9.3,1010.3,1.7,2.4,12,1963.8,0
2020-10-18 12:55:00,3,46,21.7,88,9.2,1010.5,2.7,3.4,8,1963.8,0
2020-10-18 12:58:00,3,47,21.7,87,9.1,1010.4,1.7,2.0,12,1963.8,0
2020-10-18 13:01:00,3,47,21.7,87,9.1,1010.5,1.7,2.0,10,1963.8,0
2020-10-18 13:04:00,3,47,21.7,87,9.1,1010.5,2.0,2.7,10,1963.8,0
2020-10-18 13:07:00,3,47,21.7,87,9.1,1010.6,1.7,2.0,12,1963.8,0
2020-10-18 13:10:00,3,47,21.7,87,9.2,1010.5,1.7,2.4,12,1963.8,0
2020-10-18 13:13:00,3,47,21.7,87,9.2,1010.5,2.0,3.1,12,1963.8,0
2020-10-18 13:16:00,3,47,21.7,88,9.2,1010.5,2.7,3.4,10,1963.8,0
2020-10-18 13:19:00,3,47,21.7,88,9.2,1010.5,2.0,3.4,10,1963.8,0
2020-10-18 13:22:00,3,47,21.6,88,9.3,1010.5,3.1,4.1,12,1963.8,0
2020-10-18 13:25:00,3,47,21.6,88,9.3,1010.4,1.0,1.7,10,1963.8,0
2020-10-18 13:28:00,3,47,21.6,88,9.3,1010.6,1.4,1.7,10,1963.8,0
2020-10-18 13:31:00,3,47,21.6,88,9.2,1010.5,2.0,2.4,14,1963.8,0
2020-10-18 13:34:00,3,47,21.6,88,9.3,1010.4,2.0,2.7,12,1963.8,0
2020-10-18 13:37:00,3,47,21.6,87,9.2,1010.3,2.0,2.7,14,1963.8,0
2020-10-18 13:40:00,3,47,21.6,87,9.3,1010.4,1.4,1.7,12,1963.8,0
2020-10-18 13:43:00,3,47,21.6,86,9.3,1010.4,2.0,2.7,12,1963.8,0
2020-10-18 13:46:00,3,47,21.6,86,9.4,1010.5,1.4,2.0,10,1963.8,0
2020-10-18 13:49:00,3,47,21.6,86,9.4,1010.4,1.7,2.4,10,1963.8,0
2020-10-18 13:52:00,3,47,21.7,86,9.4,1010.4,1.4,1.7,10,1963.8,0
2020-10-18 13:55:00,3,48,21.7,86,9.5,1010.3,1.0,1.4,10,1963.8,0
2020-10-18 13:58:00,3,48,21.7,86,9.5,1010.5,1.4,2.0,14,1963.8,0
2020-10-18 14:01:00,3,48,21.7,86,9.5,1010.4,1.7,2.0,12,1963.8,0
2020-10-18 14:04:00,3,48,21.7,86,9.5,1010.4,1.7,2.0,12,1963.8,0
2020-10-18 14:07:00,3,48,21.7,86,9.5,1010.4,1.0,1.4,12,1963.8,0
2020-10-18 14:10:00,3,48,21.7,86,9.6,1010.4,1.4,2.0,12,1963.8,0
2020-10-18 14:13:00,3,48,21.7,86,9.6,1010.5,2.0,2.7,12,1963.8,0
2020-10-18 14:16:00,3,48,21.7,86,9.5,1010.3,1.0,1.7,14,1963.8,0
2020-10-18 14:19:00,3,47,21.7,85,9.5,1010.3,1.0,1.4,12,1963.8,0
2020-10-18 14:22:00,3,47,21.7,85,9.5,1010.4,2.7,4.4,10,1963.8,0
2020-10-18 14:25:00,3,47,21.7,84,9.6,1010.4,1.4,2.0,10,1963.8,0
2020-10-18 14:28:00,3,47,21.7,84,9.7,1010.2,0.7,1.0,10,1963.8,0
2020-10-18 14:31:00,3,47,21.7,83,9.7,1010.3,1.7,2.0,10,1963.8,0
2020-10-18 14:34:00,3,47,21.7,82,9.7,1010.3,1.0,1.7,12,1963.8,0
2020-10-18 14:37:00,3,47,21.7,82,9.7,1010.3,1.7,2.7,12,1963.8,0
2020-10-18 14:40:00,3,47,21.7,82,9.7,1010.4,1.7,2.4,11,1963.8,0
2020-10-18 14:43:00,3,47,21.6,81,9.6,1010.4,2.0,3.1,10,1963.8,0
2020-10-18 14:46:00,3,47,21.6,81,9.6,1010.4,0.3,1.0,12,1963.8,0
2020-10-18 14:49:00,3,47,21.6,80,9.6,1010.4,1.0,1.4,12,1963.8,0
2020-10-18 14:52:00,3,47,21.6,80,9.6,1010.4,2.0,2.4,8,1963.8,0
2020-10-18 14:55:00,3,47,21.6,79,9.6,1010.5,1.0,1.4,10,1963.8,0
2020-10-18 14:58:00,3,47,21.6,79,9.6,1010.5,1.4,1.7,10,1963.8,0
2020-10-18 15:01:00,3,47,21.6,78,9.6,1010.6,1.4,1.7,12,1963.8,0
2020-10-18 15:04:00,3,47,21.6,78,9.6,1010.5,2.0,2.7,12,1963.8,0
2020-10-18 15:07:00,3,47,21.6,78,9.5,1010.6,1.7,2.4,11,1963.8,0
2020-10-18 15:10:00,3,47,21.6,78,9.5,1010.6,2.4,3.1,12,1963.8,0
2020-10-18 15:13:00,3,47,21.6,78,9.5,1010.6,2.7,4.4,10,1963.8,0
2020-10-18 15:16:00,3,47,21.6,78,9.5,1010.7,1.4,2.0,12,1963.8,0
2020-10-18 15:19:00,3,47,21.6,78,9.5,1010.8,1.0,1.7,10,1963.8,0
2020-10-18 15:22:00,3,47,21.6,79,9.4,1010.7,1.4,2.0,12,1963.8,0
2020-10-18 15:25:00,3,47,21.6,79,9.4,1010.7,1.4,2.0,12,1963.8,0
2020-10-18 15:28:00,3,47,21.6,79,9.4,1010.7,1.0,1.7,10,1963.8,0
2020-10-18 15:31:00,3,47,21.6,80,9.4,1010.8,1.0,1.4,12,1963.8,0
2020-10-18 15:34:00,3,47,21.6,80,9.3,1010.7,1.4,2.0,14,1963.8,0
2020-10-18 15:37:00,3,47,21.6,80,9.3,1010.7,0.7,1.0,11,1963.8,0
2020-10-18 15:40:00,3,47,21.6,80,9.2,1010.8,1.0,1.4,12,1963.8,0
2020-10-18 15:43:00,3,47,21.6,80,9.2,1010.7,1.0,1.4,12,1963.8,0
2020-10-18 15:46:00,3,47,21.6,80,9.2,1010.8,1.4,2.0,12,1963.8,0
2020-10-18 15:49:00,3,47,21.6,80,9.2,1010.9,2.0,3.1,14,1963.8,0
2020-10-18 15:52:00,3,47,21.6,80,9.2,1010.9,1.0,1.4,10,1963.8,0
2020-10-18 15:55:00,3,47,21.6,80,9.2,1010.7,1.0,1.7,12,1963.8,0
2020-10-18 15:58:00,3,47,21.6,80,9.2,1010.8,1.4,2.0,14,1963.8,0
2020-10-18 16:01:00,3,47,21.6,80,9.2,1010.9,1.0,1.4,10,1963.8,0
2020-10-18 16:04:00,3,47,21.6,80,9.2,1011.0,1.0,1.4,10,1963.8,0
2020-10-18 16:07:00,3,47,21.6,80,9.1,1010.9,1.0,1.7,10,1963.8,0
2020-10-18 16:10:00,3,47,21.6,80,9.1,1011.0,1.4,1.7,12,1963.8,0
2020-10-18 16:13:00,3,47,21.6,80,9.1,1011.0,1.0,1.7,10,1963.8,0
2020-10-18 16:16:00,3,47,21.6,80,9.1,1011.0,1.4,2.0,10,1963.8,0
2020-10-18 16:19:00,3,47,21.6,80,9.0,1011.0,0.7,1.4,12,1963.8,0
2020-10-18 16:22:00,3,47,21.6,81,9.0,1011.0,1.4,2.4,12,1963.8,0
2020-10-18 16:25:00,3,47,21.6,81,9.0,1011.1,1.4,1.7,10,1963.8,0
2020-10-18 16:28:00,3,47,21.6,81,8.9,1011.1,0.7,1.0,12,1963.8,0
2020-10-18 16:31:00,3,47,21.6,81,8.9,1011.1,1.0,1.7,12,1963.8,0
2020-10-18 16:34:00,3,47,21.6,81,8.8,1011.1,1.0,1.7,13,1963.8,0
2020-10-18 16:37:00,3,47,21.6,81,8.8,1011.3,1.0,1.4,12,1963.8,0
2020-10-18 16:40:00,3,47,21.6,82,8.7,1011.3,0.7,1.0,14,1963.8,0
2020-10-18 16:43:00,3,47,21.6,82,8.7,1011.3,0.3,0.7,10,1963.8,0
2020-10-18 16:46:00,3,47,21.6,82,8.7,1011.3,0.3,0.7,10,1963.8,0
2020-10-18 16:49:00,3,47,21.6,82,8.6,1011.3,0.7,1.0,10,1963.8,0
2020-10-18 16:52:00,3,47,21.6,83,8.5,1011.4,0.3,0.7,10,1963.8,0
2020-10-18 16:55:00,3,47,21.6,83,8.4,1011.5,0,0.3,12,1963.8,0
2020-10-18 16:58:00,3,47,21.6,83,8.4,1011.4,0,0,10,1963.8,0
2020-10-18 17:01:00,3,47,21.6,83,8.3,1011.5,0,0,10,1963.8,0
2020-10-18 17:04:00,3,47,21.6,83,8.3,1011.6,0,0,10,1963.8,0
2020-10-18 17:07:00,3,47,21.6,84,8.2,1011.6,0.3,0.7,11,1963.8,0
2020-10-18 17:10:00,3,47,21.6,84,8.2,1011.5,0.7,1.0,10,1963.8,0
2020-10-18 17:13:00,3,47,21.6,84,8.2,1011.6,1.0,1.4,12,1963.8,0
2020-10-18 17:16:00,3,47,21.6,85,8.2,1011.6,0.7,1.0,10,1963.8,0
2020-10-18 17:19:00,3,47,21.6,85,8.2,1011.7,1.4,2.7,10,1963.8,0
2020-10-18 17:22:00,3,46,21.6,85,8.2,1011.6,1.4,1.7,10,1963.8,0
2020-10-18 17:25:00,3,46,21.6,86,8.2,1011.6,1.0,1.4,12,1963.8,0
2020-10-18 17:28:00,3,46,21.6,86,8.2,1011.7,1.0,1.4,10,1963.8,0
2020-10-18 17:31:00,3,46,21.6,86,8.2,1011.8,0.7,1.0,12,1963.8,0
2020-10-18 17:34:00,3,46,21.6,86,8.2,1011.7,1.0,1.4,10,1963.8,0
2020-10-18 17:37:00,3,46,21.6,87,8.2,1011.7,1.0,1.7,10,1963.8,0
2020-10-18 17:40:00,3,46,21.6,87,8.1,1011.7,0.7,1.0,13,1963.8,0
2020-10-18 17:43:00,3,46,21.6,87,8.1,1011.8,0.7,1.0,10,1963.8,0
2020-10-18 17:46:00,3,46,21.6,87,8.1,1011.9,0.7,1.0,10,1963.8,0
2020-10-18 17:49:00,3,46,21.6,87,8.1,1011.9,0.3,0.7,11,1963.8,0
2020-10-18 17:52:00,3,46,21.6,87,8.1,1011.8,1.0,1.4,12,1963.8,0
2020-10-18 17:55:00,3,46,21.6,87,8.0,1011.8,1.0,1.4,10,1963.8,0
2020-10-18 17:58:00,3,46,21.6,88,8.0,1011.8,0.7,1.0,12,1963.8,0
2020-10-18 18:01:00,3,46,21.6,88,8.0,1011.8,0.7,1.0,10,1963.8,0
2020-10-18 18:04:00,3,46,21.6,88,8.0,1011.8,0.7,1.0,10,1963.8,0
2020-10-18 18:07:00,3,46,21.6,88,7.9,1011.8,1.0,1.4,10,1963.8,0
2020-10-18 18:10:00,3,46,21.6,88,7.9,1011.9,0.7,1.4,12,1963.8,0
2020-10-18 18:13:00,3,46,21.6,88,7.9,1011.8,0.7,1.0,12,1963.8,0
2020-10-18 18:16:00,3,47,21.6,88,7.8,1011.9,1.4,2.0,12,1963.8,0
2020-10-18 18:19:00,3,47,21.6,88,7.8,1011.9,0.7,1.4,10,1963.8,0
2020-10-18 18:22:00,3,47,21.6,88,7.8,1011.9,0.7,1.0,10,1963.8,0
2020-10-18 18:25:00,3,47,21.6,88,7.8,1012.0,1.0,1.4,9,1963.8,0
2020-10-18 18:28:00,3,47,21.6,88,7.8,1011.9,0.7,1.0,10,1963.8,0
2020-10-18 18:31:00,3,47,21.6,88,7.8,1011.9,1.4,2.0,10,1963.8,0
2020-10-18 18:34:00,3,47,21.6,88,7.8,1011.9,1.0,1.4,12,1963.8,0
2020-10-18 18:37:00,3,47,21.5,87,7.8,1011.9,0.7,1.0,10,1963.8,0
2020-10-18 18:40:00,3,47,21.6,87,7.7,1011.9,1.0,1.4,8,1963.8,0
2020-10-18 18:43:00,3,47,21.6,87,7.7,1011.9,0.3,1.0,10,1963.8,0
2020-10-18 18:46:00,3,47,21.5,87,7.6,1012.0,1.4,1.7,12,1963.8,0
2020-10-18 18:49:00,3,47,21.5,87,7.6,1011.9,0.7,1.0,12,1963.8,0
2020-10-18 18:52:00,3,47,21.5,87,7.6,1011.9,1.0,1.7,10,1963.8,0
2020-10-18 18:55:00,3,47,21.5,87,7.6,1011.9,0,0.3,12,1963.8,0
2020-10-18 18:58:00,3,47,21.5,87,7.5,1012.0,1.4,1.7,10,1963.8,0
2020-10-18 19:01:00,3,47,21.5,87,7.5,1012.0,0.7,1.0,10,1963.8,0
2020-10-18 19:04:00,3,47,21.5,87,7.5,1012.0,0.7,1.0,10,1963.8,0
2020-10-18 19:07:00,3,47,21.5,91,7.4,1012.1,0.7,1.0,10,1963.8,0
2020-10-18 19:10:00,3,47,21.5,91,7.4,1012.1,1.0,1.4,10,1963.8,0
2020-10-18 19:13:00,3,47,21.5,91,7.4,1012.2,1.0,1.4,10,1963.8,0
2020-10-18 19:16:00,3,47,21.5,91,7.3,1012.1,1.0,1.7,10,1963.8,0
2020-10-18 19:19:00,3,47,21.5,91,7.3,1012.2,0.7,1.0,10,1963.8,0
2020-10-18 19:22:00,3,47,21.5,91,7.3,1012.2,0.7,1.0,12,1963.8,0
2020-10-18 19:25:00,3,47,21.5,91,7.3,1012.3,0.7,1.4,10,1963.8,0
2020-10-18 19:28:00,3,47,21.5,91,7.3,1012.2,1.0,1.4,12,1963.8,0
2020-10-18 19:31:00,3,47,21.5,91,7.3,1012.3,1.0,1.4,12,1963.8,0
2020-10-18 19:34:00,3,47,21.5,91,7.3,1012.4,0.7,1.0,12,1963.8,0
2020-10-18 19:37:00,3,47,21.5,91,7.3,1012.4,0.7,1.0,14,1963.8,0
2020-10-18 19:40:00,3,47,21.5,91,7.2,1012.4,1.0,1.4,10,1963.8,0
2020-10-18 19:43:00,3,47,21.5,91,7.2,1012.4,1.0,1.4,12,1963.8,0
2020-10-18 19:46:00,3,47,21.5,91,7.2,1012.5,0.7,1.0,14,1963.8,0
2020-10-18 19:49:00,3,47,21.5,91,7.2,1012.5,0.7,1.0,10,1963.8,0
2020-10-18 19:52:00,3,47,21.5,91,7.1,1012.5,1.0,1.4,10,1963.8,0
2020-10-18 19:55:00,3,47,21.5,91,7.1,1012.4,0.7,1.0,12,1963.8,0
2020-10-18 19:58:00,3,47,21.5,91,7.1,1012.5,0.3,0.7,10,1963.8,0
2020-10-18 20:01:00,3,46,21.5,91,7.1,1012.5,0.7,1.0,12,1963.8,0
2020-10-18 20:04:00,3,46,21.5,91,7.1,1012.5,0.7,1.0,12,1963.8,0
2020-10-18 20:07:00,3,46,21.5,91,7.1,1012.6,1.0,1.7,12,1963.8,0
2020-10-18 20:10:00,3,46,21.5,92,7.1,1012.6,1.0,1.4,12,1963.8,0
2020-10-18 20:13:00,3,46,21.5,92,7.1,1012.7,1.0,1.4,12,1963.8,0
2020-10-18 20:16:00,3,46,21.5,92,7.1,1012.7,1.0,1.4,12,1963.8,0
2020-10-18 20:19:00,3,46,21.5,92,7.2,1012.8,1.0,1.7,10,1963.8,0
2020-10-18 20:22:00,3,46,21.5,92,7.2,1012.8,0.7,1.0,10,1963.8,0
2020-10-18 20:25:00,3,46,21.5,92,7.2,1012.6,0.3,0.7,12,1963.8,0
2020-10-18 20:28:00,3,46,21.5,92,7.2,1012.7,0.3,0.7,9,1963.8,0
2020-10-18 20:31:00,3,46,21.5,92,7.2,1012.7,0.7,1.0,12,1963.8,0
2020-10-18 20:34:00,3,46,21.5,92,7.2,1012.7,0.3,1.0,10,1963.8,0
2020-10-18 20:37:00,3,46,21.5,92,7.3,1012.7,1.0,1.4,12,1963.8,0
2020-10-18 20:40:00,3,46,21.5,92,7.3,1012.8,0.3,0.7,12,1963.8,0
2020-10-18 20:43:00,3,46,21.5,92,7.3,1012.9,0.7,1.0,12,1963.8,0
2020-10-18 20:46:00,3,46,21.5,92,7.4,1012.9,0,0,12,1963.8,0
2020-10-18 20:49:00,3,46,21.5,92,7.4,1012.9,1.4,1.7,10,1963.8,0
2020-10-18 20:52:00,3,46,21.5,92,7.4,1012.9,0.3,0.7,12,1963.8,0
2020-10-18 20:55:00,3,46,21.5,87,7.5,1013.0,1.0,1.4,12,1963.8,0
2020-10-18 20:58:00,3,46,21.5,87,7.5,1012.9,0.3,0.7,12,1963.8,0
2020-10-18 21:01:00,3,46,21.5,87,7.5,1012.9,0.7,1.0,10,1963.8,0
2020-10-18 21:04:00,3,46,21.4,87,7.5,1012.9,0.7,0.7,12,1963.8,0
2020-10-18 21:07:00,3,46,21.4,87,7.5,1013.1,0.3,0.7,12,1963.8,0
2020-10-18 21:10:00,3,46,21.4,87,7.6,1012.9,0.7,1.0,0,1963.8,0
2020-10-18 21:13:00,3,46,21.4,87,7.6,1013.0,0.3,0.7,12,1963.8,0
2020-10-18 21:16:00,3,46,21.4,87,7.6,1013.1,0.7,1.4,12,1963.8,0
2020-10-18 21:19:00,3,46,21.4,86,7.6,1012.9,0.3,0.7,10,1963.8,0
2020-10-18 21:22:00,3,46,21.3,86,7.6,1013.1,0.7,1.0,12,1963.8,0
2020-10-18 21:25:00,3,46,21.3,86,7.6,1012.9,0.7,1.0,10,1963.8,0
2020-10-18 21:28:00,3,46,21.3,86,7.6,1013.0,0.3,0.7,12,1963.8,0
2020-10-18 21:31:00,3,46,21.3,86,7.6,1013.0,0.7,1.4,10,1963.8,0
2020-10-18 21:34:00,3,46,21.3,86,7.6,1013.1,0.7,1.0,10,1963.8,0
2020-10-18 21:37:00,3,46,21.3,86,7.7,1013.0,1.4,1.7,10,1963.8,0
2020-10-18 21:40:00,3,46,21.3,86,7.7,1013.1,1.0,1.7,10,1963.8,0
2020-10-18 21:43:00,3,46,21.3,85,7.7,1013.1,0.7,1.0,12,1963.8,0
2020-10-18 21:46:00,3,46,21.3,85,7.7,1013.0,1.0,1.4,11,1963.8,0
2020-10-18 21:49:00,3,46,21.3,85,7.7,1013.0,1.0,1.4,10,1963.8,0
2020-10-18 21:52:00,3,46,21.2,85,7.7,1013.0,1.4,1.7,12,1963.8,0
2020-10-18 21:55:00,3,46,21.2,85,7.7,1012.9,0.7,1.0,12,1963.8,0
2020-10-18 21:58:00,3,46,21.2,85,7.7,1013.0,0.7,1.4,10,1963.8,0
2020-10-18 22:01:00,3,46,21.2,85,7.7,1013.0,0.7,1.0,12,1963.8,0
2020-10-18 22:04:00,3,46,21.2,85,7.7,1013.1,0.7,1.0,12,1963.8,0
2020-10-18 22:07:00,3,46,21.2,84,7.7,1013.1,0.7,1.4,12,1963.8,0
2020-10-18 22:10:00,3,46,21.2,84,7.7,1013.2,0.7,1.0,12,1963.8,0
2020-10-18 22:13:00,3,46,21.2,84,7.7,1013.1,1.0,1.7,10,1963.8,0
2020-10-18 22:16:00,3,46,21.2,84,7.7,1013.1,0,0.3,15,1963.8,0
2020-10-18 22:19:00,3,46,21.1,84,7.7,1013.1,0.7,1.0,10,1963.8,0
2020-10-18 22:22:00,3,46,21.1,84,7.7,1013.2,1.0,1.4,14,1963.8,0
2020-10-18 22:25:00,3,46,21.1,84,7.7,1013.1,1.0,1.4,10,1963.8,0
2020-10-18 22:28:00,3,46,21.1,84,7.7,1013.2,0.7,1.0,12,1963.8,0
2020-10-18 22:31:00,3,46,21.1,84,7.7,1013.2,0.7,1.0,11,1963.8,0
2020-10-18 22:34:00,3,46,21.1,84,7.7,1013.2,0.3,0.7,10,1963.8,0
2020-10-18 22:37:00,3,46,21.1,84,7.7,1013.2,0.7,1.0,10,1963.8,0
2020-10-18 22:40:00,3,46,21.1,84,7.7,1013.3,0.7,1.4,10,1963.8,0
2020-10-18 22:43:00,3,46,21.0,84,7.7,1013.1,1.0,1.0,8,1963.8,0
2020-10-18 22:46:00,3,46,21.0,84,7.8,1013.2,0.7,1.0,11,1963.8,0
2020-10-18 22:49:00,3,46,21.0,84,7.8,1013.2,0.7,1.0,12,1963.8,0
2020-10-18 22:52:00,3,46,21.0,84,7.8,1013.2,1.0,1.4,12,1963.8,0
2020-10-18 22:55:00,3,46,21.0,84,7.8,1013.3,1.4,1.7,12,1963.8,0
2020-10-18 22:58:00,3,47,20.9,84,7.8,1013.2,0.7,1.0,12,1963.8,0
2020-10-18 23:01:00,3,47,20.9,84,7.8,1013.3,1.4,2.0,11,1963.8,0
2020-10-18 23:04:00,3,47,20.9,84,7.8,1013.3,1.0,1.4,12,1963.8,0
2020-10-18 23:07:00,3,47,20.9,84,7.9,1013.3,0.7,1.0,12,1963.8,0
2020-10-18 23:10:00,3,47,20.9,84,7.9,1013.3,0.7,1.0,10,1963.8,0
2020-10-18 23:13:00,3,47,20.9,84,7.9,1013.4,1.0,1.7,12,1963.8,0
2020-10-18 23:16:00,3,47,20.8,84,7.9,1013.3,0.7,1.0,10,1963.8,0
2020-10-18 23:19:00,3,47,20.8,84,7.9,1013.3,0.7,1.0,10,1963.8,0
2020-10-18 23:22:00,3,47,20.8,84,7.9,1013.3,1.0,1.7,10,1963.8,0
2020-10-18 23:25:00,3,47,20.8,84,7.9,1013.4,1.0,1.7,10,1963.8,0
2020-10-18 23:28:00,3,47,20.7,84,7.9,1013.4,0.7,1.4,12,1963.8,0
2020-10-18 23:31:00,3,47,20.7,84,7.9,1013.4,1.0,1.7,8,1963.8,0
2020-10-18 23:34:00,3,47,20.7,84,7.9,1013.5,0.7,1.0,12,1963.8,0
2020-10-18 23:37:00,3,47,20.7,84,7.9,1013.6,1.0,1.7,10,1963.8,0
2020-10-18 23:40:00,3,47,20.7,84,7.9,1013.6,0,0,12,1963.8,0
2020-10-18 23:43:00,3,47,20.7,84,7.9,1013.5,1.7,2.4,10,1963.8,0
2020-10-18 23:46:00,3,47,20.7,84,7.9,1013.6,1.4,1.7,13,1963.8,0
2020-10-18 23:49:00,3,47,20.7,84,7.9,1013.5,0.3,1.0,11,1963.8,0
2020-10-18 23:52:00,3,47,20.7,84,7.9,1013.6,1.0,1.7,12,1963.8,0
2020-10-18 23:55:00,3,47,20.6,84,7.9,1013.6,1.0,1.4,10,1963.8,0
2020-10-18 23:58:00,3,47,20.6,84,7.9,1013.6,1.7,2.4,12,1963.8,0
