2020-10-31 00:01:00,3,52,21.7,94,13.5,1013.3,1.0,1.4,14,1994.1,0
2020-10-31 00:04:00,3,52,21.7,94,13.5,1013.4,0.7,1.0,12,1994.1,0
2020-10-31 00:07:00,3,52,21.7,94,13.5,1013.4,1.4,1.4,12,1994.1,0
2020-10-31 00:10:00,3,52,21.6,94,13.5,1013.4,1.0,1.4,12,1994.1,0
2020-10-31 00:13:00,3,52,21.6,94,13.5,1013.4,0.7,1.0,10,1994.4,0
2020-10-31 00:16:00,3,52,21.6,94,13.5,1013.4,0.7,1.4,14,1994.4,0
2020-10-31 00:19:00,3,52,21.6,94,13.5,1013.6,1.0,1.4,14,1994.4,0
2020-10-31 00:22:00,3,52,21.6,94,13.5,1013.5,0.7,1.0,10,1994.4,0
2020-10-31 00:25:00,3,52,21.6,94,13.5,1013.5,1.4,1.7,12,1994.4,0
2020-10-31 00:28:00,3,52,21.6,94,13.5,1013.5,1.0,1.7,12,1994.4,0
2020-10-31 00:31:00,3,52,21.6,94,13.5,1013.5,1.4,1.7,12,1994.4,0
2020-10-31 00:34:00,3,52,21.6,94,13.5,1013.5,1.0,1.4,12,1994.4,0
2020-10-31 00:37:00,3,52,21.6,94,13.5,1013.5,0.7,1.4,10,1994.4,0
2020-10-31 00:40:00,3,52,21.6,94,13.5,1013.7,1.0,1.4,11,1994.4,0
2020-10-31 00:43:00,3,52,21.5,94,13.5,1013.5,0.7,1.0,12,1994.4,0
2020-10-31 00:46:00,3,52,21.5,94,13.5,1013.7,0.7,1.4,12,1994.4,0
2020-10-31 00:49:00,3,52,21.5,94,13.5,1013.7,1.0,1.7,12,1994.4,0
2020-10-31 00:52:00,3,52,21.5,94,13.5,1013.6,1.0,1.4,12,1994.4,0
2020-10-31 00:55:00,3,52,21.5,94,13.5,1013.7,1.0,1.4,12,1994.7,0
2020-10-31 00:58:00,3,52,21.5,94,13.5,1013.7,0.3,0.7,10,1994.7,0
2020-10-31 01:01:00,3,52,21.5,94,13.5,1013.7,1.4,2.0,10,1994.7,0
2020-10-31 01:04:00,3,52,21.5,94,13.5,1013.6,1.4,2.0,10,1994.7,0
2020-10-31 01:07:00,3,52,21.5,94,13.5,1013.8,1.0,1.4,11,1994.7,0
2020-10-31 01:10:00,3,52,21.5,94,13.5,1013.6,0.7,1.4,12,1994.7,0
2020-10-31 01:13:00,3,52,21.5,94,13.5,1013.7,1.0,1.4,12,1994.7,0
2020-10-31 01:16:00,3,52,21.5,94,13.5,1013.7,1.0,1.4,12,1994.7,0
2020-10-31 01:19:00,3,52,21.5,94,13.5,1013.7,1.0,1.4,12,1994.7,0
2020-10-31 01:22:00,3,52,21.5,94,13.5,1013.8,0.3,1.0,10,1995.0,0
2020-10-31 01:25:00,3,52,21.5,94,13.5,1013.8,0.3,0.7,10,1995.0,0
2020-10-31 01:28:00,3,52,21.4,94,13.5,1013.7,1.0,1.7,10,1995.0,0
2020-10-31 01:31:00,3,52,21.4,94,13.5,1013.7,1.0,1.4,12,1995.0,0
2020-10-31 01:34:00,3,52,21.4,94,13.5,1013.7,1.0,1.7,12,1995.0,0
2020-10-31 01:37:00,3,52,21.4,94,13.5,1013.6,1.4,1.7,8,1995.0,0
2020-10-31 01:40:00,3,52,21.4,94,13.5,1013.7,0.7,0.7,12,1995.0,0
2020-10-31 01:43:00,3,52,21.3,94,13.5,1013.7,0.7,1.0,10,1995.0,0
2020-10-31 01:46:00,3,52,21.3,94,13.5,1013.7,0.7,1.0,12,1995.0,0
2020-10-31 01:49:00,3,52,21.3,94,13.5,1013.6,0.7,1.0,10,1995.0,0
2020-10-31 01:52:00,3,52,21.3,94,13.5,1013.7,1.0,1.4,10,1995.0,0
2020-10-31 01:55:00,3,52,21.3,94,13.4,1013.7,1.0,1.4,12,1995.0,0
2020-10-31 01:58:00,3,52,21.3,94,13.4,1013.7,1.0,1.4,10,1995.0,0
2020-10-31 02:01:00,3,52,21.3,94,13.4,1013.8,0.3,0.7,12,1995.0,0
2020-10-31 02:04:00,3,52,21.3,94,13.4,1013.8,0,0.7,12,1995.3,0
2020-10-31 02:07:00,3,52,21.3,95,13.4,1013.8,0,0.3,10,1995.3,0
2020-10-31 02:10:00,3,52,21.3,95,13.4,1013.8,0.7,1.4,10,1995.3,0
2020-10-31 02:13:00,3,52,21.3,95,13.4,1013.9,1.0,1.0,10,1995.3,0
2020-10-31 02:16:00,3,52,21.3,95,13.4,1013.9,1.0,1.4,10,1995.3,0
2020-10-31 02:19:00,3,52,21.3,95,13.4,1013.8,0.7,1.0,12,1995.3,0
2020-10-31 02:22:00,3,52,21.3,95,13.4,1014.0,0.3,0.7,12,1995.3,0
2020-10-31 02:25:00,3,52,21.3,95,13.4,1013.9,0.3,1.0,10,1995.3,0
2020-10-31 02:28:00,3,52,21.3,95,13.4,1013.9,1.4,2.0,10,1995.3,0
2020-10-31 02:31:00,3,52,21.3,95,13.4,1013.9,0,0,12,1995.3,0
2020-10-31 02:34:00,3,52,21.3,95,13.4,1013.9,0,0,12,1995.3,0
2020-10-31 02:37:00,3,52,21.2,95,13.4,1013.9,0.7,1.0,12,1995.3,0
2020-10-31 02:40:00,3,52,21.2,95,13.4,1013.9,1.0,1.7,12,1995.3,0
2020-10-31 02:43:00,3,52,21.2,95,13.4,1014.0,1.0,1.7,8,1995.3,0
2020-10-31 02:46:00,3,52,21.2,95,13.4,1013.9,0.3,0.7,10,1995.3,0
2020-10-31 02:49:00,3,52,21.2,95,13.4,1013.9,1.4,1.7,14,1995.3,0
2020-10-31 02:52:00,3,52,21.2,95,13.4,1013.8,1.0,1.7,10,1995.3,0
2020-10-31 02:55:00,3,52,21.2,95,13.4,1013.9,0.7,1.0,0,1995.3,0
2020-10-31 02:58:00,3,52,21.2,95,13.4,1014.0,0,0.7,12,1995.3,0
2020-10-31 03:01:00,3,52,21.2,95,13.4,1014.0,0.7,1.0,10,1995.3,0
2020-10-31 03:04:00,3,52,21.2,95,13.4,1014.0,0.7,1.0,10,1995.3,0
2020-10-31 03:07:00,3,52,21.2,95,13.4,1014.0,0.3,0.7,10,1995.3,0
2020-10-31 03:10:00,3,52,21.2,95,13.4,1014.1,0,0,14,1995.3,0
2020-10-31 03:13:00,3,52,21.2,95,13.4,1014.1,0.3,0.7,12,1995.3,0
2020-10-31 03:16:00,3,52,21.2,95,13.3,1014.0,0,0,12,1995.3,0
2020-10-31 03:19:00,3,52,21.2,95,13.3,1013.9,0,0,12,1995.3,0
2020-10-31 03:22:00,3,52,21.2,95,13.3,1014.0,0.3,0.7,14,1995.3,0
2020-10-31 03:25:00,3,52,21.2,95,13.3,1014.1,0,0.7,12,1995.3,0
2020-10-31 03:28:00,3,52,21.2,95,13.3,1014.0,0.3,0.7,14,1995.3,0
2020-10-31 03:31:00,3,52,21.1,95,13.3,1014.1,0.3,1.0,12,1995.3,0
2020-10-31 03:34:00,3,52,21.1,95,13.3,1014.1,0,0.7,12,1995.3,0
2020-10-31 03:37:00,3,52,21.1,95,13.3,1014.1,0,0,10,1995.3,0
2020-10-31 03:40:00,3,52,21.1,95,13.3,1014.1,0.3,0.7,10,1995.3,0
2020-10-31 03:43:00,3,52,21.1,95,13.3,1014.1,0.3,0.7,12,1995.3,0
2020-10-31 03:46:00,3,52,21.1,95,13.4,1014.2,0,0,10,1995.3,0
2020-10-31 03:49:00,3,52,21.1,95,13.4,1014.1,0,0,12,1995.3,0
2020-10-31 03:52:00,3,52,21.1,95,13.4,1014.0,0,0.3,12,1995.3,0
2020-10-31 03:55:00,3,52,21.1,95,13.4,1014.0,0.7,1.0,13,1995.3,0
2020-10-31 03:58:00,3,52,21.1,95,13.4,1014.1,0,0,10,1995.3,0
2020-10-31 04:01:00,3,52,21.1,95,13.4,1014.2,0,0,10,1995.3,0
2020-10-31 04:04:00,3,52,21.1,95,13.4,1014.1,0.3,0.7,10,1995.3,0
2020-10-31 04:07:00,3,52,21.1,95,13.4,1014.1,0,0,10,1995.3,0
2020-10-31 04:10:00,3,52,21.1,95,13.4,1014.1,0,0,10,1995.3,0
2020-10-31 04:13:00,3,52,21.1,95,13.4,1014.1,0.3,0.7,12,1995.3,0
2020-10-31 04:16:00,3,52,21.1,95,13.4,1014.2,0.3,0.7,10,1995.3,0
2020-10-31 04:19:00,3,52,21.1,95,13.3,1014.2,0,0,12,1995.3,0
2020-10-31 04:22:00,3,52,21.1,95,13.3,1014.2,0,0.3,12,1995.3,0
2020-10-31 04:25:00,3,52,21.1,95,13.3,1014.2,1.0,1.4,12,1995.3,0
2020-10-31 04:28:00,3,52,21.1,95,13.4,1014.2,0,0.3,14,1995.3,0
2020-10-31 04:31:00,3,52,21.0,95,13.4,1014.3,0.3,0.7,12,1995.3,0
2020-10-31 04:34:00,3,52,21.0,96,13.4,1014.3,0.7,1.0,12,1995.3,0
2020-10-31 04:37:00,3,52,21.0,96,13.4,1014.3,0,0,12,1995.3,0
2020-10-31 04:40:00,3,52,21.0,96,13.3,1014.4,0,0.3,10,1995.3,0
2020-10-31 04:43:00,3,52,21.0,96,13.3,1014.4,0,0.3,12,1995.3,0
2020-10-31 04:46:00,3,52,21.0,96,13.3,1014.4,0,0,12,1995.3,0
2020-10-31 04:49:00,3,52,21.0,96,13.3,1014.5,0,0.3,10,1995.3,0
2020-10-31 04:52:00,3,52,21.0,96,13.3,1014.3,0,0,10,1995.3,0
2020-10-31 04:55:00,3,52,21.0,96,13.3,1014.3,0,0.3,12,1995.3,0
2020-10-31 04:58:00,3,52,21.0,96,13.3,1014.4,0.7,1.0,10,1995.3,0
2020-10-31 05:01:00,3,52,21.0,96,13.3,1014.4,0,0,12,1995.3,0
2020-10-31 05:04:00,3,52,21.0,96,13.3,1014.3,0,0,12,1995.3,0
2020-10-31 05:07:00,3,52,21.0,96,13.3,1014.4,0,0,10,1995.6,0
2020-10-31 05:10:00,3,52,21.0,96,13.3,1014.4,0,0,6,1995.6,0
2020-10-31 05:13:00,3,52,21.1,96,13.3,1014.5,0,0,10,1995.6,0
2020-10-31 05:16:00,3,52,21.1,96,13.3,1014.5,0,0,10,1995.6,0
2020-10-31 05:19:00,3,52,21.1,96,13.3,1014.6,0,0.3,12,1995.6,0
2020-10-31 05:22:00,3,52,21.1,96,13.3,1014.7,0,0.3,10,1995.6,0
2020-10-31 05:25:00,3,52,21.1,96,13.3,1014.6,0.3,0.7,10,1995.6,0
2020-10-31 05:28:00,3,52,21.1,96,13.3,1014.7,0,0.3,12,1995.6,0
2020-10-31 05:31:00,3,52,21.2,96,13.3,1014.7,0,0,12,1995.6,0
2020-10-31 05:34:00,3,52,21.2,96,13.3,1014.7,0,0,11,1995.6,0
2020-10-31 05:37:00,3,52,21.2,96,13.3,1014.6,0.3,0.7,12,1995.6,0
2020-10-31 05:40:00,3,52,21.2,96,13.3,1014.7,1.0,1.4,12,1995.6,0
2020-10-31 05:43:00,3,52,21.2,96,13.3,1014.7,0,0,12,1995.6,0
2020-10-31 05:46:00,3,52,21.3,96,13.3,1014.7,0,0,12,1995.6,0
2020-10-31 05:49:00,3,52,21.3,96,13.3,1014.8,0,0,8,1995.6,0
2020-10-31 05:52:00,3,52,21.3,96,13.3,1014.8,0,0.3,12,1995.9,0
2020-10-31 05:55:00,3,52,21.3,96,13.3,1014.8,0,0,10,1995.9,0
2020-10-31 05:58:00,3,52,21.3,96,13.3,1014.9,0,0,10,1995.9,0
2020-10-31 06:01:00,3,52,21.3,96,13.3,1014.9,0.3,0.7,12,1995.9,0
2020-10-31 06:04:00,3,52,21.3,96,13.3,1015.0,0,0,12,1995.9,0
2020-10-31 06:07:00,3,52,21.4,96,13.3,1014.9,0,0,11,1995.9,0
2020-10-31 06:10:00,3,52,21.3,96,13.3,1014.9,0,0.7,10,1995.9,0
2020-10-31 06:13:00,3,52,21.4,96,13.3,1015.0,0,0,10,1995.9,0
2020-10-31 06:16:00,3,52,21.4,96,13.4,1014.9,0.3,1.0,12,1995.9,0
2020-10-31 06:19:00,3,52,21.4,96,13.4,1015.0,0,0,10,1995.9,0
2020-10-31 06:22:00,3,52,21.5,96,13.4,1015.0,0,0.3,10,1995.9,0
2020-10-31 06:25:00,3,52,21.5,96,13.4,1014.9,0,0.3,10,1995.9,0
2020-10-31 06:28:00,3,52,21.5,96,13.4,1014.9,0,0.3,12,1995.9,0
2020-10-31 06:31:00,3,52,21.5,96,13.4,1015.1,0.3,0.7,10,1996.2,0
2020-10-31 06:34:00,3,52,21.5,96,13.4,1015.1,0.3,0.7,10,1996.2,0
2020-10-31 06:37:00,3,52,21.5,96,13.4,1015.1,0,0,12,1996.2,0
2020-10-31 06:40:00,3,52,21.5,96,13.4,1015.2,0,0.7,12,1996.2,0
2020-10-31 06:43:00,3,52,21.5,96,13.4,1015.2,0,0,10,1996.2,0
2020-10-31 06:46:00,3,52,21.5,96,13.4,1015.2,0.3,0.7,11,1996.2,0
2020-10-31 06:49:00,3,52,21.5,96,13.5,1015.2,0.7,1.0,10,1996.2,0
2020-10-31 06:52:00,3,52,21.6,96,13.5,1015.3,0,0,10,1996.2,0
2020-10-31 06:55:00,3,52,21.6,96,13.5,1015.2,0.3,0.7,12,1996.2,0
2020-10-31 06:58:00,3,52,21.6,97,13.5,1015.3,0,0,10,1996.2,0
2020-10-31 07:01:00,3,52,21.6,97,13.5,1015.3,0,0,10,1996.2,0
2020-10-31 07:04:00,3,52,21.6,97,13.5,1015.3,0,0,10,1996.2,0
2020-10-31 07:07:00,3,52,21.7,97,13.5,1015.4,0,0,12,1996.2,0
2020-10-31 07:10:00,3,52,21.7,97,13.6,1015.4,0,0,12,1996.2,0
2020-10-31 07:13:00,3,52,21.8,97,13.5,1015.5,0,0,10,1996.2,0
2020-10-31 07:16:00,3,52,21.9,97,13.6,1015.5,0,0,10,1996.2,0
2020-10-31 07:19:00,3,51,22.1,97,13.6,1015.6,0,0,10,1996.5,0
2020-10-31 07:22:00,3,51,22.2,97,13.6,1015.7,0,0.3,12,1996.5,0
2020-10-31 07:25:00,3,50,22.3,97,13.6,1015.7,0.7,1.0,14,1996.5,0
2020-10-31 07:28:00,3,50,22.5,97,13.6,1015.8,0,0.3,12,1996.5,0
2020-10-31 07:31:00,3,50,22.6,97,13.6,1015.8,0.3,0.7,12,1996.5,0
2020-10-31 07:34:00,3,50,22.7,97,13.6,1015.8,0,0.3,10,1996.5,0
2020-10-31 07:37:00,3,50,22.7,97,13.6,1015.8,0,0,12,1996.5,0
2020-10-31 07:40:00,3,49,22.9,97,13.6,1015.8,0.3,0.7,10,1996.5,0
2020-10-31 07:43:00,3,50,23.0,97,13.6,1015.8,0,0.3,12,1996.5,0
2020-10-31 07:46:00,3,50,23.0,97,13.6,1015.8,0,0,14,1996.5,0
2020-10-31 07:49:00,3,49,23.1,97,13.6,1015.9,0,0.3,12,1996.5,0
2020-10-31 07:52:00,3,49,23.1,97,13.6,1015.9,0.7,1.0,12,1996.5,0
2020-10-31 07:55:00,3,49,23.1,97,13.6,1016.0,0.3,0.7,12,1996.5,0
2020-10-31 07:58:00,3,49,23.3,97,13.6,1016.0,0,0.7,13,1996.5,0
2020-10-31 08:01:00,3,49,23.3,97,13.6,1016.0,0,0,12,1996.5,0
2020-10-31 08:04:00,3,49,23.4,97,13.6,1016.1,0.3,0.7,12,1996.5,0
2020-10-31 08:07:00,3,48,23.4,97,13.6,1016.0,0.7,1.4,12,1996.5,0
2020-10-31 08:10:00,3,48,23.5,97,13.6,1016.0,0.3,0.7,14,1996.5,0
2020-10-31 08:13:00,3,48,23.6,97,13.6,1016.0,0,0.3,7,1996.5,0
2020-10-31 08:16:00,3,48,23.7,97,13.7,1016.1,0.3,0.7,12,1996.5,0
2020-10-31 08:19:00,3,48,23.8,97,13.7,1016.1,0.3,1.0,12,1996.5,0
2020-10-31 08:22:00,3,47,23.8,97,13.7,1016.0,0.3,1.0,12,1996.5,0
2020-10-31 08:25:00,3,47,23.9,97,13.7,1016.0,0.7,1.0,12,1996.5,0
2020-10-31 08:28:00,3,46,24.1,97,13.7,1016.1,0,0.3,12,1996.5,0
2020-10-31 08:31:00,3,46,24.1,97,13.7,1016.1,0.3,0.7,8,1996.5,0
2020-10-31 08:34:00,3,45,24.2,97,13.8,1016.2,0,0,14,1996.5,0
2020-10-31 08:37:00,3,45,24.3,97,13.8,1016.2,0.3,0.7,12,1996.5,0
2020-10-31 08:40:00,3,45,24.4,97,13.8,1016.3,0,0,12,1996.5,0
2020-10-31 08:43:00,3,44,24.4,97,13.8,1016.2,0,0,10,1996.5,0
2020-10-31 08:46:00,3,44,24.5,97,13.9,1016.3,0.3,0.7,12,1996.5,0
2020-10-31 08:49:00,3,44,24.6,97,13.9,1016.2,0.7,1.0,14,1996.5,0
2020-10-31 08:52:00,3,44,24.5,97,13.9,1016.3,0,0,12,1996.5,0
2020-10-31 08:55:00,3,44,24.4,98,14.0,1016.1,0,0,12,1996.5,0
2020-10-31 08:58:00,3,45,24.3,98,14.0,1016.2,0,0,12,1996.5,0
2020-10-31 09:01:00,3,45,24.1,98,14.1,1016.2,0.7,1.0,0,1996.5,0
2020-10-31 09:04:00,3,45,24.1,98,14.1,1016.1,0.7,1.0,0,1996.5,0
2020-10-31 09:07:00,3,46,24.0,98,14.2,1016.2,0.3,0.7,10,1996.5,0
2020-10-31 09:10:00,3,47,23.8,98,14.2,1016.1,0,0.3,10,1996.5,0
2020-10-31 09:13:00,3,47,23.8,98,14.3,1016.1,0.3,0.7,10,1996.5,0
2020-10-31 09:16:00,3,47,23.8,98,14.3,1016.0,0,0,10,1996.5,0
2020-10-31 09:19:00,3,47,23.7,98,14.4,1016.0,0,0,12,1996.5,0
2020-10-31 09:22:00,3,48,23.7,98,14.5,1015.9,0.3,0.7,12,1996.5,0
2020-10-31 09:25:00,3,48,23.6,98,14.5,1016.0,0,0,12,1996.5,0
2020-10-31 09:28:00,3,48,23.6,98,14.5,1015.9,0,0,14,1996.5,0
2020-10-31 09:31:00,3,48,23.5,98,14.5,1016.0,0.7,1.0,12,1996.5,0
2020-10-31 09:34:00,3,48,23.4,98,14.4,1015.9,0.3,1.0,10,1996.5,0
2020-10-31 09:37:00,3,48,23.4,98,14.4,1016.1,0,0,10,1996.5,0
2020-10-31 09:40:00,3,48,23.4,98,14.5,1016.0,0,0,8,1996.5,0
2020-10-31 09:43:00,3,48,23.4,98,14.6,1016.0,0,0,13,1996.5,0
2020-10-31 09:46:00,3,48,23.3,98,14.6,1015.9,0,0,12,1996.5,0
2020-10-31 09:49:00,3,48,23.3,98,14.6,1015.9,0,0,8,1996.5,0
2020-10-31 09:52:00,3,49,23.2,98,14.6,1015.9,0,0,6,1996.5,0
2020-10-31 09:55:00,3,49,23.1,98,14.6,1015.9,0.3,0.7,12,1996.5,0
2020-10-31 09:58:00,3,49,23.1,98,14.6,1015.9,0,0,12,1996.5,0
2020-10-31 10:01:00,3,49,23.1,98,14.5,1015.8,0,0,14,1996.5,0
2020-10-31 10:04:00,3,49,23.1,98,14.5,1015.8,0,0,12,1996.5,0
2020-10-31 10:07:00,3,49,23.0,98,14.6,1015.8,0,0,12,1996.5,0
2020-10-31 10:10:00,3,50,23.0,98,14.7,1015.7,0,0,12,1996.5,0
2020-10-31 10:13:00,3,50,23.0,98,14.6,1015.7,0,0,14,1996.5,0
2020-10-31 10:16:00,3,49,22.9,98,14.6,1015.8,0,0,14,1996.5,0
2020-10-31 10:19:00,3,49,22.9,98,14.6,1015.7,0,0,14,1996.5,0
2020-10-31 10:22:00,3,49,22.9,98,14.6,1015.7,0,0,12,1996.5,0
2020-10-31 10:25:00,3,49,22.9,98,14.6,1015.7,0,0,12,1996.5,0
2020-10-31 10:28:00,3,50,22.8,98,14.7,1015.8,0,0,12,1996.5,0
2020-10-31 10:31:00,3,50,22.7,98,14.7,1015.8,0,0,10,1996.5,0
2020-10-31 10:34:00,3,50,22.7,98,14.8,1015.6,0,0,14,1996.5,0
2020-10-31 10:37:00,3,50,22.7,99,14.8,1015.7,0,0,12,1996.5,0
2020-10-31 10:40:00,3,50,22.7,99,14.8,1015.6,0,0,12,1996.5,0
2020-10-31 10:43:00,3,50,22.6,98,14.8,1015.7,0,0,12,1996.5,0
2020-10-31 10:46:00,3,50,22.6,98,14.8,1015.6,0,0,6,1996.5,0
2020-10-31 10:49:00,3,50,22.6,98,14.8,1015.6,0,0,10,1996.5,0
2020-10-31 10:52:00,3,50,22.6,98,14.8,1015.6,0,0,10,1996.5,0
2020-10-31 10:55:00,3,50,22.6,99,14.9,1015.5,0,0,10,1996.5,0
2020-10-31 10:58:00,3,50,22.6,99,15.0,1015.4,0,0,12,1996.5,0
2020-10-31 11:01:00,3,50,22.6,98,14.9,1015.5,0,0,10,1996.5,0
2020-10-31 11:04:00,3,50,22.5,98,14.9,1015.5,0,0,10,1996.5,0
2020-10-31 11:07:00,3,50,22.5,98,14.7,1015.5,0,0.3,12,1996.5,0
2020-10-31 11:10:00,3,51,22.5,98,14.7,1015.5,0,0,12,1996.5,0
2020-10-31 11:13:00,3,51,22.5,98,14.7,1015.5,0,0,10,1996.5,0
2020-10-31 11:16:00,3,51,22.4,98,14.7,1015.6,0,0,12,1996.5,0
2020-10-31 11:19:00,3,51,22.4,98,14.7,1015.5,0,0,12,1996.5,0
2020-10-31 11:22:00,3,51,22.4,98,14.8,1015.6,0,0,12,1996.5,0
2020-10-31 11:25:00,3,51,22.4,98,14.8,1015.5,0,0,14,1996.5,0
2020-10-31 11:28:00,3,51,22.3,98,14.8,1015.4,0,0,10,1996.5,0
2020-10-31 11:31:00,3,51,22.3,98,14.8,1015.3,0,0,12,1996.5,0
2020-10-31 11:34:00,3,51,22.3,98,14.8,1015.4,0,0,12,1996.5,0
2020-10-31 11:37:00,3,51,22.3,98,14.9,1015.3,0,0,12,1996.5,0
2020-10-31 11:40:00,3,51,22.3,98,15.0,1015.3,0,0,4,1996.5,0
2020-10-31 11:43:00,3,51,22.3,98,15.0,1015.3,0,0,4,1996.5,0
2020-10-31 11:46:00,3,51,22.3,98,15.0,1015.3,0,0,4,1996.5,0
2020-10-31 11:49:00,3,51,22.3,98,15.1,1015.3,0,0,10,1996.5,0
2020-10-31 11:52:00,3,51,22.3,97,15.1,1015.2,0,0,10,1996.5,0
2020-10-31 11:55:00,3,51,22.2,97,15.1,1015.2,0,0,10,1996.5,0
2020-10-31 11:58:00,3,51,22.3,97,15.2,1015.2,0,0,8,1996.5,0
2020-10-31 12:01:00,3,51,22.3,97,15.2,1015.3,0,0,8,1996.5,0
2020-10-31 12:04:00,3,52,22.2,97,15.1,1015.1,0,0,10,1996.5,0
2020-10-31 12:07:00,3,52,22.2,97,15.1,1015.2,0,0,10,1996.5,0
2020-10-31 12:10:00,3,52,22.2,96,15.1,1015.2,0,0,10,1996.5,0
2020-10-31 12:13:00,3,52,22.2,96,15.1,1015.2,0,0,8,1996.5,0
2020-10-31 12:16:00,3,52,22.2,96,15.0,1015.3,0,0,8,1996.5,0
2020-10-31 12:19:00,3,52,22.2,96,15.0,1015.2,0.3,0.7,8,1996.5,0
2020-10-31 12:22:00,3,52,22.2,95,14.9,1015.1,0.7,1.0,14,1996.5,0
2020-10-31 12:25:00,3,52,22.2,95,14.8,1015.1,0,0,4,1996.5,0
2020-10-31 12:28:00,3,52,22.2,95,14.8,1015.0,0,0,8,1996.5,0
2020-10-31 12:31:00,3,52,22.2,95,14.8,1015.0,0,0,12,1996.5,0
2020-10-31 12:34:00,3,52,22.2,95,14.8,1015.0,0,0,8,1996.5,0
2020-10-31 12:37:00,3,52,22.2,94,14.8,1015.0,0,0,8,1996.5,0
2020-10-31 12:40:00,3,52,22.2,94,14.8,1015.0,0,0.3,12,1996.5,0
2020-10-31 12:43:00,3,52,22.2,94,14.8,1015.0,0,0,12,1996.5,0
2020-10-31 12:46:00,3,52,22.2,94,14.8,1015.1,0.3,0.7,12,1996.5,0
2020-10-31 12:49:00,3,52,22.2,94,14.8,1015.0,0,0,12,1996.5,0
2020-10-31 12:52:00,3,52,22.2,94,14.9,1014.9,0,0,10,1996.5,0
2020-10-31 12:55:00,3,52,22.2,94,14.9,1014.8,0,0,12,1996.5,0
2020-10-31 12:58:00,3,52,22.2,93,15.0,1014.8,0.3,0.7,12,1996.5,0
2020-10-31 13:01:00,3,52,22.2,93,15.0,1014.8,0,0,12,1996.5,0
2020-10-31 13:04:00,3,52,22.2,93,15.0,1014.7,0,0,12,1996.5,0
2020-10-31 13:07:00,3,52,22.1,93,15.2,1014.7,0.3,0.7,14,1996.5,0
2020-10-31 13:10:00,3,52,22.1,93,15.2,1014.7,1.0,1.7,10,1996.5,0
2020-10-31 13:13:00,3,52,22.1,93,15.2,1014.7,0.3,0.7,10,1996.5,0
2020-10-31 13:16:00,3,52,22.1,92,15.2,1014.7,0.3,0.7,10,1996.5,0
2020-10-31 13:19:00,3,52,22.1,92,15.3,1014.7,0,0,12,1996.5,0
2020-10-31 13:22:00,3,52,22.1,92,15.3,1014.7,0.7,1.4,13,1996.5,0
2020-10-31 13:25:00,3,52,22.1,91,15.2,1014.6,0.7,1.0,10,1996.5,0
2020-10-31 13:28:00,3,52,22.1,91,15.2,1014.7,0.7,0.7,12,1996.5,0
2020-10-31 13:31:00,3,53,22.2,90,15.3,1014.6,0,0,10,1996.5,0
2020-10-31 13:34:00,3,53,22.2,90,15.3,1014.6,1.0,1.4,8,1996.5,0
2020-10-31 13:37:00,3,53,22.2,90,15.4,1014.6,0,0,12,1996.5,0
2020-10-31 13:40:00,3,54,22.3,89,15.4,1014.5,0.3,0.7,12,1996.5,0
2020-10-31 13:43:00,3,54,22.5,88,15.4,1014.5,0,0,12,1996.5,0
2020-10-31 13:46:00,3,53,22.6,88,15.4,1014.5,0.3,0.7,12,1996.5,0
2020-10-31 13:49:00,3,53,22.7,88,15.3,1014.4,0.3,0.7,11,1996.5,0
2020-10-31 13:52:00,3,53,22.9,87,15.3,1014.3,0,0.3,10,1996.5,0
2020-10-31 13:55:00,3,54,23.0,87,15.4,1014.4,0,0.3,12,1996.5,0
2020-10-31 13:58:00,3,53,23.1,87,15.4,1014.6,0.3,0.7,10,1996.5,0
2020-10-31 14:01:00,3,53,23.1,86,15.4,1014.6,0.7,1.0,4,1996.5,0
2020-10-31 14:04:00,3,53,23.3,86,15.3,1014.5,0.3,0.7,8,1996.5,0
2020-10-31 14:07:00,3,53,23.4,85,15.2,1014.5,0.7,1.0,12,1996.5,0
2020-10-31 14:10:00,3,52,23.6,85,15.2,1014.4,0,0,8,1996.5,0
2020-10-31 14:13:00,3,52,23.6,85,15.2,1014.4,0.3,1.0,8,1996.5,0
2020-10-31 14:16:00,3,52,23.7,84,15.1,1014.3,0.3,0.7,8,1996.5,0
2020-10-31 14:19:00,3,52,23.8,84,15.1,1014.4,0.3,0.7,4,1996.5,0
2020-10-31 14:22:00,3,52,23.8,84,15.1,1014.4,0,0,10,1996.5,0
2020-10-31 14:25:00,3,51,23.9,84,15.0,1014.5,0.7,1.0,0,1996.5,0
2020-10-31 14:28:00,3,51,23.8,84,15.0,1014.4,0.7,1.0,10,1996.5,0
2020-10-31 14:31:00,3,52,23.8,85,14.9,1014.4,0.3,0.7,8,1996.5,0
2020-10-31 14:34:00,3,52,23.7,85,14.9,1014.4,0.3,0.3,6,1996.5,0
2020-10-31 14:37:00,3,52,23.6,85,14.9,1014.4,0,0,12,1996.5,0
2020-10-31 14:40:00,3,52,23.6,85,14.8,1014.3,0,0,8,1996.5,0
2020-10-31 14:43:00,3,52,23.6,85,14.8,1014.3,0.3,0.7,6,1996.5,0
2020-10-31 14:46:00,3,52,23.6,85,14.8,1014.3,0,0,14,1996.5,0
2020-10-31 14:49:00,3,52,23.5,85,14.7,1014.3,0.3,0.3,10,1996.5,0
2020-10-31 14:52:00,3,52,23.4,85,14.7,1014.3,0.3,0.7,14,1996.5,0
2020-10-31 14:55:00,3,52,23.4,85,14.6,1014.2,0,0,12,1996.5,0
2020-10-31 14:58:00,3,52,23.4,85,14.6,1014.1,0,0.7,6,1996.5,0
2020-10-31 15:01:00,3,52,23.4,85,14.6,1014.2,0.7,1.0,4,1996.5,0
2020-10-31 15:04:00,3,52,23.3,85,14.6,1014.2,0.7,1.0,4,1996.5,0
2020-10-31 15:07:00,3,52,23.3,85,14.5,1014.3,0,0,0,1996.5,0
2020-10-31 15:10:00,3,52,23.3,86,14.5,1014.2,0,0,6,1996.5,0
2020-10-31 15:13:00,3,52,23.3,86,14.5,1014.1,0,0.3,4,1996.5,0
2020-10-31 15:16:00,3,52,23.3,86,14.4,1014.1,0,0,0,1996.5,0
2020-10-31 15:19:00,3,52,23.2,86,14.4,1014.1,0,0.3,4,1996.5,0
2020-10-31 15:22:00,3,52,23.1,86,14.4,1014.0,0.7,1.0,4,1996.5,0
2020-10-31 15:25:00,3,52,23.1,86,14.4,1014.0,0.3,0.7,10,1996.5,0
2020-10-31 15:28:00,3,52,23.1,86,14.3,1014.1,0,0.3,8,1996.5,0
2020-10-31 15:31:00,3,52,23.1,86,14.3,1014.0,0,0,12,1996.5,0
2020-10-31 15:34:00,3,52,23.1,86,14.3,1014.1,0,0,12,1996.5,0
2020-10-31 15:37:00,3,52,23.0,86,14.3,1014.0,0,0,12,1996.5,0
2020-10-31 15:40:00,3,52,23.0,86,14.3,1014.0,0,0,14,1996.5,0
2020-10-31 15:43:00,3,52,23.0,87,14.2,1014.0,0.3,0.7,4,1996.5,0
2020-10-31 15:46:00,3,52,23.0,87,14.2,1013.9,0,0.3,4,1996.5,0
2020-10-31 15:49:00,3,51,22.9,87,14.2,1014.0,0.3,0.7,8,1996.5,0
2020-10-31 15:52:00,3,51,22.9,87,14.2,1014.0,0,0.3,13,1996.5,0
2020-10-31 15:55:00,3,51,22.9,87,14.1,1013.9,0.7,1.0,14,1996.5,0
2020-10-31 15:58:00,3,51,22.9,87,14.1,1013.9,0.3,0.7,14,1996.5,0
2020-10-31 16:01:00,3,51,22.9,87,14.1,1013.9,0,0,12,1996.5,0
2020-10-31 16:04:00,3,51,22.8,87,14.1,1013.9,0,0.3,10,1996.5,0
2020-10-31 16:07:00,3,51,22.7,87,14.1,1013.9,0.3,0.7,14,1996.5,0
2020-10-31 16:10:00,3,51,22.7,87,14.1,1013.7,0,0.3,8,1996.5,0
2020-10-31 16:13:00,3,51,22.7,87,14.1,1013.7,0,0.3,14,1996.5,0
2020-10-31 16:16:00,3,51,22.7,88,14.1,1013.7,0.3,0.7,0,1996.5,0
2020-10-31 16:19:00,3,51,22.7,88,14.0,1013.6,0.7,1.0,4,1996.5,0
2020-10-31 16:22:00,3,51,22.7,88,14.0,1013.5,0.3,0.7,4,1996.5,0
2020-10-31 16:25:00,3,51,22.6,88,14.0,1013.5,0,0,6,1996.5,0
2020-10-31 16:28:00,3,51,22.6,88,14.0,1013.5,0.3,0.7,14,1996.5,0
2020-10-31 16:31:00,3,51,22.6,88,14.0,1013.5,0,0,4,1996.5,0
2020-10-31 16:34:00,3,51,22.6,88,14.0,1013.5,0,0,14,1996.5,0
2020-10-31 16:37:00,3,51,22.6,88,14.0,1013.5,0,0,8,1996.5,0
2020-10-31 16:40:00,3,51,22.6,88,14.0,1013.5,0,0.3,0,1996.5,0
2020-10-31 16:43:00,3,51,22.5,88,14.0,1013.7,0,0.3,12,1996.5,0
2020-10-31 16:46:00,3,51,22.5,88,13.9,1013.6,0.3,0.7,8,1996.5,0
2020-10-31 16:49:00,3,51,22.5,88,13.9,1013.5,0,0,14,1996.5,0
2020-10-31 16:52:00,3,51,22.5,88,13.9,1013.5,0,0,14,1996.5,0
2020-10-31 16:55:00,3,51,22.5,88,13.9,1013.6,0.7,1.0,8,1996.5,0
2020-10-31 16:58:00,3,51,22.4,89,13.9,1013.5,0.7,1.0,6,1996.5,0
2020-10-31 17:01:00,3,51,22.4,89,13.9,1013.5,0.3,0.7,6,1996.5,0
2020-10-31 17:04:00,3,51,22.4,89,13.9,1013.4,0.3,0.7,6,1996.5,0
2020-10-31 17:07:00,3,51,22.4,89,13.9,1013.4,0,0.3,14,1996.5,0
2020-10-31 17:10:00,3,51,22.4,89,13.9,1013.4,0.3,0.7,14,1996.5,0
2020-10-31 17:13:00,3,51,22.3,89,13.9,1013.3,0.3,0.7,0,1996.5,0
2020-10-31 17:16:00,3,51,22.3,89,13.9,1013.4,0,0,4,1996.5,0
2020-10-31 17:19:00,3,51,22.3,89,13.9,1013.3,0,0,4,1996.5,0
2020-10-31 17:22:00,3,51,22.3,89,13.8,1013.2,0,0.3,12,1996.5,0
2020-10-31 17:25:00,3,51,22.3,89,13.8,1013.2,0,0.3,8,1996.5,0
2020-10-31 17:28:00,3,51,22.3,89,13.8,1013.2,0,0,10,1996.5,0
2020-10-31 17:31:00,3,52,22.3,89,13.8,1013.2,0.3,0.3,4,1996.5,0
2020-10-31 17:34:00,3,52,22.3,89,13.8,1013.1,0,0,12,1996.5,0
2020-10-31 17:37:00,3,52,22.3,90,13.8,1013.1,0.7,1.0,12,1996.5,0
2020-10-31 17:40:00,3,52,22.3,90,13.8,1013.2,0.3,0.7,6,1996.5,0
2020-10-31 17:43:00,3,52,22.3,90,13.8,1013.1,0.3,0.7,10,1996.5,0
2020-10-31 17:46:00,3,52,22.3,90,13.8,1013.1,0,0.3,4,1996.5,0
2020-10-31 17:49:00,3,52,22.3,90,13.8,1013.1,0,0,14,1996.5,0
2020-10-31 17:52:00,3,52,22.3,90,13.8,1013.0,0,0,0,1996.5,0
2020-10-31 17:55:00,3,52,22.3,90,13.8,1012.9,0,0,4,1996.5,0
2020-10-31 17:58:00,3,52,22.2,90,13.8,1013.0,0.7,1.0,6,1996.5,0
2020-10-31 18:01:00,3,52,22.2,90,13.8,1012.9,0.7,1.4,10,1996.5,0
2020-10-31 18:04:00,3,52,22.2,90,13.8,1013.0,0.3,0.7,14,1996.5,0
2020-10-31 18:07:00,3,52,22.2,90,13.8,1013.0,0.7,1.0,8,1996.5,0
2020-10-31 18:10:00,3,52,22.2,90,13.8,1013.0,0.7,1.0,6,1996.5,0
2020-10-31 18:13:00,3,52,22.2,90,13.8,1012.9,0.3,0.7,10,1996.5,0
2020-10-31 18:16:00,3,52,22.2,90,13.8,1012.8,0,0.7,6,1996.5,0
2020-10-31 18:19:00,3,52,22.2,90,13.8,1012.9,0.3,0.7,8,1996.5,0
2020-10-31 18:22:00,3,52,22.2,90,13.8,1012.7,1.0,1.4,6,1996.5,0
2020-10-31 18:25:00,3,52,22.2,90,13.8,1012.7,0.3,1.4,9,1996.5,0
2020-10-31 18:28:00,3,52,22.2,90,13.8,1012.8,0,0,10,1996.5,0
2020-10-31 18:31:00,3,52,22.2,90,13.9,1012.7,0.3,0.7,14,1996.5,0
2020-10-31 18:34:00,3,52,22.2,90,13.8,1012.6,0.3,1.0,4,1996.5,0
2020-10-31 18:37:00,3,52,22.2,90,13.8,1012.5,0.3,0.7,4,1996.5,0
2020-10-31 18:40:00,3,52,22.2,90,13.8,1012.6,0,0,12,1996.5,0
2020-10-31 18:43:00,3,52,22.2,90,13.8,1012.6,0.3,0.7,10,1996.5,0
2020-10-31 18:46:00,3,52,22.2,90,13.8,1012.5,0.3,0.7,0,1996.5,0
2020-10-31 18:49:00,3,52,22.2,90,13.8,1012.4,0,0.3,10,1996.5,0
2020-10-31 18:52:00,3,52,22.2,90,13.8,1012.4,0.3,1.0,4,1996.5,0
2020-10-31 18:55:00,3,52,22.2,90,13.8,1012.4,0,0.3,14,1996.5,0
2020-10-31 18:58:00,3,52,22.1,91,13.8,1012.4,0,0,14,1996.5,0
2020-10-31 19:01:00,3,52,22.1,91,13.8,1012.5,0,0,14,1996.5,0
2020-10-31 19:04:00,3,52,22.1,91,13.8,1012.5,0,0,14,1996.5,0
2020-10-31 19:07:00,3,52,22.1,91,13.8,1012.5,0,0.3,8,1996.5,0
2020-10-31 19:10:00,3,52,22.1,91,13.8,1012.6,1.0,1.4,12,1996.5,0
2020-10-31 19:13:00,3,52,22.1,91,13.8,1012.4,0.3,1.0,6,1996.5,0
2020-10-31 19:16:00,3,52,22.1,91,13.8,1012.4,0,0.3,12,1996.5,0
2020-10-31 19:19:00,3,52,22.1,91,13.8,1012.3,0.7,1.0,6,1996.5,0
2020-10-31 19:22:00,3,52,22.1,91,13.8,1012.3,0.3,0.7,4,1996.5,0
2020-10-31 19:25:00,3,52,22.1,91,13.8,1012.2,0,0.3,0,1996.5,0
2020-10-31 19:28:00,3,52,22.1,91,13.8,1012.0,0,0.3,14,1996.5,0
2020-10-31 19:31:00,3,52,22.1,91,13.8,1011.9,0.7,1.0,14,1996.5,0
2020-10-31 19:34:00,3,52,22.1,91,13.8,1011.9,1.0,1.4,4,1996.5,0
2020-10-31 19:37:00,3,52,22.1,91,13.8,1011.9,1.7,2.4,6,1996.5,0
2020-10-31 19:40:00,3,52,22.1,91,13.8,1011.7,0.7,1.0,14,1996.5,0
2020-10-31 19:43:00,3,52,22.1,91,13.8,1011.7,0.7,1.0,0,1996.5,0
2020-10-31 19:46:00,3,52,22.1,91,13.8,1011.6,1.0,2.0,14,1996.5,0
2020-10-31 19:49:00,3,52,22.1,91,13.8,1011.6,0.7,1.0,4,1996.5,0
2020-10-31 19:52:00,3,52,22.1,91,13.8,1011.6,0.7,1.0,14,1996.5,0
2020-10-31 19:55:00,3,52,22.1,91,13.8,1011.7,0.7,1.0,14,1996.5,0
2020-10-31 19:58:00,3,52,22.1,91,13.8,1011.7,0.3,0.7,0,1996.5,0
2020-10-31 20:01:00,3,52,22.1,91,13.8,1011.8,1.7,2.0,5,1996.5,0
2020-10-31 20:04:00,3,52,22.1,91,13.8,1011.8,0.3,1.0,10,1996.5,0
2020-10-31 20:07:00,3,52,22.1,91,13.8,1011.7,0.3,0.7,6,1996.5,0
2020-10-31 20:10:00,3,52,22.1,90,13.8,1011.7,0.7,1.0,4,1996.5,0
2020-10-31 20:13:00,3,52,22.1,90,13.8,1011.7,2.0,3.1,8,1996.5,0
2020-10-31 20:16:00,3,52,22.1,90,13.8,1011.8,0.7,1.0,14,1996.5,0
2020-10-31 20:19:00,3,52,22.1,90,13.8,1011.7,0.3,0.7,8,1996.5,0
2020-10-31 20:22:00,3,52,22.1,90,13.8,1011.7,0,0.7,6,1996.5,0
2020-10-31 20:25:00,3,52,22.1,90,13.8,1011.6,0.7,1.0,8,1996.5,0
2020-10-31 20:28:00,3,52,22.1,90,13.8,1011.6,0.7,1.4,4,1996.5,0
2020-10-31 20:31:00,3,52,22.1,90,13.8,1011.4,0.7,1.4,4,1996.5,0
2020-10-31 20:34:00,3,52,22.1,90,13.8,1011.4,1.0,1.7,4,1996.5,0
2020-10-31 20:37:00,3,52,22.0,90,13.8,1011.4,0.7,1.0,12,1996.5,0
2020-10-31 20:40:00,3,52,22.0,89,13.8,1011.4,0.7,1.0,14,1996.5,0
2020-10-31 20:43:00,3,52,22.0,89,13.8,1011.3,1.4,1.7,12,1996.5,0
2020-10-31 20:46:00,3,52,22.1,89,13.8,1011.2,0.3,0.7,8,1996.5,0
2020-10-31 20:49:00,3,52,22.1,89,13.8,1011.2,0.7,1.0,8,1996.5,0
2020-10-31 20:52:00,3,52,22.1,89,13.8,1011.2,1.0,1.4,14,1996.5,0
2020-10-31 20:55:00,3,52,22.0,89,13.8,1011.2,0.7,1.4,6,1996.5,0
2020-10-31 20:58:00,3,52,22.0,88,13.8,1011.1,0.3,0.7,8,1996.5,0
2020-10-31 21:01:00,3,52,22.0,88,13.8,1011.1,1.0,2.0,8,1996.5,0
2020-10-31 21:04:00,3,52,22.0,88,13.8,1011.2,1.0,2.0,8,1996.5,0
2020-10-31 21:07:00,3,52,22.1,88,13.8,1011.1,1.0,2.0,8,1996.5,0
2020-10-31 21:10:00,3,52,22.0,88,13.8,1011.1,0,0.3,12,1996.5,0
2020-10-31 21:13:00,3,52,22.0,88,13.8,1011.1,0.3,0.7,4,1996.5,0
2020-10-31 21:16:00,3,52,22.0,88,13.7,1011.1,0.3,1.0,8,1996.5,0
2020-10-31 21:19:00,3,53,22.0,88,13.8,1011.2,1.4,1.7,4,1996.5,0
2020-10-31 21:22:00,3,53,22.0,88,13.7,1011.2,1.0,1.4,8,1996.5,0
2020-10-31 21:25:00,3,53,22.0,88,13.7,1011.3,1.0,1.4,8,1996.5,0
2020-10-31 21:28:00,3,53,21.9,88,13.7,1011.3,1.7,2.0,8,1996.5,0
2020-10-31 21:31:00,3,53,21.9,88,13.7,1011.3,0.3,0.7,4,1996.5,0
2020-10-31 21:34:00,3,53,21.9,88,13.7,1011.3,0.7,1.0,8,1996.5,0
2020-10-31 21:37:00,3,53,21.9,88,13.7,1011.3,0.3,0.7,12,1996.5,0
2020-10-31 21:40:00,3,53,21.9,88,13.7,1011.2,0.7,1.4,0,1996.5,0
2020-10-31 21:43:00,3,53,21.9,88,13.7,1011.1,1.7,2.4,6,1996.5,0
2020-10-31 21:46:00,3,53,21.9,88,13.7,1011.1,1.0,1.4,14,1996.5,0
2020-10-31 21:49:00,3,53,21.9,88,13.7,1011.2,1.0,1.4,5,1996.5,0
2020-10-31 21:52:00,3,53,21.9,88,13.7,1011.2,1.0,1.7,6,1996.5,0
2020-10-31 21:55:00,3,53,21.9,88,13.7,1011.1,1.7,4.1,8,1996.5,0
2020-10-31 21:58:00,3,53,21.9,88,13.7,1011.2,1.7,2.0,3,1996.5,0
2020-10-31 22:01:00,3,53,21.9,88,13.7,1011.0,1.0,2.0,14,1996.5,0
2020-10-31 22:04:00,3,53,21.9,88,13.7,1011.1,0,0.7,14,1996.5,0
2020-10-31 22:07:00,3,53,21.9,88,13.6,1011.2,1.7,2.4,10,1996.5,0
2020-10-31 22:10:00,3,53,21.9,88,13.6,1011.2,1.0,1.4,10,1996.5,0
2020-10-31 22:13:00,3,53,21.9,88,13.6,1011.0,1.0,1.4,14,1996.5,0
2020-10-31 22:16:00,3,53,21.9,88,13.6,1011.0,2.0,2.4,0,1996.5,0
2020-10-31 22:19:00,3,53,21.9,87,13.5,1010.9,0.7,1.4,8,1996.5,0
2020-10-31 22:22:00,3,53,21.9,87,13.5,1011.0,0.3,0.7,4,1996.5,0
2020-10-31 22:25:00,3,53,21.9,87,13.4,1010.9,1.0,1.4,14,1996.5,0
2020-10-31 22:28:00,3,53,21.9,87,13.4,1010.9,0.7,1.4,6,1996.5,0
2020-10-31 22:31:00,3,53,21.8,87,13.3,1010.8,1.0,1.4,12,1996.5,0
2020-10-31 22:34:00,3,53,21.8,87,13.3,1010.8,0.7,1.0,6,1996.5,0
2020-10-31 22:37:00,3,53,21.8,87,13.2,1010.8,1.7,2.0,0,1996.5,0
2020-10-31 22:40:00,3,53,21.8,87,13.2,1010.8,0.7,1.0,4,1996.5,0
2020-10-31 22:43:00,3,53,21.8,87,13.2,1010.7,0.7,1.0,12,1996.5,0
2020-10-31 22:46:00,3,53,21.8,87,13.1,1010.8,1.4,1.7,8,1996.5,0
2020-10-31 22:49:00,3,53,21.8,87,13.1,1010.6,0.3,0.7,14,1996.5,0
2020-10-31 22:52:00,3,53,21.8,87,13.0,1010.6,0,0.3,10,1996.5,0
2020-10-31 22:55:00,3,53,21.8,87,13.0,1010.7,0.7,1.0,6,1996.5,0
2020-10-31 22:58:00,3,53,21.8,87,12.9,1010.6,0.3,0.7,6,1996.5,0
