2020-10-26 00:01:00,3,50,21.8,81,10.8,998.5,0,0,0,1977.6,0
2020-10-26 00:04:00,3,50,21.7,81,10.9,998.5,0.3,1.0,4,1977.6,0
2020-10-26 00:07:00,3,50,21.7,81,10.9,998.6,0,0,4,1977.6,0
2020-10-26 00:10:00,3,50,21.7,81,10.9,998.5,0,0.3,,1977.6,2048
2020-10-26 00:13:00,3,50,21.7,80,10.8,998.3,0,0.3,0,1977.6,0
2020-10-26 00:16:00,3,50,21.7,80,10.8,998.2,0,0.3,4,1977.6,0
2020-10-26 00:19:00,3,50,21.7,80,10.8,998.2,0,0,4,1977.6,0
2020-10-26 00:22:00,3,50,21.7,80,10.8,998.1,0,0.7,8,1977.6,0
2020-10-26 00:25:00,3,50,21.7,80,10.8,998.1,0,0.3,12,1977.6,0
2020-10-26 00:28:00,3,50,21.6,80,10.8,998.3,0,0,10,1977.6,0
2020-10-26 00:31:00,3,50,21.6,80,10.8,998.4,0,0,8,1977.6,0
2020-10-26 00:34:00,3,50,21.6,80,10.7,998.3,0,0.7,10,1977.6,0
2020-10-26 00:37:00,3,50,21.6,80,10.7,998.4,0,0,6,1977.6,0
2020-10-26 00:40:00,3,50,21.6,80,10.7,998.3,0,0,0,1977.6,0
2020-10-26 00:43:00,3,50,21.6,80,10.6,998.2,0,0,4,1977.6,0
2020-10-26 00:46:00,3,50,21.6,80,10.6,998.1,0,0,14,1977.6,0
2020-10-26 00:49:00,3,50,21.6,80,10.6,997.9,0,0,14,1977.6,0
2020-10-26 00:52:00,3,50,21.5,80,10.5,998.0,0,0.3,6,1977.6,0
2020-10-26 00:55:00,3,50,21.5,80,10.5,997.9,0,0,8,1977.6,0
2020-10-26 00:58:00,3,50,21.5,80,10.5,997.9,0.7,1.0,10,1977.6,0
2020-10-26 01:01:00,3,50,21.5,80,10.5,998.0,0,0,0,1977.6,0
2020-10-26 01:04:00,3,50,21.5,80,10.5,998.1,0,0,0,1977.6,0
2020-10-26 01:07:00,3,50,21.5,80,10.3,998.1,0,0,12,1977.6,0
2020-10-26 01:10:00,3,50,21.5,80,10.2,998.0,0,0,,1977.6,2048
2020-10-26 01:13:00,3,50,21.4,80,10.2,997.9,0,0,6,1977.6,0
2020-10-26 01:16:00,3,50,21.4,80,10.2,998.0,0,0,6,1977.6,0
2020-10-26 01:19:00,3,50,21.4,80,10.1,997.9,0,0,6,1977.6,0
2020-10-26 01:22:00,3,50,21.4,80,10.0,998.0,0,0,6,1977.6,0
2020-10-26 01:25:00,3,50,21.3,80,9.9,997.8,0,0,4,1977.6,0
2020-10-26 01:28:00,3,50,21.3,80,9.8,997.8,0,0,0,1977.6,0
2020-10-26 01:31:00,3,50,21.3,80,9.7,997.8,0,0,0,1977.6,0
2020-10-26 01:34:00,3,50,21.3,80,9.7,997.6,0,0,0,1977.6,0
2020-10-26 01:37:00,3,50,21.3,81,9.6,997.7,0,0,0,1977.6,0
2020-10-26 01:40:00,3,50,21.3,81,9.5,997.7,0,0,0,1977.6,0
2020-10-26 01:43:00,3,50,21.3,81,9.4,997.7,0,0,0,1977.6,0
2020-10-26 01:46:00,3,50,21.3,81,9.3,997.9,0,0,0,1977.6,0
2020-10-26 01:49:00,3,50,21.3,81,9.3,997.9,0,0,0,1977.6,0
2020-10-26 01:52:00,3,50,21.2,81,9.3,997.8,0,0,8,1977.6,0
2020-10-26 01:55:00,3,50,21.2,82,9.3,997.8,0,0,8,1977.6,0
2020-10-26 01:58:00,3,50,21.2,82,9.3,997.7,0,0,0,1977.6,0
2020-10-26 02:01:00,3,50,21.2,82,9.2,997.8,0,0,4,1977.6,0
2020-10-26 02:04:00,3,50,21.2,82,9.3,997.7,0,0,4,1977.6,0
2020-10-26 02:07:00,3,50,21.2,82,9.3,997.9,0,0,4,1977.6,0
2020-10-26 02:10:00,3,50,21.2,82,9.3,997.8,0,0,8,1977.6,0
2020-10-26 02:13:00,3,50,21.2,82,9.3,997.8,0,0,4,1977.6,0
2020-10-26 02:16:00,3,50,21.2,83,9.4,997.7,0,0,4,1977.6,0
2020-10-26 02:19:00,3,50,21.2,83,9.5,997.7,0,0,4,1977.6,0
2020-10-26 02:22:00,3,50,21.2,83,9.5,997.8,0,0,4,1977.6,0
2020-10-26 02:25:00,3,50,21.1,83,9.6,997.7,0,0,2,1977.6,0
2020-10-26 02:28:00,3,50,21.1,83,9.5,997.7,0,0,10,1977.6,0
2020-10-26 02:31:00,3,50,21.1,83,9.5,997.8,0,0,15,1977.6,0
2020-10-26 02:34:00,3,50,21.1,83,9.5,997.7,0,0,10,1977.6,0
2020-10-26 02:37:00,3,50,21.1,83,9.6,997.8,0,0,12,1977.6,0
2020-10-26 02:40:00,3,50,21.1,84,9.6,997.8,0,0,6,1977.6,0
2020-10-26 02:43:00,3,50,21.1,84,9.6,997.8,0,0,8,1977.6,0
2020-10-26 02:46:00,3,50,21.1,84,9.6,997.9,0,0,14,1977.6,0
2020-10-26 02:49:00,3,50,21.0,84,9.7,997.8,0,0,10,1977.6,0
2020-10-26 02:52:00,3,50,21.0,84,9.7,997.9,0,0,10,1977.6,0
2020-10-26 02:55:00,3,50,21.0,84,9.7,997.7,0,0,10,1977.6,0
2020-10-26 02:58:00,3,50,21.0,84,9.7,997.7,0,0,8,1977.6,0
2020-10-26 03:01:00,3,50,21.0,84,9.7,997.9,0,0,8,1977.6,0
2020-10-26 03:04:00,3,50,21.0,84,9.7,997.9,0,0,8,1977.6,0
2020-10-26 03:07:00,3,50,21.0,84,9.7,997.8,0,0,6,1977.6,0
2020-10-26 03:10:00,3,50,21.0,84,9.7,997.7,0,0,15,1977.6,0
2020-10-26 03:13:00,3,50,21.0,84,9.7,997.8,0,0,10,1977.6,0
2020-10-26 03:16:00,3,51,20.9,84,9.8,997.8,0,0,4,1977.6,0
2020-10-26 03:19:00,3,51,20.9,84,9.7,997.8,0,0,4,1977.6,0
2020-10-26 03:22:00,3,51,20.9,84,9.7,997.7,0,0,4,1977.6,0
2020-10-26 03:25:00,3,51,20.9,84,9.7,997.7,0,0,4,1977.6,0
2020-10-26 03:28:00,3,51,20.9,84,9.7,997.7,0,0,4,1977.6,0
2020-10-26 03:31:00,3,51,20.9,84,9.7,997.7,0,0,4,1977.6,0
2020-10-26 03:34:00,3,51,20.9,84,9.7,997.8,0,0,4,1977.6,0
2020-10-26 03:37:00,3,51,20.9,84,9.7,997.8,0,0,4,1977.6,0
2020-10-26 03:40:00,3,51,20.9,84,9.6,997.8,0,0,4,1977.6,0
2020-10-26 03:43:00,3,51,20.9,84,9.6,997.9,0,0,4,1977.6,0
2020-10-26 03:46:00,3,51,20.9,84,9.7,997.8,0,0,4,1977.6,0
2020-10-26 03:49:00,3,51,20.8,85,9.7,997.8,0,0.3,7,1977.6,0
2020-10-26 03:52:00,3,51,20.8,85,9.8,997.8,0,0,0,1977.6,0
2020-10-26 03:55:00,3,51,20.7,85,9.8,997.9,0,0.3,10,1977.6,0
2020-10-26 03:58:00,3,51,20.8,85,9.9,997.9,0.3,0.7,11,1977.6,0
2020-10-26 04:01:00,3,51,20.7,85,10.0,997.8,0,0,4,1977.6,0
2020-10-26 04:04:00,3,51,20.7,85,10.1,997.7,0,0,10,1977.6,0
2020-10-26 04:07:00,3,51,20.7,85,10.1,997.7,0,0.3,12,1977.6,0
2020-10-26 04:10:00,3,51,20.7,85,10.2,997.6,0,0,12,1977.6,0
2020-10-26 04:13:00,3,51,20.7,85,10.2,997.6,0,0,4,1977.6,0
2020-10-26 04:16:00,3,51,20.7,85,10.2,997.7,0,0.3,8,1977.6,0
2020-10-26 04:19:00,3,51,20.7,85,10.3,997.7,0,0,8,1977.6,0
2020-10-26 04:22:00,3,51,20.7,85,10.3,997.7,0,0,4,1977.6,0
2020-10-26 04:25:00,3,51,20.7,85,10.3,997.7,0,0,0,1977.6,0
2020-10-26 04:28:00,3,51,20.7,85,10.4,997.7,0,0,0,1977.6,0
2020-10-26 04:31:00,3,51,20.7,85,10.4,997.7,0,0,0,1977.6,0
2020-10-26 04:34:00,3,51,20.6,85,10.4,997.6,0,0,6,1977.6,0
2020-10-26 04:37:00,3,51,20.6,85,10.4,997.6,0,0,6,1977.6,0
2020-10-26 04:40:00,3,51,20.6,85,10.5,997.5,0,0,0,1977.6,0
2020-10-26 04:43:00,3,51,20.6,84,10.5,997.3,0,0,0,1977.6,0
2020-10-26 04:46:00,3,51,20.6,84,10.5,997.4,0,0,0,1977.6,0
2020-10-26 04:49:00,3,51,20.6,84,10.5,997.5,0,0,0,1977.6,0
2020-10-26 04:52:00,3,51,20.6,84,10.5,997.4,0,0,0,1977.6,0
2020-10-26 04:55:00,3,51,20.6,84,10.5,997.5,0,0,12,1977.6,0
2020-10-26 04:58:00,3,51,20.6,84,10.5,997.5,0,0,12,1977.6,0
2020-10-26 05:01:00,3,51,20.6,84,10.5,997.6,0,0,10,1977.6,0
2020-10-26 05:04:00,3,51,20.6,84,10.5,997.5,0,0,10,1977.6,0
2020-10-26 05:07:00,3,51,20.6,83,10.4,997.6,0,0,10,1977.6,0
2020-10-26 05:10:00,3,51,20.6,83,10.4,997.5,0,0,10,1977.6,0
2020-10-26 05:13:00,3,51,20.6,83,10.4,997.6,0,0,4,1977.6,0
2020-10-26 05:16:00,3,51,20.6,83,10.4,997.5,0,0,,1977.6,2048
2020-10-26 05:19:00,3,51,20.6,83,10.4,997.5,0,0,,1977.6,2048
2020-10-26 05:22:00,3,51,20.6,83,10.4,997.3,0,0,,1977.6,2048
2020-10-26 05:25:00,3,51,20.6,83,10.3,997.4,0,0,12,1977.6,0
2020-10-26 05:28:00,3,51,20.7,83,10.3,997.6,0,0,12,1977.6,0
2020-10-26 05:31:00,3,51,20.7,83,10.2,997.6,0,0,12,1977.6,0
2020-10-26 05:34:00,3,51,20.7,83,10.2,997.6,0,0,12,1977.6,0
2020-10-26 05:37:00,3,51,20.7,84,10.2,997.7,0,0,8,1977.6,0
2020-10-26 05:40:00,3,51,20.7,84,10.2,997.7,0,0,8,1977.6,0
2020-10-26 05:43:00,3,51,20.8,84,10.1,997.9,0,0,8,1977.6,0
2020-10-26 05:46:00,3,51,20.8,84,10.1,997.8,0,0,8,1977.6,0
2020-10-26 05:49:00,3,51,20.9,84,10.1,997.8,0,0,8,1977.6,0
2020-10-26 05:52:00,3,51,20.9,84,10.0,997.8,0,0,0,1977.6,0
2020-10-26 05:55:00,3,51,20.9,84,10.0,997.7,0,0,12,1977.6,0
2020-10-26 05:58:00,3,51,20.9,84,10.0,997.7,0,0,0,1977.6,0
2020-10-26 06:01:00,3,51,20.9,84,10.0,997.7,0,0,0,1977.6,0
2020-10-26 06:04:00,3,50,21.0,84,10.0,997.7,0,0,0,1977.6,0
2020-10-26 06:07:00,3,50,21.0,85,10.1,997.6,0,0,0,1977.6,0
2020-10-26 06:10:00,3,50,21.0,85,10.1,997.7,0,0,8,1977.6,0
2020-10-26 06:13:00,3,50,21.0,85,10.1,997.9,1.0,1.7,6,1977.6,0
2020-10-26 06:16:00,3,50,21.1,85,10.2,997.9,0,0,0,1977.6,0
2020-10-26 06:19:00,3,50,21.1,86,10.2,998.1,0,0,10,1977.6,0
2020-10-26 06:22:00,3,50,21.1,86,10.3,998.3,0,0,10,1977.6,0
2020-10-26 06:25:00,3,50,21.1,86,10.3,998.4,0,0.3,4,1977.6,0
2020-10-26 06:28:00,3,50,21.1,86,10.3,998.4,0,0,12,1977.6,0
2020-10-26 06:31:00,3,50,21.1,86,10.4,998.4,0,0.3,6,1977.6,0
2020-10-26 06:34:00,3,50,21.2,86,10.4,998.3,0,0.7,13,1977.6,0
2020-10-26 06:37:00,3,50,21.3,86,10.4,998.5,0,0,8,1977.6,0
2020-10-26 06:40:00,3,50,21.5,86,10.4,998.6,0,0,4,1977.6,0
2020-10-26 06:43:00,3,50,21.6,86,10.5,998.7,0,0,12,1977.6,0
2020-10-26 06:46:00,3,49,21.7,86,10.5,998.6,0,0,12,1977.6,0
2020-10-26 06:49:00,3,49,21.9,86,10.5,998.6,0,0,0,1977.6,0
2020-10-26 06:52:00,3,48,22.0,86,10.5,998.7,0,0,14,1977.6,0
2020-10-26 06:55:00,3,48,22.1,86,10.5,998.8,0,0.3,12,1977.6,0
2020-10-26 06:58:00,3,48,22.2,86,10.5,998.7,0,0,0,1977.9,0
2020-10-26 07:01:00,3,48,22.3,86,10.5,998.7,0,0,0,1977.9,0
2020-10-26 07:04:00,3,48,22.6,86,10.5,998.6,0,0,0,1977.9,0
2020-10-26 07:07:00,3,48,22.7,86,10.5,998.7,0,0,10,1977.9,0
2020-10-26 07:10:00,3,47,22.7,86,10.5,998.6,0,0,14,1977.9,0
2020-10-26 07:13:00,3,47,22.9,86,10.5,998.5,0,0,6,1977.9,0
2020-10-26 07:16:00,3,45,23.0,86,10.5,998.5,0,0,6,1977.9,0
2020-10-26 07:19:00,3,45,23.1,86,10.6,998.5,0,0,0,1977.9,0
2020-10-26 07:22:00,3,44,23.1,86,10.5,998.5,0,0,12,1977.9,0
2020-10-26 07:25:00,3,44,23.3,86,10.5,998.4,0,0,0,1977.9,0
2020-10-26 07:28:00,3,44,23.4,86,10.5,998.3,0,0,0,1977.9,0
2020-10-26 07:31:00,3,44,23.4,86,10.5,998.3,0,0,12,1977.9,0
2020-10-26 07:34:00,3,44,23.4,86,10.5,998.2,0,0,12,1977.9,0
2020-10-26 07:37:00,3,44,23.6,86,10.5,998.2,0.3,0.7,12,1977.9,0
2020-10-26 07:40:00,3,44,23.6,86,10.5,998.1,0,0,12,1977.9,0
2020-10-26 07:43:00,3,44,23.6,86,10.5,998.0,0,0.3,4,1977.9,0
2020-10-26 07:46:00,3,44,23.7,87,10.6,997.9,0,0,12,1977.9,0
2020-10-26 07:49:00,3,44,23.7,87,10.6,997.9,0,0,0,1977.9,0
2020-10-26 07:52:00,3,44,23.8,87,10.6,997.8,0,0,10,1977.9,0
2020-10-26 07:55:00,3,43,23.8,87,10.7,997.9,0,0.7,4,1977.9,0
2020-10-26 07:58:00,3,43,23.8,87,10.7,998.1,0,0,4,1977.9,0
2020-10-26 08:01:00,3,43,23.8,87,10.8,998.0,0,0,4,1977.9,0
2020-10-26 08:04:00,3,42,24.0,88,10.9,998.0,0,0,4,1977.9,0
2020-10-26 08:07:00,3,42,24.0,88,11.0,997.9,0,0,12,1977.9,0
2020-10-26 08:10:00,3,42,24.0,88,11.0,997.8,0,0,0,1977.9,0
2020-10-26 08:13:00,3,42,24.0,88,11.1,997.9,0,0,6,1977.9,0
2020-10-26 08:16:00,3,42,24.1,88,11.1,997.7,0,0,4,1977.9,0
2020-10-26 08:19:00,3,42,24.1,88,11.1,997.7,0,0,14,1977.9,0
2020-10-26 08:22:00,3,42,24.1,88,11.2,997.6,0,0,12,1977.9,0
2020-10-26 08:25:00,3,42,24.1,88,11.2,997.8,0.3,0.7,10,1977.9,0
2020-10-26 08:28:00,3,41,24.1,88,11.2,998.0,0.3,0.7,8,1977.9,0
2020-10-26 08:31:00,3,41,24.2,88,11.2,998.1,0.7,1.4,10,1977.9,0
2020-10-26 08:34:00,3,41,24.2,88,11.2,998.1,0.7,1.0,8,1977.9,0
2020-10-26 08:37:00,3,41,24.2,88,11.2,998.1,0.7,1.0,14,1977.9,0
2020-10-26 08:40:00,3,41,24.3,88,11.2,998.3,0,0,8,1977.9,0
2020-10-26 08:43:00,3,41,24.3,88,11.2,998.4,0,0,4,1977.9,0
2020-10-26 08:46:00,3,42,24.4,88,11.2,998.4,0.7,1.0,8,1977.9,0
2020-10-26 08:49:00,3,42,24.4,88,11.1,998.3,0.3,0.7,6,1977.9,0
2020-10-26 08:52:00,3,41,24.4,88,11.1,998.3,0,0.3,0,1977.9,0
2020-10-26 08:55:00,3,41,24.4,88,11.1,998.3,0.3,1.0,4,1977.9,0
2020-10-26 08:58:00,3,41,24.4,88,11.1,998.3,0.3,0.7,8,1977.9,0
2020-10-26 09:01:00,3,41,24.4,88,11.1,998.4,0.3,1.0,8,1977.9,0
2020-10-26 09:04:00,3,41,24.3,88,11.1,998.6,0.3,1.0,8,1977.9,0
2020-10-26 09:07:00,3,41,24.1,88,11.1,998.3,0.3,0.7,6,1977.9,0
2020-10-26 09:10:00,3,41,24.1,87,11.0,998.3,1.0,1.4,4,1977.9,0
2020-10-26 09:13:00,3,42,24.0,87,11.0,998.0,0.7,1.0,12,1977.9,0
2020-10-26 09:16:00,3,43,23.8,87,11.0,997.9,0.7,1.0,8,1977.9,0
2020-10-26 09:19:00,3,43,23.7,87,11.0,998.0,0.7,1.4,8,1977.9,0
2020-10-26 09:22:00,3,43,23.7,87,11.0,998.1,0.3,0.7,4,1977.9,0
2020-10-26 09:25:00,3,43,23.6,87,11.0,998.0,1.0,1.4,12,1977.9,0
2020-10-26 09:28:00,3,43,23.6,87,11.0,998.1,0.7,1.0,6,1977.9,0
2020-10-26 09:31:00,3,43,23.5,87,11.0,998.1,0.3,1.0,4,1977.9,0
2020-10-26 09:34:00,3,43,23.4,87,11.0,998.0,0.3,0.7,12,1977.9,0
2020-10-26 09:37:00,3,44,23.4,87,11.1,998.1,0.3,0.7,12,1977.9,0
2020-10-26 09:40:00,3,44,23.3,87,11.1,998.1,0.3,0.3,12,1977.9,0
2020-10-26 09:43:00,3,44,23.3,87,11.2,998.1,0,0.3,10,1977.9,0
2020-10-26 09:46:00,3,44,23.3,87,11.2,998.2,0,0,10,1977.9,0
2020-10-26 09:49:00,3,44,23.1,87,11.3,998.1,0,0.3,12,1977.9,0
2020-10-26 09:52:00,3,44,23.1,87,11.3,998.2,0,0.3,10,1977.9,0
2020-10-26 09:55:00,3,44,23.1,87,11.4,998.1,0,0,12,1977.9,0
2020-10-26 09:58:00,3,44,23.1,87,11.4,998.1,0.7,1.0,12,1977.9,0
2020-10-26 10:01:00,3,44,23.0,87,11.4,998.0,0.3,1.0,12,1977.9,0
2020-10-26 10:04:00,3,44,23.0,87,11.4,998.3,0.3,0.7,10,1977.9,0
2020-10-26 10:07:00,3,44,23.0,87,11.5,998.4,0.3,0.7,14,1977.9,0
2020-10-26 10:10:00,3,46,22.9,87,11.5,998.3,1.0,1.7,10,1977.9,0
2020-10-26 10:13:00,3,46,22.9,86,11.5,998.4,0.3,0.7,12,1977.9,0
2020-10-26 10:16:00,3,46,22.8,86,11.6,998.3,0.7,1.0,12,1977.9,0
2020-10-26 10:19:00,3,46,22.7,86,11.6,998.4,0,0.3,12,1977.9,0
2020-10-26 10:22:00,3,46,22.7,86,11.7,998.4,0.3,0.7,12,1977.9,0
2020-10-26 10:25:00,3,46,22.7,86,11.7,998.2,0.3,0.7,12,1977.9,0
2020-10-26 10:28:00,3,47,22.7,85,11.8,998.3,0.3,0.7,8,1977.9,0
2020-10-26 10:31:00,3,47,22.6,85,11.8,998.2,0.3,0.7,8,1977.9,0
2020-10-26 10:34:00,3,47,22.6,85,11.9,998.2,0.7,1.0,8,1977.9,0
2020-10-26 10:37:00,3,47,22.6,85,11.9,998.1,1.0,1.7,9,1977.9,0
2020-10-26 10:40:00,3,47,22.6,84,11.9,997.9,0,0.3,8,1977.9,0
2020-10-26 10:43:00,3,47,22.5,84,11.9,997.9,0.3,0.3,0,1977.9,0
2020-10-26 10:46:00,3,47,22.5,84,11.9,997.8,0,0.3,8,1977.9,0
2020-10-26 10:49:00,3,47,22.5,84,11.9,997.9,0.3,1.0,9,1977.9,0
2020-10-26 10:52:00,3,47,22.5,84,12.0,997.9,0.3,0.3,10,1977.9,0
2020-10-26 10:55:00,3,47,22.3,83,12.1,997.8,0.3,1.0,10,1977.9,0
2020-10-26 10:58:00,3,48,22.3,84,12.2,997.8,0.7,1.0,5,1977.9,0
2020-10-26 11:01:00,3,48,22.3,84,12.3,997.7,0.3,0.7,6,1977.9,0
2020-10-26 11:04:00,3,48,22.3,84,12.3,997.6,0.3,0.7,6,1977.9,0
2020-10-26 11:07:00,3,48,22.3,81,13.4,997.6,0.7,1.0,4,1977.9,0
2020-10-26 11:10:00,3,48,22.3,79,13.7,997.6,1.7,2.0,8,1977.9,0
2020-10-26 11:13:00,3,48,22.3,75,13.9,997.5,1.0,1.4,8,1977.9,0
2020-10-26 11:16:00,3,48,22.2,74,14.1,997.5,0.3,1.0,10,1977.9,0
2020-10-26 11:19:00,3,48,22.2,72,14.2,997.5,0.7,1.0,14,1977.9,0
2020-10-26 11:22:00,3,48,22.2,71,14.1,997.4,0.7,1.0,6,1977.9,0
2020-10-26 11:25:00,3,48,22.2,71,13.7,997.4,1.0,1.7,8,1977.9,0
2020-10-26 11:28:00,3,48,22.2,71,13.4,997.2,1.4,1.7,10,1977.9,0
2020-10-26 11:31:00,3,48,22.2,71,13.3,997.1,0.3,1.0,8,1977.9,0
2020-10-26 11:34:00,3,48,22.2,72,13.3,997.0,1.0,1.4,10,1977.9,0
2020-10-26 11:37:00,3,48,22.2,72,13.3,997.0,0.3,0.7,8,1977.9,0
2020-10-26 11:40:00,3,48,22.2,73,13.5,997.0,0.3,0.7,10,1977.9,0
2020-10-26 11:43:00,3,48,22.2,73,13.6,997.0,0.3,0.7,10,1977.9,0
2020-10-26 11:46:00,3,48,22.2,73,13.6,997.1,0.3,1.0,8,1977.9,0
2020-10-26 11:49:00,3,48,22.2,72,13.6,997.0,0.3,0.7,12,1977.9,0
2020-10-26 11:52:00,3,48,22.2,72,13.5,996.9,0.3,0.7,12,1977.9,0
2020-10-26 11:55:00,3,48,22.1,72,13.4,996.8,0,0.3,12,1977.9,0
2020-10-26 11:58:00,3,48,22.1,72,13.4,996.8,0.3,0.7,12,1977.9,0
2020-10-26 12:01:00,3,48,22.1,73,13.4,996.6,0,0,14,1977.9,0
2020-10-26 12:04:00,3,48,22.1,73,13.6,996.6,0.7,1.0,10,1977.9,0
2020-10-26 12:07:00,3,48,22.1,72,13.7,996.6,0,0,8,1977.9,0
2020-10-26 12:10:00,3,49,22.1,72,13.6,996.7,0.7,1.0,8,1977.9,0
2020-10-26 12:13:00,3,49,22.1,71,13.6,996.6,0.3,0.7,6,1977.9,0
2020-10-26 12:16:00,3,49,22.1,72,13.6,996.6,0,0,8,1977.9,0
2020-10-26 12:19:00,3,49,22.1,71,13.5,996.6,0.3,0.7,8,1977.9,0
2020-10-26 12:22:00,3,49,22.1,72,13.4,996.5,0.3,0.7,10,1977.9,0
2020-10-26 12:25:00,3,49,22.1,72,13.4,996.6,0.3,0.3,8,1977.9,0
2020-10-26 12:28:00,3,49,22.1,72,13.4,996.6,0,0,12,1977.9,0
2020-10-26 12:31:00,3,49,22.1,72,13.5,996.8,0,0,12,1977.9,0
2020-10-26 12:34:00,3,49,22.1,73,13.5,996.9,0,0,10,1977.9,0
2020-10-26 12:37:00,3,49,22.1,73,13.4,996.9,0,0.3,12,1977.9,0
2020-10-26 12:40:00,3,49,22.1,73,13.4,997.0,0,0,12,1977.9,0
2020-10-26 12:43:00,3,49,22.1,73,13.3,997.3,0,0,10,1977.9,0
2020-10-26 12:46:00,3,49,22.1,73,13.2,997.4,0,0,10,1977.9,0
2020-10-26 12:49:00,3,49,22.1,73,13.1,997.1,0,0,14,1977.9,0
2020-10-26 12:52:00,3,49,22.1,73,13.0,997.0,0,0,14,1977.9,0
2020-10-26 12:55:00,3,49,22.1,74,13.0,997.0,0,0,6,1977.9,0
2020-10-26 12:58:00,3,49,22.1,74,12.9,997.0,0,0,8,1977.9,0
2020-10-26 13:01:00,3,49,22.1,74,12.9,996.8,0,0,12,1977.9,0
2020-10-26 13:04:00,3,49,22.1,74,12.9,996.6,0,0,12,1977.9,0
2020-10-26 13:07:00,3,49,22.1,75,12.9,996.5,0,0,12,1977.9,0
2020-10-26 13:10:00,3,49,22.1,75,12.9,996.5,0,0,12,1977.9,0
2020-10-26 13:13:00,3,49,22.1,75,12.9,996.6,0,0,12,1977.9,0
2020-10-26 13:16:00,3,49,22.1,76,12.9,996.9,0,0,10,1977.9,0
2020-10-26 13:19:00,3,49,22.1,76,12.9,997.0,0,0,10,1977.9,0
2020-10-26 13:22:00,3,49,22.1,76,12.8,997.1,0,0,8,1977.9,0
2020-10-26 13:25:00,3,49,22.1,76,12.8,997.2,0,0,14,1977.9,0
2020-10-26 13:28:00,3,49,22.1,77,12.7,997.2,0,0,8,1977.9,0
2020-10-26 13:31:00,3,49,22.1,77,12.7,997.3,0,0,8,1977.9,0
2020-10-26 13:34:00,3,49,22.1,77,12.7,997.3,0,0,8,1977.9,0
2020-10-26 13:37:00,3,49,22.1,77,12.6,997.3,0,0,8,1977.9,0
2020-10-26 13:40:00,3,49,22.1,78,12.6,997.4,0,0,10,1977.9,0
2020-10-26 13:43:00,3,49,22.1,78,12.5,997.6,0,0,14,1977.9,0
2020-10-26 13:46:00,3,49,22.1,78,12.5,997.5,0,0,14,1977.9,0
2020-10-26 13:49:00,3,49,22.1,78,12.5,997.6,0,0,8,1977.9,0
2020-10-26 13:52:00,3,50,22.1,78,12.5,997.7,0,0,14,1977.9,0
2020-10-26 13:55:00,3,50,22.1,79,12.5,997.8,0,0,12,1977.9,0
2020-10-26 13:58:00,3,50,22.1,81,12.4,998.1,0,0.3,10,1977.9,0
2020-10-26 14:01:00,3,50,22.1,81,12.4,997.7,0.3,0.7,8,1977.9,0
2020-10-26 14:04:00,3,50,22.1,82,12.4,997.7,0,0,0,1977.9,0
2020-10-26 14:07:00,3,50,22.1,82,12.4,997.6,0,0.3,14,1977.9,0
2020-10-26 14:10:00,3,50,22.1,82,12.4,997.4,0,0,0,1977.9,0
2020-10-26 14:13:00,3,50,22.1,82,12.4,997.3,0,0,0,1977.9,0
2020-10-26 14:16:00,3,50,22.1,82,12.4,997.4,0,0,12,1977.9,0
2020-10-26 14:19:00,3,50,22.1,82,12.4,997.4,0,0,10,1977.9,0
2020-10-26 14:22:00,3,50,22.1,82,12.4,997.4,0,0,8,1977.9,0
2020-10-26 14:25:00,3,50,22.1,82,12.4,997.5,0,0,12,1977.9,0
2020-10-26 14:28:00,3,50,22.1,82,12.4,997.5,0,0,12,1977.9,0
2020-10-26 14:31:00,3,50,22.1,82,12.3,997.5,0,0,12,1977.9,0
2020-10-26 14:34:00,3,50,22.1,82,12.3,997.4,0,0,12,1977.9,0
2020-10-26 14:37:00,3,50,22.1,82,12.3,997.4,0,0,12,1977.9,0
2020-10-26 14:40:00,3,50,22.1,82,12.3,997.5,0,0,12,1977.9,0
2020-10-26 14:43:00,3,50,22.1,82,12.3,997.5,0,0,12,1977.9,0
2020-10-26 14:46:00,3,50,22.1,83,12.2,997.6,0,0,12,1977.9,0
2020-10-26 14:49:00,3,50,22.1,83,12.2,997.6,0,0,12,1977.9,0
2020-10-26 14:52:00,3,50,22.1,83,12.2,997.4,0,0,12,1977.9,0
2020-10-26 14:55:00,3,50,22.1,83,12.2,997.6,0,0,12,1977.9,0
2020-10-26 14:58:00,3,50,22.1,83,12.1,997.5,0,0,12,1977.9,0
2020-10-26 15:01:00,3,50,22.1,83,12.1,997.5,0,0,12,1977.9,0
2020-10-26 15:04:00,3,50,22.1,83,12.1,997.6,0,0,12,1977.9,0
2020-10-26 15:07:00,3,50,22.1,83,12.1,997.6,0,0,12,1977.9,0
2020-10-26 15:10:00,3,50,22.1,83,12.1,997.6,0,0,12,1977.9,0
2020-10-26 15:13:00,3,50,22.1,83,12.0,997.6,0,0,12,1977.9,0
2020-10-26 15:16:00,3,50,22.1,83,12.0,997.6,0,0,12,1977.9,0
2020-10-26 15:19:00,3,50,22.1,83,12.0,997.5,0,0,12,1977.9,0
2020-10-26 15:22:00,3,50,22.1,83,12.0,997.7,0,0,12,1977.9,0
2020-10-26 15:25:00,3,50,22.2,83,12.0,997.7,0,0,12,1977.9,0
2020-10-26 15:28:00,3,50,22.2,84,12.0,997.7,0,0,14,1977.9,0
2020-10-26 15:31:00,3,50,22.1,84,11.9,997.7,0,0,12,1977.9,0
2020-10-26 15:34:00,3,50,22.1,84,11.9,997.6,0,0,14,1977.9,0
2020-10-26 15:37:00,3,50,22.2,84,11.9,997.6,0,0,14,1977.9,0
2020-10-26 15:40:00,3,50,22.1,84,11.8,997.6,0,0,14,1977.9,0
2020-10-26 15:43:00,3,50,22.2,84,11.8,997.6,0,0,14,1977.9,0
2020-10-26 15:46:00,3,50,22.2,84,11.8,997.6,0,0,0,1977.9,0
2020-10-26 15:49:00,3,50,22.2,84,11.8,997.6,0,0,12,1977.9,0
2020-10-26 15:52:00,3,50,22.2,84,11.7,997.6,0,0,12,1977.9,0
2020-10-26 15:55:00,3,50,22.2,84,11.7,997.7,0,0,12,1977.9,0
2020-10-26 15:58:00,3,50,22.2,84,11.7,997.6,0,0,12,1977.9,0
2020-10-26 16:01:00,3,50,22.2,84,11.7,997.6,0,0,12,1977.9,0
2020-10-26 16:04:00,3,50,22.2,84,11.7,997.6,0,0,12,1977.9,0
2020-10-26 16:07:00,3,50,22.2,84,11.7,997.8,0,0,12,1977.9,0
2020-10-26 16:10:00,3,50,22.2,85,11.7,997.7,0,0,12,1977.9,0
2020-10-26 16:13:00,3,50,22.2,85,11.7,997.8,0,0,12,1977.9,0
2020-10-26 16:16:00,3,50,22.2,85,11.7,997.9,0,0,12,1977.9,0
2020-10-26 16:19:00,3,50,22.2,85,11.7,998.0,0,0,12,1977.9,0
2020-10-26 16:22:00,3,50,22.2,85,11.7,997.9,0,0,12,1977.9,0
2020-10-26 16:25:00,3,50,22.2,85,11.6,998.0,0,0,12,1977.9,0
2020-10-26 16:28:00,3,50,22.2,86,11.6,998.0,0,0,12,1977.9,0
2020-10-26 16:31:00,3,50,22.2,86,11.6,998.0,0,0,12,1977.9,0
2020-10-26 16:34:00,3,50,22.2,86,11.6,998.0,0,0,12,1977.9,0
2020-10-26 16:37:00,3,50,22.2,86,11.6,998.1,0,0,12,1977.9,0
2020-10-26 16:40:00,3,50,22.2,86,11.5,998.0,0,0,12,1977.9,0
2020-10-26 16:43:00,3,50,22.2,86,11.5,998.0,0,0,12,1977.9,0
2020-10-26 16:46:00,3,50,22.2,86,11.5,998.0,0,0,12,1977.9,0
2020-10-26 16:49:00,3,51,22.2,86,11.4,998.1,0,0,12,1977.9,0
2020-10-26 16:52:00,3,51,22.2,86,11.4,998.0,0,0,12,1977.9,0
2020-10-26 16:55:00,3,51,22.2,86,11.4,998.1,0,0,12,1977.9,0
2020-10-26 16:58:00,3,51,22.2,86,11.3,998.1,0,0,12,1977.9,0
2020-10-26 17:01:00,3,51,22.2,86,11.3,998.1,0,0,12,1977.9,0
2020-10-26 17:04:00,3,51,22.2,86,11.3,998.1,0,0,12,1977.9,0
2020-10-26 17:07:00,3,51,22.2,86,11.3,998.2,0,0,12,1977.9,0
2020-10-26 17:10:00,3,51,22.2,87,11.3,998.3,0,0,12,1977.9,0
2020-10-26 17:13:00,3,51,22.2,87,11.3,998.3,0,0,12,1977.9,0
2020-10-26 17:16:00,3,51,22.2,87,11.3,998.2,0,0,12,1977.9,0
2020-10-26 17:19:00,3,51,22.2,87,11.3,998.3,0,0,12,1978.2,0
2020-10-26 17:22:00,3,51,22.2,87,11.3,998.2,0,0,12,1978.2,0
2020-10-26 17:25:00,3,51,22.2,87,11.3,998.1,0,0,12,1978.2,0
2020-10-26 17:28:00,3,51,22.2,87,11.3,998.1,0,0,12,1978.2,0
2020-10-26 17:31:00,3,51,22.2,87,11.2,998.2,0,0,12,1978.2,0
2020-10-26 17:34:00,3,51,22.2,87,11.2,998.3,0,0,12,1978.2,0
2020-10-26 17:37:00,3,51,22.2,87,11.2,998.3,0,0,12,1978.2,0
2020-10-26 17:40:00,3,51,22.2,88,11.2,998.4,0,0,12,1978.2,0
2020-10-26 17:43:00,3,51,22.2,88,11.2,998.4,0,0,12,1978.2,0
2020-10-26 17:46:00,3,51,22.2,88,11.2,998.4,0,0,12,1978.2,0
2020-10-26 17:49:00,3,51,22.2,88,11.1,998.4,0,0,12,1978.2,0
2020-10-26 17:52:00,3,51,22.2,88,11.1,998.4,0,0,12,1978.2,0
2020-10-26 17:55:00,3,51,22.2,88,11.1,998.3,0,0,12,1978.2,0
2020-10-26 17:58:00,3,51,22.2,88,11.1,998.3,0,0,12,1978.2,0
2020-10-26 18:01:00,3,51,22.2,88,11.1,998.3,0,0,12,1978.2,0
2020-10-26 18:04:00,3,51,22.2,88,11.0,998.2,0,0,12,1978.2,0
2020-10-26 18:07:00,3,51,22.2,88,11.0,998.1,0,0,14,1978.2,0
2020-10-26 18:10:00,3,51,22.2,88,11.0,998.1,0,0,4,1978.2,0
2020-10-26 18:13:00,3,51,22.2,88,11.0,998.2,0,0,8,1978.2,0
2020-10-26 18:16:00,3,51,22.2,88,11.0,998.2,0,0,12,1978.2,0
2020-10-26 18:19:00,3,51,22.2,89,11.0,998.3,0,0,12,1978.2,0
2020-10-26 18:22:00,3,51,22.2,89,11.0,998.4,0,0,12,1978.2,0
2020-10-26 18:25:00,3,51,22.2,89,11.0,998.4,0,0,12,1978.2,0
2020-10-26 18:28:00,3,51,22.2,89,11.0,998.4,0,0,12,1978.2,0
2020-10-26 18:31:00,3,51,22.2,89,11.0,998.5,0,0,12,1978.2,0
2020-10-26 18:34:00,3,51,22.2,89,11.0,998.5,0,0,14,1978.2,0
2020-10-26 18:37:00,3,51,22.2,89,11.0,998.5,0,0,14,1978.2,0
2020-10-26 18:40:00,3,51,22.2,89,11.0,998.6,0,0,14,1978.2,0
2020-10-26 18:43:00,3,51,22.2,90,11.0,998.4,0,0,14,1978.2,0
2020-10-26 18:46:00,3,51,22.2,90,11.0,998.6,0,0,14,1978.2,0
2020-10-26 18:49:00,3,51,22.2,90,11.0,998.7,0,0,14,1978.2,0
2020-10-26 18:52:00,3,51,22.2,90,11.1,998.9,0.3,0.7,12,1978.2,0
2020-10-26 18:55:00,3,51,22.2,90,11.1,998.8,0.3,0.7,12,1978.5,0
2020-10-26 18:58:00,3,51,22.2,90,11.1,998.8,0.3,0.7,14,1978.8,0
2020-10-26 19:01:00,3,51,22.2,90,11.1,998.6,0,0.3,12,1979.1,0
2020-10-26 19:04:00,3,51,22.2,90,11.1,998.6,0,0.3,12,1979.1,0
2020-10-26 19:07:00,3,51,22.2,90,11.1,998.6,0,0,14,1979.4,0
2020-10-26 19:10:00,3,51,22.2,90,11.0,998.7,0,0,14,1979.4,0
2020-10-26 19:13:00,3,51,22.2,90,11.0,998.9,0,0,10,1979.4,0
2020-10-26 19:16:00,3,51,22.2,90,11.0,998.9,0,0.3,10,1979.4,0
2020-10-26 19:19:00,3,51,22.2,90,11.0,998.9,0,0,10,1979.4,0
2020-10-26 19:22:00,3,51,22.2,90,11.0,999.0,0,0,10,1979.4,0
2020-10-26 19:25:00,3,51,22.2,90,11.0,999.0,0,0,0,1979.4,0
2020-10-26 19:28:00,3,51,22.2,90,11.0,998.8,0,0.3,14,1979.4,0
2020-10-26 19:31:00,3,51,22.2,90,11.0,998.9,0,0,10,1979.4,0
2020-10-26 19:34:00,3,51,22.2,90,11.0,998.9,0,0,12,1979.4,0
2020-10-26 19:37:00,3,51,22.2,91,11.0,999.1,0,0,12,1979.4,0
2020-10-26 19:40:00,3,51,22.2,91,11.0,999.1,0,0,10,1979.4,0
2020-10-26 19:43:00,3,51,22.2,91,11.0,999.1,0,0.3,6,1979.4,0
2020-10-26 19:46:00,3,51,22.2,91,11.0,999.1,0,0,14,1979.4,0
2020-10-26 19:49:00,3,51,22.2,91,11.0,999.2,0,0,0,1979.4,0
2020-10-26 19:52:00,3,51,22.2,91,11.0,999.3,0,0,0,1979.4,0
2020-10-26 19:55:00,3,51,22.2,91,10.9,999.1,0,0.3,12,1979.4,0
2020-10-26 19:58:00,3,51,22.2,91,10.9,999.2,0,0,4,1979.4,0
2020-10-26 20:01:00,3,51,22.2,91,10.9,999.2,0,0,14,1979.4,0
2020-10-26 20:04:00,3,51,22.2,91,10.9,999.0,0,0.3,12,1979.4,0
2020-10-26 20:07:00,3,51,22.2,91,10.8,999.0,0,0,0,1979.4,0
2020-10-26 20:10:00,3,51,22.2,91,10.8,999.0,0,0.3,12,1979.4,0
2020-10-26 20:13:00,3,51,22.2,91,10.8,998.9,0,0,12,1979.4,0
2020-10-26 20:16:00,3,51,22.2,91,10.8,998.9,0,0,12,1979.4,0
2020-10-26 20:19:00,3,51,22.2,91,10.7,998.9,0,0,10,1979.4,0
2020-10-26 20:22:00,3,51,22.2,91,10.7,999.0,0,0,0,1979.4,0
2020-10-26 20:25:00,3,51,22.2,91,10.7,999.0,0,0,12,1979.4,0
2020-10-26 20:28:00,3,51,22.2,91,10.7,999.0,0,0,12,1979.4,0
2020-10-26 20:31:00,3,51,22.2,91,10.7,999.1,0,0,10,1979.4,0
2020-10-26 20:34:00,3,51,22.2,91,10.7,999.1,0,0,10,1979.4,0
2020-10-26 20:37:00,3,51,22.2,91,10.6,999.0,0,0,14,1979.4,0
2020-10-26 20:40:00,3,51,22.2,91,10.6,999.1,0,0,12,1979.4,0
2020-10-26 20:43:00,3,51,22.2,91,10.6,999.0,0,0,14,1979.4,0
2020-10-26 20:46:00,3,51,22.2,91,10.6,999.1,0,0,10,1979.4,0
2020-10-26 20:49:00,3,51,22.2,91,10.6,999.2,0,0,10,1979.4,0
2020-10-26 20:52:00,3,51,22.2,91,10.6,999.1,0,0,10,1979.4,0
2020-10-26 20:55:00,3,51,22.2,91,10.6,999.1,0,0,8,1979.4,0
2020-10-26 20:58:00,3,51,22.2,91,10.6,999.2,0,0,8,1979.4,0
2020-10-26 21:01:00,3,51,22.2,91,10.5,999.1,0,0,8,1979.4,0
2020-10-26 21:04:00,3,51,22.2,91,10.5,999.3,0,0,8,1979.4,0
2020-10-26 21:07:00,3,51,22.2,91,10.4,999.3,0,0,10,1979.4,0
2020-10-26 21:10:00,3,51,22.2,91,10.4,999.4,0,0,14,1979.4,0
2020-10-26 21:13:00,3,51,22.2,91,10.4,999.5,0,0,12,1979.4,0
2020-10-26 21:16:00,3,51,22.2,91,10.4,999.6,0,0,14,1979.4,0
2020-10-26 21:19:00,3,51,22.2,91,10.4,999.5,0,0,12,1979.4,0
2020-10-26 21:22:00,3,51,22.2,91,10.4,999.6,0,0,12,1979.4,0
2020-10-26 21:25:00,3,51,22.2,91,10.3,999.5,0,0,12,1979.4,0
2020-10-26 21:28:00,3,51,22.2,91,10.3,999.6,0,0,10,1979.4,0
2020-10-26 21:31:00,3,51,22.2,91,10.2,999.6,0,0,12,1979.4,0
2020-10-26 21:34:00,3,51,22.2,91,10.2,999.7,0,0,8,1979.4,0
2020-10-26 21:37:00,3,51,22.2,91,10.2,999.7,0,0,10,1979.4,0
2020-10-26 21:40:00,3,51,22.2,91,10.2,999.8,0,0,8,1979.4,0
2020-10-26 21:43:00,3,51,22.2,91,10.2,999.7,0,0,14,1979.4,0
2020-10-26 21:46:00,3,51,22.2,91,10.1,999.7,0,0,0,1979.4,0
2020-10-26 21:49:00,3,51,22.2,91,10.1,999.8,0,0,10,1979.4,0
2020-10-26 21:52:00,3,51,22.2,91,10.1,999.7,0,0.3,6,1979.4,0
2020-10-26 21:55:00,3,51,22.2,91,10.0,999.7,0.7,1.0,8,1979.4,0
2020-10-26 21:58:00,3,51,22.2,91,10.0,999.7,0,0,8,1979.4,0
2020-10-26 22:01:00,3,51,22.2,91,10.0,999.7,0,0,10,1979.4,0
2020-10-26 22:04:00,3,51,22.2,91,10.0,999.8,0,0,12,1979.4,0
2020-10-26 22:07:00,3,51,22.1,91,10.0,999.7,0,0,12,1979.4,0
2020-10-26 22:10:00,3,50,22.1,91,9.9,999.9,0,0.3,12,1979.4,0
2020-10-26 22:13:00,3,50,22.1,91,9.9,999.8,0.3,0.7,12,1979.4,0
2020-10-26 22:16:00,3,50,22.1,91,9.9,999.9,0,0,10,1979.4,0
2020-10-26 22:19:00,3,50,22.1,91,9.8,999.8,0,0.3,14,1979.4,0
2020-10-26 22:22:00,3,50,22.1,91,9.8,999.7,0,0,8,1979.4,0
2020-10-26 22:25:00,3,50,22.1,91,9.8,999.9,0.3,1.0,10,1979.4,0
2020-10-26 22:28:00,3,50,22.0,91,9.7,999.8,0.3,0.7,12,1979.4,0
2020-10-26 22:31:00,3,50,22.0,91,9.6,999.8,0,0,12,1979.4,0
2020-10-26 22:34:00,3,50,22.0,91,9.6,999.8,0,0,10,1979.4,0
2020-10-26 22:37:00,3,50,22.0,91,9.5,1000.0,0,0,10,1979.4,0
2020-10-26 22:40:00,3,50,22.0,91,9.5,1000.0,0,0,14,1979.4,0
2020-10-26 22:43:00,3,50,22.0,91,9.4,1000.0,0,0,8,1979.4,0
2020-10-26 22:46:00,3,51,21.9,91,9.3,999.9,0.3,0.7,12,1979.4,0
2020-10-26 22:49:00,3,51,21.9,91,9.3,1000.1,0,0,10,1979.4,0
2020-10-26 22:52:00,3,51,21.9,91,9.3,1000.1,0,0,10,1979.4,0
2020-10-26 22:55:00,3,51,21.9,91,9.2,1000.1,0,0,0,1979.4,0
2020-10-26 22:58:00,3,51,21.9,91,9.2,1000.0,0,0,0,1979.4,0
2020-10-26 23:01:00,3,51,21.9,91,9.1,1000.1,0,0,14,1979.4,0
2020-10-26 23:04:00,3,51,21.9,91,9.1,1000.1,0,0,14,1979.4,0
2020-10-26 23:07:00,3,51,21.9,91,9.0,1000.3,0,0,4,1979.4,0
2020-10-26 23:10:00,3,51,21.9,91,9.0,1000.3,0,0,14,1979.4,0
2020-10-26 23:13:00,3,51,21.8,91,8.9,1000.3,0,0,14,1979.4,0
2020-10-26 23:16:00,3,51,21.8,91,8.9,1000.2,0,0,14,1979.4,0
2020-10-26 23:19:00,3,51,21.8,91,8.8,1000.2,0,0,14,1979.4,0
2020-10-26 23:22:00,3,51,21.8,91,8.7,1000.1,0,0,14,1979.4,0
2020-10-26 23:25:00,3,51,21.8,91,8.7,1000.2,0,0,14,1979.4,0
2020-10-26 23:28:00,3,51,21.8,91,8.6,1000.2,0,0,8,1979.4,0
2020-10-26 23:31:00,3,51,21.8,91,8.5,1000.1,0,0,8,1979.4,0
2020-10-26 23:34:00,3,51,21.8,91,8.5,1000.1,0,0,14,1979.4,0
2020-10-26 23:37:00,3,51,21.8,91,8.5,1000.0,0,0,14,1979.4,0
2020-10-26 23:40:00,3,51,21.8,91,8.4,1000.1,0,0,4,1979.4,0
2020-10-26 23:43:00,3,51,21.8,91,8.3,1000.1,0,0,4,1979.4,0
2020-10-26 23:46:00,3,51,21.8,91,8.3,1000.1,0,0,4,1979.4,0
2020-10-26 23:49:00,3,51,21.7,91,8.3,1000.3,0,0,4,1979.4,0
2020-10-26 23:52:00,3,51,21.7,91,8.3,1000.3,0,0,0,1979.4,0
2020-10-26 23:55:00,3,51,21.7,91,8.2,1000.4,0,0,0,1979.4,0
2020-10-26 23:58:00,3,51,21.7,91,8.2,1000.2,0,0,14,1979.4,0
