2018-11-15 00:01:59,3,45,20.7,92,4.9,1022.8,0,0,4,1037.7,0
2018-11-15 00:04:59,3,45,20.7,92,4.8,1022.8,0,0,4,1037.7,0
2018-11-15 00:07:59,3,45,20.7,92,4.8,1022.8,0,0,4,1037.7,0
2018-11-15 00:10:59,3,45,20.7,92,4.7,1022.7,0,0,8,1037.7,0
2018-11-15 00:13:59,3,45,20.6,92,4.7,1022.7,0,0,8,1037.7,0
2018-11-15 00:16:59,3,45,20.6,92,4.7,1022.7,0,0,8,1037.7,0
2018-11-15 00:19:59,3,44,20.6,92,4.7,1022.7,0,0,8,1037.7,0
2018-11-15 00:22:59,3,44,20.6,92,4.7,1022.7,0,0,8,1037.7,0
2018-11-15 00:25:59,3,44,20.6,92,4.7,1022.6,0,0,8,1037.7,0
2018-11-15 00:28:59,3,44,20.6,92,4.7,1022.5,0,0,8,1037.7,0
2018-11-15 00:31:59,3,44,20.5,92,4.7,1022.8,0,0,8,1037.7,0
2018-11-15 00:34:59,3,44,20.5,92,4.8,1022.7,0,0,0,1037.7,0
2018-11-15 00:37:59,3,44,20.5,92,4.8,1022.6,0,0,0,1037.7,0
2018-11-15 00:40:59,3,44,20.5,92,4.8,1022.7,0,0,2,1037.7,0
2018-11-15 00:43:59,3,44,20.5,92,4.9,1022.7,0,0.3,2,1037.7,0
2018-11-15 00:46:59,3,44,20.5,92,4.9,1022.7,0,0,2,1037.7,0
2018-11-15 00:49:59,3,44,20.5,92,4.9,1022.6,0,0,2,1037.7,0
2018-11-15 00:52:59,3,44,20.4,92,4.9,1022.7,0,0,2,1037.7,0
2018-11-15 00:55:59,3,44,20.4,92,4.9,1022.7,0,0,2,1037.7,0
2018-11-15 00:58:59,3,44,20.4,92,4.9,1022.7,0,0,2,1037.7,0
2018-11-15 01:01:59,3,44,20.4,92,4.9,1022.6,0,0,2,1037.7,0
2018-11-15 01:04:59,3,44,20.4,92,4.9,1022.5,0,0,2,1037.7,0
2018-11-15 01:07:59,3,44,20.4,92,4.9,1022.6,0,0,2,1037.7,0
2018-11-15 01:10:59,3,44,20.4,92,4.9,1022.6,0,0,2,1037.7,0
2018-11-15 01:13:59,3,44,20.4,92,4.9,1022.6,0,0,2,1037.7,0
2018-11-15 01:16:59,3,44,20.3,92,4.9,1022.6,0,0,2,1037.7,0
2018-11-15 01:19:59,3,44,20.3,92,4.9,1022.6,0,0,2,1037.7,0
2018-11-15 01:22:59,3,44,20.3,92,4.9,1022.6,0,0,2,1037.7,0
2018-11-15 01:25:59,3,44,20.3,92,4.9,1022.7,0,0,2,1037.7,0
2018-11-15 01:28:59,3,44,20.3,92,4.9,1022.5,0,0,2,1037.7,0
2018-11-15 01:31:59,3,44,20.3,92,4.9,1022.4,0,0,4,1037.7,0
2018-11-15 01:34:59,3,44,20.3,92,4.9,1022.5,0,0,0,1037.7,0
2018-11-15 01:37:59,3,44,20.3,92,4.9,1022.5,0,0.3,0,1037.7,0
2018-11-15 01:40:59,3,44,20.2,92,5.0,1022.4,0,0,0,1037.7,0
2018-11-15 01:43:59,3,44,20.2,92,5.0,1022.5,0,0,0,1037.7,0
2018-11-15 01:46:59,3,44,20.2,92,5.0,1022.6,0,0,2,1037.7,0
2018-11-15 01:49:59,3,44,20.2,92,5.0,1022.4,0,0,2,1037.7,0
2018-11-15 01:52:59,3,44,20.1,92,5.0,1022.6,0,0,2,1037.7,0
2018-11-15 01:55:59,3,44,20.1,92,5.0,1022.5,0,0,2,1037.7,0
2018-11-15 01:58:59,3,44,20.1,92,5.1,1022.6,0,0,2,1037.7,0
2018-11-15 02:01:59,3,44,20.1,92,5.1,1022.6,0,0,0,1037.7,0
2018-11-15 02:04:59,3,44,20.1,92,5.1,1022.7,0,0,0,1037.7,0
2018-11-15 02:07:59,3,44,20.1,92,5.1,1022.6,0,0,0,1037.7,0
2018-11-15 02:10:59,3,44,20.1,92,5.1,1022.5,0,0,0,1037.7,0
2018-11-15 02:13:59,3,44,20.1,92,5.1,1022.5,0,0,0,1037.7,0
2018-11-15 02:16:59,3,44,20.0,92,5.1,1022.5,0,0,0,1037.7,0
2018-11-15 02:19:59,3,44,20.0,92,5.1,1022.6,0,0,0,1037.7,0
2018-11-15 02:22:59,3,44,20.0,92,5.1,1022.5,0,0,0,1037.7,0
2018-11-15 02:25:59,3,44,20.0,92,5.1,1022.4,0,0,0,1037.7,0
2018-11-15 02:28:59,3,44,20.0,92,5.1,1022.3,0,0,4,1037.7,0
2018-11-15 02:31:59,3,44,20.0,92,5.0,1022.3,0,0,4,1037.7,0
2018-11-15 02:34:59,3,44,20.0,92,5.1,1022.2,0,0,4,1037.7,0
2018-11-15 02:37:59,3,44,20.0,92,5.1,1022.2,0,0,2,1037.7,0
2018-11-15 02:40:59,3,44,20.0,92,5.1,1022.2,0,0,0,1037.7,0
2018-11-15 02:43:59,3,44,20.0,92,5.1,1022.2,0,0,0,1037.7,0
2018-11-15 02:46:59,3,45,19.9,92,5.1,1022.3,0,0,0,1037.7,0
2018-11-15 02:49:59,3,45,19.8,92,5.0,1022.3,0,0,0,1037.7,0
2018-11-15 02:52:59,3,45,19.8,92,5.0,1022.4,0,0,0,1037.7,0
2018-11-15 02:55:59,3,45,19.8,92,5.0,1022.2,0,0,0,1037.7,0
2018-11-15 02:58:59,3,45,19.8,92,5.0,1022.3,0,0,0,1037.7,0
2018-11-15 03:01:59,3,45,19.8,92,5.0,1022.2,0,0,0,1037.7,0
2018-11-15 03:04:59,3,45,19.8,92,5.0,1022.3,0,0,0,1037.7,0
2018-11-15 03:07:59,3,45,19.8,92,5.1,1022.3,0,0,0,1037.7,0
2018-11-15 03:10:59,3,45,19.8,92,5.1,1022.3,0,0,0,1037.7,0
2018-11-15 03:13:59,3,45,19.8,92,5.1,1022.3,0,0,0,1037.7,0
2018-11-15 03:16:59,3,45,19.7,92,5.1,1022.3,0,0,0,1037.7,0
2018-11-15 03:19:59,3,45,19.7,92,5.1,1022.3,0,0,0,1037.7,0
2018-11-15 03:22:59,3,45,19.7,92,5.1,1022.3,0,0,0,1037.7,0
2018-11-15 03:25:59,3,45,19.7,92,5.1,1022.3,0,0,0,1037.7,0
2018-11-15 03:28:59,3,45,19.7,92,5.1,1022.4,0,0,0,1037.7,0
2018-11-15 03:31:59,3,45,19.7,92,5.1,1022.4,0,0,0,1037.7,0
2018-11-15 03:34:59,3,45,19.7,92,5.1,1022.3,0,0,0,1037.7,0
2018-11-15 03:37:59,3,45,19.7,92,5.1,1022.3,0,0,0,1037.7,0
2018-11-15 03:40:59,3,45,19.6,92,5.2,1022.3,0,0,0,1037.7,0
2018-11-15 03:43:59,3,45,19.6,92,5.2,1022.4,0,0,0,1037.7,0
2018-11-15 03:46:59,3,45,19.6,92,5.2,1022.4,0,0,0,1037.7,0
2018-11-15 03:49:59,3,45,19.6,92,5.2,1022.3,0,0,0,1037.7,0
2018-11-15 03:52:59,3,45,19.6,92,5.2,1022.3,0,0,0,1037.7,0
2018-11-15 03:55:59,3,45,19.6,92,5.2,1022.2,0,0,0,1037.7,0
2018-11-15 03:58:59,3,45,19.6,92,5.2,1022.1,0,0,0,1037.7,0
2018-11-15 04:01:59,3,45,19.6,92,5.2,1022.2,0,0,0,1037.7,0
2018-11-15 04:04:59,3,45,19.6,92,5.2,1022.2,0,0,0,1037.7,0
2018-11-15 04:07:59,3,45,19.6,92,5.1,1022.2,0,0,0,1037.7,0
2018-11-15 04:10:59,3,45,19.5,92,5.1,1022.2,0,0,0,1037.7,0
2018-11-15 04:13:59,3,45,19.5,92,5.1,1022.2,0,0,0,1037.7,0
2018-11-15 04:16:59,3,45,19.5,92,5.1,1022.2,0,0,0,1037.7,0
2018-11-15 04:19:59,3,45,19.4,92,5.1,1022.1,0,0,0,1037.7,0
2018-11-15 04:22:59,3,45,19.5,92,5.1,1022.1,0,0,0,1037.7,0
2018-11-15 04:25:59,3,45,19.4,92,5.1,1022.2,0,0,0,1037.7,0
2018-11-15 04:28:59,3,45,19.4,92,5.1,1022.1,0,0,0,1037.7,0
2018-11-15 04:31:59,3,45,19.4,92,5.1,1022.2,0,0,0,1037.7,0
2018-11-15 04:34:59,3,45,19.3,92,5.0,1022.1,0,0,0,1037.7,0
2018-11-15 04:37:59,3,45,19.3,92,5.0,1022.2,0,0,0,1037.7,0
2018-11-15 04:40:59,3,45,19.3,92,5.0,1022.2,0,0,0,1037.7,0
2018-11-15 04:43:59,3,45,19.3,92,5.0,1022.2,0,0,0,1037.7,0
2018-11-15 04:46:59,3,45,19.3,92,4.9,1022.1,0,0,0,1037.7,0
2018-11-15 04:49:59,3,45,19.3,92,4.9,1022.2,0,0,0,1037.7,0
2018-11-15 04:52:59,3,45,19.3,92,4.8,1022.2,0,0,0,1037.7,0
2018-11-15 04:55:59,3,45,19.3,92,4.8,1022.2,0,0,0,1037.7,0
2018-11-15 04:58:59,3,45,19.3,92,4.7,1022.2,0,0,0,1037.7,0
2018-11-15 05:01:59,3,45,19.3,92,4.7,1022.2,0,0,0,1037.7,0
2018-11-15 05:04:59,3,45,19.3,92,4.7,1022.2,0,0,0,1037.7,0
2018-11-15 05:07:59,3,45,19.3,92,4.7,1022.2,0,0,2,1037.7,0
2018-11-15 05:10:59,3,45,19.3,92,4.7,1022.2,0,0,2,1037.7,0
2018-11-15 05:13:59,3,45,19.3,92,4.6,1022.2,0,0,2,1037.7,0
2018-11-15 05:16:59,3,45,19.5,92,4.6,1022.2,0,0,0,1037.7,0
2018-11-15 05:19:59,3,45,19.5,92,4.5,1022.2,0,0,0,1037.7,0
2018-11-15 05:22:59,3,45,19.5,92,4.5,1022.2,0,0,0,1037.7,0
2018-11-15 05:25:59,3,45,19.6,92,4.4,1022.3,0,0,0,1037.7,0
2018-11-15 05:28:59,3,45,19.6,92,4.3,1022.3,0,0,0,1037.7,0
2018-11-15 05:31:59,3,45,19.6,92,4.3,1022.2,0,0,0,1037.7,0
2018-11-15 05:34:59,3,45,19.7,92,4.3,1022.3,0,0,2,1037.7,0
2018-11-15 05:37:59,3,45,19.7,92,4.3,1022.3,0,0,0,1037.7,0
2018-11-15 05:40:59,3,45,19.8,92,4.3,1022.4,0,0,0,1037.7,0
2018-11-15 05:43:59,3,45,20.0,92,4.3,1022.3,0,0,0,1037.7,0
2018-11-15 05:46:59,3,45,20.2,92,4.3,1022.3,0,0,0,1037.7,0
2018-11-15 05:49:59,3,44,20.4,92,4.4,1022.4,0,0,2,1037.7,0
2018-11-15 05:52:59,3,43,20.6,92,4.4,1022.4,0,0,2,1037.7,0
2018-11-15 05:55:59,3,42,20.9,92,4.5,1022.5,0,0,0,1037.7,0
2018-11-15 05:58:59,3,41,21.0,92,4.6,1022.6,0.3,0.7,0,1037.7,0
2018-11-15 06:01:59,3,41,21.1,92,4.6,1022.7,0,0,0,1037.7,0
2018-11-15 06:04:59,3,41,21.3,92,4.6,1022.7,0,0,0,1037.7,0
2018-11-15 06:07:59,3,40,21.4,92,4.6,1022.7,0,0,0,1037.7,0
2018-11-15 06:10:59,3,40,21.5,92,4.6,1022.8,0,0,0,1037.7,0
2018-11-15 06:13:59,3,40,21.6,92,4.5,1022.7,0,0,0,1037.7,0
2018-11-15 06:16:59,3,40,21.7,92,4.4,1022.8,0,0,0,1037.7,0
2018-11-15 06:19:59,3,40,21.7,92,4.3,1022.8,0,0,0,1037.7,0
2018-11-15 06:22:59,3,40,21.8,92,4.2,1022.7,0,0,0,1037.7,0
2018-11-15 06:25:59,3,39,21.8,92,4.2,1022.9,0,0,0,1037.7,0
2018-11-15 06:28:59,3,40,21.9,92,4.1,1023.0,0,0,0,1037.7,0
2018-11-15 06:31:59,3,39,22.0,92,4.1,1023.1,0,0,0,1037.7,0
2018-11-15 06:34:59,3,39,22.1,92,4.2,1023.2,0,0,0,1037.7,0
2018-11-15 06:37:59,3,38,22.2,92,4.2,1023.2,0,0,0,1037.7,0
2018-11-15 06:40:59,3,38,22.2,92,4.2,1023.2,0,0,0,1037.7,0
2018-11-15 06:43:59,3,38,22.3,92,4.2,1023.2,0,0,0,1037.7,0
2018-11-15 06:46:59,3,38,22.3,92,4.3,1023.2,0,0,0,1037.7,0
2018-11-15 06:49:59,3,38,22.4,92,4.3,1023.2,0,0,0,1037.7,0
2018-11-15 06:52:59,3,38,22.5,92,4.4,1023.4,0,0,0,1037.7,0
2018-11-15 06:55:59,3,38,22.6,92,4.4,1023.3,0,0,4,1037.7,0
2018-11-15 06:58:59,3,38,22.6,92,4.5,1023.3,0,0.3,2,1037.7,0
2018-11-15 07:01:59,3,38,22.6,92,4.6,1023.3,0.3,0.7,2,1037.7,0
2018-11-15 07:04:59,3,37,22.7,92,4.6,1023.3,0.3,0.7,2,1037.7,0
2018-11-15 07:07:59,3,37,22.7,93,4.8,1023.3,0,0,2,1037.7,0
2018-11-15 07:10:59,3,37,22.7,93,4.9,1023.4,0,0,2,1037.7,0
2018-11-15 07:13:59,3,37,22.7,93,5.0,1023.4,0,0,2,1037.7,0
2018-11-15 07:16:59,3,37,22.6,93,5.0,1023.4,0,0,12,1037.7,0
2018-11-15 07:19:59,3,38,22.5,93,5.1,1023.4,0,0,12,1037.7,0
2018-11-15 07:22:59,3,38,22.4,93,5.2,1023.5,0,0,12,1037.7,0
2018-11-15 07:25:59,3,38,22.3,93,5.2,1023.6,0,0,12,1037.7,0
2018-11-15 07:28:59,3,38,22.2,93,5.3,1023.6,0,0,12,1037.7,0
2018-11-15 07:31:59,3,38,22.2,93,5.4,1023.7,0,0,12,1037.7,0
2018-11-15 07:34:59,3,38,22.1,93,5.4,1023.5,0,0,0,1037.7,0
2018-11-15 07:37:59,3,38,22.1,93,5.5,1023.6,0,0,0,1037.7,0
2018-11-15 07:40:59,3,38,22.0,93,5.6,1023.6,0,0.3,2,1037.7,0
2018-11-15 07:43:59,3,38,22.0,93,5.6,1023.5,0,0,0,1037.7,0
2018-11-15 07:46:59,3,39,22.0,93,5.7,1023.5,0,0,0,1037.7,0
2018-11-15 07:49:59,3,40,21.9,93,5.7,1023.6,0,0,0,1037.7,0
2018-11-15 07:52:59,3,40,21.9,93,5.8,1023.6,0,0,0,1037.7,0
2018-11-15 07:55:59,3,40,21.9,93,5.9,1023.6,0,0,0,1037.7,0
2018-11-15 07:58:59,3,40,21.9,93,5.9,1023.6,0,0,0,1037.7,0
2018-11-15 08:01:59,3,40,21.9,93,6.0,1023.5,0,0,0,1037.7,0
2018-11-15 08:04:59,3,40,21.8,94,6.1,1023.7,0,0,0,1037.7,0
2018-11-15 08:07:59,3,40,21.8,94,6.1,1023.7,0,0,0,1037.7,0
2018-11-15 08:10:59,3,40,21.8,94,6.2,1023.7,0,0.3,0,1037.7,0
2018-11-15 08:13:59,3,40,21.7,94,6.3,1023.7,0,0.3,0,1037.7,0
2018-11-15 08:16:59,3,40,21.7,94,6.4,1023.7,0,0,0,1037.7,0
2018-11-15 08:19:59,3,40,21.7,94,6.5,1023.7,0,0,0,1037.7,0
2018-11-15 08:22:59,3,40,21.7,94,6.6,1023.7,0,0,0,1037.7,0
2018-11-15 08:25:59,3,41,21.6,94,6.6,1023.7,0,0,0,1037.7,0
2018-11-15 08:28:59,3,41,21.6,94,6.6,1023.6,0,0,0,1037.7,0
2018-11-15 08:31:59,3,41,21.5,94,6.6,1023.7,0,0,0,1037.7,0
2018-11-15 08:34:59,3,41,21.5,,,1023.7,,,,1037.7,2112
2018-11-15 08:37:59,3,41,21.5,,,1023.7,,,,1037.7,2112
2018-11-15 08:40:59,3,41,21.5,,,1023.6,,,,1037.7,2112
2018-11-15 08:43:59,3,41,21.4,,,1023.6,,,,1037.7,2112
2018-11-15 08:46:59,3,41,21.4,,,1023.6,,,,1037.7,2112
2018-11-15 08:49:59,3,41,21.4,,,1023.5,,,,1037.7,2112
2018-11-15 08:52:59,3,41,21.3,,,1023.7,,,,1037.7,2112
2018-11-15 08:55:59,3,41,21.3,,,1023.7,,,,1037.7,2112
2018-11-15 08:58:59,3,41,21.3,,,1023.6,,,,1037.7,2112
2018-11-15 09:01:59,3,41,21.3,,,1023.7,,,,1037.7,2112
2018-11-15 09:04:59,3,41,21.3,,,1023.6,,,,1037.7,2112
2018-11-15 09:07:59,3,41,21.3,,,1023.7,,,,1037.7,2112
2018-11-15 09:10:59,3,41,21.2,,,1023.7,,,,1037.7,2112
2018-11-15 09:13:59,3,42,21.2,,,1023.7,,,,1037.7,2112
2018-11-15 09:16:59,3,42,21.2,,,1023.6,,,,1037.7,2112
2018-11-15 09:19:59,3,42,21.2,,,1023.6,,,,1037.7,2112
2018-11-15 09:22:59,3,42,21.2,,,1023.6,,,,1037.7,2112
2018-11-15 09:25:59,3,42,21.2,,,1023.6,,,,1037.7,2112
2018-11-15 09:28:59,3,42,21.2,,,1023.6,,,,1037.7,2112
2018-11-15 09:31:59,3,42,21.2,,,1023.5,,,,1037.7,2112
2018-11-15 09:34:59,3,42,21.2,,,1023.4,,,,1037.7,2112
2018-11-15 09:37:59,3,42,21.2,,,1023.5,,,,1037.7,2112
2018-11-15 09:40:59,3,42,21.1,,,1023.5,,,,1037.7,2112
2018-11-15 09:43:59,3,42,21.1,,,1023.5,,,,1037.7,2112
2018-11-15 09:46:59,3,42,21.1,,,1023.5,,,,1037.7,2112
2018-11-15 09:49:59,3,42,21.1,,,1023.4,,,,1037.7,2112
2018-11-15 09:52:59,3,42,21.1,,,1023.4,,,,1037.7,2112
2018-11-15 09:55:59,3,42,21.1,,,1023.4,,,,1037.7,2112
2018-11-15 09:58:59,3,42,21.1,,,1023.3,,,,1037.7,2112
2018-11-15 10:01:59,3,42,21.1,,,1023.3,,,,1037.7,2112
2018-11-15 10:04:59,3,42,21.1,,,1023.3,,,,1037.7,2112
2018-11-15 10:07:59,3,42,21.1,,,1023.3,,,,1037.7,2112
2018-11-15 10:10:59,3,42,21.1,,,1023.4,,,,1037.7,2112
2018-11-15 10:13:59,3,42,21.1,,,1023.3,,,,1037.7,2112
2018-11-15 10:16:59,3,42,21.1,,,1023.3,,,,1037.7,2112
2018-11-15 10:19:59,3,42,21.1,,,1023.3,,,,1037.7,2112
2018-11-15 10:22:59,3,42,21.1,,,1023.4,,,,1037.7,2112
2018-11-15 10:25:59,3,42,21.0,,,1023.4,,,,1037.7,2112
2018-11-15 10:28:59,3,42,21.0,,,1023.4,,,,1037.7,2112
2018-11-15 10:31:59,3,42,21.0,,,1023.3,,,,1037.7,2112
2018-11-15 10:34:59,3,42,21.0,,,1023.4,,,,1037.7,2112
2018-11-15 10:37:59,3,42,21.0,,,1023.2,,,,1037.7,2112
2018-11-15 10:40:59,3,42,21.0,,,1023.2,,,,1037.7,2112
2018-11-15 10:43:59,3,42,21.0,,,1023.3,,,,1037.7,2112
2018-11-15 10:46:59,3,42,21.0,,,1023.3,,,,1037.7,2112
2018-11-15 10:49:59,3,42,21.0,,,1023.3,,,,1037.7,2112
2018-11-15 10:52:59,3,43,20.9,,,1023.2,,,,1037.7,2112
2018-11-15 10:55:59,3,43,20.9,,,1023.3,,,,1037.7,2112
2018-11-15 10:58:59,3,43,20.9,,,1023.2,,,,1037.7,2112
2018-11-15 11:01:59,3,44,20.9,,,1023.1,,,,1037.7,2112
2018-11-15 11:04:59,3,44,20.9,,,1023.1,,,,1037.7,2112
2018-11-15 11:07:59,3,44,20.9,,,1023.1,,,,1037.7,2112
2018-11-15 11:10:59,3,44,20.9,,,1023.0,,,,1037.7,2112
2018-11-15 11:13:59,3,44,20.9,,,1023.1,,,,1037.7,2112
2018-11-15 11:16:59,3,44,20.9,,,1023.1,,,,1037.7,2112
2018-11-15 11:19:59,3,44,20.9,,,1023.2,,,,1037.7,2112
2018-11-15 11:22:59,3,44,20.9,,,1023.1,,,,1037.7,2112
2018-11-15 11:25:59,3,44,20.9,,,1023.0,,,,1037.7,2112
2018-11-15 11:28:59,3,44,20.8,,,1023.0,,,,1037.7,2112
2018-11-15 11:31:59,3,44,20.8,,,1023.0,,,,1037.7,2112
2018-11-15 11:34:59,3,44,20.8,,,1023.0,,,,1037.7,2112
2018-11-15 11:37:59,3,44,20.7,,,1023.0,,,,1037.7,2112
2018-11-15 11:40:59,3,44,20.7,,,1023.0,,,,1037.7,2112
2018-11-15 11:43:59,3,45,20.7,,,1023.0,,,,1037.7,2112
2018-11-15 11:46:59,3,45,20.7,,,1023.0,,,,1037.7,2112
2018-11-15 11:49:59,3,45,20.7,,,1023.1,,,,1037.7,2112
2018-11-15 11:52:59,3,45,20.7,,,1023.0,,,,1037.7,2112
2018-11-15 11:55:59,3,45,20.7,,,1022.9,,,,1037.7,2112
2018-11-15 11:58:59,3,45,20.7,70,10.1,1023.0,1.0,1.7,12,1037.7,0
2018-11-15 12:01:59,3,45,20.7,70,10.1,1023.0,1.4,2.0,4,1037.7,0
2018-11-15 12:04:59,3,45,20.7,69,10.2,1023.0,0.7,1.0,6,1037.7,0
2018-11-15 12:07:59,3,45,20.7,69,10.2,1023.0,1.0,1.4,6,1037.7,0
2018-11-15 12:10:59,3,45,20.6,69,10.3,1022.9,1.7,2.0,2,1037.7,0
2018-11-15 12:13:59,3,45,20.6,68,10.4,1023.0,0.3,0.7,14,1037.7,0
2018-11-15 12:16:59,3,45,20.6,68,10.4,1023.0,1.0,1.7,8,1037.7,0
2018-11-15 12:19:59,3,45,20.6,68,10.4,1022.9,1.0,1.7,4,1037.7,0
2018-11-15 12:22:59,3,45,20.6,67,10.4,1022.9,2.4,2.7,4,1037.7,0
2018-11-15 12:25:59,3,45,20.6,67,10.4,1022.9,1.0,1.7,4,1037.7,0
2018-11-15 12:28:59,3,45,20.6,67,10.4,1023.0,0.7,1.4,4,1037.7,0
2018-11-15 12:31:59,3,45,20.6,68,10.5,1022.8,0.7,1.0,10,1037.7,0
2018-11-15 12:34:59,3,45,20.6,68,10.6,1022.9,0.7,1.0,4,1037.7,0
2018-11-15 12:37:59,3,45,20.7,68,10.6,1023.0,1.4,1.7,4,1037.7,0
2018-11-15 12:40:59,3,45,20.7,68,10.6,1022.9,1.0,1.7,4,1037.7,0
2018-11-15 12:43:59,3,45,20.7,67,10.7,1023.0,1.0,1.4,6,1037.7,0
2018-11-15 12:46:59,3,45,20.7,67,10.7,1023.1,1.0,1.4,6,1037.7,0
2018-11-15 12:49:59,3,45,20.7,67,10.7,1023.0,0.3,0.7,0,1037.7,0
2018-11-15 12:52:59,3,45,20.7,67,10.7,1023.1,2.7,3.4,4,1037.7,0
2018-11-15 12:56:00,3,45,20.7,66,10.8,1023.0,1.0,1.7,4,1037.7,0
2018-11-15 12:59:00,3,45,20.8,65,10.8,1023.1,1.0,1.4,0,1037.7,0
2018-11-15 13:02:00,3,45,20.8,65,10.8,1023.0,1.4,2.0,0,1037.7,0
2018-11-15 13:05:00,3,45,20.9,65,10.8,1023.0,1.4,2.0,0,1037.7,0
2018-11-15 13:08:00,3,45,20.9,66,10.9,1023.0,1.7,2.7,4,1037.7,0
2018-11-15 13:11:00,3,46,20.9,66,10.9,1023.0,1.0,1.4,10,1037.7,0
2018-11-15 13:14:00,3,46,20.9,66,10.9,1023.1,0.7,1.0,4,1037.7,0
2018-11-15 13:17:00,3,46,20.9,66,10.9,1023.0,0.3,1.0,4,1037.7,0
2018-11-15 13:20:00,3,47,20.9,66,10.9,1023.1,0.7,1.4,4,1037.7,0
2018-11-15 13:23:00,3,47,21.0,66,10.9,1023.0,0.7,1.4,2,1037.7,0
2018-11-15 13:26:00,3,47,21.1,66,10.9,1023.1,0.7,1.0,2,1037.7,0
2018-11-15 13:29:00,3,47,21.2,66,10.9,1023.1,1.0,1.4,6,1037.7,0
2018-11-15 13:32:00,3,46,21.5,66,10.9,1023.2,1.0,1.7,2,1037.7,0
2018-11-15 13:35:00,3,45,21.7,66,10.9,1023.2,0.3,1.0,2,1037.7,0
2018-11-15 13:38:00,3,44,21.9,66,10.9,1023.2,0,0,2,1037.7,0
2018-11-15 13:41:00,3,43,22.0,66,10.9,1023.3,0.7,1.0,3,1037.7,0
2018-11-15 13:44:00,3,42,22.2,66,10.9,1023.2,1.4,1.7,0,1037.7,0
2018-11-15 13:47:00,3,41,22.3,66,10.8,1023.3,0.7,0.7,6,1037.7,0
2018-11-15 13:50:00,3,41,22.3,66,10.8,1023.3,1.0,2.0,2,1037.7,0
2018-11-15 13:53:00,3,41,22.5,66,10.7,1023.4,1.7,2.7,2,1037.7,0
2018-11-15 13:56:00,3,40,22.6,66,10.7,1023.3,1.0,1.4,2,1037.7,0
2018-11-15 13:59:00,3,40,22.6,67,10.6,1023.5,1.4,2.4,4,1037.7,0
2018-11-15 14:02:00,3,40,22.7,67,10.6,1023.5,0.3,0.7,4,1037.7,0
2018-11-15 14:05:00,3,40,22.8,67,10.5,1023.5,0,0,14,1037.7,0
2018-11-15 14:08:00,3,40,22.9,68,10.4,1023.5,0.7,1.0,4,1037.7,0
2018-11-15 14:11:00,3,40,23.0,68,10.4,1023.4,1.0,1.7,2,1037.7,0
2018-11-15 14:14:00,3,39,23.0,68,10.2,1023.4,0.7,0.7,0,1037.7,0
2018-11-15 14:17:00,3,39,22.9,69,10.2,1023.4,0.3,0.7,14,1037.7,0
2018-11-15 14:20:00,3,40,22.7,69,10.1,1023.5,0.7,1.0,4,1037.7,0
2018-11-15 14:23:00,3,40,22.6,69,10.0,1023.5,0.3,1.0,4,1037.7,0
2018-11-15 14:26:00,3,40,22.6,70,9.9,1023.5,0.7,1.0,4,1037.7,0
2018-11-15 14:29:00,3,40,22.5,70,9.9,1023.6,0.3,0.7,0,1037.7,0
2018-11-15 14:32:00,3,40,22.4,70,9.8,1023.4,0,0.3,0,1037.7,0
2018-11-15 14:35:00,3,40,22.3,70,9.6,1023.6,0,0.3,0,1037.7,0
2018-11-15 14:38:00,3,40,22.3,70,9.5,1023.5,0.3,0.7,0,1037.7,0
2018-11-15 14:41:00,3,40,22.3,70,9.4,1023.5,0.3,0.7,2,1037.7,0
2018-11-15 14:44:00,3,40,22.2,71,9.3,1023.4,0.3,0.7,2,1037.7,0
2018-11-15 14:47:00,3,40,22.2,71,9.2,1023.5,0.3,0.7,2,1037.7,0
2018-11-15 14:50:00,3,40,22.2,71,9.1,1023.4,0.3,0.7,0,1037.7,0
2018-11-15 14:53:00,3,40,22.2,71,9.0,1023.4,0.7,1.0,2,1037.7,0
2018-11-15 14:56:00,3,40,22.2,72,8.9,1023.4,0.3,0.7,2,1037.7,0
2018-11-15 14:59:00,3,40,22.2,72,8.8,1023.4,0.3,0.7,4,1037.7,0
2018-11-15 15:02:00,3,40,22.2,72,8.8,1023.5,1.0,1.4,2,1037.7,0
2018-11-15 15:05:00,3,40,22.2,72,8.8,1023.3,1.0,1.4,2,1037.7,0
2018-11-15 15:08:00,3,40,22.1,73,8.5,1023.4,0,0,0,1037.7,0
2018-11-15 15:11:00,3,40,22.1,73,8.4,1023.4,0,0,0,1037.7,0
2018-11-15 15:14:00,3,40,22.1,73,8.3,1023.4,0,0,0,1037.7,0
2018-11-15 15:17:00,3,40,22.0,73,8.2,1023.3,0,0,0,1037.7,0
2018-11-15 15:20:00,3,40,22.0,73,8.1,1023.3,0,0,0,1037.7,0
2018-11-15 15:23:00,3,41,21.9,74,8.0,1023.4,0,0,0,1037.7,0
2018-11-15 15:26:00,3,41,21.9,74,7.9,1023.4,0,0,0,1037.7,0
2018-11-15 15:29:00,3,41,21.9,74,7.8,1023.4,0,0,0,1037.7,0
2018-11-15 15:32:00,3,42,21.8,75,7.6,1023.4,0,0,0,1037.7,0
2018-11-15 15:35:00,3,41,21.8,75,7.5,1023.2,0,0,0,1037.7,0
2018-11-15 15:38:00,3,41,21.8,81,7.4,1023.4,0,0,0,1037.7,0
2018-11-15 15:41:00,3,41,21.8,82,7.3,1023.4,0,0,0,1037.7,0
2018-11-15 15:44:00,3,41,21.8,82,7.2,1023.4,0,0,0,1037.7,0
2018-11-15 15:47:00,3,41,21.8,82,7.1,1023.4,0,0,0,1037.7,0
2018-11-15 15:50:00,3,42,21.7,82,6.9,1023.3,0,0,2,1037.7,0
2018-11-15 15:53:00,3,42,21.7,83,6.9,1023.3,0,0,0,1037.7,0
2018-11-15 15:56:00,3,42,21.7,83,6.8,1023.3,0,0,0,1037.7,0
2018-11-15 15:59:00,3,42,21.7,83,6.7,1023.3,0,0,0,1037.7,0
2018-11-15 16:02:00,3,42,21.7,84,6.6,1023.3,0,0,0,1037.7,0
2018-11-15 16:05:00,3,42,21.7,84,6.5,1023.2,0,0,0,1037.7,0
2018-11-15 16:08:00,3,42,21.7,84,6.4,1023.2,0,0,0,1037.7,0
2018-11-15 16:11:00,3,42,21.7,84,6.3,1023.3,0,0,0,1037.7,0
2018-11-15 16:14:00,3,42,21.7,85,6.2,1023.3,0,0,0,1037.7,0
2018-11-15 16:17:00,3,42,21.6,85,6.2,1023.3,0,0,0,1037.7,0
2018-11-15 16:20:00,3,42,21.6,85,6.1,1023.3,0,0,0,1037.7,0
2018-11-15 16:23:00,3,42,21.6,85,6.0,1023.4,0,0,0,1037.7,0
2018-11-15 16:26:00,3,42,21.6,85,6.0,1023.3,0,0,0,1037.7,0
2018-11-15 16:29:00,3,42,21.6,86,5.9,1023.4,0,0,0,1037.7,0
2018-11-15 16:32:00,3,42,21.6,86,5.9,1023.4,0,0,0,1037.7,0
2018-11-15 16:35:00,3,42,21.6,86,5.8,1023.4,0,0,0,1037.7,0
2018-11-15 16:38:00,3,42,21.6,86,5.7,1023.2,0,0,0,1037.7,0
2018-11-15 16:41:00,3,42,21.6,86,5.6,1023.4,0,0,0,1037.7,0
2018-11-15 16:44:00,3,42,21.6,87,5.6,1023.3,0,0,0,1037.7,0
2018-11-15 16:47:00,3,42,21.5,87,5.5,1023.4,0,0,0,1037.7,0
2018-11-15 16:50:00,3,42,21.5,87,5.5,1023.3,0,0,0,1037.7,0
2018-11-15 16:53:00,3,42,21.5,87,5.5,1023.4,0,0,4,1037.7,0
2018-11-15 16:56:00,3,42,21.5,87,5.6,1023.4,0,0.7,0,1037.7,0
2018-11-15 16:59:00,3,42,21.5,88,5.7,1023.4,0,0.3,2,1037.7,0
2018-11-15 17:02:00,3,42,21.5,88,5.7,1023.4,0,0,2,1037.7,0
2018-11-15 17:05:00,3,42,21.5,88,5.7,1023.5,0,0,2,1037.7,0
2018-11-15 17:08:00,3,42,21.5,89,6.0,1023.5,0,0.3,8,1037.7,0
2018-11-15 17:11:00,3,42,21.5,89,6.2,1023.5,1.0,1.4,2,1037.7,0
2018-11-15 17:14:00,3,42,21.5,90,6.4,1023.6,0.7,1.0,4,1037.7,0
2018-11-15 17:17:00,3,42,21.5,90,6.5,1023.4,1.4,1.7,2,1037.7,0
2018-11-15 17:20:00,3,42,21.5,90,6.6,1023.5,0.7,1.0,2,1037.7,0
2018-11-15 17:23:00,3,42,21.5,90,6.8,1023.5,2.4,2.7,6,1037.7,0
2018-11-15 17:26:00,3,42,21.5,90,7.1,1023.5,1.0,1.4,0,1037.7,0
2018-11-15 17:29:00,3,42,21.5,89,7.2,1023.6,0.7,1.0,4,1037.7,0
2018-11-15 17:32:00,3,42,21.5,88,7.2,1023.5,1.0,1.7,2,1037.7,0
2018-11-15 17:35:00,3,42,21.5,87,7.2,1023.4,0.3,0.7,6,1037.7,0
2018-11-15 17:38:00,3,42,21.5,86,7.2,1023.4,0.3,0.7,2,1037.7,0
2018-11-15 17:41:00,3,42,21.5,86,7.2,1023.5,0.3,0.7,4,1037.7,0
2018-11-15 17:44:00,3,42,21.5,85,7.2,1023.6,0.7,1.0,0,1037.7,0
2018-11-15 17:47:00,3,42,21.5,84,7.3,1023.6,1.4,2.0,3,1037.7,0
2018-11-15 17:50:00,3,42,21.5,83,7.3,1023.6,1.0,1.4,4,1037.7,0
2018-11-15 17:53:00,3,42,21.5,83,7.4,1023.6,1.0,1.7,2,1037.7,0
2018-11-15 17:56:00,3,42,21.5,83,7.4,1023.6,0.7,1.0,4,1037.7,0
2018-11-15 17:59:00,3,42,21.5,77,7.5,1023.7,1.4,2.0,3,1037.7,0
2018-11-15 18:02:00,3,42,21.5,76,7.5,1023.7,1.4,2.4,2,1037.7,0
2018-11-15 18:05:00,3,42,21.5,76,7.6,1023.6,1.4,2.0,4,1037.7,0
2018-11-15 18:08:00,3,42,21.5,76,7.6,1023.7,1.4,1.7,4,1037.7,0
2018-11-15 18:11:00,3,42,21.5,75,7.6,1023.7,1.4,1.7,4,1037.7,0
2018-11-15 18:14:00,3,42,21.5,75,7.6,1023.7,0.7,1.4,2,1037.7,0
2018-11-15 18:17:00,3,42,21.5,75,7.6,1023.8,1.0,1.4,6,1037.7,0
2018-11-15 18:20:00,3,42,21.5,75,7.6,1023.7,1.0,1.7,6,1037.7,0
2018-11-15 18:23:00,3,42,21.5,75,7.5,1023.8,1.4,1.7,2,1037.7,0
2018-11-15 18:26:00,3,42,21.5,75,7.5,1023.8,0.7,1.0,2,1037.7,0
2018-11-15 18:29:00,3,42,21.5,75,7.5,1023.8,0.7,1.0,2,1037.7,0
2018-11-15 18:32:00,3,42,21.5,75,7.5,1023.8,0.7,1.0,4,1037.7,0
2018-11-15 18:35:00,3,42,21.5,81,7.4,1023.8,0.3,0.7,4,1037.7,0
2018-11-15 18:38:00,3,42,21.5,81,7.4,1023.8,1.0,1.7,4,1037.7,0
2018-11-15 18:41:00,3,42,21.4,81,7.3,1023.9,0.7,1.0,4,1037.7,0
2018-11-15 18:44:00,3,42,21.4,82,7.4,1024.0,1.7,2.0,6,1037.7,0
2018-11-15 18:47:00,3,42,21.4,82,7.4,1024.0,1.4,1.7,4,1037.7,0
2018-11-15 18:50:00,3,42,21.4,82,7.4,1023.9,1.4,1.7,4,1037.7,0
2018-11-15 18:53:00,3,42,21.5,82,7.3,1024.0,0.7,1.0,1,1037.7,0
2018-11-15 18:56:00,3,42,21.4,82,7.3,1023.9,1.7,2.4,4,1037.7,0
2018-11-15 18:59:00,3,42,21.4,82,7.3,1024.0,1.0,1.4,8,1037.7,0
2018-11-15 19:02:00,3,42,21.4,82,7.3,1024.0,1.0,1.4,6,1037.7,0
2018-11-15 19:05:00,3,42,21.5,82,7.3,1024.0,1.0,1.4,6,1037.7,0
2018-11-15 19:08:00,3,42,21.5,82,7.3,1024.1,2.0,2.4,6,1037.7,0
2018-11-15 19:11:00,3,42,21.5,82,7.4,1024.1,1.0,1.4,2,1037.7,0
2018-11-15 19:14:00,3,42,21.4,82,7.4,1024.1,1.7,2.0,0,1037.7,0
2018-11-15 19:17:00,3,42,21.5,82,7.4,1024.1,0.7,1.0,4,1037.7,0
2018-11-15 19:20:00,3,42,21.5,82,7.3,1024.2,1.7,2.0,12,1037.7,0
2018-11-15 19:23:00,3,43,21.5,82,7.3,1024.2,1.0,1.4,2,1037.7,0
2018-11-15 19:26:00,3,43,21.5,82,7.3,1024.3,1.0,1.7,4,1037.7,0
2018-11-15 19:29:00,3,43,21.4,82,7.3,1024.1,0.7,1.0,8,1037.7,0
2018-11-15 19:32:00,3,43,21.4,82,7.2,1024.2,1.0,1.7,12,1037.7,0
2018-11-15 19:35:00,3,43,21.5,82,7.2,1024.2,1.7,2.0,4,1037.7,0
2018-11-15 19:38:00,3,43,21.5,82,7.2,1024.2,0.7,1.4,4,1037.7,0
2018-11-15 19:41:00,3,43,21.4,82,7.2,1024.1,1.4,1.7,10,1037.7,0
2018-11-15 19:44:00,3,43,21.5,82,7.1,1024.1,1.4,1.7,2,1037.7,0
2018-11-15 19:47:00,3,43,21.5,82,7.1,1024.2,2.4,3.1,3,1037.7,0
2018-11-15 19:50:00,3,43,21.5,82,7.2,1024.1,1.4,2.0,2,1037.7,0
2018-11-15 19:53:00,3,43,21.5,82,7.2,1024.2,2.4,2.7,6,1037.7,0
2018-11-15 19:56:00,3,43,21.5,81,7.1,1024.2,1.7,2.7,3,1037.7,0
2018-11-15 19:59:00,3,43,21.5,81,7.1,1024.2,1.4,1.7,4,1037.7,0
2018-11-15 20:02:00,3,43,21.5,81,7.1,1024.4,2.0,2.7,4,1037.7,0
2018-11-15 20:05:00,3,44,21.5,81,7.2,1024.3,1.0,1.7,2,1037.7,0
2018-11-15 20:08:00,3,44,21.5,81,7.1,1024.4,1.4,2.0,2,1037.7,0
2018-11-15 20:11:00,3,44,21.5,81,7.1,1024.4,0.7,1.7,4,1037.7,0
2018-11-15 20:14:00,3,44,21.5,81,7.1,1024.5,1.0,1.7,4,1037.7,0
2018-11-15 20:17:00,3,44,21.5,81,7.1,1024.6,1.7,2.4,4,1037.7,0
2018-11-15 20:20:00,3,43,21.5,81,7.0,1024.5,1.7,2.4,3,1037.7,0
2018-11-15 20:23:00,3,43,21.5,81,7.0,1024.5,1.7,2.7,2,1037.7,0
2018-11-15 20:26:00,3,43,21.4,81,7.0,1024.5,1.7,2.0,4,1037.7,0
2018-11-15 20:29:00,3,43,21.5,81,7.0,1024.6,1.4,2.0,4,1037.7,0
2018-11-15 20:32:00,3,43,21.5,81,6.9,1024.6,1.4,2.0,4,1037.7,0
2018-11-15 20:35:00,3,43,21.4,81,6.9,1024.7,2.0,3.1,4,1037.7,0
2018-11-15 20:38:00,3,43,21.5,81,6.9,1024.6,1.4,1.7,4,1037.7,0
2018-11-15 20:41:00,3,43,21.4,81,6.9,1024.7,2.0,3.1,2,1037.7,0
2018-11-15 20:44:00,3,43,21.4,81,6.9,1024.6,1.7,2.0,8,1037.7,0
2018-11-15 20:47:00,3,43,21.5,81,6.9,1024.8,2.0,2.7,4,1037.7,0
2018-11-15 20:50:00,3,43,21.4,81,6.8,1024.6,1.0,1.4,4,1037.7,0
2018-11-15 20:53:00,3,43,21.5,81,6.8,1024.7,2.7,4.1,4,1037.7,0
2018-11-15 20:56:00,3,43,21.5,81,6.8,1024.7,1.7,2.7,3,1037.7,0
2018-11-15 20:59:00,3,43,21.5,81,6.8,1024.8,2.0,3.4,4,1037.7,0
2018-11-15 21:02:00,3,43,21.5,81,6.8,1024.7,2.4,3.4,3,1037.7,0
2018-11-15 21:05:00,3,43,21.4,81,6.8,1024.8,2.4,3.4,3,1037.7,0
2018-11-15 21:08:00,3,43,21.4,81,6.7,1024.8,0.7,1.0,0,1037.7,0
2018-11-15 21:11:00,3,43,21.4,81,6.7,1024.8,1.7,2.4,2,1037.7,0
2018-11-15 21:14:00,3,43,21.4,81,6.7,1024.9,1.4,1.7,4,1037.7,0
2018-11-15 21:17:00,3,43,21.4,81,6.7,1024.9,1.4,2.4,4,1037.7,0
2018-11-15 21:20:00,3,43,21.4,81,6.7,1024.8,1.0,1.7,4,1037.7,0
2018-11-15 21:23:00,3,43,21.4,81,6.7,1024.8,1.7,2.4,14,1037.7,0
2018-11-15 21:26:00,3,43,21.3,81,6.6,1024.9,1.7,2.7,4,1037.7,0
2018-11-15 21:29:00,3,42,21.3,81,6.6,1024.9,1.0,1.4,3,1037.7,0
2018-11-15 21:32:00,3,42,21.3,81,6.6,1025.0,1.7,2.0,4,1037.7,0
2018-11-15 21:35:00,3,42,21.3,81,6.6,1024.8,2.0,2.7,4,1037.7,0
2018-11-15 21:38:00,3,42,21.3,81,6.6,1024.9,1.4,2.0,8,1037.7,0
2018-11-15 21:41:00,3,42,21.3,81,6.5,1024.9,1.4,2.0,6,1037.7,0
2018-11-15 21:44:00,3,42,21.3,81,6.5,1024.9,0.7,1.4,2,1037.7,0
2018-11-15 21:47:00,3,42,21.3,82,6.5,1025.0,1.7,2.4,11,1037.7,0
2018-11-15 21:50:00,3,42,21.3,82,6.5,1025.0,1.4,2.0,4,1037.7,0
2018-11-15 21:53:00,3,42,21.3,82,6.5,1025.0,2.7,3.7,10,1037.7,0
2018-11-15 21:56:00,3,42,21.3,81,6.5,1025.0,0.7,1.0,10,1037.7,0
2018-11-15 21:59:00,3,42,21.2,81,6.4,1024.9,0.7,1.0,2,1037.7,0
2018-11-15 22:02:00,3,42,21.2,81,6.4,1025.1,2.4,3.1,4,1037.7,0
2018-11-15 22:05:00,3,42,21.2,81,6.4,1025.1,1.4,2.0,2,1037.7,0
2018-11-15 22:08:00,3,42,21.2,81,6.4,1025.1,1.4,2.0,4,1037.7,0
2018-11-15 22:11:00,3,42,21.2,81,6.4,1025.1,1.0,1.0,4,1037.7,0
2018-11-15 22:14:00,3,42,21.2,81,6.4,1025.1,1.0,2.0,4,1037.7,0
2018-11-15 22:17:00,3,42,21.2,81,6.4,1025.1,1.4,1.7,4,1037.7,0
2018-11-15 22:20:00,3,42,21.2,81,6.4,1025.1,1.0,1.7,2,1037.7,0
2018-11-15 22:23:00,3,42,21.2,81,6.3,1025.0,1.7,3.4,10,1037.7,0
2018-11-15 22:26:00,3,42,21.1,81,6.3,1025.1,1.4,2.0,4,1037.7,0
2018-11-15 22:29:00,3,42,21.1,81,6.3,1025.1,2.0,3.1,4,1037.7,0
2018-11-15 22:32:00,3,42,21.1,81,6.3,1025.2,0.3,0.7,10,1037.7,0
2018-11-15 22:35:00,3,42,21.1,81,6.2,1025.0,2.4,3.1,4,1037.7,0
2018-11-15 22:38:00,3,42,21.1,81,6.2,1025.2,1.4,1.7,3,1037.7,0
2018-11-15 22:41:00,3,42,21.1,81,6.2,1025.1,1.4,1.7,4,1037.7,0
2018-11-15 22:44:00,3,42,21.1,81,6.2,1025.1,1.7,2.7,2,1037.7,0
2018-11-15 22:47:00,3,42,21.1,81,6.2,1025.2,1.0,1.7,10,1037.7,0
2018-11-15 22:50:00,3,42,21.0,81,6.1,1025.2,0.7,1.0,4,1037.7,0
2018-11-15 22:53:00,3,42,21.0,81,6.1,1025.1,1.7,2.0,6,1037.7,0
2018-11-15 22:56:00,3,42,21.0,81,6.1,1025.1,2.0,3.1,4,1037.7,0
2018-11-15 22:59:00,3,42,21.0,81,6.1,1025.1,2.4,3.1,4,1037.7,0
