2018-05-27 00:01:59,3,42,25.0,90,14.4,1016.5,0,0,2,930.0,0
2018-05-27 00:04:59,3,42,25.0,90,14.4,1016.4,0,0,2,930.0,0
2018-05-27 00:07:59,3,42,25.0,91,14.4,1016.3,0.3,0.7,0,930.0,0
2018-05-27 00:10:59,3,42,25.0,91,14.4,1016.3,0,0.3,0,930.0,0
2018-05-27 00:13:59,3,42,25.0,91,14.4,1016.3,0.3,0.7,0,930.0,0
2018-05-27 00:16:59,3,43,25.0,92,14.4,1016.3,0.3,0.7,0,930.0,0
2018-05-27 00:19:59,3,43,25.0,92,14.4,1016.3,0.7,1.0,2,930.0,0
2018-05-27 00:22:59,3,43,25.0,92,14.4,1016.3,0.3,0.3,0,930.0,0
2018-05-27 00:25:59,3,43,25.0,92,14.4,1016.3,0.3,0.7,0,930.0,0
2018-05-27 00:28:59,3,43,25.0,92,14.3,1016.3,0.3,0.7,0,930.0,0
2018-05-27 00:31:59,3,44,24.8,92,14.3,1016.3,0.3,0.7,0,930.0,0
2018-05-27 00:34:59,3,44,24.8,92,14.3,1016.2,0.3,0.7,0,930.0,0
2018-05-27 00:37:59,3,44,24.8,92,14.3,1016.2,0.3,1.0,0,930.0,0
2018-05-27 00:40:59,3,44,24.8,93,14.3,1016.3,1.0,2.0,0,930.0,0
2018-05-27 00:43:59,3,44,24.8,93,14.3,1016.2,0.3,1.0,0,930.0,0
2018-05-27 00:46:59,3,44,24.8,93,14.3,1016.3,0.3,0.7,2,930.0,0
2018-05-27 00:49:59,3,44,24.8,93,14.3,1016.2,1.0,1.4,2,930.0,0
2018-05-27 00:52:59,3,44,24.8,93,14.3,1016.2,0.3,0.3,2,930.0,0
2018-05-27 00:55:59,3,44,24.8,93,14.3,1016.2,0.3,0.7,0,930.0,0
2018-05-27 00:58:59,3,44,24.8,93,14.3,1016.2,0.3,1.0,0,930.0,0
2018-05-27 01:01:59,3,44,24.8,93,14.2,1016.2,0.3,0.7,0,930.0,0
2018-05-27 01:04:59,3,44,24.8,93,14.2,1016.2,0,0.3,0,930.0,0
2018-05-27 01:07:59,3,44,24.8,93,14.2,1016.1,0.7,1.4,0,930.0,0
2018-05-27 01:10:59,3,44,24.8,93,14.2,1016.2,0.3,0.7,2,930.0,0
2018-05-27 01:13:59,3,44,24.8,93,14.1,1016.2,0,0,0,930.0,0
2018-05-27 01:16:59,3,44,24.7,92,14.1,1016.2,0.3,0.7,15,930.0,0
2018-05-27 01:19:59,3,44,24.7,92,14.1,1016.1,0.3,0.3,14,930.0,0
2018-05-27 01:22:59,3,44,24.7,92,14.0,1016.2,0.7,1.0,0,930.0,0
2018-05-27 01:25:59,3,44,24.7,92,14.0,1016.1,0,0.3,0,930.0,0
2018-05-27 01:28:59,3,44,24.7,92,13.9,1016.1,0,0,0,930.0,0
2018-05-27 01:31:59,3,44,24.7,92,13.9,1016.0,0.3,0.7,0,930.0,0
2018-05-27 01:34:59,3,44,24.7,92,13.9,1016.0,0.3,0.7,2,930.0,0
2018-05-27 01:37:59,3,44,24.7,93,13.9,1016.1,0,0,0,930.0,0
2018-05-27 01:40:59,3,44,24.6,93,13.8,1016.1,0,0,4,930.0,0
2018-05-27 01:43:59,3,44,24.6,93,13.8,1016.0,0,0,0,930.0,0
2018-05-27 01:46:59,3,44,24.6,93,13.7,1016.1,0,0,0,930.0,0
2018-05-27 01:49:59,3,44,24.6,93,13.6,1016.0,0,0,0,930.0,0
2018-05-27 01:52:59,3,44,24.6,93,13.6,1016.0,0,0,0,930.0,0
2018-05-27 01:55:59,3,44,24.6,93,13.6,1016.1,0,0,8,930.0,0
2018-05-27 01:58:59,3,44,24.5,93,13.5,1016.0,0,0,0,930.0,0
2018-05-27 02:01:59,3,44,24.5,93,13.5,1016.0,0,0,0,930.0,0
2018-05-27 02:04:59,3,44,24.5,93,13.5,1016.0,0,0,0,930.0,0
2018-05-27 02:07:59,3,44,24.5,92,13.4,1016.0,0,0,0,930.0,0
2018-05-27 02:10:59,3,44,24.5,92,13.3,1015.9,0,0,0,930.0,0
2018-05-27 02:13:59,3,44,24.5,93,13.3,1015.8,0,0,0,930.0,0
2018-05-27 02:16:59,3,44,24.5,93,13.3,1015.9,0.7,1.0,0,930.0,0
2018-05-27 02:19:59,3,44,24.5,93,13.3,1015.9,0.7,1.0,0,930.0,0
2018-05-27 02:22:59,3,44,24.4,93,13.3,1015.8,0.3,0.7,0,930.0,0
2018-05-27 02:25:59,3,44,24.4,93,13.4,1015.8,0.3,0.7,0,930.0,0
2018-05-27 02:28:59,3,44,24.4,94,13.4,1015.8,1.0,1.4,2,930.0,0
2018-05-27 02:31:59,3,44,24.4,94,13.3,1015.9,0.3,0.7,2,930.0,0
2018-05-27 02:34:59,3,44,24.5,94,13.3,1015.9,0,0.7,4,930.0,0
2018-05-27 02:37:59,3,44,24.5,94,13.3,1015.9,0,0.3,4,930.0,0
2018-05-27 02:40:59,3,44,24.5,95,13.2,1016.0,0,0,2,930.0,0
2018-05-27 02:43:59,3,44,24.4,95,13.2,1015.9,0,0,0,930.0,0
2018-05-27 02:46:59,3,44,24.4,95,13.1,1015.8,0,0,0,930.0,0
2018-05-27 02:49:59,3,44,24.4,95,13.1,1015.9,0,0,0,930.0,0
2018-05-27 02:52:59,3,44,24.4,95,13.1,1015.9,0,0,0,930.0,0
2018-05-27 02:55:59,3,44,24.4,95,13.0,1015.9,0,0.3,0,930.0,0
2018-05-27 02:58:59,3,44,24.4,95,13.0,1015.8,0.3,1.0,2,930.0,0
2018-05-27 03:01:59,3,44,24.4,95,13.0,1015.8,0.3,0.3,2,930.0,0
2018-05-27 03:04:59,3,44,24.4,95,13.0,1015.8,0,0.3,2,930.0,0
2018-05-27 03:07:59,3,44,24.3,95,13.0,1015.8,0,0,2,930.0,0
2018-05-27 03:10:59,3,44,24.3,95,13.0,1015.7,0.7,1.4,0,930.0,0
2018-05-27 03:13:59,3,44,24.3,95,13.0,1015.7,0,0.3,0,930.0,0
2018-05-27 03:16:59,3,44,24.3,95,13.0,1015.7,0,0,0,930.0,0
2018-05-27 03:19:59,3,44,24.3,95,12.9,1015.7,0,0.3,0,930.0,0
2018-05-27 03:22:59,3,44,24.2,95,13.0,1015.7,1.0,1.7,0,930.0,0
2018-05-27 03:25:59,3,44,24.2,96,13.0,1015.7,0,0.3,0,930.0,0
2018-05-27 03:28:59,3,44,24.2,96,13.0,1015.8,0.3,0.7,0,930.0,0
2018-05-27 03:31:59,3,44,24.2,96,13.0,1015.8,0,0.3,14,930.0,0
2018-05-27 03:34:59,3,44,24.1,96,13.0,1015.7,0.3,0.7,0,930.0,0
2018-05-27 03:37:59,3,44,24.1,96,13.0,1015.7,0.3,0.7,0,930.0,0
2018-05-27 03:40:59,3,44,24.1,96,13.0,1015.7,0.3,0.7,0,930.0,0
2018-05-27 03:43:59,3,44,24.1,96,13.0,1015.6,0.3,0.7,0,930.0,0
2018-05-27 03:46:59,3,44,24.1,97,13.0,1015.8,0.3,0.7,0,930.0,0
2018-05-27 03:49:59,3,44,24.1,97,13.0,1015.8,0.7,1.0,0,930.0,0
2018-05-27 03:52:59,3,44,24.1,97,13.1,1015.7,0.7,1.4,0,930.0,0
2018-05-27 03:55:59,3,44,24.1,97,13.1,1015.7,0.7,1.0,0,930.0,0
2018-05-27 03:58:59,3,44,24.1,97,13.1,1015.6,0.7,1.4,0,930.0,0
2018-05-27 04:01:59,3,44,24.1,97,13.1,1015.6,0,0.3,2,930.0,0
2018-05-27 04:04:59,3,44,24.1,97,13.1,1015.6,0,0.3,2,930.0,0
2018-05-27 04:07:59,3,44,24.1,97,13.2,1015.5,0,0.7,2,930.0,0
2018-05-27 04:10:59,3,44,24.1,97,13.3,1015.6,0.3,0.7,0,930.0,0
2018-05-27 04:13:59,3,44,24.0,97,13.3,1015.6,0,0.3,2,930.0,0
2018-05-27 04:16:59,3,46,23.9,97,13.4,1015.6,0,0.3,2,930.0,0
2018-05-27 04:19:59,3,46,23.8,97,13.4,1015.6,0.3,0.7,14,930.0,0
2018-05-27 04:22:59,3,46,23.7,97,13.5,1015.6,0.3,0.7,0,930.0,0
2018-05-27 04:25:59,3,47,23.6,97,13.5,1015.5,1.0,1.4,0,930.0,0
2018-05-27 04:28:59,3,47,23.4,97,13.6,1015.5,0,0.3,0,930.0,0
2018-05-27 04:31:59,3,48,23.4,96,13.6,1015.5,0.7,1.0,14,930.0,0
2018-05-27 04:34:59,3,48,23.3,96,13.7,1015.4,1.0,1.4,2,930.0,0
2018-05-27 04:37:59,3,48,23.1,96,13.7,1015.3,0.3,0.7,0,930.0,0
2018-05-27 04:40:59,3,48,23.1,96,13.8,1015.3,1.7,2.4,0,930.0,0
2018-05-27 04:43:59,3,49,23.0,95,13.9,1015.3,0.7,1.0,0,930.0,0
2018-05-27 04:46:59,3,49,23.0,95,14.0,1015.4,0.3,0.7,0,930.0,0
2018-05-27 04:49:59,3,49,23.0,95,14.0,1015.5,1.0,1.4,14,930.0,0
2018-05-27 04:52:59,3,49,22.9,94,14.1,1015.4,0.7,1.4,2,930.0,0
2018-05-27 04:55:59,3,49,22.8,93,14.2,1015.5,0,0.3,0,930.0,0
2018-05-27 04:58:59,3,49,22.7,93,14.3,1015.5,0.3,0.7,2,930.0,0
2018-05-27 05:01:59,3,50,22.7,92,14.4,1015.6,1.0,1.4,0,930.0,0
2018-05-27 05:04:59,3,50,22.6,92,14.4,1015.5,0.3,0.7,14,930.0,0
2018-05-27 05:07:59,3,50,22.6,91,14.6,1015.6,0,0.3,2,930.0,0
2018-05-27 05:10:59,3,50,22.6,91,14.7,1015.7,1.0,1.4,2,930.0,0
2018-05-27 05:13:59,3,50,22.6,91,14.8,1015.6,1.0,1.7,14,930.0,0
2018-05-27 05:16:59,3,50,22.6,90,15.0,1015.7,0,0.3,2,930.0,0
2018-05-27 05:19:59,3,50,22.6,89,15.1,1015.7,0.7,1.0,2,930.0,0
2018-05-27 05:22:59,3,51,22.5,89,15.2,1015.7,1.0,1.4,2,930.0,0
2018-05-27 05:25:59,3,51,22.5,88,15.3,1015.6,1.4,1.7,0,930.0,0
2018-05-27 05:28:59,3,51,22.5,87,15.5,1015.5,0.7,1.4,0,930.0,0
2018-05-27 05:31:59,3,51,22.5,86,15.5,1015.6,1.0,1.7,0,930.0,0
2018-05-27 05:34:59,3,51,22.4,85,15.6,1015.6,1.0,1.7,2,930.0,0
2018-05-27 05:37:59,3,51,22.4,85,15.7,1015.5,1.7,2.4,2,930.0,0
2018-05-27 05:40:59,3,51,22.4,84,15.8,1015.6,0.7,0.7,0,930.0,0
2018-05-27 05:43:59,3,52,22.3,84,16.0,1015.5,1.0,1.4,0,930.0,0
2018-05-27 05:46:59,3,52,22.3,84,16.1,1015.5,0.7,1.0,10,930.0,0
2018-05-27 05:49:59,3,52,22.3,83,16.2,1015.5,1.0,1.7,15,930.0,0
2018-05-27 05:52:59,3,52,22.3,83,16.3,1015.6,0.7,1.0,0,930.0,0
2018-05-27 05:55:59,3,52,22.3,82,16.4,1015.4,1.4,1.7,0,930.0,0
2018-05-27 05:58:59,3,52,22.3,82,16.5,1015.4,1.0,1.7,0,930.0,0
2018-05-27 06:01:59,3,52,22.3,82,16.7,1015.5,1.4,2.0,2,930.0,0
2018-05-27 06:04:59,3,52,22.3,82,16.7,1015.5,1.4,2.0,2,930.0,0
2018-05-27 06:07:59,3,52,22.3,76,17.6,1015.4,1.0,1.4,1,930.0,0
2018-05-27 06:10:59,3,52,22.3,75,17.9,1015.4,1.0,1.4,14,930.0,0
2018-05-27 06:13:59,3,52,22.3,74,18.2,1015.5,0.7,1.0,0,930.0,0
2018-05-27 06:16:59,3,52,22.3,73,18.6,1015.6,1.0,1.4,0,930.0,0
2018-05-27 06:19:59,3,52,22.3,72,19.1,1015.6,0.3,0.7,11,930.0,0
2018-05-27 06:22:59,3,53,22.3,71,19.4,1015.6,0.7,1.4,0,930.0,0
2018-05-27 06:25:59,3,53,22.3,71,19.5,1015.6,1.4,1.7,14,930.0,0
2018-05-27 06:28:59,3,53,22.3,70,19.6,1015.6,1.4,1.7,2,930.0,0
2018-05-27 06:31:59,3,53,22.3,70,19.5,1015.6,0.3,0.7,0,930.0,0
2018-05-27 06:34:59,3,53,22.3,70,19.7,1015.6,1.0,1.4,0,930.0,0
2018-05-27 06:37:59,3,53,22.3,69,20.0,1015.6,1.0,1.4,9,930.0,0
2018-05-27 06:40:59,3,53,22.3,68,20.3,1015.6,0.7,1.0,2,930.0,0
2018-05-27 06:43:59,3,53,22.3,67,20.5,1015.6,0.7,1.4,4,930.0,0
2018-05-27 06:46:59,3,53,22.3,66,20.6,1015.7,0,0,14,930.0,0
2018-05-27 06:49:59,3,53,22.3,67,21.1,1015.7,0.7,1.4,0,930.0,0
2018-05-27 06:52:59,3,53,22.3,65,21.0,1015.6,1.0,1.4,0,930.0,0
2018-05-27 06:55:59,3,53,22.3,65,21.2,1015.6,0.3,0.7,0,930.0,0
2018-05-27 06:58:59,3,53,22.3,64,21.2,1015.6,1.4,2.4,0,930.0,0
2018-05-27 07:01:59,3,53,22.3,64,21.4,1015.7,0.7,1.7,6,930.0,0
2018-05-27 07:04:59,3,53,22.3,64,21.5,1015.6,0.3,0.7,15,930.0,0
2018-05-27 07:07:59,3,53,22.3,63,21.6,1015.6,0.7,1.4,0,930.0,0
2018-05-27 07:10:59,3,53,22.3,63,21.5,1015.7,1.0,1.4,2,930.0,0
2018-05-27 07:13:59,3,53,22.4,64,21.4,1015.6,0.7,1.0,0,930.0,0
2018-05-27 07:16:59,3,53,22.4,64,21.5,1015.7,0.7,1.0,0,930.0,0
2018-05-27 07:19:59,3,53,22.4,65,21.6,1015.6,0.3,1.0,14,930.0,0
2018-05-27 07:22:59,3,54,22.5,63,21.5,1015.7,1.4,2.0,0,930.0,0
2018-05-27 07:25:59,3,54,22.5,64,21.5,1015.7,1.0,1.4,14,930.0,0
2018-05-27 07:28:59,3,53,22.5,64,21.6,1015.8,1.4,2.0,1,930.0,0
2018-05-27 07:31:59,3,53,22.5,64,21.7,1015.7,1.4,1.7,14,930.0,0
2018-05-27 07:34:59,3,53,22.5,64,21.8,1015.7,1.0,1.4,14,930.0,0
2018-05-27 07:37:59,3,53,22.5,64,22.0,1015.8,1.0,1.7,2,930.0,0
2018-05-27 07:40:59,3,53,22.5,63,22.3,1015.9,2.4,2.7,2,930.0,0
2018-05-27 07:43:59,3,53,22.5,63,22.1,1015.7,1.0,1.4,12,930.0,0
2018-05-27 07:46:59,3,53,22.5,63,22.3,1015.7,1.0,1.7,2,930.0,0
2018-05-27 07:49:59,3,53,22.6,61,22.6,1015.8,0.7,1.0,0,930.0,0
2018-05-27 07:52:59,3,53,22.6,60,22.8,1015.6,0.7,1.0,0,930.0,0
2018-05-27 07:55:59,3,53,22.6,60,22.8,1015.6,1.0,1.7,0,930.0,0
2018-05-27 07:58:59,3,54,22.6,60,22.9,1015.7,0.7,1.4,0,930.0,0
2018-05-27 08:01:59,3,54,22.7,59,22.9,1015.6,0.7,1.0,14,930.0,0
2018-05-27 08:04:59,3,55,22.8,59,22.9,1015.7,0.7,1.0,14,930.0,0
2018-05-27 08:07:59,3,55,23.0,58,23.3,1015.7,0.3,0.7,0,930.0,0
2018-05-27 08:10:59,3,55,23.1,57,23.5,1015.6,1.0,1.4,4,930.0,0
2018-05-27 08:13:59,3,55,23.2,56,23.6,1015.6,0.7,1.4,8,930.0,0
2018-05-27 08:16:59,3,54,23.3,55,24.0,1015.7,1.4,2.0,2,930.0,0
2018-05-27 08:19:59,3,54,23.4,54,24.1,1015.7,1.0,1.4,0,930.0,0
2018-05-27 08:22:59,3,54,23.5,53,24.1,1015.7,1.4,1.7,0,930.0,0
2018-05-27 08:25:59,3,53,23.6,54,24.0,1015.7,0.7,1.0,0,930.0,0
2018-05-27 08:29:00,3,53,23.7,52,24.2,1015.8,1.0,1.7,8,930.0,0
2018-05-27 08:32:00,3,53,23.8,51,24.4,1015.8,0.3,0.7,2,930.0,0
2018-05-27 08:35:00,3,53,23.8,52,24.6,1015.8,0.7,1.4,4,930.0,0
2018-05-27 08:38:00,3,53,23.9,51,24.8,1015.9,0.3,1.0,0,930.0,0
2018-05-27 08:41:00,3,51,24.0,50,25.0,1015.9,3.1,3.7,8,930.0,0
2018-05-27 08:44:00,3,51,24.1,51,25.0,1016.0,0.7,1.0,12,930.0,0
2018-05-27 08:47:00,3,51,24.2,51,25.1,1016.0,1.0,1.4,14,930.0,0
2018-05-27 08:50:00,3,51,24.4,50,25.0,1016.0,0.7,1.0,4,930.0,0
2018-05-27 08:53:00,3,51,24.5,50,24.8,1016.1,1.7,2.0,12,930.0,0
2018-05-27 08:56:00,3,51,24.6,50,24.9,1016.0,1.0,1.7,14,930.0,0
2018-05-27 08:59:00,3,50,24.7,50,25.1,1016.1,1.0,1.7,6,930.0,0
2018-05-27 09:02:00,3,50,24.8,50,25.1,1016.1,1.0,1.7,12,930.0,0
2018-05-27 09:05:00,3,49,24.8,50,25.0,1016.1,3.4,4.1,0,930.0,0
2018-05-27 09:08:00,3,47,25.0,50,24.9,1016.0,1.0,1.4,12,930.0,0
2018-05-27 09:11:00,3,47,25.1,50,25.0,1016.1,0.7,1.0,2,930.0,0
2018-05-27 09:14:00,3,47,25.1,50,25.3,1016.0,2.0,2.4,6,930.0,0
2018-05-27 09:17:00,3,46,25.3,50,25.4,1016.0,1.0,2.0,4,930.0,0
2018-05-27 09:20:00,3,46,25.3,49,25.6,1016.1,0.3,1.0,12,930.0,0
2018-05-27 09:23:00,3,46,25.3,48,25.8,1016.1,1.7,2.7,4,930.0,0
2018-05-27 09:26:00,3,46,25.3,48,25.7,1016.1,1.0,1.4,0,930.0,0
2018-05-27 09:29:00,3,46,25.3,46,26.0,1016.0,1.4,2.0,8,930.0,0
2018-05-27 09:32:00,3,45,25.3,48,26.2,1016.0,0,0.3,0,930.0,0
2018-05-27 09:35:00,3,45,25.3,46,26.4,1016.0,1.7,2.0,0,930.0,0
2018-05-27 09:38:00,3,45,25.3,46,26.3,1016.0,2.0,2.7,14,930.0,0
2018-05-27 09:41:00,3,45,25.3,46,25.9,1016.0,2.0,2.7,0,930.0,0
2018-05-27 09:44:00,3,46,25.3,48,25.9,1015.9,0.3,1.0,2,930.0,0
2018-05-27 09:47:00,3,46,25.2,48,26.0,1015.9,0.3,1.0,12,930.0,0
2018-05-27 09:50:00,3,46,25.2,48,26.2,1015.8,1.4,1.7,15,930.0,0
2018-05-27 09:53:00,3,46,25.1,49,26.2,1015.8,1.7,2.4,0,930.0,0
2018-05-27 09:56:00,3,46,25.1,46,26.2,1015.8,1.7,2.0,2,930.0,0
2018-05-27 09:59:00,3,46,25.0,47,26.2,1015.9,1.0,1.4,14,930.0,0
2018-05-27 10:02:00,3,46,25.0,49,26.3,1015.9,0.3,0.7,2,930.0,0
2018-05-27 10:05:00,3,46,25.0,49,26.3,1015.8,0.3,0.7,2,930.0,0
2018-05-27 10:08:00,3,46,25.0,45,27.0,1015.8,1.4,1.7,15,930.0,0
2018-05-27 10:11:00,3,47,24.8,46,26.9,1015.7,2.0,3.1,2,930.0,0
2018-05-27 10:14:00,3,47,24.8,45,26.8,1015.6,2.0,2.7,4,930.0,0
2018-05-27 10:17:00,3,47,24.8,44,26.8,1015.7,0.7,1.0,0,930.0,0
2018-05-27 10:20:00,3,47,24.8,44,26.9,1015.8,1.7,2.4,4,930.0,0
2018-05-27 10:23:00,3,48,24.8,43,26.9,1015.7,1.7,2.0,0,930.0,0
2018-05-27 10:26:00,3,48,24.8,43,27.0,1015.7,1.4,2.0,8,930.0,0
2018-05-27 10:29:00,3,48,24.8,44,26.9,1015.6,0.3,0.7,12,930.0,0
2018-05-27 10:32:00,3,48,24.8,43,26.9,1015.6,0.7,1.4,8,930.0,0
2018-05-27 10:35:00,3,48,24.8,43,26.9,1015.7,1.4,2.4,0,930.0,0
2018-05-27 10:38:00,3,48,24.8,43,27.1,1015.7,0.3,0.7,14,930.0,0
2018-05-27 10:41:00,3,48,24.8,40,27.5,1015.6,1.4,2.0,14,930.0,0
2018-05-27 10:44:00,3,48,24.8,40,27.6,1015.6,2.4,2.7,8,930.0,0
2018-05-27 10:47:00,3,48,24.8,41,27.7,1015.6,0.7,1.0,10,930.0,0
2018-05-27 10:50:00,3,48,24.8,41,28.0,1015.6,1.4,1.7,2,930.0,0
2018-05-27 10:53:00,3,49,24.8,40,27.9,1015.5,1.0,1.4,0,930.0,0
2018-05-27 10:56:00,3,49,24.8,40,28.1,1015.5,1.0,1.4,0,930.0,0
2018-05-27 10:59:00,3,49,24.8,41,28.3,1015.5,0.3,0.7,0,930.0,0
2018-05-27 11:02:00,3,49,24.8,38,28.3,1015.4,1.4,2.0,14,930.0,0
2018-05-27 11:05:00,3,49,24.8,39,27.8,1015.6,2.0,2.7,2,930.0,0
2018-05-27 11:08:00,3,49,24.8,40,27.8,1015.4,0.3,0.3,0,930.0,0
2018-05-27 11:11:00,3,49,24.8,40,28.0,1015.4,1.0,1.4,14,930.0,0
2018-05-27 11:14:00,3,49,24.8,39,27.9,1015.4,1.0,1.7,0,930.0,0
2018-05-27 11:17:00,3,49,24.8,38,28.1,1015.4,1.4,1.7,14,930.0,0
2018-05-27 11:20:00,3,49,24.8,38,28.3,1015.3,1.4,2.0,0,930.0,0
2018-05-27 11:23:00,3,49,24.8,36,28.1,1015.2,1.4,2.4,15,930.0,0
2018-05-27 11:26:00,3,49,24.8,38,28.4,1015.2,0.3,0.7,2,930.0,0
2018-05-27 11:29:00,3,49,24.8,34,28.7,1015.2,2.0,3.1,2,930.0,0
2018-05-27 11:32:00,3,49,24.8,34,28.4,1015.1,0.3,0.7,14,930.0,0
2018-05-27 11:35:00,3,49,24.8,35,28.4,1015.0,1.4,1.7,2,930.0,0
2018-05-27 11:38:00,3,49,24.8,34,28.5,1015.0,0.7,1.0,0,930.0,0
2018-05-27 11:41:00,3,49,24.8,33,28.7,1015.0,1.0,1.7,14,930.0,0
2018-05-27 11:44:00,3,49,24.8,33,28.5,1014.9,1.0,1.4,15,930.0,0
2018-05-27 11:47:00,3,49,24.8,34,28.7,1014.9,1.0,1.7,0,930.0,0
2018-05-27 11:50:00,3,49,24.8,32,28.6,1014.8,1.7,2.4,0,930.0,0
2018-05-27 11:53:00,3,49,24.8,33,28.5,1014.8,1.0,1.7,14,930.0,0
2018-05-27 11:56:00,3,49,24.8,32,28.8,1014.6,0.7,1.4,12,930.0,0
2018-05-27 11:59:00,3,48,25.0,33,29.0,1014.7,1.0,1.4,0,930.0,0
2018-05-27 12:02:00,3,48,25.0,32,29.1,1014.6,0.7,1.0,6,930.0,0
2018-05-27 12:05:00,3,47,25.0,32,29.1,1014.6,0.7,1.0,6,930.0,0
2018-05-27 12:08:00,3,47,25.0,30,28.6,1014.5,2.0,3.1,0,930.0,0
2018-05-27 12:11:00,3,47,25.0,31,28.5,1014.5,1.4,2.0,4,930.0,0
2018-05-27 12:14:00,3,47,25.0,30,28.7,1014.6,1.7,2.4,0,930.0,0
2018-05-27 12:17:00,3,47,25.0,32,28.9,1014.5,0.3,0.7,5,930.0,0
2018-05-27 12:20:00,3,47,25.0,31,29.2,1014.4,0.7,1.0,4,930.0,0
2018-05-27 12:23:00,3,47,25.0,30,29.4,1014.3,2.0,2.7,2,930.0,0
2018-05-27 12:26:00,3,47,25.1,30,29.1,1014.4,2.0,2.4,0,930.0,0
2018-05-27 12:29:00,3,47,25.1,31,29.1,1014.4,2.0,2.7,0,930.0,0
2018-05-27 12:32:00,3,47,25.1,30,29.1,1014.2,1.4,2.0,15,930.0,0
2018-05-27 12:35:00,3,47,25.1,31,29.0,1014.2,1.4,2.4,2,930.0,0
2018-05-27 12:38:00,3,47,25.1,31,29.1,1014.2,1.7,2.4,8,930.0,0
2018-05-27 12:41:00,3,46,25.1,31,29.2,1014.2,1.0,1.4,0,930.0,0
2018-05-27 12:44:00,3,46,25.1,31,29.1,1014.2,1.0,1.7,4,930.0,0
2018-05-27 12:47:00,3,46,25.2,31,29.1,1014.2,0.3,0.7,14,930.0,0
2018-05-27 12:50:00,3,46,25.2,31,29.1,1014.0,1.7,2.0,0,930.0,0
2018-05-27 12:53:00,3,46,25.2,32,29.1,1014.1,0.7,1.0,2,930.0,0
2018-05-27 12:56:00,3,46,25.2,30,29.2,1014.1,1.0,1.4,14,930.0,0
2018-05-27 12:59:00,3,46,25.2,31,29.2,1014.1,0.7,1.4,0,930.0,0
2018-05-27 13:02:00,3,46,25.2,31,28.9,1014.2,1.0,1.7,0,930.0,0
2018-05-27 13:05:00,3,46,25.2,31,28.3,1014.1,1.4,1.7,4,930.0,0
2018-05-27 13:08:00,3,46,25.2,31,28.0,1014.1,0.7,1.4,4,930.0,0
2018-05-27 13:11:00,3,46,25.3,32,27.8,1014.1,0.7,1.4,0,930.0,0
2018-05-27 13:14:00,3,46,25.3,32,27.7,1014.3,2.0,2.7,2,930.0,0
2018-05-27 13:17:00,3,46,25.3,39,26.9,1014.2,1.4,2.4,6,930.0,0
2018-05-27 13:20:00,3,46,25.3,41,26.0,1014.4,2.0,3.4,4,930.0,0
2018-05-27 13:23:00,3,46,25.3,44,25.5,1014.5,2.0,3.1,12,930.0,0
2018-05-27 13:26:00,3,46,25.3,45,25.2,1014.6,1.0,1.7,8,930.0,0
2018-05-27 13:29:00,3,46,25.3,52,24.9,1014.5,0.7,1.0,14,930.3,0
2018-05-27 13:32:00,3,46,25.3,54,24.2,1014.5,0.3,0.7,14,930.6,0
2018-05-27 13:35:00,3,46,25.3,60,23.8,1014.3,0.7,1.0,14,930.6,0
2018-05-27 13:38:00,3,46,25.3,63,23.3,1014.3,0,0,0,930.6,0
2018-05-27 13:41:00,3,46,25.3,66,23.1,1014.2,0.3,0.7,0,930.6,0
2018-05-27 13:44:00,3,47,25.3,67,23.3,1014.1,0.3,0.7,14,930.6,0
2018-05-27 13:47:00,3,48,25.3,63,23.5,1014.1,0.7,1.0,0,930.6,0
2018-05-27 13:50:00,3,49,25.3,64,24.1,1014.1,0.3,0.7,0,930.6,0
2018-05-27 13:53:00,3,50,25.3,61,24.7,1014.0,0.7,1.0,0,930.6,0
2018-05-27 13:56:00,3,50,25.3,61,25.2,1014.1,0.7,1.0,0,930.6,0
2018-05-27 13:59:00,3,50,25.3,60,25.5,1013.9,0.3,0.7,0,930.6,0
2018-05-27 14:02:00,3,50,25.4,61,25.7,1014.0,0.3,0.7,0,930.6,0
2018-05-27 14:05:00,3,50,25.4,61,25.7,1014.1,0.3,0.7,0,930.6,0
2018-05-27 14:08:00,3,50,25.4,48,26.1,1014.2,0,0.3,0,930.6,0
2018-05-27 14:11:00,3,50,25.4,50,26.1,1014.1,0.3,0.3,0,930.6,0
2018-05-27 14:14:00,3,50,25.4,51,26.0,1014.3,0.3,0.3,0,930.6,0
2018-05-27 14:17:00,3,50,25.4,51,25.9,1014.2,0,0.3,0,930.6,0
2018-05-27 14:20:00,3,50,25.4,48,25.8,1014.2,0,0.3,4,930.6,0
2018-05-27 14:23:00,3,50,25.4,51,25.7,1014.3,0.3,0.7,12,930.6,0
2018-05-27 14:26:00,3,50,25.4,50,25.7,1014.3,0,0.3,10,930.6,0
2018-05-27 14:29:00,3,50,25.4,54,26.0,1014.2,0,0.3,0,930.6,0
2018-05-27 14:32:00,3,50,25.4,45,26.3,1014.2,0.3,0.7,4,930.6,0
2018-05-27 14:35:00,3,50,25.4,47,26.6,1014.2,0,0.3,0,930.6,0
2018-05-27 14:38:00,3,50,25.4,44,27.1,1014.2,0.7,1.0,4,930.6,0
2018-05-27 14:41:00,3,49,26.2,40,27.2,1014.2,0.7,1.0,4,930.6,0
2018-05-27 14:44:00,3,49,26.2,42,27.2,1014.1,0.3,0.7,6,930.6,0
2018-05-27 14:47:00,3,49,26.2,41,26.9,1014.1,2.0,2.4,2,930.6,0
2018-05-27 14:50:00,3,49,26.2,41,26.5,1014.3,1.4,1.7,4,930.6,0
2018-05-27 14:53:00,3,48,26.2,43,26.4,1014.1,1.4,1.7,4,930.6,0
2018-05-27 14:56:00,3,48,26.2,43,26.2,1014.1,0.7,1.0,6,930.6,0
2018-05-27 14:59:00,3,48,26.2,44,26.0,1014.2,1.4,2.0,4,930.6,0
2018-05-27 15:02:00,3,47,26.2,43,25.8,1014.2,1.0,1.4,4,930.6,0
2018-05-27 15:05:00,3,47,26.2,45,25.8,1014.2,1.0,1.4,6,930.6,0
2018-05-27 15:08:00,3,47,26.2,45,25.9,1014.2,0.7,1.4,10,930.6,0
2018-05-27 15:11:00,3,47,26.2,45,26.0,1014.2,1.0,1.4,4,930.6,0
2018-05-27 15:14:00,3,47,26.2,43,25.9,1014.1,1.7,2.4,0,930.6,0
2018-05-27 15:17:00,3,47,26.2,45,25.7,1014.2,1.0,1.7,2,930.6,0
2018-05-27 15:20:00,3,46,26.2,45,25.7,1014.1,0.7,1.0,4,930.6,0
2018-05-27 15:23:00,3,46,26.2,47,25.7,1014.0,0.7,1.0,2,930.6,0
2018-05-27 15:26:00,3,46,26.2,48,25.6,1014.1,1.0,1.7,2,930.6,0
2018-05-27 15:29:00,3,46,26.2,49,25.6,1014.0,0.3,0.7,0,930.6,0
2018-05-27 15:32:00,3,46,26.2,49,25.4,1014.0,0.3,1.0,4,930.6,0
2018-05-27 15:35:00,3,46,26.2,50,25.4,1014.0,0.7,1.4,12,930.6,0
2018-05-27 15:38:00,3,46,26.2,50,25.4,1013.8,0.7,1.0,2,930.6,0
2018-05-27 15:41:00,3,46,26.2,50,25.4,1013.9,1.0,1.7,0,930.6,0
2018-05-27 15:44:00,3,46,26.2,51,25.5,1013.8,0.7,1.0,0,930.6,0
2018-05-27 15:47:00,3,46,26.2,51,25.6,1013.7,0.7,1.4,0,930.6,0
2018-05-27 15:50:00,3,46,26.2,50,25.7,1013.7,1.0,1.4,12,930.6,0
2018-05-27 15:53:00,3,46,26.2,50,25.8,1013.8,0,0.7,6,930.6,0
2018-05-27 15:56:00,3,46,26.2,50,26.0,1013.7,0.7,1.0,10,930.6,0
2018-05-27 15:59:00,3,46,26.2,48,26.2,1013.7,0.7,1.0,2,930.6,0
2018-05-27 16:02:00,3,46,26.2,47,26.4,1013.7,1.7,2.4,0,930.6,0
2018-05-27 16:05:00,3,46,26.2,47,26.4,1013.9,1.7,2.4,0,930.6,0
2018-05-27 16:08:00,3,46,26.2,43,27.0,1013.8,2.7,4.4,6,930.6,0
2018-05-27 16:11:00,3,46,26.3,43,27.1,1013.8,0.7,1.0,14,930.6,0
2018-05-27 16:14:00,3,46,26.3,42,27.3,1013.8,2.0,2.7,5,930.6,0
2018-05-27 16:17:00,3,46,26.3,42,27.3,1013.7,0.7,1.4,15,930.6,0
2018-05-27 16:20:00,3,46,26.3,40,27.5,1013.7,1.0,1.4,4,930.6,0
2018-05-27 16:23:00,3,46,26.3,40,27.6,1013.7,0.3,1.0,4,930.6,0
2018-05-27 16:26:00,3,46,26.3,41,27.7,1013.7,0.7,0.7,2,930.6,0
2018-05-27 16:29:00,3,46,26.4,40,27.6,1013.7,1.0,2.0,14,930.6,0
2018-05-27 16:32:00,3,46,26.5,40,27.5,1013.8,1.0,1.4,2,930.6,0
2018-05-27 16:35:00,3,46,26.5,45,27.2,1013.7,2.7,3.7,2,930.6,0
2018-05-27 16:38:00,3,46,26.5,46,26.6,1013.8,2.0,2.7,0,930.6,0
2018-05-27 16:41:00,3,46,26.5,48,26.5,1013.7,1.4,2.4,4,930.6,0
2018-05-27 16:44:00,3,46,26.5,49,26.5,1013.7,1.4,2.0,14,930.6,0
2018-05-27 16:47:00,3,45,26.5,50,26.4,1013.7,0.7,1.4,2,930.6,0
2018-05-27 16:50:00,3,46,26.5,47,26.5,1013.8,1.7,2.7,6,930.6,0
2018-05-27 16:53:00,3,46,26.5,46,26.6,1013.7,1.0,1.4,6,930.6,0
2018-05-27 16:56:00,3,46,26.5,46,26.7,1013.7,1.7,3.1,4,930.6,0
2018-05-27 16:59:00,3,46,26.5,46,26.5,1013.8,0.7,1.0,15,930.6,0
2018-05-27 17:02:00,3,46,26.5,46,26.5,1013.8,1.0,1.4,2,930.6,0
2018-05-27 17:05:00,3,45,26.6,45,26.1,1013.8,0.7,1.4,2,930.6,0
2018-05-27 17:08:00,3,45,26.6,46,26.0,1013.9,1.4,2.0,14,930.6,0
2018-05-27 17:11:00,3,45,26.6,45,26.0,1013.8,1.4,1.7,4,930.6,0
2018-05-27 17:14:00,3,45,26.6,45,25.7,1013.8,1.4,2.0,4,930.6,0
2018-05-27 17:17:00,3,45,26.6,46,25.6,1014.0,1.7,2.7,4,930.6,0
2018-05-27 17:20:00,3,45,26.6,45,25.4,1013.9,0.7,1.0,2,930.6,0
2018-05-27 17:23:00,3,45,26.6,45,25.2,1014.0,1.0,1.7,0,930.6,0
2018-05-27 17:26:00,3,45,26.6,45,24.9,1014.2,1.7,3.7,0,930.6,0
2018-05-27 17:29:00,3,45,26.6,47,24.6,1014.2,1.0,1.4,0,930.6,0
2018-05-27 17:32:00,3,45,26.6,47,24.5,1014.2,0.7,1.4,2,930.6,0
2018-05-27 17:35:00,3,45,26.6,47,24.5,1014.2,1.0,1.7,2,930.6,0
2018-05-27 17:38:00,3,45,26.6,48,24.5,1014.3,1.0,2.0,10,930.6,0
2018-05-27 17:41:00,3,44,26.6,48,24.3,1014.3,0.7,1.0,0,930.6,0
2018-05-27 17:44:00,3,44,26.6,49,24.2,1014.4,1.0,1.4,0,930.6,0
2018-05-27 17:47:00,3,44,26.6,50,24.0,1014.4,0.3,0.7,1,930.6,0
2018-05-27 17:50:00,3,44,26.6,50,23.8,1014.5,1.4,2.0,6,930.6,0
2018-05-27 17:53:00,3,44,26.6,50,23.6,1014.5,1.4,2.0,4,930.6,0
2018-05-27 17:56:00,3,44,26.6,50,23.4,1014.4,0.7,1.0,0,930.6,0
2018-05-27 17:59:00,3,44,26.6,50,23.3,1014.5,0.3,0.7,14,930.6,0
2018-05-27 18:02:00,3,43,26.6,51,23.3,1014.5,2.4,3.7,2,930.6,0
2018-05-27 18:05:00,3,43,26.6,51,23.3,1014.5,2.4,3.7,2,930.6,0
2018-05-27 18:08:00,3,43,26.6,51,23.0,1014.5,1.4,1.7,4,930.6,0
2018-05-27 18:11:00,3,43,26.6,51,22.9,1014.5,0.7,1.4,2,930.6,0
2018-05-27 18:14:00,3,43,26.6,52,22.9,1014.4,0.7,1.4,0,930.6,0
2018-05-27 18:17:00,3,43,26.6,52,22.8,1014.5,1.0,1.4,4,930.6,0
2018-05-27 18:20:00,3,43,26.6,52,22.7,1014.6,0.7,0.7,4,930.6,0
2018-05-27 18:23:00,3,43,26.5,52,22.6,1014.5,1.4,2.0,14,930.6,0
2018-05-27 18:26:00,3,43,26.5,53,22.5,1014.6,0.3,0.7,0,930.6,0
2018-05-27 18:29:00,3,43,26.5,57,22.3,1014.6,3.4,4.4,0,930.6,0
2018-05-27 18:32:00,3,43,26.5,57,22.2,1014.6,0.3,0.7,0,930.6,0
2018-05-27 18:35:00,3,43,26.5,58,22.1,1014.7,1.0,1.7,0,930.6,0
2018-05-27 18:38:00,3,43,26.5,59,22.0,1014.7,1.4,2.4,0,930.6,0
2018-05-27 18:41:00,3,43,26.5,59,21.8,1014.7,1.4,2.0,14,930.6,0
2018-05-27 18:44:00,3,43,26.5,60,21.7,1014.7,0.7,1.4,0,930.6,0
2018-05-27 18:47:00,3,43,26.5,60,21.6,1014.7,1.0,1.7,14,930.6,0
2018-05-27 18:50:00,3,43,26.5,60,21.5,1014.8,1.7,2.0,0,930.6,0
2018-05-27 18:53:00,3,43,26.5,60,21.4,1014.9,0.7,1.7,4,930.6,0
2018-05-27 18:56:00,3,43,26.5,61,21.3,1014.9,0.7,1.0,0,930.6,0
2018-05-27 18:59:00,3,43,26.5,61,21.2,1014.8,1.0,1.4,12,930.6,0
2018-05-27 19:02:00,3,43,26.5,61,21.1,1014.9,0.3,0.7,6,930.6,0
2018-05-27 19:05:00,3,43,26.5,62,21.0,1015.0,1.4,2.0,3,930.6,0
2018-05-27 19:08:00,3,43,26.5,62,20.8,1014.9,1.0,1.4,4,930.6,0
2018-05-27 19:11:00,3,43,26.5,63,20.7,1015.0,1.0,1.7,14,930.6,0
2018-05-27 19:14:00,3,43,26.5,63,20.6,1015.0,1.4,1.7,0,930.6,0
2018-05-27 19:17:00,3,43,26.5,64,20.5,1015.0,0.3,0.7,1,930.6,0
2018-05-27 19:20:00,3,43,26.4,65,20.4,1015.1,0.7,1.0,4,930.6,0
2018-05-27 19:23:00,3,43,26.4,65,20.4,1015.2,0.7,1.0,0,930.6,0
2018-05-27 19:26:00,3,43,26.4,65,20.3,1015.2,1.0,1.7,0,930.6,0
2018-05-27 19:29:00,3,43,26.4,65,20.2,1015.2,0.7,1.0,2,930.6,0
2018-05-27 19:32:00,3,43,26.4,66,20.1,1015.2,1.0,1.4,0,930.6,0
2018-05-27 19:35:00,3,43,26.2,66,20.1,1015.1,0.7,1.0,0,930.6,0
2018-05-27 19:38:00,3,43,26.3,67,19.9,1015.2,1.4,2.4,0,930.6,0
2018-05-27 19:41:00,3,43,26.3,67,19.8,1015.2,1.0,1.4,0,930.6,0
2018-05-27 19:44:00,3,43,26.3,68,19.8,1015.2,0.7,1.0,0,930.6,0
2018-05-27 19:47:00,3,43,26.3,68,19.7,1015.2,0.7,1.0,0,930.6,0
2018-05-27 19:50:00,3,43,26.3,69,19.6,1015.2,1.7,2.7,2,930.6,0
2018-05-27 19:53:00,3,43,26.3,70,19.5,1015.2,0.7,1.0,0,930.6,0
2018-05-27 19:56:00,3,43,26.3,70,19.4,1015.1,1.0,1.4,15,930.6,0
2018-05-27 19:59:00,3,43,26.3,70,19.3,1015.2,1.0,1.4,10,930.6,0
2018-05-27 20:02:00,3,43,26.3,70,19.3,1015.2,0.7,1.0,0,930.6,0
2018-05-27 20:05:00,3,43,26.3,70,19.3,1015.1,0.7,1.0,0,930.6,0
2018-05-27 20:08:00,3,43,26.2,70,19.1,1015.1,1.4,1.7,0,930.6,0
2018-05-27 20:11:00,3,43,26.2,70,19.1,1015.1,0.7,1.4,0,930.6,0
2018-05-27 20:14:00,3,43,26.2,70,19.0,1015.0,1.0,1.4,14,930.6,0
2018-05-27 20:17:00,3,43,26.2,70,18.9,1014.9,0,0.3,0,930.6,0
2018-05-27 20:20:00,3,43,26.2,71,18.8,1014.9,0.7,1.0,2,930.6,0
2018-05-27 20:23:00,3,43,26.2,71,18.8,1014.9,0.7,1.0,0,930.6,0
2018-05-27 20:26:00,3,43,26.2,71,18.7,1014.9,0,0,2,930.6,0
2018-05-27 20:29:00,3,44,26.2,71,18.6,1014.9,0.3,0.7,2,930.6,0
2018-05-27 20:32:00,3,44,26.2,71,18.5,1014.9,0.3,0.7,2,930.6,0
2018-05-27 20:35:00,3,44,26.2,71,18.5,1014.9,0.7,1.0,0,930.6,0
2018-05-27 20:38:00,3,44,26.2,72,18.4,1014.9,1.7,2.0,0,930.6,0
2018-05-27 20:41:00,3,44,26.2,72,18.4,1015.0,0.7,1.0,0,930.6,0
2018-05-27 20:44:00,3,44,26.2,72,18.4,1015.0,0.7,1.0,0,930.6,0
2018-05-27 20:47:00,3,44,26.2,72,18.3,1015.0,1.4,1.7,2,930.6,0
2018-05-27 20:50:00,3,44,26.2,72,18.3,1014.9,1.0,1.7,0,930.6,0
2018-05-27 20:53:00,3,44,26.2,72,18.2,1015.0,0.7,1.0,0,930.6,0
2018-05-27 20:56:00,3,44,26.2,72,18.2,1014.9,0.7,1.0,2,930.6,0
2018-05-27 20:59:00,3,44,26.2,72,18.1,1015.0,0.3,0.7,0,930.6,0
2018-05-27 21:02:00,3,44,26.2,72,18.1,1015.0,0.7,1.0,0,930.6,0
2018-05-27 21:05:00,3,44,26.2,73,18.1,1015.1,1.4,2.0,0,930.6,0
2018-05-27 21:08:00,3,44,26.2,72,18.1,1015.0,0.7,1.0,0,930.6,0
2018-05-27 21:11:00,3,44,26.2,73,18.0,1015.1,0.3,1.0,2,930.6,0
2018-05-27 21:14:00,3,44,26.2,73,18.0,1015.1,0.7,1.0,0,930.6,0
2018-05-27 21:17:00,3,44,26.2,73,18.0,1015.1,1.0,1.4,0,930.6,0
2018-05-27 21:20:00,3,44,26.2,73,18.0,1015.1,1.0,1.4,2,930.6,0
2018-05-27 21:23:00,3,44,26.2,73,18.0,1015.1,1.4,2.0,4,930.6,0
2018-05-27 21:26:00,3,44,26.2,73,18.0,1015.2,0.3,1.0,4,930.6,0
2018-05-27 21:29:00,3,44,26.2,73,18.1,1015.1,1.4,1.7,0,930.6,0
2018-05-27 21:32:00,3,44,26.2,73,18.1,1015.1,1.0,1.7,2,930.6,0
2018-05-27 21:35:00,3,44,26.2,73,18.1,1015.2,1.0,1.4,0,930.6,0
2018-05-27 21:38:00,3,44,26.2,72,18.1,1015.1,0.7,1.0,5,930.6,0
2018-05-27 21:41:00,3,44,26.2,72,18.1,1015.1,0.7,1.0,0,930.6,0
2018-05-27 21:44:00,3,44,26.2,72,18.1,1015.0,0.7,1.0,0,930.6,0
2018-05-27 21:47:00,3,44,26.2,72,18.0,1015.2,1.4,1.7,0,930.6,0
2018-05-27 21:50:00,3,44,26.2,72,18.0,1015.2,0,0.3,0,930.6,0
2018-05-27 21:53:00,3,44,26.2,72,18.0,1015.2,0.3,1.4,0,930.6,0
2018-05-27 21:56:00,3,44,26.2,73,17.9,1015.2,1.0,1.7,0,930.6,0
2018-05-27 21:59:00,3,44,26.2,73,17.9,1015.1,0.7,1.0,0,930.6,0
