2018-05-24 00:01:59,3,33,25.4,70,14.0,1018.1,0,0,0,930.0,0
2018-05-24 00:04:59,3,33,25.4,70,14.0,1018.0,0,0,0,930.0,0
2018-05-24 00:07:59,3,33,25.4,71,14.0,1018.2,0.3,0.7,0,930.0,0
2018-05-24 00:10:59,3,33,25.4,71,14.0,1018.1,0.3,0.3,0,930.0,0
2018-05-24 00:13:59,3,33,25.4,71,13.9,1018.1,0,0,0,930.0,0
2018-05-24 00:16:59,3,33,25.4,71,13.8,1018.1,0,0.3,0,930.0,0
2018-05-24 00:19:59,3,33,25.4,71,13.7,1018.1,0,0.3,0,930.0,0
2018-05-24 00:22:59,3,33,25.4,71,13.7,1018.2,0,0.3,0,930.0,0
2018-05-24 00:25:59,3,33,25.4,71,13.6,1018.2,0,0.3,0,930.0,0
2018-05-24 00:28:59,3,33,25.3,71,13.6,1018.3,0.3,0.7,0,930.0,0
2018-05-24 00:31:59,3,33,25.2,72,13.5,1018.3,0,0,0,930.0,0
2018-05-24 00:34:59,3,33,25.3,72,13.5,1018.2,0,0,0,930.0,0
2018-05-24 00:37:59,3,33,25.2,72,13.4,1018.2,0.3,0.7,0,930.0,0
2018-05-24 00:40:59,3,33,25.2,72,13.3,1018.3,0.3,0.7,0,930.0,0
2018-05-24 00:43:59,3,33,25.2,72,13.3,1018.2,0.3,0.7,14,930.0,0
2018-05-24 00:46:59,3,33,25.2,72,13.3,1018.3,0,0,14,930.0,0
2018-05-24 00:49:59,3,33,25.2,72,13.3,1018.2,0.3,0.7,15,930.0,0
2018-05-24 00:52:59,3,33,25.2,72,13.3,1018.3,0.3,0.7,0,930.0,0
2018-05-24 00:55:59,3,33,25.2,72,13.3,1018.3,0.7,0.7,0,930.0,0
2018-05-24 00:58:59,3,33,25.2,73,13.3,1018.4,0.3,0.7,0,930.0,0
2018-05-24 01:01:59,3,33,25.1,72,13.3,1018.2,0.3,0.7,0,930.0,0
2018-05-24 01:04:59,3,33,25.1,72,13.3,1018.3,0.7,1.4,1,930.0,0
2018-05-24 01:07:59,3,33,25.1,73,13.3,1018.2,0.7,1.0,0,930.0,0
2018-05-24 01:10:59,3,33,25.1,73,13.3,1018.3,0.7,1.4,2,930.0,0
2018-05-24 01:13:59,3,33,25.0,73,13.3,1018.3,0.3,0.7,0,930.0,0
2018-05-24 01:16:59,3,33,25.0,73,13.2,1018.3,0.3,0.7,0,930.0,0
2018-05-24 01:19:59,3,33,25.0,73,13.2,1018.5,0.3,0.7,0,930.0,0
2018-05-24 01:22:59,3,33,25.0,73,13.2,1018.3,0.3,0.7,0,930.0,0
2018-05-24 01:25:59,3,33,25.0,73,13.1,1018.4,0.3,0.7,0,930.0,0
2018-05-24 01:28:59,3,33,25.0,73,13.0,1018.3,0.7,1.0,0,930.0,0
2018-05-24 01:31:59,3,33,25.0,73,13.0,1018.3,0.3,0.7,0,930.0,0
2018-05-24 01:34:59,3,33,25.0,73,12.9,1018.3,0,0,0,930.0,0
2018-05-24 01:37:59,3,33,25.0,73,12.8,1018.4,0,0,0,930.0,0
2018-05-24 01:40:59,3,33,25.0,73,12.8,1018.3,0.3,0.7,0,930.0,0
2018-05-24 01:43:59,3,33,25.0,74,12.7,1018.3,0.3,0.7,0,930.0,0
2018-05-24 01:46:59,3,34,24.9,74,12.7,1018.4,0,0,0,930.0,0
2018-05-24 01:49:59,3,34,24.9,74,12.6,1018.4,0,0,0,930.0,0
2018-05-24 01:52:59,3,34,24.9,74,12.6,1018.3,0,0,0,930.0,0
2018-05-24 01:55:59,3,34,24.9,74,12.5,1018.3,0,0,0,930.0,0
2018-05-24 01:58:59,3,34,24.8,74,12.5,1018.3,0,0,0,930.0,0
2018-05-24 02:01:59,3,34,24.8,74,12.5,1018.3,0,0,0,930.0,0
2018-05-24 02:04:59,3,34,24.8,74,12.5,1018.3,0,0,0,930.0,0
2018-05-24 02:07:59,3,34,24.8,75,12.5,1018.3,0.3,0.7,0,930.0,0
2018-05-24 02:10:59,3,34,24.9,75,12.5,1018.4,0.3,0.7,14,930.0,0
2018-05-24 02:13:59,3,34,24.9,75,12.7,1018.4,0.3,0.7,0,930.0,0
2018-05-24 02:16:59,3,34,24.7,74,12.7,1018.3,0.7,1.0,2,930.0,0
2018-05-24 02:19:59,3,34,24.7,74,12.8,1018.2,0,0.3,0,930.0,0
2018-05-24 02:22:59,3,34,24.7,74,12.8,1018.1,0.7,0.7,0,930.0,0
2018-05-24 02:25:59,3,34,24.7,74,12.8,1018.1,0.3,0.7,0,930.0,0
2018-05-24 02:28:59,3,34,24.7,73,12.7,1018.2,0,0,0,930.0,0
2018-05-24 02:31:59,3,34,24.7,74,12.7,1018.1,0.3,0.7,0,930.0,0
2018-05-24 02:34:59,3,34,24.7,74,12.7,1018.1,0,0.3,0,930.0,0
2018-05-24 02:37:59,3,34,24.7,74,12.7,1018.1,0.3,0.7,0,930.0,0
2018-05-24 02:40:59,3,34,24.7,74,12.7,1018.1,0.7,1.0,0,930.0,0
2018-05-24 02:43:59,3,34,24.6,74,12.8,1018.0,0.3,0.7,0,930.0,0
2018-05-24 02:46:59,3,34,24.6,74,12.9,1018.0,0.3,0.7,0,930.0,0
2018-05-24 02:49:59,3,34,24.6,73,12.9,1018.1,0.3,0.7,0,930.0,0
2018-05-24 02:52:59,3,34,24.6,73,12.9,1018.0,0.3,0.7,0,930.0,0
2018-05-24 02:55:59,3,34,24.6,73,12.9,1017.9,1.0,1.4,0,930.0,0
2018-05-24 02:58:59,3,34,24.5,73,13.0,1018.0,0.3,1.0,0,930.0,0
2018-05-24 03:01:59,3,34,24.5,73,13.2,1018.0,0.7,1.0,0,930.0,0
2018-05-24 03:04:59,3,34,24.5,73,13.3,1017.9,0.3,0.7,0,930.0,0
2018-05-24 03:07:59,3,34,24.5,72,13.4,1017.8,0.3,0.7,0,930.0,0
2018-05-24 03:10:59,3,34,24.5,72,13.4,1017.9,0.3,0.7,0,930.0,0
2018-05-24 03:13:59,3,34,24.5,72,13.5,1017.8,0.3,0.7,0,930.0,0
2018-05-24 03:16:59,3,34,24.5,71,13.5,1017.8,0,0.3,0,930.0,0
2018-05-24 03:19:59,3,34,24.5,71,13.5,1017.9,0.7,1.4,12,930.0,0
2018-05-24 03:22:59,3,34,24.5,71,13.6,1018.1,0.7,0.7,0,930.0,0
2018-05-24 03:25:59,3,34,24.5,71,13.6,1017.9,0,0.3,2,930.0,0
2018-05-24 03:28:59,3,34,24.5,71,13.7,1017.8,0.3,0.7,0,930.0,0
2018-05-24 03:31:59,3,34,24.5,71,13.7,1017.8,0.7,1.0,0,930.0,0
2018-05-24 03:34:59,3,34,24.4,71,13.7,1017.9,0.3,0.7,0,930.0,0
2018-05-24 03:37:59,3,34,24.4,71,13.8,1018.0,0.7,1.0,0,930.0,0
2018-05-24 03:40:59,3,34,24.4,71,13.7,1018.0,0.3,0.7,0,930.0,0
2018-05-24 03:43:59,3,34,24.4,71,13.8,1018.0,0,0.3,4,930.0,0
2018-05-24 03:46:59,3,35,24.4,71,13.8,1017.9,0.7,1.0,4,930.0,0
2018-05-24 03:49:59,3,35,24.2,71,13.8,1018.0,0,0.3,4,930.0,0
2018-05-24 03:52:59,3,35,24.1,71,13.8,1018.0,0.3,0.7,4,930.0,0
2018-05-24 03:55:59,3,36,23.9,71,13.9,1018.1,0.3,0.7,0,930.0,0
2018-05-24 03:58:59,3,36,23.8,71,14.0,1017.9,0.3,0.7,0,930.0,0
2018-05-24 04:01:59,3,36,23.8,71,14.0,1017.9,0.7,1.4,0,930.0,0
2018-05-24 04:04:59,3,37,23.6,71,14.0,1017.8,0.7,1.4,0,930.0,0
2018-05-24 04:07:59,3,37,23.5,71,14.2,1017.9,0.3,0.7,0,930.0,0
2018-05-24 04:10:59,3,37,23.4,70,14.3,1017.8,0.7,1.0,0,930.0,0
2018-05-24 04:13:59,3,37,23.3,70,14.3,1017.9,0.7,1.4,2,930.0,0
2018-05-24 04:16:59,3,38,23.1,70,14.4,1017.8,1.0,1.4,0,930.0,0
2018-05-24 04:19:59,3,38,23.0,70,14.5,1017.7,0.3,0.7,0,930.0,0
2018-05-24 04:22:59,3,38,23.0,70,14.5,1017.8,0.7,1.0,0,930.0,0
2018-05-24 04:25:59,3,39,22.9,70,14.6,1017.9,0.7,1.0,14,930.0,0
2018-05-24 04:28:59,3,39,22.8,70,14.6,1017.9,1.7,2.7,0,930.0,0
2018-05-24 04:31:59,3,39,22.8,70,14.7,1017.9,1.0,1.4,1,930.0,0
2018-05-24 04:34:59,3,39,22.7,70,14.7,1018.0,0.7,1.4,2,930.0,0
2018-05-24 04:37:59,3,39,22.7,70,14.8,1017.7,0,0,0,930.0,0
2018-05-24 04:40:59,3,39,22.6,70,14.8,1017.8,0.7,1.4,2,930.0,0
2018-05-24 04:43:59,3,39,22.6,70,14.8,1017.9,1.4,1.7,4,930.0,0
2018-05-24 04:46:59,3,40,22.6,70,14.9,1018.0,1.0,1.7,4,930.0,0
2018-05-24 04:49:59,3,40,22.5,70,14.9,1017.8,0.3,0.7,0,930.0,0
2018-05-24 04:52:59,3,40,22.5,70,15.0,1017.8,1.0,1.4,14,930.0,0
2018-05-24 04:55:59,3,40,22.4,70,15.0,1017.8,0.7,1.0,4,930.0,0
2018-05-24 04:58:59,3,40,22.3,69,15.1,1017.8,1.0,1.7,0,930.0,0
2018-05-24 05:01:59,3,40,22.3,69,15.1,1017.9,0.3,0.7,2,930.0,0
2018-05-24 05:04:59,3,40,22.3,69,15.2,1017.8,1.0,1.7,3,930.0,0
2018-05-24 05:07:59,3,40,22.2,69,15.3,1017.9,1.0,1.4,2,930.0,0
2018-05-24 05:10:59,3,40,22.2,69,15.3,1017.9,0.7,1.0,14,930.0,0
2018-05-24 05:13:59,3,41,22.2,69,15.4,1018.0,0.7,1.4,14,930.0,0
2018-05-24 05:16:59,3,41,22.2,68,15.6,1018.1,1.7,2.4,7,930.0,0
2018-05-24 05:19:59,3,41,22.2,68,15.6,1018.1,0.3,0.7,0,930.0,0
2018-05-24 05:22:59,3,41,22.2,68,15.7,1018.0,1.0,1.7,14,930.0,0
2018-05-24 05:25:59,3,41,22.2,68,15.8,1018.0,1.4,1.7,0,930.0,0
2018-05-24 05:28:59,3,42,22.1,67,15.9,1018.1,1.0,1.4,2,930.0,0
2018-05-24 05:31:59,3,42,22.1,67,16.0,1018.1,0.7,1.0,0,930.0,0
2018-05-24 05:34:59,3,42,22.1,67,16.1,1018.0,0,0.7,2,930.0,0
2018-05-24 05:37:59,3,42,22.1,67,16.2,1018.0,1.4,2.0,3,930.0,0
2018-05-24 05:40:59,3,42,22.2,66,16.3,1018.1,1.0,1.7,0,930.0,0
2018-05-24 05:43:59,3,42,22.2,66,16.4,1018.0,0.7,1.0,0,930.0,0
2018-05-24 05:46:59,3,41,22.2,66,16.5,1018.1,1.4,2.0,0,930.0,0
2018-05-24 05:49:59,3,41,22.3,65,16.6,1018.1,1.0,1.7,2,930.0,0
2018-05-24 05:52:59,3,41,22.3,65,16.6,1018.1,1.0,1.7,1,930.0,0
2018-05-24 05:55:59,3,41,22.4,65,16.8,1018.1,0.7,1.0,2,930.0,0
2018-05-24 05:58:59,3,41,22.5,65,17.0,1018.1,1.0,1.0,0,930.0,0
2018-05-24 06:01:59,3,41,22.6,65,17.2,1018.1,0.7,1.0,2,930.0,0
2018-05-24 06:04:59,3,41,22.6,65,17.2,1018.2,0.7,1.0,2,930.0,0
2018-05-24 06:07:59,3,41,22.6,60,18.0,1018.2,1.7,2.0,14,930.0,0
2018-05-24 06:10:59,3,41,22.7,59,17.9,1018.2,1.7,2.7,3,930.0,0
2018-05-24 06:13:59,3,41,22.7,59,17.7,1018.2,2.0,2.4,14,930.0,0
2018-05-24 06:16:59,3,41,22.7,59,17.8,1018.1,0.7,1.4,14,930.0,0
2018-05-24 06:19:59,3,41,22.9,59,17.9,1018.2,0.7,1.4,2,930.0,0
2018-05-24 06:22:59,3,41,22.9,59,18.0,1018.2,0.7,1.0,2,930.0,0
2018-05-24 06:25:59,3,41,22.9,59,18.1,1018.1,1.4,2.0,0,930.0,0
2018-05-24 06:28:59,3,41,23.0,58,18.4,1018.2,1.0,1.7,14,930.0,0
2018-05-24 06:31:59,3,42,23.0,57,18.7,1018.3,1.7,2.7,0,930.0,0
2018-05-24 06:34:59,3,41,23.0,56,18.7,1018.3,2.0,3.1,6,930.0,0
2018-05-24 06:37:59,3,41,23.0,56,18.7,1018.2,2.4,3.1,8,930.0,0
2018-05-24 06:40:59,3,41,23.0,56,18.8,1018.1,1.7,2.4,8,930.0,0
2018-05-24 06:43:59,3,41,23.0,56,18.9,1018.2,1.4,2.0,12,930.0,0
2018-05-24 06:46:59,3,41,23.1,56,18.8,1018.2,1.4,1.7,14,930.0,0
2018-05-24 06:49:59,3,42,23.1,56,18.9,1018.1,1.4,1.7,0,930.0,0
2018-05-24 06:52:59,3,42,23.1,55,19.1,1018.2,1.0,1.7,6,930.0,0
2018-05-24 06:55:59,3,42,23.1,55,19.1,1018.2,2.4,2.7,0,930.0,0
2018-05-24 06:58:59,3,42,23.2,55,19.0,1018.1,1.7,2.4,14,930.0,0
2018-05-24 07:01:59,3,42,23.2,55,19.0,1018.2,0.7,1.0,2,930.0,0
2018-05-24 07:04:59,3,42,23.2,55,19.1,1018.2,1.0,1.4,2,930.0,0
2018-05-24 07:07:59,3,42,23.2,55,18.9,1018.2,1.7,2.0,1,930.0,0
2018-05-24 07:10:59,3,42,23.2,56,19.0,1018.2,1.0,1.7,10,930.0,0
2018-05-24 07:13:59,3,42,23.2,56,19.1,1018.3,1.0,1.7,2,930.0,0
2018-05-24 07:16:59,3,42,23.1,56,19.1,1018.3,1.4,1.7,2,930.0,0
2018-05-24 07:19:59,3,42,23.1,55,19.0,1018.2,2.0,2.7,8,930.0,0
2018-05-24 07:22:59,3,42,23.1,55,18.8,1018.2,1.0,1.4,0,930.0,0
2018-05-24 07:25:59,3,42,23.1,56,18.8,1018.1,1.0,1.7,0,930.0,0
2018-05-24 07:28:59,3,42,23.1,57,19.0,1018.2,0.3,0.7,0,930.0,0
2018-05-24 07:31:59,3,42,23.1,57,19.4,1018.2,0.7,1.0,14,930.0,0
2018-05-24 07:34:59,3,42,23.0,56,19.7,1018.3,0.7,1.4,10,930.0,0
2018-05-24 07:37:59,3,42,23.0,54,19.9,1018.3,1.7,2.0,0,930.0,0
2018-05-24 07:40:59,3,42,23.0,54,19.9,1018.3,1.0,1.4,0,930.0,0
2018-05-24 07:43:59,3,42,23.0,54,20.1,1018.3,1.7,2.4,6,930.0,0
2018-05-24 07:46:59,3,42,23.0,55,20.4,1018.3,0.7,1.0,2,930.0,0
2018-05-24 07:49:59,3,42,23.0,53,20.9,1018.3,1.0,1.4,14,930.0,0
2018-05-24 07:52:59,3,43,23.0,52,21.3,1018.3,1.7,2.0,4,930.0,0
2018-05-24 07:55:59,3,43,23.0,52,21.8,1018.2,1.0,1.7,5,930.0,0
2018-05-24 07:58:59,3,43,23.0,51,21.9,1018.3,1.7,2.0,0,930.0,0
2018-05-24 08:01:59,3,43,23.0,50,21.8,1018.2,2.0,3.1,0,930.0,0
2018-05-24 08:04:59,3,43,23.0,50,21.8,1018.3,2.0,3.1,0,930.0,0
2018-05-24 08:07:59,3,43,23.0,51,21.9,1018.1,2.4,3.4,5,930.0,0
2018-05-24 08:10:59,3,43,23.0,52,22.0,1018.1,1.0,1.7,4,930.0,0
2018-05-24 08:13:59,3,43,23.0,51,22.1,1018.2,1.7,2.4,0,930.0,0
2018-05-24 08:16:59,3,43,23.0,50,22.3,1018.1,1.7,2.0,6,930.0,0
2018-05-24 08:19:59,3,43,23.0,50,22.0,1018.2,1.7,2.4,0,930.0,0
2018-05-24 08:22:59,3,43,23.0,50,22.0,1018.1,1.0,1.4,0,930.0,0
2018-05-24 08:25:59,3,43,23.0,50,22.2,1018.1,2.7,3.7,8,930.0,0
2018-05-24 08:28:59,3,43,23.0,50,22.2,1018.2,1.7,2.4,8,930.0,0
2018-05-24 08:31:59,3,43,23.0,49,22.4,1018.1,3.1,3.7,0,930.0,0
2018-05-24 08:34:59,3,43,23.0,50,22.3,1018.0,1.7,2.0,12,930.0,0
2018-05-24 08:37:59,3,43,23.0,45,22.6,1017.9,1.7,2.0,0,930.0,0
2018-05-24 08:40:59,3,43,23.0,46,23.0,1017.9,0.7,1.0,2,930.0,0
2018-05-24 08:43:59,3,43,23.0,44,23.1,1018.1,2.0,2.7,8,930.0,0
2018-05-24 08:46:59,3,43,23.0,42,23.1,1018.0,2.4,2.7,2,930.0,0
2018-05-24 08:49:59,3,43,23.0,43,23.0,1018.1,1.7,2.4,2,930.0,0
2018-05-24 08:52:59,3,43,23.0,42,23.1,1017.9,2.7,3.7,6,930.0,0
2018-05-24 08:55:59,3,43,23.0,42,23.3,1017.9,1.7,2.7,2,930.0,0
2018-05-24 08:58:59,3,43,23.0,42,23.4,1017.9,2.7,3.7,8,930.0,0
2018-05-24 09:01:59,3,42,23.0,41,23.3,1018.0,2.0,3.1,4,930.0,0
2018-05-24 09:04:59,3,42,23.0,41,23.1,1017.9,2.7,4.4,4,930.0,0
2018-05-24 09:07:59,3,42,23.1,41,23.1,1017.9,4.1,5.4,8,930.0,0
2018-05-24 09:10:59,3,42,23.1,42,23.3,1018.0,1.7,2.4,14,930.0,0
2018-05-24 09:13:59,3,42,23.1,42,23.7,1018.0,1.7,3.4,4,930.0,0
2018-05-24 09:16:59,3,42,23.1,41,24.0,1018.0,2.0,2.7,4,930.0,0
2018-05-24 09:19:59,3,42,23.1,40,24.0,1017.9,3.1,4.4,0,930.0,0
2018-05-24 09:22:59,3,42,23.1,40,23.9,1017.9,0.7,2.0,2,930.0,0
2018-05-24 09:25:59,3,42,23.1,40,23.8,1018.0,3.7,6.5,5,930.0,0
2018-05-24 09:28:59,3,42,23.1,40,23.7,1017.9,2.0,3.4,0,930.0,0
2018-05-24 09:31:59,3,42,23.1,40,23.7,1017.9,0.7,1.4,8,930.0,0
2018-05-24 09:34:59,3,42,23.1,40,23.7,1017.9,2.7,3.4,4,930.0,0
2018-05-24 09:37:59,3,42,23.1,40,23.8,1017.8,2.7,3.4,10,930.0,0
2018-05-24 09:40:59,3,42,23.1,40,23.9,1017.9,3.1,4.4,8,930.0,0
2018-05-24 09:43:59,3,42,23.1,39,23.7,1017.8,2.0,3.4,0,930.0,0
2018-05-24 09:46:59,3,42,23.1,40,23.5,1017.8,2.7,3.1,4,930.0,0
2018-05-24 09:49:59,3,42,23.1,40,23.7,1017.9,1.7,2.0,2,930.0,0
2018-05-24 09:52:59,3,42,23.2,39,24.0,1017.9,2.0,2.7,0,930.0,0
2018-05-24 09:55:59,3,42,23.3,39,24.2,1017.8,2.7,3.4,14,930.0,0
2018-05-24 09:58:59,3,42,23.3,39,24.2,1017.9,1.7,2.4,2,930.0,0
2018-05-24 10:01:59,3,42,23.3,39,24.1,1017.8,2.4,3.1,6,930.0,0
2018-05-24 10:04:59,3,42,23.3,39,24.1,1017.7,2.4,3.1,6,930.0,0
2018-05-24 10:07:59,3,42,23.3,37,24.2,1017.7,1.7,2.0,14,930.0,0
2018-05-24 10:10:59,3,42,23.3,38,24.3,1017.8,1.7,2.7,2,930.0,0
2018-05-24 10:13:59,3,42,23.3,39,24.6,1017.6,1.0,1.4,12,930.0,0
2018-05-24 10:16:59,3,42,23.3,37,24.7,1017.8,2.0,3.4,2,930.0,0
2018-05-24 10:19:59,3,42,23.3,38,24.6,1017.6,1.7,2.0,8,930.0,0
2018-05-24 10:22:59,3,42,23.4,37,24.4,1017.6,2.0,2.4,0,930.0,0
2018-05-24 10:25:59,3,42,23.4,37,24.0,1017.7,2.0,3.7,0,930.0,0
2018-05-24 10:28:59,3,42,23.4,38,23.6,1017.5,2.0,3.1,10,930.0,0
2018-05-24 10:31:59,3,42,23.4,37,23.3,1017.6,3.4,5.1,4,930.0,0
2018-05-24 10:34:59,3,42,23.4,39,23.1,1017.6,3.7,5.8,2,930.0,0
2018-05-24 10:37:59,3,42,23.4,38,23.0,1017.5,2.4,2.7,4,930.0,0
2018-05-24 10:40:59,3,42,23.4,39,23.0,1017.4,1.7,2.4,4,930.0,0
2018-05-24 10:43:59,3,42,23.4,39,23.0,1017.5,1.4,2.0,8,930.0,0
2018-05-24 10:46:59,3,42,23.4,39,23.1,1017.5,1.0,1.7,2,930.0,0
2018-05-24 10:49:59,3,42,23.4,38,22.9,1017.5,1.0,1.4,2,930.0,0
2018-05-24 10:52:59,3,42,23.5,36,22.9,1017.5,1.7,2.4,2,930.0,0
2018-05-24 10:55:59,3,42,23.5,37,22.9,1017.5,0.3,0.7,12,930.0,0
2018-05-24 10:58:59,3,42,23.5,37,22.9,1017.5,2.4,3.7,2,930.0,0
2018-05-24 11:01:59,3,42,23.6,37,22.8,1017.5,2.0,3.4,2,930.0,0
2018-05-24 11:04:59,3,42,23.6,37,22.8,1017.5,3.1,5.1,0,930.0,0
2018-05-24 11:07:59,3,42,23.6,37,22.9,1017.4,1.7,3.1,0,930.0,0
2018-05-24 11:10:59,3,42,23.6,37,23.1,1017.3,1.7,2.4,2,930.0,0
2018-05-24 11:13:59,3,42,23.6,36,23.5,1017.3,1.0,1.7,12,930.0,0
2018-05-24 11:16:59,3,42,23.6,36,23.9,1017.3,3.7,5.4,14,930.0,0
2018-05-24 11:19:59,3,42,23.6,36,24.4,1017.2,3.1,5.1,9,930.0,0
2018-05-24 11:22:59,3,42,23.6,36,24.6,1017.2,0.7,1.0,8,930.0,0
2018-05-24 11:25:59,3,42,23.6,36,25.0,1017.2,2.0,3.1,2,930.0,0
2018-05-24 11:28:59,3,42,23.7,36,25.2,1017.2,1.4,2.4,8,930.0,0
2018-05-24 11:31:59,3,42,23.7,35,25.4,1017.1,1.4,1.7,4,930.0,0
2018-05-24 11:34:59,3,42,23.7,34,25.4,1017.1,2.0,2.7,5,930.0,0
2018-05-24 11:37:59,3,42,23.7,34,25.3,1017.1,2.4,2.7,10,930.0,0
2018-05-24 11:40:59,3,42,23.7,35,25.5,1017.0,2.0,2.7,14,930.0,0
2018-05-24 11:43:59,3,42,23.7,34,25.7,1017.1,1.7,2.4,15,930.0,0
2018-05-24 11:46:59,3,42,23.7,33,25.3,1017.0,4.4,5.8,0,930.0,0
2018-05-24 11:49:59,3,42,23.8,34,25.2,1016.9,2.0,3.1,4,930.0,0
2018-05-24 11:52:59,3,42,23.8,34,25.4,1016.9,3.4,4.4,8,930.0,0
2018-05-24 11:55:59,3,42,23.8,35,25.6,1016.9,1.7,2.4,15,930.0,0
2018-05-24 11:58:59,3,42,23.8,36,25.7,1016.8,1.4,2.0,14,930.0,0
2018-05-24 12:01:59,3,41,23.8,35,25.7,1016.7,2.4,3.1,4,930.0,0
2018-05-24 12:04:59,3,41,23.8,35,25.7,1016.6,2.4,3.1,4,930.0,0
2018-05-24 12:07:59,3,41,23.8,34,26.2,1016.8,1.4,1.7,10,930.0,0
2018-05-24 12:10:59,3,41,23.8,34,26.3,1016.7,1.7,2.7,2,930.0,0
2018-05-24 12:13:59,3,41,23.9,33,25.9,1016.7,3.4,5.1,12,930.0,0
2018-05-24 12:16:59,3,41,23.9,33,25.6,1016.7,2.4,4.4,2,930.0,0
2018-05-24 12:19:59,3,41,23.9,33,25.4,1016.7,2.4,4.1,14,930.0,0
2018-05-24 12:22:59,3,40,24.0,33,25.3,1016.8,2.4,3.1,0,930.0,0
2018-05-24 12:25:59,3,40,24.0,35,25.4,1016.8,1.0,1.7,8,930.0,0
2018-05-24 12:28:59,3,40,24.0,34,25.6,1016.6,1.0,1.7,4,930.0,0
2018-05-24 12:31:59,3,40,24.0,34,25.5,1016.7,2.0,2.7,2,930.0,0
2018-05-24 12:34:59,3,40,24.1,34,25.6,1016.5,2.0,2.4,0,930.0,0
2018-05-24 12:37:59,3,40,24.1,34,25.5,1016.6,2.7,3.4,2,930.0,0
2018-05-24 12:40:59,3,40,24.1,35,25.2,1016.5,1.7,2.7,10,930.0,0
2018-05-24 12:43:59,3,40,24.1,35,25.3,1016.5,1.4,2.0,4,930.0,0
2018-05-24 12:46:59,3,40,24.1,35,25.4,1016.4,2.7,3.7,4,930.0,0
2018-05-24 12:49:59,3,40,24.2,35,25.4,1016.5,2.0,3.1,10,930.0,0
2018-05-24 12:52:59,3,40,24.2,36,25.6,1016.4,0.7,1.0,8,930.0,0
2018-05-24 12:55:59,3,40,24.3,34,25.6,1016.4,2.7,3.7,6,930.0,0
2018-05-24 12:58:59,3,41,24.3,35,25.5,1016.3,1.7,2.7,14,930.0,0
2018-05-24 13:01:59,3,40,24.3,35,25.4,1016.3,1.0,1.4,4,930.0,0
2018-05-24 13:04:59,3,41,24.3,34,25.6,1016.2,2.0,2.7,2,930.0,0
2018-05-24 13:07:59,3,41,24.4,34,25.7,1016.2,2.4,4.4,2,930.0,0
2018-05-24 13:10:59,3,41,24.4,34,25.7,1016.1,1.7,2.4,10,930.0,0
2018-05-24 13:13:59,3,41,24.5,33,25.7,1016.1,2.0,4.1,2,930.0,0
2018-05-24 13:16:59,3,40,24.5,33,25.7,1016.2,1.7,2.7,6,930.0,0
2018-05-24 13:19:59,3,40,24.5,32,25.7,1016.1,1.7,2.4,0,930.0,0
2018-05-24 13:22:59,3,40,24.5,33,25.7,1016.1,1.7,3.1,0,930.0,0
2018-05-24 13:25:59,3,40,24.5,33,25.7,1015.9,2.0,3.1,5,930.0,0
2018-05-24 13:28:59,3,40,24.5,32,25.9,1016.0,3.1,5.1,4,930.0,0
2018-05-24 13:31:59,3,40,24.6,33,26.0,1015.9,1.4,1.7,4,930.0,0
2018-05-24 13:34:59,3,40,24.6,32,26.1,1015.8,3.1,3.7,0,930.0,0
2018-05-24 13:37:59,3,40,24.7,33,26.4,1015.8,2.4,3.1,6,930.0,0
2018-05-24 13:40:59,3,40,24.7,32,26.6,1015.8,2.4,3.7,0,930.0,0
2018-05-24 13:43:59,3,40,24.7,32,26.5,1015.7,1.0,1.7,4,930.0,0
2018-05-24 13:46:59,3,40,24.7,32,26.5,1015.8,2.4,3.4,2,930.0,0
2018-05-24 13:49:59,3,40,24.8,31,26.4,1015.6,2.0,3.1,10,930.0,0
2018-05-24 13:52:59,3,40,24.8,32,26.8,1015.6,4.1,5.4,2,930.0,0
2018-05-24 13:55:59,3,40,24.8,31,26.7,1015.7,1.7,2.4,4,930.0,0
2018-05-24 13:58:59,3,40,24.8,32,26.4,1015.7,2.7,3.7,2,930.0,0
2018-05-24 14:01:59,3,40,24.8,32,26.4,1015.5,1.7,2.4,0,930.0,0
2018-05-24 14:04:59,3,40,24.8,32,26.4,1015.5,1.7,2.4,0,930.0,0
2018-05-24 14:07:59,3,39,25.0,32,26.2,1015.5,2.7,3.4,0,930.0,0
2018-05-24 14:10:59,3,39,25.0,32,26.3,1015.6,1.7,2.7,10,930.0,0
2018-05-24 14:13:59,3,39,25.0,32,26.4,1015.5,1.4,2.0,0,930.0,0
2018-05-24 14:16:59,3,39,25.0,32,26.6,1015.6,2.0,3.1,4,930.0,0
2018-05-24 14:19:59,3,39,25.0,32,26.4,1015.6,2.0,3.4,0,930.0,0
2018-05-24 14:22:59,3,39,25.1,32,26.1,1015.6,2.7,3.4,0,930.0,0
2018-05-24 14:25:59,3,39,25.1,33,26.4,1015.5,1.7,2.7,0,930.0,0
2018-05-24 14:28:59,3,39,25.1,32,26.5,1015.5,2.4,3.7,14,930.0,0
2018-05-24 14:31:59,3,39,25.1,33,26.5,1015.5,2.4,3.1,14,930.0,0
2018-05-24 14:34:59,3,39,25.1,33,26.4,1015.6,2.0,3.7,0,930.0,0
2018-05-24 14:37:59,3,39,25.1,32,26.3,1015.5,1.0,1.7,12,930.0,0
2018-05-24 14:40:59,3,39,25.2,32,26.4,1015.4,2.7,3.7,2,930.0,0
2018-05-24 14:43:59,3,39,25.2,32,26.3,1015.4,2.4,3.7,4,930.0,0
2018-05-24 14:46:59,3,39,25.3,32,26.3,1015.5,2.0,3.1,14,930.0,0
2018-05-24 14:49:59,3,39,25.3,33,26.6,1015.6,1.7,2.7,4,930.0,0
2018-05-24 14:52:59,3,39,25.3,32,26.8,1015.4,1.7,2.4,1,930.0,0
2018-05-24 14:55:59,3,39,25.3,31,26.7,1015.4,1.7,2.4,0,930.0,0
2018-05-24 14:58:59,3,39,25.3,32,26.7,1015.5,1.0,1.4,2,930.0,0
2018-05-24 15:01:59,3,39,25.3,32,27.0,1015.5,1.4,2.4,14,930.0,0
2018-05-24 15:04:59,3,39,25.3,32,27.0,1015.4,1.4,2.4,0,930.0,0
2018-05-24 15:07:59,3,39,25.3,31,26.7,1015.4,2.7,3.4,12,930.0,0
2018-05-24 15:10:59,3,39,25.3,32,26.6,1015.5,2.4,3.1,2,930.0,0
2018-05-24 15:13:59,3,39,25.4,32,26.7,1015.4,1.4,2.4,4,930.0,0
2018-05-24 15:16:59,3,39,25.4,32,26.5,1015.3,2.7,3.4,4,930.0,0
2018-05-24 15:19:59,3,39,25.4,32,26.6,1015.3,1.7,2.4,8,930.0,0
2018-05-24 15:22:59,3,39,25.4,32,26.6,1015.4,1.0,1.4,4,930.0,0
2018-05-24 15:25:59,3,39,25.4,32,26.5,1015.5,1.7,2.4,0,930.0,0
2018-05-24 15:28:59,3,39,25.4,32,26.5,1015.3,1.4,2.0,0,930.0,0
2018-05-24 15:31:59,3,39,25.4,32,26.3,1015.3,2.0,3.1,8,930.0,0
2018-05-24 15:34:59,3,39,25.4,32,26.3,1015.3,1.7,2.0,0,930.0,0
2018-05-24 15:37:59,3,39,25.4,32,26.3,1015.4,1.4,2.0,1,930.0,0
2018-05-24 15:40:59,3,39,25.4,32,26.3,1015.3,3.7,5.1,14,930.0,0
2018-05-24 15:43:59,3,39,25.4,32,26.2,1015.2,1.0,1.4,0,930.0,0
2018-05-24 15:46:59,3,39,25.4,32,26.3,1015.3,1.4,2.0,2,930.0,0
2018-05-24 15:49:59,3,39,25.4,31,26.4,1015.3,2.0,2.7,4,930.0,0
2018-05-24 15:52:59,3,39,25.4,31,26.2,1015.2,1.7,2.4,14,930.0,0
2018-05-24 15:55:59,3,39,25.4,32,26.2,1015.1,1.7,3.1,5,930.0,0
2018-05-24 15:58:59,3,39,25.4,32,26.2,1015.3,2.4,3.7,4,930.0,0
2018-05-24 16:01:59,3,39,25.4,32,26.1,1015.2,1.4,2.7,2,930.0,0
2018-05-24 16:04:59,3,39,25.4,32,26.1,1015.2,1.4,2.7,2,930.0,0
2018-05-24 16:07:59,3,39,25.4,32,26.2,1015.2,2.4,3.4,1,930.0,0
2018-05-24 16:10:59,3,39,25.4,31,26.1,1015.2,2.0,2.7,0,930.0,0
2018-05-24 16:13:59,3,38,26.2,31,26.2,1015.0,1.0,1.4,12,930.0,0
2018-05-24 16:16:59,3,38,26.2,31,26.2,1015.1,1.7,2.4,5,930.0,0
2018-05-24 16:19:59,3,38,26.2,31,26.1,1015.1,1.0,1.7,2,930.0,0
2018-05-24 16:22:59,3,38,26.2,31,26.1,1015.1,3.1,4.8,4,930.0,0
2018-05-24 16:25:59,3,38,26.2,31,26.1,1015.2,1.7,2.7,2,930.0,0
2018-05-24 16:28:59,3,38,26.2,31,26.2,1015.0,2.4,3.1,2,930.0,0
2018-05-24 16:31:59,3,38,26.2,31,26.0,1015.1,3.4,4.4,2,930.0,0
2018-05-24 16:34:59,3,38,26.2,31,25.9,1015.1,1.4,2.0,13,930.0,0
2018-05-24 16:37:59,3,38,26.2,31,26.0,1015.1,2.7,3.7,0,930.0,0
2018-05-24 16:40:59,3,38,26.2,31,26.1,1015.1,1.4,2.4,2,930.0,0
2018-05-24 16:43:59,3,38,26.2,31,26.0,1015.0,1.7,2.7,2,930.0,0
2018-05-24 16:46:59,3,38,26.2,31,26.0,1015.0,0.3,1.0,4,930.0,0
2018-05-24 16:49:59,3,38,26.2,31,26.2,1015.1,1.7,3.1,4,930.0,0
2018-05-24 16:52:59,3,38,26.2,31,26.2,1015.1,2.7,3.7,4,930.0,0
2018-05-24 16:55:59,3,38,26.2,31,26.0,1015.1,1.4,2.0,4,930.0,0
2018-05-24 16:58:59,3,38,26.2,31,26.0,1015.1,1.7,2.4,2,930.0,0
2018-05-24 17:01:59,3,38,26.2,31,25.9,1015.1,1.0,1.7,5,930.0,0
2018-05-24 17:04:59,3,38,26.2,31,25.9,1015.3,2.4,2.7,8,930.0,0
2018-05-24 17:07:59,3,38,26.2,31,25.8,1015.2,1.7,2.4,6,930.0,0
2018-05-24 17:10:59,3,37,26.2,31,25.6,1015.3,1.7,2.4,2,930.0,0
2018-05-24 17:13:59,3,37,26.2,32,25.5,1015.3,2.4,3.4,0,930.0,0
2018-05-24 17:16:59,3,38,26.3,32,25.4,1015.3,1.4,2.0,0,930.0,0
2018-05-24 17:19:59,3,37,26.3,32,25.4,1015.3,1.0,2.7,4,930.0,0
2018-05-24 17:22:59,3,37,26.3,32,25.2,1015.3,1.0,1.7,5,930.0,0
2018-05-24 17:25:59,3,37,26.3,32,24.9,1015.3,2.7,3.7,2,930.0,0
2018-05-24 17:28:59,3,37,26.3,33,24.6,1015.2,1.0,2.4,8,930.0,0
2018-05-24 17:31:59,3,37,26.3,33,24.6,1015.1,0.7,1.0,14,930.0,0
2018-05-24 17:34:59,3,37,26.3,33,24.5,1015.2,2.7,3.4,4,930.0,0
2018-05-24 17:37:59,3,37,26.3,33,24.5,1015.1,1.0,1.4,0,930.0,0
2018-05-24 17:40:59,3,36,26.3,33,24.6,1015.1,1.0,1.7,8,930.0,0
2018-05-24 17:43:59,3,36,26.3,33,24.8,1015.3,1.4,1.7,6,930.0,0
2018-05-24 17:46:59,3,35,26.3,33,24.7,1015.3,3.4,4.4,4,930.0,0
2018-05-24 17:49:59,3,35,26.3,33,24.6,1015.2,2.4,3.4,2,930.0,0
2018-05-24 17:52:59,3,35,26.3,33,24.5,1015.3,1.0,1.4,0,930.0,0
2018-05-24 17:55:59,3,34,26.3,33,24.4,1015.3,1.7,3.1,4,930.0,0
2018-05-24 17:58:59,3,34,26.3,33,24.2,1015.2,1.4,2.0,6,930.0,0
2018-05-24 18:01:59,3,34,26.3,34,24.1,1015.3,0.7,1.0,4,930.0,0
2018-05-24 18:04:59,3,34,26.3,34,24.1,1015.4,0.7,1.0,4,930.0,0
2018-05-24 18:07:59,3,34,26.3,35,23.7,1015.3,1.4,1.7,1,930.0,0
2018-05-24 18:10:59,3,34,26.3,35,23.6,1015.5,1.4,1.7,0,930.0,0
2018-05-24 18:13:59,3,34,26.3,35,23.4,1015.4,1.7,2.4,2,930.0,0
2018-05-24 18:16:59,3,34,26.3,36,23.3,1015.5,0.3,0.7,10,930.0,0
2018-05-24 18:19:59,3,33,26.3,36,23.1,1015.5,0.3,0.7,2,930.0,0
2018-05-24 18:22:59,3,33,26.3,37,23.1,1015.4,0.7,1.0,0,930.0,0
2018-05-24 18:25:59,3,33,26.3,37,23.0,1015.5,0.3,0.7,4,930.0,0
2018-05-24 18:28:59,3,33,26.3,38,22.8,1015.4,0.3,0.7,0,930.0,0
2018-05-24 18:31:59,3,33,26.3,38,22.7,1015.5,0.3,1.0,0,930.0,0
2018-05-24 18:34:59,3,33,26.3,39,22.6,1015.6,0.3,0.7,0,930.0,0
2018-05-24 18:37:59,3,33,26.3,41,22.4,1015.5,0,0.3,15,930.0,0
2018-05-24 18:40:59,3,33,26.3,42,22.3,1015.4,0.7,1.0,0,930.0,0
2018-05-24 18:43:59,3,33,26.3,42,22.2,1015.5,0.3,0.7,14,930.0,0
2018-05-24 18:46:59,3,32,26.3,42,22.1,1015.4,0.7,1.0,4,930.0,0
2018-05-24 18:49:59,3,32,26.2,42,22.1,1015.5,0.7,1.4,15,930.0,0
2018-05-24 18:52:59,3,32,26.2,42,22.0,1015.5,0,0,0,930.0,0
2018-05-24 18:55:59,3,31,26.2,42,21.9,1015.5,0.3,0.7,0,930.0,0
2018-05-24 18:58:59,3,31,26.2,43,21.7,1015.5,0,0.7,0,930.0,0
2018-05-24 19:01:59,3,31,26.2,43,21.6,1015.5,0,0,2,930.0,0
2018-05-24 19:04:59,3,32,25.4,43,21.4,1015.5,0,0,0,930.0,0
2018-05-24 19:07:59,3,33,25.4,44,21.3,1015.5,0,0,0,930.0,0
2018-05-24 19:10:59,3,33,25.4,44,21.1,1015.5,0,0,0,930.0,0
2018-05-24 19:13:59,3,33,25.4,44,21.0,1015.5,0,0,0,930.0,0
2018-05-24 19:16:59,3,33,25.4,44,20.8,1015.5,0,0,0,930.0,0
2018-05-24 19:19:59,3,33,25.4,45,20.7,1015.6,0,0.3,0,930.0,0
2018-05-24 19:22:59,3,33,25.4,45,20.6,1015.6,0,0.3,0,930.0,0
2018-05-24 19:25:59,3,33,25.4,45,20.5,1015.6,0,0,0,930.0,0
2018-05-24 19:28:59,3,33,25.4,46,20.3,1015.6,0,0.7,0,930.0,0
2018-05-24 19:31:59,3,33,25.4,47,20.2,1015.6,0,0,14,930.0,0
2018-05-24 19:34:59,3,33,25.4,47,20.1,1015.6,0,0,0,930.0,0
2018-05-24 19:37:59,3,33,25.4,47,19.9,1015.6,0,0,0,930.0,0
2018-05-24 19:40:59,3,33,25.4,47,19.8,1015.7,0,0,0,930.0,0
2018-05-24 19:43:59,3,33,25.4,49,19.7,1015.7,0,0,0,930.0,0
2018-05-24 19:46:59,3,33,25.4,49,19.6,1015.7,0,0,0,930.0,0
2018-05-24 19:49:59,3,33,25.4,49,19.5,1015.7,0.3,0.7,0,930.0,0
2018-05-24 19:52:59,3,33,25.4,50,19.4,1015.7,0,0,0,930.0,0
2018-05-24 19:55:59,3,33,25.4,50,19.3,1015.8,0,0,0,930.0,0
2018-05-24 19:58:59,3,33,25.3,50,19.2,1015.7,0,0,0,930.0,0
2018-05-24 20:01:59,3,34,25.3,50,19.2,1015.8,0,0,0,930.0,0
2018-05-24 20:04:59,3,34,25.3,50,19.2,1015.7,0,0,0,930.0,0
2018-05-24 20:07:59,3,33,25.3,50,18.9,1015.7,0,0,14,930.0,0
2018-05-24 20:10:59,3,33,25.3,51,18.9,1015.8,0,0,0,930.0,0
2018-05-24 20:13:59,3,33,25.3,50,18.8,1015.8,0,0,0,930.0,0
2018-05-24 20:16:59,3,33,25.3,51,18.7,1015.8,0,0,14,930.0,0
2018-05-24 20:19:59,3,33,25.3,51,18.6,1015.8,0,0.3,0,930.0,0
2018-05-24 20:22:59,3,33,25.3,51,18.6,1015.7,0,0,0,930.0,0
2018-05-24 20:25:59,3,33,25.3,51,18.5,1015.8,0,0,0,930.0,0
2018-05-24 20:28:59,3,33,25.3,52,18.3,1015.8,0,0,0,930.0,0
2018-05-24 20:31:59,3,33,25.2,52,18.3,1016.0,0,0,0,930.0,0
2018-05-24 20:34:59,3,33,25.2,52,18.2,1015.9,0,0,0,930.0,0
2018-05-24 20:37:59,3,33,25.2,52,18.1,1015.9,0,0,0,930.0,0
2018-05-24 20:40:59,3,33,25.2,52,18.0,1015.9,0,0,0,930.0,0
2018-05-24 20:43:59,3,33,25.2,53,17.9,1016.0,0,0,0,930.0,0
2018-05-24 20:46:59,3,33,25.2,53,17.8,1015.9,0,0,0,930.0,0
2018-05-24 20:49:59,3,33,25.2,53,17.8,1016.0,0,0.3,0,930.0,0
2018-05-24 20:52:59,3,33,25.1,53,17.7,1015.9,0,0,0,930.0,0
2018-05-24 20:55:59,3,33,25.1,53,17.6,1015.9,0,0,0,930.0,0
2018-05-24 20:58:59,3,33,25.1,54,17.5,1016.0,0,0,0,930.0,0
2018-05-24 21:01:59,3,33,25.0,59,17.4,1016.0,0,0,0,930.0,0
2018-05-24 21:04:59,3,34,25.0,60,17.4,1016.1,0,0,0,930.0,0
2018-05-24 21:07:59,3,34,25.0,60,17.3,1016.0,0,0,0,930.0,0
2018-05-24 21:10:59,3,34,25.0,60,17.3,1016.0,0,0,0,930.0,0
2018-05-24 21:13:59,3,34,25.0,60,17.2,1016.0,0,0,0,930.0,0
2018-05-24 21:16:59,3,34,25.0,60,17.1,1016.1,0,0,0,930.0,0
2018-05-24 21:19:59,3,34,25.0,60,17.0,1016.1,0,0,0,930.0,0
2018-05-24 21:22:59,3,34,25.0,60,17.0,1016.0,0,0,0,930.0,0
2018-05-24 21:25:59,3,35,24.8,60,16.9,1016.0,0,0,0,930.0,0
2018-05-24 21:28:59,3,35,24.8,60,16.9,1015.9,0,0,0,930.0,0
2018-05-24 21:31:59,3,35,24.8,61,16.8,1015.9,0,0,0,930.0,0
2018-05-24 21:34:59,3,35,24.8,61,16.8,1015.9,0,0,0,930.0,0
2018-05-24 21:37:59,3,35,24.8,61,16.7,1015.9,0,0,0,930.0,0
2018-05-24 21:40:59,3,35,24.8,61,16.6,1015.9,0,0,0,930.0,0
2018-05-24 21:43:59,3,35,24.8,61,16.5,1015.9,0,0,0,930.0,0
2018-05-24 21:46:59,3,35,24.8,62,16.4,1016.0,0,0,0,930.0,0
2018-05-24 21:49:59,3,35,24.7,62,16.3,1015.8,0,0,0,930.0,0
2018-05-24 21:52:59,3,35,24.7,62,16.1,1016.0,0,0,0,930.0,0
2018-05-24 21:55:59,3,35,24.7,63,16.1,1016.0,0,0,0,930.0,0
2018-05-24 21:58:59,3,35,24.7,63,16.0,1015.9,0,0,0,930.0,0
2018-05-24 22:01:59,3,35,24.7,63,15.9,1015.9,0,0,0,930.0,0
2018-05-24 22:04:59,3,35,24.7,63,15.9,1015.9,0,0,0,930.0,0
2018-05-24 22:07:59,3,35,24.6,64,15.7,1015.9,0,0,0,930.0,0
2018-05-24 22:10:59,3,35,24.6,64,15.6,1016.0,0,0,0,930.0,0
2018-05-24 22:13:59,3,35,24.5,64,15.6,1016.0,0,0,0,930.0,0
2018-05-24 22:16:59,3,35,24.5,64,15.5,1015.9,0,0,0,930.0,0
2018-05-24 22:19:59,3,35,24.5,65,15.4,1016.0,0,0,0,930.0,0
2018-05-24 22:22:59,3,35,24.5,65,15.3,1016.0,0,0,0,930.0,0
2018-05-24 22:25:59,3,35,24.5,66,15.2,1016.0,0,0,0,930.0,0
2018-05-24 22:28:59,3,35,24.5,66,15.2,1016.1,0,0,0,930.0,0
2018-05-24 22:31:59,3,35,24.5,66,15.1,1016.1,0,0,0,930.0,0
2018-05-24 22:34:59,3,35,24.4,67,15.0,1016.1,0,0,0,930.0,0
2018-05-24 22:37:59,3,35,24.4,67,15.0,1016.1,0,0,0,930.0,0
2018-05-24 22:40:59,3,35,24.4,67,14.9,1016.1,0,0,0,930.0,0
2018-05-24 22:43:59,3,35,24.4,67,14.8,1016.1,0,0,0,930.0,0
2018-05-24 22:46:59,3,35,24.4,68,14.8,1016.1,0,0,0,930.0,0
2018-05-24 22:49:59,3,35,24.3,68,14.8,1016.1,0,0,0,930.0,0
2018-05-24 22:52:59,3,36,24.3,68,14.7,1016.1,0,0,0,930.0,0
2018-05-24 22:55:59,3,36,24.2,69,14.7,1016.1,0,0,0,930.0,0
2018-05-24 22:58:59,3,36,24.2,69,14.6,1016.1,0,0,0,930.0,0
2018-05-24 23:01:59,3,36,24.2,69,14.5,1016.1,0,0,0,930.0,0
2018-05-24 23:04:59,3,36,24.2,70,14.5,1016.2,0,0,0,930.0,0
2018-05-24 23:07:59,3,36,24.2,70,14.4,1016.1,0,0,0,930.0,0
2018-05-24 23:10:59,3,36,24.2,70,14.4,1016.0,0,0,0,930.0,0
2018-05-24 23:13:59,3,36,24.1,70,14.3,1016.1,0,0,0,930.0,0
2018-05-24 23:16:59,3,36,24.1,70,14.3,1016.1,0,0,0,930.0,0
2018-05-24 23:19:59,3,36,24.1,70,14.2,1016.1,0,0,0,930.0,0
2018-05-24 23:22:59,3,36,24.1,70,14.2,1016.1,0.3,0.7,0,930.0,0
2018-05-24 23:25:59,3,36,24.0,70,14.1,1016.2,0,0,0,930.0,0
2018-05-24 23:28:59,3,36,24.0,70,14.1,1016.1,0,0,0,930.0,0
2018-05-24 23:31:59,3,37,23.9,70,14.1,1016.1,0,0.3,0,930.0,0
2018-05-24 23:34:59,3,37,23.9,70,14.1,1016.2,0,0,0,930.0,0
2018-05-24 23:37:59,3,37,23.8,70,14.0,1016.2,0,0,0,930.0,0
2018-05-24 23:40:59,3,37,23.8,70,14.0,1016.2,0,0,0,930.0,0
2018-05-24 23:43:59,3,37,23.8,70,14.0,1016.0,0,0,0,930.0,0
2018-05-24 23:46:59,3,37,23.8,71,14.0,1016.0,0,0,0,930.0,0
2018-05-24 23:49:59,3,37,23.8,71,14.0,1016.0,0,0,0,930.0,0
2018-05-24 23:52:59,3,37,23.8,71,14.0,1016.0,0,0,0,930.0,0
2018-05-24 23:55:59,3,37,23.7,71,14.0,1016.0,0,0,0,930.0,0
2018-05-24 23:58:59,3,37,23.7,70,13.9,1015.9,0,0,0,930.0,0
