2018-05-21 00:01:59,3,31,24.0,71,8.8,1018.6,0,0,0,930.0,0
2018-05-21 00:04:59,3,31,24.0,71,8.8,1018.6,0,0,0,930.0,0
2018-05-21 00:07:59,3,31,24.0,72,8.7,1018.6,0,0,0,930.0,0
2018-05-21 00:10:59,3,31,24.0,72,8.6,1018.6,0,0,0,930.0,0
2018-05-21 00:13:59,3,31,24.0,72,8.6,1018.5,0,0,0,930.0,0
2018-05-21 00:16:59,3,32,23.9,72,8.5,1018.6,0,0,0,930.0,0
2018-05-21 00:19:59,3,32,23.9,73,8.5,1018.5,0,0,0,930.0,0
2018-05-21 00:22:59,3,32,23.8,73,8.4,1018.4,0,0,0,930.0,0
2018-05-21 00:25:59,3,32,23.8,73,8.4,1018.4,0,0,0,930.0,0
2018-05-21 00:28:59,3,32,23.8,74,8.4,1018.4,0,0,0,930.0,0
2018-05-21 00:31:59,3,32,23.8,74,8.3,1018.3,0,0,0,930.0,0
2018-05-21 00:34:59,3,32,23.8,74,8.3,1018.4,0,0,0,930.0,0
2018-05-21 00:37:59,3,32,23.8,74,8.3,1018.2,0,0,0,930.0,0
2018-05-21 00:40:59,3,32,23.8,74,8.2,1018.2,0,0,0,930.0,0
2018-05-21 00:43:59,3,32,23.8,75,8.2,1018.2,0,0,0,930.0,0
2018-05-21 00:46:59,3,32,23.8,75,8.1,1018.2,0,0,0,930.0,0
2018-05-21 00:49:59,3,32,23.7,75,8.1,1018.1,0,0,0,930.0,0
2018-05-21 00:52:59,3,32,23.7,75,8.1,1018.1,0,0,0,930.0,0
2018-05-21 00:55:59,3,32,23.7,75,8.0,1018.1,0,0,0,930.0,0
2018-05-21 00:58:59,3,32,23.7,76,8.0,1018.2,0,0,0,930.0,0
2018-05-21 01:01:59,3,32,23.7,76,7.9,1018.3,0,0,4,930.0,0
2018-05-21 01:04:59,3,32,23.7,77,7.9,1018.2,0,0,0,930.0,0
2018-05-21 01:07:59,3,32,23.6,77,8.0,1018.3,0.7,1.4,0,930.0,0
2018-05-21 01:10:59,3,32,23.6,77,8.0,1018.3,0.3,0.3,0,930.0,0
2018-05-21 01:13:59,3,32,23.6,77,8.0,1018.2,0.3,1.0,0,930.0,0
2018-05-21 01:16:59,3,32,23.6,78,8.1,1018.3,0.3,0.7,0,930.0,0
2018-05-21 01:19:59,3,32,23.6,78,8.1,1018.1,0,0,0,930.0,0
2018-05-21 01:22:59,3,32,23.6,77,8.1,1018.1,0,0.3,0,930.0,0
2018-05-21 01:25:59,3,32,23.6,77,8.0,1018.2,0,0,0,930.0,0
2018-05-21 01:28:59,3,32,23.6,77,8.0,1018.2,1.0,1.4,2,930.0,0
2018-05-21 01:31:59,3,32,23.5,77,8.0,1018.2,0,0.3,0,930.0,0
2018-05-21 01:34:59,3,32,23.5,77,8.0,1018.1,0.3,0.7,2,930.0,0
2018-05-21 01:37:59,3,32,23.5,78,7.9,1018.2,0.3,1.0,2,930.0,0
2018-05-21 01:40:59,3,32,23.4,78,8.0,1018.2,0,0.3,2,930.0,0
2018-05-21 01:43:59,3,32,23.4,78,7.9,1018.2,0,0,0,930.0,0
2018-05-21 01:46:59,3,32,23.4,78,7.9,1018.2,0,0,0,930.0,0
2018-05-21 01:49:59,3,32,23.4,78,7.8,1018.2,0,0,0,930.0,0
2018-05-21 01:52:59,3,32,23.4,78,7.8,1018.2,0,0.7,2,930.0,0
2018-05-21 01:55:59,3,32,23.4,79,7.7,1018.3,0.3,0.7,2,930.0,0
2018-05-21 01:58:59,3,32,23.4,79,7.7,1018.2,0.3,0.7,2,930.0,0
2018-05-21 02:01:59,3,32,23.4,79,7.7,1018.2,0.7,1.0,0,930.0,0
2018-05-21 02:04:59,3,32,23.3,79,7.7,1018.2,0.7,1.0,0,930.0,0
2018-05-21 02:07:59,3,32,23.3,80,7.7,1018.3,0.3,0.7,0,930.0,0
2018-05-21 02:10:59,3,32,23.3,80,7.8,1018.3,0.3,0.7,2,930.0,0
2018-05-21 02:13:59,3,32,23.3,80,7.8,1018.2,0.3,0.7,0,930.0,0
2018-05-21 02:16:59,3,32,23.3,80,7.8,1018.1,0.3,0.7,0,930.0,0
2018-05-21 02:19:59,3,32,23.3,80,7.8,1018.0,0.7,1.0,0,930.0,0
2018-05-21 02:22:59,3,32,23.2,80,7.8,1018.1,0.3,0.7,0,930.0,0
2018-05-21 02:25:59,3,32,23.2,80,7.9,1018.1,0.3,0.7,0,930.0,0
2018-05-21 02:28:59,3,32,23.2,80,7.9,1018.0,0.3,0.7,0,930.0,0
2018-05-21 02:31:59,3,32,23.1,80,7.9,1017.9,0.3,0.7,0,930.0,0
2018-05-21 02:34:59,3,32,23.1,80,7.9,1018.0,0,0,2,930.0,0
2018-05-21 02:37:59,3,32,23.1,80,7.9,1018.0,0.3,0.7,2,930.0,0
2018-05-21 02:40:59,3,32,23.1,80,7.9,1017.9,0,0,2,930.0,0
2018-05-21 02:43:59,3,32,23.1,80,7.9,1018.0,0,0,2,930.0,0
2018-05-21 02:46:59,3,32,23.1,80,7.8,1017.9,0,0,2,930.0,0
2018-05-21 02:49:59,3,32,23.1,80,7.7,1018.1,0,0,2,930.0,0
2018-05-21 02:52:59,3,32,23.1,80,7.7,1018.0,0,0,2,930.0,0
2018-05-21 02:55:59,3,32,23.1,80,7.6,1018.0,0,0,2,930.0,0
2018-05-21 02:58:59,3,32,23.0,80,7.5,1018.1,0.3,0.7,2,930.0,0
2018-05-21 03:01:59,3,32,23.0,80,7.5,1017.9,0,0,2,930.0,0
2018-05-21 03:04:59,3,32,23.0,85,7.4,1018.0,0,0,2,930.0,0
2018-05-21 03:07:59,3,32,23.0,85,7.4,1018.0,0,0,2,930.0,0
2018-05-21 03:10:59,3,32,23.0,86,7.3,1018.0,0,0,2,930.0,0
2018-05-21 03:13:59,3,32,23.0,86,7.3,1018.0,0,0,2,930.0,0
2018-05-21 03:16:59,3,32,23.0,86,7.2,1017.9,0,0,2,930.0,0
2018-05-21 03:19:59,3,32,23.0,86,7.2,1018.0,0,0,2,930.0,0
2018-05-21 03:22:59,3,32,23.0,87,7.2,1018.0,0,0,2,930.0,0
2018-05-21 03:25:59,3,30,22.9,87,7.2,1017.9,0.3,0.3,2,930.0,0
2018-05-21 03:28:59,3,30,22.9,88,7.3,1018.0,0,0,2,930.0,0
2018-05-21 03:31:59,3,30,22.9,88,7.3,1017.9,0,0,2,930.0,0
2018-05-21 03:34:59,3,30,22.9,88,7.3,1018.0,0,0,2,930.0,0
2018-05-21 03:37:59,3,30,22.8,88,7.4,1017.9,0,0,2,930.0,0
2018-05-21 03:40:59,3,30,22.8,83,7.5,1018.0,0,0,2,930.0,0
2018-05-21 03:43:59,3,30,22.8,83,7.6,1018.1,0,0,2,930.0,0
2018-05-21 03:46:59,3,30,22.7,82,7.6,1018.0,0,0,2,930.0,0
2018-05-21 03:49:59,3,30,22.7,82,7.6,1018.0,0,0,2,930.0,0
2018-05-21 03:52:59,3,30,22.7,82,7.6,1018.0,0,0.3,2,930.0,0
2018-05-21 03:55:59,3,30,22.7,82,7.6,1018.0,0,0,2,930.0,0
2018-05-21 03:58:59,3,30,22.7,82,7.7,1018.1,0,0,2,930.0,0
2018-05-21 04:01:59,3,30,22.7,82,7.7,1018.0,0,0,2,930.0,0
2018-05-21 04:04:59,3,30,22.7,82,7.7,1017.9,0,0,2,930.0,0
2018-05-21 04:07:59,3,30,22.7,81,7.8,1018.0,0,0,2,930.0,0
2018-05-21 04:10:59,3,30,22.7,82,7.8,1017.9,0.3,0.7,2,930.0,0
2018-05-21 04:13:59,3,30,22.7,82,7.8,1017.9,0.3,0.7,2,930.0,0
2018-05-21 04:16:59,3,30,22.7,82,8.0,1018.0,0.3,0.7,2,930.0,0
2018-05-21 04:19:59,3,30,22.6,81,8.1,1018.1,0,0,2,930.0,0
2018-05-21 04:22:59,3,30,22.6,81,8.2,1018.0,0.3,0.3,2,930.0,0
2018-05-21 04:25:59,3,30,22.6,81,8.3,1017.9,0.3,0.7,2,930.0,0
2018-05-21 04:28:59,3,30,22.6,81,8.6,1018.0,0.7,1.0,0,930.0,0
2018-05-21 04:31:59,3,30,22.6,80,8.7,1018.0,0.3,0.7,0,930.0,0
2018-05-21 04:34:59,3,30,22.6,80,8.9,1018.0,0.7,1.0,0,930.0,0
2018-05-21 04:37:59,3,30,22.6,78,9.1,1017.9,0.7,1.0,0,930.0,0
2018-05-21 04:40:59,3,30,22.6,77,9.3,1018.0,0.3,0.7,0,930.0,0
2018-05-21 04:43:59,3,30,22.6,77,9.5,1017.9,0,0,0,930.0,0
2018-05-21 04:46:59,3,30,22.6,76,9.6,1017.9,0.3,0.7,0,930.0,0
2018-05-21 04:49:59,3,30,22.6,75,9.8,1018.0,0.3,0.7,0,930.0,0
2018-05-21 04:52:59,3,30,22.5,75,10.0,1017.9,0.7,1.0,0,930.0,0
2018-05-21 04:55:59,3,30,22.5,74,10.2,1018.0,0.3,0.3,0,930.0,0
2018-05-21 04:58:59,3,30,22.5,74,10.3,1017.9,0.3,1.0,2,930.0,0
2018-05-21 05:01:59,3,30,22.5,73,10.6,1018.0,0.3,0.7,0,930.0,0
2018-05-21 05:04:59,3,30,22.5,72,10.8,1018.0,0.3,0.7,2,930.0,0
2018-05-21 05:07:59,3,30,22.5,72,11.0,1017.9,0.3,0.7,0,930.0,0
2018-05-21 05:10:59,3,30,22.5,72,11.2,1018.0,0.3,0.7,0,930.0,0
2018-05-21 05:13:59,3,30,22.5,72,11.4,1017.8,0,0,2,930.0,0
2018-05-21 05:16:59,3,30,22.5,71,11.6,1017.8,0.3,0.7,2,930.0,0
2018-05-21 05:19:59,3,30,22.4,71,11.9,1017.8,0.7,1.0,0,930.0,0
2018-05-21 05:22:59,3,30,22.5,70,12.0,1017.8,0.3,0.7,0,930.0,0
2018-05-21 05:25:59,3,30,22.5,70,12.2,1017.9,0,0.3,0,930.0,0
2018-05-21 05:28:59,3,30,22.5,66,12.5,1017.8,0.7,1.0,0,930.0,0
2018-05-21 05:31:59,3,30,22.4,65,12.7,1017.8,0.7,1.0,2,930.0,0
2018-05-21 05:34:59,3,30,22.4,65,12.9,1017.7,0.7,1.0,2,930.0,0
2018-05-21 05:37:59,3,30,22.4,64,13.1,1017.7,0,0.7,0,930.0,0
2018-05-21 05:40:59,3,31,22.4,63,13.3,1017.7,0.7,1.0,2,930.0,0
2018-05-21 05:43:59,3,31,22.4,63,13.5,1017.7,0.3,0.7,0,930.0,0
2018-05-21 05:46:59,3,31,22.4,63,13.6,1017.7,0.3,0.7,0,930.0,0
2018-05-21 05:49:59,3,31,22.4,62,13.8,1017.7,0.7,1.4,2,930.0,0
2018-05-21 05:52:59,3,31,22.4,62,14.0,1017.7,0.3,0.7,0,930.0,0
2018-05-21 05:55:59,3,31,22.4,62,14.2,1017.6,0.7,1.0,10,930.0,0
2018-05-21 05:58:59,3,31,22.4,61,14.4,1017.8,0.7,1.4,8,930.0,0
2018-05-21 06:01:59,3,31,22.4,61,14.7,1017.8,1.0,1.4,4,930.0,0
2018-05-21 06:04:59,3,31,22.4,61,14.7,1017.8,1.0,1.4,4,930.0,0
2018-05-21 06:07:59,3,31,22.3,59,16.2,1017.7,1.0,1.7,0,930.0,0
2018-05-21 06:10:59,3,32,22.3,57,16.4,1017.6,0.7,1.0,3,930.0,0
2018-05-21 06:13:59,3,32,22.3,55,16.6,1017.7,0.7,1.0,4,930.0,0
2018-05-21 06:16:59,3,32,22.3,53,16.9,1017.7,0.7,1.0,8,930.0,0
2018-05-21 06:19:59,3,32,22.3,53,17.0,1017.6,1.7,2.0,0,930.0,0
2018-05-21 06:22:59,3,32,22.3,54,17.1,1017.6,0.3,0.7,15,930.0,0
2018-05-21 06:25:59,3,32,22.3,53,17.3,1017.6,0.7,1.0,0,930.0,0
2018-05-21 06:28:59,3,33,22.3,50,17.5,1017.6,1.7,2.0,4,930.0,0
2018-05-21 06:31:59,3,33,22.4,49,17.5,1017.6,1.0,1.7,4,930.0,0
2018-05-21 06:34:59,3,34,22.5,49,17.5,1017.6,1.4,2.4,4,930.0,0
2018-05-21 06:37:59,3,35,22.6,50,17.7,1017.5,0.7,1.0,0,930.0,0
2018-05-21 06:40:59,3,34,22.7,48,18.0,1017.6,2.0,2.4,4,930.0,0
2018-05-21 06:43:59,3,34,22.7,48,18.0,1017.7,0.3,0.7,2,930.0,0
2018-05-21 06:46:59,3,34,22.9,49,18.2,1017.6,1.0,1.4,2,930.0,0
2018-05-21 06:49:59,3,35,23.0,48,18.4,1017.6,1.0,1.4,0,930.0,0
2018-05-21 06:52:59,3,34,23.1,48,18.5,1017.6,1.4,2.0,10,930.0,0
2018-05-21 06:55:59,3,34,23.3,47,18.7,1017.7,1.7,2.0,2,930.0,0
2018-05-21 06:58:59,3,34,23.4,47,18.8,1017.6,1.0,1.7,2,930.0,0
2018-05-21 07:01:59,3,34,23.4,46,19.0,1017.6,1.7,2.7,4,930.0,0
2018-05-21 07:04:59,3,34,23.5,46,19.0,1017.6,0.7,1.0,0,930.0,0
2018-05-21 07:07:59,3,34,23.6,45,19.2,1017.6,0.3,1.0,4,930.0,0
2018-05-21 07:10:59,3,34,23.6,46,19.4,1017.6,0.3,1.4,4,930.0,0
2018-05-21 07:13:59,3,34,23.7,45,19.7,1017.6,0.7,1.4,0,930.0,0
2018-05-21 07:16:59,3,34,23.8,44,19.8,1017.5,1.0,1.7,6,930.0,0
2018-05-21 07:19:59,3,34,23.8,44,20.0,1017.6,0.7,1.0,2,930.0,0
2018-05-21 07:22:59,3,33,24.0,44,20.2,1017.6,0.3,1.0,0,930.0,0
2018-05-21 07:25:59,3,33,24.0,43,20.3,1017.6,1.0,1.7,0,930.0,0
2018-05-21 07:28:59,3,33,24.1,42,20.2,1017.5,0.7,1.4,2,930.0,0
2018-05-21 07:31:59,3,33,24.3,42,20.3,1017.5,1.0,1.7,2,930.0,0
2018-05-21 07:34:59,3,33,24.4,42,20.3,1017.5,0.7,1.4,6,930.0,0
2018-05-21 07:37:59,3,33,24.5,43,20.6,1017.5,0.7,1.0,4,930.0,0
2018-05-21 07:40:59,3,33,24.5,42,20.8,1017.5,1.4,1.7,0,930.0,0
2018-05-21 07:43:59,3,32,24.6,41,20.7,1017.3,1.4,2.0,2,930.0,0
2018-05-21 07:46:59,3,32,24.7,42,20.7,1017.5,0.3,0.7,2,930.0,0
2018-05-21 07:49:59,3,32,24.8,40,21.1,1017.6,1.7,3.1,8,930.0,0
2018-05-21 07:52:59,3,32,24.8,40,21.0,1017.5,1.4,2.0,0,930.0,0
2018-05-21 07:55:59,3,31,25.0,40,21.0,1017.4,1.7,2.7,10,930.0,0
2018-05-21 07:58:59,3,31,25.0,39,20.9,1017.5,2.0,3.4,4,930.0,0
2018-05-21 08:01:59,3,31,25.0,40,20.8,1017.3,2.7,3.4,4,930.0,0
2018-05-21 08:04:59,3,31,25.0,40,20.8,1017.3,2.7,3.4,4,930.0,0
2018-05-21 08:07:59,3,31,25.0,40,21.1,1017.3,1.4,1.7,12,930.0,0
2018-05-21 08:10:59,3,32,24.8,40,21.3,1017.2,0.7,1.4,2,930.0,0
2018-05-21 08:13:59,3,32,24.8,41,21.6,1017.2,0.7,1.0,4,930.0,0
2018-05-21 08:16:59,3,32,24.7,40,22.0,1017.2,1.4,2.0,4,930.0,0
2018-05-21 08:19:59,3,32,24.6,39,22.3,1017.1,0.7,1.0,2,930.0,0
2018-05-21 08:22:59,3,32,24.5,37,22.4,1017.1,1.7,2.4,0,930.0,0
2018-05-21 08:25:59,3,32,24.5,36,22.3,1017.0,1.7,2.4,6,930.0,0
2018-05-21 08:28:59,3,32,24.4,36,22.3,1017.0,1.0,1.7,2,930.0,0
2018-05-21 08:31:59,3,32,24.4,35,22.3,1016.9,1.4,2.0,9,930.0,0
2018-05-21 08:34:59,3,32,24.2,34,22.3,1016.9,2.4,3.4,2,930.0,0
2018-05-21 08:37:59,3,32,24.2,34,22.0,1016.8,1.0,2.0,4,930.0,0
2018-05-21 08:40:59,3,32,24.2,35,22.1,1016.8,2.0,2.7,8,930.0,0
2018-05-21 08:43:59,3,32,24.1,36,22.4,1016.8,1.0,1.4,0,930.0,0
2018-05-21 08:46:59,3,32,24.1,34,22.4,1016.7,1.7,2.7,0,930.0,0
2018-05-21 08:49:59,3,32,24.0,34,22.3,1016.7,2.0,3.1,0,930.0,0
2018-05-21 08:52:59,3,32,24.0,35,22.3,1016.6,0.7,1.4,4,930.0,0
2018-05-21 08:55:59,3,32,24.0,33,22.2,1016.5,2.7,3.7,5,930.0,0
2018-05-21 08:58:59,3,33,23.9,34,22.3,1016.6,1.7,2.0,0,930.0,0
2018-05-21 09:01:59,3,33,23.9,31,22.5,1016.6,2.4,3.4,8,930.0,0
2018-05-21 09:04:59,3,33,23.8,31,22.5,1016.5,2.0,3.4,0,930.0,0
2018-05-21 09:07:59,3,33,23.8,33,22.4,1016.5,2.7,3.7,2,930.0,0
2018-05-21 09:10:59,3,33,23.8,32,22.4,1016.5,2.4,4.4,8,930.0,0
2018-05-21 09:13:59,3,33,23.8,30,22.6,1016.3,0.7,1.4,8,930.0,0
2018-05-21 09:16:59,3,34,23.8,31,22.9,1016.4,1.7,3.1,8,930.0,0
2018-05-21 09:19:59,3,34,23.7,31,23.1,1016.3,2.0,2.7,4,930.0,0
2018-05-21 09:22:59,3,34,23.7,30,22.8,1016.1,1.4,2.0,4,930.0,0
2018-05-21 09:25:59,3,34,23.7,30,22.7,1016.2,2.7,4.1,8,930.0,0
2018-05-21 09:28:59,3,34,23.7,30,22.6,1016.0,2.0,5.1,4,930.0,0
2018-05-21 09:31:59,3,34,23.7,30,22.7,1016.2,2.0,2.7,4,930.0,0
2018-05-21 09:34:59,3,34,23.7,30,22.6,1016.1,2.0,3.7,8,930.0,0
2018-05-21 09:37:59,3,34,23.6,30,22.9,1016.0,1.4,2.0,12,930.0,0
2018-05-21 09:40:59,3,34,23.6,30,22.8,1016.0,3.1,3.7,2,930.0,0
2018-05-21 09:43:59,3,34,23.6,30,22.8,1016.1,3.4,5.8,5,930.0,0
2018-05-21 09:46:59,3,34,23.6,30,22.8,1016.0,2.4,3.1,4,930.0,0
2018-05-21 09:49:59,3,34,23.6,30,22.6,1015.9,2.7,3.7,2,930.0,0
2018-05-21 09:52:59,3,34,23.6,31,22.7,1016.1,1.4,2.0,0,930.0,0
2018-05-21 09:55:59,3,34,23.6,30,22.7,1016.0,2.4,4.1,2,930.0,0
2018-05-21 09:58:59,3,34,23.6,30,22.8,1015.9,1.0,1.4,12,930.0,0
2018-05-21 10:01:59,3,34,23.6,30,22.9,1016.0,3.1,4.4,4,930.0,0
2018-05-21 10:04:59,3,34,23.6,30,22.9,1016.0,3.1,4.4,4,930.0,0
2018-05-21 10:07:59,3,34,23.6,31,22.9,1015.9,1.7,2.7,2,930.0,0
2018-05-21 10:10:59,3,34,23.6,30,22.7,1015.8,2.4,3.7,2,930.0,0
2018-05-21 10:13:59,3,34,23.6,30,22.6,1015.7,1.7,2.7,2,930.0,0
2018-05-21 10:16:59,3,34,23.6,31,22.9,1015.8,1.4,1.7,8,930.0,0
2018-05-21 10:19:59,3,34,23.6,30,23.2,1015.8,3.1,3.7,4,930.0,0
2018-05-21 10:22:59,3,34,23.6,30,23.0,1015.8,1.7,2.7,4,930.0,0
2018-05-21 10:25:59,3,34,23.6,30,23.0,1015.6,1.7,2.4,0,930.0,0
2018-05-21 10:28:59,3,34,23.6,31,23.1,1015.5,3.1,4.4,10,930.0,0
2018-05-21 10:31:59,3,34,23.6,31,23.3,1015.6,1.7,2.7,0,930.0,0
2018-05-21 10:34:59,3,34,23.6,31,23.3,1015.5,3.7,5.8,0,930.0,0
2018-05-21 10:37:59,3,35,23.6,30,23.2,1015.5,2.4,3.1,0,930.0,0
2018-05-21 10:40:59,3,35,23.6,31,23.3,1015.4,1.4,1.7,2,930.0,0
2018-05-21 10:43:59,3,35,23.6,30,23.5,1015.2,2.7,3.4,10,930.0,0
2018-05-21 10:46:59,3,35,23.6,30,23.3,1015.3,1.7,2.4,6,930.0,0
2018-05-21 10:49:59,3,35,23.6,31,23.5,1015.3,1.7,2.4,6,930.0,0
2018-05-21 10:52:59,3,35,23.6,31,23.8,1015.2,2.7,3.4,4,930.0,0
2018-05-21 10:55:59,3,35,23.6,30,24.0,1015.2,2.0,3.4,7,930.0,0
2018-05-21 10:58:59,3,35,23.6,30,24.0,1015.4,2.7,3.1,6,930.0,0
2018-05-21 11:01:59,3,35,23.6,30,23.9,1015.2,3.1,4.4,6,930.0,0
2018-05-21 11:04:59,3,35,23.6,30,23.9,1015.2,1.7,2.4,4,930.0,0
2018-05-21 11:07:59,3,35,23.6,30,23.8,1015.2,2.0,2.7,10,930.0,0
2018-05-21 11:10:59,3,35,23.6,31,23.8,1015.1,2.4,3.4,14,930.0,0
2018-05-21 11:13:59,3,35,23.6,30,23.9,1015.0,1.7,2.4,14,930.0,0
2018-05-21 11:16:59,3,35,23.6,31,23.8,1015.0,2.7,4.1,9,930.0,0
2018-05-21 11:19:59,3,35,23.6,31,23.9,1014.9,1.7,2.4,10,930.0,0
2018-05-21 11:22:59,3,35,23.6,31,23.8,1015.0,3.4,4.1,0,930.0,0
2018-05-21 11:25:59,3,35,23.6,32,23.9,1015.0,1.0,1.7,4,930.0,0
2018-05-21 11:28:59,3,35,23.6,31,24.0,1014.9,2.7,3.7,12,930.0,0
2018-05-21 11:31:59,3,35,23.7,31,23.8,1014.9,2.4,4.1,10,930.0,0
2018-05-21 11:34:59,3,35,23.7,31,23.5,1014.9,2.7,3.4,4,930.0,0
2018-05-21 11:37:59,3,35,23.7,32,23.3,1014.8,1.0,1.7,0,930.0,0
2018-05-21 11:40:59,3,35,23.7,32,23.4,1014.9,1.4,2.0,14,930.0,0
2018-05-21 11:43:59,3,35,23.7,32,23.5,1014.8,1.4,2.4,6,930.0,0
2018-05-21 11:46:59,3,35,23.7,32,23.6,1014.7,1.4,2.0,6,930.0,0
2018-05-21 11:49:59,3,35,23.8,31,23.5,1014.7,3.1,4.8,4,930.0,0
2018-05-21 11:52:59,3,35,23.8,32,23.5,1014.7,0.7,1.4,14,930.0,0
2018-05-21 11:55:59,3,35,23.8,32,23.9,1014.6,1.7,2.4,6,930.0,0
2018-05-21 11:58:59,3,35,23.8,31,24.0,1014.5,2.0,2.7,2,930.0,0
2018-05-21 12:01:59,3,35,23.8,31,23.9,1014.5,1.7,2.0,10,930.0,0
2018-05-21 12:04:59,3,35,23.8,31,23.9,1014.4,1.7,2.0,10,930.0,0
2018-05-21 12:07:59,3,35,23.8,31,24.0,1014.4,1.0,1.7,1,930.0,0
2018-05-21 12:10:59,3,35,23.8,31,23.7,1014.3,1.4,2.4,0,930.0,0
2018-05-21 12:13:59,3,35,23.8,31,23.7,1014.3,1.4,2.4,2,930.0,0
2018-05-21 12:16:59,3,35,23.9,31,23.8,1014.3,2.0,3.1,0,930.0,0
2018-05-21 12:19:59,3,36,23.9,31,24.1,1014.4,0.7,1.4,2,930.0,0
2018-05-21 12:22:59,3,34,24.0,30,24.0,1014.3,1.0,1.7,0,930.0,0
2018-05-21 12:25:59,3,35,24.0,30,23.9,1014.2,1.7,2.0,6,930.0,0
2018-05-21 12:28:59,3,35,24.0,30,23.9,1014.2,2.0,3.1,0,930.0,0
2018-05-21 12:31:59,3,35,24.0,30,24.2,1014.3,2.0,2.7,6,930.0,0
2018-05-21 12:34:59,3,35,24.0,28,24.2,1014.3,1.4,2.4,8,930.0,0
2018-05-21 12:37:59,3,35,24.1,27,24.3,1014.2,3.4,6.1,5,930.0,0
2018-05-21 12:40:59,3,35,24.1,26,24.0,1014.1,2.7,3.7,4,930.0,0
2018-05-21 12:43:59,3,35,24.1,29,24.0,1014.1,1.4,2.0,2,930.0,0
2018-05-21 12:46:59,3,35,24.1,30,24.1,1014.1,2.4,4.1,0,930.0,0
2018-05-21 12:49:59,3,34,24.1,30,23.9,1014.0,1.4,2.0,2,930.0,0
2018-05-21 12:52:59,3,34,24.1,30,24.1,1014.0,2.4,3.1,0,930.0,0
2018-05-21 12:55:59,3,34,24.1,26,24.2,1014.0,2.7,3.7,4,930.0,0
2018-05-21 12:58:59,3,34,24.1,26,24.1,1014.0,1.7,2.0,2,930.0,0
2018-05-21 13:01:59,3,34,24.1,27,24.2,1013.9,2.0,3.4,8,930.0,0
2018-05-21 13:04:59,3,34,24.2,29,24.3,1013.9,1.4,2.0,12,930.0,0
2018-05-21 13:07:59,3,34,24.2,27,24.1,1013.9,3.7,5.4,4,930.0,0
2018-05-21 13:10:59,3,34,24.3,30,24.2,1013.8,1.7,2.7,6,930.0,0
2018-05-21 13:13:59,3,34,24.3,29,24.6,1013.8,2.0,2.4,4,930.0,0
2018-05-21 13:16:59,3,34,24.3,30,24.9,1013.8,1.4,2.0,10,930.0,0
2018-05-21 13:19:59,3,34,24.3,27,24.9,1013.9,1.7,2.0,4,930.0,0
2018-05-21 13:22:59,3,34,24.4,26,24.7,1013.6,3.7,6.8,8,930.0,0
2018-05-21 13:25:59,3,34,24.4,28,24.7,1013.7,1.7,2.7,8,930.0,0
2018-05-21 13:28:59,3,34,24.4,26,24.4,1013.7,3.4,4.8,4,930.0,0
2018-05-21 13:31:59,3,34,24.4,27,23.9,1013.6,2.4,3.7,0,930.0,0
2018-05-21 13:34:59,3,34,24.4,30,23.6,1013.5,1.7,2.7,0,930.0,0
2018-05-21 13:37:59,3,34,24.5,30,23.5,1013.5,2.7,4.1,1,930.0,0
2018-05-21 13:40:59,3,34,24.5,30,23.7,1013.6,2.0,3.1,0,930.0,0
2018-05-21 13:43:59,3,34,24.5,30,24.2,1013.6,1.0,1.7,4,930.0,0
2018-05-21 13:46:59,3,34,24.5,30,24.5,1013.5,1.4,1.7,4,930.0,0
2018-05-21 13:49:59,3,34,24.6,30,24.9,1013.4,1.7,2.0,0,930.0,0
2018-05-21 13:52:59,3,34,24.7,29,24.7,1013.3,1.7,2.0,4,930.0,0
2018-05-21 13:55:59,3,34,24.7,29,24.9,1013.5,2.0,3.1,14,930.0,0
2018-05-21 13:58:59,3,34,24.7,28,24.9,1013.4,1.4,2.0,2,930.0,0
2018-05-21 14:01:59,3,34,24.7,28,24.9,1013.4,1.4,1.4,15,930.0,0
2018-05-21 14:04:59,3,34,24.7,28,24.9,1013.2,1.4,1.4,15,930.0,0
2018-05-21 14:07:59,3,34,24.8,26,25.1,1013.2,2.0,2.4,14,930.0,0
2018-05-21 14:10:59,3,34,24.8,28,25.1,1013.3,2.0,3.1,8,930.0,0
2018-05-21 14:13:59,3,34,24.8,27,25.2,1013.3,1.7,2.0,8,930.0,0
2018-05-21 14:16:59,3,34,24.8,28,25.4,1013.3,2.0,2.7,4,930.0,0
2018-05-21 14:19:59,3,34,24.8,25,25.5,1013.2,2.0,3.1,10,930.0,0
2018-05-21 14:22:59,3,34,24.8,24,25.4,1013.2,1.7,3.4,4,930.0,0
2018-05-21 14:25:59,3,33,25.0,25,25.1,1013.2,1.7,2.7,6,930.0,0
2018-05-21 14:28:59,3,33,25.0,25,24.9,1013.2,1.7,2.4,10,930.0,0
2018-05-21 14:31:59,3,33,25.0,26,24.8,1013.1,1.0,1.7,8,930.0,0
2018-05-21 14:34:59,3,33,25.0,25,24.8,1013.2,2.7,4.1,10,930.0,0
2018-05-21 14:37:59,3,33,25.0,23,24.7,1013.2,2.4,3.4,4,930.0,0
2018-05-21 14:40:59,3,33,25.1,24,24.7,1013.0,2.0,4.4,14,930.0,0
2018-05-21 14:43:59,3,33,25.1,25,25.0,1012.9,1.4,1.7,2,930.0,0
2018-05-21 14:46:59,3,33,25.1,25,25.1,1012.9,1.7,3.4,4,930.0,0
2018-05-21 14:49:59,3,33,25.1,25,25.0,1012.9,2.0,2.7,2,930.0,0
2018-05-21 14:52:59,3,33,25.1,27,25.0,1012.9,1.4,1.7,4,930.0,0
2018-05-21 14:55:59,3,33,25.1,28,25.0,1012.9,1.0,1.7,0,930.0,0
2018-05-21 14:58:59,3,33,25.1,26,25.0,1012.8,2.4,3.1,10,930.0,0
2018-05-21 15:01:59,3,33,25.2,25,24.8,1012.8,3.4,4.8,2,930.0,0
2018-05-21 15:04:59,3,33,25.3,26,24.3,1012.7,1.7,2.0,0,930.0,0
2018-05-21 15:07:59,3,33,25.3,27,24.2,1012.8,1.4,2.0,4,930.0,0
2018-05-21 15:10:59,3,33,25.3,27,24.2,1012.8,3.1,4.8,6,930.0,0
2018-05-21 15:13:59,3,33,25.3,27,24.3,1012.7,1.7,3.1,0,930.0,0
2018-05-21 15:16:59,3,33,25.3,27,24.4,1012.6,1.7,2.4,2,930.0,0
2018-05-21 15:19:59,3,33,25.3,28,24.5,1012.6,1.4,2.0,0,930.0,0
2018-05-21 15:22:59,3,33,25.3,28,24.6,1012.7,0.7,1.0,14,930.0,0
2018-05-21 15:25:59,3,33,25.3,28,24.6,1012.6,1.7,2.4,12,930.0,0
2018-05-21 15:28:59,3,33,25.3,29,24.8,1012.6,0.7,1.7,8,930.0,0
2018-05-21 15:31:59,3,33,25.4,27,25.1,1012.5,1.4,2.0,4,930.0,0
2018-05-21 15:34:59,3,33,25.4,25,25.2,1012.5,1.0,1.4,0,930.0,0
2018-05-21 15:37:59,3,33,25.4,25,25.2,1012.5,1.0,1.7,2,930.0,0
2018-05-21 15:40:59,3,33,25.4,25,25.2,1012.4,0.7,1.4,2,930.0,0
2018-05-21 15:43:59,3,33,25.4,25,25.2,1012.4,0.7,1.4,2,930.0,0
2018-05-21 15:46:59,3,33,25.4,25,25.0,1012.3,1.7,2.4,4,930.0,0
2018-05-21 15:49:59,3,33,25.4,25,24.8,1012.3,1.7,2.4,0,930.0,0
2018-05-21 15:52:59,3,33,25.4,26,25.0,1012.4,0.7,1.0,2,930.0,0
2018-05-21 15:55:59,3,33,25.4,25,25.0,1012.4,2.4,3.4,4,930.0,0
2018-05-21 15:58:59,3,33,25.4,24,24.6,1012.3,2.0,3.1,6,930.0,0
2018-05-21 16:01:59,3,33,25.4,25,24.5,1012.3,1.4,2.0,10,930.0,0
2018-05-21 16:04:59,3,33,25.4,25,24.5,1012.4,1.4,2.0,10,930.0,0
2018-05-21 16:07:59,3,33,25.4,28,24.5,1012.3,1.7,2.4,4,930.0,0
2018-05-21 16:10:59,3,33,25.4,27,24.6,1012.2,2.4,3.4,2,930.0,0
2018-05-21 16:13:59,3,33,25.4,26,24.5,1012.2,1.4,1.7,8,930.0,0
2018-05-21 16:16:59,3,33,25.4,26,24.6,1012.1,1.7,2.4,2,930.0,0
2018-05-21 16:19:59,3,33,25.4,28,24.7,1012.1,0.7,1.0,10,930.0,0
2018-05-21 16:22:59,3,33,25.4,26,24.7,1012.2,1.0,1.7,2,930.0,0
2018-05-21 16:25:59,3,33,25.4,27,24.9,1012.3,0.7,1.4,8,930.0,0
2018-05-21 16:28:59,3,33,25.4,26,25.1,1012.1,1.7,2.0,12,930.0,0
2018-05-21 16:31:59,3,33,25.4,26,24.9,1012.1,2.0,3.7,4,930.0,0
2018-05-21 16:34:59,3,33,25.4,26,24.8,1012.1,1.0,1.7,8,930.0,0
2018-05-21 16:37:59,3,33,25.4,26,24.7,1012.0,2.0,2.7,1,930.0,0
2018-05-21 16:40:59,3,33,25.4,26,24.7,1012.1,1.7,2.0,14,930.0,0
2018-05-21 16:43:59,3,33,25.4,27,24.6,1012.1,0.7,1.0,4,930.0,0
2018-05-21 16:46:59,3,33,25.4,27,24.5,1012.1,1.7,2.7,4,930.0,0
2018-05-21 16:49:59,3,33,25.4,28,24.3,1012.1,1.0,1.7,0,930.0,0
2018-05-21 16:52:59,3,33,25.4,27,24.2,1012.0,1.0,1.7,6,930.0,0
2018-05-21 16:55:59,3,33,25.4,27,24.0,1012.0,1.7,2.0,14,930.0,0
2018-05-21 16:58:59,3,33,25.4,28,23.9,1012.0,1.4,1.7,4,930.0,0
2018-05-21 17:01:59,3,32,26.2,28,23.9,1012.0,1.4,2.0,0,930.0,0
2018-05-21 17:04:59,3,32,26.2,28,23.9,1012.1,1.4,2.0,9,930.0,0
2018-05-21 17:07:59,3,32,26.2,28,23.8,1011.9,0.7,1.4,12,930.0,0
2018-05-21 17:10:59,3,32,26.2,29,23.8,1011.9,0.7,1.0,2,930.0,0
2018-05-21 17:13:59,3,32,26.2,29,23.9,1011.9,0.3,0.7,2,930.0,0
2018-05-21 17:16:59,3,32,26.2,28,24.0,1011.9,0.3,0.7,14,930.0,0
2018-05-21 17:19:59,3,32,26.2,28,24.0,1012.0,2.0,3.1,4,930.0,0
2018-05-21 17:22:59,3,32,26.2,27,23.7,1011.9,1.7,2.7,2,930.0,0
2018-05-21 17:25:59,3,32,26.2,28,23.3,1012.0,0.7,1.0,0,930.0,0
2018-05-21 17:28:59,3,32,26.2,28,23.0,1011.9,0.7,1.4,8,930.0,0
2018-05-21 17:31:59,3,32,26.2,30,22.8,1012.0,0.7,1.4,11,930.0,0
2018-05-21 17:34:59,3,32,26.2,30,22.7,1012.0,0.3,0.7,14,930.0,0
2018-05-21 17:37:59,3,32,26.3,30,22.8,1011.8,0,0.3,0,930.0,0
2018-05-21 17:40:59,3,32,26.3,30,22.9,1011.9,0.7,1.0,0,930.0,0
2018-05-21 17:43:59,3,32,26.3,30,23.1,1011.9,1.4,1.7,14,930.0,0
2018-05-21 17:46:59,3,32,26.3,29,23.1,1011.9,1.4,1.7,2,930.0,0
2018-05-21 17:49:59,3,32,26.3,30,23.2,1012.0,0,0,0,930.0,0
2018-05-21 17:52:59,3,32,26.3,28,23.1,1012.0,0.7,1.4,0,930.0,0
2018-05-21 17:55:59,3,32,26.3,29,23.0,1012.0,0.3,1.0,8,930.0,0
2018-05-21 17:58:59,3,32,26.3,29,23.0,1012.0,0.3,0.7,2,930.0,0
2018-05-21 18:01:59,3,32,26.3,28,22.8,1012.0,2.0,2.4,6,930.0,0
2018-05-21 18:04:59,3,32,26.2,28,22.8,1012.0,2.0,2.4,6,930.0,0
2018-05-21 18:07:59,3,32,26.3,31,22.0,1011.9,1.0,1.4,6,930.0,0
2018-05-21 18:10:59,3,32,26.3,32,21.8,1011.9,0.7,1.0,2,930.0,0
2018-05-21 18:13:59,3,32,26.2,32,21.6,1012.0,0.3,0.7,14,930.0,0
2018-05-21 18:16:59,3,32,26.2,33,21.4,1012.0,0.7,1.0,0,930.0,0
2018-05-21 18:19:59,3,32,26.2,34,21.2,1012.0,0,0,0,930.0,0
2018-05-21 18:22:59,3,32,26.2,34,21.1,1012.0,0.3,0.7,4,930.0,0
2018-05-21 18:25:59,3,32,26.2,35,20.8,1011.9,0,0,0,930.0,0
2018-05-21 18:28:59,3,32,26.2,35,20.7,1012.0,1.0,1.4,0,930.0,0
2018-05-21 18:31:59,3,32,26.2,35,20.6,1012.0,1.0,1.4,0,930.0,0
2018-05-21 18:34:59,3,32,26.2,35,20.5,1011.9,0,0.3,2,930.0,0
2018-05-21 18:37:59,3,32,26.2,36,20.4,1012.0,0.7,1.7,6,930.0,0
2018-05-21 18:40:59,3,32,26.2,36,20.3,1011.9,0,0,2,930.0,0
2018-05-21 18:43:59,3,32,26.2,36,20.1,1011.9,0.3,0.7,0,930.0,0
2018-05-21 18:46:59,3,32,26.2,36,20.1,1012.0,0.3,0.7,4,930.0,0
2018-05-21 18:49:59,3,32,26.2,36,19.9,1011.9,0.3,0.7,4,930.0,0
2018-05-21 18:52:59,3,32,26.2,36,19.8,1011.9,0.3,0.3,0,930.0,0
2018-05-21 18:55:59,3,33,25.4,37,19.7,1011.9,0.3,0.7,0,930.0,0
2018-05-21 18:58:59,3,33,25.4,37,19.6,1011.8,0,0,0,930.0,0
2018-05-21 19:01:59,3,33,25.4,39,19.4,1011.8,0.3,0.7,2,930.0,0
2018-05-21 19:04:59,3,33,25.4,39,19.2,1011.9,0,0.7,0,930.0,0
2018-05-21 19:07:59,3,33,25.4,40,19.1,1011.9,0,0.7,0,930.0,0
2018-05-21 19:10:59,3,33,25.4,40,18.9,1011.9,0,0,0,930.0,0
2018-05-21 19:13:59,3,33,25.4,40,18.7,1011.8,0,0.3,0,930.0,0
2018-05-21 19:16:59,3,33,25.4,41,18.5,1012.0,0,0,0,930.0,0
2018-05-21 19:19:59,3,33,25.4,42,18.3,1012.1,0,0,0,930.0,0
2018-05-21 19:22:59,3,33,25.4,42,18.1,1012.0,0,0,0,930.0,0
2018-05-21 19:25:59,3,33,25.4,42,17.9,1012.0,0,0,0,930.0,0
2018-05-21 19:28:59,3,33,25.4,43,17.7,1012.1,0,0,0,930.0,0
2018-05-21 19:31:59,3,33,25.4,43,17.5,1012.1,0,0,0,930.0,0
2018-05-21 19:34:59,3,33,25.4,47,17.4,1012.0,0,0,0,930.0,0
2018-05-21 19:37:59,3,33,25.4,49,17.2,1012.2,0,0,0,930.0,0
2018-05-21 19:40:59,3,33,25.4,49,17.0,1012.1,0,0,0,930.0,0
2018-05-21 19:43:59,3,33,25.4,50,16.9,1012.2,0,0,0,930.0,0
2018-05-21 19:46:59,3,33,25.4,50,16.8,1012.1,0,0,0,930.0,0
2018-05-21 19:49:59,3,33,25.4,51,16.7,1012.1,0,0,0,930.0,0
2018-05-21 19:52:59,3,33,25.4,51,16.5,1012.1,0,0,0,930.0,0
2018-05-21 19:55:59,3,33,25.4,51,16.3,1012.0,0,0,0,930.0,0
2018-05-21 19:58:59,3,33,25.4,51,16.2,1012.1,0,0,0,930.0,0
2018-05-21 20:01:59,3,33,25.4,51,16.1,1012.0,0,0,0,930.0,0
2018-05-21 20:04:59,3,33,25.4,51,16.1,1012.0,0,0,0,930.0,0
2018-05-21 20:07:59,3,33,25.4,53,15.7,1012.0,0,0,0,930.0,0
2018-05-21 20:10:59,3,33,25.4,53,15.7,1012.1,0,0,0,930.0,0
2018-05-21 20:13:59,3,33,25.4,53,15.6,1012.0,0,0,0,930.0,0
2018-05-21 20:16:59,3,33,25.4,54,15.5,1011.9,0,0,0,930.0,0
2018-05-21 20:19:59,3,33,25.4,54,15.4,1012.0,0,0,0,930.0,0
2018-05-21 20:22:59,3,33,25.4,54,15.3,1012.0,0,0,0,930.0,0
2018-05-21 20:25:59,3,33,25.4,54,15.1,1012.0,0,0,0,930.0,0
2018-05-21 20:28:59,3,33,25.4,55,15.0,1012.0,0,0,0,930.0,0
2018-05-21 20:31:59,3,33,25.4,56,14.9,1011.9,0,0,0,930.0,0
2018-05-21 20:34:59,3,33,25.4,57,14.9,1012.0,0,0,0,930.0,0
2018-05-21 20:37:59,3,33,25.4,57,14.8,1012.0,0,0,0,930.0,0
2018-05-21 20:40:59,3,33,25.4,58,14.8,1012.0,0,0,0,930.0,0
2018-05-21 20:43:59,3,33,25.4,58,14.8,1012.0,0,0,0,930.0,0
2018-05-21 20:46:59,3,33,25.4,58,14.7,1012.1,0,0,0,930.0,0
2018-05-21 20:49:59,3,33,25.4,59,14.7,1012.0,0,0,0,930.0,0
2018-05-21 20:52:59,3,33,25.4,59,14.6,1011.9,0,0,0,930.0,0
2018-05-21 20:55:59,3,33,25.4,59,14.5,1012.0,0,0,0,930.0,0
2018-05-21 20:58:59,3,33,25.4,59,14.5,1012.0,0,0,0,930.0,0
2018-05-21 21:01:59,3,33,25.4,60,14.4,1011.9,0,0,0,930.0,0
2018-05-21 21:04:59,3,33,25.4,60,14.3,1011.9,0,0,0,930.0,0
2018-05-21 21:07:59,3,32,25.3,60,14.2,1012.0,0,0,0,930.0,0
2018-05-21 21:10:59,3,32,25.3,60,14.2,1012.1,0,0,0,930.0,0
2018-05-21 21:13:59,3,32,25.3,60,14.2,1012.0,0,0,0,930.0,0
2018-05-21 21:16:59,3,32,25.3,60,14.1,1011.9,0,0,0,930.0,0
2018-05-21 21:19:59,3,32,25.3,60,14.1,1012.0,0,0,0,930.0,0
2018-05-21 21:22:59,3,32,25.3,60,14.0,1011.9,0,0,0,930.0,0
2018-05-21 21:25:59,3,32,25.3,61,13.9,1012.0,0,0,0,930.0,0
2018-05-21 21:28:59,3,32,25.3,61,13.8,1011.9,0,0,0,930.0,0
2018-05-21 21:31:59,3,32,25.2,61,13.7,1011.9,0,0,0,930.0,0
2018-05-21 21:34:59,3,32,25.3,61,13.7,1011.9,0,0,0,930.0,0
2018-05-21 21:37:59,3,32,25.3,61,13.6,1012.0,0,0,0,930.0,0
2018-05-21 21:40:59,3,32,25.3,61,13.5,1011.9,0,0,0,930.0,0
2018-05-21 21:43:59,3,32,25.2,61,13.4,1011.8,0,0,0,930.0,0
2018-05-21 21:46:59,3,32,25.2,62,13.4,1011.9,0,0,0,930.0,0
2018-05-21 21:49:59,3,32,25.2,62,13.3,1011.8,0,0,0,930.0,0
2018-05-21 21:52:59,3,32,25.2,62,13.3,1011.8,0,0,0,930.0,0
2018-05-21 21:55:59,3,32,25.2,62,13.2,1011.8,0,0,0,930.0,0
2018-05-21 21:58:59,3,32,25.2,62,13.1,1011.8,0,0,0,930.0,0
2018-05-21 22:01:59,3,32,25.2,62,13.1,1011.8,0,0,0,930.0,0
2018-05-21 22:04:59,3,32,25.2,62,13.1,1011.8,0,0,0,930.0,0
2018-05-21 22:07:59,3,32,25.1,62,13.0,1011.8,0,0,0,930.0,0
2018-05-21 22:10:59,3,32,25.1,62,13.0,1011.8,0,0,0,930.0,0
2018-05-21 22:13:59,3,32,25.1,63,13.0,1011.7,0,0,0,930.0,0
2018-05-21 22:16:59,3,32,25.1,63,12.9,1011.7,0,0,0,930.0,0
2018-05-21 22:19:59,3,32,25.0,63,12.8,1011.7,0,0,0,930.0,0
2018-05-21 22:22:59,3,32,25.0,63,12.8,1011.7,0,0,0,930.0,0
2018-05-21 22:25:59,3,32,25.0,63,12.7,1011.6,0,0,0,930.0,0
2018-05-21 22:28:59,3,32,25.0,63,12.7,1011.6,0,0,0,930.0,0
2018-05-21 22:31:59,3,32,25.0,63,12.6,1011.6,0,0,0,930.0,0
2018-05-21 22:34:59,3,32,25.0,64,12.6,1011.6,0,0,0,930.0,0
2018-05-21 22:37:59,3,32,25.0,64,12.5,1011.5,0,0,0,930.0,0
2018-05-21 22:40:59,3,32,25.0,68,12.4,1011.5,0,0,0,930.0,0
2018-05-21 22:43:59,3,31,25.0,69,12.3,1011.5,0,0,0,930.0,0
2018-05-21 22:46:59,3,31,25.0,69,12.3,1011.5,0,0,0,930.0,0
2018-05-21 22:49:59,3,32,24.8,69,12.3,1011.5,0,0,0,930.0,0
2018-05-21 22:52:59,3,32,24.8,69,12.2,1011.4,0,0,0,930.0,0
2018-05-21 22:55:59,3,32,24.8,70,12.2,1011.4,0,0,0,930.0,0
2018-05-21 22:58:59,3,32,24.8,70,12.2,1011.5,0,0,0,930.0,0
2018-05-21 23:01:59,3,32,24.8,70,12.1,1011.4,0,0,0,930.0,0
2018-05-21 23:04:59,3,32,24.8,70,12.0,1011.3,0,0,0,930.0,0
2018-05-21 23:07:59,3,32,24.8,70,12.0,1011.3,0,0,0,930.0,0
2018-05-21 23:10:59,3,32,24.8,70,11.9,1011.3,0,0,0,930.0,0
2018-05-21 23:13:59,3,32,24.8,70,11.9,1011.2,0,0,0,930.0,0
2018-05-21 23:16:59,3,32,24.7,70,11.8,1011.2,0,0,0,930.0,0
2018-05-21 23:19:59,3,32,24.7,70,11.8,1011.2,0,0,0,930.0,0
2018-05-21 23:22:59,3,32,24.7,70,11.8,1011.2,0,0,0,930.0,0
2018-05-21 23:25:59,3,32,24.7,70,11.8,1011.2,0,0,0,930.0,0
2018-05-21 23:28:59,3,32,24.7,70,11.8,1011.3,0,0,0,930.0,0
2018-05-21 23:31:59,3,32,24.7,70,11.8,1011.2,0,0,0,930.0,0
2018-05-21 23:34:59,3,32,24.7,70,11.8,1011.2,0,0,0,930.0,0
2018-05-21 23:37:59,3,32,24.6,70,11.8,1011.2,0,0,0,930.0,0
2018-05-21 23:40:59,3,32,24.6,70,11.7,1011.3,0,0,0,930.0,0
2018-05-21 23:43:59,3,32,24.6,71,11.7,1011.3,0,0,0,930.0,0
2018-05-21 23:46:59,3,32,24.6,71,11.6,1011.3,0,0,0,930.0,0
2018-05-21 23:49:59,3,32,24.5,71,11.5,1011.2,0,0,0,930.0,0
2018-05-21 23:52:59,3,32,24.5,71,11.5,1011.2,0,0,0,930.0,0
2018-05-21 23:55:59,3,32,24.5,71,11.4,1011.1,0,0,0,930.0,0
2018-05-21 23:58:59,3,32,24.5,71,11.4,1011.0,0,0,0,930.0,0
