2018-05-22 00:01:59,3,32,24.5,71,11.4,1011.1,0,0,0,930.0,0
2018-05-22 00:04:59,3,32,24.5,71,11.4,1011.1,0,0,0,930.0,0
2018-05-22 00:07:59,3,32,24.5,71,11.2,1011.0,0,0,0,930.0,0
2018-05-22 00:10:59,3,32,24.5,71,11.1,1011.1,0,0,0,930.0,0
2018-05-22 00:13:59,3,32,24.5,72,11.1,1011.1,0,0,0,930.0,0
2018-05-22 00:16:59,3,32,24.4,72,11.0,1011.1,0,0,0,930.0,0
2018-05-22 00:19:59,3,32,24.4,72,10.9,1011.1,0,0,0,930.0,0
2018-05-22 00:22:59,3,32,24.4,72,10.9,1011.0,0,0,0,930.0,0
2018-05-22 00:25:59,3,32,24.4,72,10.8,1010.9,0,0,0,930.0,0
2018-05-22 00:28:59,3,32,24.4,73,10.8,1010.9,0,0,0,930.0,0
2018-05-22 00:31:59,3,32,24.4,73,10.8,1011.0,0,0,0,930.0,0
2018-05-22 00:34:59,3,32,24.3,73,10.7,1010.9,0,0,0,930.0,0
2018-05-22 00:37:59,3,32,24.3,74,10.7,1010.9,0,0,0,930.0,0
2018-05-22 00:40:59,3,32,24.3,74,10.7,1010.9,0,0,0,930.0,0
2018-05-22 00:43:59,3,32,24.3,74,10.6,1010.8,0,0,0,930.0,0
2018-05-22 00:46:59,3,32,24.2,74,10.6,1010.8,0,0,0,930.0,0
2018-05-22 00:49:59,3,32,24.2,74,10.5,1010.8,0,0,0,930.0,0
2018-05-22 00:52:59,3,32,24.2,75,10.5,1010.8,0,0,0,930.0,0
2018-05-22 00:55:59,3,32,24.2,75,10.4,1010.9,0,0,0,930.0,0
2018-05-22 00:58:59,3,32,24.2,75,10.4,1010.8,0,0,0,930.0,0
2018-05-22 01:01:59,3,32,24.2,75,10.3,1010.8,0,0,0,930.0,0
2018-05-22 01:04:59,3,32,24.2,75,10.3,1010.9,0,0,0,930.0,0
2018-05-22 01:07:59,3,32,24.2,76,10.2,1010.8,0,0,0,930.0,0
2018-05-22 01:10:59,3,32,24.2,76,10.2,1011.0,0,0,0,930.0,0
2018-05-22 01:13:59,3,32,24.1,76,10.1,1010.9,0,0,0,930.0,0
2018-05-22 01:16:59,3,32,24.1,76,10.1,1010.8,0,0,0,930.0,0
2018-05-22 01:19:59,3,32,24.1,76,10.0,1010.8,0,0,0,930.0,0
2018-05-22 01:22:59,3,32,24.1,76,10.0,1010.7,0,0,0,930.0,0
2018-05-22 01:25:59,3,32,24.1,76,9.9,1010.8,0,0,0,930.0,0
2018-05-22 01:28:59,3,32,24.1,77,9.9,1010.8,0,0,0,930.0,0
2018-05-22 01:31:59,3,32,24.1,77,9.8,1010.6,0,0,0,930.0,0
2018-05-22 01:34:59,3,33,23.9,77,9.8,1010.7,0,0,0,930.0,0
2018-05-22 01:37:59,3,33,23.9,78,9.7,1010.6,0,0,0,930.0,0
2018-05-22 01:40:59,3,33,23.8,78,9.7,1010.6,0,0,0,930.0,0
2018-05-22 01:43:59,3,33,23.8,78,9.7,1010.6,0,0,0,930.0,0
2018-05-22 01:46:59,3,33,23.8,78,9.6,1010.6,0,0,0,930.0,0
2018-05-22 01:49:59,3,33,23.8,79,9.6,1010.6,0,0,0,930.0,0
2018-05-22 01:52:59,3,33,23.8,79,9.6,1010.6,0,0,0,930.0,0
2018-05-22 01:55:59,3,33,23.8,79,9.6,1010.5,0,0,0,930.0,0
2018-05-22 01:58:59,3,33,23.8,79,9.6,1010.6,0,0,0,930.0,0
2018-05-22 02:01:59,3,33,23.8,79,9.5,1010.5,0,0,0,930.0,0
2018-05-22 02:04:59,3,33,23.8,79,9.5,1010.4,0,0,0,930.0,0
2018-05-22 02:07:59,3,33,23.8,80,9.5,1010.4,0,0,0,930.0,0
2018-05-22 02:10:59,3,33,23.8,80,9.5,1010.4,0,0,0,930.0,0
2018-05-22 02:13:59,3,33,23.7,80,9.5,1010.4,0,0,0,930.0,0
2018-05-22 02:16:59,3,33,23.7,80,9.4,1010.4,0,0,0,930.0,0
2018-05-22 02:19:59,3,33,23.7,80,9.4,1010.4,0,0,0,930.0,0
2018-05-22 02:22:59,3,33,23.7,80,9.4,1010.5,0,0,0,930.0,0
2018-05-22 02:25:59,3,33,23.7,80,9.4,1010.4,0,0,0,930.0,0
2018-05-22 02:28:59,3,33,23.7,80,9.3,1010.3,0,0,0,930.0,0
2018-05-22 02:31:59,3,33,23.6,80,9.3,1010.4,0,0,0,930.0,0
2018-05-22 02:34:59,3,33,23.6,80,9.3,1010.3,0,0,0,930.0,0
2018-05-22 02:37:59,3,33,23.6,80,9.3,1010.3,0,0,0,930.0,0
2018-05-22 02:40:59,3,33,23.6,80,9.3,1010.2,0,0,0,930.0,0
2018-05-22 02:43:59,3,33,23.6,80,9.3,1010.2,0,0,0,930.0,0
2018-05-22 02:46:59,3,33,23.6,80,9.2,1010.2,0,0,0,930.0,0
2018-05-22 02:49:59,3,33,23.6,80,9.2,1010.3,0,0,0,930.0,0
2018-05-22 02:52:59,3,33,23.6,80,9.1,1010.3,0,0,0,930.0,0
2018-05-22 02:55:59,3,33,23.6,80,9.1,1010.3,0,0,0,930.0,0
2018-05-22 02:58:59,3,33,23.5,81,9.0,1010.3,0,0,0,930.0,0
2018-05-22 03:01:59,3,33,23.5,81,9.0,1010.3,0,0,0,930.0,0
2018-05-22 03:04:59,3,33,23.5,81,9.0,1010.3,0,0,0,930.0,0
2018-05-22 03:07:59,3,33,23.5,81,9.0,1010.3,0,0,0,930.0,0
2018-05-22 03:10:59,3,33,23.4,81,9.0,1010.4,0,0,0,930.0,0
2018-05-22 03:13:59,3,33,23.4,81,8.9,1010.3,0,0,0,930.0,0
2018-05-22 03:16:59,3,33,23.4,81,8.9,1010.3,0,0,0,930.0,0
2018-05-22 03:19:59,3,33,23.4,82,8.9,1010.4,0,0,0,930.0,0
2018-05-22 03:22:59,3,33,23.4,82,8.9,1010.4,0,0,0,930.0,0
2018-05-22 03:25:59,3,33,23.4,82,8.9,1010.4,0,0,2,930.0,0
2018-05-22 03:28:59,3,33,23.4,82,8.9,1010.4,0,0,0,930.0,0
2018-05-22 03:31:59,3,33,23.4,82,8.9,1010.4,0,0,0,930.0,0
2018-05-22 03:34:59,3,33,23.4,82,8.9,1010.3,0,0,0,930.0,0
2018-05-22 03:37:59,3,33,23.3,82,8.9,1010.4,0,0,0,930.0,0
2018-05-22 03:40:59,3,33,23.3,82,8.9,1010.4,0,0,0,930.0,0
2018-05-22 03:43:59,3,33,23.3,82,8.9,1010.3,0,0,0,930.0,0
2018-05-22 03:46:59,3,33,23.3,82,8.9,1010.3,0,0,0,930.0,0
2018-05-22 03:49:59,3,33,23.3,82,8.9,1010.3,0,0,0,930.0,0
2018-05-22 03:52:59,3,33,23.3,82,9.0,1010.4,0,0,0,930.0,0
2018-05-22 03:55:59,3,33,23.3,82,9.0,1010.3,0,0,0,930.0,0
2018-05-22 03:58:59,3,33,23.3,82,9.0,1010.3,0,0,0,930.0,0
2018-05-22 04:01:59,3,33,23.2,82,9.0,1010.2,0,0,0,930.0,0
2018-05-22 04:04:59,3,33,23.2,82,9.0,1010.2,0,0,0,930.0,0
2018-05-22 04:07:59,3,33,23.2,82,9.1,1010.4,0,0,0,930.0,0
2018-05-22 04:10:59,3,33,23.2,82,9.2,1010.3,0,0,0,930.0,0
2018-05-22 04:13:59,3,33,23.1,82,9.2,1010.3,0,0,0,930.0,0
2018-05-22 04:16:59,3,33,23.1,82,9.3,1010.3,0,0,0,930.0,0
2018-05-22 04:19:59,3,33,23.1,82,9.4,1010.4,0,0,0,930.0,0
2018-05-22 04:22:59,3,33,23.1,82,9.5,1010.4,0,0,0,930.0,0
2018-05-22 04:25:59,3,33,23.1,82,9.6,1010.5,0,0,0,930.0,0
2018-05-22 04:28:59,3,33,23.1,82,9.7,1010.5,0,0,0,930.0,0
2018-05-22 04:31:59,3,33,23.1,82,9.8,1010.4,0,0,2,930.0,0
2018-05-22 04:34:59,3,33,23.1,82,10.0,1010.5,0,0,0,930.0,0
2018-05-22 04:37:59,3,33,23.1,82,10.1,1010.5,0,0,0,930.0,0
2018-05-22 04:40:59,3,33,23.1,81,10.2,1010.4,0,0,0,930.0,0
2018-05-22 04:43:59,3,33,23.1,81,10.3,1010.5,0,0,0,930.0,0
2018-05-22 04:46:59,3,33,23.0,81,10.5,1010.5,0,0,0,930.0,0
2018-05-22 04:49:59,3,33,23.0,81,10.7,1010.4,0,0,0,930.0,0
2018-05-22 04:52:59,3,33,23.0,81,10.9,1010.5,0,0,0,930.0,0
2018-05-22 04:55:59,3,33,23.0,80,11.2,1010.5,0.3,0.7,0,930.0,0
2018-05-22 04:58:59,3,33,23.0,80,11.3,1010.5,0,0,0,930.0,0
2018-05-22 05:01:59,3,33,23.0,79,11.6,1010.5,0,0.3,0,930.0,0
2018-05-22 05:04:59,3,33,23.0,78,11.8,1010.4,0.3,0.3,0,930.0,0
2018-05-22 05:07:59,3,33,23.0,77,12.1,1010.4,0,0,14,930.0,0
2018-05-22 05:10:59,3,33,23.0,76,12.3,1010.5,0,0,0,930.0,0
2018-05-22 05:13:59,3,33,23.0,72,12.6,1010.5,0,0,2,930.0,0
2018-05-22 05:16:59,3,33,23.0,71,12.9,1010.5,0.7,1.0,2,930.0,0
2018-05-22 05:19:59,3,34,23.0,70,13.2,1010.5,0.3,0.7,2,930.0,0
2018-05-22 05:22:59,3,34,23.0,70,13.3,1010.5,0,0.3,0,930.0,0
2018-05-22 05:25:59,3,34,23.0,68,13.6,1010.5,0.3,0.7,2,930.0,0
2018-05-22 05:28:59,3,34,23.0,67,13.8,1010.6,0.7,1.0,2,930.0,0
2018-05-22 05:31:59,3,34,23.0,66,14.1,1010.5,0.7,1.0,2,930.0,0
2018-05-22 05:34:59,3,34,23.0,65,14.2,1010.5,0,0.3,2,930.0,0
2018-05-22 05:37:59,3,34,23.0,63,14.4,1010.5,0.3,0.7,2,930.0,0
2018-05-22 05:40:59,3,34,23.0,63,14.6,1010.5,0.7,1.0,2,930.0,0
2018-05-22 05:43:59,3,34,23.0,62,14.8,1010.6,0.3,1.0,10,930.0,0
2018-05-22 05:46:59,3,34,23.0,62,14.9,1010.5,0,0.3,0,930.0,0
2018-05-22 05:49:59,3,35,23.0,61,15.1,1010.5,0.7,1.0,2,930.0,0
2018-05-22 05:52:59,3,35,23.0,60,15.3,1010.6,1.0,1.4,4,930.0,0
2018-05-22 05:55:59,3,35,23.0,61,15.5,1010.6,0,0.3,4,930.0,0
2018-05-22 05:58:59,3,35,23.0,60,15.7,1010.5,1.0,1.7,4,930.0,0
2018-05-22 06:01:59,3,35,23.0,60,16.0,1010.6,0.7,1.0,2,930.0,0
2018-05-22 06:04:59,3,35,23.0,60,16.0,1010.6,0.7,1.0,2,930.0,0
2018-05-22 06:07:59,3,35,23.0,57,17.4,1010.5,0.3,0.7,4,930.0,0
2018-05-22 06:10:59,3,35,23.0,52,17.8,1010.6,0.3,0.7,2,930.0,0
2018-05-22 06:13:59,3,35,23.0,50,18.0,1010.5,1.4,2.0,4,930.0,0
2018-05-22 06:16:59,3,35,23.0,50,18.2,1010.5,1.4,2.0,0,930.0,0
2018-05-22 06:19:59,3,35,23.0,49,18.2,1010.5,0.7,1.0,2,930.0,0
2018-05-22 06:22:59,3,35,23.0,50,18.6,1010.5,0,0.3,2,930.0,0
2018-05-22 06:25:59,3,35,23.0,50,19.0,1010.7,0.3,1.4,8,930.0,0
2018-05-22 06:28:59,3,35,23.0,47,19.2,1010.6,0.3,0.7,5,930.0,0
2018-05-22 06:31:59,3,35,23.0,46,19.4,1010.6,1.4,2.0,6,930.0,0
2018-05-22 06:34:59,3,35,23.0,46,19.4,1010.6,0.3,1.0,4,930.0,0
2018-05-22 06:37:59,3,35,23.0,46,19.7,1010.6,1.0,1.7,3,930.0,0
2018-05-22 06:40:59,3,35,23.0,46,19.9,1010.6,0.7,1.0,0,930.0,0
2018-05-22 06:43:59,3,35,23.0,46,20.2,1010.6,1.0,1.4,4,930.0,0
2018-05-22 06:46:59,3,36,23.0,45,20.3,1010.5,1.0,1.4,2,930.0,0
2018-05-22 06:49:59,3,36,23.0,44,20.4,1010.5,0.7,1.0,4,930.0,0
2018-05-22 06:52:59,3,36,23.1,43,20.7,1010.5,1.0,2.0,10,930.0,0
2018-05-22 06:55:59,3,36,23.3,43,20.9,1010.5,0,0.7,0,930.0,0
2018-05-22 06:58:59,3,36,23.4,44,21.3,1010.6,0.7,1.0,2,930.0,0
2018-05-22 07:01:59,3,36,23.5,42,21.6,1010.6,0,0.3,12,930.0,0
2018-05-22 07:04:59,3,36,23.6,41,21.7,1010.6,0.7,1.4,4,930.0,0
2018-05-22 07:07:59,3,36,23.7,41,21.6,1010.4,1.0,1.7,4,930.0,0
2018-05-22 07:10:59,3,36,23.8,41,21.6,1010.6,1.4,1.7,0,930.0,0
2018-05-22 07:13:59,3,35,23.8,41,21.6,1010.5,1.0,1.7,4,930.0,0
2018-05-22 07:16:59,3,35,23.8,41,21.8,1010.6,1.0,1.4,14,930.0,0
2018-05-22 07:19:59,3,35,23.8,41,21.9,1010.6,0.7,1.4,2,930.0,0
2018-05-22 07:22:59,3,35,23.7,40,22.0,1010.5,1.4,2.0,8,930.0,0
2018-05-22 07:25:59,3,35,23.7,40,22.0,1010.6,1.4,2.7,4,930.0,0
2018-05-22 07:28:59,3,35,23.7,40,21.9,1010.6,1.0,1.4,8,930.0,0
2018-05-22 07:31:59,3,35,23.7,40,22.0,1010.5,0.7,1.0,4,930.0,0
2018-05-22 07:34:59,3,35,23.7,39,22.1,1010.5,1.4,2.0,6,930.0,0
2018-05-22 07:37:59,3,35,23.7,38,22.3,1010.5,1.7,2.7,0,930.0,0
2018-05-22 07:40:59,3,35,23.7,33,22.5,1010.5,2.4,3.1,14,930.0,0
2018-05-22 07:43:59,3,35,23.7,33,22.6,1010.5,0,0.3,12,930.0,0
2018-05-22 07:46:59,3,35,23.6,33,22.9,1010.5,1.4,1.7,14,930.0,0
2018-05-22 07:49:59,3,35,23.6,32,23.0,1010.6,0.7,1.0,10,930.0,0
2018-05-22 07:52:59,3,35,23.6,31,22.8,1010.6,2.0,2.7,8,930.0,0
2018-05-22 07:55:59,3,35,23.6,31,22.7,1010.6,2.0,2.4,5,930.0,0
2018-05-22 07:58:59,3,35,23.6,32,22.8,1010.5,1.0,1.4,4,930.0,0
2018-05-22 08:01:59,3,35,23.6,31,22.8,1010.5,0.7,1.4,0,930.0,0
2018-05-22 08:04:59,3,35,23.6,31,22.8,1010.5,0.7,1.4,0,930.0,0
2018-05-22 08:07:59,3,35,23.6,30,22.8,1010.6,2.7,4.1,2,930.0,0
2018-05-22 08:10:59,3,35,23.6,30,22.6,1010.6,1.0,1.7,9,930.0,0
2018-05-22 08:13:59,3,35,23.6,31,22.7,1010.6,1.0,1.7,4,930.0,0
2018-05-22 08:16:59,3,35,23.6,30,22.9,1010.6,1.7,2.4,4,930.0,0
2018-05-22 08:19:59,3,35,23.6,31,22.9,1010.6,1.0,1.4,4,930.0,0
2018-05-22 08:22:59,3,35,23.6,30,23.0,1010.6,2.4,3.1,7,930.0,0
2018-05-22 08:25:59,3,35,23.6,30,23.1,1010.5,1.0,1.7,6,930.0,0
2018-05-22 08:28:59,3,35,23.6,30,23.3,1010.4,1.4,1.7,5,930.0,0
2018-05-22 08:31:59,3,35,23.6,30,23.2,1010.5,1.4,2.4,4,930.0,0
2018-05-22 08:34:59,3,35,23.6,29,23.1,1010.4,1.0,1.4,8,930.0,0
2018-05-22 08:37:59,3,35,23.6,30,23.3,1010.4,1.7,2.7,4,930.0,0
2018-05-22 08:40:59,3,35,23.6,27,23.2,1010.6,2.7,3.7,6,930.0,0
2018-05-22 08:43:59,3,35,23.6,28,23.1,1010.5,1.7,2.4,4,930.0,0
2018-05-22 08:46:59,3,35,23.5,30,23.2,1010.5,1.0,1.4,4,930.0,0
2018-05-22 08:49:59,3,35,23.5,30,23.4,1010.5,0.7,1.7,2,930.0,0
2018-05-22 08:52:59,3,35,23.5,30,23.4,1010.3,0.7,1.0,8,930.0,0
2018-05-22 08:55:59,3,35,23.5,26,23.8,1010.4,2.4,3.1,4,930.0,0
2018-05-22 08:58:59,3,35,23.5,25,23.8,1010.6,2.0,3.4,0,930.0,0
2018-05-22 09:01:59,3,35,23.5,25,23.8,1010.4,1.0,2.0,4,930.0,0
2018-05-22 09:04:59,3,35,23.5,24,23.7,1010.4,2.0,3.1,4,930.0,0
2018-05-22 09:07:59,3,35,23.5,25,23.6,1010.5,1.0,1.4,6,930.0,0
2018-05-22 09:10:59,3,35,23.5,25,23.6,1010.3,1.4,2.0,4,930.0,0
2018-05-22 09:13:59,3,35,23.5,22,23.4,1010.4,2.7,3.4,4,930.0,0
2018-05-22 09:16:59,3,35,23.4,23,23.5,1010.3,1.4,2.0,6,930.0,0
2018-05-22 09:19:59,3,35,23.4,24,23.5,1010.2,0.3,0.7,0,930.0,0
2018-05-22 09:22:59,3,35,23.4,24,23.8,1010.2,0.7,1.4,4,930.0,0
2018-05-22 09:25:59,3,35,23.4,23,24.2,1010.3,1.7,2.4,8,930.0,0
2018-05-22 09:28:59,3,35,23.4,23,24.1,1010.2,1.0,1.4,8,930.0,0
2018-05-22 09:31:59,3,35,23.4,23,24.2,1010.2,1.0,1.7,4,930.0,0
2018-05-22 09:34:59,3,35,23.4,23,24.1,1010.2,1.4,2.0,10,930.0,0
2018-05-22 09:37:59,3,35,23.4,23,23.9,1010.1,1.7,2.0,8,930.0,0
2018-05-22 09:40:59,3,35,23.5,23,23.7,1010.1,1.4,2.7,1,930.0,0
2018-05-22 09:43:59,3,35,23.5,23,23.7,1010.2,3.4,4.4,4,930.0,0
2018-05-22 09:46:59,3,35,23.5,22,23.5,1010.0,1.4,1.7,4,930.0,0
2018-05-22 09:49:59,3,36,23.5,24,23.8,1010.0,1.4,1.7,8,930.0,0
2018-05-22 09:52:59,3,36,23.6,23,24.1,1010.0,1.4,1.7,12,930.0,0
2018-05-22 09:55:59,3,36,23.6,23,24.1,1010.0,1.7,2.0,4,930.0,0
2018-05-22 09:58:59,3,36,23.6,24,24.2,1010.0,2.4,3.7,4,930.0,0
2018-05-22 10:01:59,3,36,23.6,23,24.2,1009.9,2.0,2.7,8,930.0,0
2018-05-22 10:04:59,3,36,23.6,23,24.2,1009.9,2.0,2.7,8,930.0,0
2018-05-22 10:07:59,3,36,23.6,23,24.5,1009.9,2.0,3.1,2,930.0,0
2018-05-22 10:10:59,3,36,23.6,23,24.5,1010.0,1.7,2.0,4,930.0,0
2018-05-22 10:13:59,3,36,23.6,24,24.4,1010.0,1.7,2.0,2,930.0,0
2018-05-22 10:16:59,3,36,23.6,24,24.5,1010.0,3.4,4.4,2,930.0,0
2018-05-22 10:19:59,3,36,23.6,24,24.5,1009.9,1.0,1.4,14,930.0,0
2018-05-22 10:22:59,3,36,23.6,23,24.7,1010.0,2.0,2.7,4,930.0,0
2018-05-22 10:25:59,3,36,23.6,23,24.7,1009.9,2.4,3.7,4,930.0,0
2018-05-22 10:28:59,3,36,23.6,23,24.5,1009.9,2.4,4.4,8,930.0,0
2018-05-22 10:31:59,3,36,23.6,25,24.5,1009.8,3.1,4.8,8,930.0,0
2018-05-22 10:34:59,3,36,23.6,25,24.7,1009.9,1.0,1.4,2,930.0,0
2018-05-22 10:37:59,3,36,23.7,25,24.6,1009.8,0.7,1.7,12,930.0,0
2018-05-22 10:40:59,3,36,23.7,24,24.7,1009.8,1.0,1.4,10,930.0,0
2018-05-22 10:43:59,3,37,23.7,25,24.9,1009.9,0.7,1.4,2,930.0,0
2018-05-22 10:46:59,3,36,23.7,24,25.0,1009.8,2.4,3.4,4,930.0,0
2018-05-22 10:49:59,3,36,23.7,23,24.7,1009.8,2.7,3.7,4,930.0,0
2018-05-22 10:52:59,3,37,23.7,25,24.8,1009.8,1.7,3.1,8,930.0,0
2018-05-22 10:55:59,3,36,23.8,27,25.1,1009.8,1.7,2.7,8,930.0,0
2018-05-22 10:58:59,3,36,23.8,25,25.3,1009.8,1.4,1.7,10,930.0,0
2018-05-22 11:01:59,3,36,23.8,25,25.3,1009.9,2.7,3.7,2,930.0,0
2018-05-22 11:04:59,3,36,23.8,24,25.0,1009.8,2.0,2.7,4,930.0,0
2018-05-22 11:07:59,3,36,23.8,25,25.1,1009.9,1.0,1.4,0,930.0,0
2018-05-22 11:10:59,3,36,23.9,25,25.0,1009.9,1.0,1.7,0,930.0,0
2018-05-22 11:13:59,3,37,23.9,25,25.3,1009.8,1.4,1.7,4,930.0,0
2018-05-22 11:16:59,3,35,24.0,25,25.3,1009.8,1.7,2.4,4,930.0,0
2018-05-22 11:19:59,3,35,24.0,26,25.6,1009.8,0.7,1.7,0,930.0,0
2018-05-22 11:22:59,3,35,24.0,25,25.7,1009.9,2.0,2.4,10,930.0,0
2018-05-22 11:25:59,3,35,24.1,24,25.4,1009.8,2.7,3.4,10,930.0,0
2018-05-22 11:28:59,3,35,24.1,24,25.1,1009.8,1.7,2.0,14,930.0,0
2018-05-22 11:31:59,3,35,24.1,25,25.0,1009.8,2.7,3.4,6,930.0,0
2018-05-22 11:34:59,3,35,24.1,26,25.3,1009.8,0.7,1.0,10,930.0,0
2018-05-22 11:37:59,3,36,24.1,25,25.5,1009.7,0.3,1.0,14,930.0,0
2018-05-22 11:40:59,3,36,24.1,25,25.7,1009.8,0.7,1.0,2,930.0,0
2018-05-22 11:43:59,3,36,24.2,25,25.6,1009.8,1.7,2.7,2,930.0,0
2018-05-22 11:46:59,3,36,24.2,25,25.6,1009.8,2.0,2.4,2,930.0,0
2018-05-22 11:49:59,3,36,24.3,24,25.5,1009.8,1.4,2.0,2,930.0,0
2018-05-22 11:52:59,3,36,24.3,25,25.6,1009.8,3.1,4.8,4,930.0,0
2018-05-22 11:55:59,3,36,24.3,24,25.2,1009.6,0.7,1.0,14,930.0,0
2018-05-22 11:58:59,3,36,24.5,25,25.2,1009.7,1.0,1.7,2,930.0,0
2018-05-22 12:01:59,3,36,24.5,25,25.2,1009.7,1.4,2.0,0,930.0,0
2018-05-22 12:04:59,3,36,24.5,25,25.2,1009.7,1.4,2.0,0,930.0,0
2018-05-22 12:07:59,3,36,24.5,25,25.6,1009.8,0.7,1.4,4,930.0,0
2018-05-22 12:10:59,3,36,24.6,25,25.6,1009.7,0.7,1.0,2,930.0,0
2018-05-22 12:13:59,3,36,24.6,25,25.8,1009.7,1.4,2.0,2,930.0,0
2018-05-22 12:16:59,3,36,24.7,24,25.4,1009.6,2.0,2.4,14,930.0,0
2018-05-22 12:19:59,3,36,24.7,25,24.7,1009.7,1.7,2.4,4,930.0,0
2018-05-22 12:22:59,3,36,24.7,26,24.6,1009.7,0.7,1.4,2,930.0,0
2018-05-22 12:25:59,3,36,24.7,26,24.6,1009.7,1.4,2.7,4,930.0,0
2018-05-22 12:28:59,3,36,24.8,26,24.6,1009.8,1.4,2.7,4,930.0,0
2018-05-22 12:31:59,3,36,24.8,25,24.9,1009.7,1.4,2.0,12,930.0,0
2018-05-22 12:34:59,3,36,24.8,25,25.1,1009.7,0.7,1.4,8,930.0,0
2018-05-22 12:37:59,3,36,24.8,25,25.4,1009.7,1.0,2.0,6,930.0,0
2018-05-22 12:40:59,3,36,24.8,24,25.2,1009.7,1.7,3.1,0,930.0,0
2018-05-22 12:43:59,3,35,25.0,25,25.1,1009.7,1.4,2.0,4,930.0,0
2018-05-22 12:46:59,3,35,25.0,25,25.3,1009.8,0.7,1.0,0,930.0,0
2018-05-22 12:49:59,3,35,25.0,25,25.3,1009.7,0.7,1.0,0,930.0,0
2018-05-22 12:52:59,3,35,25.0,25,25.4,1009.7,1.4,2.7,4,930.0,0
2018-05-22 12:55:59,3,34,25.0,24,25.2,1009.7,0.7,1.0,0,930.0,0
2018-05-22 12:58:59,3,34,25.0,25,25.2,1009.8,1.0,1.4,0,930.0,0
2018-05-22 13:01:59,3,34,25.0,25,25.5,1009.7,0.7,1.4,4,930.0,0
2018-05-22 13:04:59,3,34,25.1,24,25.4,1009.7,2.0,2.4,6,930.0,0
2018-05-22 13:07:59,3,34,25.1,24,25.4,1009.6,0.7,1.4,12,930.0,0
2018-05-22 13:10:59,3,34,25.1,25,25.5,1009.6,1.0,1.4,2,930.0,0
2018-05-22 13:13:59,3,34,25.1,24,25.7,1009.6,1.4,1.7,0,930.0,0
2018-05-22 13:16:59,3,34,25.1,24,25.6,1009.6,1.0,1.4,4,930.0,0
2018-05-22 13:19:59,3,34,25.1,25,25.9,1009.5,1.0,1.7,2,930.0,0
2018-05-22 13:22:59,3,34,25.1,24,26.0,1009.5,2.0,2.7,2,930.0,0
2018-05-22 13:25:59,3,34,25.3,23,25.9,1009.5,1.7,2.0,4,930.0,0
2018-05-22 13:28:59,3,34,25.3,23,25.5,1009.5,1.0,1.4,0,930.0,0
2018-05-22 13:31:59,3,34,25.3,24,25.0,1009.4,2.4,3.1,4,930.0,0
2018-05-22 13:34:59,3,34,25.2,25,24.8,1009.5,0.7,1.0,14,930.0,0
2018-05-22 13:37:59,3,34,25.2,25,25.2,1009.5,0.7,1.0,0,930.0,0
2018-05-22 13:40:59,3,34,25.2,25,25.4,1009.5,1.4,2.4,0,930.0,0
2018-05-22 13:43:59,3,34,25.2,25,25.7,1009.4,1.0,2.0,0,930.0,0
2018-05-22 13:46:59,3,34,25.3,25,25.9,1009.5,1.4,2.0,7,930.0,0
2018-05-22 13:49:59,3,34,25.3,25,26.2,1009.4,1.0,1.4,0,930.0,0
2018-05-22 13:52:59,3,34,25.3,25,26.3,1009.4,2.0,3.1,0,930.0,0
2018-05-22 13:55:59,3,34,25.3,24,25.8,1009.4,1.7,2.7,0,930.0,0
2018-05-22 13:58:59,3,34,25.3,25,25.4,1009.4,2.0,3.4,0,930.0,0
2018-05-22 14:01:59,3,34,25.3,24,25.2,1009.3,1.7,2.4,0,930.0,0
2018-05-22 14:04:59,3,34,25.3,24,25.2,1009.3,1.7,2.4,0,930.0,0
2018-05-22 14:07:59,3,34,25.3,25,25.2,1009.4,1.4,2.0,14,930.0,0
2018-05-22 14:10:59,3,34,25.3,26,25.1,1009.4,1.0,2.4,6,930.0,0
2018-05-22 14:13:59,3,34,25.3,26,24.8,1009.4,2.0,2.4,14,930.0,0
2018-05-22 14:16:59,3,34,25.3,26,24.5,1009.4,1.4,2.0,0,930.0,0
2018-05-22 14:19:59,3,34,25.4,27,24.6,1009.2,1.4,2.0,0,930.0,0
2018-05-22 14:22:59,3,33,25.3,29,24.9,1009.3,0.7,1.4,9,930.0,0
2018-05-22 14:25:59,3,33,25.4,26,25.5,1009.4,2.0,3.4,6,930.0,0
2018-05-22 14:28:59,3,33,25.4,25,25.4,1009.5,1.4,2.0,0,930.0,0
2018-05-22 14:31:59,3,33,25.4,26,25.3,1009.5,2.0,2.7,4,930.0,0
2018-05-22 14:34:59,3,33,25.4,25,25.3,1009.4,0.7,1.0,12,930.0,0
2018-05-22 14:37:59,3,33,25.4,25,25.8,1009.3,0.7,1.0,4,930.0,0
2018-05-22 14:40:59,3,33,25.4,25,26.0,1009.4,1.0,1.4,1,930.0,0
2018-05-22 14:43:59,3,33,25.4,24,26.0,1009.4,0.3,0.7,2,930.0,0
2018-05-22 14:46:59,3,33,25.4,24,26.1,1009.4,0.7,1.0,0,930.0,0
2018-05-22 14:49:59,3,33,25.4,24,26.1,1009.4,1.4,2.4,14,930.0,0
2018-05-22 14:52:59,3,33,25.4,24,25.8,1009.4,3.7,4.1,2,930.0,0
2018-05-22 14:55:59,3,33,25.4,25,25.5,1009.5,1.4,2.4,2,930.0,0
2018-05-22 14:58:59,3,33,25.4,25,25.6,1009.5,1.4,1.7,0,930.0,0
2018-05-22 15:01:59,3,33,25.4,25,25.6,1009.4,1.0,1.4,4,930.0,0
2018-05-22 15:04:59,3,33,25.4,24,25.7,1009.4,2.0,2.7,14,930.0,0
2018-05-22 15:07:59,3,33,25.4,25,25.8,1009.5,2.0,2.4,0,930.0,0
2018-05-22 15:10:59,3,33,25.4,26,26.0,1009.5,1.0,1.7,8,930.0,0
2018-05-22 15:13:59,3,33,25.4,24,26.1,1009.5,1.4,2.0,14,930.0,0
2018-05-22 15:16:59,3,33,25.4,24,26.2,1009.5,0.7,1.0,0,930.0,0
2018-05-22 15:19:59,3,33,25.4,24,26.3,1009.5,1.7,2.7,0,930.0,0
2018-05-22 15:22:59,3,33,25.4,24,26.1,1009.5,1.4,1.7,0,930.0,0
2018-05-22 15:25:59,3,33,25.4,25,26.1,1009.6,1.0,1.7,2,930.0,0
2018-05-22 15:28:59,3,32,26.2,24,26.0,1009.5,1.0,1.4,15,930.0,0
2018-05-22 15:31:59,3,32,26.2,24,26.1,1009.5,1.4,1.7,6,930.0,0
2018-05-22 15:34:59,3,32,26.2,24,26.1,1009.5,1.4,2.0,0,930.0,0
2018-05-22 15:37:59,3,32,26.2,25,26.1,1009.5,1.4,1.7,6,930.0,0
2018-05-22 15:40:59,3,32,26.2,25,26.1,1009.5,1.4,1.7,0,930.0,0
2018-05-22 15:43:59,3,32,26.2,24,26.0,1009.5,1.7,2.4,14,930.0,0
2018-05-22 15:46:59,3,32,26.2,24,26.0,1009.6,1.4,1.7,4,930.0,0
2018-05-22 15:49:59,3,32,26.2,24,25.8,1009.5,1.4,1.7,0,930.0,0
2018-05-22 15:52:59,3,32,26.2,25,26.0,1009.5,1.0,1.7,0,930.0,0
2018-05-22 15:55:59,3,32,26.2,24,26.2,1009.5,1.0,1.7,10,930.0,0
2018-05-22 15:58:59,3,33,26.3,23,26.1,1009.5,1.4,1.7,0,930.0,0
2018-05-22 16:01:59,3,32,26.3,24,26.0,1009.5,1.0,1.4,0,930.0,0
2018-05-22 16:04:59,3,33,26.3,24,26.0,1009.6,1.0,1.4,0,930.0,0
2018-05-22 16:07:59,3,33,26.3,23,26.0,1009.5,1.0,1.7,14,930.0,0
2018-05-22 16:10:59,3,33,26.3,23,25.9,1009.5,2.0,2.4,0,930.0,0
2018-05-22 16:13:59,3,32,26.2,23,25.5,1009.5,1.7,2.4,0,930.0,0
2018-05-22 16:16:59,3,33,26.3,24,25.6,1009.6,0,0.3,14,930.0,0
2018-05-22 16:19:59,3,33,26.3,25,26.0,1009.6,0.7,1.0,0,930.0,0
2018-05-22 16:22:59,3,33,26.3,24,26.1,1009.6,1.7,2.4,0,930.0,0
2018-05-22 16:25:59,3,33,26.3,23,26.0,1009.6,1.0,1.4,2,930.0,0
2018-05-22 16:28:59,3,33,26.3,23,25.9,1009.5,1.0,1.7,0,930.0,0
2018-05-22 16:31:59,3,33,26.3,24,25.6,1009.6,1.0,1.7,14,930.0,0
2018-05-22 16:34:59,3,33,26.3,24,25.5,1009.6,2.0,3.1,2,930.0,0
2018-05-22 16:37:59,3,33,26.3,24,25.4,1009.6,1.0,1.7,2,930.0,0
2018-05-22 16:40:59,3,33,26.3,25,25.3,1009.5,1.0,1.4,0,930.0,0
2018-05-22 16:43:59,3,33,26.3,25,25.6,1009.6,0.7,1.0,14,930.0,0
2018-05-22 16:46:59,3,33,26.3,25,25.6,1009.6,1.0,1.7,4,930.0,0
2018-05-22 16:49:59,3,33,26.4,25,25.6,1009.7,1.7,2.0,0,930.0,0
2018-05-22 16:52:59,3,33,26.4,25,25.5,1009.6,0.7,1.0,0,930.0,0
2018-05-22 16:55:59,3,33,26.4,25,25.6,1009.7,1.0,1.4,2,930.0,0
2018-05-22 16:58:59,3,33,26.5,25,25.6,1009.7,1.4,2.0,1,930.0,0
2018-05-22 17:01:59,3,33,26.5,25,25.4,1009.7,1.0,1.4,0,930.0,0
2018-05-22 17:04:59,3,33,26.5,25,25.3,1009.7,1.4,2.0,14,930.0,0
2018-05-22 17:07:59,3,33,26.5,25,25.2,1009.8,0.3,0.7,0,930.0,0
2018-05-22 17:10:59,3,33,26.5,26,25.3,1009.7,0.3,0.7,0,930.0,0
2018-05-22 17:13:59,3,33,26.5,26,25.4,1009.8,1.0,1.4,0,930.0,0
2018-05-22 17:16:59,3,33,26.5,25,25.1,1009.7,0.7,1.0,0,930.0,0
2018-05-22 17:19:59,3,33,26.5,26,24.9,1009.8,0.3,0.7,2,930.0,0
2018-05-22 17:22:59,3,33,26.5,27,24.8,1009.7,0.7,1.0,2,930.0,0
2018-05-22 17:25:59,3,33,26.5,28,24.6,1009.9,0.3,1.0,2,930.0,0
2018-05-22 17:28:59,3,33,26.6,28,24.4,1009.8,1.0,1.4,2,930.0,0
2018-05-22 17:31:59,3,33,26.6,27,24.0,1009.9,0.7,1.0,0,930.0,0
2018-05-22 17:34:59,3,33,26.6,28,23.8,1009.9,1.4,2.0,15,930.0,0
2018-05-22 17:37:59,3,33,26.6,28,23.6,1010.0,0.7,1.0,2,930.0,0
2018-05-22 17:40:59,3,33,26.6,28,23.9,1010.0,0.3,0.7,0,930.0,0
2018-05-22 17:43:59,3,33,26.6,28,24.0,1010.0,0.3,0.7,2,930.0,0
2018-05-22 17:46:59,3,33,26.6,28,24.0,1010.0,1.0,1.4,0,930.0,0
2018-05-22 17:49:59,3,33,26.6,28,23.8,1010.1,1.0,1.4,2,930.0,0
2018-05-22 17:52:59,3,33,26.6,28,23.3,1010.1,0.3,0.7,0,930.0,0
2018-05-22 17:55:59,3,33,26.6,30,23.1,1010.1,0,0.3,15,930.0,0
2018-05-22 17:58:59,3,33,26.6,30,23.1,1010.1,0.7,1.0,0,930.0,0
2018-05-22 18:01:59,3,33,26.6,30,23.0,1010.1,0,0.3,0,930.0,0
2018-05-22 18:04:59,3,33,26.6,30,23.0,1010.2,0,0.3,0,930.0,0
2018-05-22 18:07:59,3,33,26.6,32,22.4,1010.2,0.3,1.4,0,930.0,0
2018-05-22 18:10:59,3,33,26.6,32,22.3,1010.2,0,0.3,0,930.0,0
2018-05-22 18:13:59,3,33,26.6,34,22.1,1010.2,0,0.3,0,930.0,0
2018-05-22 18:16:59,3,33,26.6,34,21.9,1010.1,0,0.3,0,930.0,0
2018-05-22 18:19:59,3,33,26.6,35,21.7,1010.1,0,0,0,930.0,0
2018-05-22 18:22:59,3,33,26.6,35,21.5,1010.2,0,0,0,930.0,0
2018-05-22 18:25:59,3,33,26.6,37,21.4,1010.3,0,0,0,930.0,0
2018-05-22 18:28:59,3,33,26.6,38,21.1,1010.3,0,0,0,930.0,0
2018-05-22 18:31:59,3,33,26.6,40,20.9,1010.3,0,0,0,930.0,0
2018-05-22 18:34:59,3,33,26.6,40,20.7,1010.3,0,0,0,930.0,0
2018-05-22 18:37:59,3,33,26.6,40,20.5,1010.2,0,0,0,930.0,0
2018-05-22 18:40:59,3,33,26.6,41,20.3,1010.3,0,0,0,930.0,0
2018-05-22 18:43:59,3,33,26.5,41,20.1,1010.3,0,0,0,930.0,0
2018-05-22 18:46:59,3,33,26.5,41,20.0,1010.4,0,0,0,930.0,0
2018-05-22 18:49:59,3,33,26.5,42,19.8,1010.3,0,0,0,930.0,0
2018-05-22 18:52:59,3,33,26.5,41,19.6,1010.4,0,0,0,930.0,0
2018-05-22 18:55:59,3,33,26.5,42,19.5,1010.4,0,0,0,930.0,0
2018-05-22 18:58:59,3,33,26.5,42,19.3,1010.4,0,0,0,930.0,0
2018-05-22 19:01:59,3,33,26.5,42,19.2,1010.5,0,0,0,930.0,0
2018-05-22 19:04:59,3,33,26.5,43,19.0,1010.5,0,0,0,930.0,0
2018-05-22 19:07:59,3,33,26.5,43,18.9,1010.6,0,0,2,930.0,0
2018-05-22 19:10:59,3,33,26.5,44,18.7,1010.5,0,0,0,930.0,0
2018-05-22 19:13:59,3,33,26.5,44,18.6,1010.6,0,0,0,930.0,0
2018-05-22 19:16:59,3,33,26.5,44,18.4,1010.6,0,0,0,930.0,0
2018-05-22 19:19:59,3,33,26.5,45,18.3,1010.7,0,0,0,930.0,0
2018-05-22 19:22:59,3,33,26.5,45,18.1,1010.8,0,0,0,930.0,0
2018-05-22 19:25:59,3,33,26.5,46,17.9,1010.8,0,0,0,930.0,0
2018-05-22 19:28:59,3,33,26.4,47,17.7,1010.8,0,0,0,930.0,0
2018-05-22 19:31:59,3,32,26.4,48,17.6,1010.9,0,0,0,930.0,0
2018-05-22 19:34:59,3,32,26.3,49,17.5,1011.0,0,0,0,930.0,0
2018-05-22 19:37:59,3,32,26.3,52,17.3,1011.0,0,0,0,930.0,0
2018-05-22 19:40:59,3,32,26.3,53,17.2,1011.0,0,0,0,930.0,0
2018-05-22 19:43:59,3,32,26.3,53,17.0,1011.0,0,0,0,930.0,0
2018-05-22 19:46:59,3,32,26.3,53,16.9,1010.9,0,0,0,930.0,0
2018-05-22 19:49:59,3,32,26.3,54,16.8,1010.9,0,0,0,930.0,0
2018-05-22 19:52:59,3,32,26.3,54,16.7,1010.9,0,0,2,930.0,0
2018-05-22 19:55:59,3,32,26.3,54,16.6,1011.0,0,0,2,930.0,0
2018-05-22 19:58:59,3,32,26.3,55,16.5,1011.0,0,0,2,930.0,0
2018-05-22 20:01:59,3,32,26.3,56,16.5,1011.1,0,0,2,930.0,0
2018-05-22 20:04:59,3,32,26.3,56,16.5,1011.1,0,0,2,930.0,0
2018-05-22 20:07:59,3,32,26.3,57,16.2,1011.0,0,0,0,930.0,0
2018-05-22 20:10:59,3,32,26.3,57,16.2,1011.1,0,0,0,930.0,0
2018-05-22 20:13:59,3,32,26.3,58,16.1,1011.2,0,0,0,930.0,0
2018-05-22 20:16:59,3,32,26.3,58,16.0,1011.2,0,0,0,930.0,0
2018-05-22 20:19:59,3,32,26.3,57,15.9,1011.2,0,0,0,930.0,0
2018-05-22 20:22:59,3,32,26.3,58,15.9,1011.2,0,0,0,930.0,0
2018-05-22 20:25:59,3,32,26.3,59,15.8,1011.2,0,0,0,930.0,0
2018-05-22 20:28:59,3,32,26.3,59,15.8,1011.2,0,0,0,930.0,0
2018-05-22 20:31:59,3,32,26.3,59,15.8,1011.1,0,0,0,930.0,0
2018-05-22 20:34:59,3,32,26.3,60,15.7,1011.2,0,0,0,930.0,0
2018-05-22 20:37:59,3,32,26.3,60,15.6,1011.3,0,0,0,930.0,0
2018-05-22 20:40:59,3,32,26.2,60,15.6,1011.2,0,0,0,930.0,0
2018-05-22 20:43:59,3,32,26.3,60,15.5,1011.3,0,0,0,930.0,0
2018-05-22 20:46:59,3,32,26.2,60,15.5,1011.3,0,0,0,930.0,0
2018-05-22 20:49:59,3,32,26.2,61,15.4,1011.4,0.7,1.0,0,930.0,0
2018-05-22 20:52:59,3,32,26.3,60,15.4,1011.5,0,0.3,0,930.0,0
2018-05-22 20:55:59,3,32,26.2,60,15.5,1011.5,0.7,0.7,0,930.0,0
2018-05-22 20:58:59,3,32,26.2,60,15.6,1011.6,0.3,0.7,0,930.0,0
2018-05-22 21:01:59,3,32,26.2,58,15.9,1011.6,1.7,2.4,0,930.0,0
2018-05-22 21:04:59,3,32,26.2,57,16.2,1011.6,1.7,2.0,0,930.0,0
2018-05-22 21:07:59,3,32,26.2,56,16.4,1011.6,1.7,2.4,2,930.0,0
2018-05-22 21:10:59,3,32,26.2,55,16.5,1011.7,1.0,1.4,2,930.0,0
2018-05-22 21:13:59,3,32,26.2,55,16.6,1011.7,0.7,1.0,0,930.0,0
2018-05-22 21:16:59,3,31,26.2,54,16.7,1011.7,0.7,1.0,2,930.0,0
2018-05-22 21:19:59,3,31,26.2,54,16.7,1011.7,1.0,1.7,0,930.0,0
2018-05-22 21:22:59,3,31,26.2,54,16.7,1011.8,0.7,1.0,14,930.0,0
2018-05-22 21:25:59,3,32,25.4,54,16.8,1011.8,0.7,1.0,0,930.0,0
2018-05-22 21:28:59,3,32,25.4,54,16.7,1011.8,0.7,1.0,2,930.0,0
2018-05-22 21:31:59,3,32,25.4,53,16.8,1011.8,1.4,1.7,2,930.0,0
2018-05-22 21:34:59,3,32,25.4,53,16.8,1011.8,0.3,0.7,0,930.0,0
2018-05-22 21:37:59,3,32,25.4,53,16.7,1012.0,0,0,0,930.0,0
2018-05-22 21:40:59,3,32,25.4,53,16.6,1012.0,0,0,14,930.0,0
2018-05-22 21:43:59,3,32,25.4,53,16.5,1012.0,0.3,0.7,0,930.0,0
2018-05-22 21:46:59,3,31,25.4,53,16.5,1012.0,0,0.7,0,930.0,0
2018-05-22 21:49:59,3,31,25.4,53,16.4,1012.0,0,0,0,930.0,0
2018-05-22 21:52:59,3,31,25.4,53,16.3,1012.0,0.7,1.4,0,930.0,0
2018-05-22 21:55:59,3,31,25.4,53,16.3,1012.1,0.3,0.7,0,930.0,0
2018-05-22 21:58:59,3,31,25.4,53,16.2,1012.1,0,0,0,930.0,0
