2020-02-28 00:02:59,3,32,20.0,76,1.6,997.5,0,0,14,1713.3,0
2020-02-28 00:05:59,3,32,20.0,76,1.6,997.5,0,0,14,1713.3,0
2020-02-28 00:08:59,3,32,20.0,76,1.6,997.5,0,0,14,1713.3,0
2020-02-28 00:11:59,3,32,20.0,76,1.6,997.6,0,0,14,1713.3,0
2020-02-28 00:14:59,3,33,19.9,76,1.6,997.7,0,0,14,1713.3,0
2020-02-28 00:17:59,3,33,19.9,76,1.5,997.7,0,0,14,1713.3,0
2020-02-28 00:20:59,3,33,19.8,76,1.5,997.7,0,0,14,1713.3,0
2020-02-28 00:23:59,3,33,19.8,76,1.4,997.8,0,0,14,1713.3,0
2020-02-28 00:26:59,3,33,19.8,75,1.4,997.8,0,0,14,1713.3,0
2020-02-28 00:29:59,3,33,19.8,75,1.3,997.9,0,0,14,1713.3,0
2020-02-28 00:32:59,3,33,19.8,75,1.3,997.9,0,0,14,1713.3,0
2020-02-28 00:35:59,3,33,19.8,75,1.2,998.0,0,0,14,1713.3,0
2020-02-28 00:38:59,3,33,19.7,76,1.2,998.2,0,0,14,1713.3,0
2020-02-28 00:41:59,3,33,19.7,76,1.1,998.0,0,0,10,1713.3,0
2020-02-28 00:44:59,3,33,19.7,76,1.1,998.1,0,0,10,1713.3,0
2020-02-28 00:47:59,3,33,19.7,76,1.1,998.1,0,0,14,1713.3,0
2020-02-28 00:50:59,3,33,19.7,76,1.0,998.1,0,0,14,1713.3,0
2020-02-28 00:53:59,3,33,19.6,76,1.0,998.2,0,0,14,1713.3,0
2020-02-28 00:56:59,3,33,19.6,76,1.0,998.4,0,0,12,1713.3,0
2020-02-28 00:59:59,3,33,19.6,76,0.9,998.4,0,0,12,1713.3,0
2020-02-28 01:02:59,3,33,19.6,77,0.9,998.4,0,0,12,1713.3,0
2020-02-28 01:05:59,3,33,19.6,77,0.9,998.6,0,0,12,1713.3,0
2020-02-28 01:08:59,3,33,19.6,77,0.8,998.6,0,0,12,1713.3,0
2020-02-28 01:11:59,3,33,19.5,77,0.8,998.6,0,0,12,1713.3,0
2020-02-28 01:14:59,3,33,19.5,77,0.8,998.7,0,0,12,1713.3,0
2020-02-28 01:17:59,3,33,19.5,77,0.8,998.7,0,0,10,1713.3,0
2020-02-28 01:20:59,3,33,19.5,78,0.8,998.7,0,0,10,1713.3,0
2020-02-28 01:23:59,3,33,19.5,78,0.8,998.8,0,0,12,1713.3,0
2020-02-28 01:26:59,3,33,19.5,78,0.7,998.8,0,0,8,1713.3,0
2020-02-28 01:29:59,3,33,19.4,78,0.6,998.9,0,0,14,1713.3,0
2020-02-28 01:32:59,3,33,19.4,78,0.6,998.8,0,0,14,1713.3,0
2020-02-28 01:35:59,3,33,19.3,78,0.6,998.9,0,0,14,1713.3,0
2020-02-28 01:38:59,3,33,19.3,78,0.5,999.0,0,0,14,1713.3,0
2020-02-28 01:41:59,3,33,19.3,78,0.4,999.0,0,0,14,1713.3,0
2020-02-28 01:44:59,3,33,19.3,78,0.3,998.9,0,0,14,1713.3,0
2020-02-28 01:47:59,3,33,19.3,78,0.3,999.0,0,0,14,1713.3,0
2020-02-28 01:50:59,3,33,19.3,78,0.2,999.0,0,0,14,1713.3,0
2020-02-28 01:53:59,3,33,19.3,78,0.1,999.1,0,0,14,1713.3,0
2020-02-28 01:56:59,3,32,19.3,78,0.1,999.2,0,0,14,1713.3,0
2020-02-28 01:59:59,3,32,19.2,78,0,999.2,0,0,14,1713.3,0
2020-02-28 02:02:59,3,32,19.2,78,0,999.2,0,0,14,1713.3,0
2020-02-28 02:05:59,3,32,19.2,78,0,999.3,0,0,14,1713.3,0
2020-02-28 02:08:59,3,32,19.2,79,0,999.2,0,0,14,1713.3,0
2020-02-28 02:11:59,3,32,19.2,79,0,999.3,0,0,14,1713.3,0
2020-02-28 02:14:59,3,32,19.2,80,0,999.5,0,0,14,1713.3,0
2020-02-28 02:17:59,3,32,19.2,80,0,999.3,0,0,14,1713.3,0
2020-02-28 02:20:59,3,32,19.2,80,0.1,999.4,0,0,14,1713.3,0
2020-02-28 02:23:59,3,32,19.2,80,0.1,999.5,0,0,14,1713.3,0
2020-02-28 02:26:59,3,32,19.1,80,0.1,999.4,0,0,14,1713.3,0
2020-02-28 02:29:59,3,32,19.1,80,0.1,999.5,0,0,10,1713.3,0
2020-02-28 02:32:59,3,32,19.1,80,0.1,999.7,0,0,10,1713.3,0
2020-02-28 02:35:59,3,32,19.1,80,0.1,999.6,0,0,10,1713.3,0
2020-02-28 02:38:59,3,32,19.1,80,0.1,999.7,0,0,10,1713.3,0
2020-02-28 02:41:59,3,32,19.1,80,0.1,999.9,0,0,10,1713.3,0
2020-02-28 02:44:59,3,32,19.1,80,0.1,999.9,0,0,10,1713.3,0
2020-02-28 02:47:59,3,32,19.1,80,0.1,999.9,0,0.3,12,1713.3,0
2020-02-28 02:50:59,3,32,19.1,80,0.1,1000.0,0,0,12,1713.3,0
2020-02-28 02:54:00,3,32,19.1,81,0.1,1000.0,0.3,1.0,10,1713.3,0
2020-02-28 02:57:00,3,32,19.1,81,0.2,1000.2,0.3,1.0,10,1713.3,0
2020-02-28 03:00:00,3,32,19.1,81,0.3,1000.2,0.3,1.0,10,1713.3,0
2020-02-28 03:03:00,3,32,19.0,81,0.3,1000.2,0.3,1.0,10,1713.3,0
2020-02-28 03:06:00,3,32,19.0,81,0.5,1000.3,0,0,14,1713.3,0
2020-02-28 03:09:00,3,32,19.0,81,0.5,1000.3,0.7,1.4,12,1713.3,0
2020-02-28 03:12:00,3,32,19.0,81,0.7,1000.3,1.0,1.4,10,1713.3,0
2020-02-28 03:15:00,3,32,19.0,81,0.9,1000.5,0.7,1.0,10,1713.3,0
2020-02-28 03:18:00,3,32,19.0,81,1.0,1000.5,0.7,1.0,12,1713.3,0
2020-02-28 03:21:00,3,32,19.0,81,1.1,1000.6,0.7,1.0,10,1713.3,0
2020-02-28 03:24:00,3,32,19.0,81,1.1,1000.6,0.7,1.0,14,1713.3,0
2020-02-28 03:27:00,3,32,19.0,81,1.2,1000.7,0.3,0.7,10,1713.3,0
2020-02-28 03:30:00,3,32,19.0,81,1.2,1000.8,0.3,0.7,12,1713.3,0
2020-02-28 03:33:00,3,32,19.0,81,1.2,1000.8,0,0.3,12,1713.3,0
2020-02-28 03:36:00,3,32,19.0,81,1.3,1000.8,1.0,1.4,10,1713.3,0
2020-02-28 03:39:00,3,32,19.0,81,1.3,1000.9,0,0,12,1713.3,0
2020-02-28 03:42:00,3,33,18.9,81,1.3,1000.9,0,0.3,10,1713.3,0
2020-02-28 03:45:00,3,33,18.9,81,1.3,1000.9,0,0,12,1713.3,0
2020-02-28 03:48:00,3,33,18.9,81,1.4,1001.0,0.3,0.7,12,1713.3,0
2020-02-28 03:51:00,3,33,18.9,81,1.4,1001.0,0,0,12,1713.3,0
2020-02-28 03:54:00,3,33,18.9,81,1.5,1001.0,0.3,1.0,10,1713.3,0
2020-02-28 03:57:00,3,33,18.9,81,1.5,1001.1,0.3,0.7,12,1713.3,0
2020-02-28 04:00:00,3,33,18.9,81,1.6,1001.3,0,0,12,1713.3,0
2020-02-28 04:03:00,3,33,18.8,80,1.6,1001.2,1.4,1.7,12,1713.3,0
2020-02-28 04:06:00,3,33,18.8,80,1.7,1001.2,1.0,1.4,10,1713.3,0
2020-02-28 04:09:00,3,33,18.8,80,1.7,1001.2,1.0,1.7,10,1713.3,0
2020-02-28 04:12:00,3,33,18.8,80,1.7,1001.3,0.7,1.0,10,1713.3,0
2020-02-28 04:15:00,3,33,18.8,80,1.8,1001.3,0.7,1.0,10,1713.3,0
2020-02-28 04:18:00,3,33,18.8,80,1.8,1001.5,0.3,1.0,10,1713.3,0
2020-02-28 04:21:00,3,33,18.8,80,1.8,1001.5,0.7,1.0,9,1713.3,0
2020-02-28 04:24:00,3,33,18.8,80,1.8,1001.5,0.3,0.7,10,1713.3,0
2020-02-28 04:27:00,3,33,18.8,80,1.8,1001.6,0.3,1.0,10,1713.3,0
2020-02-28 04:30:00,3,33,18.8,80,1.8,1001.6,1.4,1.7,8,1713.3,0
2020-02-28 04:33:00,3,33,18.8,80,1.9,1001.6,1.4,2.0,8,1713.3,0
2020-02-28 04:36:00,3,33,18.8,80,1.9,1001.7,1.0,1.7,10,1713.3,0
2020-02-28 04:39:00,3,33,18.8,79,1.9,1001.7,2.4,3.1,12,1713.3,0
2020-02-28 04:42:00,3,33,18.7,79,1.9,1001.7,2.7,3.4,8,1713.3,0
2020-02-28 04:45:00,3,33,18.7,79,2.0,1001.8,1.0,1.4,12,1713.3,0
2020-02-28 04:48:00,3,33,18.7,79,2.0,1001.9,1.7,2.4,10,1713.3,0
2020-02-28 04:51:00,3,33,18.7,78,2.0,1001.9,1.0,1.4,10,1713.3,0
2020-02-28 04:54:00,3,33,18.7,78,2.1,1001.9,1.0,1.7,10,1713.3,0
2020-02-28 04:57:00,3,33,18.7,78,2.0,1001.9,1.4,2.0,12,1713.3,0
2020-02-28 05:00:00,3,33,18.7,78,2.1,1002.0,1.0,1.4,12,1713.3,0
2020-02-28 05:03:00,3,33,18.7,78,2.1,1002.1,1.0,1.4,8,1713.3,0
2020-02-28 05:06:00,3,33,18.8,78,2.1,1002.1,1.7,2.0,10,1713.3,0
2020-02-28 05:09:00,3,33,18.8,78,2.1,1002.2,1.4,1.7,10,1713.3,0
2020-02-28 05:12:00,3,33,18.8,78,2.1,1002.2,1.4,2.4,10,1713.3,0
2020-02-28 05:15:00,3,33,18.8,78,2.1,1002.2,2.0,2.7,12,1713.3,0
2020-02-28 05:18:00,3,33,18.9,78,2.1,1002.2,1.0,1.4,10,1713.3,0
2020-02-28 05:21:00,3,33,18.9,78,2.0,1002.3,1.0,1.7,12,1713.3,0
2020-02-28 05:24:00,3,33,18.9,79,2.0,1002.4,0.7,0.7,10,1713.3,0
2020-02-28 05:27:00,3,32,19.0,79,2.0,1002.4,1.0,1.4,12,1713.3,0
2020-02-28 05:30:00,3,32,19.0,80,2.0,1002.4,1.7,2.7,12,1713.3,0
2020-02-28 05:33:00,3,32,19.0,80,2.0,1002.5,1.4,2.0,10,1713.3,0
2020-02-28 05:36:00,3,32,19.1,80,2.0,1002.5,1.4,1.7,12,1713.3,0
2020-02-28 05:39:00,3,32,19.1,80,2.0,1002.6,1.0,1.4,12,1713.3,0
2020-02-28 05:42:00,3,32,19.2,80,2.0,1002.5,2.4,3.4,10,1713.3,0
2020-02-28 05:45:00,3,32,19.2,80,2.1,1002.6,2.7,3.4,8,1713.3,0
2020-02-28 05:48:00,3,32,19.2,80,2.1,1002.7,0.7,1.0,8,1713.3,0
2020-02-28 05:51:00,3,32,19.2,80,2.1,1002.7,0.7,1.0,9,1713.3,0
2020-02-28 05:54:00,3,32,19.3,80,2.1,1002.8,1.0,1.7,14,1713.3,0
2020-02-28 05:57:00,3,32,19.3,80,2.1,1002.9,1.0,1.7,12,1713.3,0
2020-02-28 06:00:00,3,32,19.3,80,2.1,1003.0,1.7,2.0,10,1713.3,0
2020-02-28 06:03:00,3,32,19.3,80,2.1,1002.9,1.7,2.0,10,1713.3,0
2020-02-28 06:06:00,3,32,19.3,80,2.1,1003.0,1.7,2.0,10,1713.3,0
2020-02-28 06:09:00,3,32,19.4,80,2.2,1003.1,1.0,1.4,12,1713.3,0
2020-02-28 06:12:00,3,32,19.5,80,2.2,1003.2,1.0,1.4,10,1713.3,0
2020-02-28 06:15:00,3,32,19.5,80,2.2,1003.1,0.7,1.0,10,1713.3,0
2020-02-28 06:18:00,3,32,19.5,80,2.3,1003.4,1.0,1.4,8,1713.3,0
2020-02-28 06:21:00,3,32,19.5,80,2.3,1003.3,1.0,1.7,10,1713.3,0
2020-02-28 06:24:00,3,32,19.6,80,2.3,1003.4,0.7,1.4,10,1713.3,0
2020-02-28 06:27:00,3,32,19.6,80,2.4,1003.4,1.7,2.4,8,1713.3,0
2020-02-28 06:30:00,3,32,19.6,80,2.4,1003.5,1.4,2.7,10,1713.3,0
2020-02-28 06:33:00,3,32,19.6,80,2.3,1003.5,2.0,3.1,12,1713.3,0
2020-02-28 06:36:00,3,32,19.6,80,2.3,1003.5,0.7,1.4,14,1713.3,0
2020-02-28 06:39:00,3,32,19.7,80,2.3,1003.6,1.0,1.4,10,1713.3,0
2020-02-28 06:42:00,3,32,19.7,80,2.3,1003.6,1.4,2.0,12,1713.3,0
2020-02-28 06:45:00,3,32,19.7,80,2.3,1003.7,2.7,3.7,9,1713.3,0
2020-02-28 06:48:00,3,32,19.8,80,2.4,1003.9,1.7,2.7,9,1713.3,0
2020-02-28 06:51:00,3,31,20.0,81,2.4,1004.0,1.7,2.0,14,1713.3,0
2020-02-28 06:54:00,3,31,20.2,81,2.4,1004.1,1.0,1.7,12,1713.3,0
2020-02-28 06:57:00,3,31,20.4,81,2.4,1004.2,1.0,1.4,10,1713.3,0
2020-02-28 07:00:00,3,30,20.5,81,2.5,1004.3,2.4,3.1,10,1713.3,0
2020-02-28 07:03:00,3,30,20.7,81,2.5,1004.3,2.4,3.1,10,1713.3,0
2020-02-28 07:06:00,3,30,20.9,81,2.5,1004.4,2.4,3.1,10,1713.3,0
2020-02-28 07:09:00,3,29,21.0,81,2.6,1004.5,1.4,1.7,12,1713.3,0
2020-02-28 07:12:00,3,29,21.2,81,2.6,1004.6,1.4,2.0,8,1713.3,0
2020-02-28 07:15:00,3,29,21.3,81,2.7,1004.6,1.0,1.7,8,1713.3,0
2020-02-28 07:18:00,3,29,21.5,81,2.7,1004.7,1.4,1.7,10,1713.3,0
2020-02-28 07:21:00,3,29,21.5,81,2.7,1004.7,1.4,2.0,10,1713.3,0
2020-02-28 07:24:00,3,29,21.6,81,2.7,1004.9,1.7,2.0,12,1713.3,0
2020-02-28 07:27:00,3,29,21.7,81,2.8,1004.8,0.3,0.7,10,1713.3,0
2020-02-28 07:30:00,3,29,21.7,80,2.9,1004.8,1.7,2.4,12,1713.3,0
2020-02-28 07:33:00,3,29,21.8,80,2.9,1004.9,2.0,2.4,8,1713.3,0
2020-02-28 07:36:00,3,29,21.8,80,2.9,1005.1,1.4,1.7,14,1713.3,0
2020-02-28 07:39:00,3,27,21.9,80,3.0,1005.1,0.7,1.0,8,1713.3,0
2020-02-28 07:42:00,3,26,22.0,80,3.0,1005.1,1.7,3.4,12,1713.3,0
2020-02-28 07:45:00,3,27,22.1,80,3.1,1005.3,1.4,1.7,14,1713.3,0
2020-02-28 07:48:00,3,27,22.1,80,3.1,1005.5,1.0,2.0,9,1713.3,0
2020-02-28 07:51:00,3,26,22.2,80,3.2,1005.4,1.4,1.7,12,1713.3,0
2020-02-28 07:54:00,3,26,22.3,80,3.2,1005.6,0.7,1.4,14,1713.3,0
2020-02-28 07:57:00,3,26,22.3,80,3.2,1005.5,1.0,1.7,10,1713.3,0
2020-02-28 08:00:00,3,26,22.4,80,3.3,1005.5,2.0,2.7,10,1713.3,0
2020-02-28 08:03:00,3,26,22.5,79,3.3,1005.7,1.0,1.4,12,1713.3,0
2020-02-28 08:06:00,3,25,22.5,79,3.4,1005.8,1.7,2.7,12,1713.3,0
2020-02-28 08:09:00,3,26,22.6,79,3.4,1005.7,1.4,1.7,10,1713.3,0
2020-02-28 08:12:00,3,26,22.6,79,3.4,1005.9,1.7,2.0,8,1713.3,0
2020-02-28 08:15:00,3,26,22.6,78,3.4,1005.8,0.7,1.0,9,1713.3,0
2020-02-28 08:18:00,3,26,22.6,78,3.4,1005.9,1.4,2.0,10,1713.3,0
2020-02-28 08:21:00,3,25,22.6,78,3.4,1005.8,1.7,2.7,12,1713.3,0
2020-02-28 08:24:00,3,25,22.7,78,3.4,1005.9,2.4,3.4,10,1713.3,0
2020-02-28 08:27:00,3,25,22.7,78,3.5,1005.9,1.7,2.4,10,1713.3,0
2020-02-28 08:30:00,3,26,22.7,78,3.5,1005.9,1.7,2.4,12,1713.3,0
2020-02-28 08:33:00,3,25,22.7,78,3.5,1005.9,2.4,3.4,14,1713.3,0
2020-02-28 08:36:00,3,26,22.7,78,3.5,1006.0,1.4,2.0,7,1713.3,0
2020-02-28 08:39:00,3,26,22.7,78,3.5,1005.9,2.0,2.7,10,1713.3,0
2020-02-28 08:42:00,3,25,22.7,78,3.5,1006.0,1.7,2.4,8,1713.3,0
2020-02-28 08:45:00,3,26,22.7,78,3.5,1006.2,1.7,2.0,12,1713.3,0
2020-02-28 08:48:00,3,26,22.7,78,3.6,1006.1,1.4,1.7,12,1713.3,0
2020-02-28 08:51:00,3,26,22.7,78,3.6,1006.2,3.1,3.7,12,1713.3,0
2020-02-28 08:54:00,3,25,22.7,78,3.7,1006.2,1.4,2.0,12,1713.3,0
2020-02-28 08:57:00,3,25,22.8,78,3.7,1006.2,1.0,1.4,10,1713.3,0
2020-02-28 09:00:00,3,25,22.9,78,3.8,1006.2,0.7,1.0,10,1713.3,0
2020-02-28 09:03:00,3,25,22.9,78,3.8,1006.2,0.7,1.0,10,1713.3,0
2020-02-28 09:06:00,3,25,22.9,78,3.8,1006.3,0.7,1.0,10,1713.3,0
2020-02-28 09:09:00,3,25,22.9,77,4.1,1006.3,0.7,1.0,14,1713.3,0
2020-02-28 09:12:00,3,25,22.9,76,4.1,1006.3,2.4,3.1,14,1713.3,0
2020-02-28 09:15:00,3,25,22.9,76,4.1,1006.5,1.4,2.0,11,1713.3,0
2020-02-28 09:18:00,3,25,22.7,76,4.1,1006.4,3.4,5.8,10,1713.3,0
2020-02-28 09:21:00,3,26,22.6,75,4.1,1006.4,2.4,3.4,10,1713.3,0
2020-02-28 09:24:00,3,26,22.5,75,4.1,1006.5,2.4,3.7,10,1713.3,0
2020-02-28 09:27:00,3,26,22.4,75,4.2,1006.6,1.7,2.0,11,1713.3,0
2020-02-28 09:30:00,3,26,22.3,75,4.2,1006.6,1.7,2.7,14,1713.3,0
2020-02-28 09:33:00,3,27,22.3,75,4.2,1006.5,1.7,2.4,8,1713.3,0
2020-02-28 09:36:00,3,27,22.3,74,4.3,1006.6,3.1,3.7,10,1713.3,0
2020-02-28 09:39:00,3,27,22.3,74,4.4,1006.5,2.0,3.1,10,1713.3,0
2020-02-28 09:42:00,3,26,22.4,74,4.5,1006.6,2.7,3.7,10,1713.3,0
2020-02-28 09:45:00,3,26,22.5,74,4.6,1006.5,2.4,3.4,9,1713.3,0
2020-02-28 09:48:00,3,26,22.5,74,5.0,1006.6,1.7,2.0,12,1713.3,0
2020-02-28 09:51:00,3,26,22.6,74,5.5,1006.8,2.0,3.1,10,1713.3,0
2020-02-28 09:54:00,3,26,22.6,73,5.9,1006.7,2.0,2.4,8,1713.3,0
2020-02-28 09:57:00,3,26,22.7,72,5.9,1006.7,2.7,3.7,12,1713.3,0
2020-02-28 10:00:00,3,26,22.7,70,5.8,1006.7,1.7,2.4,12,1713.3,0
2020-02-28 10:03:00,3,26,22.7,70,5.7,1007.0,2.7,3.1,10,1713.3,0
2020-02-28 10:06:00,3,26,22.8,70,5.5,1007.0,2.7,3.4,10,1713.3,0
2020-02-28 10:09:00,3,26,22.8,70,5.4,1007.1,2.7,3.7,12,1713.3,0
2020-02-28 10:12:00,3,26,22.8,70,5.4,1007.1,3.4,4.8,12,1713.3,0
2020-02-28 10:15:00,3,26,22.7,70,5.5,1007.1,2.0,2.7,8,1713.3,0
2020-02-28 10:18:00,3,26,22.7,70,5.6,1007.1,1.0,1.4,14,1713.3,0
2020-02-28 10:21:00,3,26,22.6,71,6.1,1007.1,1.4,2.4,10,1713.3,0
2020-02-28 10:24:00,3,27,22.5,70,6.4,1007.1,2.7,4.1,12,1713.3,0
2020-02-28 10:27:00,3,26,22.4,68,6.3,1007.0,1.7,2.7,8,1713.3,0
2020-02-28 10:30:00,3,27,22.4,68,6.4,1007.1,1.7,2.0,10,1713.3,0
2020-02-28 10:33:00,3,27,22.3,66,6.3,1007.1,2.4,3.1,10,1713.3,0
2020-02-28 10:36:00,3,27,22.3,66,6.3,1007.1,1.4,1.7,8,1713.3,0
2020-02-28 10:39:00,3,28,22.2,66,6.2,1007.1,1.7,2.4,12,1713.3,0
2020-02-28 10:42:00,3,28,22.2,66,6.2,1007.2,4.1,5.4,10,1713.3,0
2020-02-28 10:45:00,3,28,22.1,66,6.2,1007.2,2.4,4.1,12,1713.3,0
2020-02-28 10:48:00,3,28,21.9,66,6.1,1007.2,1.0,1.7,10,1713.3,0
2020-02-28 10:51:00,3,28,21.9,67,6.5,1007.3,2.4,3.7,12,1713.3,0
2020-02-28 10:54:00,3,29,21.8,65,6.3,1007.4,2.4,3.1,12,1713.3,0
2020-02-28 10:57:00,3,29,21.8,65,6.3,1007.4,2.0,3.4,12,1713.3,0
2020-02-28 11:00:00,3,29,21.7,66,6.3,1007.2,2.0,3.1,12,1713.3,0
2020-02-28 11:03:00,3,29,21.7,66,6.3,1007.3,2.0,3.1,12,1713.3,0
2020-02-28 11:06:00,3,29,21.6,66,6.3,1007.3,2.0,3.1,12,1713.3,0
2020-02-28 11:09:00,3,29,21.5,65,6.6,1007.2,2.4,3.4,10,1713.3,0
2020-02-28 11:12:00,3,29,21.5,64,6.5,1007.3,2.0,3.4,10,1713.3,0
2020-02-28 11:15:00,3,29,21.5,65,6.5,1007.3,0.7,1.7,9,1713.3,0
2020-02-28 11:18:00,3,29,21.3,65,6.4,1007.3,1.0,1.4,10,1713.3,0
2020-02-28 11:21:00,3,30,21.3,65,6.3,1007.3,2.7,4.1,12,1713.3,0
2020-02-28 11:24:00,3,30,21.3,66,6.3,1007.3,1.7,2.4,12,1713.3,0
2020-02-28 11:27:00,3,30,21.2,66,6.5,1007.3,2.0,3.4,12,1713.3,0
2020-02-28 11:30:00,3,30,21.2,65,6.5,1007.3,0.7,1.0,13,1713.3,0
2020-02-28 11:33:00,3,30,21.2,65,6.5,1007.3,2.0,3.1,12,1713.3,0
2020-02-28 11:36:00,3,30,21.2,64,6.6,1007.3,3.4,5.1,10,1713.3,0
2020-02-28 11:39:00,3,30,21.2,64,6.7,1007.3,1.4,2.4,10,1713.3,0
2020-02-28 11:42:00,3,30,21.1,63,6.6,1007.4,2.4,3.1,12,1713.3,0
2020-02-28 11:45:00,3,30,21.1,63,6.8,1007.3,1.7,3.1,8,1713.3,0
2020-02-28 11:48:00,3,30,21.1,60,7.5,1007.3,2.0,3.4,8,1713.3,0
2020-02-28 11:51:00,3,30,21.1,58,7.8,1007.3,1.7,2.4,0,1713.3,0
2020-02-28 11:54:00,3,30,21.1,56,7.6,1007.4,1.7,2.0,12,1713.3,0
2020-02-28 11:57:00,3,30,21.1,61,7.4,1007.3,1.4,2.0,12,1713.3,0
2020-02-28 12:00:00,3,30,21.1,61,7.2,1007.5,2.4,3.4,8,1713.3,0
2020-02-28 12:03:00,3,30,21.1,61,7.1,1007.4,1.7,2.4,12,1713.3,0
2020-02-28 12:06:00,3,30,21.0,61,7.0,1007.5,2.7,5.4,12,1713.3,0
2020-02-28 12:09:00,3,30,21.0,61,7.0,1007.4,2.4,3.4,8,1713.3,0
2020-02-28 12:12:00,3,30,21.0,61,7.1,1007.4,1.7,2.7,10,1713.3,0
2020-02-28 12:15:00,3,30,21.0,61,7.1,1007.4,3.1,5.8,12,1713.3,0
2020-02-28 12:18:00,3,30,21.0,61,7.0,1007.3,1.4,2.7,10,1713.3,0
2020-02-28 12:21:00,3,30,21.0,61,7.0,1007.3,2.4,4.4,14,1713.3,0
2020-02-28 12:24:00,3,30,21.0,62,7.1,1007.2,1.7,2.0,10,1713.3,0
2020-02-28 12:27:00,3,30,21.0,62,7.2,1007.2,2.4,3.7,12,1713.3,0
2020-02-28 12:30:00,3,31,21.0,61,7.2,1007.3,1.7,2.4,9,1713.3,0
2020-02-28 12:33:00,3,31,21.0,61,7.1,1007.2,3.1,4.8,14,1713.3,0
2020-02-28 12:36:00,3,31,21.0,61,7.0,1007.2,3.7,4.8,12,1713.3,0
2020-02-28 12:39:00,3,31,21.0,61,7.1,1007.4,2.0,3.1,10,1713.3,0
2020-02-28 12:42:00,3,31,21.0,61,7.3,1007.3,1.7,2.0,10,1713.3,0
2020-02-28 12:45:00,3,31,21.0,60,7.4,1007.3,2.4,3.4,10,1713.3,0
2020-02-28 12:48:00,3,31,21.0,55,8.0,1007.2,2.7,4.1,10,1713.3,0
2020-02-28 12:51:00,3,31,21.0,53,8.3,1007.2,1.7,2.0,10,1713.3,0
2020-02-28 12:54:00,3,31,21.0,53,8.8,1007.1,2.4,3.1,12,1713.3,0
2020-02-28 12:57:00,3,31,21.0,51,8.8,1007.2,2.0,3.1,14,1713.3,0
2020-02-28 13:00:00,3,31,21.0,50,8.6,1007.2,1.7,2.4,12,1713.3,0
2020-02-28 13:03:00,3,31,21.0,50,8.6,1007.3,1.7,2.4,12,1713.3,0
2020-02-28 13:06:00,3,31,21.0,50,8.6,1007.3,1.7,2.4,12,1713.3,0
2020-02-28 13:09:00,3,31,21.0,50,8.1,1007.3,3.7,4.4,14,1713.3,0
2020-02-28 13:12:00,3,31,21.0,50,8.3,1007.3,1.7,2.4,14,1713.3,0
2020-02-28 13:15:00,3,31,21.0,48,8.6,1007.3,2.7,3.7,12,1713.3,0
2020-02-28 13:18:00,3,31,21.0,47,8.6,1007.2,2.7,4.1,0,1713.3,0
2020-02-28 13:21:00,3,32,21.0,46,8.8,1007.3,2.7,4.4,12,1713.3,0
2020-02-28 13:24:00,3,32,21.0,45,9.0,1007.3,2.7,3.7,10,1713.3,0
2020-02-28 13:27:00,3,32,21.0,45,9.0,1007.3,1.4,1.7,10,1713.3,0
2020-02-28 13:30:00,3,32,21.0,47,9.3,1007.3,2.4,3.4,0,1713.3,0
2020-02-28 13:33:00,3,32,21.0,45,9.1,1007.3,3.7,5.4,12,1713.3,0
2020-02-28 13:36:00,3,32,21.0,45,8.7,1007.2,2.4,4.1,15,1713.3,0
2020-02-28 13:39:00,3,32,21.0,46,8.9,1007.3,1.7,3.1,14,1713.3,0
2020-02-28 13:42:00,3,32,21.0,46,9.1,1007.3,2.4,3.1,12,1713.3,0
2020-02-28 13:45:00,3,32,21.0,46,9.2,1007.3,2.4,3.1,10,1713.3,0
2020-02-28 13:48:00,3,32,21.0,43,9.0,1007.3,4.1,6.1,8,1713.3,0
2020-02-28 13:51:00,3,32,21.0,43,8.8,1007.4,3.4,4.1,13,1713.3,0
2020-02-28 13:54:00,3,32,21.0,45,8.8,1007.5,2.0,2.7,12,1713.3,0
2020-02-28 13:57:00,3,32,21.0,44,8.8,1007.4,3.7,4.8,12,1713.3,0
2020-02-28 14:00:00,3,32,21.0,44,8.8,1007.4,2.0,3.4,12,1713.3,0
2020-02-28 14:03:00,3,32,21.0,44,8.7,1007.5,4.1,5.8,14,1713.3,0
2020-02-28 14:06:00,3,32,21.0,45,8.7,1007.5,3.1,4.1,8,1713.3,0
2020-02-28 14:09:00,3,32,21.0,45,8.7,1007.5,3.1,4.8,10,1713.3,0
2020-02-28 14:12:00,3,32,21.0,45,8.8,1007.5,1.4,2.0,12,1713.3,0
2020-02-28 14:15:00,3,32,21.0,45,8.8,1007.5,1.7,2.4,13,1713.3,0
2020-02-28 14:18:00,3,32,21.0,45,8.7,1007.6,2.7,3.7,10,1713.3,0
2020-02-28 14:21:00,3,32,21.0,46,8.5,1007.5,2.0,2.4,14,1713.3,0
2020-02-28 14:24:00,3,32,21.1,47,8.5,1007.5,1.7,2.4,12,1713.3,0
2020-02-28 14:27:00,3,32,21.1,47,8.7,1007.5,1.4,3.1,12,1713.3,0
2020-02-28 14:30:00,3,32,21.1,45,8.8,1007.5,2.0,3.1,10,1713.3,0
2020-02-28 14:33:00,3,32,21.1,43,8.9,1007.4,3.1,3.7,6,1713.3,0
2020-02-28 14:36:00,3,32,21.0,43,8.7,1007.5,1.4,1.7,14,1713.3,0
2020-02-28 14:39:00,3,32,21.0,42,8.7,1007.4,3.7,5.8,10,1713.3,0
2020-02-28 14:42:00,3,32,21.0,42,8.7,1007.5,3.4,5.8,11,1713.3,0
2020-02-28 14:45:00,3,32,21.1,41,8.7,1007.6,2.7,3.4,12,1713.3,0
2020-02-28 14:48:00,3,32,21.1,42,8.5,1007.6,1.7,3.1,10,1713.3,0
2020-02-28 14:51:00,3,32,21.1,42,8.4,1007.7,1.7,2.0,10,1713.3,0
2020-02-28 14:54:00,3,32,21.1,42,8.3,1007.8,2.0,3.4,12,1713.3,0
2020-02-28 14:57:00,3,32,21.1,43,8.3,1007.8,2.0,2.7,8,1713.3,0
2020-02-28 15:00:00,3,32,21.1,43,8.4,1007.9,0.7,1.0,10,1713.3,0
2020-02-28 15:03:00,3,32,21.1,43,8.4,1007.8,0.7,1.0,10,1713.3,0
2020-02-28 15:06:00,3,32,21.1,43,8.4,1007.8,0.7,1.0,10,1713.3,0
2020-02-28 15:09:00,3,32,21.1,44,8.5,1007.8,1.0,1.4,8,1713.3,0
2020-02-28 15:12:00,3,32,21.1,44,8.4,1007.7,1.7,2.7,12,1713.3,0
2020-02-28 15:15:00,3,32,21.1,44,8.3,1007.8,0.7,1.4,6,1713.3,0
2020-02-28 15:18:00,3,32,21.1,44,8.2,1007.7,1.4,2.0,12,1713.3,0
2020-02-28 15:21:00,3,32,21.1,45,8.1,1007.6,1.7,2.7,13,1713.3,0
2020-02-28 15:24:00,3,32,21.1,44,7.9,1007.7,1.4,2.4,13,1713.3,0
2020-02-28 15:27:00,3,32,21.1,44,7.8,1007.6,3.4,4.4,6,1713.3,0
2020-02-28 15:30:00,3,32,21.1,44,7.7,1007.7,2.4,3.7,14,1713.3,0
2020-02-28 15:33:00,3,32,21.1,44,7.6,1007.5,1.4,2.0,8,1713.3,0
2020-02-28 15:36:00,3,32,21.1,45,7.5,1007.6,1.7,2.4,10,1713.3,0
2020-02-28 15:39:00,3,32,21.1,51,7.4,1007.5,1.7,2.0,12,1713.3,0
2020-02-28 15:42:00,3,32,21.1,51,7.4,1007.6,1.7,2.7,10,1713.3,0
2020-02-28 15:45:00,3,32,21.1,52,7.3,1007.6,1.4,2.4,10,1713.3,0
2020-02-28 15:48:00,3,32,21.1,52,7.3,1007.7,2.0,2.7,10,1713.3,0
2020-02-28 15:51:00,3,32,21.1,52,7.2,1007.5,3.1,4.4,12,1713.3,0
2020-02-28 15:54:00,3,32,21.1,52,7.1,1007.6,2.4,3.1,9,1713.3,0
2020-02-28 15:57:00,3,32,21.1,53,7.1,1007.5,1.4,2.0,12,1713.3,0
2020-02-28 16:00:00,3,32,21.1,53,7.0,1007.6,1.7,2.4,12,1713.3,0
2020-02-28 16:03:00,3,32,21.1,53,7.0,1007.5,1.0,1.4,10,1713.3,0
2020-02-28 16:06:00,3,32,21.1,54,6.9,1007.5,0.7,1.0,8,1713.3,0
2020-02-28 16:09:00,3,32,21.1,54,6.9,1007.4,0.7,1.0,10,1713.3,0
2020-02-28 16:12:00,3,32,21.1,55,6.8,1007.4,1.0,1.4,10,1713.3,0
2020-02-28 16:15:00,3,32,21.1,55,6.8,1007.5,1.0,1.4,10,1713.3,0
2020-02-28 16:18:00,3,32,21.1,55,6.7,1007.5,1.4,1.7,10,1713.3,0
2020-02-28 16:21:00,3,32,21.1,55,6.7,1007.5,1.0,1.7,10,1713.3,0
2020-02-28 16:24:00,3,32,21.1,55,6.6,1007.5,1.0,1.7,12,1713.3,0
2020-02-28 16:27:00,3,32,21.1,56,6.6,1007.4,0.7,1.4,10,1713.3,0
2020-02-28 16:30:00,3,32,21.1,56,6.5,1007.5,0.7,1.4,11,1713.3,0
2020-02-28 16:33:00,3,32,21.1,57,6.4,1007.5,0.7,1.0,10,1713.3,0
2020-02-28 16:36:00,3,32,21.1,57,6.3,1007.5,0.7,1.0,12,1713.3,0
2020-02-28 16:39:00,3,32,21.1,58,6.2,1007.5,1.0,1.4,8,1713.3,0
2020-02-28 16:42:00,3,32,21.1,59,6.1,1007.5,1.4,2.0,10,1713.3,0
2020-02-28 16:45:00,3,32,21.1,60,6.0,1007.5,0.7,1.0,10,1713.3,0
2020-02-28 16:48:00,3,32,21.1,60,6.0,1007.6,0.7,1.0,8,1713.3,0
2020-02-28 16:51:00,3,32,21.1,60,5.9,1007.5,1.0,1.4,10,1713.3,0
2020-02-28 16:54:00,3,32,21.1,60,5.8,1007.6,1.0,1.7,8,1713.3,0
2020-02-28 16:57:00,3,32,21.1,61,5.7,1007.6,1.4,2.0,10,1713.3,0
2020-02-28 17:00:00,3,32,21.1,61,5.7,1007.7,1.7,2.4,10,1713.3,0
2020-02-28 17:03:00,3,32,21.2,61,5.7,1007.6,1.7,2.4,10,1713.3,0
2020-02-28 17:06:00,3,32,21.2,61,5.7,1007.5,1.7,2.4,10,1713.3,0
2020-02-28 17:09:00,3,32,21.2,61,5.6,1007.6,1.0,1.7,10,1713.3,0
2020-02-28 17:12:00,3,32,21.2,61,5.6,1007.6,1.0,1.4,10,1713.3,0
2020-02-28 17:15:00,3,32,21.2,61,5.5,1007.6,1.0,1.4,12,1713.3,0
2020-02-28 17:18:00,3,32,21.2,61,5.4,1007.5,1.0,1.4,12,1713.3,0
2020-02-28 17:21:00,3,32,21.2,62,5.4,1007.6,0.3,0.7,10,1713.3,0
2020-02-28 17:24:00,3,32,21.2,62,5.3,1007.7,0.7,1.0,8,1713.3,0
2020-02-28 17:27:00,3,32,21.2,62,5.2,1007.7,1.0,1.7,10,1713.3,0
2020-02-28 17:30:00,3,32,21.2,62,5.2,1007.6,1.4,1.7,10,1713.3,0
2020-02-28 17:33:00,3,32,21.2,62,5.2,1007.7,1.0,1.4,10,1713.3,0
2020-02-28 17:36:00,3,32,21.2,62,5.1,1007.6,0.7,1.0,10,1713.3,0
2020-02-28 17:39:00,3,32,21.2,62,5.0,1007.6,0.3,0.7,12,1713.3,0
2020-02-28 17:42:00,3,32,21.2,62,4.9,1007.6,0.7,1.4,14,1713.3,0
2020-02-28 17:45:00,3,32,21.2,62,4.9,1007.5,0.3,0.7,10,1713.3,0
2020-02-28 17:48:00,3,32,21.2,62,4.8,1007.6,0.3,0.7,10,1713.3,0
2020-02-28 17:51:00,3,32,21.2,62,4.6,1007.6,0.7,1.0,10,1713.3,0
2020-02-28 17:54:00,3,32,21.2,62,4.6,1007.5,0.7,1.0,10,1713.3,0
2020-02-28 17:57:00,3,32,21.2,63,4.5,1007.5,0.7,0.7,10,1713.3,0
2020-02-28 18:00:00,3,32,21.2,63,4.4,1007.5,0.7,1.0,10,1713.3,0
2020-02-28 18:03:00,3,32,21.2,63,4.3,1007.5,0.3,0.7,10,1713.3,0
2020-02-28 18:06:00,3,32,21.2,63,4.2,1007.4,0,0,10,1713.3,0
2020-02-28 18:09:00,3,32,21.2,63,4.1,1007.5,0,0,8,1713.3,0
2020-02-28 18:12:00,3,32,21.2,63,4.0,1007.5,0,0,8,1713.3,0
2020-02-28 18:15:00,3,32,21.2,63,3.8,1007.5,0,0,8,1713.3,0
2020-02-28 18:18:00,3,32,21.2,63,3.7,1007.4,0,0,12,1713.3,0
2020-02-28 18:21:00,3,32,21.2,63,3.5,1007.5,0,0,10,1713.3,0
2020-02-28 18:24:00,3,32,21.2,64,3.4,1007.4,0,0.3,10,1713.3,0
2020-02-28 18:27:00,3,32,21.2,64,3.3,1007.3,0,0,10,1713.3,0
2020-02-28 18:30:00,3,32,21.2,65,3.2,1007.3,0,0,10,1713.3,0
2020-02-28 18:33:00,3,31,21.2,65,3.1,1007.3,0,0,10,1713.3,0
2020-02-28 18:36:00,3,31,21.2,65,3.1,1007.1,0,0,0,1713.3,0
2020-02-28 18:39:00,3,31,21.2,65,3.0,1007.1,0,0,6,1713.3,0
2020-02-28 18:42:00,3,31,21.2,65,2.9,1007.1,0,0,6,1713.3,0
2020-02-28 18:45:00,3,31,21.2,66,2.9,1007.1,0,0,6,1713.3,0
2020-02-28 18:48:00,3,31,21.2,66,2.8,1007.0,0,0,0,1713.3,0
2020-02-28 18:51:00,3,31,21.2,66,2.8,1007.0,0,0,0,1713.3,0
2020-02-28 18:54:00,3,31,21.2,67,2.8,1007.0,0,0,0,1713.3,0
2020-02-28 18:57:00,3,31,21.2,67,2.7,1007.0,0,0,10,1713.3,0
2020-02-28 19:00:00,3,31,21.2,67,2.6,1006.9,0,0,4,1713.3,0
2020-02-28 19:03:00,3,31,21.2,67,2.6,1006.9,0,0,4,1713.3,0
2020-02-28 19:06:00,3,31,21.2,67,2.6,1006.8,0,0,4,1713.3,0
2020-02-28 19:09:00,3,31,21.2,69,2.8,1006.9,0.7,1.0,14,1713.3,0
2020-02-28 19:12:00,3,31,21.2,69,2.9,1006.7,1.4,1.7,10,1713.3,0
2020-02-28 19:15:00,3,31,21.2,70,3.0,1006.7,0.3,0.7,14,1713.3,0
2020-02-28 19:18:00,3,31,21.2,69,3.1,1006.6,1.4,1.7,8,1713.3,0
2020-02-28 19:21:00,3,31,21.2,69,3.2,1006.7,0,0.7,10,1713.3,0
2020-02-28 19:24:00,3,31,21.2,68,3.3,1006.6,1.7,2.0,8,1713.3,0
2020-02-28 19:27:00,3,31,21.2,68,3.5,1006.6,0.7,1.0,8,1713.3,0
2020-02-28 19:30:00,3,31,21.2,68,3.5,1006.5,0.7,1.0,8,1713.3,0
2020-02-28 19:33:00,3,31,21.2,67,3.5,1006.6,1.0,1.7,6,1713.3,0
2020-02-28 19:36:00,3,31,21.2,67,3.5,1006.5,0.7,1.0,8,1713.3,0
2020-02-28 19:39:00,3,31,21.2,67,3.5,1006.4,0.7,1.0,12,1713.3,0
2020-02-28 19:42:00,3,31,21.2,67,3.6,1006.4,0.7,1.0,10,1713.3,0
2020-02-28 19:45:00,3,31,21.2,67,3.6,1006.5,1.4,2.7,10,1713.3,0
2020-02-28 19:48:00,3,31,21.2,66,3.7,1006.4,0.7,1.0,8,1713.3,0
2020-02-28 19:51:00,3,31,21.2,66,3.7,1006.2,0.3,0.7,11,1713.3,0
2020-02-28 19:54:00,3,31,21.2,66,3.7,1006.2,0.7,1.4,8,1713.3,0
2020-02-28 19:57:00,3,31,21.2,65,3.7,1006.2,1.0,1.4,10,1713.3,0
2020-02-28 20:00:00,3,31,21.2,65,3.7,1006.1,1.0,1.4,10,1713.3,0
2020-02-28 20:03:00,3,31,21.2,65,3.7,1006.1,1.0,1.4,12,1713.3,0
2020-02-28 20:06:00,3,31,21.2,65,3.7,1006.1,0.7,1.0,10,1713.3,0
2020-02-28 20:09:00,3,31,21.2,65,3.7,1006.1,1.4,1.7,10,1713.3,0
2020-02-28 20:12:00,3,31,21.2,64,3.7,1006.0,1.0,1.7,10,1713.3,0
2020-02-28 20:15:00,3,31,21.2,64,3.7,1006.2,1.4,2.0,8,1713.3,0
2020-02-28 20:18:00,3,31,21.2,64,3.7,1006.2,0.3,1.0,8,1713.3,0
2020-02-28 20:21:00,3,31,21.2,64,3.7,1006.1,0.3,0.7,8,1713.3,0
2020-02-28 20:24:00,3,31,21.2,64,3.7,1006.1,1.4,1.7,8,1713.3,0
2020-02-28 20:27:00,3,31,21.2,64,3.7,1006.1,1.0,2.4,6,1713.3,0
2020-02-28 20:30:00,3,31,21.2,63,3.7,1006.0,1.4,1.7,8,1713.3,0
2020-02-28 20:33:00,3,31,21.2,63,3.7,1006.0,1.0,1.4,14,1713.3,0
2020-02-28 20:36:00,3,31,21.2,63,3.7,1005.9,1.0,1.7,5,1713.3,0
2020-02-28 20:39:00,3,31,21.2,63,3.7,1005.8,1.4,1.7,8,1713.3,0
2020-02-28 20:42:00,3,31,21.2,63,3.7,1005.8,2.4,2.7,12,1713.3,0
2020-02-28 20:45:00,3,31,21.2,63,3.7,1005.8,1.0,1.4,8,1713.3,0
2020-02-28 20:48:00,3,31,21.2,63,3.7,1005.8,1.0,1.4,8,1713.3,0
2020-02-28 20:51:00,3,31,21.2,63,3.7,1005.8,1.0,2.0,10,1713.3,0
2020-02-28 20:54:00,3,31,21.2,63,3.7,1005.7,1.4,2.0,10,1713.3,0
2020-02-28 20:57:00,3,31,21.2,63,3.7,1005.6,1.4,2.0,8,1713.3,0
2020-02-28 21:00:00,3,31,21.2,63,3.7,1005.5,1.4,1.7,8,1713.3,0
2020-02-28 21:03:00,3,31,21.2,63,3.7,1005.4,1.4,1.7,8,1713.3,0
2020-02-28 21:06:00,3,31,21.2,63,3.7,1005.4,1.4,1.7,8,1713.3,0
2020-02-28 21:09:00,3,31,21.2,62,3.8,1005.4,1.0,1.4,6,1713.3,0
2020-02-28 21:12:00,3,31,21.2,63,3.8,1005.4,2.0,3.1,9,1713.3,0
2020-02-28 21:15:00,3,31,21.2,62,3.8,1005.4,1.0,2.0,10,1713.3,0
2020-02-28 21:18:00,3,31,21.2,63,3.7,1005.4,1.4,2.0,8,1713.3,0
2020-02-28 21:21:00,3,31,21.2,63,3.7,1005.3,1.4,2.0,10,1713.3,0
2020-02-28 21:24:00,3,31,21.2,63,3.7,1005.4,0.7,1.4,8,1713.3,0
2020-02-28 21:27:00,3,31,21.1,63,3.7,1005.2,1.7,2.7,7,1713.3,0
2020-02-28 21:30:00,3,31,21.1,63,3.7,1005.1,0.3,1.0,6,1713.3,0
2020-02-28 21:33:00,3,31,21.1,63,3.7,1005.1,1.4,2.4,8,1713.3,0
2020-02-28 21:36:00,3,31,21.1,63,3.7,1005.1,1.0,2.0,6,1713.3,0
2020-02-28 21:39:00,3,31,21.1,63,3.7,1005.1,1.7,2.4,8,1713.3,0
2020-02-28 21:42:00,3,31,21.1,63,3.7,1005.0,0.7,1.0,8,1713.3,0
2020-02-28 21:45:00,3,31,21.1,63,3.7,1005.2,2.0,3.1,8,1713.3,0
2020-02-28 21:48:00,3,31,21.1,63,3.7,1005.1,2.7,3.1,8,1713.3,0
2020-02-28 21:51:00,3,31,21.1,63,3.7,1004.9,1.7,2.0,4,1713.3,0
2020-02-28 21:54:00,3,31,21.1,62,3.7,1004.9,1.4,1.7,8,1713.3,0
2020-02-28 21:57:00,3,31,21.1,62,3.7,1004.7,1.4,2.0,9,1713.3,0
2020-02-28 22:00:00,3,31,21.1,62,3.8,1004.7,1.4,1.7,12,1713.3,0
2020-02-28 22:03:00,3,31,21.1,62,3.8,1004.7,1.7,2.4,6,1713.3,0
2020-02-28 22:06:00,3,31,21.0,62,3.8,1004.5,0.7,1.0,6,1713.3,0
2020-02-28 22:09:00,3,31,21.0,62,3.7,1004.6,0.7,1.4,8,1713.3,0
2020-02-28 22:12:00,3,31,21.0,62,3.7,1004.5,0.3,0.7,8,1713.3,0
2020-02-28 22:15:00,3,31,21.0,62,3.7,1004.6,0.7,1.7,10,1713.3,0
2020-02-28 22:18:00,3,31,21.0,62,3.7,1004.5,0.7,1.4,10,1713.3,0
2020-02-28 22:21:00,3,32,20.9,62,3.7,1004.5,1.4,2.0,8,1713.3,0
2020-02-28 22:24:00,3,32,20.9,63,3.7,1004.5,1.7,2.4,10,1713.3,0
2020-02-28 22:27:00,3,31,20.9,63,3.7,1004.4,1.7,2.4,10,1713.3,0
2020-02-28 22:30:00,3,31,20.9,63,3.6,1004.5,1.7,2.4,8,1713.3,0
2020-02-28 22:33:00,3,31,20.9,63,3.6,1004.6,1.0,1.7,8,1713.3,0
2020-02-28 22:36:00,3,31,20.9,63,3.6,1004.4,1.4,2.0,8,1713.3,0
2020-02-28 22:39:00,3,31,20.8,63,3.6,1004.4,1.4,2.4,8,1713.3,0
2020-02-28 22:42:00,3,31,20.8,63,3.6,1004.3,1.7,2.0,8,1713.3,0
2020-02-28 22:45:00,3,31,20.7,63,3.6,1004.2,2.7,3.1,8,1713.3,0
2020-02-28 22:48:00,3,31,20.7,63,3.5,1004.2,0,0,4,1713.3,0
2020-02-28 22:51:00,3,31,20.7,63,3.5,1004.1,0.7,1.0,10,1713.3,0
2020-02-28 22:54:00,3,31,20.7,63,3.5,1004.1,0.7,1.0,8,1713.3,0
2020-02-28 22:57:00,3,31,20.7,64,3.5,1004.2,1.4,2.4,8,1713.3,0
