2020-02-08 00:02:59,3,33,20.8,72,6.1,1020.0,2.0,3.1,8,1648.8,0
2020-02-08 00:05:59,3,33,20.7,71,6.1,1020.0,1.7,2.7,8,1648.8,0
2020-02-08 00:08:59,3,33,20.7,71,6.1,1020.0,2.0,2.7,6,1648.8,0
2020-02-08 00:11:59,3,33,20.7,71,6.1,1020.0,1.0,1.4,8,1648.8,0
2020-02-08 00:14:59,3,33,20.7,71,6.1,1020.0,0.7,1.0,9,1648.8,0
2020-02-08 00:17:59,3,33,20.7,70,6.0,1019.9,1.0,1.4,8,1648.8,0
2020-02-08 00:20:59,3,33,20.7,70,6.0,1019.9,1.7,2.4,6,1648.8,0
2020-02-08 00:23:59,3,33,20.6,70,5.9,1019.8,0.7,1.0,8,1648.8,0
2020-02-08 00:26:59,3,33,20.6,70,5.8,1019.8,0.3,1.0,14,1648.8,0
2020-02-08 00:29:59,3,33,20.6,70,5.7,1019.8,0.3,0.7,4,1648.8,0
2020-02-08 00:32:59,3,33,20.6,71,5.6,1019.8,0.3,0.7,2,1648.8,0
2020-02-08 00:35:59,3,33,20.6,71,5.5,1019.7,0,0.3,4,1648.8,0
2020-02-08 00:38:59,3,33,20.6,71,5.4,1019.8,0.7,1.0,4,1648.8,0
2020-02-08 00:41:59,3,33,20.6,71,5.3,1019.7,0,0,4,1648.8,0
2020-02-08 00:44:59,3,33,20.6,71,5.2,1019.7,0,0,4,1648.8,0
2020-02-08 00:47:59,3,33,20.5,71,5.1,1019.7,0,0.3,4,1648.8,0
2020-02-08 00:50:59,3,33,20.5,72,5.0,1019.9,0.3,0.3,8,1648.8,0
2020-02-08 00:53:59,3,33,20.5,72,4.9,1019.7,0,0,8,1648.8,0
2020-02-08 00:56:59,3,33,20.5,72,4.8,1019.6,0,0,4,1648.8,0
2020-02-08 00:59:59,3,33,20.5,72,4.7,1019.6,0,0,10,1648.8,0
2020-02-08 01:02:59,3,33,20.5,72,4.7,1019.6,0,0,10,1648.8,0
2020-02-08 01:05:59,3,33,20.5,72,4.7,1019.5,0,0,10,1648.8,0
2020-02-08 01:08:59,3,33,20.4,73,4.4,1019.6,0,0,8,1648.8,0
2020-02-08 01:11:59,3,33,20.4,73,4.3,1019.5,0,0,8,1648.8,0
2020-02-08 01:14:59,3,33,20.4,73,4.2,1019.6,0,0,8,1648.8,0
2020-02-08 01:17:59,3,33,20.4,73,4.0,1019.6,0,0,8,1648.8,0
2020-02-08 01:20:59,3,33,20.4,73,4.0,1019.5,0,0,8,1648.8,0
2020-02-08 01:23:59,3,33,20.4,74,3.8,1019.6,0,0,8,1648.8,0
2020-02-08 01:26:59,3,33,20.4,74,3.7,1019.5,0,0,8,1648.8,0
2020-02-08 01:29:59,3,33,20.3,74,3.5,1019.5,0,0,8,1648.8,0
2020-02-08 01:32:59,3,33,20.3,74,3.4,1019.4,0,0,8,1648.8,0
2020-02-08 01:35:59,3,33,20.3,75,3.4,1019.4,0,0,2,1648.8,0
2020-02-08 01:38:59,3,33,20.3,75,3.3,1019.4,0,0,6,1648.8,0
2020-02-08 01:41:59,3,33,20.3,75,3.2,1019.2,0,0.3,4,1648.8,0
2020-02-08 01:44:59,3,33,20.2,76,3.2,1019.3,0,0.3,4,1648.8,0
2020-02-08 01:47:59,3,33,20.2,76,3.1,1019.2,0,0,4,1648.8,0
2020-02-08 01:50:59,3,33,20.2,76,3.1,1019.2,0,0.3,8,1648.8,0
2020-02-08 01:54:00,3,33,20.2,77,3.2,1019.1,0.7,1.0,4,1648.8,0
2020-02-08 01:57:00,3,33,20.2,78,3.3,1018.9,0.7,1.0,10,1648.8,0
2020-02-08 02:00:00,3,33,20.1,79,3.4,1019.0,0.7,1.0,4,1648.8,0
2020-02-08 02:03:00,3,33,20.1,80,3.4,1019.0,1.0,1.4,6,1648.8,0
2020-02-08 02:06:00,3,33,20.1,80,3.5,1019.1,0,0.3,2,1648.8,0
2020-02-08 02:09:00,3,33,20.1,80,3.4,1018.9,0,0.3,4,1648.8,0
2020-02-08 02:12:00,3,33,20.1,80,3.4,1018.9,0.3,0.7,10,1648.8,0
2020-02-08 02:15:00,3,33,20.1,80,3.4,1018.9,1.0,1.4,6,1648.8,0
2020-02-08 02:18:00,3,33,20.1,80,3.4,1018.9,1.0,1.7,4,1648.8,0
2020-02-08 02:21:00,3,33,20.0,81,3.5,1018.8,0,0.3,0,1648.8,0
2020-02-08 02:24:00,3,33,20.0,81,3.5,1018.9,0,0,14,1648.8,0
2020-02-08 02:27:00,3,33,20.0,81,3.5,1019.0,1.4,1.7,14,1648.8,0
2020-02-08 02:30:00,3,33,20.0,81,3.5,1019.0,0.7,0.7,8,1648.8,0
2020-02-08 02:33:00,3,33,20.0,81,3.5,1019.0,0,0.3,14,1648.8,0
2020-02-08 02:36:00,3,33,20.0,82,3.5,1019.0,0.7,1.0,8,1648.8,0
2020-02-08 02:39:00,3,33,20.0,82,3.5,1018.9,0.3,0.3,10,1648.8,0
2020-02-08 02:42:00,3,33,20.0,82,3.4,1019.0,0.7,1.0,12,1648.8,0
2020-02-08 02:45:00,3,34,19.9,82,3.5,1018.9,0.3,0.7,4,1648.8,0
2020-02-08 02:48:00,3,34,19.9,82,3.4,1018.8,0,0.3,8,1648.8,0
2020-02-08 02:51:00,3,34,19.9,82,3.3,1018.8,0,0.3,0,1648.8,0
2020-02-08 02:54:00,3,34,19.8,82,3.2,1018.7,0.7,1.0,4,1648.8,0
2020-02-08 02:57:00,3,34,19.8,82,3.2,1018.7,0,0.3,8,1648.8,0
2020-02-08 03:00:00,3,34,19.8,82,3.2,1018.5,0.3,0.7,4,1648.8,0
2020-02-08 03:03:00,3,34,19.8,82,3.2,1018.6,0.3,0.7,4,1648.8,0
2020-02-08 03:06:00,3,34,19.8,82,3.2,1018.6,0.3,0.7,4,1648.8,0
2020-02-08 03:09:00,3,34,19.8,82,3.1,1018.5,0.7,1.0,10,1648.8,0
2020-02-08 03:12:00,3,34,19.8,82,3.0,1018.5,0.3,0.7,4,1648.8,0
2020-02-08 03:15:00,3,34,19.8,82,3.0,1018.4,0.3,0.7,5,1648.8,0
2020-02-08 03:18:00,3,34,19.7,83,3.0,1018.5,0.3,1.0,2,1648.8,0
2020-02-08 03:21:00,3,34,19.7,83,3.1,1018.4,1.4,2.0,4,1648.8,0
2020-02-08 03:24:00,3,34,19.7,83,3.0,1018.5,0,0.3,4,1648.8,0
2020-02-08 03:27:00,3,34,19.7,83,3.0,1018.5,0.3,0.7,4,1648.8,0
2020-02-08 03:30:00,3,34,19.7,83,2.9,1018.5,0,0.3,2,1648.8,0
2020-02-08 03:33:00,3,34,19.7,83,2.9,1018.5,0.7,1.0,10,1648.8,0
2020-02-08 03:36:00,3,34,19.7,83,2.9,1018.5,0.7,1.0,2,1648.8,0
2020-02-08 03:39:00,3,34,19.7,83,2.9,1018.3,0.7,1.0,4,1648.8,0
2020-02-08 03:42:00,3,34,19.7,83,2.8,1018.3,0,0.3,0,1648.8,0
2020-02-08 03:45:00,3,34,19.6,83,2.8,1018.4,0,0.3,4,1648.8,0
2020-02-08 03:48:00,3,34,19.7,83,2.8,1018.4,0.7,1.0,6,1648.8,0
2020-02-08 03:51:00,3,34,19.6,83,2.8,1018.4,0,0.3,2,1648.8,0
2020-02-08 03:54:00,3,34,19.6,83,2.7,1018.3,0,0.3,4,1648.8,0
2020-02-08 03:57:00,3,34,19.6,83,2.7,1018.3,0,0,6,1648.8,0
2020-02-08 04:00:00,3,34,19.6,83,2.6,1018.4,0,0.3,4,1648.8,0
2020-02-08 04:03:00,3,34,19.6,83,2.5,1018.3,0.7,1.4,8,1648.8,0
2020-02-08 04:06:00,3,34,19.6,83,2.5,1018.3,0,0.3,4,1648.8,0
2020-02-08 04:09:00,3,34,19.6,83,2.5,1018.2,0.3,0.7,10,1648.8,0
2020-02-08 04:12:00,3,34,19.6,83,2.5,1018.1,0.7,1.0,8,1648.8,0
2020-02-08 04:15:00,3,34,19.6,83,2.4,1018.1,0.7,1.0,6,1648.8,0
2020-02-08 04:18:00,3,34,19.5,83,2.4,1018.0,0.7,1.0,7,1648.8,0
2020-02-08 04:21:00,3,34,19.5,84,2.4,1018.0,0.7,1.0,4,1648.8,0
2020-02-08 04:24:00,3,34,19.5,84,2.4,1018.1,0.7,1.0,12,1648.8,0
2020-02-08 04:27:00,3,34,19.5,84,2.3,1018.1,0.3,0.3,2,1648.8,0
2020-02-08 04:30:00,3,34,19.5,84,2.2,1018.0,0.7,1.0,1,1648.8,0
2020-02-08 04:33:00,3,34,19.5,84,2.2,1017.9,0,0.3,4,1648.8,0
2020-02-08 04:36:00,3,34,19.5,84,2.2,1017.8,1.0,1.4,4,1648.8,0
2020-02-08 04:39:00,3,34,19.5,84,2.2,1017.8,0.7,1.4,6,1648.8,0
2020-02-08 04:42:00,3,34,19.4,84,2.2,1017.7,1.0,1.4,10,1648.8,0
2020-02-08 04:45:00,3,34,19.4,84,2.2,1017.8,0.3,0.7,5,1648.8,0
2020-02-08 04:48:00,3,34,19.3,84,2.2,1017.7,1.0,1.4,4,1648.8,0
2020-02-08 04:51:00,3,34,19.3,84,2.2,1017.7,1.4,1.7,6,1648.8,0
2020-02-08 04:54:00,3,34,19.3,84,2.2,1017.6,0.7,1.0,10,1648.8,0
2020-02-08 04:57:00,3,34,19.3,84,2.1,1017.6,0.7,1.0,14,1648.8,0
2020-02-08 05:00:00,3,34,19.3,84,2.1,1017.6,0.7,0.7,8,1648.8,0
2020-02-08 05:03:00,3,34,19.3,84,2.1,1017.5,0.7,0.7,8,1648.8,0
2020-02-08 05:06:00,3,34,19.4,84,2.1,1017.4,0.7,0.7,8,1648.8,0
2020-02-08 05:09:00,3,34,19.4,84,2.0,1017.4,1.4,2.0,6,1648.8,0
2020-02-08 05:12:00,3,34,19.4,84,2.0,1017.4,0.3,0.7,8,1648.8,0
2020-02-08 05:15:00,3,34,19.5,84,2.0,1017.6,0,0.7,2,1648.8,0
2020-02-08 05:18:00,3,34,19.5,84,2.0,1017.4,0.3,0.7,6,1648.8,0
2020-02-08 05:21:00,3,34,19.5,84,2.0,1017.4,1.0,1.7,11,1648.8,0
2020-02-08 05:24:00,3,34,19.6,85,2.0,1017.4,0.7,1.7,4,1648.8,0
2020-02-08 05:27:00,3,34,19.6,85,2.0,1017.5,1.0,1.4,8,1648.8,0
2020-02-08 05:30:00,3,34,19.6,85,2.0,1017.4,0.3,0.7,14,1648.8,0
2020-02-08 05:33:00,3,34,19.6,85,2.0,1017.4,0.3,0.7,10,1648.8,0
2020-02-08 05:36:00,3,34,19.7,85,2.0,1017.5,0.3,0.7,8,1648.8,0
2020-02-08 05:39:00,3,34,19.7,85,1.9,1017.4,0.3,1.0,8,1648.8,0
2020-02-08 05:42:00,3,34,19.7,85,1.9,1017.5,0.7,1.4,9,1648.8,0
2020-02-08 05:45:00,3,34,19.7,85,1.9,1017.5,0,0,14,1648.8,0
2020-02-08 05:48:00,3,34,19.8,85,1.8,1017.4,0,0,4,1648.8,0
2020-02-08 05:51:00,3,34,19.8,85,1.8,1017.4,0.7,1.0,4,1648.8,0
2020-02-08 05:54:00,3,34,19.8,85,1.8,1017.5,0,0,8,1648.8,0
2020-02-08 05:57:00,3,34,19.9,85,1.7,1017.5,0,0,4,1648.8,0
2020-02-08 06:00:00,3,33,20.0,85,1.7,1017.5,0.7,1.4,8,1648.8,0
2020-02-08 06:03:00,3,33,20.0,85,1.7,1017.5,0.7,1.0,8,1648.8,0
2020-02-08 06:06:00,3,33,20.0,85,1.7,1017.4,0.7,1.0,4,1648.8,0
2020-02-08 06:09:00,3,33,20.0,85,1.7,1017.5,0.7,1.0,4,1648.8,0
2020-02-08 06:12:00,3,33,20.0,85,1.7,1017.5,0.7,1.0,2,1648.8,0
2020-02-08 06:15:00,3,33,20.1,85,1.7,1017.5,0,0.3,4,1648.8,0
2020-02-08 06:18:00,3,33,20.1,85,1.7,1017.6,0,0.3,2,1648.8,0
2020-02-08 06:21:00,3,33,20.1,85,1.6,1017.6,0.7,1.0,6,1648.8,0
2020-02-08 06:24:00,3,33,20.1,85,1.6,1017.7,0.7,1.0,2,1648.8,0
2020-02-08 06:27:00,3,33,20.1,85,1.6,1017.7,0.3,0.7,4,1648.8,0
2020-02-08 06:30:00,3,33,20.1,85,1.6,1017.7,0,0.3,4,1648.8,0
2020-02-08 06:33:00,3,33,20.1,85,1.6,1017.7,0,0,4,1648.8,0
2020-02-08 06:36:00,3,33,20.1,85,1.6,1017.7,1.0,1.7,1,1648.8,0
2020-02-08 06:39:00,3,33,20.1,85,1.6,1017.7,1.0,1.4,8,1648.8,0
2020-02-08 06:42:00,3,33,20.1,85,1.7,1017.6,0.3,0.7,9,1648.8,0
2020-02-08 06:45:00,3,33,20.2,85,1.7,1017.5,0.3,1.0,14,1648.8,0
2020-02-08 06:48:00,3,33,20.2,85,1.7,1017.5,1.0,1.7,8,1648.8,0
2020-02-08 06:51:00,3,33,20.2,85,1.7,1017.6,1.4,2.0,1,1648.8,0
2020-02-08 06:54:00,3,33,20.2,85,1.7,1017.5,0.7,1.0,8,1648.8,0
2020-02-08 06:57:00,3,33,20.2,85,1.7,1017.5,0.7,1.0,0,1648.8,0
2020-02-08 07:00:00,3,33,20.2,85,1.7,1017.5,1.4,1.7,8,1648.8,0
2020-02-08 07:03:00,3,33,20.2,85,1.7,1017.4,1.4,1.7,8,1648.8,0
2020-02-08 07:06:00,3,33,20.2,85,1.7,1017.5,1.4,1.7,8,1648.8,0
2020-02-08 07:09:00,3,33,20.3,85,1.8,1017.5,0.3,0.7,0,1648.8,0
2020-02-08 07:12:00,3,33,20.3,85,1.8,1017.5,0.7,1.4,6,1648.8,0
2020-02-08 07:15:00,3,33,20.4,85,1.8,1017.6,1.0,1.7,0,1648.8,0
2020-02-08 07:18:00,3,33,20.6,85,1.9,1017.6,0.7,1.0,8,1648.8,0
2020-02-08 07:21:00,3,33,20.8,85,1.9,1017.7,1.4,2.4,8,1648.8,0
2020-02-08 07:24:00,3,32,21.1,85,1.9,1017.7,1.4,1.7,8,1648.8,0
2020-02-08 07:27:00,3,32,21.2,85,2.0,1017.8,1.7,2.7,2,1648.8,0
2020-02-08 07:30:00,3,31,21.4,85,2.0,1017.8,1.4,2.4,5,1648.8,0
2020-02-08 07:33:00,3,31,21.5,85,2.0,1017.9,1.7,2.4,6,1648.8,0
2020-02-08 07:36:00,3,31,21.7,85,2.0,1017.7,1.4,2.0,6,1648.8,0
2020-02-08 07:39:00,3,31,21.8,85,2.1,1017.8,1.0,1.7,5,1648.8,0
2020-02-08 07:42:00,3,30,21.9,85,2.1,1017.9,0.7,1.4,8,1648.8,0
2020-02-08 07:45:00,3,30,21.9,85,2.1,1017.9,1.4,2.0,12,1648.8,0
2020-02-08 07:48:00,3,28,22.0,84,2.2,1017.8,1.0,1.4,12,1648.8,0
2020-02-08 07:51:00,3,28,22.1,84,2.2,1017.8,0.3,0.7,12,1648.8,0
2020-02-08 07:54:00,3,28,22.2,84,2.2,1017.8,1.4,2.4,8,1648.8,0
2020-02-08 07:57:00,3,28,22.2,84,2.3,1017.8,1.0,1.7,8,1648.8,0
2020-02-08 08:00:00,3,28,22.3,84,2.3,1017.7,1.0,1.7,6,1648.8,0
2020-02-08 08:03:00,3,28,22.3,84,2.3,1017.9,0.3,0.7,10,1648.8,0
2020-02-08 08:06:00,3,28,22.5,83,2.4,1018.1,0.7,1.0,10,1648.8,0
2020-02-08 08:09:00,3,28,22.5,83,2.4,1018.1,0.7,1.0,6,1648.8,0
2020-02-08 08:12:00,3,28,22.6,83,2.5,1018.1,0.3,0.7,8,1648.8,0
2020-02-08 08:15:00,3,28,22.6,83,2.5,1018.1,1.7,2.4,9,1648.8,0
2020-02-08 08:18:00,3,28,22.7,83,2.6,1018.1,1.0,1.4,2,1648.8,0
2020-02-08 08:21:00,3,28,22.7,83,2.6,1018.1,0.7,1.0,4,1648.8,0
2020-02-08 08:24:00,3,28,22.7,83,2.7,1018.0,1.4,1.7,8,1648.8,0
2020-02-08 08:27:00,3,28,22.9,82,2.8,1018.0,1.0,1.7,4,1648.8,0
2020-02-08 08:30:00,3,28,22.9,82,2.9,1018.0,0.3,0.7,10,1648.8,0
2020-02-08 08:33:00,3,28,22.9,82,3.0,1018.0,1.0,1.7,9,1648.8,0
2020-02-08 08:36:00,3,28,22.9,82,3.1,1017.9,3.1,4.4,8,1648.8,0
2020-02-08 08:39:00,3,28,23.0,82,3.1,1018.0,2.0,2.7,6,1648.8,0
2020-02-08 08:42:00,3,28,23.0,81,3.2,1017.9,0.3,1.0,0,1648.8,0
2020-02-08 08:45:00,3,28,23.0,81,3.3,1018.0,2.0,3.4,8,1648.8,0
2020-02-08 08:48:00,3,28,23.0,81,3.5,1018.0,1.7,2.4,4,1648.8,0
2020-02-08 08:51:00,3,28,23.0,80,3.6,1017.9,1.4,1.7,10,1648.8,0
2020-02-08 08:54:00,3,28,23.0,80,3.6,1018.0,2.0,3.1,8,1648.8,0
2020-02-08 08:57:00,3,28,23.0,78,3.7,1017.9,3.4,4.4,8,1648.8,0
2020-02-08 09:00:00,3,28,23.0,77,3.8,1017.8,1.0,1.4,6,1648.8,0
2020-02-08 09:03:00,3,28,23.0,77,3.8,1017.9,1.0,1.4,6,1648.8,0
2020-02-08 09:06:00,3,28,23.0,77,3.8,1017.9,1.0,1.4,6,1648.8,0
2020-02-08 09:09:00,3,28,23.0,76,4.1,1017.9,1.4,2.4,8,1648.8,0
2020-02-08 09:12:00,3,28,23.0,75,4.2,1017.8,2.0,3.1,14,1648.8,0
2020-02-08 09:15:00,3,28,23.0,74,4.3,1017.8,1.7,2.4,14,1648.8,0
2020-02-08 09:18:00,3,28,23.0,73,4.4,1017.8,2.4,3.4,12,1648.8,0
2020-02-08 09:21:00,3,28,23.1,72,4.5,1017.8,1.7,2.4,8,1648.8,0
2020-02-08 09:24:00,3,28,23.1,72,4.5,1017.8,1.0,1.4,10,1648.8,0
2020-02-08 09:27:00,3,28,23.1,72,4.6,1017.7,2.0,2.7,8,1648.8,0
2020-02-08 09:30:00,3,28,23.1,71,4.7,1017.6,1.4,2.4,0,1648.8,0
2020-02-08 09:33:00,3,28,23.1,71,4.8,1017.6,1.7,2.0,6,1648.8,0
2020-02-08 09:36:00,3,28,23.1,71,4.9,1017.6,1.7,2.4,0,1648.8,0
2020-02-08 09:39:00,3,29,23.1,70,4.9,1017.7,1.4,1.7,4,1648.8,0
2020-02-08 09:42:00,3,29,23.1,70,5.0,1017.6,2.4,3.1,8,1648.8,0
2020-02-08 09:45:00,3,28,23.2,70,5.2,1017.6,2.0,2.7,8,1648.8,0
2020-02-08 09:48:00,3,29,23.3,70,5.6,1017.5,0.7,1.4,10,1648.8,0
2020-02-08 09:51:00,3,29,23.3,69,6.0,1017.7,1.7,2.4,8,1648.8,0
2020-02-08 09:54:00,3,29,23.3,67,6.2,1017.8,1.0,1.7,4,1648.8,0
2020-02-08 09:57:00,3,29,23.3,66,6.4,1017.8,1.0,1.7,8,1648.8,0
2020-02-08 10:00:00,3,29,23.3,64,6.6,1017.7,1.4,2.0,8,1648.8,0
2020-02-08 10:03:00,3,29,23.3,63,6.7,1017.8,2.4,3.1,10,1648.8,0
2020-02-08 10:06:00,3,29,23.4,63,6.6,1017.7,2.0,3.1,12,1648.8,0
2020-02-08 10:09:00,3,29,23.4,62,6.7,1017.7,3.1,3.7,8,1648.8,0
2020-02-08 10:12:00,3,29,23.4,62,6.7,1017.7,3.1,4.1,8,1648.8,0
2020-02-08 10:15:00,3,29,23.4,62,6.7,1017.7,2.4,3.1,10,1648.8,0
2020-02-08 10:18:00,3,29,23.4,62,6.6,1017.6,1.4,2.0,12,1648.8,0
2020-02-08 10:21:00,3,29,23.4,62,6.7,1017.5,1.4,2.0,7,1648.8,0
2020-02-08 10:24:00,3,29,23.4,62,6.9,1017.6,1.7,2.4,8,1648.8,0
2020-02-08 10:27:00,3,29,23.4,61,6.8,1017.5,1.7,3.1,8,1648.8,0
2020-02-08 10:30:00,3,29,23.4,62,6.9,1017.4,1.0,1.7,8,1648.8,0
2020-02-08 10:33:00,3,29,23.4,61,7.0,1017.4,3.7,4.8,8,1648.8,0
2020-02-08 10:36:00,3,28,23.4,61,7.0,1017.4,2.7,3.4,8,1648.8,0
2020-02-08 10:39:00,3,28,23.4,61,7.0,1017.3,1.0,2.0,4,1648.8,0
2020-02-08 10:42:00,3,30,23.5,61,7.4,1017.3,0.7,1.0,5,1648.8,0
2020-02-08 10:45:00,3,29,23.5,55,7.5,1017.4,3.4,4.8,6,1648.8,0
2020-02-08 10:48:00,3,29,23.5,60,7.4,1017.1,2.4,3.4,6,1648.8,0
2020-02-08 10:51:00,3,29,23.5,55,7.5,1017.1,1.4,1.7,2,1648.8,0
2020-02-08 10:54:00,3,29,23.5,54,7.7,1017.0,1.4,2.0,8,1648.8,0
2020-02-08 10:57:00,3,29,23.5,53,7.7,1017.0,2.4,3.4,8,1648.8,0
2020-02-08 11:00:00,3,31,23.6,53,7.7,1017.0,2.4,3.4,10,1648.8,0
2020-02-08 11:03:00,3,31,23.6,53,7.7,1016.9,2.4,3.4,10,1648.8,0
2020-02-08 11:06:00,3,31,23.6,53,7.7,1016.9,2.4,3.4,10,1648.8,0
2020-02-08 11:09:00,3,31,23.6,53,8.2,1016.9,2.0,2.7,8,1648.8,0
2020-02-08 11:12:00,3,31,23.6,52,8.2,1017.0,2.0,3.4,8,1648.8,0
2020-02-08 11:15:00,3,32,23.6,52,8.3,1016.9,1.4,2.0,8,1648.8,0
2020-02-08 11:18:00,3,32,23.6,52,8.5,1017.0,1.4,1.7,10,1648.8,0
2020-02-08 11:21:00,3,32,23.6,52,8.6,1017.0,1.0,1.4,6,1648.8,0
2020-02-08 11:24:00,3,32,23.6,51,8.7,1017.0,1.7,2.7,8,1648.8,0
2020-02-08 11:27:00,3,32,23.6,51,8.9,1016.9,1.4,2.0,8,1648.8,0
2020-02-08 11:30:00,3,32,23.6,50,8.8,1016.9,2.4,2.7,8,1648.8,0
2020-02-08 11:33:00,3,32,23.6,50,8.8,1016.9,2.7,3.7,10,1648.8,0
2020-02-08 11:36:00,3,32,23.7,51,8.8,1016.9,0.3,1.4,6,1648.8,0
2020-02-08 11:39:00,3,32,23.7,50,9.1,1016.7,1.7,2.4,8,1648.8,0
2020-02-08 11:42:00,3,32,23.7,50,9.2,1016.7,2.7,3.4,8,1648.8,0
2020-02-08 11:45:00,3,32,23.7,50,9.2,1016.6,2.4,3.1,8,1648.8,0
2020-02-08 11:48:00,3,32,23.7,49,9.2,1016.6,2.7,3.4,10,1648.8,0
2020-02-08 11:51:00,3,32,23.7,49,9.3,1016.5,1.4,2.4,2,1648.8,0
2020-02-08 11:54:00,3,32,23.8,48,9.5,1016.4,1.7,2.7,10,1648.8,0
2020-02-08 11:57:00,3,32,23.8,47,9.6,1016.5,2.0,2.4,8,1648.8,0
2020-02-08 12:00:00,3,32,23.8,45,9.7,1016.5,1.7,2.4,8,1648.8,0
2020-02-08 12:03:00,3,32,23.8,45,9.8,1016.4,1.7,3.1,8,1648.8,0
2020-02-08 12:06:00,3,32,23.8,45,9.7,1016.3,1.0,2.0,9,1648.8,0
2020-02-08 12:09:00,3,32,23.8,45,9.8,1016.3,1.7,2.4,8,1648.8,0
2020-02-08 12:12:00,3,32,23.8,45,9.9,1016.3,1.7,2.0,10,1648.8,0
2020-02-08 12:15:00,3,32,23.8,46,10.0,1016.2,1.7,2.0,8,1648.8,0
2020-02-08 12:18:00,3,32,23.8,46,10.0,1016.3,1.0,1.7,7,1648.8,0
2020-02-08 12:21:00,3,32,23.8,46,10.2,1016.4,1.4,1.7,8,1648.8,0
2020-02-08 12:24:00,3,32,23.9,47,10.5,1016.5,0.7,1.0,10,1648.8,0
2020-02-08 12:27:00,3,32,23.9,45,10.4,1016.4,2.0,2.7,8,1648.8,0
2020-02-08 12:30:00,3,32,23.9,46,10.3,1016.4,2.7,3.1,8,1648.8,0
2020-02-08 12:33:00,3,32,23.9,46,10.2,1016.3,2.0,3.1,2,1648.8,0
2020-02-08 12:36:00,3,31,24.0,46,10.0,1016.3,2.4,3.7,12,1648.8,0
2020-02-08 12:39:00,3,31,24.0,46,9.8,1016.2,2.7,3.1,7,1648.8,0
2020-02-08 12:42:00,3,31,24.0,48,9.8,1016.2,2.0,2.4,11,1648.8,0
2020-02-08 12:45:00,3,31,24.0,47,9.9,1016.4,1.7,2.4,8,1648.8,0
2020-02-08 12:48:00,3,31,24.0,47,9.8,1016.4,1.0,1.4,8,1648.8,0
2020-02-08 12:51:00,3,31,24.0,46,9.7,1016.3,1.4,1.7,12,1648.8,0
2020-02-08 12:54:00,3,31,24.1,46,9.6,1016.3,1.4,2.0,8,1648.8,0
2020-02-08 12:57:00,3,31,24.1,46,9.7,1016.3,1.7,2.0,6,1648.8,0
2020-02-08 13:00:00,3,31,24.1,47,9.7,1016.1,0.7,1.0,10,1648.8,0
2020-02-08 13:03:00,3,31,24.1,47,9.7,1016.1,0.7,1.0,10,1648.8,0
2020-02-08 13:06:00,3,31,24.1,47,9.7,1016.1,0.7,1.0,10,1648.8,0
2020-02-08 13:09:00,3,31,24.1,46,9.8,1016.0,1.0,1.7,7,1648.8,0
2020-02-08 13:12:00,3,31,24.1,46,9.9,1016.0,0.7,1.0,6,1648.8,0
2020-02-08 13:15:00,3,31,24.1,46,9.9,1016.0,1.0,1.7,8,1648.8,0
2020-02-08 13:18:00,3,31,24.1,46,9.8,1016.0,0.7,1.0,8,1648.8,0
2020-02-08 13:21:00,3,31,24.1,45,9.8,1015.9,2.4,3.1,6,1648.8,0
2020-02-08 13:24:00,3,31,24.1,45,9.6,1016.0,2.0,3.4,8,1648.8,0
2020-02-08 13:27:00,3,31,24.1,46,9.5,1016.1,1.4,2.0,10,1648.8,0
2020-02-08 13:30:00,3,31,24.1,46,9.5,1016.0,1.4,2.0,8,1648.8,0
2020-02-08 13:33:00,3,31,24.1,46,9.5,1016.1,1.4,2.0,8,1648.8,0
2020-02-08 13:36:00,3,31,24.1,46,9.6,1016.1,1.4,2.0,8,1648.8,0
2020-02-08 13:39:00,3,31,24.1,46,9.5,1015.9,1.7,2.4,10,1648.8,0
2020-02-08 13:42:00,3,31,24.1,47,9.5,1015.9,1.0,1.7,8,1648.8,0
2020-02-08 13:45:00,3,31,24.1,47,9.6,1015.9,1.0,1.4,8,1648.8,0
2020-02-08 13:48:00,3,31,24.1,47,9.7,1016.0,1.7,2.4,10,1648.8,0
2020-02-08 13:51:00,3,31,24.1,46,9.7,1016.0,1.4,1.7,10,1648.8,0
2020-02-08 13:54:00,3,31,24.1,46,9.7,1016.0,1.7,2.0,8,1648.8,0
2020-02-08 13:57:00,3,31,24.1,46,9.7,1016.0,2.4,3.4,8,1648.8,0
2020-02-08 14:00:00,3,31,24.2,46,9.6,1015.9,2.0,2.7,9,1648.8,0
2020-02-08 14:03:00,3,31,24.2,47,9.6,1015.9,0.7,1.4,8,1648.8,0
2020-02-08 14:06:00,3,31,24.2,46,9.5,1015.9,1.4,1.7,8,1648.8,0
2020-02-08 14:09:00,3,31,24.2,46,9.4,1015.9,2.7,4.1,6,1648.8,0
2020-02-08 14:12:00,3,31,24.3,47,9.2,1015.9,1.4,1.7,10,1648.8,0
2020-02-08 14:15:00,3,31,24.3,47,9.1,1015.9,1.0,1.4,12,1648.8,0
2020-02-08 14:18:00,3,31,24.3,47,9.0,1015.9,1.7,2.4,10,1648.8,0
2020-02-08 14:21:00,3,31,24.3,48,8.9,1015.9,2.7,3.4,8,1648.8,0
2020-02-08 14:24:00,3,31,24.3,48,8.8,1015.9,1.4,2.0,10,1648.8,0
2020-02-08 14:27:00,3,31,24.3,49,8.8,1015.8,0.7,1.0,6,1648.8,0
2020-02-08 14:30:00,3,31,24.3,50,8.7,1016.0,0.7,1.0,10,1648.8,0
2020-02-08 14:33:00,3,31,24.3,50,8.7,1015.9,1.7,2.4,8,1648.8,0
2020-02-08 14:36:00,3,31,24.3,49,8.6,1015.9,1.7,2.0,10,1648.8,0
2020-02-08 14:39:00,3,31,24.3,50,8.6,1015.9,0.3,0.7,8,1648.8,0
2020-02-08 14:42:00,3,31,24.3,50,8.5,1015.8,0.7,1.4,8,1648.8,0
2020-02-08 14:45:00,3,31,24.3,50,8.5,1015.8,0.7,1.0,10,1648.8,0
2020-02-08 14:48:00,3,31,24.3,50,8.4,1015.8,0.3,0.7,9,1648.8,0
2020-02-08 14:51:00,3,31,24.3,51,8.4,1015.8,1.4,1.7,8,1648.8,0
2020-02-08 14:54:00,3,31,24.3,51,8.3,1015.7,0.7,1.4,8,1648.8,0
2020-02-08 14:57:00,3,31,24.3,51,8.3,1015.7,1.0,1.4,3,1648.8,0
2020-02-08 15:00:00,3,31,24.3,51,8.2,1015.9,1.4,2.7,8,1648.8,0
2020-02-08 15:03:00,3,31,24.3,51,8.2,1015.9,1.4,2.7,8,1648.8,0
2020-02-08 15:06:00,3,31,24.3,51,8.2,1015.8,1.4,2.7,8,1648.8,0
2020-02-08 15:09:00,3,31,24.3,52,8.1,1015.8,1.0,1.7,6,1648.8,0
2020-02-08 15:12:00,3,31,24.3,52,8.1,1015.9,1.0,1.4,8,1648.8,0
2020-02-08 15:15:00,3,31,24.3,52,8.0,1015.9,2.0,2.7,8,1648.8,0
2020-02-08 15:18:00,3,31,24.3,52,8.0,1015.8,1.4,2.4,8,1648.8,0
2020-02-08 15:21:00,3,31,24.3,52,7.9,1015.7,1.7,2.0,8,1648.8,0
2020-02-08 15:24:00,3,31,24.2,52,7.9,1015.8,1.4,1.7,8,1648.8,0
2020-02-08 15:27:00,3,31,24.2,53,7.8,1015.7,1.0,1.7,9,1648.8,0
2020-02-08 15:30:00,3,31,24.2,53,7.7,1015.6,1.0,1.4,10,1648.8,0
2020-02-08 15:33:00,3,31,24.3,53,7.7,1015.6,1.4,1.7,4,1648.8,0
2020-02-08 15:36:00,3,31,24.3,53,7.6,1015.5,1.7,2.4,10,1648.8,0
2020-02-08 15:39:00,3,31,24.3,53,7.6,1015.6,1.7,2.4,12,1648.8,0
2020-02-08 15:42:00,3,31,24.3,53,7.6,1015.6,1.0,1.4,2,1648.8,0
2020-02-08 15:45:00,3,31,24.3,53,7.6,1015.6,1.0,1.4,0,1648.8,0
2020-02-08 15:48:00,3,31,24.3,53,7.5,1015.7,0.7,1.4,2,1648.8,0
2020-02-08 15:51:00,3,31,24.2,59,7.4,1015.6,1.4,2.4,6,1648.8,0
2020-02-08 15:54:00,3,31,24.0,59,7.4,1015.5,1.0,1.4,8,1648.8,0
2020-02-08 15:57:00,3,32,23.9,60,7.3,1015.6,0.3,0.7,4,1648.8,0
2020-02-08 16:00:00,3,32,23.7,60,7.2,1015.5,1.0,1.7,0,1648.8,0
2020-02-08 16:03:00,3,32,23.6,60,7.2,1015.4,0.7,0.7,4,1648.8,0
2020-02-08 16:06:00,3,32,23.5,60,7.1,1015.5,0.7,1.4,4,1648.8,0
2020-02-08 16:09:00,3,32,23.4,60,7.0,1015.6,0.3,1.0,8,1648.8,0
2020-02-08 16:12:00,3,32,23.3,60,7.0,1015.5,0.3,0.7,10,1648.8,0
2020-02-08 16:15:00,3,32,23.2,60,6.9,1015.4,0,0.3,14,1648.8,0
2020-02-08 16:18:00,3,32,23.1,60,6.8,1015.5,0,0.3,10,1648.8,0
2020-02-08 16:21:00,3,32,23.0,60,6.8,1015.5,0,0.3,8,1648.8,0
2020-02-08 16:24:00,3,32,23.0,60,6.7,1015.5,0.3,0.7,10,1648.8,0
2020-02-08 16:27:00,3,32,23.0,61,6.6,1015.7,0,0.3,12,1648.8,0
2020-02-08 16:30:00,3,30,22.9,61,6.5,1015.6,1.0,1.4,8,1648.8,0
2020-02-08 16:33:00,3,31,22.8,61,6.4,1015.6,0,0,6,1648.8,0
2020-02-08 16:36:00,3,31,22.7,61,6.3,1015.6,0.3,0.7,2,1648.8,0
2020-02-08 16:39:00,3,31,22.7,61,6.2,1015.6,0,0,0,1648.8,0
2020-02-08 16:42:00,3,31,22.6,61,6.2,1015.6,0.3,0.7,14,1648.8,0
2020-02-08 16:45:00,3,31,22.6,61,6.1,1015.6,0,0,6,1648.8,0
2020-02-08 16:48:00,3,31,22.6,61,6.0,1015.5,0,0.7,10,1648.8,0
2020-02-08 16:51:00,3,31,22.6,62,6.0,1015.6,0.3,0.7,6,1648.8,0
2020-02-08 16:54:00,3,31,22.5,62,5.9,1015.6,0,0,6,1648.8,0
2020-02-08 16:57:00,3,31,22.5,62,5.8,1015.5,0,0.3,14,1648.8,0
2020-02-08 17:00:00,3,31,22.5,62,5.7,1015.4,0,0,12,1648.8,0
2020-02-08 17:03:00,3,31,22.4,62,5.7,1015.6,0,0,12,1648.8,0
2020-02-08 17:06:00,3,31,22.3,62,5.7,1015.5,0,0,12,1648.8,0
2020-02-08 17:09:00,3,31,22.3,62,5.5,1015.4,0,0,4,1648.8,0
2020-02-08 17:12:00,3,31,22.3,63,5.4,1015.4,0,0.3,2,1648.8,0
2020-02-08 17:15:00,3,31,22.2,63,5.3,1015.4,0,0,2,1648.8,0
2020-02-08 17:18:00,3,31,22.2,63,5.3,1015.4,0,0,6,1648.8,0
2020-02-08 17:21:00,3,31,22.2,63,5.3,1015.4,0.7,1.0,4,1648.8,0
2020-02-08 17:24:00,3,31,22.2,63,5.3,1015.4,0,0,4,1648.8,0
2020-02-08 17:27:00,3,31,22.1,63,5.2,1015.3,0.3,0.7,6,1648.8,0
2020-02-08 17:30:00,3,31,22.1,63,5.2,1015.2,0,0.3,2,1648.8,0
2020-02-08 17:33:00,3,31,22.0,63,5.2,1015.2,0,0,4,1648.8,0
2020-02-08 17:36:00,3,32,21.9,64,5.2,1015.2,0,0.7,4,1648.8,0
2020-02-08 17:39:00,3,32,21.9,64,5.2,1015.1,0,0,8,1648.8,0
2020-02-08 17:42:00,3,32,21.9,64,5.2,1015.1,0,0.7,8,1648.8,0
2020-02-08 17:45:00,3,32,21.8,64,5.2,1015.0,0,0,4,1648.8,0
2020-02-08 17:48:00,3,32,21.8,64,5.2,1015.0,0,0.3,4,1648.8,0
2020-02-08 17:51:00,3,32,21.8,64,5.2,1015.0,0.3,1.0,8,1648.8,0
2020-02-08 17:54:00,3,32,21.7,64,5.2,1015.0,0.3,0.7,4,1648.8,0
2020-02-08 17:57:00,3,32,21.7,64,5.2,1015.0,0.3,0.7,4,1648.8,0
2020-02-08 18:00:00,3,32,21.7,64,5.2,1014.9,0,0,4,1648.8,0
2020-02-08 18:03:00,3,32,21.7,64,5.2,1015.0,0,0.3,10,1648.8,0
2020-02-08 18:06:00,3,32,21.6,64,5.1,1015.0,0.3,0.7,2,1648.8,0
2020-02-08 18:09:00,3,32,21.6,65,5.1,1014.8,0,0.7,2,1648.8,0
2020-02-08 18:12:00,3,32,21.6,65,5.1,1014.8,0,0,14,1648.8,0
2020-02-08 18:15:00,3,32,21.5,65,5.1,1014.9,0,0,4,1648.8,0
2020-02-08 18:18:00,3,32,21.5,65,5.1,1015.0,0,0.7,10,1648.8,0
2020-02-08 18:21:00,3,32,21.5,65,5.1,1014.9,0,0.3,4,1648.8,0
2020-02-08 18:24:00,3,32,21.5,65,5.0,1015.0,0,0.3,10,1648.8,0
2020-02-08 18:27:00,3,32,21.4,65,5.0,1014.9,0.3,0.7,8,1648.8,0
2020-02-08 18:30:00,3,32,21.4,65,4.9,1014.9,0.3,0.7,8,1648.8,0
2020-02-08 18:33:00,3,32,21.3,66,4.9,1014.9,1.0,1.7,6,1648.8,0
2020-02-08 18:36:00,3,32,21.3,66,5.0,1014.9,0.3,0.7,8,1648.8,0
2020-02-08 18:39:00,3,32,21.3,66,5.0,1014.9,0.3,0.7,8,1648.8,0
2020-02-08 18:42:00,3,32,21.3,66,5.0,1014.9,0.3,0.7,6,1648.8,0
2020-02-08 18:45:00,3,32,21.2,66,5.0,1014.9,0,0.3,8,1648.8,0
2020-02-08 18:48:00,3,32,21.2,66,4.9,1014.8,0,0.7,6,1648.8,0
2020-02-08 18:51:00,3,32,21.2,66,4.9,1014.8,0,0,12,1648.8,0
2020-02-08 18:54:00,3,32,21.2,66,4.8,1014.7,0,0,14,1648.8,0
2020-02-08 18:57:00,3,32,21.2,66,4.8,1014.8,0,0,4,1648.8,0
2020-02-08 19:00:00,3,32,21.2,66,4.8,1014.8,0,0.3,2,1648.8,0
2020-02-08 19:03:00,3,32,21.1,66,4.8,1014.8,0,0.3,2,1648.8,0
2020-02-08 19:06:00,3,32,21.1,66,4.8,1014.8,0,0.3,2,1648.8,0
2020-02-08 19:09:00,3,32,21.1,67,4.7,1014.8,0.3,0.3,8,1648.8,0
2020-02-08 19:12:00,3,32,21.1,67,4.8,1014.8,0,0,10,1648.8,0
2020-02-08 19:15:00,3,32,21.1,67,4.8,1014.8,0.3,0.7,8,1648.8,0
2020-02-08 19:18:00,3,32,21.1,67,4.8,1014.8,0,0,6,1648.8,0
2020-02-08 19:21:00,3,32,21.1,67,4.8,1014.7,0,0.3,8,1648.8,0
2020-02-08 19:24:00,3,32,21.1,67,4.8,1014.6,0,0,4,1648.8,0
2020-02-08 19:27:00,3,32,21.1,67,4.8,1014.6,0,0.3,8,1648.8,0
2020-02-08 19:30:00,3,32,21.1,67,4.8,1014.6,0,0.3,8,1648.8,0
2020-02-08 19:33:00,3,33,21.2,67,4.8,1014.6,0,0,8,1648.8,0
2020-02-08 19:36:00,3,33,21.2,67,4.8,1014.6,0,0.3,14,1648.8,0
2020-02-08 19:39:00,3,33,21.2,67,4.8,1014.7,0.7,1.0,8,1648.8,0
2020-02-08 19:42:00,3,33,21.2,67,4.9,1014.6,0,0.3,6,1648.8,0
2020-02-08 19:45:00,3,33,21.2,67,5.0,1014.6,0.3,0.7,10,1648.8,0
2020-02-08 19:48:00,3,33,21.2,67,5.0,1014.6,0,0,2,1648.8,0
2020-02-08 19:51:00,3,33,21.2,67,5.0,1014.6,0.3,0.7,3,1648.8,0
2020-02-08 19:54:00,3,33,21.2,67,5.1,1014.4,0.7,1.0,0,1648.8,0
2020-02-08 19:57:00,3,33,21.2,67,5.1,1014.5,0.3,0.7,6,1648.8,0
2020-02-08 20:00:00,3,33,21.2,67,5.2,1014.4,0,0.3,2,1648.8,0
2020-02-08 20:03:00,3,33,21.3,67,5.2,1014.4,0,0,10,1648.8,0
2020-02-08 20:06:00,3,33,21.3,67,5.2,1014.5,0,0,4,1648.8,0
2020-02-08 20:09:00,3,33,21.3,67,5.2,1014.5,0,0,10,1648.8,0
2020-02-08 20:12:00,3,33,21.3,67,5.2,1014.5,0,0,4,1648.8,0
2020-02-08 20:15:00,3,33,21.3,67,5.3,1014.6,0,0,8,1648.8,0
2020-02-08 20:18:00,3,33,21.3,67,5.3,1014.5,0.3,0.7,4,1648.8,0
2020-02-08 20:21:00,3,33,21.3,67,5.3,1014.6,0,0,8,1648.8,0
2020-02-08 20:24:00,3,33,21.3,67,5.4,1014.6,0,0,4,1648.8,0
2020-02-08 20:27:00,3,33,21.3,67,5.4,1014.6,0,0,14,1648.8,0
2020-02-08 20:30:00,3,33,21.3,67,5.4,1014.6,0,0,8,1648.8,0
2020-02-08 20:33:00,3,33,21.3,67,5.4,1014.4,0,0,2,1648.8,0
2020-02-08 20:36:00,3,33,21.3,67,5.4,1014.5,0,0,0,1648.8,0
2020-02-08 20:39:00,3,33,21.3,67,5.4,1014.5,0,0,2,1648.8,0
2020-02-08 20:42:00,3,33,21.3,67,5.4,1014.5,0,0,8,1648.8,0
2020-02-08 20:45:00,3,33,21.3,67,5.5,1014.4,0,0,8,1648.8,0
2020-02-08 20:48:00,3,33,21.3,67,5.5,1014.5,0,0.3,10,1648.8,0
2020-02-08 20:51:00,3,33,21.3,67,5.5,1014.5,0,0.3,6,1648.8,0
2020-02-08 20:54:00,3,33,21.3,67,5.5,1014.4,0,0.3,0,1648.8,0
2020-02-08 20:57:00,3,32,21.3,67,5.5,1014.4,0.3,0.7,2,1648.8,0
2020-02-08 21:00:00,3,32,21.3,67,5.6,1014.5,0,0,6,1648.8,0
2020-02-08 21:03:00,3,32,21.3,67,5.6,1014.4,0,0,6,1648.8,0
2020-02-08 21:06:00,3,32,21.3,67,5.6,1014.4,0,0,6,1648.8,0
2020-02-08 21:09:00,3,32,21.3,67,5.7,1014.4,0.3,1.0,4,1648.8,0
2020-02-08 21:12:00,3,32,21.3,67,5.8,1014.3,0,0.3,10,1648.8,0
2020-02-08 21:15:00,3,32,21.3,66,5.8,1014.3,0,0,8,1648.8,0
2020-02-08 21:18:00,3,32,21.3,66,5.8,1014.2,0.3,0.7,6,1648.8,0
2020-02-08 21:21:00,3,32,21.3,66,5.8,1014.3,0,0.3,12,1648.8,0
2020-02-08 21:24:00,3,32,21.3,66,5.9,1014.3,0.7,1.0,10,1648.8,0
2020-02-08 21:27:00,3,32,21.3,66,5.9,1014.4,0.3,0.7,4,1648.8,0
2020-02-08 21:30:00,3,32,21.3,66,6.0,1014.2,0,0,2,1648.8,0
2020-02-08 21:33:00,3,32,21.3,66,6.0,1014.3,0,0,10,1648.8,0
2020-02-08 21:36:00,3,32,21.3,66,6.0,1014.2,0.3,0.7,8,1648.8,0
2020-02-08 21:39:00,3,32,21.3,66,6.0,1014.2,0.3,0.7,4,1648.8,0
2020-02-08 21:42:00,3,32,21.2,66,6.0,1014.2,1.0,1.7,8,1648.8,0
2020-02-08 21:45:00,3,32,21.2,66,6.0,1014.2,0.3,0.7,8,1648.8,0
2020-02-08 21:48:00,3,32,21.2,65,6.1,1014.1,1.4,1.4,8,1648.8,0
2020-02-08 21:51:00,3,32,21.2,65,6.1,1014.0,1.0,1.4,10,1648.8,0
2020-02-08 21:54:00,3,32,21.2,65,6.1,1014.1,0.7,1.0,2,1648.8,0
2020-02-08 21:57:00,3,32,21.2,65,6.2,1014.1,0.3,0.7,9,1648.8,0
2020-02-08 22:00:00,3,32,21.2,65,6.1,1014.2,0.3,0.7,8,1648.8,0
2020-02-08 22:03:00,3,32,21.2,65,6.1,1014.0,0.7,1.0,6,1648.8,0
2020-02-08 22:06:00,3,32,21.2,65,6.1,1014.0,0.7,1.0,10,1648.8,0
2020-02-08 22:09:00,3,32,21.2,66,6.1,1014.0,0,0.7,12,1648.8,0
2020-02-08 22:12:00,3,32,21.1,66,6.1,1014.1,0.3,0.3,8,1648.8,0
2020-02-08 22:15:00,3,32,21.1,66,6.1,1014.2,1.4,2.0,7,1648.8,0
2020-02-08 22:18:00,3,32,21.1,66,6.2,1014.2,0.3,0.7,12,1648.8,0
2020-02-08 22:21:00,3,32,21.1,66,6.2,1014.2,1.0,2.0,6,1648.8,0
2020-02-08 22:24:00,3,32,21.1,66,6.2,1014.2,0,0,8,1648.8,0
2020-02-08 22:27:00,3,32,21.1,66,6.2,1014.2,0.3,0.7,8,1648.8,0
2020-02-08 22:30:00,3,32,21.1,66,6.2,1014.1,0.7,1.0,9,1648.8,0
2020-02-08 22:33:00,3,32,21.1,66,6.2,1014.1,0.7,1.0,8,1648.8,0
2020-02-08 22:36:00,3,32,21.0,66,6.2,1014.1,0.3,0.7,10,1648.8,0
2020-02-08 22:39:00,3,32,21.0,66,6.2,1014.0,0.7,1.0,8,1648.8,0
2020-02-08 22:42:00,3,32,21.0,66,6.3,1014.0,1.0,1.7,13,1648.8,0
2020-02-08 22:45:00,3,32,21.0,66,6.3,1014.1,0.7,1.0,8,1648.8,0
2020-02-08 22:48:00,3,32,21.0,66,6.3,1014.0,0.7,0.7,12,1648.8,0
2020-02-08 22:51:00,3,32,21.0,66,6.3,1014.0,0,0,12,1648.8,0
2020-02-08 22:54:00,3,33,20.9,66,6.2,1014.0,0.7,1.0,10,1648.8,0
2020-02-08 22:57:00,3,33,20.9,66,6.2,1014.0,0.3,0.7,6,1648.8,0
