2020-02-27 00:00:00,3,33,19.8,83,2.5,995.1,1.7,2.0,10,1713.0,0
2020-02-27 00:03:00,3,33,19.7,83,2.5,995.1,1.4,1.7,10,1713.0,0
2020-02-27 00:06:00,3,33,19.7,83,2.5,995.1,1.0,1.4,12,1713.0,0
2020-02-27 00:09:00,3,33,19.7,83,2.5,995.2,1.4,1.7,12,1713.0,0
2020-02-27 00:12:00,3,33,19.7,83,2.6,995.2,1.0,1.4,10,1713.0,0
2020-02-27 00:15:00,3,33,19.7,83,2.6,995.0,1.4,2.0,8,1713.0,0
2020-02-27 00:18:00,3,33,19.6,83,2.6,995.2,1.4,2.0,10,1713.0,0
2020-02-27 00:21:00,3,33,19.6,83,2.6,995.2,0.7,1.4,10,1713.0,0
2020-02-27 00:24:00,3,33,19.6,83,2.5,995.3,1.0,1.7,10,1713.0,0
2020-02-27 00:27:00,3,33,19.6,83,2.6,995.3,0.7,1.0,10,1713.0,0
2020-02-27 00:30:00,3,33,19.6,83,2.6,995.3,1.0,1.7,10,1713.0,0
2020-02-27 00:33:00,3,33,19.6,83,2.6,995.3,1.0,1.4,12,1713.0,0
2020-02-27 00:36:00,3,33,19.5,83,2.5,995.3,1.0,1.4,10,1713.0,0
2020-02-27 00:39:00,3,33,19.5,83,2.5,995.3,1.0,1.4,8,1713.0,0
2020-02-27 00:42:00,3,33,19.5,83,2.5,995.4,0.7,1.0,10,1713.0,0
2020-02-27 00:45:00,3,33,19.5,83,2.5,995.3,1.0,1.7,12,1713.0,0
2020-02-27 00:48:00,3,33,19.4,83,2.5,995.5,0.7,1.0,8,1713.0,0
2020-02-27 00:51:00,3,33,19.3,83,2.5,995.5,1.4,2.0,10,1713.0,0
2020-02-27 00:54:00,3,33,19.3,83,2.5,995.5,1.0,1.4,12,1713.0,0
2020-02-27 00:57:00,3,33,19.3,83,2.5,995.5,1.0,1.4,10,1713.0,0
2020-02-27 01:00:00,3,33,19.3,82,2.5,995.6,0.7,1.0,8,1713.0,0
2020-02-27 01:03:00,3,33,19.3,82,2.5,995.5,0.7,1.0,8,1713.0,0
2020-02-27 01:06:00,3,33,19.3,82,2.5,995.5,0.7,1.0,8,1713.0,0
2020-02-27 01:09:00,3,33,19.3,82,2.4,995.6,1.4,1.7,12,1713.0,0
2020-02-27 01:12:00,3,33,19.2,82,2.4,995.6,0.3,0.7,10,1713.0,0
2020-02-27 01:15:00,3,33,19.2,82,2.4,995.7,0.7,1.4,10,1713.0,0
2020-02-27 01:18:00,3,33,19.2,82,2.4,995.6,0.3,1.0,14,1713.0,0
2020-02-27 01:21:00,3,33,19.2,82,2.4,995.7,1.4,2.0,10,1713.0,0
2020-02-27 01:24:00,3,33,19.2,82,2.4,995.7,0.7,1.0,12,1713.0,0
2020-02-27 01:27:00,3,33,19.2,82,2.4,995.6,1.7,2.0,9,1713.0,0
2020-02-27 01:30:00,3,33,19.2,82,2.4,995.6,1.0,1.4,10,1713.0,0
2020-02-27 01:33:00,3,33,19.1,82,2.4,995.8,0.7,1.0,12,1713.0,0
2020-02-27 01:36:00,3,33,19.1,82,2.4,995.8,1.0,1.4,10,1713.0,0
2020-02-27 01:39:00,3,33,19.1,83,2.4,995.7,0.7,1.0,10,1713.0,0
2020-02-27 01:42:00,3,33,19.1,83,2.4,995.8,0.7,1.4,10,1713.0,0
2020-02-27 01:45:00,3,33,19.1,83,2.4,995.9,1.4,2.0,10,1713.0,0
2020-02-27 01:48:00,3,33,19.0,83,2.5,995.8,0.7,1.0,10,1713.0,0
2020-02-27 01:51:00,3,33,19.0,83,2.5,995.8,0.7,1.4,10,1713.0,0
2020-02-27 01:54:00,3,33,19.0,83,2.5,995.8,0.7,1.0,10,1713.0,0
2020-02-27 01:57:00,3,33,19.0,83,2.5,995.8,1.0,1.7,10,1713.0,0
2020-02-27 02:00:00,3,33,19.0,83,2.5,995.8,0.7,1.0,11,1713.0,0
2020-02-27 02:03:00,3,33,19.0,83,2.5,995.9,1.0,1.4,10,1713.0,0
2020-02-27 02:06:00,3,33,19.0,83,2.5,995.8,0.7,1.0,9,1713.0,0
2020-02-27 02:09:00,3,33,19.0,83,2.5,995.9,1.4,1.7,12,1713.0,0
2020-02-27 02:12:00,3,33,19.0,83,2.6,995.9,1.4,2.4,9,1713.0,0
2020-02-27 02:15:00,3,33,19.0,82,2.6,995.9,0.7,1.7,10,1713.0,0
2020-02-27 02:18:00,3,33,19.0,82,2.6,995.8,0.7,1.4,10,1713.0,0
2020-02-27 02:21:00,3,33,19.0,82,2.6,995.9,0.7,1.0,11,1713.0,0
2020-02-27 02:24:00,3,34,18.9,82,2.6,995.9,0.7,1.0,8,1713.0,0
2020-02-27 02:27:00,3,34,18.9,82,2.6,995.9,0.7,1.4,10,1713.0,0
2020-02-27 02:30:00,3,34,18.9,82,2.6,996.0,1.4,1.7,10,1713.0,0
2020-02-27 02:33:00,3,34,18.9,82,2.6,995.9,1.0,1.7,3,1713.0,0
2020-02-27 02:36:00,3,34,18.9,82,2.6,996.0,1.0,1.4,8,1713.0,0
2020-02-27 02:39:00,3,34,18.9,82,2.6,995.9,1.0,1.4,10,1713.0,0
2020-02-27 02:42:00,3,34,18.9,82,2.6,995.9,1.7,2.4,12,1713.0,0
2020-02-27 02:45:00,3,34,18.8,82,2.6,995.9,1.4,2.0,9,1713.0,0
2020-02-27 02:48:00,3,34,18.8,82,2.6,995.8,1.0,1.7,10,1713.0,0
2020-02-27 02:51:00,3,34,18.8,82,2.7,995.9,0.7,1.4,12,1713.0,0
2020-02-27 02:54:00,3,34,18.8,82,2.7,995.8,1.0,1.4,10,1713.0,0
2020-02-27 02:57:00,3,34,18.8,82,2.7,995.9,1.0,1.4,10,1713.0,0
2020-02-27 03:00:00,3,34,18.8,82,2.7,996.0,1.7,2.4,10,1713.0,0
2020-02-27 03:03:00,3,34,18.8,82,2.7,995.9,1.7,2.4,10,1713.0,0
2020-02-27 03:06:00,3,34,18.8,82,2.7,995.9,1.7,2.4,10,1713.0,0
2020-02-27 03:09:00,3,34,18.8,82,2.7,995.9,0.7,1.0,10,1713.0,0
2020-02-27 03:12:00,3,34,18.8,82,2.7,995.9,0.7,1.0,14,1713.0,0
2020-02-27 03:15:00,3,34,18.8,82,2.8,995.9,0.7,1.0,10,1713.0,0
2020-02-27 03:18:00,3,34,18.7,82,2.8,995.9,1.0,2.0,12,1713.0,0
2020-02-27 03:21:00,3,34,18.7,82,2.8,996.0,0.7,1.0,12,1713.0,0
2020-02-27 03:24:00,3,34,18.7,82,2.8,996.1,1.0,1.7,10,1713.0,0
2020-02-27 03:27:00,3,34,18.7,82,2.8,996.1,1.0,1.4,10,1713.0,0
2020-02-27 03:30:00,3,34,18.7,82,2.8,996.0,0,0.3,12,1713.0,0
2020-02-27 03:33:00,3,34,18.6,82,2.8,996.0,0.7,1.0,12,1713.0,0
2020-02-27 03:36:00,3,34,18.6,82,2.8,996.0,0.7,1.0,10,1713.0,0
2020-02-27 03:39:00,3,34,18.6,82,2.8,996.1,0.7,1.0,12,1713.0,0
2020-02-27 03:42:00,3,34,18.6,82,2.8,996.2,0.3,1.0,10,1713.0,0
2020-02-27 03:45:00,3,34,18.6,82,2.8,996.2,0.7,1.0,10,1713.0,0
2020-02-27 03:48:00,3,34,18.6,82,2.8,996.1,0.3,0.7,10,1713.0,0
2020-02-27 03:51:00,3,34,18.6,82,2.8,996.2,0.3,0.7,8,1713.0,0
2020-02-27 03:54:00,3,34,18.6,82,2.8,996.2,1.0,1.4,12,1713.0,0
2020-02-27 03:57:00,3,34,18.6,82,2.8,996.3,0.3,1.0,10,1713.0,0
2020-02-27 04:00:00,3,34,18.6,82,2.7,996.1,0.7,1.0,10,1713.0,0
2020-02-27 04:03:00,3,34,18.6,82,2.8,996.1,0,0,10,1713.0,0
2020-02-27 04:06:00,3,34,18.6,82,2.7,996.2,1.0,1.4,10,1713.0,0
2020-02-27 04:09:00,3,34,18.6,82,2.7,996.3,1.4,2.0,8,1713.0,0
2020-02-27 04:12:00,3,34,18.5,82,2.7,996.2,1.4,1.7,10,1713.0,0
2020-02-27 04:15:00,3,34,18.5,82,2.7,996.2,1.0,1.4,6,1713.0,0
2020-02-27 04:18:00,3,34,18.5,82,2.6,996.3,0.7,1.0,12,1713.0,0
2020-02-27 04:21:00,3,34,18.5,82,2.6,996.3,0.7,1.4,12,1713.0,0
2020-02-27 04:24:00,3,34,18.5,82,2.6,996.3,1.0,2.0,12,1713.0,0
2020-02-27 04:27:00,3,34,18.5,82,2.6,996.4,0.3,0.7,10,1713.0,0
2020-02-27 04:30:00,3,34,18.5,82,2.6,996.3,0.7,1.0,10,1713.0,0
2020-02-27 04:33:00,3,34,18.5,82,2.6,996.4,1.0,1.4,12,1713.0,0
2020-02-27 04:36:00,3,34,18.5,82,2.6,996.4,0.3,0.7,10,1713.0,0
2020-02-27 04:39:00,3,34,18.5,82,2.6,996.3,0.7,1.0,9,1713.0,0
2020-02-27 04:42:00,3,34,18.5,82,2.6,996.5,0,0,10,1713.0,0
2020-02-27 04:45:00,3,34,18.5,82,2.6,996.5,0.7,1.4,12,1713.0,0
2020-02-27 04:48:00,3,34,18.5,82,2.6,996.4,1.0,1.4,10,1713.0,0
2020-02-27 04:51:00,3,34,18.4,82,2.6,996.4,0.3,0.7,10,1713.0,0
2020-02-27 04:54:00,3,34,18.5,82,2.6,996.4,0.7,1.0,8,1713.0,0
2020-02-27 04:57:00,3,34,18.5,82,2.6,996.5,0.7,1.0,14,1713.0,0
2020-02-27 05:00:00,3,34,18.5,82,2.6,996.6,0.7,1.0,12,1713.0,0
2020-02-27 05:03:00,3,34,18.5,82,2.6,996.5,0.7,1.4,10,1713.0,0
2020-02-27 05:06:00,3,34,18.5,82,2.5,996.6,1.4,1.7,9,1713.0,0
2020-02-27 05:09:00,3,34,18.5,82,2.5,996.6,0.7,1.0,10,1713.0,0
2020-02-27 05:12:00,3,34,18.5,82,2.5,996.5,0.7,1.4,10,1713.0,0
2020-02-27 05:15:00,3,34,18.6,82,2.5,996.5,1.7,2.0,10,1713.0,0
2020-02-27 05:18:00,3,34,18.6,83,2.5,996.6,1.0,1.4,10,1713.0,0
2020-02-27 05:21:00,3,34,18.6,83,2.5,996.6,1.0,1.4,10,1713.0,0
2020-02-27 05:24:00,3,34,18.8,82,2.5,996.5,1.7,2.4,10,1713.0,0
2020-02-27 05:27:00,3,34,18.8,82,2.4,996.5,0.7,1.0,10,1713.0,0
2020-02-27 05:30:00,3,34,18.8,82,2.4,996.6,1.0,1.7,10,1713.0,0
2020-02-27 05:33:00,3,34,18.8,82,2.4,996.6,0.7,1.0,12,1713.0,0
2020-02-27 05:36:00,3,34,18.9,82,2.4,996.5,1.0,1.4,10,1713.0,0
2020-02-27 05:39:00,3,33,19.0,82,2.4,996.6,0.7,1.0,10,1713.0,0
2020-02-27 05:42:00,3,33,19.0,82,2.4,996.6,1.0,1.7,8,1713.0,0
2020-02-27 05:45:00,3,33,19.0,82,2.4,996.6,1.7,2.4,10,1713.0,0
2020-02-27 05:48:00,3,33,19.0,82,2.4,996.7,0,0.3,10,1713.0,0
2020-02-27 05:51:00,3,33,19.1,82,2.4,996.7,1.0,1.4,8,1713.0,0
2020-02-27 05:54:00,3,33,19.1,82,2.4,996.8,2.0,2.7,10,1713.0,0
2020-02-27 05:57:00,3,33,19.1,83,2.4,996.7,1.4,1.7,10,1713.0,0
2020-02-27 06:00:00,3,33,19.2,83,2.4,996.7,1.0,1.4,12,1713.3,0
2020-02-27 06:03:00,3,33,19.2,83,2.4,996.6,1.0,1.4,12,1713.3,0
2020-02-27 06:06:00,3,33,19.2,83,2.4,996.7,1.0,1.4,12,1713.3,0
2020-02-27 06:09:00,3,33,19.3,83,2.4,996.6,0.7,1.0,10,1713.3,0
2020-02-27 06:12:00,3,33,19.3,83,2.4,996.6,0.3,1.0,12,1713.3,0
2020-02-27 06:15:00,3,32,19.3,83,2.4,996.8,0,0,10,1713.3,0
2020-02-27 06:18:00,3,33,19.3,83,2.4,996.7,0.3,0.7,10,1713.3,0
2020-02-27 06:21:00,3,33,19.3,83,2.4,996.8,0.3,0.7,10,1713.3,0
2020-02-27 06:24:00,3,33,19.3,83,2.4,996.8,0.3,0.7,10,1713.3,0
2020-02-27 06:27:00,3,33,19.4,83,2.4,996.7,0.7,0.7,8,1713.3,0
2020-02-27 06:30:00,3,33,19.4,83,2.4,996.7,0.7,1.0,10,1713.3,0
2020-02-27 06:33:00,3,33,19.5,83,2.4,996.8,0.7,1.4,10,1713.3,0
2020-02-27 06:36:00,3,33,19.5,83,2.4,996.8,1.0,1.4,10,1713.3,0
2020-02-27 06:39:00,3,33,19.5,83,2.5,996.7,1.4,1.7,8,1713.3,0
2020-02-27 06:42:00,3,33,19.5,84,2.5,996.8,0.7,1.0,10,1713.3,0
2020-02-27 06:45:00,3,33,19.5,84,2.5,996.8,1.4,2.0,12,1713.3,0
2020-02-27 06:48:00,3,33,19.6,84,2.6,996.8,1.4,1.7,10,1713.3,0
2020-02-27 06:51:00,3,33,19.6,84,2.6,996.7,1.4,2.0,10,1713.3,0
2020-02-27 06:54:00,3,33,19.6,84,2.6,996.8,1.4,2.0,10,1713.3,0
2020-02-27 06:57:00,3,33,19.6,84,2.6,996.9,1.4,2.7,8,1713.3,0
2020-02-27 07:00:00,3,33,19.6,84,2.7,996.8,1.0,1.4,14,1713.3,0
2020-02-27 07:03:00,3,33,19.6,84,2.7,996.9,1.0,1.4,14,1713.3,0
2020-02-27 07:06:00,3,33,19.7,84,2.7,996.9,1.0,1.4,14,1713.3,0
2020-02-27 07:09:00,3,33,19.8,84,2.6,997.1,1.4,1.7,10,1713.3,0
2020-02-27 07:12:00,3,32,20.0,84,2.6,997.0,1.0,1.7,8,1713.3,0
2020-02-27 07:15:00,3,31,20.2,84,2.6,997.1,1.7,2.0,11,1713.3,0
2020-02-27 07:18:00,3,32,20.4,84,2.7,997.2,0.7,1.0,10,1713.3,0
2020-02-27 07:21:00,3,32,20.5,84,2.8,997.3,1.0,1.4,10,1713.3,0
2020-02-27 07:24:00,3,31,20.7,84,2.8,997.2,1.0,1.4,10,1713.3,0
2020-02-27 07:27:00,3,31,20.9,84,2.8,997.3,1.4,1.7,10,1713.3,0
2020-02-27 07:30:00,3,30,21.1,84,2.8,997.3,2.0,2.7,10,1713.3,0
2020-02-27 07:33:00,3,30,21.1,84,2.8,997.3,1.4,1.7,8,1713.3,0
2020-02-27 07:36:00,3,30,21.3,84,2.9,997.5,2.0,3.1,8,1713.3,0
2020-02-27 07:39:00,3,29,21.4,84,2.9,997.4,1.0,1.7,10,1713.3,0
2020-02-27 07:42:00,3,29,21.5,84,3.0,997.3,1.4,2.0,12,1713.3,0
2020-02-27 07:45:00,3,29,21.6,84,3.2,997.3,1.7,2.4,10,1713.3,0
2020-02-27 07:48:00,3,29,21.7,84,3.3,997.3,0.7,1.0,10,1713.3,0
2020-02-27 07:51:00,3,29,21.7,84,3.4,997.4,2.7,4.4,10,1713.3,0
2020-02-27 07:54:00,3,29,21.8,84,3.4,997.3,2.7,3.4,8,1713.3,0
2020-02-27 07:57:00,3,29,21.9,84,3.4,997.5,1.4,2.0,11,1713.3,0
2020-02-27 08:00:00,3,29,21.9,84,3.4,997.5,2.4,2.7,10,1713.3,0
2020-02-27 08:03:00,3,28,22.0,83,3.4,997.5,1.7,2.0,8,1713.3,0
2020-02-27 08:06:00,3,28,22.1,83,3.4,997.6,2.0,3.4,8,1713.3,0
2020-02-27 08:09:00,3,28,22.2,83,3.4,997.5,3.1,4.1,12,1713.3,0
2020-02-27 08:12:00,3,28,22.2,83,3.5,997.5,1.7,2.0,9,1713.3,0
2020-02-27 08:15:00,3,28,22.2,83,3.5,997.5,2.4,2.7,8,1713.3,0
2020-02-27 08:18:00,3,28,22.3,83,3.5,997.6,2.7,3.7,10,1713.3,0
2020-02-27 08:21:00,3,28,22.3,83,3.5,997.6,1.7,2.7,10,1713.3,0
2020-02-27 08:24:00,3,28,22.3,82,3.5,997.6,1.0,2.4,12,1713.3,0
2020-02-27 08:27:00,3,28,22.3,82,3.5,997.6,1.7,2.4,10,1713.3,0
2020-02-27 08:30:00,3,28,22.2,82,3.6,997.5,2.7,3.7,10,1713.3,0
2020-02-27 08:33:00,3,28,22.2,82,3.7,997.5,1.4,2.0,12,1713.3,0
2020-02-27 08:36:00,3,28,22.0,81,3.7,997.4,2.4,3.4,11,1713.3,0
2020-02-27 08:39:00,3,29,21.9,81,3.8,997.4,3.1,4.4,0,1713.3,0
2020-02-27 08:42:00,3,29,21.9,81,3.8,997.3,1.7,2.4,10,1713.3,0
2020-02-27 08:45:00,3,29,21.8,80,3.8,997.3,1.0,1.7,9,1713.3,0
2020-02-27 08:48:00,3,29,21.8,80,4.0,997.2,1.4,1.7,10,1713.3,0
2020-02-27 08:51:00,3,29,21.7,80,4.0,997.2,2.7,3.4,10,1713.3,0
2020-02-27 08:54:00,3,29,21.7,80,4.0,997.3,1.4,2.0,8,1713.3,0
2020-02-27 08:57:00,3,29,21.7,79,4.0,997.1,2.7,3.4,10,1713.3,0
2020-02-27 09:00:00,3,29,21.6,79,4.0,997.2,2.4,3.1,9,1713.3,0
2020-02-27 09:03:00,3,29,21.5,79,4.0,997.0,2.4,3.1,9,1713.3,0
2020-02-27 09:05:59,3,29,21.4,79,4.0,997.1,2.4,3.1,9,1713.3,0
2020-02-27 09:08:59,3,29,21.3,79,4.1,997.2,1.0,1.4,10,1713.3,0
2020-02-27 09:11:59,3,29,21.2,79,4.1,997.0,1.4,1.7,12,1713.3,0
2020-02-27 09:14:59,3,30,21.2,79,4.1,997.0,1.0,1.4,8,1713.3,0
2020-02-27 09:17:59,3,30,21.1,79,4.2,997.0,2.0,3.1,12,1713.3,0
2020-02-27 09:20:59,3,30,21.1,78,4.2,996.9,1.7,2.4,8,1713.3,0
2020-02-27 09:23:59,3,30,21.0,78,4.3,996.9,2.0,2.4,10,1713.3,0
2020-02-27 09:26:59,3,31,20.9,77,4.4,996.9,2.7,3.4,10,1713.3,0
2020-02-27 09:29:59,3,31,20.9,77,4.4,996.8,3.1,4.4,14,1713.3,0
2020-02-27 09:32:59,3,31,20.9,77,4.4,996.8,1.4,2.0,12,1713.3,0
2020-02-27 09:35:59,3,31,20.7,76,4.5,996.9,2.4,3.1,10,1713.3,0
2020-02-27 09:38:59,3,31,20.7,76,4.5,996.9,2.4,2.7,10,1713.3,0
2020-02-27 09:41:59,3,31,20.7,75,4.6,996.8,2.4,3.1,8,1713.3,0
2020-02-27 09:44:59,3,31,20.7,75,4.7,996.8,2.4,3.1,10,1713.3,0
2020-02-27 09:47:59,3,31,20.7,74,4.8,996.8,1.7,2.0,10,1713.3,0
2020-02-27 09:50:59,3,31,20.6,74,4.9,996.8,3.7,5.8,10,1713.3,0
2020-02-27 09:53:59,3,31,20.6,72,5.0,996.8,2.0,2.7,12,1713.3,0
2020-02-27 09:56:59,3,31,20.6,72,5.1,996.8,2.4,3.1,14,1713.3,0
2020-02-27 09:59:59,3,31,20.6,71,5.2,996.7,2.7,3.4,13,1713.3,0
2020-02-27 10:02:59,3,31,20.6,70,5.2,996.6,2.4,4.1,10,1713.3,0
2020-02-27 10:05:59,3,31,20.6,70,5.3,996.7,2.4,3.1,8,1713.3,0
2020-02-27 10:08:59,3,31,20.5,70,5.3,996.6,2.0,3.4,10,1713.3,0
2020-02-27 10:11:59,3,31,20.5,69,5.5,996.5,3.1,4.4,14,1713.3,0
2020-02-27 10:14:59,3,31,20.5,67,5.6,996.6,2.4,3.4,10,1713.3,0
2020-02-27 10:17:59,3,31,20.5,66,5.5,996.6,2.7,3.4,9,1713.3,0
2020-02-27 10:20:59,3,31,20.5,66,5.4,996.6,2.4,3.7,10,1713.3,0
2020-02-27 10:23:59,3,31,20.5,66,5.4,996.6,1.4,1.7,12,1713.3,0
2020-02-27 10:26:59,3,31,20.5,66,5.4,996.5,1.7,2.4,12,1713.3,0
2020-02-27 10:29:59,3,31,20.5,66,5.4,996.5,1.7,2.0,10,1713.3,0
2020-02-27 10:32:59,3,31,20.5,66,5.4,996.5,3.1,4.1,8,1713.3,0
2020-02-27 10:35:59,3,31,20.5,66,5.4,996.5,2.4,3.4,10,1713.3,0
2020-02-27 10:38:59,3,32,20.5,67,5.2,996.5,2.0,2.7,10,1713.3,0
2020-02-27 10:41:59,3,32,20.4,67,5.2,996.4,1.7,2.0,10,1713.3,0
2020-02-27 10:44:59,3,32,20.4,68,5.1,996.3,1.0,1.7,10,1713.3,0
2020-02-27 10:47:59,3,32,20.4,68,5.1,996.2,1.7,2.4,10,1713.3,0
2020-02-27 10:50:59,3,32,20.4,68,5.0,996.2,3.1,4.8,10,1713.3,0
2020-02-27 10:53:59,3,32,20.4,68,5.0,996.2,1.0,1.7,12,1713.3,0
2020-02-27 10:56:59,3,32,20.4,69,5.1,996.2,1.4,1.7,8,1713.3,0
2020-02-27 10:59:59,3,32,20.4,69,5.2,996.2,1.4,2.0,8,1713.3,0
2020-02-27 11:02:59,3,32,20.4,69,5.2,996.1,1.4,2.0,8,1713.3,0
2020-02-27 11:05:59,3,32,20.4,69,5.2,996.2,1.4,2.0,8,1713.3,0
2020-02-27 11:08:59,3,32,20.4,67,5.6,996.0,2.4,3.7,8,1713.3,0
2020-02-27 11:11:59,3,32,20.4,65,5.8,996.1,1.7,2.0,14,1713.3,0
2020-02-27 11:14:59,3,32,20.4,65,5.8,996.0,2.4,3.7,10,1713.3,0
2020-02-27 11:17:59,3,32,20.4,64,5.5,995.9,3.4,4.1,10,1713.3,0
2020-02-27 11:20:59,3,32,20.4,65,5.4,996.0,2.4,3.1,10,1713.3,0
2020-02-27 11:23:59,3,32,20.4,65,5.2,996.1,2.4,3.4,8,1713.3,0
2020-02-27 11:26:59,3,32,20.4,65,5.1,996.0,3.4,4.1,8,1713.3,0
2020-02-27 11:29:59,3,32,20.4,66,5.3,995.9,1.4,1.7,8,1713.3,0
2020-02-27 11:32:59,3,32,20.4,68,5.9,995.9,2.4,3.1,10,1713.3,0
2020-02-27 11:35:59,3,32,20.4,67,6.2,995.8,1.7,2.7,10,1713.3,0
2020-02-27 11:38:59,3,32,20.4,65,6.3,995.8,1.4,2.0,10,1713.3,0
2020-02-27 11:41:59,3,32,20.4,65,6.2,995.7,0.7,1.0,10,1713.3,0
2020-02-27 11:44:59,3,32,20.4,65,6.2,995.7,1.0,1.4,10,1713.3,0
2020-02-27 11:47:59,3,32,20.4,65,6.0,995.7,1.4,1.7,11,1713.3,0
2020-02-27 11:50:59,3,32,20.4,65,5.9,995.5,1.0,1.7,10,1713.3,0
2020-02-27 11:53:59,3,32,20.4,64,5.9,995.6,2.7,3.4,9,1713.3,0
2020-02-27 11:56:59,3,32,20.4,63,6.0,995.4,2.7,3.4,9,1713.3,0
2020-02-27 11:59:59,3,32,20.4,61,6.0,995.4,2.0,2.7,10,1713.3,0
2020-02-27 12:02:59,3,32,20.4,61,6.1,995.3,3.4,4.1,8,1713.3,0
2020-02-27 12:05:59,3,33,20.4,60,6.5,995.2,2.4,3.4,12,1713.3,0
2020-02-27 12:08:59,3,34,20.4,59,6.6,995.1,2.0,3.1,8,1713.3,0
2020-02-27 12:11:59,3,34,20.5,59,6.6,995.2,1.4,2.4,10,1713.3,0
2020-02-27 12:14:59,3,33,20.5,58,6.5,995.1,2.0,2.7,10,1713.3,0
2020-02-27 12:17:59,3,33,20.5,59,6.4,995.1,2.0,3.1,10,1713.3,0
2020-02-27 12:20:59,3,33,20.5,58,6.5,995.1,2.7,3.7,12,1713.3,0
2020-02-27 12:23:59,3,33,20.5,56,6.6,995.0,2.4,3.7,10,1713.3,0
2020-02-27 12:26:59,3,33,20.5,54,6.7,994.9,2.4,4.1,10,1713.3,0
2020-02-27 12:29:59,3,33,20.5,55,6.8,994.9,1.0,1.7,15,1713.3,0
2020-02-27 12:32:59,3,33,20.5,54,7.0,994.7,2.0,2.7,12,1713.3,0
2020-02-27 12:35:59,3,33,20.5,53,7.2,994.9,1.4,1.7,8,1713.3,0
2020-02-27 12:38:59,3,33,20.5,53,7.4,994.7,1.4,2.0,8,1713.3,0
2020-02-27 12:41:59,3,33,20.5,51,7.3,994.7,2.7,3.7,8,1713.3,0
2020-02-27 12:44:59,3,33,20.5,51,7.2,994.5,1.7,2.4,12,1713.3,0
2020-02-27 12:47:59,3,33,20.5,52,7.3,994.6,1.7,3.1,10,1713.3,0
2020-02-27 12:50:59,3,33,20.5,52,7.2,994.6,3.1,4.4,12,1713.3,0
2020-02-27 12:53:59,3,33,20.6,52,7.0,994.6,2.4,3.1,14,1713.3,0
2020-02-27 12:56:59,3,33,20.6,52,7.0,994.5,2.0,3.1,10,1713.3,0
2020-02-27 12:59:59,3,33,20.6,51,6.9,994.5,2.7,3.7,12,1713.3,0
2020-02-27 13:02:59,3,33,20.6,51,6.9,994.5,2.7,3.7,12,1713.3,0
2020-02-27 13:05:59,3,33,20.6,51,6.9,994.5,2.7,3.7,12,1713.3,0
2020-02-27 13:08:59,3,33,20.6,51,7.2,994.4,3.1,3.4,12,1713.3,0
2020-02-27 13:11:59,3,33,20.6,51,7.2,994.4,2.4,3.4,12,1713.3,0
2020-02-27 13:14:59,3,33,20.6,51,7.3,994.2,1.4,2.0,10,1713.3,0
2020-02-27 13:17:59,3,33,20.6,52,7.4,994.2,1.4,2.4,10,1713.3,0
2020-02-27 13:20:59,3,33,20.6,51,7.3,994.2,2.4,3.7,8,1713.3,0
2020-02-27 13:23:59,3,33,20.6,52,7.3,994.1,1.4,1.7,10,1713.3,0
2020-02-27 13:26:59,3,33,20.6,51,7.2,994.1,2.4,3.1,13,1713.3,0
2020-02-27 13:29:59,3,33,20.6,51,7.2,994.1,1.7,2.0,12,1713.3,0
2020-02-27 13:32:59,3,33,20.6,51,7.2,994.1,2.0,2.4,10,1713.3,0
2020-02-27 13:35:59,3,33,20.6,52,7.2,994.0,3.1,4.4,12,1713.3,0
2020-02-27 13:38:59,3,34,20.6,52,7.2,993.9,1.0,1.7,14,1713.3,0
2020-02-27 13:41:59,3,34,20.6,52,7.2,993.9,0.3,0.7,10,1713.3,0
2020-02-27 13:44:59,3,34,20.6,51,7.1,993.9,1.7,2.0,10,1713.3,0
2020-02-27 13:47:59,3,34,20.6,52,7.1,993.9,2.0,2.7,10,1713.3,0
2020-02-27 13:50:59,3,34,20.6,53,7.2,993.9,0.3,0.7,10,1713.3,0
2020-02-27 13:53:59,3,34,20.6,53,7.3,993.7,0.7,1.4,10,1713.3,0
2020-02-27 13:56:59,3,34,20.6,52,7.3,993.7,1.4,2.0,12,1713.3,0
2020-02-27 13:59:59,3,34,20.6,52,7.3,993.7,1.4,2.0,14,1713.3,0
2020-02-27 14:02:59,3,34,20.6,52,7.1,993.8,0.3,0.7,10,1713.3,0
2020-02-27 14:05:59,3,34,20.6,53,7.1,993.7,0.7,1.0,10,1713.3,0
2020-02-27 14:08:59,3,34,20.7,53,7.1,993.7,1.0,1.4,8,1713.3,0
2020-02-27 14:11:59,3,34,20.7,53,7.1,993.5,1.7,2.0,10,1713.3,0
2020-02-27 14:14:59,3,34,20.7,52,7.0,993.6,1.0,1.7,10,1713.3,0
2020-02-27 14:17:59,3,34,20.7,53,7.0,993.6,1.4,2.4,6,1713.3,0
2020-02-27 14:20:59,3,34,20.7,53,7.0,993.5,1.4,1.7,10,1713.3,0
2020-02-27 14:23:59,3,34,20.7,52,6.9,993.5,1.4,1.7,4,1713.3,0
2020-02-27 14:26:59,3,34,20.7,51,6.8,993.4,2.0,2.7,10,1713.3,0
2020-02-27 14:29:59,3,34,20.7,51,6.7,993.4,1.0,1.7,10,1713.3,0
2020-02-27 14:32:59,3,34,20.6,52,6.6,993.3,0.7,1.0,10,1713.3,0
2020-02-27 14:35:59,3,33,20.6,51,6.6,993.2,1.7,2.4,10,1713.3,0
2020-02-27 14:38:59,3,33,20.6,51,6.5,993.2,1.0,1.4,8,1713.3,0
2020-02-27 14:41:59,3,33,20.6,52,6.5,993.1,0.7,1.0,12,1713.3,0
2020-02-27 14:44:59,3,33,20.6,52,6.5,993.0,1.0,1.7,10,1713.3,0
2020-02-27 14:47:59,3,33,20.6,53,6.4,993.2,1.4,2.0,10,1713.3,0
2020-02-27 14:50:59,3,33,20.6,53,6.4,993.2,0.7,1.0,10,1713.3,0
2020-02-27 14:53:59,3,33,20.6,53,6.4,993.2,0.7,1.0,8,1713.3,0
2020-02-27 14:56:59,3,33,20.7,53,6.3,993.1,1.0,1.7,12,1713.3,0
2020-02-27 14:59:59,3,33,20.7,54,6.3,993.1,1.7,2.0,9,1713.3,0
2020-02-27 15:02:59,3,33,20.7,54,6.3,993.0,1.7,2.0,9,1713.3,0
2020-02-27 15:05:59,3,33,20.7,54,6.3,993.0,1.7,2.0,9,1713.3,0
2020-02-27 15:08:59,3,33,20.7,54,6.2,993.0,0.7,1.0,9,1713.3,0
2020-02-27 15:11:59,3,33,20.7,54,6.2,993.0,0,0.3,10,1713.3,0
2020-02-27 15:14:59,3,33,20.7,54,6.2,993.0,0.7,1.0,12,1713.3,0
2020-02-27 15:17:59,3,33,20.7,54,6.2,993.0,0.7,1.4,12,1713.3,0
2020-02-27 15:20:59,3,33,20.7,54,6.1,992.8,0.3,0.7,10,1713.3,0
2020-02-27 15:23:59,3,33,20.7,54,6.1,992.9,0.3,0.7,10,1713.3,0
2020-02-27 15:26:59,3,33,20.7,55,6.1,992.8,0,0,10,1713.3,0
2020-02-27 15:29:59,3,33,20.7,56,6.1,992.8,0.3,1.0,12,1713.3,0
2020-02-27 15:32:59,3,33,20.7,56,6.0,992.8,0.7,1.4,10,1713.3,0
2020-02-27 15:35:59,3,33,20.7,56,6.0,992.8,0.7,1.0,10,1713.3,0
2020-02-27 15:38:59,3,33,20.7,57,5.9,992.7,0.7,1.0,8,1713.3,0
2020-02-27 15:41:59,3,33,20.7,57,5.9,992.6,0,0.3,8,1713.3,0
2020-02-27 15:44:59,3,33,20.7,57,5.8,992.7,0.3,0.7,8,1713.3,0
2020-02-27 15:47:59,3,33,20.7,57,5.8,992.7,0.3,0.7,8,1713.3,0
2020-02-27 15:50:59,3,33,20.7,58,5.7,992.7,0,0,12,1713.3,0
2020-02-27 15:53:59,3,33,20.7,58,5.7,992.6,0,0,10,1713.3,0
2020-02-27 15:56:59,3,33,20.7,59,5.6,992.6,0,0,4,1713.3,0
2020-02-27 15:59:59,3,33,20.7,59,5.6,992.6,0,0,4,1713.3,0
2020-02-27 16:02:59,3,33,20.7,59,5.5,992.5,0,0.3,10,1713.3,0
2020-02-27 16:05:59,3,33,20.7,59,5.4,992.5,0,0,10,1713.3,0
2020-02-27 16:08:59,3,33,20.7,59,5.4,992.5,0,0,8,1713.3,0
2020-02-27 16:11:59,3,33,20.7,60,5.3,992.5,0,0,8,1713.3,0
2020-02-27 16:14:59,3,33,20.7,60,5.2,992.5,0,0,8,1713.3,0
2020-02-27 16:17:59,3,33,20.7,60,5.1,992.5,0,0,8,1713.3,0
2020-02-27 16:20:59,3,33,20.7,60,5.1,992.5,0,0,8,1713.3,0
2020-02-27 16:23:59,3,33,20.7,60,5.0,992.4,0,0,8,1713.3,0
2020-02-27 16:26:59,3,33,20.7,60,4.9,992.5,0,0,8,1713.3,0
2020-02-27 16:29:59,3,33,20.7,61,4.8,992.4,0,0,8,1713.3,0
2020-02-27 16:32:59,3,33,20.7,61,4.7,992.4,0,0,8,1713.3,0
2020-02-27 16:35:59,3,33,20.7,61,4.6,992.4,0,0,8,1713.3,0
2020-02-27 16:38:59,3,33,20.7,61,4.5,992.4,0,0,0,1713.3,0
2020-02-27 16:41:59,3,33,20.7,62,4.4,992.4,0,0,0,1713.3,0
2020-02-27 16:44:59,3,33,20.7,62,4.3,992.4,0,0,0,1713.3,0
2020-02-27 16:47:59,3,33,20.7,62,4.3,992.4,0,0,0,1713.3,0
2020-02-27 16:50:59,3,33,20.7,63,4.1,992.5,0,0,0,1713.3,0
2020-02-27 16:53:59,3,33,20.7,63,4.1,992.4,0,0,0,1713.3,0
2020-02-27 16:56:59,3,33,20.7,63,4.0,992.4,0,0,0,1713.3,0
2020-02-27 16:59:59,3,33,20.7,64,3.9,992.4,0,0,0,1713.3,0
2020-02-27 17:02:59,3,33,20.8,64,3.9,992.4,0,0,0,1713.3,0
2020-02-27 17:05:59,3,33,20.8,64,3.9,992.4,0,0,0,1713.3,0
2020-02-27 17:08:59,3,33,20.8,66,3.7,992.4,0,0,2,1713.3,0
2020-02-27 17:11:59,3,33,20.8,66,3.6,992.5,0,0,0,1713.3,0
2020-02-27 17:14:59,3,33,20.8,66,3.5,992.5,0,0,0,1713.3,0
2020-02-27 17:17:59,3,33,20.8,66,3.5,992.5,0,0,0,1713.3,0
2020-02-27 17:20:59,3,33,20.8,67,3.4,992.6,0,0,0,1713.3,0
2020-02-27 17:23:59,3,33,20.8,67,3.3,992.5,0,0,0,1713.3,0
2020-02-27 17:26:59,3,33,20.8,67,3.2,992.5,0,0,0,1713.3,0
2020-02-27 17:29:59,3,33,20.9,67,3.2,992.7,0,0,0,1713.3,0
2020-02-27 17:32:59,3,33,20.9,67,3.1,992.7,0,0,0,1713.3,0
2020-02-27 17:35:59,3,33,20.9,67,3.1,992.7,0,0,0,1713.3,0
2020-02-27 17:38:59,3,33,20.9,68,3.0,992.7,0,0,0,1713.3,0
2020-02-27 17:41:59,3,33,20.9,68,3.0,992.8,0,0,0,1713.3,0
2020-02-27 17:44:59,3,33,20.9,69,2.9,992.7,0,0,0,1713.3,0
2020-02-27 17:47:59,3,33,20.9,69,2.9,992.8,0,0,0,1713.3,0
2020-02-27 17:50:59,3,33,20.9,70,2.9,992.7,0,0,0,1713.3,0
2020-02-27 17:53:59,3,33,20.9,70,2.8,992.8,0,0,0,1713.3,0
2020-02-27 17:56:59,3,33,20.9,70,2.8,992.8,0,0,0,1713.3,0
2020-02-27 17:59:59,3,33,20.9,70,2.8,992.9,0,0,0,1713.3,0
2020-02-27 18:02:59,3,33,20.9,70,2.8,993.0,0,0,0,1713.3,0
2020-02-27 18:05:59,3,33,20.9,71,2.8,993.0,0,0,0,1713.3,0
2020-02-27 18:08:59,3,33,20.9,71,2.8,992.9,0,0,0,1713.3,0
2020-02-27 18:11:59,3,33,20.9,71,2.8,992.9,0,0,0,1713.3,0
2020-02-27 18:14:59,3,33,20.9,71,2.8,992.8,0,0,0,1713.3,0
2020-02-27 18:17:59,3,33,20.9,72,2.8,992.9,0,0,0,1713.3,0
2020-02-27 18:20:59,3,33,20.9,72,2.8,992.9,0,0,0,1713.3,0
2020-02-27 18:23:59,3,33,20.9,72,2.8,993.0,0,0,0,1713.3,0
2020-02-27 18:26:59,3,33,20.9,72,2.8,992.9,0,0,0,1713.3,0
2020-02-27 18:29:59,3,33,20.9,72,2.8,992.9,0,0,0,1713.3,0
2020-02-27 18:32:59,3,33,20.9,72,2.8,993.0,0,0,0,1713.3,0
2020-02-27 18:35:59,3,33,20.9,72,2.8,993.0,0,0,0,1713.3,0
2020-02-27 18:38:59,3,33,20.9,72,2.8,993.0,0,0,0,1713.3,0
2020-02-27 18:41:59,3,33,20.9,72,2.8,992.9,0,0,0,1713.3,0
2020-02-27 18:44:59,3,33,20.9,72,2.8,993.0,0,0,0,1713.3,0
2020-02-27 18:47:59,3,33,20.9,72,2.8,993.0,0,0,0,1713.3,0
2020-02-27 18:50:59,3,33,20.9,72,2.8,993.0,0,0,0,1713.3,0
2020-02-27 18:53:59,3,33,20.9,72,2.8,993.0,0,0,0,1713.3,0
2020-02-27 18:56:59,3,33,20.9,72,2.8,993.1,0,0,0,1713.3,0
2020-02-27 18:59:59,3,33,20.9,73,2.8,993.1,0,0,0,1713.3,0
2020-02-27 19:02:59,3,33,20.9,73,2.8,993.1,0,0,0,1713.3,0
2020-02-27 19:05:59,3,33,20.9,73,2.8,993.3,0,0,0,1713.3,0
2020-02-27 19:08:59,3,33,20.9,73,2.8,993.2,0,0,0,1713.3,0
2020-02-27 19:11:59,3,33,20.9,73,2.9,993.2,0.3,0.7,0,1713.3,0
2020-02-27 19:14:59,3,33,20.9,72,2.9,993.2,0,0,0,1713.3,0
2020-02-27 19:17:59,3,33,20.9,72,2.9,993.2,0,0.3,0,1713.3,0
2020-02-27 19:20:59,3,33,20.9,72,2.9,993.3,0,0,14,1713.3,0
2020-02-27 19:23:59,3,33,20.9,72,2.9,993.4,0,0,14,1713.3,0
2020-02-27 19:26:59,3,33,20.9,72,2.9,993.4,0,0,0,1713.3,0
2020-02-27 19:29:59,3,33,20.9,72,2.9,993.4,0,0,0,1713.3,0
2020-02-27 19:32:59,3,33,20.9,72,2.9,993.4,0,0,0,1713.3,0
2020-02-27 19:35:59,3,33,20.9,72,2.9,993.4,0,0,0,1713.3,0
2020-02-27 19:38:59,3,33,20.9,72,3.0,993.5,0,0,0,1713.3,0
2020-02-27 19:41:59,3,33,20.9,72,3.0,993.6,0,0,0,1713.3,0
2020-02-27 19:44:59,3,33,20.9,72,2.9,993.6,0,0,0,1713.3,0
2020-02-27 19:47:59,3,33,20.9,72,2.9,993.7,0,0,0,1713.3,0
2020-02-27 19:50:59,3,33,20.9,72,2.9,993.7,0,0,0,1713.3,0
2020-02-27 19:53:59,3,33,20.9,72,2.9,993.7,0,0,0,1713.3,0
2020-02-27 19:56:59,3,33,20.9,72,2.9,993.8,0,0,0,1713.3,0
2020-02-27 19:59:59,3,33,20.9,72,2.9,993.9,0,0,0,1713.3,0
2020-02-27 20:02:59,3,33,20.9,72,2.9,993.9,0,0,0,1713.3,0
2020-02-27 20:05:59,3,33,20.9,72,2.9,993.9,0,0,0,1713.3,0
2020-02-27 20:08:59,3,33,20.9,72,2.8,994.1,0,0,0,1713.3,0
2020-02-27 20:11:59,3,33,20.9,72,2.8,993.9,0,0,0,1713.3,0
2020-02-27 20:14:59,3,33,20.9,72,2.8,994.0,0,0,0,1713.3,0
2020-02-27 20:17:59,3,33,20.9,72,2.8,994.1,0,0,0,1713.3,0
2020-02-27 20:20:59,3,33,20.9,73,2.8,994.2,0,0,0,1713.3,0
2020-02-27 20:23:59,3,33,20.9,73,2.8,994.2,0,0,10,1713.3,0
2020-02-27 20:26:59,3,33,20.9,73,2.8,994.2,0,0,10,1713.3,0
2020-02-27 20:29:59,3,33,20.9,73,2.8,994.3,0,0,10,1713.3,0
2020-02-27 20:32:59,3,33,20.9,73,2.8,994.3,0,0,10,1713.3,0
2020-02-27 20:35:59,3,33,20.9,74,2.9,994.3,0,0,10,1713.3,0
2020-02-27 20:38:59,3,33,20.9,74,2.9,994.3,0,0,10,1713.3,0
2020-02-27 20:41:59,3,33,20.9,74,2.9,994.4,0,0,10,1713.3,0
2020-02-27 20:44:59,3,33,20.9,74,2.9,994.5,0,0,10,1713.3,0
2020-02-27 20:47:59,3,33,20.9,73,2.8,994.5,0,0,14,1713.3,0
2020-02-27 20:50:59,3,33,20.9,73,2.8,994.6,0,0,14,1713.3,0
2020-02-27 20:53:59,3,33,20.9,73,2.8,994.7,0,0,14,1713.3,0
2020-02-27 20:56:59,3,33,20.9,73,2.8,994.8,0,0,0,1713.3,0
2020-02-27 20:59:59,3,33,20.9,74,2.8,994.7,0,0,0,1713.3,0
2020-02-27 21:02:59,3,33,20.9,74,2.8,994.8,0,0,0,1713.3,0
2020-02-27 21:05:59,3,33,20.9,74,2.8,994.9,0,0,0,1713.3,0
2020-02-27 21:08:59,3,33,20.9,74,2.7,994.9,0,0,4,1713.3,0
2020-02-27 21:11:59,3,33,20.9,74,2.7,994.9,0,0,2,1713.3,0
2020-02-27 21:14:59,3,33,20.9,75,2.6,994.9,0,0,2,1713.3,0
2020-02-27 21:17:59,3,33,20.9,75,2.6,995.0,0,0,8,1713.3,0
2020-02-27 21:20:59,3,33,20.9,75,2.6,995.0,0,0.3,8,1713.3,0
2020-02-27 21:23:59,3,33,20.9,75,2.5,995.1,0,0,8,1713.3,0
2020-02-27 21:26:59,3,33,20.9,75,2.5,995.0,0,0,8,1713.3,0
2020-02-27 21:29:59,3,33,20.9,75,2.5,995.2,0.3,0.7,0,1713.3,0
2020-02-27 21:32:59,3,33,20.9,75,2.4,995.1,0.7,1.0,0,1713.3,0
2020-02-27 21:35:59,3,32,20.9,76,2.4,995.1,0,0,14,1713.3,0
2020-02-27 21:38:59,3,32,20.9,76,2.3,995.2,0,0,14,1713.3,0
2020-02-27 21:41:59,3,32,20.9,76,2.3,995.2,0,0,14,1713.3,0
2020-02-27 21:44:59,3,32,20.9,76,2.3,995.3,0,0,14,1713.3,0
2020-02-27 21:47:59,3,32,20.9,76,2.2,995.4,0,0,0,1713.3,0
2020-02-27 21:50:59,3,32,20.9,76,2.2,995.4,0,0,0,1713.3,0
2020-02-27 21:53:59,3,32,20.8,76,2.1,995.4,0,0,0,1713.3,0
2020-02-27 21:56:59,3,32,20.8,76,2.1,995.3,0,0,0,1713.3,0
2020-02-27 21:59:59,3,32,20.8,76,2.0,995.3,0,0,0,1713.3,0
2020-02-27 22:02:59,3,32,20.7,76,2.0,995.4,0,0,0,1713.3,0
2020-02-27 22:05:59,3,32,20.7,76,2.0,995.6,0,0,0,1713.3,0
2020-02-27 22:08:59,3,32,20.7,76,1.9,995.6,0,0,0,1713.3,0
2020-02-27 22:11:59,3,32,20.7,77,1.9,995.6,0,0,14,1713.3,0
2020-02-27 22:14:59,3,32,20.7,77,1.9,995.6,0,0,14,1713.3,0
2020-02-27 22:17:59,3,32,20.7,77,1.8,995.6,0,0,14,1713.3,0
2020-02-27 22:20:59,3,32,20.7,77,1.8,995.8,0,0,14,1713.3,0
2020-02-27 22:23:59,3,32,20.7,77,1.8,995.7,0,0,14,1713.3,0
2020-02-27 22:26:59,3,32,20.6,77,1.8,995.8,0,0,14,1713.3,0
2020-02-27 22:29:59,3,32,20.6,78,1.8,995.9,0,0.7,0,1713.3,0
2020-02-27 22:32:59,3,32,20.6,78,1.8,996.0,0.7,1.0,0,1713.3,0
2020-02-27 22:35:59,3,32,20.6,78,1.9,996.1,0.3,0.7,0,1713.3,0
2020-02-27 22:38:59,3,32,20.6,78,1.9,996.1,0,0,14,1713.3,0
2020-02-27 22:41:59,3,32,20.6,78,1.9,996.0,0,0,0,1713.3,0
2020-02-27 22:44:59,3,32,20.5,78,1.9,996.1,0,0.7,0,1713.3,0
2020-02-27 22:47:59,3,32,20.5,78,1.9,996.1,0,0.3,0,1713.3,0
2020-02-27 22:50:59,3,32,20.5,78,1.9,996.1,0,0,0,1713.3,0
2020-02-27 22:53:59,3,32,20.5,78,1.9,996.2,0,0,0,1713.3,0
2020-02-27 22:56:59,3,32,20.5,78,1.9,996.3,0,0,14,1713.3,0
2020-02-27 22:59:59,3,32,20.5,77,1.9,996.3,0,0,14,1713.3,0
