2018-01-04 00:01:00,3,37,19.6,75,7.4,983.8,6.1,8.8,8,773.4,0
2018-01-04 00:04:00,3,37,19.6,75,7.4,983.8,5.4,7.5,10,773.4,0
2018-01-04 00:07:00,3,37,19.6,75,7.4,983.7,5.1,6.8,10,773.4,0
2018-01-04 00:10:00,3,37,19.6,75,7.3,984.0,4.1,5.1,10,773.4,0
2018-01-04 00:13:00,3,37,19.6,75,7.4,983.9,5.1,6.8,10,773.4,0
2018-01-04 00:16:00,3,37,19.5,75,7.4,983.9,2.4,3.4,10,773.4,0
2018-01-04 00:19:00,3,37,19.5,75,7.3,983.8,3.4,4.8,8,773.4,0
2018-01-04 00:22:00,3,37,19.5,75,7.3,983.9,4.8,6.1,10,773.4,0
2018-01-04 00:25:00,3,37,19.5,76,7.3,983.8,2.4,3.1,10,773.4,0
2018-01-04 00:28:00,3,37,19.5,76,7.2,983.8,2.4,3.4,11,773.4,0
2018-01-04 00:31:00,3,37,19.4,77,7.1,983.9,2.7,3.4,8,773.4,0
2018-01-04 00:34:00,3,37,19.3,78,7.0,984.1,3.4,5.1,10,773.4,0
2018-01-04 00:37:00,3,37,19.3,79,6.9,984.1,4.4,6.1,12,773.4,0
2018-01-04 00:40:00,3,37,19.3,80,6.9,984.1,5.4,8.5,10,773.4,0
2018-01-04 00:43:00,3,37,19.3,79,6.9,984.3,4.8,8.5,10,773.4,0
2018-01-04 00:46:00,3,37,19.3,79,7.0,984.3,2.7,3.7,10,773.4,0
2018-01-04 00:49:00,3,37,19.2,79,6.9,984.3,3.7,4.8,10,773.4,0
2018-01-04 00:52:00,3,37,19.2,79,6.9,984.3,2.7,4.1,10,773.4,0
2018-01-04 00:55:00,3,37,19.2,79,6.9,984.5,3.1,3.7,12,773.4,0
2018-01-04 00:58:00,3,37,19.2,79,6.9,984.5,5.1,6.8,10,773.4,0
2018-01-04 01:01:00,3,37,19.2,79,6.9,984.7,2.7,4.1,11,773.4,0
2018-01-04 01:04:00,3,37,19.2,79,6.9,984.7,2.7,4.1,11,773.4,0
2018-01-04 01:07:00,3,37,19.2,80,6.8,984.6,4.4,5.4,6,773.4,0
2018-01-04 01:10:00,3,37,19.2,79,6.9,984.6,3.1,4.4,10,773.4,0
2018-01-04 01:13:00,3,37,19.1,79,6.9,984.6,4.8,6.8,15,773.4,0
2018-01-04 01:16:00,3,37,19.1,78,7.0,984.5,2.4,3.4,8,773.4,0
2018-01-04 01:19:00,3,37,19.1,78,7.0,984.5,3.4,4.8,10,773.4,0
2018-01-04 01:22:00,3,37,19.1,77,7.0,984.5,3.1,4.8,10,773.4,0
2018-01-04 01:25:00,3,37,19.1,77,7.1,984.6,1.7,2.4,10,773.4,0
2018-01-04 01:28:00,3,37,19.1,77,7.1,984.6,2.7,3.4,6,773.4,0
2018-01-04 01:31:00,3,37,19.0,76,7.1,984.6,2.7,3.4,10,773.4,0
2018-01-04 01:34:00,3,37,19.0,75,7.2,984.6,4.1,5.8,8,773.4,0
2018-01-04 01:37:00,3,37,19.0,74,7.3,984.7,3.7,5.1,10,773.4,0
2018-01-04 01:40:00,3,37,19.0,74,7.4,984.5,4.1,5.8,8,773.4,0
2018-01-04 01:43:00,3,37,19.0,73,7.4,984.5,4.1,6.8,10,773.4,0
2018-01-04 01:46:00,3,37,19.0,73,7.4,984.7,3.1,4.8,8,773.4,0
2018-01-04 01:49:00,3,38,18.9,74,7.3,984.6,3.4,4.4,10,773.4,0
2018-01-04 01:52:00,3,38,18.9,74,7.3,984.7,4.1,5.1,10,773.4,0
2018-01-04 01:55:00,3,38,18.9,74,7.3,984.8,3.4,5.4,8,773.4,0
2018-01-04 01:58:00,3,38,18.9,73,7.3,984.8,4.1,5.8,10,773.4,0
2018-01-04 02:01:00,3,38,18.9,74,7.3,984.7,4.8,6.5,10,773.4,0
2018-01-04 02:04:00,3,38,18.8,74,7.2,984.8,5.4,8.5,12,773.7,0
2018-01-04 02:07:00,3,38,18.8,75,7.1,984.8,4.1,6.5,12,773.7,0
2018-01-04 02:10:00,3,38,18.8,76,7.1,984.8,6.1,10.2,10,773.7,0
2018-01-04 02:13:00,3,38,18.8,76,7.1,984.8,4.8,6.1,10,773.7,0
2018-01-04 02:16:00,3,38,18.8,76,7.1,984.9,3.7,4.8,12,773.7,0
2018-01-04 02:19:00,3,38,18.8,76,7.1,984.8,3.1,5.4,8,773.7,0
2018-01-04 02:22:00,3,38,18.8,76,7.1,984.8,6.1,9.5,10,773.7,0
2018-01-04 02:25:00,3,38,18.7,76,7.1,984.9,6.5,8.8,10,773.7,0
2018-01-04 02:28:00,3,38,18.6,76,7.0,985.1,2.0,3.1,8,773.7,0
2018-01-04 02:31:00,3,38,18.6,76,7.0,984.9,5.1,6.1,10,773.7,0
2018-01-04 02:34:00,3,38,18.6,77,6.9,985.1,5.4,8.5,10,773.7,0
2018-01-04 02:37:00,3,38,18.6,78,6.9,985.2,3.7,6.1,10,773.7,0
2018-01-04 02:40:00,3,38,18.6,78,6.8,985.3,2.4,3.1,12,773.7,0
2018-01-04 02:43:00,3,38,18.6,79,6.7,985.3,3.4,4.1,10,773.7,0
2018-01-04 02:46:00,3,38,18.6,80,6.6,985.3,2.0,6.1,14,774.0,0
2018-01-04 02:49:00,3,38,18.5,80,6.6,985.4,2.4,3.7,11,774.0,0
2018-01-04 02:52:00,3,38,18.5,80,6.6,985.4,3.4,4.4,12,774.0,0
2018-01-04 02:55:00,3,38,18.5,80,6.6,985.4,2.0,2.7,14,774.0,0
2018-01-04 02:58:00,3,38,18.5,80,6.7,985.4,2.4,3.1,12,774.0,0
2018-01-04 03:01:00,3,38,18.5,80,6.7,985.3,2.7,3.4,10,774.0,0
2018-01-04 03:04:00,3,38,18.5,80,6.7,985.4,2.7,3.4,10,774.0,0
2018-01-04 03:07:00,3,38,18.5,79,6.7,985.4,4.1,5.4,10,774.0,0
2018-01-04 03:10:00,3,38,18.4,79,6.7,985.4,2.0,3.4,8,774.0,0
2018-01-04 03:13:00,3,38,18.4,79,6.7,985.6,3.1,4.4,12,774.0,0
2018-01-04 03:16:00,3,38,18.4,79,6.7,985.5,4.1,5.4,12,774.0,0
2018-01-04 03:19:00,3,38,18.4,79,6.7,985.5,2.0,2.7,10,774.0,0
2018-01-04 03:22:00,3,38,18.4,80,6.7,985.5,2.4,3.1,10,774.0,0
2018-01-04 03:25:00,3,38,18.4,80,6.7,985.7,4.8,7.1,12,774.0,0
2018-01-04 03:28:00,3,38,18.4,80,6.7,985.5,5.1,7.1,10,774.0,0
2018-01-04 03:31:00,3,38,18.4,79,6.8,985.5,3.7,5.1,10,774.0,0
2018-01-04 03:34:00,3,38,18.3,79,6.7,985.5,2.7,3.7,12,774.0,0
2018-01-04 03:37:00,3,38,18.3,80,6.7,985.6,3.1,4.8,10,774.0,0
2018-01-04 03:40:00,3,38,18.3,80,6.7,985.5,2.0,3.1,14,774.0,0
2018-01-04 03:43:00,3,38,18.3,80,6.7,985.7,4.1,5.1,12,774.0,0
2018-01-04 03:46:00,3,38,18.3,80,6.7,985.7,3.1,4.8,12,774.3,0
2018-01-04 03:49:00,3,38,18.3,80,6.6,985.7,4.8,6.8,9,774.3,0
2018-01-04 03:52:00,3,38,18.3,80,6.6,985.6,2.7,4.1,10,774.3,0
2018-01-04 03:55:00,3,38,18.2,80,6.6,985.6,3.1,4.8,10,774.3,0
2018-01-04 03:58:00,3,38,18.2,80,6.6,985.7,5.1,6.1,10,774.3,0
2018-01-04 04:01:00,3,38,18.2,80,6.6,985.7,2.4,3.1,10,774.3,0
2018-01-04 04:04:00,3,38,18.2,80,6.7,985.8,3.4,4.8,9,774.3,0
2018-01-04 04:07:00,3,38,18.2,80,6.7,985.9,2.7,3.4,14,774.3,0
2018-01-04 04:10:00,3,38,18.2,79,6.8,986.1,3.4,4.4,14,774.3,0
2018-01-04 04:13:00,3,38,18.1,78,6.8,985.9,4.1,6.1,12,774.3,0
2018-01-04 04:16:00,3,38,18.1,78,6.9,985.9,2.4,3.1,10,774.3,0
2018-01-04 04:19:00,3,38,18.1,78,6.9,985.9,4.4,6.1,10,774.3,0
2018-01-04 04:22:00,3,38,18.1,78,6.8,986.0,3.7,4.8,10,774.3,0
2018-01-04 04:25:00,3,38,18.1,77,6.8,986.2,4.4,5.8,10,774.3,0
2018-01-04 04:28:00,3,38,18.1,78,6.8,986.2,4.8,6.5,12,774.3,0
2018-01-04 04:31:00,3,38,18.1,78,6.8,986.2,3.7,5.1,13,774.3,0
2018-01-04 04:34:00,3,38,18.1,78,6.8,986.2,3.4,5.1,10,774.3,0
2018-01-04 04:37:00,3,38,18.0,78,6.8,986.3,5.1,6.5,10,774.3,0
2018-01-04 04:40:00,3,38,18.0,77,6.9,986.3,2.0,3.4,10,774.3,0
2018-01-04 04:43:00,3,38,18.0,76,6.9,986.1,3.1,4.4,14,774.3,0
2018-01-04 04:46:00,3,38,18.0,76,7.0,986.2,2.7,3.4,14,774.3,0
2018-01-04 04:49:00,3,38,18.0,75,7.0,986.3,3.1,3.7,0,774.3,0
2018-01-04 04:52:00,3,38,18.0,75,7.0,986.3,2.7,3.1,8,774.3,0
2018-01-04 04:55:00,3,38,18.0,75,7.0,986.4,2.4,4.4,10,774.3,0
2018-01-04 04:58:00,3,38,18.0,75,7.0,986.4,2.7,3.7,10,774.3,0
2018-01-04 05:01:00,3,38,18.0,76,7.0,986.5,2.4,3.4,8,774.3,0
2018-01-04 05:04:00,3,38,18.0,76,7.0,986.5,2.4,3.4,8,774.3,0
2018-01-04 05:07:00,3,38,18.0,76,7.0,986.5,5.1,6.5,8,774.3,0
2018-01-04 05:10:00,3,38,18.0,76,7.0,986.7,2.4,4.4,10,774.3,0
2018-01-04 05:13:00,3,38,18.0,76,7.0,986.6,6.1,8.2,8,774.3,0
2018-01-04 05:16:00,3,38,18.1,76,7.0,986.7,3.7,4.8,10,774.3,0
2018-01-04 05:19:00,3,38,18.1,76,7.0,986.7,4.8,6.1,10,774.3,0
2018-01-04 05:22:00,3,38,18.1,76,7.0,986.8,4.1,5.1,10,774.3,0
2018-01-04 05:25:00,3,39,18.2,76,7.0,986.8,3.4,4.8,12,774.3,0
2018-01-04 05:28:00,3,39,18.2,76,7.0,986.8,2.4,3.4,10,774.3,0
2018-01-04 05:31:00,3,39,18.2,77,7.0,986.8,1.7,2.4,8,774.3,0
2018-01-04 05:34:00,3,39,18.3,77,6.9,986.9,2.0,2.4,10,774.3,0
2018-01-04 05:37:00,3,39,18.3,78,6.9,987.0,3.1,3.7,14,774.3,0
2018-01-04 05:40:00,3,39,18.4,78,6.9,986.9,3.4,5.1,8,774.3,0
2018-01-04 05:43:00,3,39,18.4,78,6.9,986.9,3.1,5.4,10,774.3,0
2018-01-04 05:46:00,3,39,18.4,78,6.8,987.0,3.7,5.8,8,774.3,0
2018-01-04 05:49:00,3,39,18.5,78,6.8,986.9,3.1,3.7,9,774.3,0
2018-01-04 05:52:00,3,39,18.5,79,6.7,987.1,2.7,4.8,10,774.3,0
2018-01-04 05:55:00,3,39,18.5,80,6.7,987.1,2.7,3.7,10,774.3,0
2018-01-04 05:58:00,3,39,18.6,80,6.6,987.1,3.4,6.1,10,774.3,0
2018-01-04 06:01:00,3,39,18.6,80,6.6,987.2,2.4,3.1,12,774.3,0
2018-01-04 06:04:00,3,39,18.8,81,6.6,987.3,1.7,2.4,10,774.3,0
2018-01-04 06:07:00,3,39,18.8,81,6.5,987.2,1.4,2.0,10,774.3,0
2018-01-04 06:10:00,3,39,18.8,81,6.5,987.2,3.1,3.7,8,774.3,0
2018-01-04 06:13:00,3,39,18.9,82,6.5,987.2,1.7,2.7,8,774.3,0
2018-01-04 06:16:00,3,39,18.9,82,6.5,987.2,1.4,2.0,10,774.3,0
2018-01-04 06:19:00,3,39,18.9,82,6.4,987.4,4.1,5.1,12,774.3,0
2018-01-04 06:22:00,3,38,19.0,82,6.5,987.4,1.7,2.7,10,774.3,0
2018-01-04 06:25:00,3,38,19.0,82,6.4,987.4,3.4,5.4,11,774.3,0
2018-01-04 06:28:00,3,38,19.0,83,6.4,987.5,2.4,3.4,10,774.3,0
2018-01-04 06:31:00,3,38,19.0,83,6.4,987.5,2.4,3.1,12,774.6,0
2018-01-04 06:34:00,3,38,19.1,83,6.3,987.6,4.1,4.8,12,774.6,0
2018-01-04 06:37:00,3,38,19.1,84,6.3,987.7,1.7,2.4,10,774.6,0
2018-01-04 06:40:00,3,38,19.1,84,6.3,987.7,1.7,2.4,10,774.6,0
2018-01-04 06:43:00,3,38,19.1,84,6.3,987.7,1.7,2.7,11,774.9,0
2018-01-04 06:46:00,3,38,19.2,84,6.2,987.7,2.0,3.1,8,774.9,0
2018-01-04 06:49:00,3,38,19.2,85,6.2,987.7,2.7,3.4,10,774.9,0
2018-01-04 06:52:00,3,38,19.2,85,6.2,987.8,2.7,3.7,10,774.9,0
2018-01-04 06:55:00,3,38,19.2,85,6.2,987.6,1.7,3.1,10,774.9,0
2018-01-04 06:58:00,3,38,19.2,85,6.2,987.8,2.0,2.4,10,775.2,0
2018-01-04 07:01:00,3,38,19.2,86,6.1,987.8,1.7,2.4,10,775.2,0
2018-01-04 07:04:00,3,38,19.3,86,6.1,987.9,1.7,2.4,10,775.2,0
2018-01-04 07:07:00,3,38,19.3,86,6.2,987.8,2.4,3.1,10,775.2,0
2018-01-04 07:10:00,3,38,19.3,86,6.2,987.9,2.7,3.4,10,775.2,0
2018-01-04 07:13:00,3,39,19.3,86,6.2,987.9,1.7,2.4,10,775.2,0
2018-01-04 07:16:00,3,39,19.3,86,6.2,988.0,1.4,1.7,10,775.2,0
2018-01-04 07:19:00,3,39,19.3,86,6.2,987.9,2.0,2.7,8,775.2,0
2018-01-04 07:22:00,3,39,19.3,86,6.2,987.8,2.4,3.1,10,775.2,0
2018-01-04 07:25:00,3,39,19.4,86,6.3,987.9,2.0,2.7,10,775.2,0
2018-01-04 07:28:00,3,39,19.4,86,6.3,987.9,2.4,3.1,10,775.2,0
2018-01-04 07:31:00,3,39,19.4,86,6.4,987.9,2.0,2.7,8,775.2,0
2018-01-04 07:34:00,3,39,19.5,85,6.4,987.9,2.4,3.1,10,775.2,0
2018-01-04 07:37:00,3,39,19.5,85,6.5,987.9,3.4,4.1,10,775.2,0
2018-01-04 07:40:00,3,39,19.5,84,6.5,988.0,2.4,3.1,8,775.2,0
2018-01-04 07:43:00,3,39,19.5,84,6.5,988.0,2.0,2.7,12,775.2,0
2018-01-04 07:46:00,3,39,19.6,84,6.5,988.1,1.7,2.0,9,775.2,0
2018-01-04 07:49:00,3,39,19.6,84,6.5,988.1,2.7,3.7,10,775.2,0
2018-01-04 07:52:00,3,39,19.7,84,6.6,988.2,1.4,2.4,10,775.2,0
2018-01-04 07:55:00,3,39,19.8,83,6.6,988.2,3.4,4.4,10,775.2,0
2018-01-04 07:58:00,3,38,20.1,83,6.6,988.3,3.1,3.7,8,775.2,0
2018-01-04 08:01:00,3,37,20.3,83,6.6,988.3,1.4,2.0,10,775.2,0
2018-01-04 08:04:00,3,37,20.4,83,6.6,988.5,2.0,2.7,12,775.2,0
2018-01-04 08:07:00,3,36,20.5,83,6.6,988.7,2.7,3.1,10,775.2,0
2018-01-04 08:10:00,3,36,20.6,83,6.6,988.5,2.7,3.7,10,775.2,0
2018-01-04 08:13:00,3,36,20.7,83,6.7,988.6,2.4,3.1,12,775.2,0
2018-01-04 08:16:00,3,36,20.7,83,6.7,988.6,2.0,2.4,10,775.2,0
2018-01-04 08:19:00,3,35,20.9,82,6.7,988.7,1.7,2.7,10,775.2,0
2018-01-04 08:22:00,3,36,20.9,82,6.7,988.7,2.4,4.8,8,775.2,0
2018-01-04 08:25:00,3,35,21.0,82,6.8,988.8,2.0,2.4,10,775.2,0
2018-01-04 08:28:00,3,35,21.1,82,6.8,989.0,3.4,4.4,10,775.2,0
2018-01-04 08:31:00,3,34,21.2,82,6.8,989.0,4.1,5.4,10,775.2,0
2018-01-04 08:34:00,3,34,21.3,82,6.9,989.0,3.1,4.1,10,775.2,0
2018-01-04 08:37:00,3,34,21.3,81,6.9,989.0,2.0,2.4,10,775.2,0
2018-01-04 08:40:00,3,34,21.5,81,6.9,989.1,3.4,4.4,8,775.2,0
2018-01-04 08:43:00,3,34,21.5,81,6.9,989.2,3.1,4.8,10,775.2,0
2018-01-04 08:46:00,3,33,21.5,81,6.9,989.1,1.4,1.7,10,775.5,0
2018-01-04 08:49:00,3,33,21.6,81,6.9,989.1,1.4,2.0,8,775.5,0
2018-01-04 08:52:00,3,33,21.7,82,6.9,989.2,3.4,4.4,10,775.5,0
2018-01-04 08:55:00,3,33,21.7,82,6.9,989.2,2.0,2.7,10,775.5,0
2018-01-04 08:58:00,3,33,21.8,82,6.9,989.2,3.7,5.1,10,775.5,0
2018-01-04 09:01:00,3,33,21.8,82,6.9,989.2,2.4,3.1,8,775.5,0
2018-01-04 09:04:00,3,33,21.9,82,6.9,989.3,2.4,3.1,8,775.5,0
2018-01-04 09:07:00,3,33,21.9,81,7.0,989.4,4.1,5.1,8,775.5,0
2018-01-04 09:10:00,3,32,22.0,81,7.0,989.3,3.4,4.1,8,775.5,0
2018-01-04 09:13:00,3,32,22.0,81,7.1,989.3,2.7,3.7,10,775.5,0
2018-01-04 09:16:00,3,32,22.1,81,7.2,989.4,1.4,2.7,10,775.5,0
2018-01-04 09:19:00,3,32,22.1,81,7.2,989.5,4.1,6.1,8,775.5,0
2018-01-04 09:22:00,3,32,22.2,81,7.2,989.4,4.4,5.4,10,775.5,0
2018-01-04 09:25:00,3,31,22.1,80,7.2,989.4,3.7,5.4,10,775.5,0
2018-01-04 09:28:00,3,31,22.2,80,7.2,989.4,3.4,4.4,12,775.5,0
2018-01-04 09:31:00,3,31,22.2,80,7.2,989.5,2.4,3.1,10,775.5,0
2018-01-04 09:34:00,3,32,22.2,80,7.2,989.6,1.7,2.7,9,775.5,0
2018-01-04 09:37:00,3,32,22.2,80,7.2,989.4,2.4,4.1,10,775.5,0
2018-01-04 09:40:00,3,32,22.2,80,7.2,989.6,3.7,5.4,10,775.5,0
2018-01-04 09:43:00,3,32,22.2,80,7.2,989.7,2.4,3.4,11,775.5,0
2018-01-04 09:46:00,3,32,22.2,80,7.2,989.6,4.1,5.8,8,775.5,0
2018-01-04 09:49:00,3,31,22.3,80,7.2,989.6,2.7,3.4,10,775.5,0
2018-01-04 09:52:00,3,31,22.2,80,7.3,989.5,3.1,4.1,10,775.5,0
2018-01-04 09:55:00,3,32,22.2,80,7.3,989.6,4.1,6.1,12,775.5,0
2018-01-04 09:58:00,3,32,22.1,80,7.4,989.6,3.4,4.8,10,775.5,0
2018-01-04 10:01:00,3,33,21.9,80,7.4,989.5,3.7,5.8,8,775.5,0
2018-01-04 10:04:00,3,33,21.8,80,7.4,989.6,3.1,3.7,10,775.5,0
2018-01-04 10:07:00,3,33,21.8,79,7.4,989.6,2.4,2.7,10,775.5,0
2018-01-04 10:10:00,3,33,21.7,79,7.4,989.6,2.4,2.7,15,775.5,0
2018-01-04 10:13:00,3,33,21.7,78,7.4,989.5,4.8,5.8,8,775.5,0
2018-01-04 10:16:00,3,33,21.6,72,7.5,989.5,2.0,2.7,8,775.5,0
2018-01-04 10:19:00,3,33,21.5,72,7.5,989.5,1.7,2.4,10,775.5,0
2018-01-04 10:22:00,3,33,21.5,72,7.5,989.4,3.7,5.1,12,775.5,0
2018-01-04 10:25:00,3,33,21.4,72,7.5,989.5,3.1,3.7,12,775.5,0
2018-01-04 10:28:00,3,33,21.3,72,7.5,989.5,3.1,3.7,10,775.5,0
2018-01-04 10:31:00,3,33,21.3,72,7.5,989.6,2.4,3.4,8,775.5,0
2018-01-04 10:34:00,3,34,21.3,72,7.5,989.6,2.4,3.4,12,775.5,0
2018-01-04 10:37:00,3,34,21.2,72,7.5,989.6,2.0,3.1,8,775.5,0
2018-01-04 10:40:00,3,34,21.2,72,7.6,989.5,2.7,3.7,10,775.5,0
2018-01-04 10:43:00,3,34,21.1,72,7.7,989.5,1.7,2.0,8,775.5,0
2018-01-04 10:46:00,3,34,21.1,71,7.8,989.6,2.4,3.1,9,775.5,0
2018-01-04 10:49:00,3,34,21.0,71,7.8,989.5,2.0,3.1,8,775.5,0
2018-01-04 10:52:00,3,34,21.0,71,7.8,989.5,2.4,2.7,10,775.5,0
2018-01-04 10:55:00,3,35,20.9,71,7.8,989.4,2.7,3.7,12,775.5,0
2018-01-04 10:58:00,3,35,20.9,70,7.8,989.4,3.7,4.8,10,775.5,0
2018-01-04 11:01:00,3,35,20.8,70,7.8,989.4,3.1,3.7,10,775.5,0
2018-01-04 11:04:00,3,35,20.7,70,7.8,989.4,3.1,3.7,10,775.5,0
2018-01-04 11:07:00,3,35,20.7,70,7.9,989.5,3.7,4.8,10,775.5,0
2018-01-04 11:10:00,3,35,20.6,70,7.9,989.4,2.7,3.4,12,775.5,0
2018-01-04 11:13:00,3,35,20.6,70,7.9,989.3,2.4,3.4,14,775.5,0
2018-01-04 11:16:00,3,36,20.6,70,7.9,989.3,2.7,3.7,8,775.5,0
2018-01-04 11:19:00,3,36,20.5,70,7.9,989.4,4.4,5.1,8,775.5,0
2018-01-04 11:22:00,3,36,20.5,70,7.9,989.3,2.7,3.7,8,775.5,0
2018-01-04 11:25:00,3,36,20.4,70,7.9,989.3,2.0,3.1,8,775.5,0
2018-01-04 11:28:00,3,36,20.4,70,7.9,989.3,3.1,3.4,12,775.5,0
2018-01-04 11:31:00,3,36,20.4,70,7.9,989.2,3.4,4.4,10,775.5,0
2018-01-04 11:34:00,3,36,20.3,70,7.9,989.2,3.4,6.1,10,775.5,0
2018-01-04 11:37:00,3,36,20.3,70,8.1,989.2,3.1,4.4,10,775.5,0
2018-01-04 11:40:00,3,36,20.3,70,8.2,989.2,4.1,5.1,10,775.5,0
2018-01-04 11:43:00,3,37,20.2,69,8.2,989.3,3.4,6.1,10,775.5,0
2018-01-04 11:46:00,3,37,20.2,69,8.2,989.3,3.1,4.1,10,775.5,0
2018-01-04 11:49:00,3,37,20.1,69,8.2,989.3,2.0,3.1,10,775.5,0
2018-01-04 11:52:00,3,37,20.1,69,8.3,989.3,3.1,3.7,10,775.5,0
2018-01-04 11:55:00,3,37,20.1,69,8.3,989.3,2.4,3.1,10,775.5,0
2018-01-04 11:58:00,3,37,20.1,69,8.2,989.3,1.7,3.4,10,775.5,0
2018-01-04 12:01:00,3,37,20.0,69,8.2,989.3,1.4,2.0,10,775.5,0
2018-01-04 12:04:00,3,37,20.0,69,8.2,989.3,2.0,2.7,8,775.5,0
2018-01-04 12:07:00,3,37,20.0,69,8.2,989.1,3.1,4.1,10,775.5,0
2018-01-04 12:10:00,3,37,20.0,68,8.2,989.3,4.1,4.8,8,775.5,0
2018-01-04 12:13:00,3,37,20.0,68,8.3,989.3,2.7,4.4,10,775.5,0
2018-01-04 12:16:00,3,39,19.9,68,8.3,989.2,4.1,5.1,10,775.5,0
2018-01-04 12:19:00,3,39,19.8,68,8.3,989.2,2.0,2.7,10,775.5,0
2018-01-04 12:22:00,3,39,19.8,68,8.3,989.1,2.4,3.4,14,775.5,0
2018-01-04 12:25:00,3,39,19.8,68,8.3,989.2,2.0,2.4,8,775.5,0
2018-01-04 12:28:00,3,39,19.8,68,8.3,989.2,2.4,3.4,11,775.5,0
2018-01-04 12:31:00,3,39,19.8,68,8.3,989.1,3.7,5.1,10,775.5,0
2018-01-04 12:34:00,3,39,19.8,68,8.3,989.1,3.4,4.8,6,775.5,0
2018-01-04 12:37:00,3,39,19.8,68,8.3,989.0,3.1,4.8,10,775.5,0
2018-01-04 12:40:00,3,40,19.8,68,8.3,989.1,1.7,2.7,12,775.5,0
2018-01-04 12:43:00,3,40,19.8,67,8.3,989.1,2.7,3.7,8,775.5,0
2018-01-04 12:46:00,3,40,19.8,68,8.2,989.1,1.7,2.4,10,775.5,0
2018-01-04 12:49:00,3,40,19.8,68,8.2,989.1,1.4,2.0,10,775.5,0
2018-01-04 12:52:00,3,40,19.9,68,8.2,989.1,3.1,3.4,10,775.5,0
2018-01-04 12:55:00,3,41,19.9,68,8.2,989.0,2.4,3.1,8,775.5,0
2018-01-04 12:58:00,3,40,20.0,68,8.1,989.0,2.0,2.7,9,775.5,0
2018-01-04 13:01:00,3,40,20.0,69,8.1,989.1,1.7,2.0,8,775.5,0
2018-01-04 13:04:00,3,40,20.0,69,8.1,989.1,1.7,2.0,8,775.5,0
2018-01-04 13:07:00,3,40,20.0,69,8.0,989.0,2.7,3.7,12,775.5,0
2018-01-04 13:10:00,3,40,20.1,69,8.0,989.0,2.0,2.7,14,775.5,0
2018-01-04 13:13:00,3,40,20.1,70,7.9,989.0,1.0,1.7,10,775.5,0
2018-01-04 13:16:00,3,40,20.1,70,7.9,989.0,1.7,2.4,6,775.5,0
2018-01-04 13:19:00,3,40,20.1,70,7.8,989.0,1.7,2.4,10,775.5,0
2018-01-04 13:22:00,3,40,20.1,70,7.8,989.0,2.0,2.7,10,775.5,0
2018-01-04 13:25:00,3,40,20.1,70,7.8,989.0,1.7,2.4,10,775.5,0
2018-01-04 13:28:00,3,40,20.2,70,7.8,989.1,1.4,1.7,10,775.5,0
2018-01-04 13:31:00,3,40,20.2,70,7.8,988.9,2.4,4.8,10,775.5,0
2018-01-04 13:34:00,3,41,20.2,69,7.8,989.0,1.7,2.0,10,775.5,0
2018-01-04 13:37:00,3,41,20.3,69,7.8,989.0,2.7,4.4,10,775.5,0
2018-01-04 13:40:00,3,42,20.3,69,7.9,989.0,1.4,2.0,10,775.5,0
2018-01-04 13:43:00,3,41,20.4,69,7.8,989.0,2.4,3.1,10,775.5,0
2018-01-04 13:46:00,3,41,20.6,69,7.8,989.0,1.0,1.4,10,775.5,0
2018-01-04 13:49:00,3,40,20.7,69,7.8,989.1,1.7,2.4,13,775.5,0
2018-01-04 13:52:00,3,39,21.0,69,7.9,989.1,1.4,2.0,12,775.5,0
2018-01-04 13:55:00,3,39,21.0,69,7.9,989.1,2.0,3.1,9,775.5,0
2018-01-04 13:58:00,3,38,21.2,69,7.9,989.2,1.4,1.7,10,775.5,0
2018-01-04 14:01:00,3,38,21.3,69,7.9,989.2,2.4,3.4,9,775.5,0
2018-01-04 14:04:00,3,37,21.4,69,7.9,989.2,1.0,2.0,8,775.5,0
2018-01-04 14:07:00,3,37,21.4,69,7.9,989.2,1.0,1.7,10,775.5,0
2018-01-04 14:10:00,3,36,21.3,69,7.9,989.1,1.0,1.7,10,775.5,0
2018-01-04 14:13:00,3,36,21.3,69,7.9,989.0,1.7,2.0,10,775.5,0
2018-01-04 14:16:00,3,36,21.3,69,7.9,989.0,0.7,1.4,10,775.5,0
2018-01-04 14:19:00,3,37,21.2,69,7.8,989.1,2.0,2.4,6,775.5,0
2018-01-04 14:22:00,3,37,21.2,69,7.8,989.0,1.4,2.0,8,775.5,0
2018-01-04 14:25:00,3,37,21.2,70,7.8,989.0,1.4,1.7,10,775.5,0
2018-01-04 14:28:00,3,37,21.1,70,7.7,989.0,1.4,1.7,10,775.5,0
2018-01-04 14:31:00,3,37,21.1,70,7.7,989.1,1.0,1.4,8,775.5,0
2018-01-04 14:34:00,3,37,21.1,70,7.6,989.1,1.0,1.7,10,775.5,0
2018-01-04 14:37:00,3,37,21.1,70,7.6,989.0,1.7,2.4,10,775.5,0
2018-01-04 14:40:00,3,37,21.1,70,7.6,989.0,1.0,1.7,9,775.5,0
2018-01-04 14:43:00,3,37,21.1,70,7.6,989.0,1.4,2.0,10,775.5,0
2018-01-04 14:46:00,3,37,21.1,70,7.6,989.1,2.4,3.1,12,775.5,0
2018-01-04 14:49:00,3,37,21.0,70,7.6,989.2,1.0,1.7,9,775.5,0
2018-01-04 14:52:00,3,37,21.0,70,7.5,989.1,1.4,2.4,12,775.5,0
2018-01-04 14:55:00,3,38,21.0,70,7.5,989.0,1.4,2.0,12,775.5,0
2018-01-04 14:58:00,3,38,21.0,70,7.5,989.0,1.7,2.4,10,775.5,0
2018-01-04 15:01:00,3,39,20.9,70,7.5,989.1,3.4,4.1,10,775.5,0
2018-01-04 15:04:00,3,39,20.9,70,7.5,989.1,3.4,4.1,10,775.5,0
2018-01-04 15:07:00,3,39,20.9,75,7.4,989.0,1.7,2.7,6,775.5,0
2018-01-04 15:10:00,3,39,20.9,76,7.4,989.1,1.7,2.4,11,775.5,0
2018-01-04 15:13:00,3,39,20.8,76,7.3,989.1,2.4,3.4,8,775.5,0
2018-01-04 15:16:00,3,39,20.8,76,7.2,989.0,2.0,3.4,8,775.5,0
2018-01-04 15:19:00,3,39,20.7,77,7.2,989.0,1.0,1.4,10,775.5,0
2018-01-04 15:22:00,3,39,20.7,77,7.1,989.0,2.0,2.4,0,775.5,0
2018-01-04 15:25:00,3,39,20.7,78,7.0,989.0,1.4,1.7,10,775.5,0
2018-01-04 15:28:00,3,39,20.7,80,6.9,989.1,0.7,1.0,10,775.5,0
2018-01-04 15:31:00,3,39,20.7,80,6.8,989.1,0.7,1.0,10,775.5,0
2018-01-04 15:34:00,3,40,20.7,81,6.7,989.0,0.7,1.4,10,775.5,0
2018-01-04 15:37:00,3,41,20.7,81,6.6,988.9,1.0,1.4,10,775.5,0
2018-01-04 15:40:00,3,41,20.7,82,6.5,989.0,0.7,1.0,10,775.8,0
2018-01-04 15:43:00,3,41,20.9,82,6.5,989.0,0.7,0.7,10,775.8,0
2018-01-04 15:46:00,3,39,21.1,82,6.4,989.1,0.7,1.0,12,775.8,0
2018-01-04 15:49:00,3,39,21.2,83,6.4,989.1,1.0,1.4,8,775.8,0
2018-01-04 15:52:00,3,39,21.3,83,6.4,989.0,0.7,1.0,10,775.8,0
2018-01-04 15:55:00,3,39,21.5,83,6.3,989.0,0.7,1.0,10,775.8,0
2018-01-04 15:58:00,3,38,21.6,83,6.3,989.0,1.4,1.7,6,775.8,0
2018-01-04 16:01:00,3,37,21.7,83,6.3,988.9,0,0,10,775.8,0
2018-01-04 16:04:00,3,37,21.7,83,6.3,988.9,0.3,0.7,8,775.8,0
2018-01-04 16:07:00,3,37,21.8,84,6.3,988.8,0.3,1.0,4,775.8,0
2018-01-04 16:10:00,3,36,21.7,84,6.3,988.8,1.0,1.4,8,775.8,0
2018-01-04 16:13:00,3,36,21.7,84,6.2,988.8,0.3,0.7,8,775.8,0
2018-01-04 16:16:00,3,36,21.6,84,6.2,988.7,0.7,1.4,10,775.8,0
2018-01-04 16:19:00,3,37,21.6,84,6.2,988.7,1.0,1.4,8,775.8,0
2018-01-04 16:22:00,3,37,21.5,84,6.1,988.7,0.3,0.7,8,775.8,0
2018-01-04 16:25:00,3,37,21.5,84,6.1,988.7,0,0.3,8,775.8,0
2018-01-04 16:28:00,3,37,21.5,84,6.1,988.7,0,0.3,14,775.8,0
2018-01-04 16:31:00,3,37,21.4,84,6.1,988.6,0,0.3,14,775.8,0
2018-01-04 16:34:00,3,37,21.4,84,6.0,988.4,0,0,10,775.8,0
2018-01-04 16:37:00,3,37,21.3,84,6.0,988.5,0,0.3,4,775.8,0
2018-01-04 16:40:00,3,37,21.3,84,5.9,988.5,0,0.3,0,775.8,0
2018-01-04 16:43:00,3,37,21.3,84,5.9,988.4,0,0.7,8,775.8,0
2018-01-04 16:46:00,3,37,21.3,84,5.9,988.4,0,0.3,2,775.8,0
2018-01-04 16:49:00,3,37,21.3,84,5.9,988.3,0,0.3,8,775.8,0
2018-01-04 16:52:00,3,37,21.3,84,5.9,988.3,0.7,1.0,6,775.8,0
2018-01-04 16:55:00,3,37,21.2,85,5.9,988.3,0.3,0.7,8,775.8,0
2018-01-04 16:58:00,3,37,21.2,85,5.9,988.2,0.7,1.0,8,775.8,0
2018-01-04 17:01:00,3,37,21.2,85,5.9,988.2,0,0,12,775.8,0
2018-01-04 17:04:00,3,37,21.2,85,5.9,988.1,0,0,12,775.8,0
2018-01-04 17:07:00,3,37,21.1,85,5.9,988.1,0,0,12,775.8,0
2018-01-04 17:10:00,3,37,21.1,85,5.9,988.2,0,0.3,0,775.8,0
2018-01-04 17:13:00,3,37,21.1,85,5.9,988.1,0.3,0.7,4,775.8,0
2018-01-04 17:16:00,3,38,21.1,85,5.9,988.1,0.7,1.0,8,775.8,0
2018-01-04 17:19:00,3,38,21.0,85,5.9,987.9,0.3,0.7,8,775.8,0
2018-01-04 17:22:00,3,38,21.0,85,5.9,988.0,1.0,1.7,8,775.8,0
2018-01-04 17:25:00,3,38,21.0,84,5.9,988.0,1.4,1.7,10,775.8,0
2018-01-04 17:28:00,3,38,21.0,84,5.9,987.9,1.0,1.4,10,775.8,0
2018-01-04 17:31:00,3,38,21.0,84,5.9,987.9,0.3,1.0,14,775.8,0
2018-01-04 17:34:00,3,39,20.9,84,5.9,987.9,1.0,1.7,8,775.8,0
2018-01-04 17:37:00,3,39,20.9,84,5.9,987.8,0.3,0.7,6,775.8,0
2018-01-04 17:40:00,3,39,20.9,84,5.9,987.8,0,0.3,14,775.8,0
2018-01-04 17:43:00,3,39,20.9,84,5.9,987.8,0,0.7,4,775.8,0
2018-01-04 17:46:00,3,39,20.9,83,5.9,987.7,0.3,0.3,5,775.8,0
2018-01-04 17:49:00,3,39,20.9,83,5.8,987.6,0,0.7,8,775.8,0
2018-01-04 17:52:00,3,39,20.9,83,5.8,987.6,0.3,0.7,0,775.8,0
2018-01-04 17:55:00,3,39,20.9,83,5.8,987.6,0,0.3,2,775.8,0
2018-01-04 17:58:00,3,39,20.9,83,5.8,987.6,0,0.3,8,775.8,0
2018-01-04 18:01:00,3,40,20.9,83,5.8,987.7,0.7,1.4,10,775.8,0
2018-01-04 18:04:00,3,40,20.9,83,5.8,987.5,1.0,1.4,6,775.8,0
2018-01-04 18:07:00,3,40,20.9,83,5.8,987.6,0.7,1.0,8,775.8,0
2018-01-04 18:10:00,3,40,20.9,83,5.9,987.7,0.7,1.4,1,775.8,0
2018-01-04 18:13:00,3,40,20.9,82,5.9,987.6,0.7,1.0,8,775.8,0
2018-01-04 18:16:00,3,40,20.9,82,6.0,987.6,1.0,1.7,10,775.8,0
2018-01-04 18:19:00,3,40,20.9,82,6.0,987.6,0.3,0.7,8,775.8,0
2018-01-04 18:22:00,3,40,20.8,82,6.0,987.6,0.3,0.7,2,775.8,0
2018-01-04 18:25:00,3,40,20.8,82,6.0,987.5,1.0,1.7,8,775.8,0
2018-01-04 18:28:00,3,40,20.8,81,6.1,987.4,1.4,1.7,2,775.8,0
2018-01-04 18:31:00,3,40,20.8,81,6.1,987.3,0.7,1.0,2,775.8,0
2018-01-04 18:34:00,3,40,20.8,81,6.1,987.3,1.0,1.4,8,775.8,0
2018-01-04 18:37:00,3,40,20.8,81,6.1,987.3,0.3,0.3,1,775.8,0
2018-01-04 18:40:00,3,40,20.8,81,6.1,987.3,0.7,1.0,4,775.8,0
2018-01-04 18:43:00,3,40,20.8,81,6.1,987.3,0.3,0.7,8,775.8,0
2018-01-04 18:46:00,3,40,20.7,81,6.1,987.3,1.0,1.4,8,775.8,0
2018-01-04 18:49:00,3,40,20.7,81,6.1,987.1,1.4,2.4,1,775.8,0
2018-01-04 18:52:00,3,40,20.7,81,6.1,987.0,0.7,1.0,10,775.8,0
2018-01-04 18:55:00,3,40,20.7,81,6.2,987.0,0.3,0.7,8,775.8,0
2018-01-04 18:58:00,3,40,20.7,81,6.1,987.0,0.7,1.0,8,775.8,0
2018-01-04 19:01:00,3,40,20.7,81,6.1,987.0,1.7,2.4,10,775.8,0
2018-01-04 19:04:00,3,40,20.7,81,6.1,986.9,1.7,2.4,10,775.8,0
2018-01-04 19:07:00,3,40,20.7,80,6.2,986.9,1.4,2.0,8,775.8,0
2018-01-04 19:10:00,3,40,20.7,80,6.2,986.9,1.4,2.0,8,775.8,0
2018-01-04 19:13:00,3,40,20.7,80,6.2,986.9,1.4,1.7,8,775.8,0
2018-01-04 19:16:00,3,40,20.7,80,6.2,986.9,1.7,2.0,8,775.8,0
2018-01-04 19:19:00,3,40,20.7,80,6.2,986.8,1.4,2.0,6,775.8,0
2018-01-04 19:22:00,3,40,20.7,80,6.3,986.8,1.4,1.7,8,775.8,0
2018-01-04 19:25:00,3,40,20.7,80,6.3,986.7,0.3,0.7,14,775.8,0
2018-01-04 19:28:00,3,40,20.7,80,6.3,986.7,0.3,0.7,9,775.8,0
2018-01-04 19:31:00,3,40,20.7,80,6.3,986.6,0.7,1.4,8,775.8,0
2018-01-04 19:34:00,3,40,20.7,80,6.3,986.6,1.0,1.4,8,775.8,0
2018-01-04 19:37:00,3,40,20.7,80,6.3,986.5,1.7,2.4,9,775.8,0
2018-01-04 19:40:00,3,40,20.7,80,6.4,986.5,1.0,1.4,6,775.8,0
2018-01-04 19:43:00,3,40,20.7,80,6.4,986.4,0.7,1.0,14,775.8,0
2018-01-04 19:46:00,3,40,20.7,80,6.3,986.4,1.0,1.4,8,775.8,0
2018-01-04 19:49:00,3,40,20.7,80,6.3,986.4,0.3,1.0,8,775.8,0
2018-01-04 19:52:00,3,40,20.7,80,6.3,986.3,1.4,1.7,10,775.8,0
2018-01-04 19:55:00,3,40,20.7,80,6.4,986.3,1.4,2.0,2,775.8,0
2018-01-04 19:58:00,3,40,20.7,80,6.4,986.1,2.0,3.1,6,775.8,0
2018-01-04 20:01:00,3,40,20.7,80,6.4,986.1,1.4,2.0,8,775.8,0
2018-01-04 20:04:00,3,40,20.7,80,6.4,986.1,2.7,3.4,8,775.8,0
2018-01-04 20:07:00,3,40,20.7,79,6.5,986.0,1.0,1.7,8,775.8,0
2018-01-04 20:10:00,3,40,20.7,79,6.5,986.0,1.0,1.4,12,775.8,0
2018-01-04 20:13:00,3,40,20.7,79,6.5,986.0,2.7,3.1,2,775.8,0
2018-01-04 20:16:00,3,40,20.7,79,6.5,986.0,1.4,2.0,12,775.8,0
2018-01-04 20:19:00,3,40,20.7,79,6.5,985.9,2.4,3.1,11,775.8,0
2018-01-04 20:22:00,3,40,20.7,80,6.5,985.9,1.0,1.7,10,775.8,0
2018-01-04 20:25:00,3,40,20.7,80,6.5,985.8,1.7,2.7,10,775.8,0
2018-01-04 20:28:00,3,40,20.7,80,6.4,985.7,1.7,2.4,8,775.8,0
2018-01-04 20:31:00,3,40,20.7,80,6.4,985.6,1.4,1.7,4,775.8,0
2018-01-04 20:34:00,3,40,20.7,80,6.3,985.6,1.0,1.4,8,775.8,0
2018-01-04 20:37:00,3,40,20.7,81,6.3,985.5,2.4,2.7,8,775.8,0
2018-01-04 20:40:00,3,40,20.7,81,6.3,985.5,0.7,1.4,8,775.8,0
2018-01-04 20:43:00,3,40,20.7,81,6.3,985.4,2.4,3.4,8,775.8,0
2018-01-04 20:46:00,3,40,20.7,81,6.2,985.5,2.4,4.1,6,775.8,0
2018-01-04 20:49:00,3,40,20.7,82,6.2,985.3,0.3,0.7,8,775.8,0
2018-01-04 20:52:00,3,40,20.7,82,6.2,985.2,1.0,1.7,10,775.8,0
2018-01-04 20:55:00,3,40,20.7,82,6.1,985.2,0.7,1.4,5,775.8,0
2018-01-04 20:58:00,3,40,20.7,82,6.1,985.1,2.4,3.4,8,775.8,0
2018-01-04 21:01:00,3,40,20.7,83,6.1,985.1,2.0,3.1,6,775.8,0
2018-01-04 21:04:00,3,40,20.7,83,6.1,985.0,2.0,3.1,6,775.8,0
2018-01-04 21:07:00,3,40,20.7,83,6.1,985.0,1.0,1.4,6,776.1,0
2018-01-04 21:10:00,3,40,20.7,83,6.1,985.0,1.0,1.4,8,776.1,0
2018-01-04 21:13:00,3,40,20.7,83,6.1,984.8,2.0,2.7,8,776.1,0
2018-01-04 21:16:00,3,40,20.7,84,6.1,984.8,1.7,2.0,4,776.1,0
2018-01-04 21:19:00,3,40,20.7,84,6.1,984.6,2.4,3.4,8,776.1,0
2018-01-04 21:22:00,3,40,20.7,84,6.1,984.6,1.0,1.4,2,776.1,0
2018-01-04 21:25:00,3,40,20.7,84,6.0,984.6,1.4,2.4,8,776.1,0
2018-01-04 21:28:00,3,40,20.7,84,6.0,984.6,1.0,1.4,8,776.1,0
2018-01-04 21:31:00,3,40,20.6,85,6.0,984.4,1.0,1.7,12,776.1,0
2018-01-04 21:34:00,3,40,20.6,85,6.0,984.4,1.0,1.7,8,776.1,0
2018-01-04 21:37:00,3,40,20.6,85,6.0,984.4,1.4,2.4,8,776.1,0
2018-01-04 21:40:00,3,40,20.6,85,6.0,984.4,0.7,1.0,10,776.1,0
2018-01-04 21:43:00,3,40,20.6,85,6.0,984.3,0.7,1.0,8,776.1,0
2018-01-04 21:46:00,3,40,20.6,86,6.0,984.4,0.7,1.4,8,776.1,0
2018-01-04 21:49:00,3,40,20.6,86,6.0,984.5,1.7,2.4,14,776.1,0
2018-01-04 21:52:00,3,40,20.6,86,6.0,984.5,0.7,1.4,8,776.1,0
2018-01-04 21:55:00,3,40,20.6,86,6.1,984.3,1.0,1.4,14,776.1,0
2018-01-04 21:58:00,3,40,20.6,86,6.1,984.3,1.4,2.0,8,776.1,0
2018-01-04 22:01:00,3,40,20.6,86,6.1,984.4,0.3,0.7,14,776.1,0
2018-01-04 22:04:00,3,40,20.6,86,6.1,984.2,2.4,3.4,7,776.1,0
2018-01-04 22:07:00,3,40,20.6,87,6.2,984.2,1.4,2.0,8,776.1,0
2018-01-04 22:10:00,3,40,20.6,87,6.2,984.2,0.7,1.4,8,776.1,0
2018-01-04 22:13:00,3,40,20.6,87,6.2,984.1,1.4,2.0,7,776.1,0
2018-01-04 22:16:00,3,40,20.6,87,6.3,984.2,3.1,4.8,6,776.1,0
2018-01-04 22:19:00,3,40,20.5,87,6.3,984.2,1.0,1.7,8,776.1,0
2018-01-04 22:22:00,3,40,20.5,87,6.3,984.1,2.4,3.1,8,776.1,0
2018-01-04 22:25:00,3,39,20.5,87,6.4,984.1,1.7,2.4,12,776.1,0
2018-01-04 22:28:00,3,40,20.5,87,6.4,984.2,2.0,3.1,10,776.1,0
2018-01-04 22:31:00,3,40,20.5,87,6.5,984.2,2.0,3.1,10,776.1,0
2018-01-04 22:34:00,3,40,20.5,86,6.5,984.1,2.0,2.7,10,776.1,0
2018-01-04 22:37:00,3,40,20.5,86,6.5,984.1,1.7,2.4,11,776.1,0
2018-01-04 22:40:00,3,40,20.5,86,6.5,984.2,1.0,1.7,10,776.1,0
2018-01-04 22:43:00,3,40,20.5,86,6.5,984.1,0.7,1.4,13,776.1,0
2018-01-04 22:46:00,3,40,20.5,86,6.6,984.1,1.0,1.7,9,776.1,0
2018-01-04 22:49:00,3,40,20.4,86,6.6,984.1,1.0,1.7,8,776.1,0
2018-01-04 22:52:00,3,40,20.4,86,6.7,984.1,1.7,2.7,10,776.1,0
2018-01-04 22:55:00,3,39,20.4,86,6.7,984.0,2.7,3.7,4,776.1,0
2018-01-04 22:58:00,3,39,20.4,85,6.8,984.0,1.0,1.7,0,776.1,0
2018-01-04 23:01:00,3,39,20.4,85,6.8,984.1,1.7,2.0,10,776.1,0
2018-01-04 23:04:00,3,39,20.4,85,6.8,984.2,1.7,2.0,10,776.1,0
2018-01-04 23:07:00,3,40,20.4,85,6.8,984.1,2.4,3.4,8,776.1,0
2018-01-04 23:10:00,3,40,20.3,85,6.8,984.1,0.7,1.0,8,776.1,0
2018-01-04 23:13:00,3,40,20.3,85,6.8,983.9,1.4,2.0,6,776.1,0
2018-01-04 23:16:00,3,40,20.3,85,6.8,983.9,1.0,1.4,2,776.4,0
2018-01-04 23:19:00,3,39,20.3,85,6.8,983.8,2.4,3.1,8,776.4,0
2018-01-04 23:22:00,3,39,20.3,86,6.8,983.7,2.0,3.1,8,776.4,0
2018-01-04 23:25:00,3,39,20.3,86,6.8,983.8,2.4,3.1,12,776.4,0
2018-01-04 23:28:00,3,39,20.3,86,6.8,983.8,1.7,2.4,10,776.4,0
2018-01-04 23:31:00,3,40,20.3,86,6.8,983.8,1.4,2.4,12,776.4,0
2018-01-04 23:34:00,3,40,20.3,86,6.8,983.8,2.7,3.1,9,776.4,0
2018-01-04 23:37:00,3,40,20.2,87,6.9,983.8,3.1,3.7,10,776.4,0
2018-01-04 23:40:00,3,40,20.2,87,6.9,984.0,1.4,2.0,10,776.4,0
2018-01-04 23:43:00,3,39,20.2,87,7.0,984.0,1.7,2.4,10,776.4,0
2018-01-04 23:46:00,3,39,20.2,87,7.0,984.1,1.0,1.4,10,776.4,0
2018-01-04 23:49:00,3,39,20.2,87,7.0,984.0,2.4,3.1,8,776.4,0
2018-01-04 23:52:00,3,39,20.2,87,7.1,984.1,1.4,2.0,10,776.4,0
2018-01-04 23:55:00,3,40,20.1,87,7.1,984.0,1.4,2.0,10,776.4,0
2018-01-04 23:58:00,3,39,20.1,87,7.1,984.1,1.0,1.4,10,776.4,0
