2018-01-28 00:02:00,3,32,23.0,72,6.3,1018.1,2.4,2.7,12,806.1,0
2018-01-28 00:05:00,3,32,23.0,72,6.3,1018.2,2.7,3.4,6,806.1,0
2018-01-28 00:08:00,3,32,23.0,72,6.3,1018.0,1.7,2.7,6,806.1,0
2018-01-28 00:11:00,3,32,23.0,72,6.3,1017.9,2.0,3.1,8,806.1,0
2018-01-28 00:14:00,3,32,23.0,72,6.3,1018.0,2.0,3.1,8,806.1,0
2018-01-28 00:17:00,3,30,22.9,72,6.3,1018.1,1.4,1.7,12,806.1,0
2018-01-28 00:20:00,3,30,22.9,72,6.3,1017.7,2.4,3.1,8,806.1,0
2018-01-28 00:23:00,3,30,22.9,72,6.3,1017.7,2.4,3.7,6,806.1,0
2018-01-28 00:26:00,3,30,22.9,72,6.3,1017.5,2.7,4.1,10,806.1,0
2018-01-28 00:29:00,3,30,22.8,72,6.3,1017.5,1.7,2.0,9,806.1,0
2018-01-28 00:32:00,3,30,22.8,72,6.3,1017.4,2.4,3.1,10,806.1,0
2018-01-28 00:35:00,3,30,22.8,72,6.3,1017.4,1.4,2.4,11,806.1,0
2018-01-28 00:38:00,3,30,22.7,72,6.3,1017.3,2.0,2.7,10,806.1,0
2018-01-28 00:41:00,3,30,22.7,72,6.3,1017.2,2.0,2.7,10,806.1,0
2018-01-28 00:44:00,3,30,22.7,72,6.3,1017.1,1.4,1.7,8,806.1,0
2018-01-28 00:47:00,3,30,22.7,72,6.3,1017.1,2.0,2.4,10,806.1,0
2018-01-28 00:50:00,3,30,22.7,71,6.2,1017.1,3.1,3.7,10,806.1,0
2018-01-28 00:53:00,3,30,22.7,71,6.3,1017.0,2.0,3.1,9,806.1,0
2018-01-28 00:56:00,3,30,22.7,71,6.3,1016.9,2.4,2.7,10,806.1,0
2018-01-28 00:59:00,3,30,22.7,71,6.2,1016.9,1.7,2.7,10,806.1,0
2018-01-28 01:02:00,3,30,22.6,71,6.3,1016.8,2.4,5.4,10,806.1,0
2018-01-28 01:05:00,3,30,22.7,71,6.3,1016.7,2.4,5.4,10,806.1,0
2018-01-28 01:08:00,3,30,22.6,71,6.3,1016.5,1.7,2.4,8,806.1,0
2018-01-28 01:11:00,3,30,22.6,71,6.3,1016.6,2.4,3.7,10,806.1,0
2018-01-28 01:14:00,3,30,22.6,71,6.3,1016.5,2.7,3.4,9,806.1,0
2018-01-28 01:17:00,3,30,22.6,71,6.3,1016.3,2.4,4.4,10,806.1,0
2018-01-28 01:20:00,3,30,22.6,71,6.3,1016.4,1.7,3.1,10,806.1,0
2018-01-28 01:23:00,3,30,22.6,71,6.3,1016.3,1.7,2.0,10,806.1,0
2018-01-28 01:26:00,3,30,22.6,71,6.3,1016.2,2.0,3.1,10,806.1,0
2018-01-28 01:29:00,3,30,22.6,70,6.3,1016.1,2.7,4.1,10,806.1,0
2018-01-28 01:32:00,3,30,22.6,70,6.3,1016.1,1.0,1.4,8,806.1,0
2018-01-28 01:35:00,3,30,22.6,70,6.3,1015.9,2.7,4.4,10,806.1,0
2018-01-28 01:38:00,3,30,22.5,70,6.3,1015.9,2.7,3.4,10,806.1,0
2018-01-28 01:41:00,3,30,22.5,70,6.3,1015.8,1.7,3.1,8,806.1,0
2018-01-28 01:44:00,3,30,22.5,70,6.3,1015.9,2.0,2.7,10,806.1,0
2018-01-28 01:47:00,3,30,22.5,70,6.3,1015.8,1.7,3.1,10,806.1,0
2018-01-28 01:50:00,3,30,22.5,70,6.3,1015.8,2.0,3.1,9,806.1,0
2018-01-28 01:53:00,3,30,22.5,70,6.3,1015.6,2.0,3.1,10,806.1,0
2018-01-28 01:56:00,3,30,22.5,70,6.3,1015.6,1.7,2.7,8,806.1,0
2018-01-28 01:59:00,3,30,22.4,70,6.3,1015.7,2.0,4.1,12,806.1,0
2018-01-28 02:02:00,3,30,22.4,70,6.4,1015.6,2.0,3.1,8,806.1,0
2018-01-28 02:05:00,3,30,22.4,70,6.4,1015.5,2.0,2.7,10,806.1,0
2018-01-28 02:08:00,3,30,22.4,70,6.4,1015.5,2.4,2.7,10,806.1,0
2018-01-28 02:11:00,3,29,22.3,70,6.4,1015.5,4.1,5.8,10,806.1,0
2018-01-28 02:14:00,3,29,22.3,70,6.4,1015.5,2.0,2.4,10,806.1,0
2018-01-28 02:17:00,3,29,22.3,70,6.4,1015.4,3.1,3.7,10,806.1,0
2018-01-28 02:20:00,3,29,22.3,70,6.4,1015.4,2.7,3.4,10,806.1,0
2018-01-28 02:23:00,3,29,22.3,70,6.4,1015.5,1.4,2.0,10,806.1,0
2018-01-28 02:26:00,3,29,22.3,70,6.4,1015.5,2.0,3.1,10,806.1,0
2018-01-28 02:29:00,3,29,22.3,70,6.4,1015.4,3.4,4.8,12,806.1,0
2018-01-28 02:32:00,3,29,22.2,69,6.4,1015.4,2.7,3.7,10,806.1,0
2018-01-28 02:35:00,3,29,22.2,69,6.5,1015.3,3.1,4.4,9,806.1,0
2018-01-28 02:38:00,3,29,22.2,69,6.5,1015.2,2.7,5.1,12,806.1,0
2018-01-28 02:41:00,3,29,22.2,69,6.5,1015.3,2.4,4.4,11,806.1,0
2018-01-28 02:44:00,3,29,22.2,68,6.6,1015.2,4.8,6.8,11,806.1,0
2018-01-28 02:47:00,3,29,22.2,68,6.6,1015.0,2.4,3.7,10,806.1,0
2018-01-28 02:50:00,3,29,22.2,68,6.6,1015.0,3.4,4.1,10,806.1,0
2018-01-28 02:53:00,3,29,22.2,68,6.7,1015.2,2.4,3.4,10,806.1,0
2018-01-28 02:56:00,3,29,22.2,67,6.7,1015.0,2.0,2.7,10,806.1,0
2018-01-28 02:59:00,3,29,22.2,67,6.7,1014.9,4.1,5.1,12,806.1,0
2018-01-28 03:02:00,3,29,22.2,67,6.8,1015.0,2.4,3.4,10,806.1,0
2018-01-28 03:05:00,3,29,22.1,67,6.8,1015.0,2.4,3.4,10,806.1,0
2018-01-28 03:08:00,3,29,22.1,67,6.8,1014.8,3.7,5.1,10,806.1,0
2018-01-28 03:11:00,3,29,22.1,68,6.8,1014.9,4.8,7.1,8,806.1,0
2018-01-28 03:14:00,3,29,22.1,68,6.8,1015.0,4.4,6.8,10,806.1,0
2018-01-28 03:17:00,3,29,22.1,69,6.8,1014.9,2.7,3.7,10,806.1,0
2018-01-28 03:20:00,3,29,22.1,69,6.8,1014.9,4.8,7.1,8,806.1,0
2018-01-28 03:23:00,3,28,22.1,70,6.8,1015.0,3.1,3.7,10,806.1,0
2018-01-28 03:26:00,3,28,22.1,70,6.7,1015.1,3.1,4.1,10,806.1,0
2018-01-28 03:29:00,3,28,22.0,71,6.6,1015.1,2.7,4.1,10,806.1,0
2018-01-28 03:32:00,3,28,22.0,72,6.5,1015.0,3.1,4.1,12,806.1,0
2018-01-28 03:35:00,3,29,22.0,73,6.4,1015.2,2.0,2.7,14,806.1,0
2018-01-28 03:38:00,3,29,22.0,74,6.3,1015.0,2.4,3.1,10,806.1,0
2018-01-28 03:41:00,3,29,22.0,76,6.2,1014.9,3.4,4.1,8,806.1,0
2018-01-28 03:44:00,3,29,22.0,77,6.1,1015.0,3.1,5.1,8,806.4,0
2018-01-28 03:47:00,3,29,22.0,79,6.0,1015.0,2.4,3.4,12,806.4,0
2018-01-28 03:50:00,3,29,22.0,80,5.9,1015.2,3.4,4.1,8,806.4,0
2018-01-28 03:53:00,3,30,21.9,80,5.8,1015.1,4.8,6.5,10,806.4,0
2018-01-28 03:56:00,3,30,21.9,81,5.8,1015.2,2.0,2.7,10,806.4,0
2018-01-28 03:59:00,3,30,21.9,81,5.7,1015.1,2.7,3.7,10,806.4,0
2018-01-28 04:02:00,3,30,21.9,81,5.7,1015.1,3.4,3.7,12,806.4,0
2018-01-28 04:04:59,3,30,21.9,82,5.7,1015.1,1.7,2.4,9,806.4,0
2018-01-28 04:07:59,3,30,21.9,82,5.6,1015.1,3.4,5.1,10,806.4,0
2018-01-28 04:10:59,3,30,21.9,82,5.6,1015.2,2.4,3.1,8,806.4,0
2018-01-28 04:13:59,3,30,21.9,83,5.6,1015.1,3.4,4.8,10,806.4,0
2018-01-28 04:16:59,3,30,21.9,83,5.6,1015.2,2.4,2.7,10,806.4,0
2018-01-28 04:19:59,3,30,21.8,83,5.6,1015.2,2.7,3.4,10,806.4,0
2018-01-28 04:22:59,3,29,21.9,83,5.6,1015.2,3.1,4.1,10,806.7,0
2018-01-28 04:25:59,3,30,21.8,83,5.6,1015.3,3.7,6.1,8,806.7,0
2018-01-28 04:28:59,3,29,21.9,84,5.6,1015.2,2.0,2.7,8,806.7,0
2018-01-28 04:31:59,3,30,21.8,84,5.6,1015.2,3.1,4.1,8,806.7,0
2018-01-28 04:34:59,3,30,21.8,84,5.6,1015.4,2.7,3.7,10,806.7,0
2018-01-28 04:37:59,3,30,21.8,84,5.6,1015.4,1.7,2.7,10,806.7,0
2018-01-28 04:40:59,3,30,21.8,84,5.6,1015.3,4.1,4.8,12,806.7,0
2018-01-28 04:43:59,3,30,21.8,84,5.6,1015.4,2.0,2.7,9,806.7,0
2018-01-28 04:46:59,3,30,21.8,85,5.7,1015.3,2.7,4.1,10,806.7,0
2018-01-28 04:49:59,3,30,21.8,85,5.7,1015.2,2.4,3.1,10,806.7,0
2018-01-28 04:52:59,3,30,21.8,85,5.7,1015.4,3.4,4.4,10,806.7,0
2018-01-28 04:55:59,3,30,21.8,85,5.7,1015.1,3.4,5.1,6,806.7,0
2018-01-28 04:58:59,3,30,21.8,85,5.7,1015.3,3.7,5.4,10,806.7,0
2018-01-28 05:01:59,3,30,21.8,85,5.7,1015.3,3.7,5.4,10,806.7,0
2018-01-28 05:04:59,3,30,21.8,85,5.7,1015.3,3.7,5.4,10,806.7,0
2018-01-28 05:07:59,3,30,21.8,85,5.8,1015.3,3.7,4.8,14,806.7,0
2018-01-28 05:10:59,3,30,21.8,84,5.9,1015.2,3.4,4.8,9,806.7,0
2018-01-28 05:13:59,3,30,21.8,84,5.9,1015.2,4.1,6.1,8,806.7,0
2018-01-28 05:16:59,3,30,21.9,84,5.9,1015.3,3.4,4.8,9,806.7,0
2018-01-28 05:19:59,3,30,21.9,84,6.0,1015.5,3.1,4.1,8,806.7,0
2018-01-28 05:22:59,3,30,21.9,84,6.0,1015.4,2.4,3.1,12,806.7,0
2018-01-28 05:25:59,3,30,21.9,84,6.0,1015.4,3.4,4.1,8,806.7,0
2018-01-28 05:28:59,3,30,21.9,84,6.0,1015.6,2.4,3.1,10,806.7,0
2018-01-28 05:31:59,3,29,22.0,83,6.0,1015.8,2.7,3.7,10,806.7,0
2018-01-28 05:34:59,3,29,22.1,83,6.0,1015.6,2.7,3.4,8,806.7,0
2018-01-28 05:37:59,3,29,22.1,83,6.0,1015.7,2.7,3.7,6,806.7,0
2018-01-28 05:40:59,3,29,22.1,83,6.1,1015.8,2.4,3.7,10,806.7,0
2018-01-28 05:43:59,3,29,22.2,83,6.1,1015.8,3.4,4.4,10,806.7,0
2018-01-28 05:46:59,3,29,22.2,83,6.1,1015.8,3.7,4.4,8,806.7,0
2018-01-28 05:49:59,3,29,22.2,83,6.1,1015.9,2.7,3.4,8,806.7,0
2018-01-28 05:52:59,3,29,22.2,84,6.0,1015.9,2.7,3.4,10,806.7,0
2018-01-28 05:55:59,3,29,22.2,84,6.0,1016.0,2.4,3.1,9,806.7,0
2018-01-28 05:58:59,3,29,22.3,84,6.0,1016.2,2.4,3.1,9,806.7,0
2018-01-28 06:01:59,3,29,22.3,84,6.0,1016.3,2.4,3.1,10,806.7,0
2018-01-28 06:04:59,3,29,22.3,84,6.0,1016.2,2.7,4.1,12,806.7,0
2018-01-28 06:07:59,3,29,22.3,84,6.0,1016.4,2.7,4.4,10,806.7,0
2018-01-28 06:10:59,3,29,22.3,85,6.0,1016.5,2.0,4.1,10,806.7,0
2018-01-28 06:13:59,3,29,22.3,85,6.1,1016.5,2.4,3.1,10,806.7,0
2018-01-28 06:16:59,3,29,22.5,85,6.1,1016.6,2.7,3.7,8,806.7,0
2018-01-28 06:19:59,3,29,22.5,85,6.1,1016.6,2.7,3.7,10,806.7,0
2018-01-28 06:22:59,3,29,22.5,86,6.1,1016.5,2.4,3.1,12,806.7,0
2018-01-28 06:25:59,3,29,22.5,86,6.1,1016.4,2.4,3.4,11,806.7,0
2018-01-28 06:28:59,3,29,22.5,86,6.1,1016.4,1.7,3.1,11,807.0,0
2018-01-28 06:31:59,3,29,22.6,86,6.1,1016.4,2.0,2.7,10,807.0,0
2018-01-28 06:34:59,3,29,22.6,87,6.2,1016.6,2.4,3.1,12,807.0,0
2018-01-28 06:37:59,3,29,22.6,87,6.2,1016.6,1.7,3.1,10,807.0,0
2018-01-28 06:40:59,3,29,22.6,87,6.2,1016.6,2.4,3.1,8,807.0,0
2018-01-28 06:43:59,3,29,22.6,87,6.2,1016.7,2.0,2.7,12,807.0,0
2018-01-28 06:46:59,3,29,22.6,87,6.2,1016.6,1.7,2.4,8,807.0,0
2018-01-28 06:49:59,3,29,22.6,87,6.2,1016.7,2.4,3.4,8,807.0,0
2018-01-28 06:52:59,3,29,22.6,88,6.3,1016.7,4.1,5.8,10,807.0,0
2018-01-28 06:55:59,3,29,22.6,88,6.3,1016.8,2.0,3.1,10,807.0,0
2018-01-28 06:58:59,3,29,22.6,88,6.3,1016.9,2.4,3.4,8,807.0,0
2018-01-28 07:01:59,3,29,22.6,88,6.3,1016.7,2.4,3.1,10,807.0,0
2018-01-28 07:04:59,3,29,22.6,88,6.3,1016.7,2.4,3.1,10,807.0,0
2018-01-28 07:07:59,3,29,22.6,88,6.3,1016.7,2.4,3.1,10,807.0,0
2018-01-28 07:10:59,3,29,22.6,88,6.3,1016.8,3.1,4.4,8,807.0,0
2018-01-28 07:13:59,3,29,22.6,88,6.3,1016.7,3.4,5.1,12,807.0,0
2018-01-28 07:16:59,3,29,22.6,88,6.3,1016.8,3.4,4.1,10,807.0,0
2018-01-28 07:19:59,3,29,22.6,88,6.3,1016.9,1.7,2.4,10,807.0,0
2018-01-28 07:22:59,3,29,22.6,88,6.3,1017.0,4.1,6.8,8,807.0,0
2018-01-28 07:25:59,3,29,22.6,88,6.3,1017.1,1.7,2.7,10,807.3,0
2018-01-28 07:28:59,3,29,22.6,88,6.3,1017.1,2.0,3.1,12,807.3,0
2018-01-28 07:31:59,3,30,22.6,88,6.4,1017.2,2.0,2.4,8,807.3,0
2018-01-28 07:34:59,3,30,22.6,88,6.4,1017.2,2.0,3.4,8,807.3,0
2018-01-28 07:37:59,3,30,22.6,88,6.4,1017.5,3.1,3.7,8,807.3,0
2018-01-28 07:40:59,3,30,22.7,88,6.4,1017.3,2.7,3.4,10,807.3,0
2018-01-28 07:43:59,3,30,22.7,88,6.4,1017.4,2.0,2.4,10,807.3,0
2018-01-28 07:46:59,3,30,22.7,88,6.4,1017.3,2.4,3.1,10,807.3,0
2018-01-28 07:49:59,3,30,22.7,88,6.4,1017.3,3.1,3.7,8,807.3,0
2018-01-28 07:52:59,3,30,22.7,88,6.4,1017.2,2.4,2.7,10,807.3,0
2018-01-28 07:55:59,3,30,22.7,88,6.4,1017.2,1.4,2.4,12,807.3,0
2018-01-28 07:58:59,3,30,22.8,88,6.4,1017.4,2.7,3.7,10,807.3,0
2018-01-28 08:01:59,3,30,22.8,88,6.5,1017.4,3.1,3.7,9,807.3,0
2018-01-28 08:04:59,3,30,22.9,88,6.5,1017.5,1.7,2.4,7,807.3,0
2018-01-28 08:07:59,3,30,22.9,88,6.5,1017.4,3.1,3.4,14,807.3,0
2018-01-28 08:10:59,3,30,22.9,88,6.5,1017.6,1.7,2.4,12,807.3,0
2018-01-28 08:13:59,3,30,22.9,88,6.6,1017.4,1.7,2.4,12,807.3,0
2018-01-28 08:16:59,3,30,22.9,88,6.6,1017.6,2.4,3.1,8,807.3,0
2018-01-28 08:19:59,3,30,22.9,88,6.6,1017.7,2.7,3.1,10,807.3,0
2018-01-28 08:22:59,3,30,22.9,88,6.6,1017.7,3.4,4.8,10,807.3,0
2018-01-28 08:25:59,3,30,22.9,88,6.6,1017.7,1.4,1.7,10,807.3,0
2018-01-28 08:28:59,3,30,22.9,88,6.6,1017.7,2.0,2.7,10,807.6,0
2018-01-28 08:31:59,3,32,23.0,88,6.6,1017.8,1.4,1.7,10,807.6,0
2018-01-28 08:34:59,3,32,23.0,88,6.6,1017.7,2.4,3.1,8,807.9,0
2018-01-28 08:37:59,3,32,23.0,88,6.6,1017.6,2.7,3.4,12,807.9,0
2018-01-28 08:40:59,3,32,23.0,88,6.6,1017.6,1.7,2.4,8,807.9,0
2018-01-28 08:43:59,3,32,23.0,88,6.6,1017.7,1.4,2.0,12,807.9,0
2018-01-28 08:46:59,3,32,23.1,88,6.6,1017.9,2.0,2.4,12,807.9,0
2018-01-28 08:49:59,3,32,23.1,88,6.6,1017.9,2.4,3.7,11,807.9,0
2018-01-28 08:52:59,3,32,23.1,88,6.6,1017.9,2.4,3.1,12,807.9,0
2018-01-28 08:55:59,3,32,23.3,88,6.7,1017.8,3.4,4.1,10,807.9,0
2018-01-28 08:58:59,3,32,23.3,88,6.7,1017.7,3.4,4.4,10,807.9,0
2018-01-28 09:01:59,3,32,23.3,88,6.7,1017.7,2.7,4.1,10,807.9,0
2018-01-28 09:04:59,3,32,23.3,88,6.7,1017.8,2.7,4.1,10,807.9,0
2018-01-28 09:07:59,3,32,23.4,88,6.8,1017.8,3.1,4.1,12,807.9,0
2018-01-28 09:10:59,3,32,23.4,88,6.9,1017.8,3.1,3.7,12,807.9,0
2018-01-28 09:13:59,3,32,23.4,88,7.0,1017.8,2.0,2.7,10,807.9,0
2018-01-28 09:16:59,3,32,23.4,88,7.1,1017.8,2.4,3.7,10,807.9,0
2018-01-28 09:19:59,3,32,23.4,88,7.2,1017.9,2.4,3.7,12,807.9,0
2018-01-28 09:22:59,3,32,23.4,88,7.3,1018.0,2.4,4.4,10,807.9,0
2018-01-28 09:25:59,3,32,23.4,88,7.3,1017.9,3.1,4.1,9,807.9,0
2018-01-28 09:28:59,3,32,23.5,87,7.4,1018.0,2.0,2.7,10,807.9,0
2018-01-28 09:31:59,3,32,23.5,87,7.4,1018.0,2.0,3.1,6,807.9,0
2018-01-28 09:34:59,3,32,23.6,81,7.5,1018.1,2.7,3.7,10,807.9,0
2018-01-28 09:37:59,3,32,23.4,81,7.6,1018.0,1.7,2.7,12,807.9,0
2018-01-28 09:40:59,3,32,23.3,81,7.7,1018.0,3.1,3.7,8,807.9,0
2018-01-28 09:43:59,3,32,23.2,80,7.8,1018.0,2.7,3.7,8,807.9,0
2018-01-28 09:46:59,3,32,23.1,80,7.9,1018.1,3.4,5.4,14,807.9,0
2018-01-28 09:49:59,3,32,23.0,80,7.9,1018.1,2.0,2.7,10,807.9,0
2018-01-28 09:52:59,3,33,23.0,79,7.9,1018.1,1.4,2.0,10,807.9,0
2018-01-28 09:55:59,3,31,22.8,78,7.9,1018.3,1.0,1.4,10,807.9,0
2018-01-28 09:58:59,3,31,22.7,78,7.9,1018.2,3.7,4.4,12,807.9,0
2018-01-28 10:01:59,3,31,22.7,78,7.9,1018.0,2.0,2.7,14,807.9,0
2018-01-28 10:04:59,3,31,22.6,78,7.9,1017.8,3.7,4.4,10,807.9,0
2018-01-28 10:07:59,3,31,22.6,78,7.9,1017.9,1.7,2.7,10,807.9,0
2018-01-28 10:10:59,3,31,22.5,77,8.0,1018.0,2.0,2.7,12,807.9,0
2018-01-28 10:13:59,3,32,22.5,77,8.0,1018.0,2.4,3.1,8,807.9,0
2018-01-28 10:16:59,3,32,22.4,77,8.0,1018.0,2.0,2.7,4,807.9,0
2018-01-28 10:19:59,3,32,22.3,77,8.0,1018.0,2.0,3.1,10,807.9,0
2018-01-28 10:22:59,3,32,22.3,77,8.1,1017.9,2.0,2.7,9,807.9,0
2018-01-28 10:25:59,3,32,22.2,77,8.1,1017.9,3.1,4.8,9,807.9,0
2018-01-28 10:28:59,3,32,22.2,77,8.1,1017.8,3.1,3.7,12,807.9,0
2018-01-28 10:31:59,3,32,22.2,76,8.1,1017.9,2.0,2.4,8,807.9,0
2018-01-28 10:34:59,3,32,22.1,76,8.2,1017.9,3.4,4.1,12,807.9,0
2018-01-28 10:37:59,3,32,22.1,76,8.2,1017.9,3.4,4.4,10,807.9,0
2018-01-28 10:40:59,3,33,21.9,76,8.2,1017.9,3.4,4.4,10,807.9,0
2018-01-28 10:43:59,3,33,21.9,75,8.2,1017.9,3.7,5.4,10,807.9,0
2018-01-28 10:46:59,3,33,21.9,75,8.3,1017.9,2.4,3.1,12,807.9,0
2018-01-28 10:49:59,3,33,21.9,75,8.3,1017.8,2.7,3.7,10,807.9,0
2018-01-28 10:52:59,3,33,21.8,75,8.3,1018.0,3.4,4.4,10,807.9,0
2018-01-28 10:55:59,3,33,21.8,75,8.3,1017.8,4.1,5.1,10,807.9,0
2018-01-28 10:58:59,3,34,21.8,74,8.3,1017.9,3.7,5.1,10,807.9,0
2018-01-28 11:01:59,3,34,21.7,74,8.3,1018.1,1.7,2.7,10,807.9,0
2018-01-28 11:04:59,3,34,21.7,74,8.3,1018.1,1.7,2.7,10,807.9,0
2018-01-28 11:07:59,3,34,21.7,74,8.4,1018.0,3.4,4.4,6,807.9,0
2018-01-28 11:10:59,3,34,21.6,74,8.5,1017.9,2.4,3.4,14,807.9,0
2018-01-28 11:13:59,3,34,21.6,74,8.5,1018.0,3.4,4.4,8,807.9,0
2018-01-28 11:16:59,3,34,21.6,74,8.6,1018.2,3.1,3.7,8,807.9,0
2018-01-28 11:19:59,3,34,21.5,73,8.6,1018.0,1.0,1.7,8,807.9,0
2018-01-28 11:22:59,3,34,21.5,73,8.7,1018.0,2.7,3.7,10,807.9,0
2018-01-28 11:25:59,3,34,21.5,73,8.7,1017.9,3.7,5.4,8,807.9,0
2018-01-28 11:28:59,3,34,21.4,73,8.7,1017.9,3.1,3.7,10,807.9,0
2018-01-28 11:31:59,3,34,21.3,73,8.7,1017.7,2.4,3.1,6,807.9,0
2018-01-28 11:34:59,3,34,21.3,73,8.7,1017.7,2.4,3.4,10,807.9,0
2018-01-28 11:37:59,3,34,21.3,73,8.7,1017.8,2.0,3.1,13,807.9,0
2018-01-28 11:40:59,3,35,21.3,73,8.7,1017.8,3.4,4.4,10,807.9,0
2018-01-28 11:43:59,3,35,21.2,73,8.6,1018.1,3.1,3.4,8,807.9,0
2018-01-28 11:46:59,3,35,21.2,74,8.5,1017.9,3.1,4.4,11,807.9,0
2018-01-28 11:49:59,3,35,21.2,75,8.4,1018.0,2.4,5.8,10,807.9,0
2018-01-28 11:52:59,3,35,21.2,76,8.2,1018.0,2.7,4.1,10,807.9,0
2018-01-28 11:55:59,3,36,21.1,76,8.2,1017.9,3.1,4.4,8,807.9,0
2018-01-28 11:58:59,3,36,21.1,77,8.2,1017.9,2.7,3.1,8,807.9,0
2018-01-28 12:01:59,3,36,21.1,78,8.2,1017.9,1.7,2.0,8,807.9,0
2018-01-28 12:04:59,3,36,21.1,78,8.2,1018.0,2.4,3.7,10,807.9,0
2018-01-28 12:07:59,3,36,21.1,78,8.3,1018.0,3.1,4.1,10,807.9,0
2018-01-28 12:10:59,3,36,21.0,78,8.3,1018.1,1.0,1.4,10,807.9,0
2018-01-28 12:13:59,3,36,21.0,78,8.3,1018.1,2.7,3.4,10,807.9,0
2018-01-28 12:16:59,3,36,21.0,77,8.3,1018.1,2.7,3.4,12,807.9,0
2018-01-28 12:19:59,3,36,21.0,77,8.3,1017.9,1.7,2.4,10,807.9,0
2018-01-28 12:22:59,3,37,20.9,77,8.3,1017.9,1.7,2.4,8,807.9,0
2018-01-28 12:25:59,3,37,20.9,77,8.3,1018.0,2.0,3.4,10,807.9,0
2018-01-28 12:28:59,3,37,20.9,77,8.3,1017.9,2.7,3.1,8,807.9,0
2018-01-28 12:31:59,3,38,20.9,77,8.2,1017.9,1.4,2.0,12,807.9,0
2018-01-28 12:34:59,3,38,20.9,77,8.2,1017.7,1.0,2.0,2,807.9,0
2018-01-28 12:37:59,3,38,20.9,77,8.2,1017.6,2.0,3.1,10,807.9,0
2018-01-28 12:40:59,3,38,20.9,77,8.3,1017.7,3.4,4.1,10,807.9,0
2018-01-28 12:43:59,3,38,20.9,77,8.3,1017.5,1.7,2.0,10,807.9,0
2018-01-28 12:46:59,3,38,20.9,77,8.3,1017.6,2.0,2.7,10,807.9,0
2018-01-28 12:49:59,3,38,20.9,76,8.4,1017.7,1.4,1.7,10,807.9,0
2018-01-28 12:52:59,3,38,20.9,76,8.4,1017.8,2.7,3.7,8,807.9,0
2018-01-28 12:55:59,3,38,20.9,76,8.5,1017.8,3.4,4.1,8,807.9,0
2018-01-28 12:58:59,3,38,20.9,75,8.5,1017.8,3.1,4.4,9,807.9,0
2018-01-28 13:01:59,3,37,21.0,75,8.5,1017.7,1.7,2.4,10,807.9,0
2018-01-28 13:04:59,3,38,21.0,75,8.5,1017.7,1.7,2.4,10,807.9,0
2018-01-28 13:07:59,3,38,21.0,74,8.6,1017.7,2.0,2.7,10,807.9,0
2018-01-28 13:10:59,3,38,21.0,74,8.7,1017.8,2.0,2.4,10,807.9,0
2018-01-28 13:13:59,3,38,21.0,74,8.7,1017.6,3.1,4.1,10,807.9,0
2018-01-28 13:16:59,3,38,21.0,74,8.7,1017.6,2.0,2.7,8,807.9,0
2018-01-28 13:19:59,3,38,21.0,74,8.7,1017.6,1.4,1.7,10,807.9,0
2018-01-28 13:22:59,3,38,21.0,74,8.7,1017.6,2.0,2.7,10,807.9,0
2018-01-28 13:25:59,3,38,21.0,73,8.8,1017.6,2.4,3.4,8,808.2,0
2018-01-28 13:28:59,3,38,21.0,73,8.9,1017.6,4.4,5.1,8,808.2,0
2018-01-28 13:31:59,3,38,21.1,73,9.0,1017.6,2.4,3.1,10,808.2,0
2018-01-28 13:34:59,3,38,21.1,72,9.0,1017.6,2.7,4.4,13,808.2,0
2018-01-28 13:37:59,3,38,21.1,72,9.0,1017.7,1.7,2.0,10,808.2,0
2018-01-28 13:40:59,3,38,21.1,72,9.1,1017.6,2.4,3.4,12,808.2,0
2018-01-28 13:43:59,3,38,21.1,71,9.1,1017.3,2.0,2.7,9,808.2,0
2018-01-28 13:46:59,3,38,21.1,71,9.2,1017.3,3.1,4.8,8,808.2,0
2018-01-28 13:49:59,3,38,21.1,71,9.2,1017.2,3.1,4.1,10,808.2,0
2018-01-28 13:52:59,3,38,21.1,70,9.2,1017.2,2.0,2.7,11,808.2,0
2018-01-28 13:55:59,3,38,21.1,70,9.3,1017.1,1.7,2.4,10,808.2,0
2018-01-28 13:58:59,3,38,21.1,70,9.3,1017.1,2.7,3.4,11,808.2,0
2018-01-28 14:01:59,3,38,21.1,70,9.4,1017.1,4.1,6.1,10,808.2,0
2018-01-28 14:04:59,3,39,21.1,70,9.4,1017.1,2.0,3.1,8,808.2,0
2018-01-28 14:07:59,3,39,21.1,70,9.4,1017.1,2.7,3.4,10,808.2,0
2018-01-28 14:10:59,3,39,21.1,69,9.4,1017.1,3.4,4.1,10,808.2,0
2018-01-28 14:13:59,3,39,21.1,68,9.5,1017.1,3.4,4.4,10,808.2,0
2018-01-28 14:16:59,3,39,21.1,67,9.5,1017.0,2.7,3.7,10,808.2,0
2018-01-28 14:19:59,3,39,21.1,67,9.5,1017.1,3.1,3.7,12,808.2,0
2018-01-28 14:22:59,3,40,21.1,66,9.5,1016.9,1.7,2.4,10,808.2,0
2018-01-28 14:25:59,3,40,21.1,66,9.5,1017.1,3.7,5.1,10,808.2,0
2018-01-28 14:28:59,3,40,21.2,66,9.5,1017.0,3.7,4.8,9,808.2,0
2018-01-28 14:31:59,3,39,21.3,66,9.5,1017.0,3.4,4.4,12,808.2,0
2018-01-28 14:34:59,3,39,21.5,66,9.5,1017.0,3.1,3.7,8,808.2,0
2018-01-28 14:37:59,3,39,21.7,66,9.5,1017.1,3.1,5.1,10,808.2,0
2018-01-28 14:40:59,3,39,21.7,66,9.5,1017.2,2.4,4.1,11,808.2,0
2018-01-28 14:43:59,3,38,21.8,67,9.5,1017.2,2.0,2.4,10,808.2,0
2018-01-28 14:46:59,3,38,21.9,67,9.5,1017.3,4.1,6.1,8,808.2,0
2018-01-28 14:49:59,3,37,21.9,67,9.5,1017.3,2.4,3.1,12,808.2,0
2018-01-28 14:52:59,3,36,22.1,67,9.4,1017.3,2.4,3.1,11,808.2,0
2018-01-28 14:55:59,3,36,22.2,68,9.4,1017.4,1.7,2.7,8,808.2,0
2018-01-28 14:58:59,3,36,22.2,68,9.4,1017.4,3.7,4.4,10,808.2,0
2018-01-28 15:01:59,3,36,22.1,68,9.4,1017.4,3.1,3.7,8,808.2,0
2018-01-28 15:04:59,3,36,22.1,68,9.4,1017.5,3.1,3.7,8,808.2,0
2018-01-28 15:07:59,3,36,22.0,68,9.4,1017.5,3.4,3.7,12,808.2,0
2018-01-28 15:10:59,3,37,21.9,69,9.3,1017.4,4.1,5.4,10,808.2,0
2018-01-28 15:13:59,3,37,21.9,69,9.3,1017.4,2.0,3.1,8,808.2,0
2018-01-28 15:16:59,3,37,21.9,69,9.3,1017.3,2.7,4.1,9,808.2,0
2018-01-28 15:19:59,3,37,21.8,70,9.3,1017.4,2.4,3.1,10,808.2,0
2018-01-28 15:22:59,3,37,21.8,70,9.3,1017.4,1.4,2.4,9,808.2,0
2018-01-28 15:25:59,3,37,21.8,70,9.2,1017.4,2.4,3.4,10,808.2,0
2018-01-28 15:28:59,3,37,21.8,70,9.2,1017.4,1.7,2.4,12,808.2,0
2018-01-28 15:31:59,3,37,21.8,70,9.2,1017.4,2.4,2.7,10,808.2,0
2018-01-28 15:34:59,3,37,21.8,70,9.1,1017.3,2.4,2.7,11,808.2,0
2018-01-28 15:37:59,3,37,21.8,70,9.1,1017.3,2.0,2.7,4,808.2,0
2018-01-28 15:40:59,3,37,21.7,70,9.1,1017.4,1.7,2.4,12,808.2,0
2018-01-28 15:43:59,3,37,21.7,70,9.0,1017.3,1.7,2.7,9,808.2,0
2018-01-28 15:46:59,3,37,21.7,70,9.0,1017.2,3.7,5.1,10,808.2,0
2018-01-28 15:49:59,3,37,21.7,70,9.0,1017.3,1.7,2.4,10,808.2,0
2018-01-28 15:52:59,3,37,21.6,70,9.0,1017.2,2.4,3.4,11,808.2,0
2018-01-28 15:55:59,3,37,21.6,70,9.0,1017.3,2.0,2.7,10,808.2,0
2018-01-28 15:58:59,3,38,21.6,70,9.0,1017.3,2.0,3.1,10,808.2,0
2018-01-28 16:01:59,3,38,21.6,70,9.0,1017.3,2.0,2.7,8,808.2,0
2018-01-28 16:04:59,3,38,21.5,70,9.0,1017.3,1.7,2.4,10,808.2,0
2018-01-28 16:07:59,3,38,21.5,70,9.0,1017.1,2.4,2.7,10,808.2,0
2018-01-28 16:10:59,3,38,21.5,70,9.0,1017.2,3.1,4.1,10,808.2,0
2018-01-28 16:13:59,3,38,21.5,70,9.1,1017.0,2.4,3.4,10,808.2,0
2018-01-28 16:16:59,3,38,21.5,70,9.1,1017.2,2.4,3.1,10,808.2,0
2018-01-28 16:19:59,3,38,21.5,70,9.1,1017.2,2.7,3.4,10,808.2,0
2018-01-28 16:22:59,3,38,21.4,70,9.1,1017.3,2.4,3.1,10,808.2,0
2018-01-28 16:25:59,3,38,21.3,70,9.2,1017.2,2.4,3.4,9,808.2,0
2018-01-28 16:28:59,3,38,21.3,70,9.2,1017.3,2.0,3.4,10,808.2,0
2018-01-28 16:31:59,3,38,21.3,70,9.2,1017.2,1.7,2.4,2,808.2,0
2018-01-28 16:34:59,3,38,21.3,70,9.2,1017.3,2.0,2.4,4,808.2,0
2018-01-28 16:37:59,3,38,21.3,70,9.2,1017.3,1.4,2.0,10,808.2,0
2018-01-28 16:40:59,3,38,21.3,70,9.2,1017.2,2.0,3.1,8,808.2,0
2018-01-28 16:43:59,3,39,21.3,70,9.2,1017.2,3.1,3.7,14,808.2,0
2018-01-28 16:46:59,3,39,21.3,70,9.2,1017.1,2.0,2.7,10,808.2,0
2018-01-28 16:49:59,3,40,21.3,70,9.2,1017.0,1.7,2.4,8,808.2,0
2018-01-28 16:52:59,3,40,21.3,70,9.2,1017.1,3.1,3.7,12,808.2,0
2018-01-28 16:55:59,3,40,21.4,70,9.2,1017.2,3.4,4.4,10,808.2,0
2018-01-28 16:58:59,3,39,21.6,70,9.2,1017.2,3.1,3.4,10,808.2,0
2018-01-28 17:01:59,3,39,21.7,70,9.2,1017.4,2.0,3.4,10,808.2,0
2018-01-28 17:04:59,3,39,21.9,70,9.2,1017.3,2.0,3.4,10,808.2,0
2018-01-28 17:07:59,3,38,22.1,70,9.2,1017.3,1.7,2.4,8,808.2,0
2018-01-28 17:10:59,3,37,22.2,70,9.2,1017.4,2.0,2.7,10,808.2,0
2018-01-28 17:13:59,3,36,22.3,70,9.2,1017.5,2.7,3.4,10,808.2,0
2018-01-28 17:16:59,3,36,22.3,70,9.2,1017.5,1.7,2.4,12,808.2,0
2018-01-28 17:19:59,3,36,22.5,70,9.2,1017.4,1.7,2.4,12,808.2,0
2018-01-28 17:22:59,3,35,22.6,70,9.3,1017.5,3.1,4.1,8,808.2,0
2018-01-28 17:25:59,3,35,22.6,70,9.4,1017.3,2.0,3.4,11,808.2,0
2018-01-28 17:28:59,3,35,22.6,70,9.5,1017.3,2.7,4.1,10,808.2,0
2018-01-28 17:31:59,3,35,22.6,69,9.5,1017.3,2.4,3.1,10,808.2,0
2018-01-28 17:34:59,3,35,22.5,69,9.5,1017.3,4.1,6.5,12,808.2,0
2018-01-28 17:37:59,3,35,22.4,70,9.6,1017.4,2.0,3.1,10,808.2,0
2018-01-28 17:40:59,3,35,22.3,70,9.6,1017.4,1.4,2.0,10,808.2,0
2018-01-28 17:43:59,3,35,22.3,70,9.5,1017.4,4.4,7.8,10,808.2,0
2018-01-28 17:46:59,3,35,22.2,70,9.5,1017.4,4.1,4.8,10,808.2,0
2018-01-28 17:49:59,3,35,22.2,70,9.5,1017.4,2.4,3.7,11,808.2,0
2018-01-28 17:52:59,3,35,22.2,70,9.4,1017.4,2.0,2.7,12,808.2,0
2018-01-28 17:55:59,3,35,22.2,70,9.4,1017.4,2.4,3.4,12,808.2,0
2018-01-28 17:58:59,3,35,22.2,71,9.3,1017.3,1.7,2.4,12,808.2,0
2018-01-28 18:01:59,3,35,22.1,71,9.3,1017.4,2.0,2.7,11,808.2,0
2018-01-28 18:04:59,3,35,22.1,71,9.3,1017.4,1.4,2.7,10,808.2,0
2018-01-28 18:07:59,3,35,22.1,71,9.3,1017.5,2.4,3.7,12,808.2,0
2018-01-28 18:10:59,3,35,22.0,71,9.3,1017.4,3.1,4.8,11,808.2,0
2018-01-28 18:13:59,3,35,22.0,71,9.3,1017.5,3.1,4.4,10,808.2,0
2018-01-28 18:16:59,3,36,21.9,71,9.3,1017.4,1.7,2.0,11,808.2,0
2018-01-28 18:19:59,3,36,21.9,71,9.3,1017.4,1.7,2.4,12,808.2,0
2018-01-28 18:22:59,3,36,21.9,71,9.3,1017.4,1.4,1.7,10,808.2,0
2018-01-28 18:25:59,3,36,21.9,71,9.3,1017.4,3.1,3.7,10,808.2,0
2018-01-28 18:28:59,3,37,21.8,70,9.3,1017.4,1.7,2.0,10,808.2,0
2018-01-28 18:31:59,3,37,21.8,70,9.4,1017.4,1.7,2.4,10,808.2,0
2018-01-28 18:34:59,3,37,21.8,70,9.4,1017.4,4.4,6.1,8,808.2,0
2018-01-28 18:37:59,3,37,21.8,70,9.4,1017.5,2.7,3.7,10,808.2,0
2018-01-28 18:40:59,3,37,21.7,70,9.4,1017.3,2.4,3.1,10,808.2,0
2018-01-28 18:43:59,3,37,21.7,70,9.3,1017.4,1.4,1.7,10,808.2,0
2018-01-28 18:46:59,3,37,21.7,71,9.3,1017.4,3.4,4.8,9,808.2,0
2018-01-28 18:49:59,3,37,21.6,71,9.2,1017.5,1.4,2.0,10,808.2,0
2018-01-28 18:52:59,3,37,21.6,72,9.0,1017.5,1.7,2.7,10,808.2,0
2018-01-28 18:55:59,3,37,21.6,72,8.9,1017.5,2.0,2.7,9,808.2,0
2018-01-28 18:58:59,3,37,21.6,73,8.8,1017.5,1.7,2.0,12,808.2,0
2018-01-28 19:01:59,3,37,21.5,73,8.7,1017.6,2.4,3.7,6,808.2,0
2018-01-28 19:04:59,3,37,21.5,73,8.7,1017.5,2.4,3.7,6,808.2,0
2018-01-28 19:07:59,3,37,21.5,76,8.5,1017.4,1.4,1.7,10,808.2,0
2018-01-28 19:10:59,3,37,21.5,77,8.4,1017.4,2.7,3.1,10,808.2,0
2018-01-28 19:13:59,3,37,21.5,78,8.3,1017.4,1.4,1.7,8,808.2,0
2018-01-28 19:16:59,3,38,21.5,78,8.2,1017.3,3.1,3.7,10,808.2,0
2018-01-28 19:19:59,3,38,21.5,79,8.2,1017.3,2.0,3.1,9,808.2,0
2018-01-28 19:22:59,3,38,21.5,80,8.1,1017.3,1.7,2.0,10,808.2,0
2018-01-28 19:25:59,3,38,21.5,80,8.1,1017.3,1.7,2.4,10,808.2,0
2018-01-28 19:28:59,3,38,21.5,80,8.1,1017.3,1.0,1.4,12,808.2,0
2018-01-28 19:31:59,3,38,21.4,81,8.1,1017.3,1.4,2.0,12,808.2,0
2018-01-28 19:34:59,3,38,21.4,81,8.0,1017.2,2.7,4.1,10,808.2,0
2018-01-28 19:37:59,3,38,21.4,81,8.0,1017.2,2.0,2.7,10,808.2,0
2018-01-28 19:40:59,3,38,21.4,81,8.0,1017.2,1.7,2.4,8,808.2,0
2018-01-28 19:43:59,3,38,21.3,82,8.0,1017.1,3.1,3.7,10,808.2,0
2018-01-28 19:46:59,3,38,21.3,82,8.0,1017.1,3.4,4.8,9,808.2,0
2018-01-28 19:49:59,3,38,21.3,82,8.0,1017.1,3.1,4.1,10,808.2,0
2018-01-28 19:52:59,3,38,21.3,82,8.0,1017.2,2.0,2.7,9,808.2,0
2018-01-28 19:55:59,3,38,21.3,82,8.0,1017.1,2.4,3.1,8,808.2,0
2018-01-28 19:58:59,3,38,21.3,83,8.0,1017.0,2.7,3.7,10,808.2,0
2018-01-28 20:01:59,3,38,21.3,83,8.0,1017.0,2.4,3.4,12,808.2,0
2018-01-28 20:04:59,3,38,21.3,83,8.0,1017.0,3.1,3.7,10,808.2,0
2018-01-28 20:07:59,3,39,21.3,83,8.1,1016.9,2.0,3.1,10,808.2,0
2018-01-28 20:10:59,3,39,21.3,83,8.1,1016.8,1.7,2.4,10,808.2,0
2018-01-28 20:13:59,3,39,21.3,83,8.1,1016.9,3.1,3.7,10,808.2,0
2018-01-28 20:16:59,3,39,21.3,83,8.1,1016.8,2.0,2.7,8,808.2,0
2018-01-28 20:19:59,3,39,21.3,83,8.1,1016.9,1.7,2.0,8,808.2,0
2018-01-28 20:22:59,3,39,21.3,83,8.1,1016.8,2.0,3.1,10,808.5,0
2018-01-28 20:25:59,3,39,21.3,83,8.1,1016.8,1.4,2.0,10,808.5,0
2018-01-28 20:28:59,3,39,21.3,83,8.1,1016.8,2.0,2.7,10,808.5,0
2018-01-28 20:31:59,3,39,21.3,83,8.1,1016.9,1.7,2.4,10,808.5,0
2018-01-28 20:34:59,3,39,21.3,84,8.1,1016.8,2.7,3.4,9,808.5,0
2018-01-28 20:37:59,3,39,21.3,84,8.1,1016.7,2.0,2.4,10,808.5,0
2018-01-28 20:40:59,3,39,21.3,84,8.1,1016.7,3.4,3.7,11,808.5,0
2018-01-28 20:43:59,3,39,21.3,84,8.1,1016.7,3.1,4.1,10,808.5,0
2018-01-28 20:46:59,3,39,21.3,84,8.2,1016.7,1.7,2.7,10,808.8,0
2018-01-28 20:49:59,3,39,21.3,84,8.2,1016.7,2.0,3.4,8,808.8,0
2018-01-28 20:52:59,3,39,21.3,84,8.2,1016.7,2.0,2.7,4,808.8,0
2018-01-28 20:55:59,3,39,21.3,84,8.2,1016.6,2.7,3.7,10,808.8,0
2018-01-28 20:58:59,3,39,21.3,84,8.3,1016.6,2.7,4.1,10,808.8,0
2018-01-28 21:01:59,3,39,21.3,84,8.3,1016.6,2.7,3.4,10,808.8,0
2018-01-28 21:04:59,3,39,21.3,84,8.3,1016.5,2.7,3.4,10,808.8,0
2018-01-28 21:07:59,3,39,21.3,84,8.3,1016.5,2.0,2.7,12,808.8,0
2018-01-28 21:10:59,3,39,21.3,84,8.4,1016.5,2.0,2.4,12,808.8,0
2018-01-28 21:13:59,3,39,21.3,85,8.4,1016.5,2.0,3.1,9,808.8,0
2018-01-28 21:16:59,3,39,21.3,85,8.4,1016.4,2.0,2.7,8,808.8,0
2018-01-28 21:19:59,3,39,21.2,85,8.4,1016.5,2.4,3.4,14,808.8,0
2018-01-28 21:22:59,3,39,21.2,85,8.5,1016.5,2.4,3.1,8,808.8,0
2018-01-28 21:25:59,3,39,21.2,85,8.5,1016.5,2.0,2.7,14,808.8,0
2018-01-28 21:28:59,3,39,21.2,85,8.5,1016.3,3.4,4.4,10,808.8,0
2018-01-28 21:31:59,3,39,21.2,85,8.5,1016.2,2.4,3.1,10,808.8,0
2018-01-28 21:34:59,3,39,21.2,85,8.5,1016.4,1.7,2.4,12,808.8,0
2018-01-28 21:37:59,3,39,21.2,85,8.5,1016.4,2.7,3.7,8,808.8,0
2018-01-28 21:40:59,3,39,21.2,85,8.6,1016.4,2.4,2.7,10,808.8,0
2018-01-28 21:43:59,3,39,21.2,85,8.6,1016.3,1.7,2.7,8,808.8,0
2018-01-28 21:46:59,3,39,21.2,85,8.6,1016.4,3.1,3.4,10,808.8,0
2018-01-28 21:49:59,3,39,21.2,85,8.6,1016.3,2.7,4.1,12,808.8,0
2018-01-28 21:52:59,3,39,21.1,85,8.7,1016.4,3.7,5.4,4,808.8,0
2018-01-28 21:55:59,3,39,21.1,85,8.7,1016.4,2.7,3.7,10,808.8,0
2018-01-28 21:58:59,3,39,21.1,85,8.7,1016.4,3.7,5.8,10,808.8,0
2018-01-28 22:01:59,3,39,21.1,85,8.7,1016.4,2.0,3.1,10,808.8,0
2018-01-28 22:04:59,3,39,21.1,85,8.7,1016.3,3.4,3.7,10,808.8,0
2018-01-28 22:07:59,3,39,21.1,85,8.7,1016.2,1.7,2.4,12,808.8,0
2018-01-28 22:10:59,3,39,21.1,86,8.7,1016.3,2.0,2.4,12,808.8,0
2018-01-28 22:13:59,3,39,21.1,86,8.8,1016.3,2.0,2.4,8,808.8,0
2018-01-28 22:16:59,3,39,21.1,86,8.8,1016.3,3.4,3.7,10,808.8,0
2018-01-28 22:19:59,3,39,21.1,86,8.8,1016.2,2.0,2.7,10,808.8,0
2018-01-28 22:22:59,3,39,21.1,86,8.9,1016.3,2.7,3.7,12,808.8,0
2018-01-28 22:25:59,3,39,21.1,86,8.9,1016.3,3.4,4.1,10,809.1,0
2018-01-28 22:28:59,3,39,21.0,86,8.9,1016.3,2.4,3.1,12,809.1,0
2018-01-28 22:31:59,3,39,21.0,86,8.9,1016.2,2.7,3.7,12,809.1,0
2018-01-28 22:34:59,3,39,21.0,86,9.0,1016.2,3.1,4.1,10,809.1,0
2018-01-28 22:37:59,3,39,21.0,86,9.0,1016.1,2.4,3.1,12,809.1,0
2018-01-28 22:40:59,3,39,21.0,86,9.0,1016.2,2.0,3.1,10,809.1,0
2018-01-28 22:43:59,3,40,20.9,86,9.0,1016.2,4.1,6.5,12,809.1,0
2018-01-28 22:46:59,3,40,20.9,86,9.0,1016.2,2.4,4.1,14,809.1,0
2018-01-28 22:49:59,3,40,20.9,86,9.1,1016.2,3.7,4.1,8,809.1,0
2018-01-28 22:52:59,3,40,20.9,86,9.1,1016.1,3.7,5.4,10,809.4,0
2018-01-28 22:55:59,3,40,20.9,86,9.1,1016.1,3.1,4.1,10,809.4,0
2018-01-28 22:58:59,3,40,20.9,86,9.1,1016.2,2.0,3.4,10,809.4,0
2018-01-28 23:01:59,3,40,20.9,86,9.1,1016.2,2.4,3.4,10,809.4,0
2018-01-28 23:04:59,3,40,20.9,86,9.1,1016.1,2.4,3.4,10,809.4,0
2018-01-28 23:07:59,3,40,20.9,87,9.2,1016.2,3.1,4.4,10,809.4,0
2018-01-28 23:10:59,3,40,20.9,87,9.2,1016.1,3.4,4.1,9,809.4,0
2018-01-28 23:13:59,3,40,20.9,87,9.2,1016.1,1.7,2.7,11,809.4,0
2018-01-28 23:16:59,3,40,20.8,87,9.2,1016.1,3.4,4.8,10,809.4,0
2018-01-28 23:19:59,3,40,20.8,87,9.2,1016.1,2.0,2.7,10,809.4,0
2018-01-28 23:22:59,3,40,20.7,87,9.2,1016.2,5.4,7.1,8,809.7,0
2018-01-28 23:25:59,3,40,20.7,87,9.2,1016.1,2.4,3.7,10,809.7,0
2018-01-28 23:28:59,3,40,20.7,87,9.2,1016.2,3.1,4.4,12,809.7,0
2018-01-28 23:31:59,3,40,20.7,87,9.2,1016.1,3.1,4.4,8,809.7,0
2018-01-28 23:34:59,3,40,20.7,87,9.2,1016.1,2.0,3.1,10,809.7,0
2018-01-28 23:37:59,3,40,20.7,87,9.2,1016.1,2.0,2.4,8,809.7,0
2018-01-28 23:40:59,3,40,20.6,87,9.2,1016.0,1.7,2.7,12,810.0,0
2018-01-28 23:43:59,3,40,20.6,87,9.2,1016.1,1.7,2.4,10,810.0,0
2018-01-28 23:46:59,3,40,20.6,87,9.3,1016.0,2.7,3.4,10,810.0,0
2018-01-28 23:49:59,3,40,20.6,87,9.3,1016.1,3.1,3.7,12,810.0,0
2018-01-28 23:52:59,3,40,20.6,87,9.3,1016.0,2.4,3.4,10,810.0,0
2018-01-28 23:55:59,3,40,20.6,87,9.3,1016.0,2.0,3.4,10,810.0,0
2018-01-28 23:58:59,3,40,20.6,87,9.3,1016.0,3.1,3.4,8,810.0,0
