2019-12-08 00:01:59,3,40,20.1,72,8.3,1004.3,1.4,1.7,10,1573.5,0
2019-12-08 00:04:59,3,40,20.1,72,8.3,1004.1,1.7,2.7,10,1573.5,0
2019-12-08 00:07:59,3,40,20.1,72,8.2,1004.0,1.7,2.7,10,1573.5,0
2019-12-08 00:10:59,3,39,20.1,72,8.2,1004.0,1.4,1.7,9,1573.5,0
2019-12-08 00:13:59,3,39,20.1,72,8.2,1003.9,2.0,3.1,8,1573.5,0
2019-12-08 00:16:59,3,39,20.0,72,8.2,1003.9,1.7,2.4,10,1573.5,0
2019-12-08 00:19:59,3,39,20.0,72,8.2,1004.1,2.0,3.1,10,1573.5,0
2019-12-08 00:22:59,3,39,20.0,72,8.2,1003.9,1.4,2.0,10,1573.5,0
2019-12-08 00:25:59,3,39,20.0,72,8.2,1004.0,3.1,4.1,10,1573.5,0
2019-12-08 00:28:59,3,39,20.0,71,8.2,1004.0,2.0,2.7,12,1573.5,0
2019-12-08 00:31:59,3,39,20.0,71,8.2,1003.9,1.0,1.4,10,1573.5,0
2019-12-08 00:34:59,3,39,20.0,71,8.2,1003.8,2.7,4.1,8,1573.5,0
2019-12-08 00:37:59,3,39,20.0,71,8.2,1003.7,1.4,2.0,12,1573.5,0
2019-12-08 00:40:59,3,39,20.0,71,8.2,1003.7,1.4,1.7,8,1573.5,0
2019-12-08 00:43:59,3,39,20.0,71,8.1,1003.6,1.7,2.0,10,1573.5,0
2019-12-08 00:46:59,3,40,19.9,71,8.1,1003.5,1.4,2.0,12,1573.5,0
2019-12-08 00:49:59,3,41,19.8,71,8.1,1003.6,1.7,2.7,10,1573.5,0
2019-12-08 00:52:59,3,41,19.8,71,8.1,1003.4,1.7,2.4,15,1573.5,0
2019-12-08 00:55:59,3,40,19.8,71,8.1,1003.4,1.4,2.0,10,1573.5,0
2019-12-08 00:58:59,3,40,19.8,71,8.1,1003.5,1.7,2.7,10,1573.5,0
2019-12-08 01:01:59,3,40,19.8,71,8.1,1003.4,2.0,2.7,8,1573.5,0
2019-12-08 01:04:59,3,40,19.8,71,8.1,1003.5,2.0,2.7,8,1573.5,0
2019-12-08 01:07:59,3,40,19.8,71,8.1,1003.3,1.7,2.0,10,1573.5,0
2019-12-08 01:10:59,3,40,19.8,71,8.0,1003.4,2.0,2.7,10,1573.5,0
2019-12-08 01:13:59,3,40,19.8,71,8.0,1003.4,1.0,2.0,14,1573.5,0
2019-12-08 01:16:59,3,40,19.8,71,8.0,1003.5,1.7,2.0,10,1573.5,0
2019-12-08 01:19:59,3,40,19.7,71,8.0,1003.5,3.7,4.4,10,1573.5,0
2019-12-08 01:22:59,3,40,19.7,71,8.0,1003.4,1.7,2.4,10,1573.5,0
2019-12-08 01:25:59,3,40,19.7,71,8.0,1003.3,2.4,3.1,11,1573.5,0
2019-12-08 01:28:59,3,40,19.7,70,8.0,1003.3,1.0,1.7,10,1573.5,0
2019-12-08 01:31:59,3,40,19.7,70,8.0,1003.2,1.4,1.7,10,1573.5,0
2019-12-08 01:34:59,3,40,19.7,70,8.0,1003.1,2.0,2.7,9,1573.5,0
2019-12-08 01:37:59,3,40,19.7,70,7.9,1003.1,2.7,3.7,10,1573.5,0
2019-12-08 01:40:59,3,40,19.7,70,7.9,1003.0,1.0,1.7,10,1573.5,0
2019-12-08 01:43:59,3,40,19.6,70,7.9,1003.1,1.7,2.0,10,1573.5,0
2019-12-08 01:46:59,3,40,19.6,70,7.9,1003.0,2.4,3.4,12,1573.5,0
2019-12-08 01:49:59,3,40,19.6,70,7.9,1002.8,1.7,2.4,8,1573.5,0
2019-12-08 01:52:59,3,40,19.6,70,7.9,1002.9,2.4,3.1,11,1573.5,0
2019-12-08 01:55:59,3,40,19.6,70,7.9,1002.8,1.7,2.4,8,1573.5,0
2019-12-08 01:58:59,3,40,19.6,70,7.9,1002.8,1.4,1.7,10,1573.5,0
2019-12-08 02:01:59,3,40,19.6,70,7.9,1003.0,1.7,2.4,10,1573.5,0
2019-12-08 02:04:59,3,40,19.6,70,7.9,1002.9,2.4,3.1,10,1573.5,0
2019-12-08 02:07:59,3,40,19.6,70,7.9,1002.8,2.4,3.1,11,1573.5,0
2019-12-08 02:10:59,3,40,19.5,70,7.9,1002.7,1.0,1.7,8,1573.5,0
2019-12-08 02:13:59,3,40,19.5,70,7.9,1002.7,1.4,2.4,10,1573.5,0
2019-12-08 02:16:59,3,40,19.5,70,7.9,1002.6,2.4,3.1,1,1573.5,0
2019-12-08 02:19:59,3,40,19.5,70,7.9,1002.7,1.7,2.0,8,1573.5,0
2019-12-08 02:22:59,3,40,19.5,70,7.9,1002.8,2.4,3.1,8,1573.5,0
2019-12-08 02:25:59,3,40,19.5,70,7.9,1002.7,2.0,2.7,9,1573.5,0
2019-12-08 02:28:59,3,40,19.4,70,7.9,1002.8,1.4,2.0,10,1573.5,0
2019-12-08 02:31:59,3,40,19.4,69,7.9,1002.6,1.0,1.7,12,1573.5,0
2019-12-08 02:34:59,3,40,19.4,69,7.9,1002.7,1.4,1.7,10,1573.5,0
2019-12-08 02:37:59,3,40,19.3,69,7.9,1002.6,1.4,2.7,10,1573.5,0
2019-12-08 02:40:59,3,40,19.3,68,7.9,1002.5,2.0,2.7,10,1573.5,0
2019-12-08 02:43:59,3,40,19.3,68,7.9,1002.3,2.0,2.4,10,1573.5,0
2019-12-08 02:46:59,3,40,19.3,68,7.9,1002.4,1.0,1.7,10,1573.5,0
2019-12-08 02:49:59,3,40,19.3,67,7.9,1002.4,1.0,1.4,9,1573.5,0
2019-12-08 02:52:59,3,40,19.3,67,7.9,1002.3,1.4,2.0,10,1573.5,0
2019-12-08 02:55:59,3,40,19.3,67,7.9,1002.3,2.0,3.1,10,1573.5,0
2019-12-08 02:58:59,3,40,19.3,66,8.0,1002.3,1.4,1.7,14,1573.5,0
2019-12-08 03:01:59,3,40,19.3,66,8.0,1002.1,2.0,2.7,10,1573.5,0
2019-12-08 03:04:59,3,40,19.2,66,8.0,1002.1,2.0,2.7,10,1573.5,0
2019-12-08 03:07:59,3,40,19.2,65,8.1,1002.2,1.7,2.0,12,1573.5,0
2019-12-08 03:10:59,3,40,19.2,65,8.1,1002.1,2.7,3.7,10,1573.5,0
2019-12-08 03:13:59,3,40,19.2,65,8.1,1002.1,1.7,2.0,8,1573.5,0
2019-12-08 03:16:59,3,40,19.2,65,8.1,1001.9,1.7,2.4,12,1573.5,0
2019-12-08 03:19:59,3,40,19.2,64,8.1,1002.0,2.0,2.4,9,1573.5,0
2019-12-08 03:22:59,3,40,19.2,64,8.1,1001.8,1.0,1.4,10,1573.5,0
2019-12-08 03:25:59,3,40,19.2,64,8.1,1001.8,1.7,2.0,8,1573.5,0
2019-12-08 03:28:59,3,40,19.1,64,8.1,1001.7,1.7,2.4,10,1573.5,0
2019-12-08 03:31:59,3,40,19.1,64,8.1,1001.6,1.4,2.0,10,1573.5,0
2019-12-08 03:34:59,3,40,19.1,64,8.1,1001.5,2.0,2.7,8,1573.5,0
2019-12-08 03:37:59,3,40,19.1,64,8.1,1001.5,1.0,1.4,6,1573.5,0
2019-12-08 03:40:59,3,40,19.1,64,8.1,1001.4,1.4,2.4,8,1573.5,0
2019-12-08 03:43:59,3,40,19.1,64,8.1,1001.3,1.0,1.4,10,1573.5,0
2019-12-08 03:46:59,3,40,19.1,64,8.1,1001.3,1.4,1.7,10,1573.5,0
2019-12-08 03:49:59,3,40,19.1,64,8.1,1001.3,1.4,2.0,12,1573.5,0
2019-12-08 03:52:59,3,40,19.0,64,8.1,1001.2,2.7,4.1,10,1573.5,0
2019-12-08 03:55:59,3,39,19.1,64,8.1,1001.2,1.0,1.7,13,1573.5,0
2019-12-08 03:58:59,3,39,19.1,64,8.1,1001.2,1.4,2.0,10,1573.5,0
2019-12-08 04:01:59,3,39,19.0,64,8.1,1001.2,2.4,3.1,10,1573.5,0
2019-12-08 04:04:59,3,39,19.0,64,8.1,1001.1,0.7,1.0,8,1573.5,0
2019-12-08 04:07:59,3,40,19.0,64,8.1,1001.0,1.4,2.4,8,1573.5,0
2019-12-08 04:10:59,3,40,19.0,64,8.0,1000.9,1.0,1.4,8,1573.5,0
2019-12-08 04:13:59,3,39,19.0,64,8.0,1001.0,1.4,2.0,10,1573.5,0
2019-12-08 04:16:59,3,39,19.0,64,8.0,1000.9,2.0,3.1,14,1573.5,0
2019-12-08 04:19:59,3,39,19.0,64,8.0,1000.8,1.4,2.0,10,1573.5,0
2019-12-08 04:22:59,3,39,19.0,64,8.0,1000.6,1.7,2.7,8,1573.5,0
2019-12-08 04:25:59,3,39,19.0,64,8.0,1000.6,1.4,2.0,8,1573.5,0
2019-12-08 04:28:59,3,40,18.9,64,8.0,1000.5,2.0,2.7,10,1573.5,0
2019-12-08 04:31:59,3,40,18.9,64,8.1,1000.6,2.4,3.4,10,1573.5,0
2019-12-08 04:34:59,3,40,18.9,64,8.1,1000.5,1.4,2.0,10,1573.5,0
2019-12-08 04:37:59,3,40,18.9,64,8.1,1000.5,1.7,2.0,8,1573.5,0
2019-12-08 04:40:59,3,40,18.9,64,8.1,1000.4,2.0,2.7,10,1573.5,0
2019-12-08 04:43:59,3,40,18.9,64,8.1,1000.5,2.0,2.4,10,1573.5,0
2019-12-08 04:46:59,3,40,18.9,64,8.1,1000.3,1.7,2.7,10,1573.5,0
2019-12-08 04:49:59,3,40,18.8,64,8.2,1000.4,2.0,2.7,6,1573.5,0
2019-12-08 04:52:59,3,40,18.8,64,8.2,1000.4,1.7,2.7,8,1573.5,0
2019-12-08 04:55:59,3,40,18.8,64,8.2,1000.3,2.4,3.4,8,1573.5,0
2019-12-08 04:58:59,3,40,18.8,64,8.2,1000.3,1.7,2.4,8,1573.5,0
2019-12-08 05:01:59,3,40,18.8,64,8.2,1000.3,2.7,3.4,10,1573.5,0
2019-12-08 05:04:59,3,40,18.9,64,8.2,1000.2,2.7,3.4,10,1573.5,0
2019-12-08 05:07:59,3,40,18.9,64,8.2,1000.2,2.7,4.4,10,1573.5,0
2019-12-08 05:10:59,3,40,18.9,64,8.2,1000.2,1.7,2.4,8,1573.5,0
2019-12-08 05:13:59,3,40,18.9,64,8.2,1000.0,1.4,2.4,6,1573.5,0
2019-12-08 05:16:59,3,40,19.0,64,8.2,1000.1,2.4,3.1,10,1573.5,0
2019-12-08 05:19:59,3,40,19.0,64,8.2,1000.1,1.0,1.4,14,1573.5,0
2019-12-08 05:22:59,3,40,19.0,64,8.2,1000.1,1.7,2.4,6,1573.5,0
2019-12-08 05:25:59,3,40,19.1,64,8.2,1000.1,1.7,2.7,8,1573.5,0
2019-12-08 05:28:59,3,40,19.1,64,8.2,1000.1,2.0,3.1,8,1573.5,0
2019-12-08 05:31:59,3,40,19.1,64,8.3,1000.1,3.1,5.1,8,1573.5,0
2019-12-08 05:34:59,3,40,19.2,64,8.3,1000.0,1.4,2.0,11,1573.5,0
2019-12-08 05:37:59,3,40,19.2,64,8.3,1000.0,2.0,2.7,10,1573.5,0
2019-12-08 05:40:59,3,40,19.3,64,8.2,1000.0,1.4,2.4,12,1573.5,0
2019-12-08 05:43:59,3,40,19.3,64,8.2,1000.0,2.4,3.4,8,1573.5,0
2019-12-08 05:46:59,3,40,19.3,65,8.3,999.9,3.1,3.7,8,1573.5,0
2019-12-08 05:49:59,3,39,19.5,65,8.3,999.8,1.7,2.4,8,1573.5,0
2019-12-08 05:52:59,3,39,19.5,65,8.3,999.9,2.4,4.1,8,1573.5,0
2019-12-08 05:55:59,3,39,19.5,65,8.3,999.8,1.0,1.7,10,1573.5,0
2019-12-08 05:58:59,3,39,19.6,65,8.2,999.8,1.0,1.4,8,1573.5,0
2019-12-08 06:01:59,3,39,19.6,65,8.2,999.8,1.4,2.0,6,1573.5,0
2019-12-08 06:04:59,3,39,19.6,65,8.2,999.6,2.0,2.4,10,1573.5,0
2019-12-08 06:07:59,3,39,19.6,65,8.2,999.6,1.4,2.7,9,1573.5,0
2019-12-08 06:10:59,3,39,19.6,65,8.2,999.6,1.0,1.7,10,1573.5,0
2019-12-08 06:13:59,3,39,19.7,65,8.2,999.5,2.0,3.4,10,1573.5,0
2019-12-08 06:16:59,3,39,19.7,65,8.3,999.4,3.1,4.8,9,1573.5,0
2019-12-08 06:19:59,3,39,19.7,65,8.3,999.4,2.0,2.4,14,1573.5,0
2019-12-08 06:22:59,3,39,19.7,65,8.3,999.4,0.7,1.7,10,1573.5,0
2019-12-08 06:25:59,3,39,19.7,65,8.2,999.3,1.0,1.4,8,1573.5,0
2019-12-08 06:28:59,3,39,19.7,65,8.2,999.1,2.0,2.4,9,1573.5,0
2019-12-08 06:31:59,3,39,19.8,65,8.1,999.0,2.4,3.7,10,1573.5,0
2019-12-08 06:34:59,3,39,19.8,65,8.1,999.0,1.0,2.7,4,1573.5,0
2019-12-08 06:37:59,3,39,19.8,65,8.0,998.9,1.7,2.4,14,1573.5,0
2019-12-08 06:40:59,3,39,19.8,65,8.0,999.0,2.0,3.1,10,1573.5,0
2019-12-08 06:43:59,3,39,19.8,65,8.0,999.0,3.4,4.4,8,1573.5,0
2019-12-08 06:46:59,3,39,19.8,65,8.0,998.9,1.7,2.0,10,1573.5,0
2019-12-08 06:49:59,3,39,19.8,65,8.1,998.8,1.4,2.0,12,1573.5,0
2019-12-08 06:52:59,3,39,19.8,65,8.1,998.9,2.7,3.4,12,1573.5,0
2019-12-08 06:55:59,3,39,19.8,65,8.2,998.8,4.1,4.8,6,1573.5,0
2019-12-08 06:58:59,3,39,19.9,65,8.3,998.8,1.7,2.0,8,1573.5,0
2019-12-08 07:01:59,3,39,19.9,65,8.3,998.8,3.1,3.7,10,1573.5,0
2019-12-08 07:04:59,3,38,20.0,65,8.3,998.8,3.1,3.7,10,1573.5,0
2019-12-08 07:07:59,3,38,20.0,65,8.4,998.7,1.0,1.4,8,1573.5,0
2019-12-08 07:10:59,3,39,20.0,65,8.3,998.7,1.7,2.0,10,1573.5,0
2019-12-08 07:13:59,3,39,20.0,65,8.3,998.6,0.7,1.4,9,1573.5,0
2019-12-08 07:16:59,3,39,20.0,65,8.3,998.6,1.0,1.4,8,1573.5,0
2019-12-08 07:19:59,3,39,20.0,65,8.3,998.5,1.7,2.0,10,1573.5,0
2019-12-08 07:22:59,3,39,20.1,65,8.3,998.4,2.0,3.7,8,1573.5,0
2019-12-08 07:25:59,3,39,20.2,65,8.3,998.4,2.4,3.1,8,1573.5,0
2019-12-08 07:28:59,3,39,20.4,65,8.3,998.4,1.4,2.0,0,1573.5,0
2019-12-08 07:31:59,3,38,20.5,66,8.3,998.3,1.4,2.0,6,1573.5,0
2019-12-08 07:34:59,3,38,20.6,66,8.3,998.5,2.4,3.4,8,1573.5,0
2019-12-08 07:37:59,3,37,20.7,66,8.3,998.5,3.1,3.4,8,1573.5,0
2019-12-08 07:40:59,3,37,20.9,66,8.3,998.4,1.0,1.7,8,1573.5,0
2019-12-08 07:43:59,3,36,21.0,66,8.3,998.3,1.7,2.4,8,1573.5,0
2019-12-08 07:46:59,3,35,21.1,66,8.2,998.2,1.4,2.0,5,1573.5,0
2019-12-08 07:49:59,3,36,21.2,66,8.2,998.2,2.0,2.4,8,1573.5,0
2019-12-08 07:52:59,3,35,21.2,66,8.2,998.1,2.0,2.4,6,1573.5,0
2019-12-08 07:55:59,3,35,21.3,67,8.1,998.3,1.7,3.1,10,1573.5,0
2019-12-08 07:58:59,3,35,21.5,67,8.1,998.1,2.0,2.7,8,1573.5,0
2019-12-08 08:01:59,3,35,21.5,67,8.1,998.1,1.4,2.0,8,1573.5,0
2019-12-08 08:04:59,3,35,21.6,67,8.1,998.0,2.4,3.1,12,1573.5,0
2019-12-08 08:07:59,3,35,21.7,67,8.1,997.9,1.0,1.4,4,1573.5,0
2019-12-08 08:10:59,3,34,21.7,67,8.1,997.8,2.4,3.4,6,1573.5,0
2019-12-08 08:13:59,3,35,21.8,67,8.2,997.8,2.4,3.1,10,1573.5,0
2019-12-08 08:16:59,3,34,21.9,66,8.2,997.8,0.7,1.0,8,1573.5,0
2019-12-08 08:19:59,3,34,21.9,66,8.2,997.8,1.4,1.7,8,1573.5,0
2019-12-08 08:22:59,3,34,21.9,66,8.2,997.7,1.4,1.7,8,1573.5,0
2019-12-08 08:25:59,3,33,22.1,66,8.3,997.9,1.7,2.7,9,1573.5,0
2019-12-08 08:28:59,3,33,22.1,65,8.4,997.8,2.0,3.7,8,1573.5,0
2019-12-08 08:31:59,3,32,22.2,65,8.4,997.8,2.0,2.7,8,1573.5,0
2019-12-08 08:34:59,3,32,22.2,65,8.5,997.7,2.0,2.7,2,1573.5,0
2019-12-08 08:37:59,3,32,22.3,64,8.6,997.7,1.4,2.0,10,1573.5,0
2019-12-08 08:40:59,3,32,22.3,64,8.6,997.7,1.4,1.7,8,1573.5,0
2019-12-08 08:43:59,3,32,22.5,64,8.6,997.7,3.4,5.4,10,1573.5,0
2019-12-08 08:46:59,3,32,22.5,64,8.7,997.5,3.7,5.1,10,1573.5,0
2019-12-08 08:49:59,3,32,22.6,64,8.7,997.6,1.7,2.4,8,1573.5,0
2019-12-08 08:52:59,3,32,22.6,64,8.8,997.5,2.0,3.4,8,1573.5,0
2019-12-08 08:55:59,3,32,22.6,63,8.8,997.4,2.0,2.7,12,1573.5,0
2019-12-08 08:58:59,3,32,22.7,63,8.9,997.5,2.0,2.7,10,1573.5,0
2019-12-08 09:01:59,3,31,22.7,63,8.9,997.4,1.7,2.0,10,1573.5,0
2019-12-08 09:04:59,3,31,22.7,63,8.9,997.3,1.7,2.0,10,1573.5,0
2019-12-08 09:07:59,3,31,22.7,63,9.0,997.3,2.7,4.4,10,1573.5,0
2019-12-08 09:10:59,3,31,22.7,63,9.1,997.1,1.4,1.7,8,1573.5,0
2019-12-08 09:13:59,3,31,22.7,63,9.1,996.9,1.7,3.1,8,1573.5,0
2019-12-08 09:16:59,3,31,22.7,63,9.1,997.0,1.7,2.4,14,1573.5,0
2019-12-08 09:19:59,3,31,22.7,63,9.1,997.0,1.4,2.0,8,1573.5,0
2019-12-08 09:22:59,3,31,22.8,63,9.2,997.0,3.4,4.8,8,1573.5,0
2019-12-08 09:25:59,3,31,22.9,63,9.2,997.0,2.0,2.7,8,1573.5,0
2019-12-08 09:28:59,3,31,22.9,63,9.3,996.9,1.7,2.7,10,1573.5,0
2019-12-08 09:31:59,3,31,22.8,63,9.3,996.6,3.7,5.8,0,1573.5,0
2019-12-08 09:34:59,3,31,22.6,63,9.4,996.6,2.0,2.7,12,1573.5,0
2019-12-08 09:37:59,3,31,22.6,63,9.5,996.7,1.4,3.1,12,1573.5,0
2019-12-08 09:40:59,3,32,22.4,63,9.6,996.6,4.1,5.4,10,1573.5,0
2019-12-08 09:43:59,3,32,22.3,63,9.6,996.7,2.7,3.7,10,1573.5,0
2019-12-08 09:46:59,3,32,22.2,63,9.7,996.5,2.4,3.4,10,1573.5,0
2019-12-08 09:49:59,3,32,22.2,63,9.7,996.4,3.1,4.4,11,1573.5,0
2019-12-08 09:52:59,3,32,22.1,63,9.8,996.3,2.7,3.7,6,1573.5,0
2019-12-08 09:55:59,3,32,22.0,63,9.8,996.1,2.4,3.1,8,1573.5,0
2019-12-08 09:58:59,3,33,21.9,62,9.8,996.2,3.1,4.4,11,1573.5,0
2019-12-08 10:01:59,3,33,21.9,62,9.9,996.0,3.4,5.8,10,1573.5,0
2019-12-08 10:04:59,3,33,21.9,62,9.9,995.8,3.1,3.7,10,1573.5,0
2019-12-08 10:07:59,3,33,21.9,62,9.9,995.9,3.7,4.4,12,1573.5,0
2019-12-08 10:10:59,3,33,21.8,62,9.9,995.7,2.4,3.4,10,1573.5,0
2019-12-08 10:13:59,3,33,21.8,62,9.9,995.6,1.4,2.4,6,1573.5,0
2019-12-08 10:16:59,3,34,21.8,62,9.9,995.5,3.1,4.1,10,1573.5,0
2019-12-08 10:19:59,3,34,21.8,62,9.9,995.4,2.0,3.1,6,1573.5,0
2019-12-08 10:22:59,3,34,21.8,62,9.9,995.3,3.1,4.8,8,1573.5,0
2019-12-08 10:25:59,3,34,21.7,62,9.9,995.3,2.4,3.4,8,1573.5,0
2019-12-08 10:28:59,3,34,21.7,62,9.9,995.1,1.7,2.7,12,1573.5,0
2019-12-08 10:31:59,3,35,21.7,62,9.9,995.3,4.8,6.8,6,1573.5,0
2019-12-08 10:34:59,3,35,21.7,63,9.9,995.2,2.4,3.4,10,1573.5,0
2019-12-08 10:37:59,3,35,21.6,63,9.9,995.1,3.1,4.1,10,1573.5,0
2019-12-08 10:40:59,3,35,21.6,63,9.9,995.0,2.4,3.4,10,1573.5,0
2019-12-08 10:43:59,3,36,21.6,63,9.9,995.0,1.7,2.0,8,1573.5,0
2019-12-08 10:46:59,3,36,21.5,63,9.9,995.0,3.4,4.4,10,1573.5,0
2019-12-08 10:49:59,3,36,21.5,63,9.9,995.0,3.1,4.1,10,1573.5,0
2019-12-08 10:52:59,3,36,21.5,63,9.9,994.9,2.4,3.1,10,1573.5,0
2019-12-08 10:55:59,3,36,21.5,63,9.9,995.0,2.7,3.7,8,1573.5,0
2019-12-08 10:58:59,3,36,21.4,63,9.9,995.0,2.7,4.1,10,1573.5,0
2019-12-08 11:01:59,3,36,21.3,63,9.9,994.8,2.4,3.1,12,1573.5,0
2019-12-08 11:04:59,3,36,21.3,63,9.9,994.9,2.4,3.1,12,1573.5,0
2019-12-08 11:07:59,3,36,21.3,63,10.0,994.9,1.4,1.7,14,1573.5,0
2019-12-08 11:10:59,3,36,21.2,63,10.0,994.8,2.0,2.7,10,1573.5,0
2019-12-08 11:13:59,3,37,21.2,63,10.0,994.7,2.0,2.4,8,1573.5,0
2019-12-08 11:16:59,3,37,21.2,63,10.1,994.7,2.7,3.7,11,1573.5,0
2019-12-08 11:19:59,3,37,21.2,63,10.1,994.6,2.4,3.7,10,1573.5,0
2019-12-08 11:22:59,3,37,21.2,63,10.1,994.6,2.4,3.7,8,1573.5,0
2019-12-08 11:25:59,3,37,21.1,64,10.1,994.5,2.0,3.1,6,1573.5,0
2019-12-08 11:28:59,3,37,21.1,64,10.1,994.4,3.1,4.1,8,1573.5,0
2019-12-08 11:31:59,3,37,21.1,64,10.1,994.5,2.0,3.1,8,1573.5,0
2019-12-08 11:34:59,3,37,21.1,64,10.1,994.4,2.7,5.1,8,1573.5,0
2019-12-08 11:37:59,3,38,21.1,64,10.1,994.3,1.7,2.0,10,1573.5,0
2019-12-08 11:40:59,3,38,21.0,64,10.1,994.3,2.4,2.7,10,1573.5,0
2019-12-08 11:43:59,3,38,21.1,65,10.1,994.1,1.7,2.4,10,1573.5,0
2019-12-08 11:46:59,3,38,21.0,65,10.1,994.1,2.0,2.7,8,1573.5,0
2019-12-08 11:49:59,3,38,21.0,66,10.1,994.1,2.0,2.7,10,1573.5,0
2019-12-08 11:52:59,3,38,21.0,68,10.0,994.1,1.7,2.7,10,1573.5,0
2019-12-08 11:55:59,3,39,20.9,69,9.9,994.1,1.7,2.4,12,1573.5,0
2019-12-08 11:58:59,3,39,20.9,70,9.7,994.1,2.4,3.4,8,1573.5,0
2019-12-08 12:01:59,3,39,20.9,71,9.6,994.1,1.4,2.0,10,1573.8,0
2019-12-08 12:04:59,3,39,20.9,71,9.5,994.0,1.4,2.0,10,1573.8,0
2019-12-08 12:07:59,3,39,20.9,72,9.4,994.0,1.7,2.4,10,1573.8,0
2019-12-08 12:10:59,3,39,20.8,72,9.4,993.9,1.7,2.4,4,1573.8,0
2019-12-08 12:13:59,3,39,20.8,73,9.3,993.8,1.7,2.7,6,1573.8,0
2019-12-08 12:16:59,3,39,20.8,73,9.3,993.8,3.1,4.1,10,1573.8,0
2019-12-08 12:19:59,3,40,20.8,73,9.3,993.8,1.7,2.4,10,1573.8,0
2019-12-08 12:22:59,3,40,20.7,74,9.3,993.6,2.7,3.7,10,1573.8,0
2019-12-08 12:25:59,3,40,20.7,74,9.3,993.6,1.4,1.7,12,1573.8,0
2019-12-08 12:28:59,3,40,20.7,73,9.3,993.6,1.7,2.4,12,1573.8,0
2019-12-08 12:31:59,3,40,20.7,73,9.4,993.5,2.4,3.1,10,1573.8,0
2019-12-08 12:34:59,3,40,20.7,73,9.5,993.4,1.4,2.4,8,1573.8,0
2019-12-08 12:37:59,3,40,20.7,73,9.5,993.3,3.7,5.4,8,1573.8,0
2019-12-08 12:40:59,3,40,20.6,72,9.6,993.5,2.4,3.1,10,1573.8,0
2019-12-08 12:43:59,3,40,20.6,72,9.6,993.5,2.4,3.4,10,1573.8,0
2019-12-08 12:46:59,3,40,20.6,73,9.5,993.4,2.7,3.4,14,1573.8,0
2019-12-08 12:49:59,3,40,20.6,73,9.4,993.5,1.7,2.4,10,1573.8,0
2019-12-08 12:52:59,3,40,20.6,74,9.4,993.4,2.7,3.4,9,1573.8,0
2019-12-08 12:55:59,3,40,20.6,74,9.3,993.4,1.4,2.0,10,1573.8,0
2019-12-08 12:58:59,3,40,20.6,74,9.3,993.4,1.4,2.7,13,1573.8,0
2019-12-08 13:01:59,3,40,20.6,74,9.3,993.4,1.4,2.4,12,1573.8,0
2019-12-08 13:04:59,3,40,20.6,74,9.3,993.2,1.4,2.4,12,1573.8,0
2019-12-08 13:07:59,3,40,20.6,74,9.4,993.3,1.7,2.0,8,1573.8,0
2019-12-08 13:10:59,3,40,20.6,73,9.5,993.2,2.4,3.1,10,1573.8,0
2019-12-08 13:13:59,3,40,20.6,73,9.5,993.3,1.7,3.4,12,1573.8,0
2019-12-08 13:16:59,3,40,20.6,72,9.7,993.2,2.4,3.4,12,1573.8,0
2019-12-08 13:19:59,3,40,20.6,72,9.7,993.1,3.1,3.7,10,1573.8,0
2019-12-08 13:22:59,3,40,20.6,71,9.8,993.0,1.7,2.7,10,1573.8,0
2019-12-08 13:25:59,3,40,20.6,71,9.9,993.1,2.4,3.4,0,1573.8,0
2019-12-08 13:28:59,3,40,20.6,71,10.0,993.0,2.4,3.4,6,1573.8,0
2019-12-08 13:31:59,3,40,20.7,70,10.0,993.1,1.7,2.4,8,1573.8,0
2019-12-08 13:34:59,3,40,20.7,70,10.1,993.1,2.0,3.4,10,1573.8,0
2019-12-08 13:37:59,3,40,20.7,70,10.1,993.0,1.7,2.7,12,1573.8,0
2019-12-08 13:40:59,3,40,20.7,70,10.2,992.9,2.0,3.1,4,1573.8,0
2019-12-08 13:43:59,3,40,20.7,70,10.3,992.9,2.7,3.4,10,1573.8,0
2019-12-08 13:46:59,3,40,20.7,70,10.3,992.9,2.4,4.4,10,1573.8,0
2019-12-08 13:49:59,3,40,20.7,70,10.4,992.8,2.4,4.1,10,1573.8,0
2019-12-08 13:52:59,3,40,20.7,69,10.5,992.9,2.7,4.4,12,1573.8,0
2019-12-08 13:55:59,3,40,20.7,69,10.5,992.8,2.4,3.1,10,1573.8,0
2019-12-08 13:58:59,3,40,20.7,68,10.6,992.8,3.1,4.1,10,1573.8,0
2019-12-08 14:01:59,3,40,20.7,68,10.6,992.7,2.4,4.1,10,1573.8,0
2019-12-08 14:04:59,3,40,20.7,68,10.7,992.7,2.4,3.1,10,1573.8,0
2019-12-08 14:07:59,3,40,20.7,68,10.7,992.7,2.4,3.1,8,1573.8,0
2019-12-08 14:10:59,3,40,20.7,68,10.7,992.7,3.1,3.4,14,1573.8,0
2019-12-08 14:13:59,3,40,20.7,68,10.7,992.7,3.4,4.1,12,1573.8,0
2019-12-08 14:16:59,3,40,20.7,68,10.8,992.8,2.7,3.7,10,1573.8,0
2019-12-08 14:19:59,3,40,20.7,68,10.8,992.6,3.7,5.1,11,1573.8,0
2019-12-08 14:22:59,3,40,20.7,67,10.8,992.7,2.0,2.7,10,1573.8,0
2019-12-08 14:25:59,3,40,20.7,68,10.8,992.7,1.7,2.0,10,1573.8,0
2019-12-08 14:28:59,3,40,20.7,68,10.8,992.6,1.7,3.7,8,1573.8,0
2019-12-08 14:31:59,3,40,20.7,68,10.8,992.6,2.0,3.7,12,1573.8,0
2019-12-08 14:34:59,3,40,20.7,68,10.8,992.5,1.7,3.1,10,1573.8,0
2019-12-08 14:37:59,3,40,20.7,68,10.8,992.5,2.4,3.1,9,1573.8,0
2019-12-08 14:40:59,3,40,20.7,68,10.7,992.5,2.4,3.1,6,1573.8,0
2019-12-08 14:43:59,3,40,20.7,68,10.7,992.5,3.1,4.8,10,1573.8,0
2019-12-08 14:46:59,3,40,20.7,68,10.7,992.5,3.4,4.1,10,1573.8,0
2019-12-08 14:49:59,3,40,20.7,68,10.7,992.4,2.0,3.1,12,1573.8,0
2019-12-08 14:52:59,3,40,20.7,69,10.7,992.5,2.0,2.4,10,1573.8,0
2019-12-08 14:55:59,3,40,20.7,69,10.7,992.3,2.0,3.1,10,1573.8,0
2019-12-08 14:58:59,3,40,20.7,69,10.7,992.4,2.0,2.4,8,1573.8,0
2019-12-08 15:01:59,3,40,20.7,69,10.7,992.3,2.0,2.7,10,1573.8,0
2019-12-08 15:04:59,3,40,20.7,69,10.7,992.3,2.0,2.7,10,1573.8,0
2019-12-08 15:07:59,3,40,20.7,69,10.8,992.2,2.4,3.1,10,1573.8,0
2019-12-08 15:10:59,3,40,20.7,69,10.7,992.3,3.1,4.4,12,1573.8,0
2019-12-08 15:13:59,3,41,20.7,69,10.7,992.2,1.4,2.0,12,1573.8,0
2019-12-08 15:16:59,3,41,20.8,69,10.7,992.3,2.0,3.1,10,1573.8,0
2019-12-08 15:19:59,3,41,20.8,69,10.8,992.2,1.7,3.7,12,1573.8,0
2019-12-08 15:22:59,3,41,20.8,69,10.8,992.3,1.7,2.0,12,1573.8,0
2019-12-08 15:25:59,3,41,20.8,69,10.8,992.1,2.0,3.1,10,1573.8,0
2019-12-08 15:28:59,3,41,20.8,69,10.8,992.2,2.4,3.1,12,1573.8,0
2019-12-08 15:31:59,3,41,20.8,69,10.8,992.1,2.0,2.7,8,1573.8,0
2019-12-08 15:34:59,3,41,20.8,69,10.8,992.1,3.1,4.8,12,1573.8,0
2019-12-08 15:37:59,3,41,20.8,69,10.8,992.1,2.0,2.4,10,1573.8,0
2019-12-08 15:40:59,3,41,20.9,69,10.8,992.2,3.1,5.1,8,1573.8,0
2019-12-08 15:43:59,3,41,20.8,69,10.8,992.1,1.7,2.0,10,1573.8,0
2019-12-08 15:46:59,3,41,20.9,69,10.8,992.0,1.4,2.4,12,1573.8,0
2019-12-08 15:49:59,3,41,20.8,69,10.8,992.0,2.0,3.1,10,1573.8,0
2019-12-08 15:52:59,3,41,20.9,69,10.8,992.1,1.7,2.0,12,1573.8,0
2019-12-08 15:55:59,3,41,20.9,69,10.8,992.0,2.4,3.7,10,1573.8,0
2019-12-08 15:58:59,3,41,20.9,70,10.8,992.0,1.4,2.0,10,1573.8,0
2019-12-08 16:01:59,3,41,20.9,70,10.8,992.0,2.7,3.7,14,1573.8,0
2019-12-08 16:04:59,3,41,20.9,70,10.8,992.0,3.1,6.5,10,1573.8,0
2019-12-08 16:07:59,3,41,20.9,70,10.9,992.1,1.7,2.4,10,1573.8,0
2019-12-08 16:10:59,3,41,20.9,70,10.9,991.9,3.7,5.8,6,1573.8,0
2019-12-08 16:13:59,3,41,20.9,70,11.0,992.0,3.4,4.1,10,1573.8,0
2019-12-08 16:16:59,3,41,20.9,70,10.9,992.3,3.7,5.4,11,1573.8,0
2019-12-08 16:19:59,3,41,20.9,71,10.8,992.0,3.7,5.4,8,1573.8,0
2019-12-08 16:22:59,3,41,20.9,73,10.6,992.2,4.1,5.4,12,1573.8,0
2019-12-08 16:25:59,3,41,20.9,74,10.4,992.2,2.7,5.1,9,1573.8,0
2019-12-08 16:28:59,3,41,20.9,75,10.2,992.3,4.4,5.4,10,1574.1,0
2019-12-08 16:31:59,3,41,20.9,77,10.0,992.4,1.7,2.4,10,1574.1,0
2019-12-08 16:34:59,3,41,20.9,78,9.9,992.3,2.0,2.4,10,1574.1,0
2019-12-08 16:37:59,3,41,20.9,79,9.8,992.3,1.4,2.0,12,1574.4,0
2019-12-08 16:40:59,3,41,20.9,80,9.7,992.2,2.4,3.4,10,1574.4,0
2019-12-08 16:43:59,3,41,20.9,81,9.6,992.3,1.4,2.4,8,1574.4,0
2019-12-08 16:46:59,3,41,20.9,81,9.6,992.2,2.0,2.7,12,1574.4,0
2019-12-08 16:49:59,3,41,20.9,82,9.5,992.2,1.4,2.0,10,1574.4,0
2019-12-08 16:52:59,3,41,20.9,82,9.5,992.4,1.7,2.7,10,1574.4,0
2019-12-08 16:55:59,3,41,20.9,82,9.5,992.3,1.4,2.0,10,1574.4,0
2019-12-08 16:58:59,3,41,20.9,83,9.4,992.1,2.4,3.1,9,1574.7,0
2019-12-08 17:01:59,3,41,20.9,83,9.4,992.1,1.4,2.0,10,1574.7,0
2019-12-08 17:04:59,3,41,20.9,83,9.4,992.1,1.4,2.0,10,1574.7,0
2019-12-08 17:07:59,3,41,20.9,83,9.3,992.1,1.7,2.0,12,1574.7,0
2019-12-08 17:10:59,3,41,20.9,84,9.2,992.2,2.0,3.7,8,1574.7,0
2019-12-08 17:13:59,3,41,20.9,84,9.2,992.2,2.4,2.7,10,1574.7,0
2019-12-08 17:16:59,3,41,20.9,84,9.2,992.1,1.4,1.7,10,1574.7,0
2019-12-08 17:19:59,3,41,20.9,84,9.2,992.1,1.0,1.7,12,1574.7,0
2019-12-08 17:22:59,3,41,20.9,84,9.1,992.2,1.7,2.4,8,1574.7,0
2019-12-08 17:25:59,3,41,20.9,84,9.2,992.2,1.0,1.7,10,1574.7,0
2019-12-08 17:28:59,3,41,20.9,85,9.2,992.2,2.7,3.4,10,1575.0,0
2019-12-08 17:31:59,3,41,20.9,85,9.2,991.9,1.7,2.4,10,1575.0,0
2019-12-08 17:34:59,3,41,20.9,85,9.2,992.0,2.7,3.4,10,1575.3,0
2019-12-08 17:37:59,3,41,20.9,85,9.2,991.8,1.7,2.4,8,1575.3,0
2019-12-08 17:40:59,3,41,20.9,85,9.3,991.9,1.7,2.4,12,1575.3,0
2019-12-08 17:43:59,3,41,20.9,85,9.3,991.9,2.0,2.7,12,1575.3,0
2019-12-08 17:46:59,3,41,20.9,85,9.4,991.9,1.4,2.0,12,1575.3,0
2019-12-08 17:49:59,3,41,20.9,85,9.3,991.9,1.4,1.7,10,1575.3,0
2019-12-08 17:52:59,3,41,20.9,85,9.3,992.0,1.4,2.0,10,1575.3,0
2019-12-08 17:55:59,3,41,20.9,85,9.3,991.8,1.4,2.0,10,1575.3,0
2019-12-08 17:58:59,3,41,20.9,85,9.3,992.0,1.4,1.4,10,1575.3,0
2019-12-08 18:01:59,3,41,20.9,84,9.3,992.0,1.0,1.4,10,1575.3,0
2019-12-08 18:04:59,3,41,20.9,84,9.2,992.0,1.4,1.7,10,1575.3,0
2019-12-08 18:07:59,3,41,20.9,84,9.2,991.8,0.7,1.0,8,1575.3,0
2019-12-08 18:10:59,3,41,20.9,84,9.1,991.7,1.0,1.4,10,1575.3,0
2019-12-08 18:13:59,3,41,20.9,84,9.1,991.7,0.7,1.0,8,1575.3,0
2019-12-08 18:16:59,3,41,20.9,84,9.0,991.8,1.0,1.4,10,1575.3,0
2019-12-08 18:19:59,3,40,21.0,84,9.0,991.8,1.0,1.4,8,1575.3,0
2019-12-08 18:22:59,3,41,20.9,84,8.9,991.9,0.7,1.0,10,1575.3,0
2019-12-08 18:25:59,3,41,20.9,84,8.8,991.9,0.7,1.0,10,1575.3,0
2019-12-08 18:28:59,3,40,21.0,84,8.8,992.0,1.4,1.7,10,1575.3,0
2019-12-08 18:31:59,3,40,21.0,84,8.8,991.8,1.0,1.4,10,1575.3,0
2019-12-08 18:34:59,3,40,21.0,84,8.8,992.0,1.0,1.4,6,1575.3,0
2019-12-08 18:37:59,3,40,21.0,84,8.9,992.0,1.7,2.4,10,1575.3,0
2019-12-08 18:40:59,3,40,21.0,84,9.0,992.0,1.4,1.7,10,1575.3,0
2019-12-08 18:43:59,3,40,21.0,84,9.1,991.9,2.0,2.7,8,1575.3,0
2019-12-08 18:46:59,3,40,21.0,83,9.1,991.9,1.0,1.4,8,1575.3,0
2019-12-08 18:49:59,3,40,21.0,83,9.2,991.9,1.7,2.7,8,1575.3,0
2019-12-08 18:52:59,3,40,21.0,82,9.2,991.8,1.7,2.4,10,1575.3,0
2019-12-08 18:55:59,3,40,21.0,82,9.3,991.8,0.7,1.0,10,1575.3,0
2019-12-08 18:58:59,3,40,21.0,81,9.3,992.0,1.4,1.7,12,1575.3,0
2019-12-08 19:01:59,3,40,21.0,81,9.4,992.1,1.4,2.0,8,1575.3,0
2019-12-08 19:04:59,3,40,21.0,81,9.4,992.0,1.4,2.0,8,1575.3,0
2019-12-08 19:07:59,3,40,21.0,80,9.5,992.2,1.0,1.4,10,1575.3,0
2019-12-08 19:10:59,3,40,21.0,79,9.6,992.0,1.7,3.1,8,1575.3,0
2019-12-08 19:13:59,3,40,21.0,78,9.7,992.1,1.7,3.4,8,1575.3,0
2019-12-08 19:16:59,3,40,21.0,77,9.7,992.0,2.0,3.1,8,1575.3,0
2019-12-08 19:19:59,3,40,21.0,76,9.8,992.0,1.7,2.7,10,1575.3,0
2019-12-08 19:22:59,3,40,21.0,75,9.8,992.1,2.0,3.4,10,1575.3,0
2019-12-08 19:25:59,3,40,21.0,74,9.9,992.2,2.4,3.4,8,1575.3,0
2019-12-08 19:28:59,3,40,21.0,74,9.9,992.1,1.0,1.4,12,1575.3,0
2019-12-08 19:31:59,3,40,21.0,74,9.9,992.1,2.4,3.1,10,1575.3,0
2019-12-08 19:34:59,3,40,21.0,74,9.9,992.2,2.0,2.7,12,1575.3,0
2019-12-08 19:37:59,3,40,21.0,74,9.9,992.1,1.7,3.1,14,1575.3,0
2019-12-08 19:40:59,3,40,21.0,74,9.9,992.0,1.0,1.4,12,1575.3,0
2019-12-08 19:43:59,3,40,21.0,74,9.9,992.1,2.0,2.4,14,1575.3,0
2019-12-08 19:46:59,3,40,21.0,74,9.9,992.1,1.7,2.4,8,1575.3,0
2019-12-08 19:49:59,3,40,21.0,73,9.9,992.1,1.0,1.7,12,1575.3,0
2019-12-08 19:52:59,3,40,21.0,73,9.9,992.1,1.7,2.0,10,1575.3,0
2019-12-08 19:55:59,3,40,21.0,72,10.0,992.2,3.1,5.8,6,1575.3,0
2019-12-08 19:58:59,3,40,21.1,71,10.0,992.1,1.7,2.4,12,1575.3,0
2019-12-08 20:01:59,3,40,21.1,70,10.0,992.2,1.7,2.0,11,1575.3,0
2019-12-08 20:04:59,3,40,21.1,70,10.0,992.2,1.7,2.7,10,1575.3,0
2019-12-08 20:07:59,3,40,21.1,70,9.9,992.1,2.7,3.4,9,1575.3,0
2019-12-08 20:10:59,3,40,21.1,69,10.0,992.2,1.7,2.7,10,1575.3,0
2019-12-08 20:13:59,3,40,21.1,68,10.0,992.2,2.0,3.1,10,1575.3,0
2019-12-08 20:16:59,3,40,21.1,68,9.9,992.2,1.4,2.4,10,1575.3,0
2019-12-08 20:19:59,3,40,21.1,67,9.9,992.2,2.0,3.1,10,1575.3,0
2019-12-08 20:22:59,3,40,21.1,67,9.8,992.4,1.7,2.0,12,1575.3,0
2019-12-08 20:25:59,3,40,21.1,67,9.8,992.2,1.7,2.4,10,1575.3,0
2019-12-08 20:28:59,3,40,21.1,67,9.7,992.2,2.0,2.7,10,1575.3,0
2019-12-08 20:31:59,3,40,21.1,67,9.6,992.3,2.0,3.4,8,1575.3,0
2019-12-08 20:34:59,3,40,21.1,67,9.6,992.3,1.0,1.7,10,1575.3,0
2019-12-08 20:37:59,3,40,21.1,67,9.5,992.4,1.4,2.0,10,1575.3,0
2019-12-08 20:40:59,3,41,21.1,67,9.4,992.3,1.7,2.4,9,1575.3,0
2019-12-08 20:43:59,3,41,21.0,67,9.4,992.3,1.7,2.0,0,1575.3,0
2019-12-08 20:46:59,3,41,21.1,66,9.3,992.4,2.0,2.7,10,1575.3,0
2019-12-08 20:49:59,3,41,21.1,66,9.3,992.3,2.0,2.7,10,1575.3,0
2019-12-08 20:52:59,3,41,21.1,66,9.2,992.3,0.7,1.4,10,1575.3,0
2019-12-08 20:55:59,3,41,21.1,66,9.2,992.3,1.0,1.4,12,1575.3,0
2019-12-08 20:58:59,3,41,21.1,66,9.0,992.2,1.4,1.4,14,1575.3,0
2019-12-08 21:01:59,3,41,21.1,66,9.0,992.1,1.0,1.4,10,1575.3,0
2019-12-08 21:04:59,3,41,21.1,66,9.0,992.1,1.0,1.4,10,1575.3,0
2019-12-08 21:07:59,3,41,21.1,66,8.9,992.2,1.7,2.4,8,1575.3,0
2019-12-08 21:10:59,3,41,21.1,66,8.9,992.0,1.0,1.4,10,1575.3,0
2019-12-08 21:13:59,3,41,21.1,66,8.8,992.2,1.7,2.0,12,1575.3,0
2019-12-08 21:16:59,3,41,21.1,66,8.7,992.1,0.7,1.0,10,1575.3,0
2019-12-08 21:19:59,3,41,21.1,66,8.7,992.0,0.7,1.0,10,1575.3,0
2019-12-08 21:22:59,3,41,21.1,66,8.6,992.0,1.7,2.7,8,1575.3,0
2019-12-08 21:25:59,3,41,21.1,66,8.6,992.0,0.7,1.4,10,1575.3,0
2019-12-08 21:28:59,3,41,21.1,66,8.5,992.1,0.7,1.4,10,1575.3,0
2019-12-08 21:31:59,3,41,21.1,66,8.5,992.0,1.0,1.7,10,1575.3,0
2019-12-08 21:34:59,3,41,21.1,67,8.4,992.0,0.7,1.4,10,1575.3,0
2019-12-08 21:37:59,3,41,21.1,67,8.3,992.1,0.7,1.0,11,1575.3,0
2019-12-08 21:40:59,3,41,21.1,67,8.3,991.9,0.7,1.0,10,1575.3,0
2019-12-08 21:43:59,3,41,21.0,67,8.2,992.1,1.4,2.0,10,1575.3,0
2019-12-08 21:46:59,3,41,21.1,68,8.2,992.0,1.0,1.4,10,1575.3,0
2019-12-08 21:49:59,3,41,21.0,68,8.1,992.1,1.0,1.4,12,1575.3,0
2019-12-08 21:52:59,3,41,21.0,69,8.1,992.3,1.0,1.4,10,1575.3,0
2019-12-08 21:55:59,3,41,21.0,69,8.1,992.1,0.7,1.0,10,1575.3,0
2019-12-08 21:58:59,3,41,21.0,70,8.1,992.0,0.7,1.0,10,1575.3,0
2019-12-08 22:01:59,3,41,21.0,70,8.0,992.0,0.7,1.0,8,1575.3,0
2019-12-08 22:04:59,3,41,21.0,70,8.0,992.1,0.7,1.0,12,1575.3,0
2019-12-08 22:07:59,3,41,21.0,70,7.9,992.1,1.4,2.0,10,1575.3,0
2019-12-08 22:10:59,3,41,21.0,70,7.9,992.2,1.4,1.7,8,1575.3,0
2019-12-08 22:13:59,3,41,21.0,70,8.0,992.2,1.7,2.0,10,1575.3,0
2019-12-08 22:16:59,3,41,21.0,70,8.1,992.1,1.4,1.7,8,1575.3,0
2019-12-08 22:19:59,3,42,20.9,70,8.2,992.1,1.7,2.4,10,1575.3,0
2019-12-08 22:22:59,3,42,20.9,70,8.2,992.0,1.4,1.7,10,1575.3,0
2019-12-08 22:25:59,3,42,20.9,70,8.2,992.1,0.7,1.0,9,1575.3,0
2019-12-08 22:28:59,3,42,20.9,70,8.2,992.1,1.7,2.4,9,1575.3,0
2019-12-08 22:31:59,3,42,20.9,70,8.2,992.0,1.4,1.7,12,1575.3,0
2019-12-08 22:34:59,3,42,20.9,70,8.1,992.1,1.0,1.4,10,1575.3,0
2019-12-08 22:37:59,3,42,20.9,69,8.2,992.1,1.4,1.7,8,1575.3,0
2019-12-08 22:40:59,3,42,20.9,68,8.2,992.1,1.4,2.0,8,1575.3,0
2019-12-08 22:43:59,3,42,20.9,68,8.2,992.1,1.4,2.0,10,1575.3,0
2019-12-08 22:46:59,3,42,20.8,68,8.3,992.0,1.7,2.0,10,1575.3,0
2019-12-08 22:49:59,3,42,20.8,68,8.3,991.9,2.0,3.4,8,1575.3,0
2019-12-08 22:52:59,3,42,20.7,67,8.3,992.0,1.4,1.7,8,1575.3,0
2019-12-08 22:55:59,3,42,20.7,67,8.3,992.0,1.4,1.7,8,1575.3,0
2019-12-08 22:58:59,3,42,20.7,66,8.3,992.0,1.7,2.0,9,1575.3,0
