2009-08-15 00:12:04,20,49,21.9,81,10.4,1011.8,0.0,0.0,6,448.8,0
2009-08-15 00:32:04,20,49,21.8,82,10.3,1011.7,0.0,0.0,6,448.8,0
2009-08-15 00:52:04,20,49,21.7,82,10.3,1012.0,0.0,0.0,6,448.8,0
2009-08-15 01:12:04,20,49,21.7,82,10.1,1011.9,0.0,0.0,6,448.8,0
2009-08-15 01:32:04,20,49,21.6,83,10.1,1012.0,0.0,0.0,4,448.8,0
2009-08-15 01:52:04,20,49,21.5,83,10.1,1011.7,0.0,0.0,6,448.8,0
2009-08-15 02:12:04,20,49,21.5,83,10.1,1011.5,0.0,0.0,4,448.8,0
2009-08-15 02:32:04,20,49,21.4,83,10.2,1011.5,0.0,0.0,4,448.8,0
2009-08-15 02:52:04,20,49,21.3,83,10.3,1011.4,0.0,0.0,4,448.8,0
2009-08-15 03:12:04,20,49,21.3,83,10.4,1011.3,0.0,0.0,4,448.8,0
2009-08-15 03:32:04,20,49,21.2,83,10.5,1011.0,0.0,0.0,4,448.8,0
2009-08-15 03:52:04,20,49,21.2,83,10.9,1011.2,0.0,0.0,4,448.8,0
2009-08-15 04:12:04,20,49,21.1,83,11.2,1011.2,0.0,0.0,4,448.8,0
2009-08-15 04:32:04,20,50,21.1,83,11.7,1011.3,0.0,0.0,4,448.8,0
2009-08-15 04:52:04,20,49,21.0,83,12.2,1011.2,0.0,0.0,4,448.8,0
2009-08-15 05:12:04,20,50,21.0,82,13.1,1011.1,0.0,0.0,4,448.8,0
2009-08-15 05:32:04,20,50,20.9,81,14.0,1010.9,0.0,0.7,14,448.8,0
2009-08-15 05:52:04,20,50,20.9,79,15.1,1010.9,0.0,0.0,0,448.8,0
2009-08-15 06:12:04,20,50,20.9,75,17.0,1011.0,0.3,1.0,12,448.8,0
2009-08-15 06:32:04,20,50,20.9,64,23.2,1011.0,0.7,1.7,8,448.8,0
2009-08-15 06:52:04,20,50,20.9,49,27.8,1011.0,0.3,1.0,10,448.8,0
2009-08-15 07:12:04,20,51,20.9,41,30.7,1011.0,0.3,1.7,8,448.8,0
2009-08-15 07:32:04,20,51,20.9,38,29.8,1010.8,0.0,0.7,14,448.8,0
2009-08-15 07:52:04,20,51,21.0,43,27.9,1010.8,0.7,1.4,10,448.8,0
2009-08-15 08:12:04,20,52,21.5,38,29.6,1010.9,0.7,1.4,10,448.8,0
2009-08-15 08:32:04,20,51,22.0,32,32.7,1010.5,1.0,1.7,14,448.8,0
2009-08-15 08:52:04,20,50,22.4,33,33.6,1010.6,0.7,1.4,12,448.8,0
2009-08-15 09:12:04,20,50,22.7,32,34.2,1010.5,1.0,2.0,10,448.8,0
2009-08-15 09:32:04,20,50,22.9,31,34.3,1010.4,0.7,1.7,10,448.8,0
2009-08-15 09:52:04,20,49,23.2,29,33.7,1010.3,1.0,2.0,8,448.8,0
2009-08-15 10:12:04,20,49,23.1,30,33.1,1010.2,1.4,3.1,8,448.8,0
2009-08-15 10:32:04,20,49,23.1,33,31.2,1010.0,1.7,2.4,8,448.8,0
2009-08-15 10:52:04,20,49,23.0,37,30.2,1009.9,1.4,2.4,12,448.8,0
2009-08-15 11:12:04,20,50,23.0,34,30.5,1009.9,1.0,1.7,10,448.8,0
2009-08-15 11:32:04,20,50,22.9,33,31.0,1009.8,1.4,2.0,12,448.8,0
2009-08-15 11:52:04,20,50,22.9,32,31.3,1009.8,0.7,1.4,9,448.8,0
2009-08-15 12:12:04,20,50,22.9,30,31.2,1009.6,1.0,2.0,8,448.8,0
2009-08-15 12:32:04,20,50,22.8,31,31.0,1009.6,1.0,2.0,10,448.8,0
2009-08-15 12:52:04,20,51,22.8,31,31.6,1009.4,1.7,2.4,12,448.8,0
2009-08-15 13:12:04,20,51,22.8,31,32.2,1009.1,1.4,2.4,13,448.8,0
2009-08-15 13:32:04,20,51,22.8,32,32.2,1009.0,0.7,1.7,14,448.8,0
2009-08-15 13:52:04,20,51,22.8,30,32.2,1008.9,1.0,2.0,8,448.8,0
2009-08-15 14:12:04,20,51,22.9,31,31.3,1008.7,0.0,1.0,8,448.8,0
2009-08-15 14:32:04,20,51,23.0,31,31.6,1008.5,1.0,1.7,14,448.8,0
2009-08-15 14:52:04,20,51,23.1,29,31.8,1008.3,1.4,3.4,10,448.8,0
2009-08-15 15:12:04,20,51,23.2,31,31.6,1008.1,1.4,2.4,9,448.8,0
2009-08-15 15:32:04,20,51,23.4,31,31.2,1008.2,0.3,1.0,14,448.8,0
2009-08-15 15:52:04,20,51,23.7,32,30.8,1008.0,1.4,2.4,8,448.8,0
2009-08-15 16:12:04,20,51,24.3,35,29.2,1007.9,1.0,3.1,6,448.8,0
2009-08-15 16:32:04,20,51,24.8,36,28.8,1007.8,0.3,1.0,10,448.8,0
2009-08-15 16:52:04,20,51,25.1,36,28.8,1007.6,0.0,0.3,10,448.8,0
2009-08-15 17:12:04,20,50,25.5,37,28.4,1007.5,1.4,2.4,9,448.8,0
2009-08-15 17:32:04,20,49,25.8,38,27.5,1007.3,0.7,1.7,12,448.8,0
2009-08-15 17:52:04,20,49,26.0,42,26.4,1007.4,0.0,0.7,10,448.8,0
2009-08-15 18:12:04,20,48,26.1,46,25.0,1007.4,0.0,0.0,10,448.8,0
2009-08-15 18:32:04,20,48,25.9,53,23.1,1007.3,0.0,0.0,10,448.8,0
2009-08-15 18:52:04,20,48,25.6,57,21.5,1007.3,0.0,0.0,6,448.8,0
2009-08-15 19:12:04,20,48,25.3,61,20.4,1007.5,0.0,0.0,12,448.8,0
2009-08-15 19:32:04,20,48,25.0,63,19.6,1007.5,0.0,0.3,4,448.8,0
2009-08-15 19:52:04,20,49,24.8,64,19.0,1007.6,0.0,0.0,6,448.8,0
2009-08-15 20:12:04,20,50,24.6,67,18.5,1007.6,0.0,0.0,6,448.8,0
2009-08-15 20:32:04,20,50,24.4,68,18.0,1007.6,0.0,0.0,6,448.8,0
2009-08-15 20:52:04,20,50,24.2,70,17.7,1007.7,0.0,0.0,6,448.8,0
2009-08-15 21:12:04,20,50,24.1,70,17.3,1007.7,0.0,0.0,6,448.8,0
2009-08-15 21:32:04,20,50,23.9,72,16.9,1007.7,0.0,0.0,6,448.8,0
2009-08-15 21:52:04,20,51,23.8,72,16.6,1007.7,0.0,0.0,6,448.8,0
2009-08-15 22:12:04,20,50,23.6,73,16.5,1007.6,0.0,0.0,2,448.8,0
2009-08-15 22:32:04,20,51,23.5,74,16.6,1007.7,0.0,0.3,4,448.8,0
2009-08-15 22:52:04,20,51,23.4,74,16.6,1007.5,0.0,0.0,6,448.8,0
2009-08-15 23:12:04,20,51,23.3,75,16.4,1007.5,0.0,0.0,6,448.8,0
2009-08-15 23:32:04,20,51,23.2,75,16.1,1007.3,0.0,0.0,8,448.8,0
2009-08-15 23:52:04,20,51,23.1,76,15.9,1007.3,0.0,0.0,6,448.8,0
